"Longitude (x)","Latitude (y)","Station Name","Climate ID","Date/Time (LST)","Year","Month","Day","Time (LST)","Temp (°C)","Temp Flag","Dew Point Temp (°C)","Dew Point Temp Flag","Rel Hum (%)","Rel Hum Flag","Precip. Amount (mm)","Precip. Amount Flag","Wind Dir (10s deg)","Wind Dir Flag","Wind Spd (km/h)","Wind Spd Flag","Visibility (km)","Visibility Flag","Stn Press (kPa)","Stn Press Flag","Hmdx","Hmdx Flag","Wind Chill","Wind Chill Flag","Weather"
"-111.71","51.13","POLLOCKVILLE AGDM","3025243","2022-11-01 00:00","2022","11","01","00:00","-1.1","","-1.1","","100","","0.0","","9","","5","","","","","M","","","-3","","NA"
"-111.71","51.13","POLLOCKVILLE AGDM","3025243","2022-11-01 01:00","2022","11","01","01:00","-1.9","","-1.9","","100","","0.0","","15","","5","","","","","M","","","-4","","NA"
"-111.71","51.13","POLLOCKVILLE AGDM","3025243","2022-11-01 02:00","2022","11","01","02:00","-3.2","","-3.2","","100","","0.0","","28","","7","","","","","M","","","-6","","NA"
"-111.71","51.13","POLLOCKVILLE AGDM","3025243","2022-11-01 03:00","2022","11","01","03:00","-3.3","","-3.3","","100","","0.0","","24","","2","","","","","M","","","-4","","NA"
"-111.71","51.13","POLLOCKVILLE AGDM","3025243","2022-11-01 04:00","2022","11","01","04:00","-3.7","","-3.7","","100","","0.0","","35","","2","","","","","M","","","-5","","NA"
"-111.71","51.13","POLLOCKVILLE AGDM","3025243","2022-11-01 05:00","2022","11","01","05:00","-5.3","","-5.3","","100","","0.0","","20","","9","","","","","M","","","-9","","NA"
"-111.71","51.13","POLLOCKVILLE AGDM","3025243","2022-11-01 06:00","2022","11","01","06:00","-4.2","","-4.2","","100","","0.0","","22","","10","","","","","M","","","-8","","NA"
"-111.71","51.13","POLLOCKVILLE AGDM","3025243","2022-11-01 07:00","2022","11","01","07:00","-1.8","","-1.8","","100","","0.0","","29","","12","","","","","M","","","-6","","NA"
"-111.71","51.13","POLLOCKVILLE AGDM","3025243","2022-11-01 08:00","2022","11","01","08:00","-1.7","","-1.7","","100","","0.0","","27","","16","","","","","M","","","-7","","NA"
"-111.71","51.13","POLLOCKVILLE AGDM","3025243","2022-11-01 09:00","2022","11","01","09:00","0.5","","-1.2","","89","","0.0","","31","","11","","","","","M","","","","","NA"
"-111.71","51.13","POLLOCKVILLE AGDM","3025243","2022-11-01 10:00","2022","11","01","10:00","1.7","","-2.0","","76","","0.0","","32","","17","","","","","M","","","","","NA"
"-111.71","51.13","POLLOCKVILLE AGDM","3025243","2022-11-01 11:00","2022","11","01","11:00","2.7","","-2.2","","70","","0.0","","33","","15","","","","","M","","","","","NA"
"-111.71","51.13","POLLOCKVILLE AGDM","3025243","2022-11-01 12:00","2022","11","01","12:00","3.4","","-0.9","","74","","0.0","","34","","15","","","","","M","","","","","NA"
"-111.71","51.13","POLLOCKVILLE AGDM","3025243","2022-11-01 13:00","2022","11","01","13:00","3.4","","1.4","","87","","0.0","","35","","19","","","","","M","","","","","NA"
"-111.71","51.13","POLLOCKVILLE AGDM","3025243","2022-11-01 14:00","2022","11","01","14:00","3.1","","3.1","","100","","0.0","","36","","18","","","","","M","","","","","NA"
"-111.71","51.13","POLLOCKVILLE AGDM","3025243","2022-11-01 15:00","2022","11","01","15:00","2.4","","2.4","","100","","1.1","","35","","19","","","","","M","","","","","NA"
"-111.71","51.13","POLLOCKVILLE AGDM","3025243","2022-11-01 16:00","2022","11","01","16:00","1.3","","1.3","","100","","0.8","","36","","19","","","","","M","","","","","NA"
"-111.71","51.13","POLLOCKVILLE AGDM","3025243","2022-11-01 17:00","2022","11","01","17:00","0.8","","0.8","","100","","0.0","","36","","17","","","","","M","","","","","NA"
"-111.71","51.13","POLLOCKVILLE AGDM","3025243","2022-11-01 18:00","2022","11","01","18:00","0.7","","0.7","","100","","0.5","","36","","20","","","","","M","","","","","NA"
"-111.71","51.13","POLLOCKVILLE AGDM","3025243","2022-11-01 19:00","2022","11","01","19:00","0.3","","0.3","","100","","0.4","","35","","19","","","","","M","","","","","NA"
"-111.71","51.13","POLLOCKVILLE AGDM","3025243","2022-11-01 20:00","2022","11","01","20:00","0.2","","0.2","","100","","0.4","","34","","20","","","","","M","","","","","NA"
"-111.71","51.13","POLLOCKVILLE AGDM","3025243","2022-11-01 21:00","2022","11","01","21:00","0.2","","0.2","","100","","0.0","","33","","18","","","","","M","","","","","NA"
"-111.71","51.13","POLLOCKVILLE AGDM","3025243","2022-11-01 22:00","2022","11","01","22:00","0.1","","0.1","","100","","0.0","","33","","20","","","","","M","","","","","NA"
"-111.71","51.13","POLLOCKVILLE AGDM","3025243","2022-11-01 23:00","2022","11","01","23:00","0.2","","0.2","","100","","0.0","","33","","18","","","","","M","","","","","NA"
"-111.71","51.13","POLLOCKVILLE AGDM","3025243","2022-11-02 00:00","2022","11","02","00:00","0.2","","0.2","","100","","0.0","","34","","21","","","","","M","","","","","NA"
"-111.71","51.13","POLLOCKVILLE AGDM","3025243","2022-11-02 01:00","2022","11","02","01:00","0.0","","0.0","","100","","0.0","","34","","23","","","","","M","","","-6","","NA"
"-111.71","51.13","POLLOCKVILLE AGDM","3025243","2022-11-02 02:00","2022","11","02","02:00","-0.4","","-0.4","","100","","0.0","","35","","26","","","","","M","","","-7","","NA"
"-111.71","51.13","POLLOCKVILLE AGDM","3025243","2022-11-02 03:00","2022","11","02","03:00","-0.7","","-0.7","","100","","0.0","","36","","30","","","","","M","","","-7","","NA"
"-111.71","51.13","POLLOCKVILLE AGDM","3025243","2022-11-02 04:00","2022","11","02","04:00","-0.9","","-0.9","","100","","0.0","","35","","29","","","","","M","","","-8","","NA"
"-111.71","51.13","POLLOCKVILLE AGDM","3025243","2022-11-02 05:00","2022","11","02","05:00","-1.2","","-1.2","","100","","0.0","","36","","29","","","","","M","","","-8","","NA"
"-111.71","51.13","POLLOCKVILLE AGDM","3025243","2022-11-02 06:00","2022","11","02","06:00","-1.6","","-1.6","","100","","0.0","","36","","34","","","","","M","","","-9","","NA"
"-111.71","51.13","POLLOCKVILLE AGDM","3025243","2022-11-02 07:00","2022","11","02","07:00","-1.9","","-1.9","","100","","0.0","","36","","31","","","","","M","","","-9","","NA"
"-111.71","51.13","POLLOCKVILLE AGDM","3025243","2022-11-02 08:00","2022","11","02","08:00","-2.1","","-2.1","","100","","0.6","","35","","28","","","","","M","","","-9","","NA"
"-111.71","51.13","POLLOCKVILLE AGDM","3025243","2022-11-02 09:00","2022","11","02","09:00","-2.2","","-2.2","","100","","0.5","","34","","26","","","","","M","","","-9","","NA"
"-111.71","51.13","POLLOCKVILLE AGDM","3025243","2022-11-02 10:00","2022","11","02","10:00","-2.4","","-2.4","","100","","1.0","","34","","31","","","","","M","","","-10","","NA"
"-111.71","51.13","POLLOCKVILLE AGDM","3025243","2022-11-02 11:00","2022","11","02","11:00","-2.6","","-2.6","","100","","0.9","","35","","36","","","","","M","","","-10","","NA"
"-111.71","51.13","POLLOCKVILLE AGDM","3025243","2022-11-02 12:00","2022","11","02","12:00","-2.6","","-2.6","","100","","0.0","","35","","31","","","","","M","","","-10","","NA"
"-111.71","51.13","POLLOCKVILLE AGDM","3025243","2022-11-02 13:00","2022","11","02","13:00","-2.9","","-2.9","","100","","0.0","","35","","39","","","","","M","","","-11","","NA"
"-111.71","51.13","POLLOCKVILLE AGDM","3025243","2022-11-02 14:00","2022","11","02","14:00","-2.5","","-2.5","","100","","0.5","","34","","31","","","","","M","","","-10","","NA"
"-111.71","51.13","POLLOCKVILLE AGDM","3025243","2022-11-02 15:00","2022","11","02","15:00","-3.1","","-3.1","","100","","0.0","","32","","35","","","","","M","","","-11","","NA"
"-111.71","51.13","POLLOCKVILLE AGDM","3025243","2022-11-02 16:00","2022","11","02","16:00","-3.9","","-3.9","","100","","0.0","","32","","38","","","","","M","","","-12","","NA"
"-111.71","51.13","POLLOCKVILLE AGDM","3025243","2022-11-02 17:00","2022","11","02","17:00","-4.5","","-4.5","","100","","0.0","","32","","41","","","","","M","","","-14","","NA"
"-111.71","51.13","POLLOCKVILLE AGDM","3025243","2022-11-02 18:00","2022","11","02","18:00","-4.8","","-4.8","","100","","0.0","","31","","40","","","","","M","","","-14","","NA"
"-111.71","51.13","POLLOCKVILLE AGDM","3025243","2022-11-02 19:00","2022","11","02","19:00","-4.9","","-4.9","","100","","0.0","","31","","37","","","","","M","","","-14","","NA"
"-111.71","51.13","POLLOCKVILLE AGDM","3025243","2022-11-02 20:00","2022","11","02","20:00","-5.1","","-5.1","","100","","0.0","","31","","32","","","","","M","","","-13","","NA"
"-111.71","51.13","POLLOCKVILLE AGDM","3025243","2022-11-02 21:00","2022","11","02","21:00","-5.6","","-5.6","","100","","0.0","","32","","39","","","","","M","","","-15","","NA"
"-111.71","51.13","POLLOCKVILLE AGDM","3025243","2022-11-02 22:00","2022","11","02","22:00","-5.8","","-5.8","","100","","0.0","","32","","35","","","","","M","","","-15","","NA"
"-111.71","51.13","POLLOCKVILLE AGDM","3025243","2022-11-02 23:00","2022","11","02","23:00","-6.3","","-6.4","","100","","0.0","","32","","30","","","","","M","","","-15","","NA"
"-111.71","51.13","POLLOCKVILLE AGDM","3025243","2022-11-03 00:00","2022","11","03","00:00","-6.7","","-6.8","","100","","0.0","","32","","26","","","","","M","","","-15","","NA"
"-111.71","51.13","POLLOCKVILLE AGDM","3025243","2022-11-03 01:00","2022","11","03","01:00","-6.7","","-6.7","","100","","0.0","","32","","19","","","","","M","","","-14","","NA"
"-111.71","51.13","POLLOCKVILLE AGDM","3025243","2022-11-03 02:00","2022","11","03","02:00","-8.1","","-8.1","","100","","0.0","","31","","12","","","","","M","","","-14","","NA"
"-111.71","51.13","POLLOCKVILLE AGDM","3025243","2022-11-03 03:00","2022","11","03","03:00","-12.3","","-12.3","","100","","0.0","","24","","9","","","","","M","","","-18","","NA"
"-111.71","51.13","POLLOCKVILLE AGDM","3025243","2022-11-03 04:00","2022","11","03","04:00","-10.5","","-10.5","","100","","0.0","","28","","8","","","","","M","","","-15","","NA"
"-111.71","51.13","POLLOCKVILLE AGDM","3025243","2022-11-03 05:00","2022","11","03","05:00","-8.6","","-8.6","","100","","0.0","","27","","8","","","","","M","","","-13","","NA"
"-111.71","51.13","POLLOCKVILLE AGDM","3025243","2022-11-03 06:00","2022","11","03","06:00","-7.5","","-7.5","","100","","0.0","","28","","9","","","","","M","","","-12","","NA"
"-111.71","51.13","POLLOCKVILLE AGDM","3025243","2022-11-03 07:00","2022","11","03","07:00","-7.8","","-7.8","","100","","0.0","","27","","7","","","","","M","","","-11","","NA"
"-111.71","51.13","POLLOCKVILLE AGDM","3025243","2022-11-03 08:00","2022","11","03","08:00","-8.5","","-8.5","","100","","0.0","","24","","10","","","","","M","","","-13","","NA"
"-111.71","51.13","POLLOCKVILLE AGDM","3025243","2022-11-03 09:00","2022","11","03","09:00","-8.6","","-8.6","","100","","0.0","","21","","10","","","","","M","","","-14","","NA"
"-111.71","51.13","POLLOCKVILLE AGDM","3025243","2022-11-03 10:00","2022","11","03","10:00","-9.1","","-9.1","","100","","0.0","","19","","12","","","","","M","","","-15","","NA"
"-111.71","51.13","POLLOCKVILLE AGDM","3025243","2022-11-03 11:00","2022","11","03","11:00","-9.5","","-9.5","","100","","0.0","","20","","11","","","","","M","","","-15","","NA"
"-111.71","51.13","POLLOCKVILLE AGDM","3025243","2022-11-03 12:00","2022","11","03","12:00","-9.4","","-9.4","","100","","0.0","","19","","12","","","","","M","","","-15","","NA"
"-111.71","51.13","POLLOCKVILLE AGDM","3025243","2022-11-03 13:00","2022","11","03","13:00","-8.8","","-8.8","","100","","0.0","","16","","12","","","","","M","","","-14","","NA"
"-111.71","51.13","POLLOCKVILLE AGDM","3025243","2022-11-03 14:00","2022","11","03","14:00","-9.5","","-9.5","","100","","0.0","","15","","14","","","","","M","","","-16","","NA"
"-111.71","51.13","POLLOCKVILLE AGDM","3025243","2022-11-03 15:00","2022","11","03","15:00","-10.5","","-10.5","","100","","0.0","","14","","11","","","","","M","","","-16","","NA"
"-111.71","51.13","POLLOCKVILLE AGDM","3025243","2022-11-03 16:00","2022","11","03","16:00","-10.6","","-10.6","","100","","0.0","","13","","7","","","","","M","","","-15","","NA"
"-111.71","51.13","POLLOCKVILLE AGDM","3025243","2022-11-03 17:00","2022","11","03","17:00","-12.8","","-12.8","","100","","0.0","","11","","4","","","","","M","","","-15","","NA"
"-111.71","51.13","POLLOCKVILLE AGDM","3025243","2022-11-03 18:00","2022","11","03","18:00","-14.7","","-14.7","","100","","0.0","","12","","5","","","","","M","","","-18","","NA"
"-111.71","51.13","POLLOCKVILLE AGDM","3025243","2022-11-03 19:00","2022","11","03","19:00","-15.2","","-15.2","","100","","0.4","","8","","5","","","","","M","","","-19","","NA"
"-111.71","51.13","POLLOCKVILLE AGDM","3025243","2022-11-03 20:00","2022","11","03","20:00","-18.7","","-18.8","","100","","0.0","","8","","3","","","","","M","","","-21","","NA"
"-111.71","51.13","POLLOCKVILLE AGDM","3025243","2022-11-03 21:00","2022","11","03","21:00","-19.0","","-19.1","","99","","0.0","","4","","2","","","","","M","","","-21","","NA"
"-111.71","51.13","POLLOCKVILLE AGDM","3025243","2022-11-03 22:00","2022","11","03","22:00","-18.8","","-18.8","","100","","0.0","","","","0","","","","","M","","","","","NA"
"-111.71","51.13","POLLOCKVILLE AGDM","3025243","2022-11-03 23:00","2022","11","03","23:00","-17.9","","-17.9","","100","","0.0","","","","0","","","","","M","","","","","NA"
"-111.71","51.13","POLLOCKVILLE AGDM","3025243","2022-11-04 00:00","2022","11","04","00:00","-17.2","","-17.2","","100","","0.0","","","","0","","","","","M","","","","","NA"
"-111.71","51.13","POLLOCKVILLE AGDM","3025243","2022-11-04 01:00","2022","11","04","01:00","-17.2","","-17.2","","100","","0.0","","","","0","","","","","M","","","","","NA"
"-111.71","51.13","POLLOCKVILLE AGDM","3025243","2022-11-04 02:00","2022","11","04","02:00","-18.1","","-18.1","","100","","0.0","","","","0","","","","","M","","","","","NA"
"-111.71","51.13","POLLOCKVILLE AGDM","3025243","2022-11-04 03:00","2022","11","04","03:00","-18.4","","-18.4","","100","","0.0","","","","0","","","","","M","","","","","NA"
"-111.71","51.13","POLLOCKVILLE AGDM","3025243","2022-11-04 04:00","2022","11","04","04:00","-18.4","","-18.4","","100","","0.0","","","","0","","","","","M","","","","","NA"
"-111.71","51.13","POLLOCKVILLE AGDM","3025243","2022-11-04 05:00","2022","11","04","05:00","-18.2","","-18.3","","100","","0.0","","","","0","","","","","M","","","","","NA"
"-111.71","51.13","POLLOCKVILLE AGDM","3025243","2022-11-04 06:00","2022","11","04","06:00","-18.0","","-18.0","","100","","0.0","","","","0","","","","","M","","","","","NA"
"-111.71","51.13","POLLOCKVILLE AGDM","3025243","2022-11-04 07:00","2022","11","04","07:00","-19.0","","-19.0","","99","","0.0","","","","0","","","","","M","","","","","NA"
"-111.71","51.13","POLLOCKVILLE AGDM","3025243","2022-11-04 08:00","2022","11","04","08:00","-18.4","","-18.4","","100","","0.0","","","","0","","","","","M","","","","","NA"
"-111.71","51.13","POLLOCKVILLE AGDM","3025243","2022-11-04 09:00","2022","11","04","09:00","-15.6","","-15.6","","100","","0.0","","","","0","","","","","M","","","","","NA"
"-111.71","51.13","POLLOCKVILLE AGDM","3025243","2022-11-04 10:00","2022","11","04","10:00","-13.4","","-13.4","","100","","0.0","","","","0","","","","","M","","","","","NA"
"-111.71","51.13","POLLOCKVILLE AGDM","3025243","2022-11-04 11:00","2022","11","04","11:00"
"-111.71","51.13","POLLOCKVILLE AGDM","3025243","2022-11-04 12:00","2022","11","04","12:00"
"-111.71","51.13","POLLOCKVILLE AGDM","3025243","2022-11-04 13:00","2022","11","04","13:00"
"-111.71","51.13","POLLOCKVILLE AGDM","3025243","2022-11-04 14:00","2022","11","04","14:00"
"-111.71","51.13","POLLOCKVILLE AGDM","3025243","2022-11-04 15:00","2022","11","04","15:00"
"-111.71","51.13","POLLOCKVILLE AGDM","3025243","2022-11-04 16:00","2022","11","04","16:00"
"-111.71","51.13","POLLOCKVILLE AGDM","3025243","2022-11-04 17:00","2022","11","04","17:00"
"-111.71","51.13","POLLOCKVILLE AGDM","3025243","2022-11-04 18:00","2022","11","04","18:00"
"-111.71","51.13","POLLOCKVILLE AGDM","3025243","2022-11-04 19:00","2022","11","04","19:00"
"-111.71","51.13","POLLOCKVILLE AGDM","3025243","2022-11-04 20:00","2022","11","04","20:00"
"-111.71","51.13","POLLOCKVILLE AGDM","3025243","2022-11-04 21:00","2022","11","04","21:00"
"-111.71","51.13","POLLOCKVILLE AGDM","3025243","2022-11-04 22:00","2022","11","04","22:00"
"-111.71","51.13","POLLOCKVILLE AGDM","3025243","2022-11-04 23:00","2022","11","04","23:00"
"-111.71","51.13","POLLOCKVILLE AGDM","3025243","2022-11-05 00:00","2022","11","05","00:00"
"-111.71","51.13","POLLOCKVILLE AGDM","3025243","2022-11-05 01:00","2022","11","05","01:00"
"-111.71","51.13","POLLOCKVILLE AGDM","3025243","2022-11-05 02:00","2022","11","05","02:00"
"-111.71","51.13","POLLOCKVILLE AGDM","3025243","2022-11-05 03:00","2022","11","05","03:00"
"-111.71","51.13","POLLOCKVILLE AGDM","3025243","2022-11-05 04:00","2022","11","05","04:00"
"-111.71","51.13","POLLOCKVILLE AGDM","3025243","2022-11-05 05:00","2022","11","05","05:00"
"-111.71","51.13","POLLOCKVILLE AGDM","3025243","2022-11-05 06:00","2022","11","05","06:00"
"-111.71","51.13","POLLOCKVILLE AGDM","3025243","2022-11-05 07:00","2022","11","05","07:00"
"-111.71","51.13","POLLOCKVILLE AGDM","3025243","2022-11-05 08:00","2022","11","05","08:00"
"-111.71","51.13","POLLOCKVILLE AGDM","3025243","2022-11-05 09:00","2022","11","05","09:00"
"-111.71","51.13","POLLOCKVILLE AGDM","3025243","2022-11-05 10:00","2022","11","05","10:00"
"-111.71","51.13","POLLOCKVILLE AGDM","3025243","2022-11-05 11:00","2022","11","05","11:00"
"-111.71","51.13","POLLOCKVILLE AGDM","3025243","2022-11-05 12:00","2022","11","05","12:00"
"-111.71","51.13","POLLOCKVILLE AGDM","3025243","2022-11-05 13:00","2022","11","05","13:00"
"-111.71","51.13","POLLOCKVILLE AGDM","3025243","2022-11-05 14:00","2022","11","05","14:00"
"-111.71","51.13","POLLOCKVILLE AGDM","3025243","2022-11-05 15:00","2022","11","05","15:00"
"-111.71","51.13","POLLOCKVILLE AGDM","3025243","2022-11-05 16:00","2022","11","05","16:00"
"-111.71","51.13","POLLOCKVILLE AGDM","3025243","2022-11-05 17:00","2022","11","05","17:00"
"-111.71","51.13","POLLOCKVILLE AGDM","3025243","2022-11-05 18:00","2022","11","05","18:00"
"-111.71","51.13","POLLOCKVILLE AGDM","3025243","2022-11-05 19:00","2022","11","05","19:00"
"-111.71","51.13","POLLOCKVILLE AGDM","3025243","2022-11-05 20:00","2022","11","05","20:00"
"-111.71","51.13","POLLOCKVILLE AGDM","3025243","2022-11-05 21:00","2022","11","05","21:00"
"-111.71","51.13","POLLOCKVILLE AGDM","3025243","2022-11-05 22:00","2022","11","05","22:00"
"-111.71","51.13","POLLOCKVILLE AGDM","3025243","2022-11-05 23:00","2022","11","05","23:00"
"-111.71","51.13","POLLOCKVILLE AGDM","3025243","2022-11-06 00:00","2022","11","06","00:00"
"-111.71","51.13","POLLOCKVILLE AGDM","3025243","2022-11-06 01:00","2022","11","06","01:00"
"-111.71","51.13","POLLOCKVILLE AGDM","3025243","2022-11-06 02:00","2022","11","06","02:00"
"-111.71","51.13","POLLOCKVILLE AGDM","3025243","2022-11-06 03:00","2022","11","06","03:00"
"-111.71","51.13","POLLOCKVILLE AGDM","3025243","2022-11-06 04:00","2022","11","06","04:00"
"-111.71","51.13","POLLOCKVILLE AGDM","3025243","2022-11-06 05:00","2022","11","06","05:00"
"-111.71","51.13","POLLOCKVILLE AGDM","3025243","2022-11-06 06:00","2022","11","06","06:00"
"-111.71","51.13","POLLOCKVILLE AGDM","3025243","2022-11-06 07:00","2022","11","06","07:00"
"-111.71","51.13","POLLOCKVILLE AGDM","3025243","2022-11-06 08:00","2022","11","06","08:00"
"-111.71","51.13","POLLOCKVILLE AGDM","3025243","2022-11-06 09:00","2022","11","06","09:00"
"-111.71","51.13","POLLOCKVILLE AGDM","3025243","2022-11-06 10:00","2022","11","06","10:00"
"-111.71","51.13","POLLOCKVILLE AGDM","3025243","2022-11-06 11:00","2022","11","06","11:00","-10.3","","-11.7","","89","","0.0","","34","","21","","","","","M","","","-18","","NA"
"-111.71","51.13","POLLOCKVILLE AGDM","3025243","2022-11-06 12:00","2022","11","06","12:00","-10.2","","-11.6","","90","","0.0","","32","","21","","","","","M","","","-18","","NA"
"-111.71","51.13","POLLOCKVILLE AGDM","3025243","2022-11-06 13:00","2022","11","06","13:00","-10.4","","-11.9","","89","","0.0","","33","","21","","","","","M","","","-19","","NA"
"-111.71","51.13","POLLOCKVILLE AGDM","3025243","2022-11-06 14:00","2022","11","06","14:00","-11.1","","-12.9","","87","","0.0","","35","","19","","","","","M","","","-19","","NA"
"-111.71","51.13","POLLOCKVILLE AGDM","3025243","2022-11-06 15:00","2022","11","06","15:00","-11.7","","-13.4","","87","","0.0","","1","","16","","","","","M","","","-19","","NA"
"-111.71","51.13","POLLOCKVILLE AGDM","3025243","2022-11-06 16:00","2022","11","06","16:00","-12.7","","-14.3","","88","","0.0","","1","","14","","","","","M","","","-20","","NA"
"-111.71","51.13","POLLOCKVILLE AGDM","3025243","2022-11-06 17:00","2022","11","06","17:00","-15.0","","-16.0","","92","","0.0","","36","","16","","","","","M","","","-23","","NA"
"-111.71","51.13","POLLOCKVILLE AGDM","3025243","2022-11-06 18:00","2022","11","06","18:00","-13.6","","-14.9","","90","","0.0","","34","","13","","","","","M","","","-21","","NA"
"-111.71","51.13","POLLOCKVILLE AGDM","3025243","2022-11-06 19:00","2022","11","06","19:00","-12.8","","-14.0","","91","","0.0","","1","","15","","","","","M","","","-20","","NA"
"-111.71","51.13","POLLOCKVILLE AGDM","3025243","2022-11-06 20:00","2022","11","06","20:00","-13.1","","-14.7","","88","","0.0","","1","","14","","","","","M","","","-20","","NA"
"-111.71","51.13","POLLOCKVILLE AGDM","3025243","2022-11-06 21:00","2022","11","06","21:00","-13.8","","-15.1","","90","","0.0","","5","","20","","","","","M","","","-23","","NA"
"-111.71","51.13","POLLOCKVILLE AGDM","3025243","2022-11-06 22:00","2022","11","06","22:00","-13.9","","-15.5","","88","","0.0","","2","","17","","","","","M","","","-22","","NA"
"-111.71","51.13","POLLOCKVILLE AGDM","3025243","2022-11-06 23:00","2022","11","06","23:00","-14.0","","-15.7","","87","","0.0","","3","","21","","","","","M","","","-23","","NA"
"-111.71","51.13","POLLOCKVILLE AGDM","3025243","2022-11-07 00:00","2022","11","07","00:00","-14.2","","-15.4","","91","","0.0","","3","","19","","","","","M","","","-23","","NA"
"-111.71","51.13","POLLOCKVILLE AGDM","3025243","2022-11-07 01:00","2022","11","07","01:00","-14.2","","-15.6","","89","","0.0","","5","","22","","","","","M","","","-24","","NA"
"-111.71","51.13","POLLOCKVILLE AGDM","3025243","2022-11-07 02:00","2022","11","07","02:00","-14.5","","-16.1","","88","","0.0","","6","","21","","","","","M","","","-24","","NA"
"-111.71","51.13","POLLOCKVILLE AGDM","3025243","2022-11-07 03:00","2022","11","07","03:00","-14.6","","-15.6","","92","","0.0","","4","","18","","","","","M","","","-23","","NA"
"-111.71","51.13","POLLOCKVILLE AGDM","3025243","2022-11-07 04:00","2022","11","07","04:00","-14.2","","-14.6","","97","","0.4","","6","","19","","","","","M","","","-23","","NA"
"-111.71","51.13","POLLOCKVILLE AGDM","3025243","2022-11-07 05:00","2022","11","07","05:00","-13.7","","-13.9","","99","","0.0","","7","","20","","","","","M","","","-23","","NA"
"-111.71","51.13","POLLOCKVILLE AGDM","3025243","2022-11-07 06:00","2022","11","07","06:00","-13.7","","-13.9","","98","","0.0","","6","","22","","","","","M","","","-23","","NA"
"-111.71","51.13","POLLOCKVILLE AGDM","3025243","2022-11-07 07:00","2022","11","07","07:00","-13.6","","-13.6","","100","","0.0","","7","","24","","","","","M","","","-23","","NA"
"-111.71","51.13","POLLOCKVILLE AGDM","3025243","2022-11-07 08:00","2022","11","07","08:00","-13.4","","-13.4","","100","","0.0","","7","","23","","","","","M","","","-23","","NA"
"-111.71","51.13","POLLOCKVILLE AGDM","3025243","2022-11-07 09:00","2022","11","07","09:00","-13.2","","-13.2","","100","","0.5","","6","","20","","","","","M","","","-22","","NA"
"-111.71","51.13","POLLOCKVILLE AGDM","3025243","2022-11-07 10:00","2022","11","07","10:00","-12.5","","-12.5","","100","","0.0","","5","","23","","","","","M","","","-22","","NA"
"-111.71","51.13","POLLOCKVILLE AGDM","3025243","2022-11-07 11:00","2022","11","07","11:00","-11.8","","-11.9","","100","","0.6","","7","","30","","","","","M","","","-22","","NA"
"-111.71","51.13","POLLOCKVILLE AGDM","3025243","2022-11-07 12:00","2022","11","07","12:00","-11.9","","-11.9","","100","","0.0","","6","","32","","","","","M","","","-22","","NA"
"-111.71","51.13","POLLOCKVILLE AGDM","3025243","2022-11-07 13:00","2022","11","07","13:00","-11.8","","-11.8","","100","","0.5","","6","","38","","","","","M","","","-23","","NA"
"-111.71","51.13","POLLOCKVILLE AGDM","3025243","2022-11-07 14:00","2022","11","07","14:00","-12.4","","-12.4","","100","","0.0","","7","","38","","","","","M","","","-24","","NA"
"-111.71","51.13","POLLOCKVILLE AGDM","3025243","2022-11-07 15:00","2022","11","07","15:00","-12.6","","-12.7","","99","","0.0","","7","","30","","","","","M","","","-23","","NA"
"-111.71","51.13","POLLOCKVILLE AGDM","3025243","2022-11-07 16:00","2022","11","07","16:00","-12.9","","-12.9","","99","","0.0","","6","","27","","","","","M","","","-23","","NA"
"-111.71","51.13","POLLOCKVILLE AGDM","3025243","2022-11-07 17:00","2022","11","07","17:00","-12.7","","-12.7","","100","","0.7","","5","","24","","","","","M","","","-22","","NA"
"-111.71","51.13","POLLOCKVILLE AGDM","3025243","2022-11-07 18:00","2022","11","07","18:00","-12.9","","-12.9","","100","","0.6","","2","","18","","","","","M","","","-21","","NA"
"-111.71","51.13","POLLOCKVILLE AGDM","3025243","2022-11-07 19:00","2022","11","07","19:00","-13.3","","-13.3","","100","","0.0","","1","","24","","","","","M","","","-23","","NA"
"-111.71","51.13","POLLOCKVILLE AGDM","3025243","2022-11-07 20:00","2022","11","07","20:00","-13.7","","-13.7","","100","","0.0","","36","","22","","","","","M","","","-23","","NA"
"-111.71","51.13","POLLOCKVILLE AGDM","3025243","2022-11-07 21:00","2022","11","07","21:00","-15.8","","-15.8","","100","","0.0","","34","","23","","","","","M","","","-26","","NA"
"-111.71","51.13","POLLOCKVILLE AGDM","3025243","2022-11-07 22:00","2022","11","07","22:00","-15.4","","-15.4","","100","","0.0","","34","","27","","","","","M","","","-26","","NA"
"-111.71","51.13","POLLOCKVILLE AGDM","3025243","2022-11-07 23:00","2022","11","07","23:00","-17.4","","-17.5","","99","","0.0","","33","","26","","","","","M","","","-28","","NA"
"-111.71","51.13","POLLOCKVILLE AGDM","3025243","2022-11-08 00:00","2022","11","08","00:00","-18.9","","-19.1","","98","","0.0","","33","","26","","","","","M","","","-30","","NA"
"-111.71","51.13","POLLOCKVILLE AGDM","3025243","2022-11-08 01:00","2022","11","08","01:00","-21.7","","-22.3","","95","","0.0","","32","","22","","","","","M","","","-33","","NA"
"-111.71","51.13","POLLOCKVILLE AGDM","3025243","2022-11-08 02:00","2022","11","08","02:00","-22.6","","-23.5","","92","","0.0","","31","","24","","","","","M","","","-35","","NA"
"-111.71","51.13","POLLOCKVILLE AGDM","3025243","2022-11-08 03:00","2022","11","08","03:00","-23.4","","-24.5","","90","","0.0","","32","","21","","","","","M","","","-35","","NA"
"-111.71","51.13","POLLOCKVILLE AGDM","3025243","2022-11-08 04:00","2022","11","08","04:00","-24.1","","-25.3","","89","","0.0","","32","","18","","","","","M","","","-35","","NA"
"-111.71","51.13","POLLOCKVILLE AGDM","3025243","2022-11-08 05:00","2022","11","08","05:00","-25.4","","-26.9","","87","","0.0","","31","","18","","","","","M","","","-37","","NA"
"-111.71","51.13","POLLOCKVILLE AGDM","3025243","2022-11-08 06:00","2022","11","08","06:00","-25.9","","-27.5","","86","","0.0","","29","","3","","","","","M","","","-29","","NA"
"-111.71","51.13","POLLOCKVILLE AGDM","3025243","2022-11-08 07:00","2022","11","08","07:00","-27.4","","-29.3","","83","","0.0","","24","","6","","","","","M","","","-34","","NA"
"-111.71","51.13","POLLOCKVILLE AGDM","3025243","2022-11-08 08:00","2022","11","08","08:00","-26.8","","-28.8","","84","","0.0","","25","","8","","","","","M","","","-34","","NA"
"-111.71","51.13","POLLOCKVILLE AGDM","3025243","2022-11-08 09:00","2022","11","08","09:00","-26.0","","-27.9","","84","","0.0","","28","","14","","","","","M","","","-36","","NA"
"-111.71","51.13","POLLOCKVILLE AGDM","3025243","2022-11-08 10:00","2022","11","08","10:00","-23.0","","-24.2","","90","","0.0","","30","","10","","","","","M","","","-31","","NA"
"-111.71","51.13","POLLOCKVILLE AGDM","3025243","2022-11-08 11:00","2022","11","08","11:00","-20.2","","-20.8","","95","","0.0","","33","","8","","","","","M","","","-26","","NA"
"-111.71","51.13","POLLOCKVILLE AGDM","3025243","2022-11-08 12:00","2022","11","08","12:00","-18.9","","-19.6","","94","","0.0","","30","","8","","","","","M","","","-25","","NA"
"-111.71","51.13","POLLOCKVILLE AGDM","3025243","2022-11-08 13:00","2022","11","08","13:00","-18.3","","-19.4","","91","","0.0","","31","","7","","","","","M","","","-24","","NA"
"-111.71","51.13","POLLOCKVILLE AGDM","3025243","2022-11-08 14:00","2022","11","08","14:00","-18.8","","-20.0","","90","","0.0","","30","","11","","","","","M","","","-26","","NA"
"-111.71","51.13","POLLOCKVILLE AGDM","3025243","2022-11-08 15:00","2022","11","08","15:00","-18.4","","-20.7","","82","","0.0","","27","","8","","","","","M","","","-24","","NA"
"-111.71","51.13","POLLOCKVILLE AGDM","3025243","2022-11-08 16:00","2022","11","08","16:00","-20.2","","-21.7","","88","","0.0","","30","","8","","","","","M","","","-26","","NA"
"-111.71","51.13","POLLOCKVILLE AGDM","3025243","2022-11-08 17:00","2022","11","08","17:00","-23.0","","-24.3","","89","","0.0","","26","","7","","","","","M","","","-29","","NA"
"-111.71","51.13","POLLOCKVILLE AGDM","3025243","2022-11-08 18:00","2022","11","08","18:00","-24.8","","-26.3","","87","","0.0","","26","","11","","","","","M","","","-33","","NA"
"-111.71","51.13","POLLOCKVILLE AGDM","3025243","2022-11-08 19:00","2022","11","08","19:00","-25.8","","-27.5","","85","","0.0","","27","","11","","","","","M","","","-35","","NA"
"-111.71","51.13","POLLOCKVILLE AGDM","3025243","2022-11-08 20:00","2022","11","08","20:00","-24.8","","-25.9","","90","","0.0","","29","","7","","","","","M","","","-31","","NA"
"-111.71","51.13","POLLOCKVILLE AGDM","3025243","2022-11-08 21:00","2022","11","08","21:00","-26.4","","-28.5","","83","","0.0","","28","","3","","","","","M","","","-29","","NA"
"-111.71","51.13","POLLOCKVILLE AGDM","3025243","2022-11-08 22:00","2022","11","08","22:00","-27.4","","-29.6","","82","","0.0","","36","","6","","","","","M","","","-34","","NA"
"-111.71","51.13","POLLOCKVILLE AGDM","3025243","2022-11-08 23:00","2022","11","08","23:00","-29.3","","-32.1","","77","","0.0","","34","","10","","","","","M","","","-38","","NA"
"-111.71","51.13","POLLOCKVILLE AGDM","3025243","2022-11-09 00:00","2022","11","09","00:00","-29.6","","-32.5","","76","","0.0","","1","","7","","","","","M","","","-37","","NA"
"-111.71","51.13","POLLOCKVILLE AGDM","3025243","2022-11-09 01:00","2022","11","09","01:00","-30.5","","-33.5","","75","","0.0","","4","","5","","","","","M","","","-36","","NA"
"-111.71","51.13","POLLOCKVILLE AGDM","3025243","2022-11-09 02:00","2022","11","09","02:00","-31.1","","-34.3","","73","","0.0","","","","0","","","","","M","","","","","NA"
"-111.71","51.13","POLLOCKVILLE AGDM","3025243","2022-11-09 03:00","2022","11","09","03:00","-31.4","","-34.6","","73","","0.0","","28","","2","","","","","M","","","-34","","NA"
"-111.71","51.13","POLLOCKVILLE AGDM","3025243","2022-11-09 04:00","2022","11","09","04:00","-30.4","","-33.4","","75","","0.0","","36","","6","","","","","M","","","-37","","NA"
"-111.71","51.13","POLLOCKVILLE AGDM","3025243","2022-11-09 05:00","2022","11","09","05:00","-29.5","","-32.3","","77","","0.0","","6","","3","","","","","M","","","-33","","NA"
"-111.71","51.13","POLLOCKVILLE AGDM","3025243","2022-11-09 06:00","2022","11","09","06:00","-28.7","","-31.4","","78","","0.0","","3","","2","","","","","M","","","-31","","NA"
"-111.71","51.13","POLLOCKVILLE AGDM","3025243","2022-11-09 07:00","2022","11","09","07:00","-28.1","","-30.7","","79","","0.0","","5","","4","","","","","M","","","-32","","NA"
"-111.71","51.13","POLLOCKVILLE AGDM","3025243","2022-11-09 08:00","2022","11","09","08:00","-27.5","","-30.0","","79","","0.0","","5","","3","","","","","M","","","-31","","NA"
"-111.71","51.13","POLLOCKVILLE AGDM","3025243","2022-11-09 09:00","2022","11","09","09:00","-26.5","","-28.8","","81","","0.0","","11","","1","","","","","M","","","-28","","NA"
"-111.71","51.13","POLLOCKVILLE AGDM","3025243","2022-11-09 10:00","2022","11","09","10:00","-25.4","","-27.4","","83","","0.0","","32","","1","","","","","M","","","-26","","NA"
"-111.71","51.13","POLLOCKVILLE AGDM","3025243","2022-11-09 11:00","2022","11","09","11:00","-25.1","","-27.1","","84","","0.0","","36","","5","","","","","M","","","-30","","NA"
"-111.71","51.13","POLLOCKVILLE AGDM","3025243","2022-11-09 12:00","2022","11","09","12:00","-23.8","","-25.4","","87","","0.0","","1","","5","","","","","M","","","-29","","NA"
"-111.71","51.13","POLLOCKVILLE AGDM","3025243","2022-11-09 13:00","2022","11","09","13:00","-21.9","","-22.9","","92","","0.0","","4","","3","","","","","M","","","-25","","NA"
"-111.71","51.13","POLLOCKVILLE AGDM","3025243","2022-11-09 14:00","2022","11","09","14:00","-20.4","","-21.0","","96","","0.0","","2","","3","","","","","M","","","-23","","NA"
"-111.71","51.13","POLLOCKVILLE AGDM","3025243","2022-11-09 15:00","2022","11","09","15:00","-20.0","","-20.3","","97","","0.0","","7","","2","","","","","M","","","-22","","NA"
"-111.71","51.13","POLLOCKVILLE AGDM","3025243","2022-11-09 16:00","2022","11","09","16:00","-19.7","","-20.0","","98","","0.0","","11","","2","","","","","M","","","-21","","NA"
"-111.71","51.13","POLLOCKVILLE AGDM","3025243","2022-11-09 17:00","2022","11","09","17:00","-19.1","","-19.2","","99","","0.0","","9","","3","","","","","M","","","-22","","NA"
"-111.71","51.13","POLLOCKVILLE AGDM","3025243","2022-11-09 18:00","2022","11","09","18:00","-18.5","","-18.6","","99","","0.0","","14","","5","","","","","M","","","-23","","NA"
"-111.71","51.13","POLLOCKVILLE AGDM","3025243","2022-11-09 19:00","2022","11","09","19:00","-18.1","","-18.2","","100","","0.0","","15","","9","","","","","M","","","-24","","NA"
"-111.71","51.13","POLLOCKVILLE AGDM","3025243","2022-11-09 20:00","2022","11","09","20:00","-20.6","","-20.9","","97","","0.0","","14","","8","","","","","M","","","-27","","NA"
"-111.71","51.13","POLLOCKVILLE AGDM","3025243","2022-11-09 21:00","2022","11","09","21:00","-22.0","","-22.8","","93","","0.0","","14","","4","","","","","M","","","-26","","NA"
"-111.71","51.13","POLLOCKVILLE AGDM","3025243","2022-11-09 22:00","2022","11","09","22:00","-23.6","","-24.9","","89","","0.0","","13","","2","","","","","M","","","-26","","NA"
"-111.71","51.13","POLLOCKVILLE AGDM","3025243","2022-11-09 23:00","2022","11","09","23:00","-23.8","","-25.0","","90","","0.0","","12","","4","","","","","M","","","-28","","NA"
"-111.71","51.13","POLLOCKVILLE AGDM","3025243","2022-11-10 00:00","2022","11","10","00:00","-24.7","","-26.3","","87","","0.0","","13","","4","","","","","M","","","-29","","NA"
"-111.71","51.13","POLLOCKVILLE AGDM","3025243","2022-11-10 01:00","2022","11","10","01:00","-25.2","","-26.9","","86","","0.0","","10","","5","","","","","M","","","-30","","NA"
"-111.71","51.13","POLLOCKVILLE AGDM","3025243","2022-11-10 02:00","2022","11","10","02:00","-25.7","","-27.5","","85","","0.0","","7","","4","","","","","M","","","-30","","NA"
"-111.71","51.13","POLLOCKVILLE AGDM","3025243","2022-11-10 03:00","2022","11","10","03:00","-26.4","","-28.4","","83","","0.0","","12","","2","","","","","M","","","-28","","NA"
"-111.71","51.13","POLLOCKVILLE AGDM","3025243","2022-11-10 04:00","2022","11","10","04:00","-27.5","","-29.8","","81","","0.0","","11","","2","","","","","M","","","-30","","NA"
"-111.71","51.13","POLLOCKVILLE AGDM","3025243","2022-11-10 05:00","2022","11","10","05:00","-26.6","","-28.6","","83","","0.0","","11","","3","","","","","M","","","-30","","NA"
"-111.71","51.13","POLLOCKVILLE AGDM","3025243","2022-11-10 06:00","2022","11","10","06:00","-26.6","","-28.7","","83","","0.0","","9","","1","","","","","M","","","-28","","NA"
"-111.71","51.13","POLLOCKVILLE AGDM","3025243","2022-11-10 07:00","2022","11","10","07:00","-27.3","","-29.6","","81","","0.0","","9","","2","","","","","M","","","-29","","NA"
"-111.71","51.13","POLLOCKVILLE AGDM","3025243","2022-11-10 08:00","2022","11","10","08:00","-27.5","","-29.8","","81","","0.0","","12","","2","","","","","M","","","-30","","NA"
"-111.71","51.13","POLLOCKVILLE AGDM","3025243","2022-11-10 09:00","2022","11","10","09:00","-25.5","","-27.3","","85","","0.0","","8","","1","","","","","M","","","-27","","NA"
"-111.71","51.13","POLLOCKVILLE AGDM","3025243","2022-11-10 10:00","2022","11","10","10:00","-23.7","","-25.0","","89","","0.0","","10","","3","","","","","M","","","-27","","NA"
"-111.71","51.13","POLLOCKVILLE AGDM","3025243","2022-11-10 11:00","2022","11","10","11:00","-21.4","","-22.1","","94","","0.0","","12","","4","","","","","M","","","-25","","NA"
"-111.71","51.13","POLLOCKVILLE AGDM","3025243","2022-11-10 12:00","2022","11","10","12:00","-20.7","","-21.3","","95","","0.0","","9","","5","","","","","M","","","-25","","NA"
"-111.71","51.13","POLLOCKVILLE AGDM","3025243","2022-11-10 13:00","2022","11","10","13:00","-20.0","","-20.4","","97","","0.0","","13","","5","","","","","M","","","-24","","NA"
"-111.71","51.13","POLLOCKVILLE AGDM","3025243","2022-11-10 14:00","2022","11","10","14:00","-19.5","","-20.0","","96","","0.0","","25","","4","","","","","M","","","-23","","NA"
"-111.71","51.13","POLLOCKVILLE AGDM","3025243","2022-11-10 15:00","2022","11","10","15:00","-17.7","","-17.9","","98","","0.0","","0","","1","","","","","M","","","-18","","NA"
"-111.71","51.13","POLLOCKVILLE AGDM","3025243","2022-11-10 16:00","2022","11","10","16:00","-20.3","","-20.8","","96","","0.0","","6","","6","","","","","M","","","-25","","NA"
"-111.71","51.13","POLLOCKVILLE AGDM","3025243","2022-11-10 17:00","2022","11","10","17:00","-21.5","","-22.2","","94","","0.0","","9","","6","","","","","M","","","-27","","NA"
"-111.71","51.13","POLLOCKVILLE AGDM","3025243","2022-11-10 18:00","2022","11","10","18:00","-23.9","","-25.1","","89","","0.0","","10","","2","","","","","M","","","-26","","NA"
"-111.71","51.13","POLLOCKVILLE AGDM","3025243","2022-11-10 19:00","2022","11","10","19:00","-26.1","","-28.0","","84","","0.0","","36","","5","","","","","M","","","-31","","NA"
"-111.71","51.13","POLLOCKVILLE AGDM","3025243","2022-11-10 20:00","2022","11","10","20:00","-25.9","","-27.8","","84","","0.0","","4","","5","","","","","M","","","-31","","NA"
"-111.71","51.13","POLLOCKVILLE AGDM","3025243","2022-11-10 21:00","2022","11","10","21:00","-25.1","","-26.9","","85","","0.0","","4","","6","","","","","M","","","-31","","NA"
"-111.71","51.13","POLLOCKVILLE AGDM","3025243","2022-11-10 22:00","2022","11","10","22:00","-25.9","","-27.7","","84","","0.0","","6","","4","","","","","M","","","-30","","NA"
"-111.71","51.13","POLLOCKVILLE AGDM","3025243","2022-11-10 23:00","2022","11","10","23:00","-27.7","","-30.1","","80","","0.0","","32","","6","","","","","M","","","-34","","NA"
"-111.71","51.13","POLLOCKVILLE AGDM","3025243","2022-11-11 00:00","2022","11","11","00:00","-26.9","","-29.1","","82","","0.0","","5","","1","","","","","M","","","-28","","NA"
"-111.71","51.13","POLLOCKVILLE AGDM","3025243","2022-11-11 01:00","2022","11","11","01:00","-27.5","","-29.8","","81","","0.0","","0","","1","","","","","M","","","-29","","NA"
"-111.71","51.13","POLLOCKVILLE AGDM","3025243","2022-11-11 02:00","2022","11","11","02:00","-27.9","","-30.1","","81","","0.0","","27","","4","","","","","M","","","-32","","NA"
"-111.71","51.13","POLLOCKVILLE AGDM","3025243","2022-11-11 03:00","2022","11","11","03:00","-28.9","","-31.5","","78","","0.0","","13","","1","","","","","M","","","-30","","NA"
"-111.71","51.13","POLLOCKVILLE AGDM","3025243","2022-11-11 04:00","2022","11","11","04:00","-28.5","","-30.9","","79","","0.0","","26","","2","","","","","M","","","-31","","NA"
"-111.71","51.13","POLLOCKVILLE AGDM","3025243","2022-11-11 05:00","2022","11","11","05:00","-28.7","","-31.3","","79","","0.0","","","","0","","","","","M","","","","","NA"
"-111.71","51.13","POLLOCKVILLE AGDM","3025243","2022-11-11 06:00","2022","11","11","06:00","-28.3","","-30.8","","79","","0.0","","0","","1","","","","","M","","","-29","","NA"
"-111.71","51.13","POLLOCKVILLE AGDM","3025243","2022-11-11 07:00","2022","11","11","07:00","-27.8","","-30.1","","80","","0.0","","22","","2","","","","","M","","","-30","","NA"
"-111.71","51.13","POLLOCKVILLE AGDM","3025243","2022-11-11 08:00","2022","11","11","08:00","-27.2","","-29.5","","81","","0.0","","23","","3","","","","","M","","","-30","","NA"
"-111.71","51.13","POLLOCKVILLE AGDM","3025243","2022-11-11 09:00","2022","11","11","09:00","-23.3","","-24.5","","90","","0.0","","","","0","","","","","M","","","","","NA"
"-111.71","51.13","POLLOCKVILLE AGDM","3025243","2022-11-11 10:00","2022","11","11","10:00","-20.7","","-21.4","","94","","0.0","","","","0","","","","","M","","","","","NA"
"-111.71","51.13","POLLOCKVILLE AGDM","3025243","2022-11-11 11:00","2022","11","11","11:00","-20.8","","-21.9","","91","","0.0","","8","","4","","","","","M","","","-24","","NA"
"-111.71","51.13","POLLOCKVILLE AGDM","3025243","2022-11-11 12:00","2022","11","11","12:00","-19.8","","-21.5","","86","","0.0","","18","","5","","","","","M","","","-24","","NA"
"-111.71","51.13","POLLOCKVILLE AGDM","3025243","2022-11-11 13:00","2022","11","11","13:00","-18.0","","-21.0","","77","","0.0","","17","","3","","","","","M","","","-20","","NA"
"-111.71","51.13","POLLOCKVILLE AGDM","3025243","2022-11-11 14:00","2022","11","11","14:00","-15.3","","-20.1","","67","","0.0","","0","","1","","","","","M","","","-16","","NA"
"-111.71","51.13","POLLOCKVILLE AGDM","3025243","2022-11-11 15:00","2022","11","11","15:00","-16.5","","-20.7","","70","","0.0","","18","","2","","","","","M","","","-18","","NA"
"-111.71","51.13","POLLOCKVILLE AGDM","3025243","2022-11-11 16:00","2022","11","11","16:00","-17.6","","-20.6","","77","","0.0","","11","","3","","","","","M","","","-20","","NA"
"-111.71","51.13","POLLOCKVILLE AGDM","3025243","2022-11-11 17:00","2022","11","11","17:00","-20.7","","-22.0","","90","","0.0","","10","","5","","","","","M","","","-25","","NA"
"-111.71","51.13","POLLOCKVILLE AGDM","3025243","2022-11-11 18:00","2022","11","11","18:00","-22.4","","-23.3","","93","","0.0","","7","","2","","","","","M","","","-24","","NA"
"-111.71","51.13","POLLOCKVILLE AGDM","3025243","2022-11-11 19:00","2022","11","11","19:00","-22.4","","-23.3","","92","","0.0","","0","","1","","","","","M","","","-23","","NA"
"-111.71","51.13","POLLOCKVILLE AGDM","3025243","2022-11-11 20:00","2022","11","11","20:00","-23.4","","-24.8","","89","","0.0","","7","","2","","","","","M","","","-25","","NA"
"-111.71","51.13","POLLOCKVILLE AGDM","3025243","2022-11-11 21:00","2022","11","11","21:00","-22.2","","-22.9","","94","","0.0","","6","","6","","","","","M","","","-28","","NA"
"-111.71","51.13","POLLOCKVILLE AGDM","3025243","2022-11-11 22:00","2022","11","11","22:00","-23.2","","-24.5","","90","","0.0","","7","","5","","","","","M","","","-28","","NA"
"-111.71","51.13","POLLOCKVILLE AGDM","3025243","2022-11-11 23:00","2022","11","11","23:00","-23.6","","-24.9","","89","","0.0","","7","","4","","","","","M","","","-27","","NA"
"-111.71","51.13","POLLOCKVILLE AGDM","3025243","2022-11-12 00:00","2022","11","12","00:00","-23.1","","-23.9","","93","","0.0","","7","","5","","","","","M","","","-28","","NA"
"-111.71","51.13","POLLOCKVILLE AGDM","3025243","2022-11-12 01:00","2022","11","12","01:00","-23.2","","-24.4","","90","","0.0","","6","","4","","","","","M","","","-27","","NA"
"-111.71","51.13","POLLOCKVILLE AGDM","3025243","2022-11-12 02:00","2022","11","12","02:00","-21.6","","-22.3","","94","","0.0","","2","","7","","","","","M","","","-28","","NA"
"-111.71","51.13","POLLOCKVILLE AGDM","3025243","2022-11-12 03:00","2022","11","12","03:00","-21.4","","-22.2","","93","","0.0","","5","","5","","","","","M","","","-26","","NA"
"-111.71","51.13","POLLOCKVILLE AGDM","3025243","2022-11-12 04:00","2022","11","12","04:00","-21.5","","-22.2","","95","","0.0","","11","","3","","","","","M","","","-24","","NA"
"-111.71","51.13","POLLOCKVILLE AGDM","3025243","2022-11-12 05:00","2022","11","12","05:00","-22.1","","-22.8","","94","","0.0","","5","","6","","","","","M","","","-27","","NA"
"-111.71","51.13","POLLOCKVILLE AGDM","3025243","2022-11-12 06:00","2022","11","12","06:00","-22.5","","-23.5","","92","","0.0","","1","","8","","","","","M","","","-29","","NA"
"-111.71","51.13","POLLOCKVILLE AGDM","3025243","2022-11-12 07:00","2022","11","12","07:00","-21.4","","-21.9","","96","","0.0","","15","","2","","","","","M","","","-23","","NA"
"-111.71","51.13","POLLOCKVILLE AGDM","3025243","2022-11-12 08:00","2022","11","12","08:00","-19.5","","-19.8","","98","","0.0","","12","","4","","","","","M","","","-23","","NA"
"-111.71","51.13","POLLOCKVILLE AGDM","3025243","2022-11-12 09:00","2022","11","12","09:00","-18.0","","-18.2","","99","","0.0","","9","","5","","","","","M","","","-22","","NA"
"-111.71","51.13","POLLOCKVILLE AGDM","3025243","2022-11-12 10:00","2022","11","12","10:00","-16.3","","-16.5","","98","","0.0","","28","","4","","","","","M","","","-19","","NA"
"-111.71","51.13","POLLOCKVILLE AGDM","3025243","2022-11-12 11:00","2022","11","12","11:00","-15.0","","-15.6","","96","","0.0","","24","","6","","","","","M","","","-19","","NA"
"-111.71","51.13","POLLOCKVILLE AGDM","3025243","2022-11-12 12:00","2022","11","12","12:00","-12.8","","-13.3","","96","","0.0","","28","","3","","","","","M","","","-15","","NA"
"-111.71","51.13","POLLOCKVILLE AGDM","3025243","2022-11-12 13:00","2022","11","12","13:00","-11.8","","-13.0","","90","","0.0","","30","","2","","","","","M","","","-13","","NA"
"-111.71","51.13","POLLOCKVILLE AGDM","3025243","2022-11-12 14:00","2022","11","12","14:00","-11.4","","-12.5","","92","","0.0","","21","","4","","","","","M","","","-14","","NA"
"-111.71","51.13","POLLOCKVILLE AGDM","3025243","2022-11-12 15:00","2022","11","12","15:00","-11.0","","-11.2","","98","","0.0","","23","","7","","","","","M","","","-15","","NA"
"-111.71","51.13","POLLOCKVILLE AGDM","3025243","2022-11-12 16:00","2022","11","12","16:00","-10.4","","-10.4","","100","","0.0","","21","","6","","","","","M","","","-14","","NA"
"-111.71","51.13","POLLOCKVILLE AGDM","3025243","2022-11-12 17:00","2022","11","12","17:00","-9.4","","-9.4","","100","","0.4","","21","","7","","","","","M","","","-13","","NA"
"-111.71","51.13","POLLOCKVILLE AGDM","3025243","2022-11-12 18:00","2022","11","12","18:00","-7.8","","-7.8","","100","","0.0","","22","","9","","","","","M","","","-12","","NA"
"-111.71","51.13","POLLOCKVILLE AGDM","3025243","2022-11-12 19:00","2022","11","12","19:00","-6.1","","-6.1","","100","","0.0","","20","","10","","","","","M","","","-11","","NA"
"-111.71","51.13","POLLOCKVILLE AGDM","3025243","2022-11-12 20:00","2022","11","12","20:00","-8.5","","-8.5","","100","","0.0","","25","","10","","","","","M","","","-13","","NA"
"-111.71","51.13","POLLOCKVILLE AGDM","3025243","2022-11-12 21:00","2022","11","12","21:00","-4.6","","-4.6","","100","","0.0","","30","","12","","","","","M","","","-9","","NA"
"-111.71","51.13","POLLOCKVILLE AGDM","3025243","2022-11-12 22:00","2022","11","12","22:00","-5.6","","-5.6","","100","","0.0","","31","","13","","","","","M","","","-11","","NA"
"-111.71","51.13","POLLOCKVILLE AGDM","3025243","2022-11-12 23:00","2022","11","12","23:00","-7.3","","-7.3","","100","","0.0","","30","","14","","","","","M","","","-13","","NA"
"-111.71","51.13","POLLOCKVILLE AGDM","3025243","2022-11-13 00:00","2022","11","13","00:00","-7.7","","-7.7","","100","","0.0","","30","","15","","","","","M","","","-14","","NA"
"-111.71","51.13","POLLOCKVILLE AGDM","3025243","2022-11-13 01:00","2022","11","13","01:00","-9.1","","-9.1","","100","","0.0","","31","","17","","","","","M","","","-16","","NA"
"-111.71","51.13","POLLOCKVILLE AGDM","3025243","2022-11-13 02:00","2022","11","13","02:00","-9.4","","-9.4","","100","","0.0","","28","","6","","","","","M","","","-13","","NA"
"-111.71","51.13","POLLOCKVILLE AGDM","3025243","2022-11-13 03:00","2022","11","13","03:00","-8.1","","-8.1","","100","","0.0","","31","","9","","","","","M","","","-13","","NA"
"-111.71","51.13","POLLOCKVILLE AGDM","3025243","2022-11-13 04:00","2022","11","13","04:00","-9.5","","-9.5","","100","","0.0","","27","","13","","","","","M","","","-16","","NA"
"-111.71","51.13","POLLOCKVILLE AGDM","3025243","2022-11-13 05:00","2022","11","13","05:00","-10.0","","-10.0","","100","","0.0","","30","","8","","","","","M","","","-14","","NA"
"-111.71","51.13","POLLOCKVILLE AGDM","3025243","2022-11-13 06:00","2022","11","13","06:00","-12.3","","-12.3","","100","","0.0","","31","","16","","","","","M","","","-20","","NA"
"-111.71","51.13","POLLOCKVILLE AGDM","3025243","2022-11-13 07:00","2022","11","13","07:00","-13.5","","-13.5","","100","","0.0","","34","","5","","","","","M","","","-17","","NA"
"-111.71","51.13","POLLOCKVILLE AGDM","3025243","2022-11-13 08:00","2022","11","13","08:00","-15.7","","-15.7","","100","","0.0","","33","","10","","","","","M","","","-22","","NA"
"-111.71","51.13","POLLOCKVILLE AGDM","3025243","2022-11-13 09:00","2022","11","13","09:00","-14.8","","-14.8","","100","","0.0","","32","","3","","","","","M","","","-17","","NA"
"-111.71","51.13","POLLOCKVILLE AGDM","3025243","2022-11-13 10:00","2022","11","13","10:00","-14.9","","-14.9","","100","","0.0","","21","","10","","","","","M","","","-21","","NA"
"-111.71","51.13","POLLOCKVILLE AGDM","3025243","2022-11-13 11:00","2022","11","13","11:00","-11.3","","-11.3","","100","","0.0","","23","","12","","","","","M","","","-17","","NA"
"-111.71","51.13","POLLOCKVILLE AGDM","3025243","2022-11-13 12:00","2022","11","13","12:00","-9.5","","-9.5","","100","","0.0","","22","","8","","","","","M","","","-14","","NA"
"-111.71","51.13","POLLOCKVILLE AGDM","3025243","2022-11-13 13:00","2022","11","13","13:00","-8.9","","-8.9","","100","","0.0","","20","","11","","","","","M","","","-14","","NA"
"-111.71","51.13","POLLOCKVILLE AGDM","3025243","2022-11-13 14:00","2022","11","13","14:00","-7.6","","-7.6","","100","","0.0","","20","","10","","","","","M","","","-12","","NA"
"-111.71","51.13","POLLOCKVILLE AGDM","3025243","2022-11-13 15:00","2022","11","13","15:00","-8.7","","-9.0","","98","","0.0","","22","","7","","","","","M","","","-13","","NA"
"-111.71","51.13","POLLOCKVILLE AGDM","3025243","2022-11-13 16:00","2022","11","13","16:00","-9.8","","-10.6","","94","","0.0","","26","","10","","","","","M","","","-15","","NA"
"-111.71","51.13","POLLOCKVILLE AGDM","3025243","2022-11-13 17:00","2022","11","13","17:00","-7.1","","-7.2","","99","","0.0","","28","","13","","","","","M","","","-13","","NA"
"-111.71","51.13","POLLOCKVILLE AGDM","3025243","2022-11-13 18:00","2022","11","13","18:00","-4.8","","-5.5","","95","","0.0","","28","","16","","","","","M","","","-11","","NA"
"-111.71","51.13","POLLOCKVILLE AGDM","3025243","2022-11-13 19:00","2022","11","13","19:00","-3.8","","-4.5","","95","","0.0","","29","","14","","","","","M","","","-9","","NA"
"-111.71","51.13","POLLOCKVILLE AGDM","3025243","2022-11-13 20:00","2022","11","13","20:00","-4.0","","-4.4","","98","","0.0","","29","","14","","","","","M","","","-9","","NA"
"-111.71","51.13","POLLOCKVILLE AGDM","3025243","2022-11-13 21:00","2022","11","13","21:00","-5.0","","-5.6","","95","","0.0","","29","","17","","","","","M","","","-11","","NA"
"-111.71","51.13","POLLOCKVILLE AGDM","3025243","2022-11-13 22:00","2022","11","13","22:00","-6.3","","-6.7","","97","","0.0","","30","","20","","","","","M","","","-13","","NA"
"-111.71","51.13","POLLOCKVILLE AGDM","3025243","2022-11-13 23:00","2022","11","13","23:00","-5.5","","-5.5","","100","","0.0","","30","","19","","","","","M","","","-12","","NA"
"-111.71","51.13","POLLOCKVILLE AGDM","3025243","2022-11-14 00:00","2022","11","14","00:00","-4.1","","-4.1","","100","","0.0","","31","","22","","","","","M","","","-11","","NA"
"-111.71","51.13","POLLOCKVILLE AGDM","3025243","2022-11-14 01:00","2022","11","14","01:00","-6.4","","-6.4","","100","","0.0","","28","","18","","","","","M","","","-13","","NA"
"-111.71","51.13","POLLOCKVILLE AGDM","3025243","2022-11-14 02:00","2022","11","14","02:00","-4.7","","-4.7","","100","","0.0","","30","","16","","","","","M","","","-10","","NA"
"-111.71","51.13","POLLOCKVILLE AGDM","3025243","2022-11-14 03:00","2022","11","14","03:00","-5.4","","-5.5","","100","","0.0","","26","","15","","","","","M","","","-11","","NA"
"-111.71","51.13","POLLOCKVILLE AGDM","3025243","2022-11-14 04:00","2022","11","14","04:00","-6.2","","-6.2","","100","","0.0","","27","","13","","","","","M","","","-12","","NA"
"-111.71","51.13","POLLOCKVILLE AGDM","3025243","2022-11-14 05:00","2022","11","14","05:00","-2.6","","-2.6","","100","","0.0","","31","","21","","","","","M","","","-9","","NA"
"-111.71","51.13","POLLOCKVILLE AGDM","3025243","2022-11-14 06:00","2022","11","14","06:00","-5.7","","-5.7","","100","","0.0","","32","","16","","","","","M","","","-12","","NA"
"-111.71","51.13","POLLOCKVILLE AGDM","3025243","2022-11-14 07:00","2022","11","14","07:00","-8.0","","-8.0","","100","","0.0","","32","","18","","","","","M","","","-15","","NA"
"-111.71","51.13","POLLOCKVILLE AGDM","3025243","2022-11-14 08:00","2022","11","14","08:00","-7.4","","-7.4","","100","","0.0","","31","","22","","","","","M","","","-15","","NA"
"-111.71","51.13","POLLOCKVILLE AGDM","3025243","2022-11-14 09:00","2022","11","14","09:00","-6.6","","-6.6","","100","","0.0","","32","","17","","","","","M","","","-13","","NA"
"-111.71","51.13","POLLOCKVILLE AGDM","3025243","2022-11-14 10:00","2022","11","14","10:00","-4.9","","-4.9","","100","","0.0","","32","","23","","","","","M","","","-12","","NA"
"-111.71","51.13","POLLOCKVILLE AGDM","3025243","2022-11-14 11:00","2022","11","14","11:00","-3.1","","-3.1","","100","","0.0","","33","","23","","","","","M","","","-10","","NA"
"-111.71","51.13","POLLOCKVILLE AGDM","3025243","2022-11-14 12:00","2022","11","14","12:00","-2.1","","-2.2","","100","","0.0","","34","","20","","","","","M","","","-8","","NA"
"-111.71","51.13","POLLOCKVILLE AGDM","3025243","2022-11-14 13:00","2022","11","14","13:00","-1.9","","-1.9","","100","","0.0","","33","","24","","","","","M","","","-8","","NA"
"-111.71","51.13","POLLOCKVILLE AGDM","3025243","2022-11-14 14:00","2022","11","14","14:00","0.0","","-2.3","","85","","0.0","","0","","1","","","","","M","","","0","","NA"
"-111.71","51.13","POLLOCKVILLE AGDM","3025243","2022-11-14 15:00","2022","11","14","15:00","-2.8","","-2.8","","100","","0.0","","32","","22","","","","","M","","","-9","","NA"
"-111.71","51.13","POLLOCKVILLE AGDM","3025243","2022-11-14 16:00","2022","11","14","16:00","-4.8","","-4.8","","100","","0.0","","34","","10","","","","","M","","","-9","","NA"
"-111.71","51.13","POLLOCKVILLE AGDM","3025243","2022-11-14 17:00","2022","11","14","17:00","-6.1","","-6.1","","100","","0.0","","36","","11","","","","","M","","","-11","","NA"
"-111.71","51.13","POLLOCKVILLE AGDM","3025243","2022-11-14 18:00","2022","11","14","18:00","-8.9","","-8.9","","100","","0.0","","4","","4","","","","","M","","","-11","","NA"
"-111.71","51.13","POLLOCKVILLE AGDM","3025243","2022-11-14 19:00","2022","11","14","19:00","-10.8","","-10.8","","100","","0.0","","24","","10","","","","","M","","","-16","","NA"
"-111.71","51.13","POLLOCKVILLE AGDM","3025243","2022-11-14 20:00","2022","11","14","20:00","-10.5","","-10.5","","100","","0.0","","25","","11","","","","","M","","","-16","","NA"
"-111.71","51.13","POLLOCKVILLE AGDM","3025243","2022-11-14 21:00","2022","11","14","21:00","-11.4","","-11.4","","100","","0.0","","26","","10","","","","","M","","","-17","","NA"
"-111.71","51.13","POLLOCKVILLE AGDM","3025243","2022-11-14 22:00","2022","11","14","22:00","-13.1","","-13.1","","100","","0.0","","26","","5","","","","","M","","","-16","","NA"
"-111.71","51.13","POLLOCKVILLE AGDM","3025243","2022-11-14 23:00","2022","11","14","23:00","-16.9","","-16.9","","100","","0.0","","24","","4","","","","","M","","","-20","","NA"
"-111.71","51.13","POLLOCKVILLE AGDM","3025243","2022-11-15 00:00","2022","11","15","00:00","-18.8","","-18.8","","100","","0.0","","23","","4","","","","","M","","","-22","","NA"
"-111.71","51.13","POLLOCKVILLE AGDM","3025243","2022-11-15 01:00","2022","11","15","01:00","-17.8","","-17.8","","100","","0.0","","24","","2","","","","","M","","","-19","","NA"
"-111.71","51.13","POLLOCKVILLE AGDM","3025243","2022-11-15 02:00","2022","11","15","02:00","-18.6","","-18.6","","100","","0.0","","","","0","","","","","M","","","","","NA"
"-111.71","51.13","POLLOCKVILLE AGDM","3025243","2022-11-15 03:00","2022","11","15","03:00","-18.6","","-18.6","","100","","0.0","","19","","1","","","","","M","","","-19","","NA"
"-111.71","51.13","POLLOCKVILLE AGDM","3025243","2022-11-15 04:00","2022","11","15","04:00","-17.0","","-17.0","","100","","0.0","","","","0","","","","","M","","","","","NA"
"-111.71","51.13","POLLOCKVILLE AGDM","3025243","2022-11-15 05:00","2022","11","15","05:00","-15.3","","-15.3","","100","","0.0","","","","0","","","","","M","","","","","NA"
"-111.71","51.13","POLLOCKVILLE AGDM","3025243","2022-11-15 06:00","2022","11","15","06:00","-14.1","","-14.1","","100","","0.0","","","","0","","","","","M","","","","","NA"
"-111.71","51.13","POLLOCKVILLE AGDM","3025243","2022-11-15 07:00","2022","11","15","07:00","-12.2","","-12.2","","100","","0.0","","","","0","","","","","M","","","","","NA"
"-111.71","51.13","POLLOCKVILLE AGDM","3025243","2022-11-15 08:00","2022","11","15","08:00","-11.6","","-11.6","","100","","0.0","","","","0","","","","","M","","","","","NA"
"-111.71","51.13","POLLOCKVILLE AGDM","3025243","2022-11-15 09:00","2022","11","15","09:00","-12.4","","-12.4","","100","","0.0","","","","0","","","","","M","","","","","NA"
"-111.71","51.13","POLLOCKVILLE AGDM","3025243","2022-11-15 10:00","2022","11","15","10:00","-10.4","","-10.4","","100","","0.0","","","","0","","","","","M","","","","","NA"
"-111.71","51.13","POLLOCKVILLE AGDM","3025243","2022-11-15 11:00","2022","11","15","11:00","-8.9","","-8.9","","100","","0.0","","","","0","","","","","M","","","","","NA"
"-111.71","51.13","POLLOCKVILLE AGDM","3025243","2022-11-15 12:00","2022","11","15","12:00","-3.8","","-3.8","","100","","0.0","","28","","20","","","","","M","","","-10","","NA"
"-111.71","51.13","POLLOCKVILLE AGDM","3025243","2022-11-15 13:00","2022","11","15","13:00","-1.0","","-2.0","","93","","0.0","","31","","23","","","","","M","","","-7","","NA"
"-111.71","51.13","POLLOCKVILLE AGDM","3025243","2022-11-15 14:00","2022","11","15","14:00","1.1","","-0.2","","91","","0.0","","33","","38","","","","","M","","","","","NA"
"-111.71","51.13","POLLOCKVILLE AGDM","3025243","2022-11-15 15:00","2022","11","15","15:00","0.4","","-0.5","","94","","0.0","","34","","31","","","","","M","","","","","NA"
"-111.71","51.13","POLLOCKVILLE AGDM","3025243","2022-11-15 16:00","2022","11","15","16:00","-0.4","","-0.9","","96","","0.0","","33","","26","","","","","M","","","-7","","NA"
"-111.71","51.13","POLLOCKVILLE AGDM","3025243","2022-11-15 17:00","2022","11","15","17:00","-2.0","","-2.1","","100","","0.0","","34","","19","","","","","M","","","-8","","NA"
"-111.71","51.13","POLLOCKVILLE AGDM","3025243","2022-11-15 18:00","2022","11","15","18:00","-2.2","","-2.2","","100","","0.0","","34","","17","","","","","M","","","-8","","NA"
"-111.71","51.13","POLLOCKVILLE AGDM","3025243","2022-11-15 19:00","2022","11","15","19:00","-1.9","","-1.9","","100","","0.0","","35","","21","","","","","M","","","-8","","NA"
"-111.71","51.13","POLLOCKVILLE AGDM","3025243","2022-11-15 20:00","2022","11","15","20:00","-1.5","","-1.6","","99","","0.0","","33","","27","","","","","M","","","-8","","NA"
"-111.71","51.13","POLLOCKVILLE AGDM","3025243","2022-11-15 21:00","2022","11","15","21:00","-1.3","","-1.6","","98","","0.0","","33","","29","","","","","M","","","-8","","NA"
"-111.71","51.13","POLLOCKVILLE AGDM","3025243","2022-11-15 22:00","2022","11","15","22:00","-1.9","","-2.1","","99","","0.0","","33","","25","","","","","M","","","-8","","NA"
"-111.71","51.13","POLLOCKVILLE AGDM","3025243","2022-11-15 23:00","2022","11","15","23:00","-2.6","","-2.7","","99","","0.0","","34","","22","","","","","M","","","-9","","NA"
"-111.71","51.13","POLLOCKVILLE AGDM","3025243","2022-11-16 00:00","2022","11","16","00:00","-3.1","","-3.1","","99","","0.0","","34","","26","","","","","M","","","-10","","NA"
"-111.71","51.13","POLLOCKVILLE AGDM","3025243","2022-11-16 01:00","2022","11","16","01:00","-4.8","","-4.8","","100","","0.0","","32","","22","","","","","M","","","-12","","NA"
"-111.71","51.13","POLLOCKVILLE AGDM","3025243","2022-11-16 02:00","2022","11","16","02:00","-6.6","","-6.6","","100","","0.0","","32","","16","","","","","M","","","-13","","NA"
"-111.71","51.13","POLLOCKVILLE AGDM","3025243","2022-11-16 03:00","2022","11","16","03:00","-7.0","","-7.0","","100","","0.0","","30","","4","","","","","M","","","-9","","NA"
"-111.71","51.13","POLLOCKVILLE AGDM","3025243","2022-11-16 04:00","2022","11","16","04:00","-5.9","","-5.9","","100","","0.0","","23","","6","","","","","M","","","-9","","NA"
"-111.71","51.13","POLLOCKVILLE AGDM","3025243","2022-11-16 05:00","2022","11","16","05:00","-5.9","","-5.9","","100","","0.0","","21","","15","","","","","M","","","-12","","NA"
"-111.71","51.13","POLLOCKVILLE AGDM","3025243","2022-11-16 06:00","2022","11","16","06:00","-3.2","","-3.2","","100","","0.0","","31","","24","","","","","M","","","-10","","NA"
"-111.71","51.13","POLLOCKVILLE AGDM","3025243","2022-11-16 07:00","2022","11","16","07:00","-3.5","","-3.5","","100","","0.0","","31","","23","","","","","M","","","-10","","NA"
"-111.71","51.13","POLLOCKVILLE AGDM","3025243","2022-11-16 08:00","2022","11","16","08:00","-3.3","","-3.3","","100","","0.0","","30","","27","","","","","M","","","-10","","NA"
"-111.71","51.13","POLLOCKVILLE AGDM","3025243","2022-11-16 09:00","2022","11","16","09:00","-2.7","","-2.7","","100","","0.0","","31","","25","","","","","M","","","-9","","NA"
"-111.71","51.13","POLLOCKVILLE AGDM","3025243","2022-11-16 10:00","2022","11","16","10:00","-3.6","","-3.6","","100","","0.0","","30","","19","","","","","M","","","-10","","NA"
"-111.71","51.13","POLLOCKVILLE AGDM","3025243","2022-11-16 11:00","2022","11","16","11:00","-1.2","","-2.4","","92","","0.0","","33","","29","","","","","M","","","-8","","NA"
"-111.71","51.13","POLLOCKVILLE AGDM","3025243","2022-11-16 12:00","2022","11","16","12:00","-1.7","","-2.4","","95","","0.0","","34","","27","","","","","M","","","-8","","NA"
"-111.71","51.13","POLLOCKVILLE AGDM","3025243","2022-11-16 13:00","2022","11","16","13:00","-2.5","","-3.1","","96","","0.0","","34","","32","","","","","M","","","-10","","NA"
"-111.71","51.13","POLLOCKVILLE AGDM","3025243","2022-11-16 14:00","2022","11","16","14:00","-3.2","","-4.0","","94","","0.0","","34","","41","","","","","M","","","-12","","NA"
"-111.71","51.13","POLLOCKVILLE AGDM","3025243","2022-11-16 15:00","2022","11","16","15:00","-4.4","","-5.2","","94","","0.0","","34","","43","","","","","M","","","-14","","NA"
"-111.71","51.13","POLLOCKVILLE AGDM","3025243","2022-11-16 16:00","2022","11","16","16:00","-5.5","","-5.8","","98","","0.0","","33","","37","","","","","M","","","-14","","NA"
"-111.71","51.13","POLLOCKVILLE AGDM","3025243","2022-11-16 17:00","2022","11","16","17:00","-6.2","","-6.5","","98","","0.0","","35","","40","","","","","M","","","-16","","NA"
"-111.71","51.13","POLLOCKVILLE AGDM","3025243","2022-11-16 18:00","2022","11","16","18:00","-6.3","","-6.7","","97","","0.0","","34","","44","","","","","M","","","-16","","NA"
"-111.71","51.13","POLLOCKVILLE AGDM","3025243","2022-11-16 19:00","2022","11","16","19:00","-6.9","","-7.1","","98","","0.0","","34","","43","","","","","M","","","-17","","NA"
"-111.71","51.13","POLLOCKVILLE AGDM","3025243","2022-11-16 20:00","2022","11","16","20:00","-7.6","","-8.0","","97","","0.0","","34","","47","","","","","M","","","-18","","NA"
"-111.71","51.13","POLLOCKVILLE AGDM","3025243","2022-11-16 21:00","2022","11","16","21:00","-8.0","","-8.0","","99","","0.0","","33","","43","","","","","M","","","-18","","NA"
"-111.71","51.13","POLLOCKVILLE AGDM","3025243","2022-11-16 22:00","2022","11","16","22:00","-8.1","","-8.5","","97","","0.0","","33","","33","","","","","M","","","-17","","NA"
"-111.71","51.13","POLLOCKVILLE AGDM","3025243","2022-11-16 23:00","2022","11","16","23:00","-8.6","","-9.3","","95","","0.0","","33","","37","","","","","M","","","-19","","NA"
"-111.71","51.13","POLLOCKVILLE AGDM","3025243","2022-11-17 00:00","2022","11","17","00:00","-9.6","","-10.2","","95","","0.0","","33","","41","","","","","M","","","-20","","NA"
"-111.71","51.13","POLLOCKVILLE AGDM","3025243","2022-11-17 01:00","2022","11","17","01:00","-10.2","","-10.7","","97","","0.0","","33","","40","","","","","M","","","-21","","NA"
"-111.71","51.13","POLLOCKVILLE AGDM","3025243","2022-11-17 02:00","2022","11","17","02:00","-11.4","","-12.3","","93","","0.0","","33","","31","","","","","M","","","-21","","NA"
"-111.71","51.13","POLLOCKVILLE AGDM","3025243","2022-11-17 03:00","2022","11","17","03:00","-12.2","","-13.3","","91","","0.0","","34","","32","","","","","M","","","-23","","NA"
"-111.71","51.13","POLLOCKVILLE AGDM","3025243","2022-11-17 04:00","2022","11","17","04:00","-13.7","","-14.7","","92","","0.0","","34","","27","","","","","M","","","-24","","NA"
"-111.71","51.13","POLLOCKVILLE AGDM","3025243","2022-11-17 05:00","2022","11","17","05:00","-14.6","","-15.4","","94","","0.0","","33","","30","","","","","M","","","-26","","NA"
"-111.71","51.13","POLLOCKVILLE AGDM","3025243","2022-11-17 06:00","2022","11","17","06:00","-15.4","","-16.1","","94","","0.0","","33","","33","","","","","M","","","-27","","NA"
"-111.71","51.13","POLLOCKVILLE AGDM","3025243","2022-11-17 07:00","2022","11","17","07:00","-16.0","","-16.6","","95","","0.0","","34","","29","","","","","M","","","-27","","NA"
"-111.71","51.13","POLLOCKVILLE AGDM","3025243","2022-11-17 08:00","2022","11","17","08:00","-16.7","","-17.5","","94","","0.0","","34","","26","","","","","M","","","-28","","NA"
"-111.71","51.13","POLLOCKVILLE AGDM","3025243","2022-11-17 09:00","2022","11","17","09:00","-17.4","","-18.3","","93","","0.0","","32","","16","","","","","M","","","-26","","NA"
"-111.71","51.13","POLLOCKVILLE AGDM","3025243","2022-11-17 10:00","2022","11","17","10:00","-15.7","","-17.3","","88","","0.0","","33","","25","","","","","M","","","-26","","NA"
"-111.71","51.13","POLLOCKVILLE AGDM","3025243","2022-11-17 11:00","2022","11","17","11:00","-15.9","","-18.8","","78","","0.0","","20","","11","","","","","M","","","-23","","NA"
"-111.71","51.13","POLLOCKVILLE AGDM","3025243","2022-11-17 12:00","2022","11","17","12:00","-15.3","","-17.9","","80","","0.0","","24","","11","","","","","M","","","-22","","NA"
"-111.71","51.13","POLLOCKVILLE AGDM","3025243","2022-11-17 13:00","2022","11","17","13:00","-14.6","","-17.2","","81","","0.0","","25","","11","","","","","M","","","-21","","NA"
"-111.71","51.13","POLLOCKVILLE AGDM","3025243","2022-11-17 14:00","2022","11","17","14:00","-14.4","","-16.6","","83","","0.0","","25","","16","","","","","M","","","-22","","NA"
"-111.71","51.13","POLLOCKVILLE AGDM","3025243","2022-11-17 15:00","2022","11","17","15:00","-14.2","","-16.0","","86","","0.0","","24","","15","","","","","M","","","-22","","NA"
"-111.71","51.13","POLLOCKVILLE AGDM","3025243","2022-11-17 16:00","2022","11","17","16:00","-14.8","","-16.1","","90","","0.0","","24","","14","","","","","M","","","-22","","NA"
"-111.71","51.13","POLLOCKVILLE AGDM","3025243","2022-11-17 17:00","2022","11","17","17:00","-16.7","","-17.2","","96","","0.0","","21","","11","","","","","M","","","-24","","NA"
"-111.71","51.13","POLLOCKVILLE AGDM","3025243","2022-11-17 18:00","2022","11","17","18:00","-16.8","","-16.9","","99","","0.0","","23","","12","","","","","M","","","-24","","NA"
"-111.71","51.13","POLLOCKVILLE AGDM","3025243","2022-11-17 19:00","2022","11","17","19:00","-16.8","","-16.8","","100","","0.0","","25","","11","","","","","M","","","-24","","NA"
"-111.71","51.13","POLLOCKVILLE AGDM","3025243","2022-11-17 20:00","2022","11","17","20:00","-17.3","","-17.3","","100","","0.0","","22","","7","","","","","M","","","-23","","NA"
"-111.71","51.13","POLLOCKVILLE AGDM","3025243","2022-11-17 21:00","2022","11","17","21:00","-17.2","","-17.4","","99","","0.0","","21","","4","","","","","M","","","-20","","NA"
"-111.71","51.13","POLLOCKVILLE AGDM","3025243","2022-11-17 22:00","2022","11","17","22:00","-20.1","","-20.2","","99","","0.0","","22","","9","","","","","M","","","-27","","NA"
"-111.71","51.13","POLLOCKVILLE AGDM","3025243","2022-11-17 23:00","2022","11","17","23:00","-20.2","","-20.2","","100","","0.0","","23","","10","","","","","M","","","-27","","NA"
"-111.71","51.13","POLLOCKVILLE AGDM","3025243","2022-11-18 00:00","2022","11","18","00:00","-21.2","","-21.4","","98","","0.0","","22","","9","","","","","M","","","-28","","NA"
"-111.71","51.13","POLLOCKVILLE AGDM","3025243","2022-11-18 01:00","2022","11","18","01:00","-20.9","","-21.0","","99","","0.0","","23","","15","","","","","M","","","-30","","NA"
"-111.71","51.13","POLLOCKVILLE AGDM","3025243","2022-11-18 02:00","2022","11","18","02:00","-22.7","","-23.4","","94","","0.0","","24","","14","","","","","M","","","-32","","NA"
"-111.71","51.13","POLLOCKVILLE AGDM","3025243","2022-11-18 03:00","2022","11","18","03:00","-22.2","","-23.0","","93","","0.0","","23","","10","","","","","M","","","-30","","NA"
"-111.71","51.13","POLLOCKVILLE AGDM","3025243","2022-11-18 04:00","2022","11","18","04:00","-23.0","","-24.0","","92","","0.0","","24","","15","","","","","M","","","-33","","NA"
"-111.71","51.13","POLLOCKVILLE AGDM","3025243","2022-11-18 05:00","2022","11","18","05:00","-19.3","","-20.0","","94","","0.0","","28","","19","","","","","M","","","-29","","NA"
"-111.71","51.13","POLLOCKVILLE AGDM","3025243","2022-11-18 06:00","2022","11","18","06:00","-14.7","","-18.9","","70","","0.0","","30","","24","","","","","M","","","-25","","NA"
"-111.71","51.13","POLLOCKVILLE AGDM","3025243","2022-11-18 07:00","2022","11","18","07:00","-15.0","","-19.4","","69","","0.0","","29","","25","","","","","M","","","-25","","NA"
"-111.71","51.13","POLLOCKVILLE AGDM","3025243","2022-11-18 08:00","2022","11","18","08:00","-14.7","","-19.0","","70","","0.0","","28","","19","","","","","M","","","-24","","NA"
"-111.71","51.13","POLLOCKVILLE AGDM","3025243","2022-11-18 09:00","2022","11","18","09:00","-13.4","","-17.3","","72","","0.0","","30","","17","","","","","M","","","-21","","NA"
"-111.71","51.13","POLLOCKVILLE AGDM","3025243","2022-11-18 10:00","2022","11","18","10:00","-10.0","","-14.9","","68","","0.0","","30","","21","","","","","M","","","-18","","NA"
"-111.71","51.13","POLLOCKVILLE AGDM","3025243","2022-11-18 11:00","2022","11","18","11:00","-9.3","","-13.2","","74","","0.0","","30","","27","","","","","M","","","-18","","NA"
"-111.71","51.13","POLLOCKVILLE AGDM","3025243","2022-11-18 12:00","2022","11","18","12:00","-6.2","","-11.6","","66","","0.0","","31","","22","","","","","M","","","-13","","NA"
"-111.71","51.13","POLLOCKVILLE AGDM","3025243","2022-11-18 13:00","2022","11","18","13:00","-6.5","","-10.2","","75","","0.0","","30","","17","","","","","M","","","-13","","NA"
"-111.71","51.13","POLLOCKVILLE AGDM","3025243","2022-11-18 14:00","2022","11","18","14:00","-6.1","","-10.6","","71","","0.0","","29","","14","","","","","M","","","-12","","NA"
"-111.71","51.13","POLLOCKVILLE AGDM","3025243","2022-11-18 15:00","2022","11","18","15:00","-5.6","","-10.6","","68","","0.0","","30","","8","","","","","M","","","-9","","NA"
"-111.71","51.13","POLLOCKVILLE AGDM","3025243","2022-11-18 16:00","2022","11","18","16:00","-8.1","","-11.7","","75","","0.0","","30","","16","","","","","M","","","-15","","NA"
"-111.71","51.13","POLLOCKVILLE AGDM","3025243","2022-11-18 17:00","2022","11","18","17:00","-8.5","","-12.3","","74","","0.0","","29","","21","","","","","M","","","-16","","NA"
"-111.71","51.13","POLLOCKVILLE AGDM","3025243","2022-11-18 18:00","2022","11","18","18:00","-10.9","","-13.7","","80","","0.0","","29","","17","","","","","M","","","-18","","NA"
"-111.71","51.13","POLLOCKVILLE AGDM","3025243","2022-11-18 19:00","2022","11","18","19:00","-11.9","","-14.0","","84","","0.0","","30","","18","","","","","M","","","-20","","NA"
"-111.71","51.13","POLLOCKVILLE AGDM","3025243","2022-11-18 20:00","2022","11","18","20:00","-11.5","","-14.2","","80","","0.0","","28","","20","","","","","M","","","-20","","NA"
"-111.71","51.13","POLLOCKVILLE AGDM","3025243","2022-11-18 21:00","2022","11","18","21:00","-13.2","","-15.6","","82","","0.0","","30","","17","","","","","M","","","-21","","NA"
"-111.71","51.13","POLLOCKVILLE AGDM","3025243","2022-11-18 22:00","2022","11","18","22:00","-13.7","","-16.5","","79","","0.0","","32","","17","","","","","M","","","-22","","NA"
"-111.71","51.13","POLLOCKVILLE AGDM","3025243","2022-11-18 23:00","2022","11","18","23:00","-14.2","","-17.5","","76","","0.0","","18","","7","","","","","M","","","-19","","NA"
"-111.71","51.13","POLLOCKVILLE AGDM","3025243","2022-11-19 00:00","2022","11","19","00:00","-16.4","","-16.7","","97","","0.0","","24","","14","","","","","M","","","-24","","NA"
"-111.71","51.13","POLLOCKVILLE AGDM","3025243","2022-11-19 01:00","2022","11","19","01:00","-16.6","","-17.6","","92","","0.0","","19","","4","","","","","M","","","-20","","NA"
"-111.71","51.13","POLLOCKVILLE AGDM","3025243","2022-11-19 02:00","2022","11","19","02:00","-17.0","","-17.4","","96","","0.0","","21","","7","","","","","M","","","-22","","NA"
"-111.71","51.13","POLLOCKVILLE AGDM","3025243","2022-11-19 03:00","2022","11","19","03:00","-17.9","","-18.1","","98","","0.0","","20","","12","","","","","M","","","-25","","NA"
"-111.71","51.13","POLLOCKVILLE AGDM","3025243","2022-11-19 04:00","2022","11","19","04:00","-18.9","","-19.2","","98","","0.0","","20","","13","","","","","M","","","-27","","NA"
"-111.71","51.13","POLLOCKVILLE AGDM","3025243","2022-11-19 05:00","2022","11","19","05:00","-19.4","","-19.6","","98","","0.0","","21","","11","","","","","M","","","-27","","NA"
"-111.71","51.13","POLLOCKVILLE AGDM","3025243","2022-11-19 06:00","2022","11","19","06:00","-19.3","","-19.8","","96","","0.0","","20","","6","","","","","M","","","-24","","NA"
"-111.71","51.13","POLLOCKVILLE AGDM","3025243","2022-11-19 07:00","2022","11","19","07:00","-19.3","","-19.6","","97","","0.0","","18","","8","","","","","M","","","-25","","NA"
"-111.71","51.13","POLLOCKVILLE AGDM","3025243","2022-11-19 08:00","2022","11","19","08:00","-19.3","","-19.8","","96","","0.0","","12","","3","","","","","M","","","-22","","NA"
"-111.71","51.13","POLLOCKVILLE AGDM","3025243","2022-11-19 09:00","2022","11","19","09:00","-19.2","","-20.4","","91","","0.0","","19","","9","","","","","M","","","-26","","NA"
"-111.71","51.13","POLLOCKVILLE AGDM","3025243","2022-11-19 10:00","2022","11","19","10:00","-16.8","","-18.6","","86","","0.0","","16","","6","","","","","M","","","-21","","NA"
"-111.71","51.13","POLLOCKVILLE AGDM","3025243","2022-11-19 11:00","2022","11","19","11:00","-15.6","","-18.0","","82","","0.0","","22","","8","","","","","M","","","-21","","NA"
"-111.71","51.13","POLLOCKVILLE AGDM","3025243","2022-11-19 12:00","2022","11","19","12:00","-13.7","","-16.3","","81","","0.0","","22","","10","","","","","M","","","-20","","NA"
"-111.71","51.13","POLLOCKVILLE AGDM","3025243","2022-11-19 13:00","2022","11","19","13:00","-11.6","","-14.7","","78","","0.0","","23","","13","","","","","M","","","-18","","NA"
"-111.71","51.13","POLLOCKVILLE AGDM","3025243","2022-11-19 14:00","2022","11","19","14:00","-8.3","","-11.8","","76","","0.0","","24","","11","","","","","M","","","-14","","NA"
"-111.71","51.13","POLLOCKVILLE AGDM","3025243","2022-11-19 15:00","2022","11","19","15:00","-5.6","","-10.0","","71","","0.0","","23","","9","","","","","M","","","-10","","NA"
"-111.71","51.13","POLLOCKVILLE AGDM","3025243","2022-11-19 16:00","2022","11","19","16:00","-7.2","","-11.0","","74","","0.0","","24","","6","","","","","M","","","-10","","NA"
"-111.71","51.13","POLLOCKVILLE AGDM","3025243","2022-11-19 17:00","2022","11","19","17:00","-10.0","","-12.5","","82","","0.0","","21","","10","","","","","M","","","-15","","NA"
"-111.71","51.13","POLLOCKVILLE AGDM","3025243","2022-11-19 18:00","2022","11","19","18:00","-12.4","","-13.7","","90","","0.0","","20","","9","","","","","M","","","-18","","NA"
"-111.71","51.13","POLLOCKVILLE AGDM","3025243","2022-11-19 19:00","2022","11","19","19:00","-3.5","","-11.5","","54","","0.0","","29","","17","","","","","M","","","-9","","NA"
"-111.71","51.13","POLLOCKVILLE AGDM","3025243","2022-11-19 20:00","2022","11","19","20:00","-6.4","","-11.6","","67","","0.0","","28","","13","","","","","M","","","-12","","NA"
"-111.71","51.13","POLLOCKVILLE AGDM","3025243","2022-11-19 21:00","2022","11","19","21:00","-11.5","","-14.4","","79","","0.0","","17","","8","","","","","M","","","-16","","NA"
"-111.71","51.13","POLLOCKVILLE AGDM","3025243","2022-11-19 22:00","2022","11","19","22:00","-11.8","","-13.4","","88","","0.0","","20","","15","","","","","M","","","-19","","NA"
"-111.71","51.13","POLLOCKVILLE AGDM","3025243","2022-11-19 23:00","2022","11","19","23:00","-9.7","","-14.1","","70","","0.0","","19","","11","","","","","M","","","-15","","NA"
"-111.71","51.13","POLLOCKVILLE AGDM","3025243","2022-11-20 00:00","2022","11","20","00:00","-6.9","","-12.9","","62","","0.0","","28","","10","","","","","M","","","-12","","NA"
"-111.71","51.13","POLLOCKVILLE AGDM","3025243","2022-11-20 01:00","2022","11","20","01:00","-5.3","","-13.4","","53","","0.0","","27","","3","","","","","M","","","-7","","NA"
"-111.71","51.13","POLLOCKVILLE AGDM","3025243","2022-11-20 02:00","2022","11","20","02:00","-9.9","","-13.1","","78","","0.0","","20","","20","","","","","M","","","-18","","NA"
"-111.71","51.13","POLLOCKVILLE AGDM","3025243","2022-11-20 03:00","2022","11","20","03:00","-11.7","","-12.8","","91","","0.0","","17","","7","","","","","M","","","-16","","NA"
"-111.71","51.13","POLLOCKVILLE AGDM","3025243","2022-11-20 04:00","2022","11","20","04:00","-11.8","","-12.7","","93","","0.0","","24","","8","","","","","M","","","-17","","NA"
"-111.71","51.13","POLLOCKVILLE AGDM","3025243","2022-11-20 05:00","2022","11","20","05:00","-10.8","","-12.2","","89","","0.0","","23","","10","","","","","M","","","-16","","NA"
"-111.71","51.13","POLLOCKVILLE AGDM","3025243","2022-11-20 06:00","2022","11","20","06:00","-10.5","","-11.9","","90","","0.0","","22","","14","","","","","M","","","-17","","NA"
"-111.71","51.13","POLLOCKVILLE AGDM","3025243","2022-11-20 07:00","2022","11","20","07:00","-12.0","","-12.7","","95","","0.0","","19","","8","","","","","M","","","-17","","NA"
"-111.71","51.13","POLLOCKVILLE AGDM","3025243","2022-11-20 08:00","2022","11","20","08:00","-12.0","","-12.7","","95","","0.0","","19","","13","","","","","M","","","-19","","NA"
"-111.71","51.13","POLLOCKVILLE AGDM","3025243","2022-11-20 09:00","2022","11","20","09:00","-11.3","","-12.2","","93","","0.0","","22","","10","","","","","M","","","-17","","NA"
"-111.71","51.13","POLLOCKVILLE AGDM","3025243","2022-11-20 10:00","2022","11","20","10:00","-8.6","","-10.0","","89","","0.0","","22","","6","","","","","M","","","-12","","NA"
"-111.71","51.13","POLLOCKVILLE AGDM","3025243","2022-11-20 11:00","2022","11","20","11:00","-5.6","","-6.9","","90","","0.0","","22","","6","","","","","M","","","-8","","NA"
"-111.71","51.13","POLLOCKVILLE AGDM","3025243","2022-11-20 12:00","2022","11","20","12:00","-2.0","","-5.7","","76","","0.0","","22","","6","","","","","M","","","-4","","NA"
"-111.71","51.13","POLLOCKVILLE AGDM","3025243","2022-11-20 13:00","2022","11","20","13:00","0.1","","-6.1","","63","","0.0","","27","","6","","","","","M","","","","","NA"
"-111.71","51.13","POLLOCKVILLE AGDM","3025243","2022-11-20 14:00","2022","11","20","14:00","-1.8","","-4.6","","81","","0.0","","29","","17","","","","","M","","","-7","","NA"
"-111.71","51.13","POLLOCKVILLE AGDM","3025243","2022-11-20 15:00","2022","11","20","15:00","-1.5","","-4.2","","82","","0.0","","30","","14","","","","","M","","","-6","","NA"
"-111.71","51.13","POLLOCKVILLE AGDM","3025243","2022-11-20 16:00","2022","11","20","16:00","-1.8","","-4.2","","84","","0.0","","30","","19","","","","","M","","","-7","","NA"
"-111.71","51.13","POLLOCKVILLE AGDM","3025243","2022-11-20 17:00","2022","11","20","17:00","-3.1","","-4.5","","90","","0.0","","30","","19","","","","","M","","","-9","","NA"
"-111.71","51.13","POLLOCKVILLE AGDM","3025243","2022-11-20 18:00","2022","11","20","18:00","-3.4","","-4.2","","94","","0.0","","28","","17","","","","","M","","","-9","","NA"
"-111.71","51.13","POLLOCKVILLE AGDM","3025243","2022-11-20 19:00","2022","11","20","19:00","-3.7","","-4.5","","95","","0.0","","23","","7","","","","","M","","","-7","","NA"
"-111.71","51.13","POLLOCKVILLE AGDM","3025243","2022-11-20 20:00","2022","11","20","20:00","-5.7","","-5.7","","100","","0.0","","21","","6","","","","","M","","","-9","","NA"
"-111.71","51.13","POLLOCKVILLE AGDM","3025243","2022-11-20 21:00","2022","11","20","21:00","-5.4","","-5.4","","100","","0.0","","22","","12","","","","","M","","","-10","","NA"
"-111.71","51.13","POLLOCKVILLE AGDM","3025243","2022-11-20 22:00","2022","11","20","22:00","-5.4","","-5.4","","100","","0.0","","21","","8","","","","","M","","","-9","","NA"
"-111.71","51.13","POLLOCKVILLE AGDM","3025243","2022-11-20 23:00","2022","11","20","23:00","-5.6","","-5.6","","100","","0.0","","22","","5","","","","","M","","","-8","","NA"
"-111.71","51.13","POLLOCKVILLE AGDM","3025243","2022-11-21 00:00","2022","11","21","00:00","-5.2","","-5.2","","100","","0.0","","17","","4","","","","","M","","","-7","","NA"
"-111.71","51.13","POLLOCKVILLE AGDM","3025243","2022-11-21 01:00","2022","11","21","01:00","-4.6","","-4.6","","100","","0.0","","0","","1","","","","","M","","","-5","","NA"
"-111.71","51.13","POLLOCKVILLE AGDM","3025243","2022-11-21 02:00","2022","11","21","02:00","-3.9","","-3.9","","100","","0.0","","9","","6","","","","","M","","","-7","","NA"
"-111.71","51.13","POLLOCKVILLE AGDM","3025243","2022-11-21 03:00","2022","11","21","03:00","-3.9","","-3.9","","100","","0.0","","9","","5","","","","","M","","","-6","","NA"
"-111.71","51.13","POLLOCKVILLE AGDM","3025243","2022-11-21 04:00","2022","11","21","04:00","-4.2","","-4.2","","100","","0.0","","11","","5","","","","","M","","","-6","","NA"
"-111.71","51.13","POLLOCKVILLE AGDM","3025243","2022-11-21 05:00","2022","11","21","05:00","-4.1","","-4.1","","100","","0.0","","32","","4","","","","","M","","","-6","","NA"
"-111.71","51.13","POLLOCKVILLE AGDM","3025243","2022-11-21 06:00","2022","11","21","06:00","-4.8","","-4.8","","100","","0.0","","35","","2","","","","","M","","","-6","","NA"
"-111.71","51.13","POLLOCKVILLE AGDM","3025243","2022-11-21 07:00","2022","11","21","07:00","-5.0","","-5.0","","100","","0.0","","12","","5","","","","","M","","","-7","","NA"
"-111.71","51.13","POLLOCKVILLE AGDM","3025243","2022-11-21 08:00","2022","11","21","08:00","-4.9","","-4.9","","100","","0.0","","35","","3","","","","","M","","","-6","","NA"
"-111.71","51.13","POLLOCKVILLE AGDM","3025243","2022-11-21 09:00","2022","11","21","09:00","-5.6","","-5.6","","100","","0.0","","13","","4","","","","","M","","","-7","","NA"
"-111.71","51.13","POLLOCKVILLE AGDM","3025243","2022-11-21 10:00","2022","11","21","10:00","-5.2","","-5.2","","100","","0.0","","18","","9","","","","","M","","","-9","","NA"
"-111.71","51.13","POLLOCKVILLE AGDM","3025243","2022-11-21 11:00","2022","11","21","11:00","-4.5","","-5.2","","95","","0.0","","21","","5","","","","","M","","","-7","","NA"
"-111.71","51.13","POLLOCKVILLE AGDM","3025243","2022-11-21 12:00","2022","11","21","12:00","-4.3","","-4.8","","97","","0.0","","25","","7","","","","","M","","","-7","","NA"
"-111.71","51.13","POLLOCKVILLE AGDM","3025243","2022-11-21 13:00","2022","11","21","13:00","-3.9","","-4.6","","95","","0.0","","20","","6","","","","","M","","","-7","","NA"
"-111.71","51.13","POLLOCKVILLE AGDM","3025243","2022-11-21 14:00","2022","11","21","14:00","-3.8","","-4.4","","96","","0.0","","21","","8","","","","","M","","","-7","","NA"
"-111.71","51.13","POLLOCKVILLE AGDM","3025243","2022-11-21 15:00","2022","11","21","15:00","-4.0","","-4.6","","96","","0.0","","22","","10","","","","","M","","","-8","","NA"
"-111.71","51.13","POLLOCKVILLE AGDM","3025243","2022-11-21 16:00","2022","11","21","16:00","-5.5","","-5.5","","100","","0.0","","21","","11","","","","","M","","","-10","","NA"
"-111.71","51.13","POLLOCKVILLE AGDM","3025243","2022-11-21 17:00","2022","11","21","17:00","-6.9","","-6.9","","100","","0.0","","21","","14","","","","","M","","","-13","","NA"
"-111.71","51.13","POLLOCKVILLE AGDM","3025243","2022-11-21 18:00","2022","11","21","18:00","-6.7","","-6.7","","100","","0.0","","19","","9","","","","","M","","","-11","","NA"
"-111.71","51.13","POLLOCKVILLE AGDM","3025243","2022-11-21 19:00","2022","11","21","19:00","-6.8","","-6.8","","100","","0.0","","20","","7","","","","","M","","","-10","","NA"
"-111.71","51.13","POLLOCKVILLE AGDM","3025243","2022-11-21 20:00","2022","11","21","20:00","-8.1","","-8.1","","100","","0.0","","13","","7","","","","","M","","","-12","","NA"
"-111.71","51.13","POLLOCKVILLE AGDM","3025243","2022-11-21 21:00","2022","11","21","21:00","-8.0","","-8.0","","100","","0.0","","14","","7","","","","","M","","","-12","","NA"
"-111.71","51.13","POLLOCKVILLE AGDM","3025243","2022-11-21 22:00","2022","11","21","22:00","-8.9","","-8.9","","100","","0.0","","14","","7","","","","","M","","","-13","","NA"
"-111.71","51.13","POLLOCKVILLE AGDM","3025243","2022-11-21 23:00","2022","11","21","23:00","-10.1","","-10.1","","100","","0.0","","0","","1","","","","","M","","","-11","","NA"
"-111.71","51.13","POLLOCKVILLE AGDM","3025243","2022-11-22 00:00","2022","11","22","00:00","-9.9","","-9.9","","100","","0.0","","22","","4","","","","","M","","","-12","","NA"
"-111.71","51.13","POLLOCKVILLE AGDM","3025243","2022-11-22 01:00","2022","11","22","01:00","-11.3","","-11.3","","100","","0.0","","19","","13","","","","","M","","","-18","","NA"
"-111.71","51.13","POLLOCKVILLE AGDM","3025243","2022-11-22 02:00","2022","11","22","02:00","-10.6","","-10.6","","100","","0.0","","20","","16","","","","","M","","","-18","","NA"
"-111.71","51.13","POLLOCKVILLE AGDM","3025243","2022-11-22 03:00","2022","11","22","03:00","-9.8","","-9.8","","100","","0.0","","19","","8","","","","","M","","","-14","","NA"
"-111.71","51.13","POLLOCKVILLE AGDM","3025243","2022-11-22 04:00","2022","11","22","04:00","-9.0","","-9.0","","100","","0.0","","18","","11","","","","","M","","","-14","","NA"
"-111.71","51.13","POLLOCKVILLE AGDM","3025243","2022-11-22 05:00","2022","11","22","05:00","1.3","","-3.1","","73","","0.0","","14","","8","","","","","M","","","","","NA"
"-111.71","51.13","POLLOCKVILLE AGDM","3025243","2022-11-22 06:00","2022","11","22","06:00","-6.1","","-6.1","","100","","0.0","","17","","9","","","","","M","","","-10","","NA"
"-111.71","51.13","POLLOCKVILLE AGDM","3025243","2022-11-22 07:00","2022","11","22","07:00","-7.5","","-7.5","","100","","0.0","","18","","14","","","","","M","","","-13","","NA"
"-111.71","51.13","POLLOCKVILLE AGDM","3025243","2022-11-22 08:00","2022","11","22","08:00","-7.6","","-7.6","","100","","0.0","","15","","13","","","","","M","","","-13","","NA"
"-111.71","51.13","POLLOCKVILLE AGDM","3025243","2022-11-22 09:00","2022","11","22","09:00","-7.6","","-7.6","","100","","0.0","","13","","5","","","","","M","","","-10","","NA"
"-111.71","51.13","POLLOCKVILLE AGDM","3025243","2022-11-22 10:00","2022","11","22","10:00","-5.4","","-5.4","","100","","0.0","","17","","9","","","","","M","","","-9","","NA"
"-111.71","51.13","POLLOCKVILLE AGDM","3025243","2022-11-22 11:00","2022","11","22","11:00","-4.4","","-4.4","","100","","0.0","","18","","12","","","","","M","","","-9","","NA"
"-111.71","51.13","POLLOCKVILLE AGDM","3025243","2022-11-22 12:00","2022","11","22","12:00","-3.0","","-3.1","","99","","0.0","","19","","13","","","","","M","","","-8","","NA"
"-111.71","51.13","POLLOCKVILLE AGDM","3025243","2022-11-22 13:00","2022","11","22","13:00","-0.9","","-1.1","","98","","0.0","","20","","10","","","","","M","","","-4","","NA"
"-111.71","51.13","POLLOCKVILLE AGDM","3025243","2022-11-22 14:00","2022","11","22","14:00","2.4","","1.6","","94","","0.0","","21","","17","","","","","M","","","","","NA"
"-111.71","51.13","POLLOCKVILLE AGDM","3025243","2022-11-22 15:00","2022","11","22","15:00","1.2","","1.2","","100","","0.0","","19","","12","","","","","M","","","","","NA"
"-111.71","51.13","POLLOCKVILLE AGDM","3025243","2022-11-22 16:00","2022","11","22","16:00","0.3","","0.3","","100","","0.0","","17","","7","","","","","M","","","","","NA"
"-111.71","51.13","POLLOCKVILLE AGDM","3025243","2022-11-22 17:00","2022","11","22","17:00","-0.8","","-0.8","","100","","0.0","","18","","10","","","","","M","","","-4","","NA"
"-111.71","51.13","POLLOCKVILLE AGDM","3025243","2022-11-22 18:00","2022","11","22","18:00","-2.1","","-2.1","","100","","0.0","","16","","19","","","","","M","","","-8","","NA"
"-111.71","51.13","POLLOCKVILLE AGDM","3025243","2022-11-22 19:00","2022","11","22","19:00","-3.2","","-3.2","","100","","0.0","","16","","12","","","","","M","","","-8","","NA"
"-111.71","51.13","POLLOCKVILLE AGDM","3025243","2022-11-22 20:00","2022","11","22","20:00","-3.2","","-3.2","","100","","0.0","","19","","17","","","","","M","","","-9","","NA"
"-111.71","51.13","POLLOCKVILLE AGDM","3025243","2022-11-22 21:00","2022","11","22","21:00","-4.1","","-4.1","","100","","0.0","","20","","9","","","","","M","","","-8","","NA"
"-111.71","51.13","POLLOCKVILLE AGDM","3025243","2022-11-22 22:00","2022","11","22","22:00","-2.2","","-2.2","","100","","0.0","","25","","6","","","","","M","","","-5","","NA"
"-111.71","51.13","POLLOCKVILLE AGDM","3025243","2022-11-22 23:00","2022","11","22","23:00","-1.4","","-1.4","","100","","0.0","","23","","13","","","","","M","","","-6","","NA"
"-111.71","51.13","POLLOCKVILLE AGDM","3025243","2022-11-23 00:00","2022","11","23","00:00","-2.6","","-2.6","","100","","0.0","","36","","12","","","","","M","","","-7","","NA"
"-111.71","51.13","POLLOCKVILLE AGDM","3025243","2022-11-23 01:00","2022","11","23","01:00","-2.2","","-2.2","","100","","0.0","","32","","9","","","","","M","","","-6","","NA"
"-111.71","51.13","POLLOCKVILLE AGDM","3025243","2022-11-23 02:00","2022","11","23","02:00","0.6","","0.6","","100","","0.0","","34","","30","","","","","M","","","","","NA"
"-111.71","51.13","POLLOCKVILLE AGDM","3025243","2022-11-23 03:00","2022","11","23","03:00","1.4","","0.5","","94","","0.0","","34","","35","","","","","M","","","","","NA"
"-111.71","51.13","POLLOCKVILLE AGDM","3025243","2022-11-23 04:00","2022","11","23","04:00","1.8","","1.3","","97","","0.0","","34","","38","","","","","M","","","","","NA"
"-111.71","51.13","POLLOCKVILLE AGDM","3025243","2022-11-23 05:00","2022","11","23","05:00","2.1","","2.1","","100","","0.0","","34","","50","","","","","M","","","","","NA"
"-111.71","51.13","POLLOCKVILLE AGDM","3025243","2022-11-23 06:00","2022","11","23","06:00","1.6","","1.6","","100","","0.0","","34","","30","","","","","M","","","","","NA"
"-111.71","51.13","POLLOCKVILLE AGDM","3025243","2022-11-23 07:00","2022","11","23","07:00","1.3","","1.3","","100","","0.0","","32","","21","","","","","M","","","","","NA"
"-111.71","51.13","POLLOCKVILLE AGDM","3025243","2022-11-23 08:00","2022","11","23","08:00","1.2","","1.2","","100","","0.0","","29","","16","","","","","M","","","","","NA"
"-111.71","51.13","POLLOCKVILLE AGDM","3025243","2022-11-23 09:00","2022","11","23","09:00","1.2","","1.2","","100","","0.0","","28","","16","","","","","M","","","","","NA"
"-111.71","51.13","POLLOCKVILLE AGDM","3025243","2022-11-23 10:00","2022","11","23","10:00","1.2","","1.2","","100","","0.0","","28","","23","","","","","M","","","","","NA"
"-111.71","51.13","POLLOCKVILLE AGDM","3025243","2022-11-23 11:00","2022","11","23","11:00","1.3","","1.3","","100","","0.0","","29","","17","","","","","M","","","","","NA"
"-111.71","51.13","POLLOCKVILLE AGDM","3025243","2022-11-23 12:00","2022","11","23","12:00","1.8","","1.8","","100","","0.0","","28","","16","","","","","M","","","","","NA"
"-111.71","51.13","POLLOCKVILLE AGDM","3025243","2022-11-23 13:00","2022","11","23","13:00","1.5","","1.5","","100","","0.0","","28","","16","","","","","M","","","","","NA"
"-111.71","51.13","POLLOCKVILLE AGDM","3025243","2022-11-23 14:00","2022","11","23","14:00","1.9","","1.7","","99","","0.0","","27","","19","","","","","M","","","","","NA"
"-111.71","51.13","POLLOCKVILLE AGDM","3025243","2022-11-23 15:00","2022","11","23","15:00","1.4","","1.3","","100","","0.0","","26","","15","","","","","M","","","","","NA"
"-111.71","51.13","POLLOCKVILLE AGDM","3025243","2022-11-23 16:00","2022","11","23","16:00","-0.1","","-0.1","","100","","0.0","","23","","9","","","","","M","","","-3","","NA"
"-111.71","51.13","POLLOCKVILLE AGDM","3025243","2022-11-23 17:00","2022","11","23","17:00","-2.5","","-2.5","","100","","0.0","","25","","12","","","","","M","","","-7","","NA"
"-111.71","51.13","POLLOCKVILLE AGDM","3025243","2022-11-23 18:00","2022","11","23","18:00","-3.8","","-3.8","","100","","0.0","","21","","8","","","","","M","","","-7","","NA"
"-111.71","51.13","POLLOCKVILLE AGDM","3025243","2022-11-23 19:00","2022","11","23","19:00","-4.0","","-4.0","","100","","0.0","","20","","6","","","","","M","","","-7","","NA"
"-111.71","51.13","POLLOCKVILLE AGDM","3025243","2022-11-23 20:00","2022","11","23","20:00","-4.0","","-4.0","","100","","0.0","","20","","9","","","","","M","","","-8","","NA"
"-111.71","51.13","POLLOCKVILLE AGDM","3025243","2022-11-23 21:00","2022","11","23","21:00","-6.1","","-6.1","","100","","0.0","","18","","7","","","","","M","","","-9","","NA"
"-111.71","51.13","POLLOCKVILLE AGDM","3025243","2022-11-23 22:00","2022","11","23","22:00","-8.8","","-8.8","","100","","0.0","","18","","9","","","","","M","","","-13","","NA"
"-111.71","51.13","POLLOCKVILLE AGDM","3025243","2022-11-23 23:00","2022","11","23","23:00","-8.8","","-8.8","","100","","0.0","","15","","5","","","","","M","","","-12","","NA"
"-111.71","51.13","POLLOCKVILLE AGDM","3025243","2022-11-24 00:00","2022","11","24","00:00","-9.2","","-9.2","","100","","0.0","","19","","9","","","","","M","","","-14","","NA"
"-111.71","51.13","POLLOCKVILLE AGDM","3025243","2022-11-24 01:00","2022","11","24","01:00","-8.1","","-8.1","","100","","0.0","","17","","8","","","","","M","","","-12","","NA"
"-111.71","51.13","POLLOCKVILLE AGDM","3025243","2022-11-24 02:00","2022","11","24","02:00","-7.8","","-7.8","","100","","0.0","","16","","6","","","","","M","","","-11","","NA"
"-111.71","51.13","POLLOCKVILLE AGDM","3025243","2022-11-24 03:00","2022","11","24","03:00","-7.8","","-7.8","","100","","0.0","","15","","6","","","","","M","","","-11","","NA"
"-111.71","51.13","POLLOCKVILLE AGDM","3025243","2022-11-24 04:00","2022","11","24","04:00","-8.1","","-8.1","","100","","0.0","","17","","9","","","","","M","","","-13","","NA"
"-111.71","51.13","POLLOCKVILLE AGDM","3025243","2022-11-24 05:00","2022","11","24","05:00","-6.2","","-6.2","","100","","0.0","","15","","7","","","","","M","","","-10","","NA"
"-111.71","51.13","POLLOCKVILLE AGDM","3025243","2022-11-24 06:00","2022","11","24","06:00","-6.3","","-6.3","","100","","0.0","","18","","7","","","","","M","","","-10","","NA"
"-111.71","51.13","POLLOCKVILLE AGDM","3025243","2022-11-24 07:00","2022","11","24","07:00","-6.0","","-6.0","","100","","0.0","","21","","10","","","","","M","","","-10","","NA"
"-111.71","51.13","POLLOCKVILLE AGDM","3025243","2022-11-24 08:00","2022","11","24","08:00","-5.5","","-5.5","","100","","0.0","","21","","8","","","","","M","","","-9","","NA"
"-111.71","51.13","POLLOCKVILLE AGDM","3025243","2022-11-24 09:00","2022","11","24","09:00","-4.2","","-4.2","","100","","0.0","","20","","12","","","","","M","","","-9","","NA"
"-111.71","51.13","POLLOCKVILLE AGDM","3025243","2022-11-24 10:00","2022","11","24","10:00","-2.9","","-2.9","","100","","0.0","","21","","15","","","","","M","","","-8","","NA"
"-111.71","51.13","POLLOCKVILLE AGDM","3025243","2022-11-24 11:00","2022","11","24","11:00","-1.8","","-1.8","","100","","0.0","","20","","11","","","","","M","","","-6","","NA"
"-111.71","51.13","POLLOCKVILLE AGDM","3025243","2022-11-24 12:00","2022","11","24","12:00","0.2","","0.2","","100","","0.0","","22","","12","","","","","M","","","","","NA"
"-111.71","51.13","POLLOCKVILLE AGDM","3025243","2022-11-24 13:00","2022","11","24","13:00","1.5","","1.2","","98","","0.0","","22","","17","","","","","M","","","","","NA"
"-111.71","51.13","POLLOCKVILLE AGDM","3025243","2022-11-24 14:00","2022","11","24","14:00","1.7","","1.2","","96","","0.0","","19","","14","","","","","M","","","","","NA"
"-111.71","51.13","POLLOCKVILLE AGDM","3025243","2022-11-24 15:00","2022","11","24","15:00","1.7","","1.0","","95","","0.0","","19","","19","","","","","M","","","","","NA"
"-111.71","51.13","POLLOCKVILLE AGDM","3025243","2022-11-24 16:00","2022","11","24","16:00","1.5","","0.8","","96","","0.0","","19","","16","","","","","M","","","","","NA"
"-111.71","51.13","POLLOCKVILLE AGDM","3025243","2022-11-24 17:00","2022","11","24","17:00","1.4","","0.3","","93","","0.0","","19","","10","","","","","M","","","","","NA"
"-111.71","51.13","POLLOCKVILLE AGDM","3025243","2022-11-24 18:00","2022","11","24","18:00","5.3","","0.3","","71","","0.0","","24","","14","","","","","M","","","","","NA"
"-111.71","51.13","POLLOCKVILLE AGDM","3025243","2022-11-24 19:00","2022","11","24","19:00","4.0","","0.8","","79","","0.0","","25","","23","","","","","M","","","","","NA"
"-111.71","51.13","POLLOCKVILLE AGDM","3025243","2022-11-24 20:00","2022","11","24","20:00","4.3","","0.7","","77","","0.0","","23","","34","","","","","M","","","","","NA"
"-111.71","51.13","POLLOCKVILLE AGDM","3025243","2022-11-24 21:00","2022","11","24","21:00","3.5","","1.2","","85","","0.0","","24","","21","","","","","M","","","","","NA"
"-111.71","51.13","POLLOCKVILLE AGDM","3025243","2022-11-24 22:00","2022","11","24","22:00","2.8","","0.8","","87","","0.0","","16","","3","","","","","M","","","","","NA"
"-111.71","51.13","POLLOCKVILLE AGDM","3025243","2022-11-24 23:00","2022","11","24","23:00","3.9","","0.4","","78","","0.0","","25","","22","","","","","M","","","","","NA"
"-111.71","51.13","POLLOCKVILLE AGDM","3025243","2022-11-25 00:00","2022","11","25","00:00","1.4","","0.5","","93","","0.0","","15","","7","","","","","M","","","","","NA"
"-111.71","51.13","POLLOCKVILLE AGDM","3025243","2022-11-25 01:00","2022","11","25","01:00","1.7","","0.5","","92","","0.0","","24","","11","","","","","M","","","","","NA"
"-111.71","51.13","POLLOCKVILLE AGDM","3025243","2022-11-25 02:00","2022","11","25","02:00","0.4","","0.2","","99","","0.0","","22","","16","","","","","M","","","","","NA"
"-111.71","51.13","POLLOCKVILLE AGDM","3025243","2022-11-25 03:00","2022","11","25","03:00","0.3","","-0.5","","95","","0.0","","18","","16","","","","","M","","","","","NA"
"-111.71","51.13","POLLOCKVILLE AGDM","3025243","2022-11-25 04:00","2022","11","25","04:00","1.7","","-0.7","","84","","0.0","","17","","13","","","","","M","","","","","NA"
"-111.71","51.13","POLLOCKVILLE AGDM","3025243","2022-11-25 05:00","2022","11","25","05:00","1.0","","0.0","","93","","0.0","","15","","11","","","","","M","","","","","NA"
"-111.71","51.13","POLLOCKVILLE AGDM","3025243","2022-11-25 06:00","2022","11","25","06:00","2.8","","0.2","","83","","0.0","","21","","28","","","","","M","","","","","NA"
"-111.71","51.13","POLLOCKVILLE AGDM","3025243","2022-11-25 07:00","2022","11","25","07:00","2.0","","0.2","","87","","0.0","","21","","27","","","","","M","","","","","NA"
"-111.71","51.13","POLLOCKVILLE AGDM","3025243","2022-11-25 08:00","2022","11","25","08:00","3.2","","0.2","","81","","0.0","","22","","35","","","","","M","","","","","NA"
"-111.71","51.13","POLLOCKVILLE AGDM","3025243","2022-11-25 09:00","2022","11","25","09:00","2.7","","0.6","","86","","0.0","","22","","32","","","","","M","","","","","NA"
"-111.71","51.13","POLLOCKVILLE AGDM","3025243","2022-11-25 10:00","2022","11","25","10:00","2.7","","0.9","","88","","0.0","","22","","28","","","","","M","","","","","NA"
"-111.71","51.13","POLLOCKVILLE AGDM","3025243","2022-11-25 11:00","2022","11","25","11:00","3.8","","0.8","","81","","0.0","","21","","35","","","","","M","","","","","NA"
"-111.71","51.13","POLLOCKVILLE AGDM","3025243","2022-11-25 12:00","2022","11","25","12:00","3.4","","1.2","","85","","0.0","","22","","33","","","","","M","","","","","NA"
"-111.71","51.13","POLLOCKVILLE AGDM","3025243","2022-11-25 13:00","2022","11","25","13:00","3.6","","1.4","","86","","0.0","","23","","9","","","","","M","","","","","NA"
"-111.71","51.13","POLLOCKVILLE AGDM","3025243","2022-11-25 14:00","2022","11","25","14:00","3.1","","1.6","","90","","0.0","","26","","11","","","","","M","","","","","NA"
"-111.71","51.13","POLLOCKVILLE AGDM","3025243","2022-11-25 15:00","2022","11","25","15:00","3.2","","1.7","","90","","0.0","","33","","22","","","","","M","","","","","NA"
"-111.71","51.13","POLLOCKVILLE AGDM","3025243","2022-11-25 16:00","2022","11","25","16:00","1.5","","1.4","","99","","0.0","","35","","25","","","","","M","","","","","NA"
"-111.71","51.13","POLLOCKVILLE AGDM","3025243","2022-11-25 17:00","2022","11","25","17:00","-0.1","","-0.1","","100","","0.0","","36","","14","","","","","M","","","-4","","NA"
"-111.71","51.13","POLLOCKVILLE AGDM","3025243","2022-11-25 18:00","2022","11","25","18:00","-1.3","","-1.3","","100","","0.0","","30","","12","","","","","M","","","-5","","NA"
"-111.71","51.13","POLLOCKVILLE AGDM","3025243","2022-11-25 19:00","2022","11","25","19:00","0.3","","0.3","","100","","0.0","","27","","14","","","","","M","","","","","NA"
"-111.71","51.13","POLLOCKVILLE AGDM","3025243","2022-11-25 20:00","2022","11","25","20:00","1.3","","1.3","","100","","0.0","","29","","15","","","","","M","","","","","NA"
"-111.71","51.13","POLLOCKVILLE AGDM","3025243","2022-11-25 21:00","2022","11","25","21:00","1.5","","1.5","","100","","0.0","","28","","8","","","","","M","","","","","NA"
"-111.71","51.13","POLLOCKVILLE AGDM","3025243","2022-11-25 22:00","2022","11","25","22:00","1.1","","1.1","","100","","0.0","","27","","10","","","","","M","","","","","NA"
"-111.71","51.13","POLLOCKVILLE AGDM","3025243","2022-11-25 23:00","2022","11","25","23:00","1.8","","0.4","","91","","0.0","","26","","10","","","","","M","","","","","NA"
"-111.71","51.13","POLLOCKVILLE AGDM","3025243","2022-11-26 00:00","2022","11","26","00:00","0.4","","0.4","","100","","0.0","","24","","14","","","","","M","","","","","NA"
"-111.71","51.13","POLLOCKVILLE AGDM","3025243","2022-11-26 01:00","2022","11","26","01:00","-1.9","","-1.9","","100","","0.0","","26","","13","","","","","M","","","-6","","NA"
"-111.71","51.13","POLLOCKVILLE AGDM","3025243","2022-11-26 02:00","2022","11","26","02:00","-2.9","","-2.9","","100","","0.0","","26","","19","","","","","M","","","-9","","NA"
"-111.71","51.13","POLLOCKVILLE AGDM","3025243","2022-11-26 03:00","2022","11","26","03:00","-3.8","","-3.8","","100","","0.0","","26","","15","","","","","M","","","-9","","NA"
"-111.71","51.13","POLLOCKVILLE AGDM","3025243","2022-11-26 04:00","2022","11","26","04:00","-5.4","","-5.4","","100","","0.0","","25","","16","","","","","M","","","-11","","NA"
"-111.71","51.13","POLLOCKVILLE AGDM","3025243","2022-11-26 05:00","2022","11","26","05:00","-5.3","","-5.3","","100","","0.0","","26","","6","","","","","M","","","-8","","NA"
"-111.71","51.13","POLLOCKVILLE AGDM","3025243","2022-11-26 06:00","2022","11","26","06:00","-4.8","","-4.8","","100","","0.0","","19","","8","","","","","M","","","-8","","NA"
"-111.71","51.13","POLLOCKVILLE AGDM","3025243","2022-11-26 07:00","2022","11","26","07:00","-5.0","","-5.0","","100","","0.0","","18","","9","","","","","M","","","-9","","NA"
"-111.71","51.13","POLLOCKVILLE AGDM","3025243","2022-11-26 08:00","2022","11","26","08:00","-6.7","","-6.7","","100","","0.0","","22","","13","","","","","M","","","-12","","NA"
"-111.71","51.13","POLLOCKVILLE AGDM","3025243","2022-11-26 09:00","2022","11","26","09:00","-7.0","","-7.0","","100","","0.0","","21","","10","","","","","M","","","-12","","NA"
"-111.71","51.13","POLLOCKVILLE AGDM","3025243","2022-11-26 10:00","2022","11","26","10:00","-6.0","","-6.0","","100","","0.0","","21","","11","","","","","M","","","-11","","NA"
"-111.71","51.13","POLLOCKVILLE AGDM","3025243","2022-11-26 11:00","2022","11","26","11:00","-3.4","","-3.4","","100","","0.0","","21","","16","","","","","M","","","-9","","NA"
"-111.71","51.13","POLLOCKVILLE AGDM","3025243","2022-11-26 12:00","2022","11","26","12:00","-2.3","","-2.4","","99","","0.0","","20","","11","","","","","M","","","-6","","NA"
"-111.71","51.13","POLLOCKVILLE AGDM","3025243","2022-11-26 13:00","2022","11","26","13:00","-1.0","","-1.2","","98","","0.0","","20","","12","","","","","M","","","-5","","NA"
"-111.71","51.13","POLLOCKVILLE AGDM","3025243","2022-11-26 14:00","2022","11","26","14:00","0.2","","-0.2","","97","","0.0","","19","","12","","","","","M","","","","","NA"
"-111.71","51.13","POLLOCKVILLE AGDM","3025243","2022-11-26 15:00","2022","11","26","15:00","-0.7","","-0.7","","100","","0.0","","18","","12","","","","","M","","","-5","","NA"
"-111.71","51.13","POLLOCKVILLE AGDM","3025243","2022-11-26 16:00","2022","11","26","16:00","-0.8","","-0.8","","100","","0.0","","15","","9","","","","","M","","","-4","","NA"
"-111.71","51.13","POLLOCKVILLE AGDM","3025243","2022-11-26 17:00","2022","11","26","17:00","-3.6","","-3.6","","100","","0.0","","18","","13","","","","","M","","","-8","","NA"
"-111.71","51.13","POLLOCKVILLE AGDM","3025243","2022-11-26 18:00","2022","11","26","18:00","-3.5","","-3.5","","100","","0.0","","18","","14","","","","","M","","","-9","","NA"
"-111.71","51.13","POLLOCKVILLE AGDM","3025243","2022-11-26 19:00","2022","11","26","19:00","-4.6","","-4.6","","100","","0.0","","20","","9","","","","","M","","","-8","","NA"
"-111.71","51.13","POLLOCKVILLE AGDM","3025243","2022-11-26 20:00","2022","11","26","20:00","-5.3","","-5.3","","100","","0.0","","20","","17","","","","","M","","","-11","","NA"
"-111.71","51.13","POLLOCKVILLE AGDM","3025243","2022-11-26 21:00","2022","11","26","21:00","-5.9","","-5.9","","100","","0.0","","20","","17","","","","","M","","","-12","","NA"
"-111.71","51.13","POLLOCKVILLE AGDM","3025243","2022-11-26 22:00","2022","11","26","22:00","-6.7","","-6.7","","100","","0.0","","21","","14","","","","","M","","","-12","","NA"
"-111.71","51.13","POLLOCKVILLE AGDM","3025243","2022-11-26 23:00","2022","11","26","23:00","-6.6","","-6.6","","100","","0.0","","20","","14","","","","","M","","","-12","","NA"
"-111.71","51.13","POLLOCKVILLE AGDM","3025243","2022-11-27 00:00","2022","11","27","00:00","-5.7","","-5.7","","100","","0.0","","16","","9","","","","","M","","","-10","","NA"
"-111.71","51.13","POLLOCKVILLE AGDM","3025243","2022-11-27 01:00","2022","11","27","01:00","-4.4","","-4.4","","100","","0.0","","17","","5","","","","","M","","","-7","","NA"
"-111.71","51.13","POLLOCKVILLE AGDM","3025243","2022-11-27 02:00","2022","11","27","02:00","-4.6","","-4.6","","100","","0.0","","16","","14","","","","","M","","","-10","","NA"
"-111.71","51.13","POLLOCKVILLE AGDM","3025243","2022-11-27 03:00","2022","11","27","03:00","-4.6","","-4.6","","100","","0.0","","19","","11","","","","","M","","","-9","","NA"
"-111.71","51.13","POLLOCKVILLE AGDM","3025243","2022-11-27 04:00","2022","11","27","04:00","-3.3","","-3.8","","97","","0.0","","22","","21","","","","","M","","","-10","","NA"
"-111.71","51.13","POLLOCKVILLE AGDM","3025243","2022-11-27 05:00","2022","11","27","05:00","-2.6","","-3.6","","93","","0.0","","21","","27","","","","","M","","","-10","","NA"
"-111.71","51.13","POLLOCKVILLE AGDM","3025243","2022-11-27 06:00","2022","11","27","06:00","-2.4","","-4.4","","86","","0.0","","21","","23","","","","","M","","","-9","","NA"
"-111.71","51.13","POLLOCKVILLE AGDM","3025243","2022-11-27 07:00","2022","11","27","07:00","-3.6","","-3.7","","99","","0.0","","21","","21","","","","","M","","","-10","","NA"
"-111.71","51.13","POLLOCKVILLE AGDM","3025243","2022-11-27 08:00","2022","11","27","08:00","-2.4","","-3.2","","95","","0.0","","21","","19","","","","","M","","","-8","","NA"
"-111.71","51.13","POLLOCKVILLE AGDM","3025243","2022-11-27 09:00","2022","11","27","09:00","-2.4","","-3.5","","92","","0.0","","21","","6","","","","","M","","","-5","","NA"
"-111.71","51.13","POLLOCKVILLE AGDM","3025243","2022-11-27 10:00","2022","11","27","10:00","-1.5","","-2.0","","97","","0.0","","26","","10","","","","","M","","","-5","","NA"
"-111.71","51.13","POLLOCKVILLE AGDM","3025243","2022-11-27 11:00","2022","11","27","11:00","-0.3","","-0.3","","100","","0.0","","31","","16","","","","","M","","","-5","","NA"
"-111.71","51.13","POLLOCKVILLE AGDM","3025243","2022-11-27 12:00","2022","11","27","12:00","0.5","","-0.8","","91","","0.0","","34","","33","","","","","M","","","","","NA"
"-111.71","51.13","POLLOCKVILLE AGDM","3025243","2022-11-27 13:00","2022","11","27","13:00","0.0","","0.0","","100","","0.0","","34","","38","","","","","M","","","-7","","NA"
"-111.71","51.13","POLLOCKVILLE AGDM","3025243","2022-11-27 14:00","2022","11","27","14:00","-1.3","","-1.3","","100","","0.0","","33","","41","","","","","M","","","-9","","NA"
"-111.71","51.13","POLLOCKVILLE AGDM","3025243","2022-11-27 15:00","2022","11","27","15:00","-2.6","","-2.6","","100","","0.0","","32","","50","","","","","M","","","-12","","NA"
"-111.71","51.13","POLLOCKVILLE AGDM","3025243","2022-11-27 16:00","2022","11","27","16:00","-3.3","","-3.3","","100","","0.0","","32","","44","","","","","M","","","-12","","NA"
"-111.71","51.13","POLLOCKVILLE AGDM","3025243","2022-11-27 17:00","2022","11","27","17:00","-3.5","","-3.5","","100","","0.4","","32","","40","","","","","M","","","-12","","NA"
"-111.71","51.13","POLLOCKVILLE AGDM","3025243","2022-11-27 18:00","2022","11","27","18:00","-3.8","","-3.8","","100","","0.0","","33","","41","","","","","M","","","-13","","NA"
"-111.71","51.13","POLLOCKVILLE AGDM","3025243","2022-11-27 19:00","2022","11","27","19:00","-4.7","","-4.7","","100","","0.0","","33","","49","","","","","M","","","-14","","NA"
"-111.71","51.13","POLLOCKVILLE AGDM","3025243","2022-11-27 20:00","2022","11","27","20:00","-6.0","","-6.0","","100","","0.0","","32","","53","","","","","M","","","-17","","NA"
"-111.71","51.13","POLLOCKVILLE AGDM","3025243","2022-11-27 21:00","2022","11","27","21:00","-6.7","","-6.7","","100","","0.0","","32","","50","","","","","M","","","-17","","NA"
"-111.71","51.13","POLLOCKVILLE AGDM","3025243","2022-11-27 22:00","2022","11","27","22:00","-7.2","","-7.5","","98","","0.0","","32","","48","","","","","M","","","-18","","NA"
"-111.71","51.13","POLLOCKVILLE AGDM","3025243","2022-11-27 23:00","2022","11","27","23:00","-7.8","","-7.8","","100","","0.0","","32","","51","","","","","M","","","-19","","NA"
"-111.71","51.13","POLLOCKVILLE AGDM","3025243","2022-11-28 00:00","2022","11","28","00:00","-8.5","","-8.5","","100","","0.0","","32","","55","","","","","M","","","-20","","NA"
"-111.71","51.13","POLLOCKVILLE AGDM","3025243","2022-11-28 01:00","2022","11","28","01:00","-9.0","","-9.0","","100","","0.0","","33","","47","","","","","M","","","-20","","NA"
"-111.71","51.13","POLLOCKVILLE AGDM","3025243","2022-11-28 02:00","2022","11","28","02:00","-9.1","","-9.3","","98","","0.0","","31","","45","","","","","M","","","-20","","NA"
"-111.71","51.13","POLLOCKVILLE AGDM","3025243","2022-11-28 03:00","2022","11","28","03:00","-9.6","","-10.1","","96","","0.0","","32","","47","","","","","M","","","-21","","NA"
"-111.71","51.13","POLLOCKVILLE AGDM","3025243","2022-11-28 04:00","2022","11","28","04:00","-10.1","","-10.4","","98","","0.0","","32","","46","","","","","M","","","-22","","NA"
"-111.71","51.13","POLLOCKVILLE AGDM","3025243","2022-11-28 05:00","2022","11","28","05:00","-10.4","","-10.7","","98","","0.0","","32","","46","","","","","M","","","-22","","NA"
"-111.71","51.13","POLLOCKVILLE AGDM","3025243","2022-11-28 06:00","2022","11","28","06:00","-10.8","","-11.0","","99","","0.0","","32","","39","","","","","M","","","-22","","NA"
"-111.71","51.13","POLLOCKVILLE AGDM","3025243","2022-11-28 07:00","2022","11","28","07:00","-11.2","","-11.3","","99","","0.0","","32","","46","","","","","M","","","-23","","NA"
"-111.71","51.13","POLLOCKVILLE AGDM","3025243","2022-11-28 08:00","2022","11","28","08:00","-11.7","","-12.0","","97","","0.0","","32","","42","","","","","M","","","-23","","NA"
"-111.71","51.13","POLLOCKVILLE AGDM","3025243","2022-11-28 09:00","2022","11","28","09:00","-11.6","","-11.9","","97","","0.0","","32","","48","","","","","M","","","-24","","NA"
"-111.71","51.13","POLLOCKVILLE AGDM","3025243","2022-11-28 10:00","2022","11","28","10:00","-11.6","","-11.9","","98","","0.0","","32","","44","","","","","M","","","-23","","NA"
"-111.71","51.13","POLLOCKVILLE AGDM","3025243","2022-11-28 11:00","2022","11","28","11:00","-11.3","","-11.7","","97","","0.0","","32","","46","","","","","M","","","-23","","NA"
"-111.71","51.13","POLLOCKVILLE AGDM","3025243","2022-11-28 12:00","2022","11","28","12:00","-10.9","","-11.4","","96","","0.0","","32","","46","","","","","M","","","-23","","NA"
"-111.71","51.13","POLLOCKVILLE AGDM","3025243","2022-11-28 13:00","2022","11","28","13:00","-10.8","","-11.2","","96","","0.0","","32","","48","","","","","M","","","-23","","NA"
"-111.71","51.13","POLLOCKVILLE AGDM","3025243","2022-11-28 14:00","2022","11","28","14:00","-10.9","","-11.2","","98","","0.0","","32","","45","","","","","M","","","-23","","NA"
"-111.71","51.13","POLLOCKVILLE AGDM","3025243","2022-11-28 15:00","2022","11","28","15:00","-11.4","","-11.5","","99","","0.0","","32","","47","","","","","M","","","-23","","NA"
"-111.71","51.13","POLLOCKVILLE AGDM","3025243","2022-11-28 16:00","2022","11","28","16:00","-11.4","","-11.4","","100","","0.0","","32","","41","","","","","M","","","-23","","NA"
"-111.71","51.13","POLLOCKVILLE AGDM","3025243","2022-11-28 17:00","2022","11","28","17:00","-11.7","","-11.7","","100","","0.0","","33","","39","","","","","M","","","-23","","NA"
"-111.71","51.13","POLLOCKVILLE AGDM","3025243","2022-11-28 18:00","2022","11","28","18:00","-11.8","","-11.9","","99","","0.0","","32","","42","","","","","M","","","-23","","NA"
"-111.71","51.13","POLLOCKVILLE AGDM","3025243","2022-11-28 19:00","2022","11","28","19:00","-12.0","","-12.2","","99","","0.0","","33","","37","","","","","M","","","-23","","NA"
"-111.71","51.13","POLLOCKVILLE AGDM","3025243","2022-11-28 20:00","2022","11","28","20:00","-12.3","","-12.4","","100","","0.0","","33","","39","","","","","M","","","-24","","NA"
"-111.71","51.13","POLLOCKVILLE AGDM","3025243","2022-11-28 21:00","2022","11","28","21:00","-12.7","","-12.9","","98","","0.0","","33","","35","","","","","M","","","-24","","NA"
"-111.71","51.13","POLLOCKVILLE AGDM","3025243","2022-11-28 22:00","2022","11","28","22:00","-13.1","","-13.3","","99","","0.0","","33","","35","","","","","M","","","-24","","NA"
"-111.71","51.13","POLLOCKVILLE AGDM","3025243","2022-11-28 23:00","2022","11","28","23:00","-13.4","","-13.9","","96","","0.0","","33","","32","","","","","M","","","-24","","NA"
"-111.71","51.13","POLLOCKVILLE AGDM","3025243","2022-11-29 00:00","2022","11","29","00:00","-13.7","","-14.1","","96","","0.0","","32","","35","","","","","M","","","-25","","NA"
"-111.71","51.13","POLLOCKVILLE AGDM","3025243","2022-11-29 01:00","2022","11","29","01:00","-14.1","","-14.9","","94","","0.0","","32","","31","","","","","M","","","-25","","NA"
"-111.71","51.13","POLLOCKVILLE AGDM","3025243","2022-11-29 02:00","2022","11","29","02:00","-13.9","","-14.7","","93","","0.0","","32","","26","","","","","M","","","-24","","NA"
"-111.71","51.13","POLLOCKVILLE AGDM","3025243","2022-11-29 03:00","2022","11","29","03:00","-13.8","","-14.5","","94","","0.0","","33","","33","","","","","M","","","-25","","NA"
"-111.71","51.13","POLLOCKVILLE AGDM","3025243","2022-11-29 04:00","2022","11","29","04:00","-14.2","","-14.7","","96","","0.0","","33","","28","","","","","M","","","-25","","NA"
"-111.71","51.13","POLLOCKVILLE AGDM","3025243","2022-11-29 05:00","2022","11","29","05:00","-14.6","","-15.1","","96","","0.0","","33","","27","","","","","M","","","-25","","NA"
"-111.71","51.13","POLLOCKVILLE AGDM","3025243","2022-11-29 06:00","2022","11","29","06:00","-15.0","","-15.8","","94","","0.0","","33","","25","","","","","M","","","-25","","NA"
"-111.71","51.13","POLLOCKVILLE AGDM","3025243","2022-11-29 07:00","2022","11","29","07:00","-16.1","","-16.8","","95","","0.0","","30","","18","","","","","M","","","-25","","NA"
"-111.71","51.13","POLLOCKVILLE AGDM","3025243","2022-11-29 08:00","2022","11","29","08:00","-16.9","","-17.5","","95","","0.0","","30","","19","","","","","M","","","-26","","NA"
"-111.71","51.13","POLLOCKVILLE AGDM","3025243","2022-11-29 09:00","2022","11","29","09:00","-16.2","","-16.9","","94","","0.0","","33","","17","","","","","M","","","-25","","NA"
"-111.71","51.13","POLLOCKVILLE AGDM","3025243","2022-11-29 10:00","2022","11","29","10:00","-17.1","","-17.9","","93","","0.0","","28","","12","","","","","M","","","-25","","NA"
"-111.71","51.13","POLLOCKVILLE AGDM","3025243","2022-11-29 11:00","2022","11","29","11:00","-16.1","","-17.1","","92","","0.0","","31","","16","","","","","M","","","-25","","NA"
"-111.71","51.13","POLLOCKVILLE AGDM","3025243","2022-11-29 12:00","2022","11","29","12:00","-15.0","","-16.8","","86","","0.0","","32","","10","","","","","M","","","-21","","NA"
"-111.71","51.13","POLLOCKVILLE AGDM","3025243","2022-11-29 13:00","2022","11","29","13:00","-14.1","","-16.2","","84","","0.0","","33","","14","","","","","M","","","-22","","NA"
"-111.71","51.13","POLLOCKVILLE AGDM","3025243","2022-11-29 14:00","2022","11","29","14:00","-14.2","","-16.1","","86","","0.0","","34","","10","","","","","M","","","-20","","NA"
"-111.71","51.13","POLLOCKVILLE AGDM","3025243","2022-11-29 15:00","2022","11","29","15:00","-15.2","","-17.2","","85","","0.0","","29","","11","","","","","M","","","-22","","NA"
"-111.71","51.13","POLLOCKVILLE AGDM","3025243","2022-11-29 16:00","2022","11","29","16:00","-16.8","","-18.5","","87","","0.0","","32","","10","","","","","M","","","-23","","NA"
"-111.71","51.13","POLLOCKVILLE AGDM","3025243","2022-11-29 17:00","2022","11","29","17:00","-19.0","","-19.5","","96","","0.0","","31","","8","","","","","M","","","-25","","NA"
"-111.71","51.13","POLLOCKVILLE AGDM","3025243","2022-11-29 18:00","2022","11","29","18:00","-20.1","","-20.2","","99","","0.0","","32","","9","","","","","M","","","-27","","NA"
"-111.71","51.13","POLLOCKVILLE AGDM","3025243","2022-11-29 19:00","2022","11","29","19:00","-21.9","","-22.4","","96","","0.0","","32","","12","","","","","M","","","-30","","NA"
"-111.71","51.13","POLLOCKVILLE AGDM","3025243","2022-11-29 20:00","2022","11","29","20:00","-23.1","","-23.9","","93","","0.0","","32","","11","","","","","M","","","-31","","NA"
"-111.71","51.13","POLLOCKVILLE AGDM","3025243","2022-11-29 21:00","2022","11","29","21:00","-23.2","","-24.1","","93","","0.0","","35","","14","","","","","M","","","-33","","NA"
"-111.71","51.13","POLLOCKVILLE AGDM","3025243","2022-11-29 22:00","2022","11","29","22:00","-24.1","","-25.4","","89","","0.0","","36","","9","","","","","M","","","-32","","NA"
"-111.71","51.13","POLLOCKVILLE AGDM","3025243","2022-11-29 23:00","2022","11","29","23:00","-24.7","","-26.0","","88","","0.0","","2","","10","","","","","M","","","-33","","NA"
"-111.71","51.13","POLLOCKVILLE AGDM","3025243","2022-11-30 00:00","2022","11","30","00:00","-25.0","","-26.3","","89","","0.0","","5","","7","","","","","M","","","-31","","NA"
"-111.71","51.13","POLLOCKVILLE AGDM","3025243","2022-11-30 01:00","2022","11","30","01:00","-24.9","","-26.1","","89","","0.0","","3","","10","","","","","M","","","-33","","NA"
"-111.71","51.13","POLLOCKVILLE AGDM","3025243","2022-11-30 02:00","2022","11","30","02:00","-23.8","","-24.8","","91","","0.0","","4","","9","","","","","M","","","-31","","NA"
"-111.71","51.13","POLLOCKVILLE AGDM","3025243","2022-11-30 03:00","2022","11","30","03:00","-22.7","","-23.4","","95","","0.0","","5","","10","","","","","M","","","-30","","NA"
"-111.71","51.13","POLLOCKVILLE AGDM","3025243","2022-11-30 04:00","2022","11","30","04:00","-23.1","","-24.0","","93","","0.0","","5","","9","","","","","M","","","-30","","NA"
"-111.71","51.13","POLLOCKVILLE AGDM","3025243","2022-11-30 05:00","2022","11","30","05:00","-22.1","","-22.7","","95","","0.0","","4","","8","","","","","M","","","-29","","NA"
"-111.71","51.13","POLLOCKVILLE AGDM","3025243","2022-11-30 06:00","2022","11","30","06:00","-21.4","","-21.8","","96","","0.0","","4","","3","","","","","M","","","-24","","NA"
"-111.71","51.13","POLLOCKVILLE AGDM","3025243","2022-11-30 07:00","2022","11","30","07:00","-19.9","","-19.9","","100","","0.0","","9","","10","","","","","M","","","-27","","NA"
"-111.71","51.13","POLLOCKVILLE AGDM","3025243","2022-11-30 08:00","2022","11","30","08:00","-18.3","","-18.3","","100","","0.0","","10","","11","","","","","M","","","-26","","NA"
"-111.71","51.13","POLLOCKVILLE AGDM","3025243","2022-11-30 09:00","2022","11","30","09:00","-17.8","","-17.8","","100","","0.0","","9","","23","","","","","M","","","-28","","NA"
"-111.71","51.13","POLLOCKVILLE AGDM","3025243","2022-11-30 10:00","2022","11","30","10:00","-16.9","","-16.9","","100","","0.0","","11","","27","","","","","M","","","-28","","NA"
"-111.71","51.13","POLLOCKVILLE AGDM","3025243","2022-11-30 11:00","2022","11","30","11:00","-16.0","","-16.0","","100","","0.0","","11","","31","","","","","M","","","-28","","NA"
"-111.71","51.13","POLLOCKVILLE AGDM","3025243","2022-11-30 12:00","2022","11","30","12:00","-15.3","","-15.3","","100","","0.0","","10","","29","","","","","M","","","-26","","NA"
"-111.71","51.13","POLLOCKVILLE AGDM","3025243","2022-11-30 13:00","2022","11","30","13:00","-15.0","","-15.0","","100","","0.0","","10","","37","","","","","M","","","-27","","NA"
"-111.71","51.13","POLLOCKVILLE AGDM","3025243","2022-11-30 14:00","2022","11","30","14:00","-14.8","","-14.8","","100","","0.0","","10","","28","","","","","M","","","-25","","NA"
"-111.71","51.13","POLLOCKVILLE AGDM","3025243","2022-11-30 15:00","2022","11","30","15:00","-14.6","","-14.6","","100","","0.0","","10","","28","","","","","M","","","-25","","NA"
"-111.71","51.13","POLLOCKVILLE AGDM","3025243","2022-11-30 16:00","2022","11","30","16:00","-14.2","","-14.2","","100","","0.4","","9","","22","","","","","M","","","-24","","NA"
"-111.71","51.13","POLLOCKVILLE AGDM","3025243","2022-11-30 17:00","2022","11","30","17:00","-14.1","","-14.1","","100","","0.0","","10","","18","","","","","M","","","-23","","NA"
"-111.71","51.13","POLLOCKVILLE AGDM","3025243","2022-11-30 18:00","2022","11","30","18:00","-14.1","","-14.1","","100","","0.6","","7","","10","","","","","M","","","-20","","NA"
"-111.71","51.13","POLLOCKVILLE AGDM","3025243","2022-11-30 19:00","2022","11","30","19:00","-14.6","","-14.6","","100","","0.0","","5","","13","","","","","M","","","-22","","NA"
"-111.71","51.13","POLLOCKVILLE AGDM","3025243","2022-11-30 20:00","2022","11","30","20:00","-14.7","","-14.7","","100","","0.0","","4","","12","","","","","M","","","-22","","NA"
"-111.71","51.13","POLLOCKVILLE AGDM","3025243","2022-11-30 21:00","2022","11","30","21:00","-15.1","","-15.1","","100","","0.0","","3","","13","","","","","M","","","-22","","NA"
"-111.71","51.13","POLLOCKVILLE AGDM","3025243","2022-11-30 22:00","2022","11","30","22:00","-15.8","","-15.9","","99","","0.0","","36","","21","","","","","M","","","-25","","NA"
"-111.71","51.13","POLLOCKVILLE AGDM","3025243","2022-11-30 23:00","2022","11","30","23:00","-17.1","","-17.2","","99","","0.0","","36","","20","","","","","M","","","-27","","NA"
