"Longitude (x)","Latitude (y)","Station Name","Climate ID","Date/Time (LST)","Year","Month","Day","Time (LST)","Temp (°C)","Temp Flag","Dew Point Temp (°C)","Dew Point Temp Flag","Rel Hum (%)","Rel Hum Flag","Precip. Amount (mm)","Precip. Amount Flag","Wind Dir (10s deg)","Wind Dir Flag","Wind Spd (km/h)","Wind Spd Flag","Visibility (km)","Visibility Flag","Stn Press (kPa)","Stn Press Flag","Hmdx","Hmdx Flag","Wind Chill","Wind Chill Flag","Weather"
"-86.22","66.52","NAUJAAT A","2403491","2019-06-01 00:00","2019","06","01","00:00","3.0","","0.6","","84","","","","5","","8","","24.1","","102.13","","","","","","Cloudy"
"-86.22","66.52","NAUJAAT A","2403491","2019-06-01 01:00","2019","06","01","01:00"
"-86.22","66.52","NAUJAAT A","2403491","2019-06-01 02:00","2019","06","01","02:00"
"-86.22","66.52","NAUJAAT A","2403491","2019-06-01 03:00","2019","06","01","03:00"
"-86.22","66.52","NAUJAAT A","2403491","2019-06-01 04:00","2019","06","01","04:00"
"-86.22","66.52","NAUJAAT A","2403491","2019-06-01 05:00","2019","06","01","05:00"
"-86.22","66.52","NAUJAAT A","2403491","2019-06-01 06:00","2019","06","01","06:00"
"-86.22","66.52","NAUJAAT A","2403491","2019-06-01 07:00","2019","06","01","07:00"
"-86.22","66.52","NAUJAAT A","2403491","2019-06-01 08:00","2019","06","01","08:00","2.7","","0.0","","83","","","","36","","14","","24.1","","102.24","","","","","","NA"
"-86.22","66.52","NAUJAAT A","2403491","2019-06-01 09:00","2019","06","01","09:00","2.8","","-0.1","","81","","","","2","","15","","24.1","","102.28","","","","","","Cloudy"
"-86.22","66.52","NAUJAAT A","2403491","2019-06-01 10:00","2019","06","01","10:00","3.3","","0.3","","81","","","","3","","16","","24.1","","102.26","","","","","","NA"
"-86.22","66.52","NAUJAAT A","2403491","2019-06-01 11:00","2019","06","01","11:00","3.5","","0.0","","78","","","","3","","13","","24.1","","102.26","","","","","","NA"
"-86.22","66.52","NAUJAAT A","2403491","2019-06-01 12:00","2019","06","01","12:00","4.1","","0.7","","79","","","","36","","11","","24.1","","102.27","","","","","","Cloudy"
"-86.22","66.52","NAUJAAT A","2403491","2019-06-01 13:00","2019","06","01","13:00","4.7","","0.6","","75","","","","1","","12","","24.1","","102.28","","","","","","NA"
"-86.22","66.52","NAUJAAT A","2403491","2019-06-01 14:00","2019","06","01","14:00","5.0","","0.5","","72","","","","36","","10","","32.2","","102.25","","","","","","NA"
"-86.22","66.52","NAUJAAT A","2403491","2019-06-01 15:00","2019","06","01","15:00"
"-86.22","66.52","NAUJAAT A","2403491","2019-06-01 16:00","2019","06","01","16:00"
"-86.22","66.52","NAUJAAT A","2403491","2019-06-01 17:00","2019","06","01","17:00"
"-86.22","66.52","NAUJAAT A","2403491","2019-06-01 18:00","2019","06","01","18:00"
"-86.22","66.52","NAUJAAT A","2403491","2019-06-01 19:00","2019","06","01","19:00"
"-86.22","66.52","NAUJAAT A","2403491","2019-06-01 20:00","2019","06","01","20:00"
"-86.22","66.52","NAUJAAT A","2403491","2019-06-01 21:00","2019","06","01","21:00"
"-86.22","66.52","NAUJAAT A","2403491","2019-06-01 22:00","2019","06","01","22:00"
"-86.22","66.52","NAUJAAT A","2403491","2019-06-01 23:00","2019","06","01","23:00"
"-86.22","66.52","NAUJAAT A","2403491","2019-06-02 00:00","2019","06","02","00:00"
"-86.22","66.52","NAUJAAT A","2403491","2019-06-02 01:00","2019","06","02","01:00"
"-86.22","66.52","NAUJAAT A","2403491","2019-06-02 02:00","2019","06","02","02:00"
"-86.22","66.52","NAUJAAT A","2403491","2019-06-02 03:00","2019","06","02","03:00"
"-86.22","66.52","NAUJAAT A","2403491","2019-06-02 04:00","2019","06","02","04:00"
"-86.22","66.52","NAUJAAT A","2403491","2019-06-02 05:00","2019","06","02","05:00"
"-86.22","66.52","NAUJAAT A","2403491","2019-06-02 06:00","2019","06","02","06:00"
"-86.22","66.52","NAUJAAT A","2403491","2019-06-02 07:00","2019","06","02","07:00"
"-86.22","66.52","NAUJAAT A","2403491","2019-06-02 08:00","2019","06","02","08:00","2.0","","-0.3","","85","","","","27","","8","","24.1","","102.44","","","","","","NA"
"-86.22","66.52","NAUJAAT A","2403491","2019-06-02 09:00","2019","06","02","09:00","2.6","","-0.1","","83","","","","24","","8","","24.1","","102.43","","","","","","Mainly Clear"
"-86.22","66.52","NAUJAAT A","2403491","2019-06-02 10:00","2019","06","02","10:00","2.4","","0.1","","85","","","","24","","8","","24.1","","102.42","","","","","","NA"
"-86.22","66.52","NAUJAAT A","2403491","2019-06-02 11:00","2019","06","02","11:00","2.8","","0.5","","85","","","","24","","6","","24.1","","102.41","","","","","","NA"
"-86.22","66.52","NAUJAAT A","2403491","2019-06-02 12:00","2019","06","02","12:00","2.3","","0.1","","86","","","","25","","8","","24.1","","102.41","","","","","","Mainly Clear"
"-86.22","66.52","NAUJAAT A","2403491","2019-06-02 13:00","2019","06","02","13:00","3.2","","1.0","","85","","","","24","","6","","24.1","","102.41","","","","","","NA"
"-86.22","66.52","NAUJAAT A","2403491","2019-06-02 14:00","2019","06","02","14:00","3.3","","1.0","","85","","","","26","","5","","24.1","","102.39","","","","","","NA"
"-86.22","66.52","NAUJAAT A","2403491","2019-06-02 15:00","2019","06","02","15:00"
"-86.22","66.52","NAUJAAT A","2403491","2019-06-02 16:00","2019","06","02","16:00"
"-86.22","66.52","NAUJAAT A","2403491","2019-06-02 17:00","2019","06","02","17:00"
"-86.22","66.52","NAUJAAT A","2403491","2019-06-02 18:00","2019","06","02","18:00"
"-86.22","66.52","NAUJAAT A","2403491","2019-06-02 19:00","2019","06","02","19:00"
"-86.22","66.52","NAUJAAT A","2403491","2019-06-02 20:00","2019","06","02","20:00"
"-86.22","66.52","NAUJAAT A","2403491","2019-06-02 21:00","2019","06","02","21:00"
"-86.22","66.52","NAUJAAT A","2403491","2019-06-02 22:00","2019","06","02","22:00"
"-86.22","66.52","NAUJAAT A","2403491","2019-06-02 23:00","2019","06","02","23:00"
"-86.22","66.52","NAUJAAT A","2403491","2019-06-03 00:00","2019","06","03","00:00"
"-86.22","66.52","NAUJAAT A","2403491","2019-06-03 01:00","2019","06","03","01:00"
"-86.22","66.52","NAUJAAT A","2403491","2019-06-03 02:00","2019","06","03","02:00"
"-86.22","66.52","NAUJAAT A","2403491","2019-06-03 03:00","2019","06","03","03:00"
"-86.22","66.52","NAUJAAT A","2403491","2019-06-03 04:00","2019","06","03","04:00"
"-86.22","66.52","NAUJAAT A","2403491","2019-06-03 05:00","2019","06","03","05:00"
"-86.22","66.52","NAUJAAT A","2403491","2019-06-03 06:00","2019","06","03","06:00","-2.4","","-2.9","","96","","","","13","","13","","0.6","","102.36","","","","-7","","Moderate Freezing Drizzle"
"-86.22","66.52","NAUJAAT A","2403491","2019-06-03 07:00","2019","06","03","07:00","-2.2","","-2.8","","96","","","","13","","12","","8.1","","102.36","","","","-6","","Fog"
"-86.22","66.52","NAUJAAT A","2403491","2019-06-03 08:00","2019","06","03","08:00","-2.2","","-2.9","","95","","","","16","","8","","16.1","","102.36","","","","-5","","NA"
"-86.22","66.52","NAUJAAT A","2403491","2019-06-03 09:00","2019","06","03","09:00","-1.6","","-2.3","","95","","","","15","","9","","4.8","","102.33","","","","-5","","Fog"
"-86.22","66.52","NAUJAAT A","2403491","2019-06-03 10:00","2019","06","03","10:00","-1.4","","-2.1","","95","","","","15","","10","","3.2","","102.32","","","","-5","","Fog"
"-86.22","66.52","NAUJAAT A","2403491","2019-06-03 11:00","2019","06","03","11:00","-1.2","","-2.0","","94","","","","16","","10","","8.1","","102.31","","","","-5","","Fog"
"-86.22","66.52","NAUJAAT A","2403491","2019-06-03 12:00","2019","06","03","12:00","-1.2","","-1.8","","95","","","","16","","8","","3.2","","102.31","","","","-4","","Fog"
"-86.22","66.52","NAUJAAT A","2403491","2019-06-03 13:00","2019","06","03","13:00","-1.2","","-1.9","","95","","","","18","","10","","3.2","","102.31","","","","-5","","Fog"
"-86.22","66.52","NAUJAAT A","2403491","2019-06-03 14:00","2019","06","03","14:00","-0.5","","-1.5","","93","","","","18","","9","","8.1","","102.31","","","","-4","","Fog"
"-86.22","66.52","NAUJAAT A","2403491","2019-06-03 15:00","2019","06","03","15:00","-0.5","","-1.6","","92","","","","17","","9","","16.1","","102.31","","","","-4","","Mostly Cloudy"
"-86.22","66.52","NAUJAAT A","2403491","2019-06-03 16:00","2019","06","03","16:00","-0.4","","-1.4","","93","","","","16","","12","","24.1","","102.30","","","","-4","","NA"
"-86.22","66.52","NAUJAAT A","2403491","2019-06-03 17:00","2019","06","03","17:00"
"-86.22","66.52","NAUJAAT A","2403491","2019-06-03 18:00","2019","06","03","18:00"
"-86.22","66.52","NAUJAAT A","2403491","2019-06-03 19:00","2019","06","03","19:00"
"-86.22","66.52","NAUJAAT A","2403491","2019-06-03 20:00","2019","06","03","20:00"
"-86.22","66.52","NAUJAAT A","2403491","2019-06-03 21:00","2019","06","03","21:00"
"-86.22","66.52","NAUJAAT A","2403491","2019-06-03 22:00","2019","06","03","22:00"
"-86.22","66.52","NAUJAAT A","2403491","2019-06-03 23:00","2019","06","03","23:00"
"-86.22","66.52","NAUJAAT A","2403491","2019-06-04 00:00","2019","06","04","00:00"
"-86.22","66.52","NAUJAAT A","2403491","2019-06-04 01:00","2019","06","04","01:00"
"-86.22","66.52","NAUJAAT A","2403491","2019-06-04 02:00","2019","06","04","02:00"
"-86.22","66.52","NAUJAAT A","2403491","2019-06-04 03:00","2019","06","04","03:00"
"-86.22","66.52","NAUJAAT A","2403491","2019-06-04 04:00","2019","06","04","04:00"
"-86.22","66.52","NAUJAAT A","2403491","2019-06-04 05:00","2019","06","04","05:00"
"-86.22","66.52","NAUJAAT A","2403491","2019-06-04 06:00","2019","06","04","06:00","-2.8","","-3.4","","96","","","","13","","14","","0.8","","102.23","","","","-8","","Freezing Fog"
"-86.22","66.52","NAUJAAT A","2403491","2019-06-04 07:00","2019","06","04","07:00","-2.5","","-3.1","","96","","","","13","","13","","0.8","","102.25","","","","-7","","Freezing Fog"
"-86.22","66.52","NAUJAAT A","2403491","2019-06-04 08:00","2019","06","04","08:00","-1.9","","-2.4","","96","","","","14","","16","","4.8","","102.21","","","","-7","","Fog"
"-86.22","66.52","NAUJAAT A","2403491","2019-06-04 09:00","2019","06","04","09:00","-1.6","","-2.1","","97","","","","13","","12","","4.8","","102.22","","","","-6","","Fog"
"-86.22","66.52","NAUJAAT A","2403491","2019-06-04 10:00","2019","06","04","10:00","-1.3","","-1.8","","96","","","","13","","16","","8.1","","102.19","","","","-6","","NA"
"-86.22","66.52","NAUJAAT A","2403491","2019-06-04 11:00","2019","06","04","11:00","-0.6","","-1.0","","97","","","","13","","15","","16.1","","102.19","","","","-5","","NA"
"-86.22","66.52","NAUJAAT A","2403491","2019-06-04 12:00","2019","06","04","12:00","-0.2","","-0.8","","96","","","","13","","13","","16.1","","102.16","","","","-4","","Mainly Clear"
"-86.22","66.52","NAUJAAT A","2403491","2019-06-04 13:00","2019","06","04","13:00","0.4","","-0.8","","91","","","","13","","12","","16.1","","102.15","","","","","","NA"
"-86.22","66.52","NAUJAAT A","2403491","2019-06-04 14:00","2019","06","04","14:00","1.2","","-0.4","","89","","","","13","","11","","16.1","","102.12","","","","","","NA"
"-86.22","66.52","NAUJAAT A","2403491","2019-06-04 15:00","2019","06","04","15:00","1.2","","-0.2","","91","","","","16","","10","","40.2","","102.12","","","","","","Mostly Cloudy"
"-86.22","66.52","NAUJAAT A","2403491","2019-06-04 16:00","2019","06","04","16:00","1.9","","0.2","","88","","","","16","","9","","80.5","","102.10","","","","","","NA"
"-86.22","66.52","NAUJAAT A","2403491","2019-06-04 17:00","2019","06","04","17:00"
"-86.22","66.52","NAUJAAT A","2403491","2019-06-04 18:00","2019","06","04","18:00"
"-86.22","66.52","NAUJAAT A","2403491","2019-06-04 19:00","2019","06","04","19:00"
"-86.22","66.52","NAUJAAT A","2403491","2019-06-04 20:00","2019","06","04","20:00"
"-86.22","66.52","NAUJAAT A","2403491","2019-06-04 21:00","2019","06","04","21:00"
"-86.22","66.52","NAUJAAT A","2403491","2019-06-04 22:00","2019","06","04","22:00"
"-86.22","66.52","NAUJAAT A","2403491","2019-06-04 23:00","2019","06","04","23:00"
"-86.22","66.52","NAUJAAT A","2403491","2019-06-05 00:00","2019","06","05","00:00"
"-86.22","66.52","NAUJAAT A","2403491","2019-06-05 01:00","2019","06","05","01:00"
"-86.22","66.52","NAUJAAT A","2403491","2019-06-05 02:00","2019","06","05","02:00"
"-86.22","66.52","NAUJAAT A","2403491","2019-06-05 03:00","2019","06","05","03:00"
"-86.22","66.52","NAUJAAT A","2403491","2019-06-05 04:00","2019","06","05","04:00"
"-86.22","66.52","NAUJAAT A","2403491","2019-06-05 05:00","2019","06","05","05:00"
"-86.22","66.52","NAUJAAT A","2403491","2019-06-05 06:00","2019","06","05","06:00","4.6","","1.2","","79","","","","36","","18","","80.5","","101.96","","","","","","Mostly Cloudy"
"-86.22","66.52","NAUJAAT A","2403491","2019-06-05 07:00","2019","06","05","07:00","5.7","","1.3","","73","","","","36","","20","","80.5","","101.94","","","","","","NA"
"-86.22","66.52","NAUJAAT A","2403491","2019-06-05 08:00","2019","06","05","08:00","6.9","","1.7","","69","","","","35","","19","","80.5","","101.93","","","","","","NA"
"-86.22","66.52","NAUJAAT A","2403491","2019-06-05 09:00","2019","06","05","09:00","8.3","","2.1","","65","","","","36","","17","","80.5","","101.86","","","","","","Mostly Cloudy"
"-86.22","66.52","NAUJAAT A","2403491","2019-06-05 10:00","2019","06","05","10:00","9.0","","1.3","","58","","","","2","","14","","80.5","","101.85","","","","","","NA"
"-86.22","66.52","NAUJAAT A","2403491","2019-06-05 11:00","2019","06","05","11:00","6.9","","0.7","","64","","","","19","","9","","80.5","","101.82","","","","","","NA"
"-86.22","66.52","NAUJAAT A","2403491","2019-06-05 12:00","2019","06","05","12:00","8.4","","0.6","","58","","","","20","","12","","80.5","","101.82","","","","","","Mostly Cloudy"
"-86.22","66.52","NAUJAAT A","2403491","2019-06-05 13:00","2019","06","05","13:00","7.7","","1.2","","64","","","","25","","7","","80.5","","101.80","","","","","","NA"
"-86.22","66.52","NAUJAAT A","2403491","2019-06-05 14:00","2019","06","05","14:00","8.0","","0.2","","58","","","","21","","9","","80.5","","101.80","","","","","","NA"
"-86.22","66.52","NAUJAAT A","2403491","2019-06-05 15:00","2019","06","05","15:00","6.0","","0.0","","65","","","","12","","27","","40.2","","101.81","","","","","","Mostly Cloudy"
"-86.22","66.52","NAUJAAT A","2403491","2019-06-05 16:00","2019","06","05","16:00","3.9","","1.1","","82","","","","14","","16","","40.2","","101.84","","","","","","NA"
"-86.22","66.52","NAUJAAT A","2403491","2019-06-05 17:00","2019","06","05","17:00"
"-86.22","66.52","NAUJAAT A","2403491","2019-06-05 18:00","2019","06","05","18:00"
"-86.22","66.52","NAUJAAT A","2403491","2019-06-05 19:00","2019","06","05","19:00"
"-86.22","66.52","NAUJAAT A","2403491","2019-06-05 20:00","2019","06","05","20:00"
"-86.22","66.52","NAUJAAT A","2403491","2019-06-05 21:00","2019","06","05","21:00"
"-86.22","66.52","NAUJAAT A","2403491","2019-06-05 22:00","2019","06","05","22:00"
"-86.22","66.52","NAUJAAT A","2403491","2019-06-05 23:00","2019","06","05","23:00"
"-86.22","66.52","NAUJAAT A","2403491","2019-06-06 00:00","2019","06","06","00:00"
"-86.22","66.52","NAUJAAT A","2403491","2019-06-06 01:00","2019","06","06","01:00"
"-86.22","66.52","NAUJAAT A","2403491","2019-06-06 02:00","2019","06","06","02:00"
"-86.22","66.52","NAUJAAT A","2403491","2019-06-06 03:00","2019","06","06","03:00"
"-86.22","66.52","NAUJAAT A","2403491","2019-06-06 04:00","2019","06","06","04:00"
"-86.22","66.52","NAUJAAT A","2403491","2019-06-06 05:00","2019","06","06","05:00"
"-86.22","66.52","NAUJAAT A","2403491","2019-06-06 06:00","2019","06","06","06:00"
"-86.22","66.52","NAUJAAT A","2403491","2019-06-06 07:00","2019","06","06","07:00","0.8","","-3.0","","76","","","","35","","30","","24.1","","101.74","","","","","","NA"
"-86.22","66.52","NAUJAAT A","2403491","2019-06-06 08:00","2019","06","06","08:00","2.0","","-2.8","","71","","","","35","","25","","24.1","","101.74","","","","","","NA"
"-86.22","66.52","NAUJAAT A","2403491","2019-06-06 09:00","2019","06","06","09:00","2.8","","-2.1","","70","","","","34","","28","","24.1","","101.73","","","","","","Clear"
"-86.22","66.52","NAUJAAT A","2403491","2019-06-06 10:00","2019","06","06","10:00","3.6","","-2.2","","66","","","","35","","28","","24.1","","101.72","","","","","","NA"
"-86.22","66.52","NAUJAAT A","2403491","2019-06-06 11:00","2019","06","06","11:00","4.9","","-0.8","","66","","","","35","","26","","24.1","","101.70","","","","","","NA"
"-86.22","66.52","NAUJAAT A","2403491","2019-06-06 12:00","2019","06","06","12:00","5.0","","-0.7","","67","","","","35","","30","","24.1","","101.71","","","","","","Mainly Clear"
"-86.22","66.52","NAUJAAT A","2403491","2019-06-06 13:00","2019","06","06","13:00","5.7","","-0.1","","66","","","","35","","27","","32.2","","101.71","","","","","","NA"
"-86.22","66.52","NAUJAAT A","2403491","2019-06-06 14:00","2019","06","06","14:00","5.4","","-1.1","","63","","","","35","","31","","32.2","","101.73","","","","","","NA"
"-86.22","66.52","NAUJAAT A","2403491","2019-06-06 15:00","2019","06","06","15:00","5.4","","-0.9","","63","","","","35","","27","","32.2","","101.75","","","","","","Clear"
"-86.22","66.52","NAUJAAT A","2403491","2019-06-06 16:00","2019","06","06","16:00","4.7","","-1.4","","65","","","","35","","27","","32.2","","101.75","","","","","","NA"
"-86.22","66.52","NAUJAAT A","2403491","2019-06-06 17:00","2019","06","06","17:00"
"-86.22","66.52","NAUJAAT A","2403491","2019-06-06 18:00","2019","06","06","18:00"
"-86.22","66.52","NAUJAAT A","2403491","2019-06-06 19:00","2019","06","06","19:00"
"-86.22","66.52","NAUJAAT A","2403491","2019-06-06 20:00","2019","06","06","20:00"
"-86.22","66.52","NAUJAAT A","2403491","2019-06-06 21:00","2019","06","06","21:00"
"-86.22","66.52","NAUJAAT A","2403491","2019-06-06 22:00","2019","06","06","22:00"
"-86.22","66.52","NAUJAAT A","2403491","2019-06-06 23:00","2019","06","06","23:00"
"-86.22","66.52","NAUJAAT A","2403491","2019-06-07 00:00","2019","06","07","00:00"
"-86.22","66.52","NAUJAAT A","2403491","2019-06-07 01:00","2019","06","07","01:00"
"-86.22","66.52","NAUJAAT A","2403491","2019-06-07 02:00","2019","06","07","02:00"
"-86.22","66.52","NAUJAAT A","2403491","2019-06-07 03:00","2019","06","07","03:00"
"-86.22","66.52","NAUJAAT A","2403491","2019-06-07 04:00","2019","06","07","04:00"
"-86.22","66.52","NAUJAAT A","2403491","2019-06-07 05:00","2019","06","07","05:00"
"-86.22","66.52","NAUJAAT A","2403491","2019-06-07 06:00","2019","06","07","06:00","0.0","","-3.7","","76","","","","36","","18","","24.1","","101.85","","","","-5","","Cloudy"
"-86.22","66.52","NAUJAAT A","2403491","2019-06-07 07:00","2019","06","07","07:00","1.7","","-2.9","","72","","","","1","","16","","24.1","","101.83","","","","","","NA"
"-86.22","66.52","NAUJAAT A","2403491","2019-06-07 08:00","2019","06","07","08:00","2.2","","-2.3","","72","","","","35","","22","","24.1","","101.82","","","","","","NA"
"-86.22","66.52","NAUJAAT A","2403491","2019-06-07 09:00","2019","06","07","09:00","3.7","","-2.0","","66","","","","2","","21","","24.1","","101.80","","","","","","Mainly Clear"
"-86.22","66.52","NAUJAAT A","2403491","2019-06-07 10:00","2019","06","07","10:00","4.9","","-0.6","","68","","","","34","","20","","24.1","","101.77","","","","","","NA"
"-86.22","66.52","NAUJAAT A","2403491","2019-06-07 11:00","2019","06","07","11:00","6.0","","-0.2","","65","","","","36","","22","","24.1","","101.74","","","","","","NA"
"-86.22","66.52","NAUJAAT A","2403491","2019-06-07 12:00","2019","06","07","12:00","6.6","","0.1","","63","","","","35","","20","","24.1","","101.73","","","","","","Clear"
"-86.22","66.52","NAUJAAT A","2403491","2019-06-07 13:00","2019","06","07","13:00","7.1","","0.2","","62","","","","34","","18","","24.1","","101.75","","","","","","NA"
"-86.22","66.52","NAUJAAT A","2403491","2019-06-07 14:00","2019","06","07","14:00","7.8","","0.0","","58","","","","33","","21","","24.1","","101.76","","","","","","NA"
"-86.22","66.52","NAUJAAT A","2403491","2019-06-07 15:00","2019","06","07","15:00","8.2","","0.7","","59","","","","35","","23","","24.1","","101.75","","","","","","Clear"
"-86.22","66.52","NAUJAAT A","2403491","2019-06-07 16:00","2019","06","07","16:00","8.1","","0.5","","59","","","","34","","23","","24.1","","101.76","","","","","","NA"
"-86.22","66.52","NAUJAAT A","2403491","2019-06-07 17:00","2019","06","07","17:00"
"-86.22","66.52","NAUJAAT A","2403491","2019-06-07 18:00","2019","06","07","18:00"
"-86.22","66.52","NAUJAAT A","2403491","2019-06-07 19:00","2019","06","07","19:00"
"-86.22","66.52","NAUJAAT A","2403491","2019-06-07 20:00","2019","06","07","20:00"
"-86.22","66.52","NAUJAAT A","2403491","2019-06-07 21:00","2019","06","07","21:00"
"-86.22","66.52","NAUJAAT A","2403491","2019-06-07 22:00","2019","06","07","22:00"
"-86.22","66.52","NAUJAAT A","2403491","2019-06-07 23:00","2019","06","07","23:00"
"-86.22","66.52","NAUJAAT A","2403491","2019-06-08 00:00","2019","06","08","00:00"
"-86.22","66.52","NAUJAAT A","2403491","2019-06-08 01:00","2019","06","08","01:00"
"-86.22","66.52","NAUJAAT A","2403491","2019-06-08 02:00","2019","06","08","02:00"
"-86.22","66.52","NAUJAAT A","2403491","2019-06-08 03:00","2019","06","08","03:00"
"-86.22","66.52","NAUJAAT A","2403491","2019-06-08 04:00","2019","06","08","04:00"
"-86.22","66.52","NAUJAAT A","2403491","2019-06-08 05:00","2019","06","08","05:00"
"-86.22","66.52","NAUJAAT A","2403491","2019-06-08 06:00","2019","06","08","06:00"
"-86.22","66.52","NAUJAAT A","2403491","2019-06-08 07:00","2019","06","08","07:00"
"-86.22","66.52","NAUJAAT A","2403491","2019-06-08 08:00","2019","06","08","08:00"
"-86.22","66.52","NAUJAAT A","2403491","2019-06-08 09:00","2019","06","08","09:00","3.6","","0.0","","78","","","","27","","8","","80.5","","102.05","","","","","","Mostly Cloudy"
"-86.22","66.52","NAUJAAT A","2403491","2019-06-08 10:00","2019","06","08","10:00"
"-86.22","66.52","NAUJAAT A","2403491","2019-06-08 11:00","2019","06","08","11:00"
"-86.22","66.52","NAUJAAT A","2403491","2019-06-08 12:00","2019","06","08","12:00","4.5","","0.2","","74","","","","22","","6","","80.5","","102.04","","","","","","Mostly Cloudy"
"-86.22","66.52","NAUJAAT A","2403491","2019-06-08 13:00","2019","06","08","13:00","5.3","","1.1","","74","","","","17","","7","","80.5","","102.05","","","","","","NA"
"-86.22","66.52","NAUJAAT A","2403491","2019-06-08 14:00","2019","06","08","14:00","5.0","","0.3","","72","","","","16","","14","","80.5","","102.06","","","","","","NA"
"-86.22","66.52","NAUJAAT A","2403491","2019-06-08 15:00","2019","06","08","15:00"
"-86.22","66.52","NAUJAAT A","2403491","2019-06-08 16:00","2019","06","08","16:00"
"-86.22","66.52","NAUJAAT A","2403491","2019-06-08 17:00","2019","06","08","17:00"
"-86.22","66.52","NAUJAAT A","2403491","2019-06-08 18:00","2019","06","08","18:00"
"-86.22","66.52","NAUJAAT A","2403491","2019-06-08 19:00","2019","06","08","19:00"
"-86.22","66.52","NAUJAAT A","2403491","2019-06-08 20:00","2019","06","08","20:00"
"-86.22","66.52","NAUJAAT A","2403491","2019-06-08 21:00","2019","06","08","21:00"
"-86.22","66.52","NAUJAAT A","2403491","2019-06-08 22:00","2019","06","08","22:00"
"-86.22","66.52","NAUJAAT A","2403491","2019-06-08 23:00","2019","06","08","23:00"
"-86.22","66.52","NAUJAAT A","2403491","2019-06-09 00:00","2019","06","09","00:00"
"-86.22","66.52","NAUJAAT A","2403491","2019-06-09 01:00","2019","06","09","01:00"
"-86.22","66.52","NAUJAAT A","2403491","2019-06-09 02:00","2019","06","09","02:00"
"-86.22","66.52","NAUJAAT A","2403491","2019-06-09 03:00","2019","06","09","03:00"
"-86.22","66.52","NAUJAAT A","2403491","2019-06-09 04:00","2019","06","09","04:00"
"-86.22","66.52","NAUJAAT A","2403491","2019-06-09 05:00","2019","06","09","05:00"
"-86.22","66.52","NAUJAAT A","2403491","2019-06-09 06:00","2019","06","09","06:00"
"-86.22","66.52","NAUJAAT A","2403491","2019-06-09 07:00","2019","06","09","07:00"
"-86.22","66.52","NAUJAAT A","2403491","2019-06-09 08:00","2019","06","09","08:00"
"-86.22","66.52","NAUJAAT A","2403491","2019-06-09 09:00","2019","06","09","09:00"
"-86.22","66.52","NAUJAAT A","2403491","2019-06-09 10:00","2019","06","09","10:00"
"-86.22","66.52","NAUJAAT A","2403491","2019-06-09 11:00","2019","06","09","11:00"
"-86.22","66.52","NAUJAAT A","2403491","2019-06-09 12:00","2019","06","09","12:00"
"-86.22","66.52","NAUJAAT A","2403491","2019-06-09 13:00","2019","06","09","13:00"
"-86.22","66.52","NAUJAAT A","2403491","2019-06-09 14:00","2019","06","09","14:00"
"-86.22","66.52","NAUJAAT A","2403491","2019-06-09 15:00","2019","06","09","15:00"
"-86.22","66.52","NAUJAAT A","2403491","2019-06-09 16:00","2019","06","09","16:00"
"-86.22","66.52","NAUJAAT A","2403491","2019-06-09 17:00","2019","06","09","17:00"
"-86.22","66.52","NAUJAAT A","2403491","2019-06-09 18:00","2019","06","09","18:00"
"-86.22","66.52","NAUJAAT A","2403491","2019-06-09 19:00","2019","06","09","19:00"
"-86.22","66.52","NAUJAAT A","2403491","2019-06-09 20:00","2019","06","09","20:00"
"-86.22","66.52","NAUJAAT A","2403491","2019-06-09 21:00","2019","06","09","21:00"
"-86.22","66.52","NAUJAAT A","2403491","2019-06-09 22:00","2019","06","09","22:00"
"-86.22","66.52","NAUJAAT A","2403491","2019-06-09 23:00","2019","06","09","23:00"
"-86.22","66.52","NAUJAAT A","2403491","2019-06-10 00:00","2019","06","10","00:00"
"-86.22","66.52","NAUJAAT A","2403491","2019-06-10 01:00","2019","06","10","01:00"
"-86.22","66.52","NAUJAAT A","2403491","2019-06-10 02:00","2019","06","10","02:00"
"-86.22","66.52","NAUJAAT A","2403491","2019-06-10 03:00","2019","06","10","03:00"
"-86.22","66.52","NAUJAAT A","2403491","2019-06-10 04:00","2019","06","10","04:00"
"-86.22","66.52","NAUJAAT A","2403491","2019-06-10 05:00","2019","06","10","05:00"
"-86.22","66.52","NAUJAAT A","2403491","2019-06-10 06:00","2019","06","10","06:00","0.3","","-0.1","","97","","","","16","","32","","16.1","","100.21","","","","","","Cloudy"
"-86.22","66.52","NAUJAAT A","2403491","2019-06-10 07:00","2019","06","10","07:00","0.6","","0.0","","96","","","","16","","22","","16.1","","100.19","","","","","","NA"
"-86.22","66.52","NAUJAAT A","2403491","2019-06-10 08:00","2019","06","10","08:00","0.8","","0.0","","94","","","","15","","22","","16.1","","100.20","","","","","","NA"
"-86.22","66.52","NAUJAAT A","2403491","2019-06-10 09:00","2019","06","10","09:00","1.1","","0.3","","94","","","","16","","33","","16.1","","100.15","","","","","","Cloudy"
"-86.22","66.52","NAUJAAT A","2403491","2019-06-10 10:00","2019","06","10","10:00","2.0","","0.9","","93","","","","15","","30","","24.1","","100.16","","","","","","NA"
"-86.22","66.52","NAUJAAT A","2403491","2019-06-10 11:00","2019","06","10","11:00","3.1","","1.6","","90","","","","14","","34","","24.1","","100.12","","","","","","NA"
"-86.22","66.52","NAUJAAT A","2403491","2019-06-10 12:00","2019","06","10","12:00","2.8","","1.5","","91","","","","15","","28","","24.1","","100.12","","","","","","Mainly Clear"
"-86.22","66.52","NAUJAAT A","2403491","2019-06-10 13:00","2019","06","10","13:00","3.3","","1.1","","86","","","","13","","28","","24.1","","100.13","","","","","","NA"
"-86.22","66.52","NAUJAAT A","2403491","2019-06-10 14:00","2019","06","10","14:00","4.0","","1.8","","86","","","","13","","23","","24.1","","100.14","","","","","","NA"
"-86.22","66.52","NAUJAAT A","2403491","2019-06-10 15:00","2019","06","10","15:00","4.0","","1.1","","81","","","","16","","37","","24.1","","100.11","","","","","","Mostly Cloudy"
"-86.22","66.52","NAUJAAT A","2403491","2019-06-10 16:00","2019","06","10","16:00","3.3","","0.5","","82","","","","18","","34","","24.1","","100.12","","","","","","NA"
"-86.22","66.52","NAUJAAT A","2403491","2019-06-10 17:00","2019","06","10","17:00"
"-86.22","66.52","NAUJAAT A","2403491","2019-06-10 18:00","2019","06","10","18:00"
"-86.22","66.52","NAUJAAT A","2403491","2019-06-10 19:00","2019","06","10","19:00"
"-86.22","66.52","NAUJAAT A","2403491","2019-06-10 20:00","2019","06","10","20:00"
"-86.22","66.52","NAUJAAT A","2403491","2019-06-10 21:00","2019","06","10","21:00"
"-86.22","66.52","NAUJAAT A","2403491","2019-06-10 22:00","2019","06","10","22:00"
"-86.22","66.52","NAUJAAT A","2403491","2019-06-10 23:00","2019","06","10","23:00"
"-86.22","66.52","NAUJAAT A","2403491","2019-06-11 00:00","2019","06","11","00:00"
"-86.22","66.52","NAUJAAT A","2403491","2019-06-11 01:00","2019","06","11","01:00"
"-86.22","66.52","NAUJAAT A","2403491","2019-06-11 02:00","2019","06","11","02:00"
"-86.22","66.52","NAUJAAT A","2403491","2019-06-11 03:00","2019","06","11","03:00"
"-86.22","66.52","NAUJAAT A","2403491","2019-06-11 04:00","2019","06","11","04:00"
"-86.22","66.52","NAUJAAT A","2403491","2019-06-11 05:00","2019","06","11","05:00"
"-86.22","66.52","NAUJAAT A","2403491","2019-06-11 06:00","2019","06","11","06:00","0.8","","0.2","","96","","","","17","","19","","24.1","","100.16","","","","","","Cloudy"
"-86.22","66.52","NAUJAAT A","2403491","2019-06-11 07:00","2019","06","11","07:00","1.1","","0.5","","96","","","","16","","17","","24.1","","100.20","","","","","","NA"
"-86.22","66.52","NAUJAAT A","2403491","2019-06-11 08:00","2019","06","11","08:00","1.8","","0.7","","92","","","","16","","22","","24.1","","100.22","","","","","","NA"
"-86.22","66.52","NAUJAAT A","2403491","2019-06-11 09:00","2019","06","11","09:00","1.8","","0.7","","92","","","","15","","22","","24.1","","100.23","","","","","","Cloudy"
"-86.22","66.52","NAUJAAT A","2403491","2019-06-11 10:00","2019","06","11","10:00","2.2","","0.8","","91","","","","15","","20","","24.1","","100.23","","","","","","NA"
"-86.22","66.52","NAUJAAT A","2403491","2019-06-11 11:00","2019","06","11","11:00","2.0","","1.1","","94","","","","15","","21","","24.1","","100.25","","","","","","NA"
"-86.22","66.52","NAUJAAT A","2403491","2019-06-11 12:00","2019","06","11","12:00","2.4","","0.6","","88","","","","13","","27","","24.1","","100.27","","","","","","Mostly Cloudy"
"-86.22","66.52","NAUJAAT A","2403491","2019-06-11 13:00","2019","06","11","13:00","2.7","","0.9","","88","","","","14","","21","","24.1","","100.30","","","","","","NA"
"-86.22","66.52","NAUJAAT A","2403491","2019-06-11 14:00","2019","06","11","14:00","2.3","","1.0","","91","","","","15","","22","","24.1","","100.31","","","","","","NA"
"-86.22","66.52","NAUJAAT A","2403491","2019-06-11 15:00","2019","06","11","15:00","3.0","","0.6","","84","","","","11","","18","","24.1","","100.32","","","","","","Mostly Cloudy"
"-86.22","66.52","NAUJAAT A","2403491","2019-06-11 16:00","2019","06","11","16:00","3.4","","1.0","","84","","","","13","","16","","24.1","","100.35","","","","","","NA"
"-86.22","66.52","NAUJAAT A","2403491","2019-06-11 17:00","2019","06","11","17:00"
"-86.22","66.52","NAUJAAT A","2403491","2019-06-11 18:00","2019","06","11","18:00"
"-86.22","66.52","NAUJAAT A","2403491","2019-06-11 19:00","2019","06","11","19:00"
"-86.22","66.52","NAUJAAT A","2403491","2019-06-11 20:00","2019","06","11","20:00"
"-86.22","66.52","NAUJAAT A","2403491","2019-06-11 21:00","2019","06","11","21:00"
"-86.22","66.52","NAUJAAT A","2403491","2019-06-11 22:00","2019","06","11","22:00"
"-86.22","66.52","NAUJAAT A","2403491","2019-06-11 23:00","2019","06","11","23:00"
"-86.22","66.52","NAUJAAT A","2403491","2019-06-12 00:00","2019","06","12","00:00"
"-86.22","66.52","NAUJAAT A","2403491","2019-06-12 01:00","2019","06","12","01:00"
"-86.22","66.52","NAUJAAT A","2403491","2019-06-12 02:00","2019","06","12","02:00"
"-86.22","66.52","NAUJAAT A","2403491","2019-06-12 03:00","2019","06","12","03:00"
"-86.22","66.52","NAUJAAT A","2403491","2019-06-12 04:00","2019","06","12","04:00"
"-86.22","66.52","NAUJAAT A","2403491","2019-06-12 05:00","2019","06","12","05:00"
"-86.22","66.52","NAUJAAT A","2403491","2019-06-12 06:00","2019","06","12","06:00","4.2","","1.6","","83","","","","35","","23","","80.5","","100.46","","","","","","Mostly Cloudy"
"-86.22","66.52","NAUJAAT A","2403491","2019-06-12 07:00","2019","06","12","07:00","4.5","","1.7","","82","","","","35","","32","","80.5","","100.46","","","","","","NA"
"-86.22","66.52","NAUJAAT A","2403491","2019-06-12 08:00","2019","06","12","08:00","4.9","","1.8","","80","","","","35","","31","","80.5","","100.47","","","","","","NA"
"-86.22","66.52","NAUJAAT A","2403491","2019-06-12 09:00","2019","06","12","09:00","5.5","","2.0","","78","","","","34","","31","","80.5","","100.46","","","","","","Mostly Cloudy"
"-86.22","66.52","NAUJAAT A","2403491","2019-06-12 10:00","2019","06","12","10:00","5.3","","1.8","","78","","","","34","","31","","40.2","","100.46","","","","","","NA"
"-86.22","66.52","NAUJAAT A","2403491","2019-06-12 11:00","2019","06","12","11:00","5.9","","2.1","","77","","","","35","","32","","40.2","","100.47","","","","","","NA"
"-86.22","66.52","NAUJAAT A","2403491","2019-06-12 12:00","2019","06","12","12:00","6.2","","2.1","","75","","","","34","","30","","32.2","","100.48","","","","","","Mostly Cloudy"
"-86.22","66.52","NAUJAAT A","2403491","2019-06-12 13:00","2019","06","12","13:00","6.4","","2.8","","77","","","","34","","25","","80.5","","100.53","","","","","","NA"
"-86.22","66.52","NAUJAAT A","2403491","2019-06-12 14:00","2019","06","12","14:00","6.3","","2.3","","76","","","","34","","29","","80.5","","100.52","","","","","","NA"
"-86.22","66.52","NAUJAAT A","2403491","2019-06-12 15:00","2019","06","12","15:00","6.7","","2.5","","74","","","","34","","28","","80.5","","100.54","","","","","","Mostly Cloudy"
"-86.22","66.52","NAUJAAT A","2403491","2019-06-12 16:00","2019","06","12","16:00","6.5","","2.1","","74","","","","35","","29","","80.5","","100.56","","","","","","NA"
"-86.22","66.52","NAUJAAT A","2403491","2019-06-12 17:00","2019","06","12","17:00"
"-86.22","66.52","NAUJAAT A","2403491","2019-06-12 18:00","2019","06","12","18:00"
"-86.22","66.52","NAUJAAT A","2403491","2019-06-12 19:00","2019","06","12","19:00"
"-86.22","66.52","NAUJAAT A","2403491","2019-06-12 20:00","2019","06","12","20:00"
"-86.22","66.52","NAUJAAT A","2403491","2019-06-12 21:00","2019","06","12","21:00"
"-86.22","66.52","NAUJAAT A","2403491","2019-06-12 22:00","2019","06","12","22:00"
"-86.22","66.52","NAUJAAT A","2403491","2019-06-12 23:00","2019","06","12","23:00"
"-86.22","66.52","NAUJAAT A","2403491","2019-06-13 00:00","2019","06","13","00:00"
"-86.22","66.52","NAUJAAT A","2403491","2019-06-13 01:00","2019","06","13","01:00"
"-86.22","66.52","NAUJAAT A","2403491","2019-06-13 02:00","2019","06","13","02:00"
"-86.22","66.52","NAUJAAT A","2403491","2019-06-13 03:00","2019","06","13","03:00"
"-86.22","66.52","NAUJAAT A","2403491","2019-06-13 04:00","2019","06","13","04:00"
"-86.22","66.52","NAUJAAT A","2403491","2019-06-13 05:00","2019","06","13","05:00"
"-86.22","66.52","NAUJAAT A","2403491","2019-06-13 06:00","2019","06","13","06:00"
"-86.22","66.52","NAUJAAT A","2403491","2019-06-13 07:00","2019","06","13","07:00","4.0","","2.1","","87","","","","4","","18","","24.1","","100.89","","","","","","NA"
"-86.22","66.52","NAUJAAT A","2403491","2019-06-13 08:00","2019","06","13","08:00","4.6","","2.3","","85","","","","5","","21","","24.1","","100.90","","","","","","NA"
"-86.22","66.52","NAUJAAT A","2403491","2019-06-13 09:00","2019","06","13","09:00","5.8","","3.0","","82","","","","7","","24","","40.2","","100.91","","","","","","Mostly Cloudy"
"-86.22","66.52","NAUJAAT A","2403491","2019-06-13 10:00","2019","06","13","10:00","6.0","","3.0","","81","","","","7","","21","","40.2","","100.93","","","","","","NA"
"-86.22","66.52","NAUJAAT A","2403491","2019-06-13 11:00","2019","06","13","11:00","5.1","","2.0","","80","","","","13","","18","","40.2","","100.98","","","","","","NA"
"-86.22","66.52","NAUJAAT A","2403491","2019-06-13 12:00","2019","06","13","12:00","5.2","","2.6","","83","","","","14","","11","","40.2","","101.01","","","","","","Mostly Cloudy"
"-86.22","66.52","NAUJAAT A","2403491","2019-06-13 13:00","2019","06","13","13:00","5.2","","2.7","","84","","","","13","","13","","40.2","","101.03","","","","","","NA"
"-86.22","66.52","NAUJAAT A","2403491","2019-06-13 14:00","2019","06","13","14:00","3.1","","1.0","","86","","","","23","","5","","40.2","","101.09","","","","","","NA"
"-86.22","66.52","NAUJAAT A","2403491","2019-06-13 15:00","2019","06","13","15:00","6.0","","2.5","","78","","","","13","","11","","40.2","","101.12","","","","","","Mostly Cloudy"
"-86.22","66.52","NAUJAAT A","2403491","2019-06-13 16:00","2019","06","13","16:00","3.8","","0.9","","81","","","","19","","9","","40.2","","101.18","","","","","","NA"
"-86.22","66.52","NAUJAAT A","2403491","2019-06-13 17:00","2019","06","13","17:00"
"-86.22","66.52","NAUJAAT A","2403491","2019-06-13 18:00","2019","06","13","18:00"
"-86.22","66.52","NAUJAAT A","2403491","2019-06-13 19:00","2019","06","13","19:00"
"-86.22","66.52","NAUJAAT A","2403491","2019-06-13 20:00","2019","06","13","20:00"
"-86.22","66.52","NAUJAAT A","2403491","2019-06-13 21:00","2019","06","13","21:00"
"-86.22","66.52","NAUJAAT A","2403491","2019-06-13 22:00","2019","06","13","22:00"
"-86.22","66.52","NAUJAAT A","2403491","2019-06-13 23:00","2019","06","13","23:00"
"-86.22","66.52","NAUJAAT A","2403491","2019-06-14 00:00","2019","06","14","00:00"
"-86.22","66.52","NAUJAAT A","2403491","2019-06-14 01:00","2019","06","14","01:00"
"-86.22","66.52","NAUJAAT A","2403491","2019-06-14 02:00","2019","06","14","02:00"
"-86.22","66.52","NAUJAAT A","2403491","2019-06-14 03:00","2019","06","14","03:00"
"-86.22","66.52","NAUJAAT A","2403491","2019-06-14 04:00","2019","06","14","04:00"
"-86.22","66.52","NAUJAAT A","2403491","2019-06-14 05:00","2019","06","14","05:00"
"-86.22","66.52","NAUJAAT A","2403491","2019-06-14 06:00","2019","06","14","06:00","5.3","","3.0","","85","","","","36","","11","","40.2","","101.56","","","","","","Mostly Cloudy"
"-86.22","66.52","NAUJAAT A","2403491","2019-06-14 07:00","2019","06","14","07:00","5.8","","3.4","","85","","","","36","","12","","40.2","","101.59","","","","","","NA"
"-86.22","66.52","NAUJAAT A","2403491","2019-06-14 08:00","2019","06","14","08:00","7.3","","3.7","","78","","","","2","","8","","80.5","","101.62","","","","","","NA"
"-86.22","66.52","NAUJAAT A","2403491","2019-06-14 09:00","2019","06","14","09:00","7.7","","3.7","","76","","","","6","","5","","40.2","","101.63","","","","","","Mostly Cloudy"
"-86.22","66.52","NAUJAAT A","2403491","2019-06-14 10:00","2019","06","14","10:00","7.2","","3.8","","79","","","","23","","6","","80.5","","101.65","","","","","","NA"
"-86.22","66.52","NAUJAAT A","2403491","2019-06-14 11:00","2019","06","14","11:00","7.5","","4.2","","79","","","","24","","5","","80.5","","101.67","","","","","","NA"
"-86.22","66.52","NAUJAAT A","2403491","2019-06-14 12:00","2019","06","14","12:00","6.6","","3.7","","82","","","","25","","8","","40.2","","101.68","","","","","","Mostly Cloudy"
"-86.22","66.52","NAUJAAT A","2403491","2019-06-14 13:00","2019","06","14","13:00","8.1","","4.1","","76","","","","24","","6","","80.5","","101.69","","","","","","NA"
"-86.22","66.52","NAUJAAT A","2403491","2019-06-14 14:00","2019","06","14","14:00","8.1","","4.3","","76","","","","22","","7","","80.5","","101.72","","","","","","NA"
"-86.22","66.52","NAUJAAT A","2403491","2019-06-14 15:00","2019","06","14","15:00","7.1","","4.0","","81","","","","24","","7","","80.5","","101.77","","","","","","Mainly Clear"
"-86.22","66.52","NAUJAAT A","2403491","2019-06-14 16:00","2019","06","14","16:00","7.7","","3.3","","74","","","","23","","5","","40.2","","101.80","","","","","","NA"
"-86.22","66.52","NAUJAAT A","2403491","2019-06-14 17:00","2019","06","14","17:00"
"-86.22","66.52","NAUJAAT A","2403491","2019-06-14 18:00","2019","06","14","18:00"
"-86.22","66.52","NAUJAAT A","2403491","2019-06-14 19:00","2019","06","14","19:00"
"-86.22","66.52","NAUJAAT A","2403491","2019-06-14 20:00","2019","06","14","20:00"
"-86.22","66.52","NAUJAAT A","2403491","2019-06-14 21:00","2019","06","14","21:00"
"-86.22","66.52","NAUJAAT A","2403491","2019-06-14 22:00","2019","06","14","22:00"
"-86.22","66.52","NAUJAAT A","2403491","2019-06-14 23:00","2019","06","14","23:00"
"-86.22","66.52","NAUJAAT A","2403491","2019-06-15 00:00","2019","06","15","00:00"
"-86.22","66.52","NAUJAAT A","2403491","2019-06-15 01:00","2019","06","15","01:00"
"-86.22","66.52","NAUJAAT A","2403491","2019-06-15 02:00","2019","06","15","02:00"
"-86.22","66.52","NAUJAAT A","2403491","2019-06-15 03:00","2019","06","15","03:00"
"-86.22","66.52","NAUJAAT A","2403491","2019-06-15 04:00","2019","06","15","04:00"
"-86.22","66.52","NAUJAAT A","2403491","2019-06-15 05:00","2019","06","15","05:00"
"-86.22","66.52","NAUJAAT A","2403491","2019-06-15 06:00","2019","06","15","06:00"
"-86.22","66.52","NAUJAAT A","2403491","2019-06-15 07:00","2019","06","15","07:00"
"-86.22","66.52","NAUJAAT A","2403491","2019-06-15 08:00","2019","06","15","08:00","6.1","","3.2","","82","","","","18","","10","","24.1","","102.16","","","","","","NA"
"-86.22","66.52","NAUJAAT A","2403491","2019-06-15 09:00","2019","06","15","09:00","5.3","","3.0","","85","","","","16","","10","","24.1","","102.15","","","","","","Mainly Clear"
"-86.22","66.52","NAUJAAT A","2403491","2019-06-15 10:00","2019","06","15","10:00","6.5","","3.5","","81","","","","16","","9","","24.1","","102.14","","","","","","NA"
"-86.22","66.52","NAUJAAT A","2403491","2019-06-15 11:00","2019","06","15","11:00","6.7","","4.1","","83","","","","19","","9","","24.1","","102.13","","","","","","NA"
"-86.22","66.52","NAUJAAT A","2403491","2019-06-15 12:00","2019","06","15","12:00","6.2","","3.6","","84","","","","17","","13","","24.1","","102.12","","","","","","Mainly Clear"
"-86.22","66.52","NAUJAAT A","2403491","2019-06-15 13:00","2019","06","15","13:00","6.7","","4.0","","82","","","","17","","13","","24.1","","102.12","","","","","","NA"
"-86.22","66.52","NAUJAAT A","2403491","2019-06-15 14:00","2019","06","15","14:00","5.9","","3.2","","83","","","","16","","16","","24.1","","102.13","","","","","","NA"
"-86.22","66.52","NAUJAAT A","2403491","2019-06-15 15:00","2019","06","15","15:00"
"-86.22","66.52","NAUJAAT A","2403491","2019-06-15 16:00","2019","06","15","16:00"
"-86.22","66.52","NAUJAAT A","2403491","2019-06-15 17:00","2019","06","15","17:00"
"-86.22","66.52","NAUJAAT A","2403491","2019-06-15 18:00","2019","06","15","18:00"
"-86.22","66.52","NAUJAAT A","2403491","2019-06-15 19:00","2019","06","15","19:00"
"-86.22","66.52","NAUJAAT A","2403491","2019-06-15 20:00","2019","06","15","20:00"
"-86.22","66.52","NAUJAAT A","2403491","2019-06-15 21:00","2019","06","15","21:00"
"-86.22","66.52","NAUJAAT A","2403491","2019-06-15 22:00","2019","06","15","22:00"
"-86.22","66.52","NAUJAAT A","2403491","2019-06-15 23:00","2019","06","15","23:00"
"-86.22","66.52","NAUJAAT A","2403491","2019-06-16 00:00","2019","06","16","00:00"
"-86.22","66.52","NAUJAAT A","2403491","2019-06-16 01:00","2019","06","16","01:00"
"-86.22","66.52","NAUJAAT A","2403491","2019-06-16 02:00","2019","06","16","02:00"
"-86.22","66.52","NAUJAAT A","2403491","2019-06-16 03:00","2019","06","16","03:00"
"-86.22","66.52","NAUJAAT A","2403491","2019-06-16 04:00","2019","06","16","04:00"
"-86.22","66.52","NAUJAAT A","2403491","2019-06-16 05:00","2019","06","16","05:00"
"-86.22","66.52","NAUJAAT A","2403491","2019-06-16 06:00","2019","06","16","06:00"
"-86.22","66.52","NAUJAAT A","2403491","2019-06-16 07:00","2019","06","16","07:00"
"-86.22","66.52","NAUJAAT A","2403491","2019-06-16 08:00","2019","06","16","08:00","5.6","","2.2","","79","","","","19","","4","","24.1","","102.01","","","","","","NA"
"-86.22","66.52","NAUJAAT A","2403491","2019-06-16 09:00","2019","06","16","09:00","6.5","","3.3","","79","","","","16","","7","","24.1","","101.97","","","","","","Mainly Clear"
"-86.22","66.52","NAUJAAT A","2403491","2019-06-16 10:00","2019","06","16","10:00","5.3","","1.9","","79","","","","25","","6","","24.1","","101.93","","","","","","NA"
"-86.22","66.52","NAUJAAT A","2403491","2019-06-16 11:00","2019","06","16","11:00","8.5","","1.5","","61","","","","24","","4","","24.1","","101.88","","","","","","NA"
"-86.22","66.52","NAUJAAT A","2403491","2019-06-16 12:00","2019","06","16","12:00","10.2","","0.9","","52","","","","23","","6","","24.1","","101.85","","","","","","Clear"
"-86.22","66.52","NAUJAAT A","2403491","2019-06-16 13:00","2019","06","16","13:00","9.3","","2.5","","62","","","","15","","11","","24.1","","101.82","","","","","","NA"
"-86.22","66.52","NAUJAAT A","2403491","2019-06-16 14:00","2019","06","16","14:00","8.4","","1.5","","62","","","","15","","14","","24.1","","101.80","","","","","","NA"
"-86.22","66.52","NAUJAAT A","2403491","2019-06-16 15:00","2019","06","16","15:00"
"-86.22","66.52","NAUJAAT A","2403491","2019-06-16 16:00","2019","06","16","16:00"
"-86.22","66.52","NAUJAAT A","2403491","2019-06-16 17:00","2019","06","16","17:00"
"-86.22","66.52","NAUJAAT A","2403491","2019-06-16 18:00","2019","06","16","18:00"
"-86.22","66.52","NAUJAAT A","2403491","2019-06-16 19:00","2019","06","16","19:00"
"-86.22","66.52","NAUJAAT A","2403491","2019-06-16 20:00","2019","06","16","20:00"
"-86.22","66.52","NAUJAAT A","2403491","2019-06-16 21:00","2019","06","16","21:00"
"-86.22","66.52","NAUJAAT A","2403491","2019-06-16 22:00","2019","06","16","22:00"
"-86.22","66.52","NAUJAAT A","2403491","2019-06-16 23:00","2019","06","16","23:00"
"-86.22","66.52","NAUJAAT A","2403491","2019-06-17 00:00","2019","06","17","00:00"
"-86.22","66.52","NAUJAAT A","2403491","2019-06-17 01:00","2019","06","17","01:00"
"-86.22","66.52","NAUJAAT A","2403491","2019-06-17 02:00","2019","06","17","02:00"
"-86.22","66.52","NAUJAAT A","2403491","2019-06-17 03:00","2019","06","17","03:00"
"-86.22","66.52","NAUJAAT A","2403491","2019-06-17 04:00","2019","06","17","04:00"
"-86.22","66.52","NAUJAAT A","2403491","2019-06-17 05:00","2019","06","17","05:00"
"-86.22","66.52","NAUJAAT A","2403491","2019-06-17 06:00","2019","06","17","06:00","5.0","","1.5","","78","","","","13","","16","","24.1","","101.56","","","","","","Mostly Cloudy"
"-86.22","66.52","NAUJAAT A","2403491","2019-06-17 07:00","2019","06","17","07:00","5.5","","1.9","","77","","","","12","","17","","24.1","","101.56","","","","","","NA"
"-86.22","66.52","NAUJAAT A","2403491","2019-06-17 08:00","2019","06","17","08:00","5.5","","1.8","","77","","","","11","","15","","24.1","","101.56","","","","","","NA"
"-86.22","66.52","NAUJAAT A","2403491","2019-06-17 09:00","2019","06","17","09:00","5.2","","1.6","","77","","","","13","","20","","24.1","","101.51","","","","","","Mostly Cloudy"
"-86.22","66.52","NAUJAAT A","2403491","2019-06-17 10:00","2019","06","17","10:00","5.7","","2.4","","79","","","","14","","17","","24.1","","101.50","","","","","","NA"
"-86.22","66.52","NAUJAAT A","2403491","2019-06-17 11:00","2019","06","17","11:00","6.3","","2.5","","76","","","","14","","14","","24.1","","101.50","","","","","","NA"
"-86.22","66.52","NAUJAAT A","2403491","2019-06-17 12:00","2019","06","17","12:00","8.6","","3.7","","71","","","","13","","14","","24.1","","101.49","","","","","","Mostly Cloudy"
"-86.22","66.52","NAUJAAT A","2403491","2019-06-17 13:00","2019","06","17","13:00","11.0","","4.6","","65","","","","12","","11","","24.1","","101.47","","","","","","NA"
"-86.22","66.52","NAUJAAT A","2403491","2019-06-17 14:00","2019","06","17","14:00","12.3","","5.2","","62","","","","11","","13","","24.1","","101.45","","","","","","NA"
"-86.22","66.52","NAUJAAT A","2403491","2019-06-17 15:00","2019","06","17","15:00","10.8","","4.1","","63","","","","15","","9","","24.1","","101.45","","","","","","Mostly Cloudy"
"-86.22","66.52","NAUJAAT A","2403491","2019-06-17 16:00","2019","06","17","16:00","9.1","","3.5","","68","","","","14","","8","","24.1","","101.43","","","","","","NA"
"-86.22","66.52","NAUJAAT A","2403491","2019-06-17 17:00","2019","06","17","17:00"
"-86.22","66.52","NAUJAAT A","2403491","2019-06-17 18:00","2019","06","17","18:00"
"-86.22","66.52","NAUJAAT A","2403491","2019-06-17 19:00","2019","06","17","19:00"
"-86.22","66.52","NAUJAAT A","2403491","2019-06-17 20:00","2019","06","17","20:00"
"-86.22","66.52","NAUJAAT A","2403491","2019-06-17 21:00","2019","06","17","21:00"
"-86.22","66.52","NAUJAAT A","2403491","2019-06-17 22:00","2019","06","17","22:00"
"-86.22","66.52","NAUJAAT A","2403491","2019-06-17 23:00","2019","06","17","23:00"
"-86.22","66.52","NAUJAAT A","2403491","2019-06-18 00:00","2019","06","18","00:00"
"-86.22","66.52","NAUJAAT A","2403491","2019-06-18 01:00","2019","06","18","01:00"
"-86.22","66.52","NAUJAAT A","2403491","2019-06-18 02:00","2019","06","18","02:00"
"-86.22","66.52","NAUJAAT A","2403491","2019-06-18 03:00","2019","06","18","03:00"
"-86.22","66.52","NAUJAAT A","2403491","2019-06-18 04:00","2019","06","18","04:00"
"-86.22","66.52","NAUJAAT A","2403491","2019-06-18 05:00","2019","06","18","05:00"
"-86.22","66.52","NAUJAAT A","2403491","2019-06-18 06:00","2019","06","18","06:00","3.7","","2.0","","88","","","","12","","19","","40.2","","101.07","","","","","","Mostly Cloudy"
"-86.22","66.52","NAUJAAT A","2403491","2019-06-18 07:00","2019","06","18","07:00","5.0","","3.4","","89","","","","12","","17","","40.2","","101.02","","","","","","NA"
"-86.22","66.52","NAUJAAT A","2403491","2019-06-18 08:00","2019","06","18","08:00","6.1","","3.4","","83","","","","11","","19","","40.2","","100.96","","","","","","NA"
"-86.22","66.52","NAUJAAT A","2403491","2019-06-18 09:00","2019","06","18","09:00"
"-86.22","66.52","NAUJAAT A","2403491","2019-06-18 10:00","2019","06","18","10:00","7.0","","3.4","","78","","","","12","","18","","80.5","","100.84","","","","","","NA"
"-86.22","66.52","NAUJAAT A","2403491","2019-06-18 11:00","2019","06","18","11:00","6.6","","3.1","","79","","","","12","","22","","24.1","","100.74","","","","","","NA"
"-86.22","66.52","NAUJAAT A","2403491","2019-06-18 12:00","2019","06","18","12:00","8.4","","2.9","","68","","","","12","","16","","40.2","","100.68","","","","","","Mostly Cloudy"
"-86.22","66.52","NAUJAAT A","2403491","2019-06-18 13:00","2019","06","18","13:00","8.6","","2.8","","67","","","","14","","18","","40.2","","100.62","","","","","","NA"
"-86.22","66.52","NAUJAAT A","2403491","2019-06-18 14:00","2019","06","18","14:00","8.4","","3.3","","70","","","","13","","18","","24.1","","100.57","","","","","","NA"
"-86.22","66.52","NAUJAAT A","2403491","2019-06-18 15:00","2019","06","18","15:00","8.9","","3.3","","68","","","","13","","13","","40.2","","100.56","","","","","","Mostly Cloudy"
"-86.22","66.52","NAUJAAT A","2403491","2019-06-18 16:00","2019","06","18","16:00","8.1","","3.0","","70","","","","14","","16","","40.2","","100.53","","","","","","NA"
"-86.22","66.52","NAUJAAT A","2403491","2019-06-18 17:00","2019","06","18","17:00"
"-86.22","66.52","NAUJAAT A","2403491","2019-06-18 18:00","2019","06","18","18:00"
"-86.22","66.52","NAUJAAT A","2403491","2019-06-18 19:00","2019","06","18","19:00"
"-86.22","66.52","NAUJAAT A","2403491","2019-06-18 20:00","2019","06","18","20:00"
"-86.22","66.52","NAUJAAT A","2403491","2019-06-18 21:00","2019","06","18","21:00"
"-86.22","66.52","NAUJAAT A","2403491","2019-06-18 22:00","2019","06","18","22:00"
"-86.22","66.52","NAUJAAT A","2403491","2019-06-18 23:00","2019","06","18","23:00"
"-86.22","66.52","NAUJAAT A","2403491","2019-06-19 00:00","2019","06","19","00:00"
"-86.22","66.52","NAUJAAT A","2403491","2019-06-19 01:00","2019","06","19","01:00"
"-86.22","66.52","NAUJAAT A","2403491","2019-06-19 02:00","2019","06","19","02:00"
"-86.22","66.52","NAUJAAT A","2403491","2019-06-19 03:00","2019","06","19","03:00"
"-86.22","66.52","NAUJAAT A","2403491","2019-06-19 04:00","2019","06","19","04:00"
"-86.22","66.52","NAUJAAT A","2403491","2019-06-19 05:00","2019","06","19","05:00"
"-86.22","66.52","NAUJAAT A","2403491","2019-06-19 06:00","2019","06","19","06:00","4.9","","2.3","","83","","","","34","","26","","40.2","","101.07","","","","","","Mainly Clear"
"-86.22","66.52","NAUJAAT A","2403491","2019-06-19 07:00","2019","06","19","07:00","5.7","","2.5","","80","","","","35","","24","","24.1","","101.12","","","","","","NA"
"-86.22","66.52","NAUJAAT A","2403491","2019-06-19 08:00","2019","06","19","08:00","7.2","","2.6","","72","","","","35","","23","","40.2","","101.13","","","","","","NA"
"-86.22","66.52","NAUJAAT A","2403491","2019-06-19 09:00","2019","06","19","09:00","8.5","","2.6","","66","","","","35","","22","","40.2","","101.15","","","","","","Mainly Clear"
"-86.22","66.52","NAUJAAT A","2403491","2019-06-19 10:00","2019","06","19","10:00","9.9","","3.3","","64","","","","34","","18","","40.2","","101.16","","","","","","NA"
"-86.22","66.52","NAUJAAT A","2403491","2019-06-19 11:00","2019","06","19","11:00","8.3","","1.6","","63","","","","15","","10","","40.2","","101.16","","","","","","NA"
"-86.22","66.52","NAUJAAT A","2403491","2019-06-19 12:00","2019","06","19","12:00","9.2","","1.8","","60","","","","18","","9","","40.2","","101.16","","","","","","Clear"
"-86.22","66.52","NAUJAAT A","2403491","2019-06-19 13:00","2019","06","19","13:00","9.6","","2.8","","62","","","","17","","10","","40.2","","101.19","","","","","","NA"
"-86.22","66.52","NAUJAAT A","2403491","2019-06-19 14:00","2019","06","19","14:00","12.4","","3.1","","53","","","","33","","26","","40.2","","101.19","","","","","","NA"
"-86.22","66.52","NAUJAAT A","2403491","2019-06-19 15:00","2019","06","19","15:00","12.2","","3.1","","54","","","","34","","30","","40.2","","101.19","","","","","","Clear"
"-86.22","66.52","NAUJAAT A","2403491","2019-06-19 16:00","2019","06","19","16:00","11.9","","3.0","","54","","","","33","","25","","40.2","","101.22","","","","","","NA"
"-86.22","66.52","NAUJAAT A","2403491","2019-06-19 17:00","2019","06","19","17:00"
"-86.22","66.52","NAUJAAT A","2403491","2019-06-19 18:00","2019","06","19","18:00"
"-86.22","66.52","NAUJAAT A","2403491","2019-06-19 19:00","2019","06","19","19:00"
"-86.22","66.52","NAUJAAT A","2403491","2019-06-19 20:00","2019","06","19","20:00"
"-86.22","66.52","NAUJAAT A","2403491","2019-06-19 21:00","2019","06","19","21:00"
"-86.22","66.52","NAUJAAT A","2403491","2019-06-19 22:00","2019","06","19","22:00"
"-86.22","66.52","NAUJAAT A","2403491","2019-06-19 23:00","2019","06","19","23:00"
"-86.22","66.52","NAUJAAT A","2403491","2019-06-20 00:00","2019","06","20","00:00"
"-86.22","66.52","NAUJAAT A","2403491","2019-06-20 01:00","2019","06","20","01:00"
"-86.22","66.52","NAUJAAT A","2403491","2019-06-20 02:00","2019","06","20","02:00"
"-86.22","66.52","NAUJAAT A","2403491","2019-06-20 03:00","2019","06","20","03:00"
"-86.22","66.52","NAUJAAT A","2403491","2019-06-20 04:00","2019","06","20","04:00"
"-86.22","66.52","NAUJAAT A","2403491","2019-06-20 05:00","2019","06","20","05:00"
"-86.22","66.52","NAUJAAT A","2403491","2019-06-20 06:00","2019","06","20","06:00"
"-86.22","66.52","NAUJAAT A","2403491","2019-06-20 07:00","2019","06","20","07:00"
"-86.22","66.52","NAUJAAT A","2403491","2019-06-20 08:00","2019","06","20","08:00"
"-86.22","66.52","NAUJAAT A","2403491","2019-06-20 09:00","2019","06","20","09:00"
"-86.22","66.52","NAUJAAT A","2403491","2019-06-20 10:00","2019","06","20","10:00"
"-86.22","66.52","NAUJAAT A","2403491","2019-06-20 11:00","2019","06","20","11:00"
"-86.22","66.52","NAUJAAT A","2403491","2019-06-20 12:00","2019","06","20","12:00"
"-86.22","66.52","NAUJAAT A","2403491","2019-06-20 13:00","2019","06","20","13:00"
"-86.22","66.52","NAUJAAT A","2403491","2019-06-20 14:00","2019","06","20","14:00"
"-86.22","66.52","NAUJAAT A","2403491","2019-06-20 15:00","2019","06","20","15:00"
"-86.22","66.52","NAUJAAT A","2403491","2019-06-20 16:00","2019","06","20","16:00"
"-86.22","66.52","NAUJAAT A","2403491","2019-06-20 17:00","2019","06","20","17:00"
"-86.22","66.52","NAUJAAT A","2403491","2019-06-20 18:00","2019","06","20","18:00"
"-86.22","66.52","NAUJAAT A","2403491","2019-06-20 19:00","2019","06","20","19:00"
"-86.22","66.52","NAUJAAT A","2403491","2019-06-20 20:00","2019","06","20","20:00"
"-86.22","66.52","NAUJAAT A","2403491","2019-06-20 21:00","2019","06","20","21:00"
"-86.22","66.52","NAUJAAT A","2403491","2019-06-20 22:00","2019","06","20","22:00"
"-86.22","66.52","NAUJAAT A","2403491","2019-06-20 23:00","2019","06","20","23:00"
"-86.22","66.52","NAUJAAT A","2403491","2019-06-21 00:00","2019","06","21","00:00"
"-86.22","66.52","NAUJAAT A","2403491","2019-06-21 01:00","2019","06","21","01:00"
"-86.22","66.52","NAUJAAT A","2403491","2019-06-21 02:00","2019","06","21","02:00"
"-86.22","66.52","NAUJAAT A","2403491","2019-06-21 03:00","2019","06","21","03:00"
"-86.22","66.52","NAUJAAT A","2403491","2019-06-21 04:00","2019","06","21","04:00"
"-86.22","66.52","NAUJAAT A","2403491","2019-06-21 05:00","2019","06","21","05:00"
"-86.22","66.52","NAUJAAT A","2403491","2019-06-21 06:00","2019","06","21","06:00","3.9","","1.4","","84","","","","36","","38","","24.1","","101.64","","","","","","Mostly Cloudy"
"-86.22","66.52","NAUJAAT A","2403491","2019-06-21 07:00","2019","06","21","07:00","4.8","","1.5","","79","","","","36","","33","","24.1","","101.70","","","","","","NA"
"-86.22","66.52","NAUJAAT A","2403491","2019-06-21 08:00","2019","06","21","08:00","5.4","","1.4","","75","","","","35","","30","","24.1","","101.74","","","","","","NA"
"-86.22","66.52","NAUJAAT A","2403491","2019-06-21 09:00","2019","06","21","09:00","6.2","","1.0","","69","","","","35","","31","","24.1","","101.76","","","","","","Mostly Cloudy"
"-86.22","66.52","NAUJAAT A","2403491","2019-06-21 10:00","2019","06","21","10:00","7.1","","0.6","","63","","","","35","","32","","24.1","","101.76","","","","","","NA"
"-86.22","66.52","NAUJAAT A","2403491","2019-06-21 11:00","2019","06","21","11:00","7.3","","0.2","","61","","","","35","","35","","24.1","","101.79","","","","","","NA"
"-86.22","66.52","NAUJAAT A","2403491","2019-06-21 12:00","2019","06","21","12:00","7.8","","1.0","","62","","","","34","","28","","24.1","","101.85","","","","","","Mainly Clear"
"-86.22","66.52","NAUJAAT A","2403491","2019-06-21 13:00","2019","06","21","13:00","7.8","","0.6","","60","","","","34","","30","","24.1","","101.89","","","","","","NA"
"-86.22","66.52","NAUJAAT A","2403491","2019-06-21 14:00","2019","06","21","14:00","7.4","","0.0","","59","","","","35","","36","","24.1","","101.91","","","","","","NA"
"-86.22","66.52","NAUJAAT A","2403491","2019-06-21 15:00","2019","06","21","15:00","7.8","","-0.3","","57","","","","34","","40","","24.1","","101.92","","","","","","Clear"
"-86.22","66.52","NAUJAAT A","2403491","2019-06-21 16:00","2019","06","21","16:00","8.4","","0.3","","57","","","","35","","32","","24.1","","101.92","","","","","","NA"
"-86.22","66.52","NAUJAAT A","2403491","2019-06-21 17:00","2019","06","21","17:00"
"-86.22","66.52","NAUJAAT A","2403491","2019-06-21 18:00","2019","06","21","18:00"
"-86.22","66.52","NAUJAAT A","2403491","2019-06-21 19:00","2019","06","21","19:00"
"-86.22","66.52","NAUJAAT A","2403491","2019-06-21 20:00","2019","06","21","20:00"
"-86.22","66.52","NAUJAAT A","2403491","2019-06-21 21:00","2019","06","21","21:00"
"-86.22","66.52","NAUJAAT A","2403491","2019-06-21 22:00","2019","06","21","22:00"
"-86.22","66.52","NAUJAAT A","2403491","2019-06-21 23:00","2019","06","21","23:00"
"-86.22","66.52","NAUJAAT A","2403491","2019-06-22 00:00","2019","06","22","00:00"
"-86.22","66.52","NAUJAAT A","2403491","2019-06-22 01:00","2019","06","22","01:00"
"-86.22","66.52","NAUJAAT A","2403491","2019-06-22 02:00","2019","06","22","02:00"
"-86.22","66.52","NAUJAAT A","2403491","2019-06-22 03:00","2019","06","22","03:00"
"-86.22","66.52","NAUJAAT A","2403491","2019-06-22 04:00","2019","06","22","04:00"
"-86.22","66.52","NAUJAAT A","2403491","2019-06-22 05:00","2019","06","22","05:00"
"-86.22","66.52","NAUJAAT A","2403491","2019-06-22 06:00","2019","06","22","06:00"
"-86.22","66.52","NAUJAAT A","2403491","2019-06-22 07:00","2019","06","22","07:00"
"-86.22","66.52","NAUJAAT A","2403491","2019-06-22 08:00","2019","06","22","08:00","8.3","","1.5","","62","","","","32","","18","","40.2","","101.99","","","","","","NA"
"-86.22","66.52","NAUJAAT A","2403491","2019-06-22 09:00","2019","06","22","09:00","9.1","","2.0","","61","","","","28","","10","","40.2","","101.94","","","","","","Clear"
"-86.22","66.52","NAUJAAT A","2403491","2019-06-22 10:00","2019","06","22","10:00","10.7","","1.3","","52","","","","30","","19","","80.5","","101.91","","","","","","NA"
"-86.22","66.52","NAUJAAT A","2403491","2019-06-22 11:00","2019","06","22","11:00"
"-86.22","66.52","NAUJAAT A","2403491","2019-06-22 12:00","2019","06","22","12:00"
"-86.22","66.52","NAUJAAT A","2403491","2019-06-22 13:00","2019","06","22","13:00","9.6","","1.2","","56","","","","23","","6","","40.2","","101.77","","","","","","NA"
"-86.22","66.52","NAUJAAT A","2403491","2019-06-22 14:00","2019","06","22","14:00","9.3","","0.9","","55","","","","26","","8","","40.2","","101.74","","","","","","NA"
"-86.22","66.52","NAUJAAT A","2403491","2019-06-22 15:00","2019","06","22","15:00"
"-86.22","66.52","NAUJAAT A","2403491","2019-06-22 16:00","2019","06","22","16:00"
"-86.22","66.52","NAUJAAT A","2403491","2019-06-22 17:00","2019","06","22","17:00"
"-86.22","66.52","NAUJAAT A","2403491","2019-06-22 18:00","2019","06","22","18:00"
"-86.22","66.52","NAUJAAT A","2403491","2019-06-22 19:00","2019","06","22","19:00"
"-86.22","66.52","NAUJAAT A","2403491","2019-06-22 20:00","2019","06","22","20:00"
"-86.22","66.52","NAUJAAT A","2403491","2019-06-22 21:00","2019","06","22","21:00"
"-86.22","66.52","NAUJAAT A","2403491","2019-06-22 22:00","2019","06","22","22:00"
"-86.22","66.52","NAUJAAT A","2403491","2019-06-22 23:00","2019","06","22","23:00"
"-86.22","66.52","NAUJAAT A","2403491","2019-06-23 00:00","2019","06","23","00:00"
"-86.22","66.52","NAUJAAT A","2403491","2019-06-23 01:00","2019","06","23","01:00"
"-86.22","66.52","NAUJAAT A","2403491","2019-06-23 02:00","2019","06","23","02:00"
"-86.22","66.52","NAUJAAT A","2403491","2019-06-23 03:00","2019","06","23","03:00"
"-86.22","66.52","NAUJAAT A","2403491","2019-06-23 04:00","2019","06","23","04:00"
"-86.22","66.52","NAUJAAT A","2403491","2019-06-23 05:00","2019","06","23","05:00"
"-86.22","66.52","NAUJAAT A","2403491","2019-06-23 06:00","2019","06","23","06:00"
"-86.22","66.52","NAUJAAT A","2403491","2019-06-23 07:00","2019","06","23","07:00"
"-86.22","66.52","NAUJAAT A","2403491","2019-06-23 08:00","2019","06","23","08:00","10.1","","3.9","","65","","","","27","","7","","80.5","","101.39","","","","","","NA"
"-86.22","66.52","NAUJAAT A","2403491","2019-06-23 09:00","2019","06","23","09:00","10.2","","4.0","","65","","","","25","","7","","80.5","","101.35","","","","","","Mostly Cloudy"
"-86.22","66.52","NAUJAAT A","2403491","2019-06-23 10:00","2019","06","23","10:00","10.5","","2.7","","58","","","","25","","7","","40.2","","101.31","","","","","","NA"
"-86.22","66.52","NAUJAAT A","2403491","2019-06-23 11:00","2019","06","23","11:00","10.3","","2.1","","57","","","","25","","12","","40.2","","101.26","","","","","","NA"
"-86.22","66.52","NAUJAAT A","2403491","2019-06-23 12:00","2019","06","23","12:00","12.6","","2.2","","49","","","","22","","8","","40.2","","101.24","","","","","","Mostly Cloudy"
"-86.22","66.52","NAUJAAT A","2403491","2019-06-23 13:00","2019","06","23","13:00","11.4","","2.0","","52","","","","26","","6","","40.2","","101.20","","","","","","NA"
"-86.22","66.52","NAUJAAT A","2403491","2019-06-23 14:00","2019","06","23","14:00","12.4","","2.1","","49","","","","27","","7","","80.5","","101.17","","","","","","NA"
"-86.22","66.52","NAUJAAT A","2403491","2019-06-23 15:00","2019","06","23","15:00"
"-86.22","66.52","NAUJAAT A","2403491","2019-06-23 16:00","2019","06","23","16:00"
"-86.22","66.52","NAUJAAT A","2403491","2019-06-23 17:00","2019","06","23","17:00"
"-86.22","66.52","NAUJAAT A","2403491","2019-06-23 18:00","2019","06","23","18:00"
"-86.22","66.52","NAUJAAT A","2403491","2019-06-23 19:00","2019","06","23","19:00"
"-86.22","66.52","NAUJAAT A","2403491","2019-06-23 20:00","2019","06","23","20:00"
"-86.22","66.52","NAUJAAT A","2403491","2019-06-23 21:00","2019","06","23","21:00"
"-86.22","66.52","NAUJAAT A","2403491","2019-06-23 22:00","2019","06","23","22:00"
"-86.22","66.52","NAUJAAT A","2403491","2019-06-23 23:00","2019","06","23","23:00"
"-86.22","66.52","NAUJAAT A","2403491","2019-06-24 00:00","2019","06","24","00:00"
"-86.22","66.52","NAUJAAT A","2403491","2019-06-24 01:00","2019","06","24","01:00"
"-86.22","66.52","NAUJAAT A","2403491","2019-06-24 02:00","2019","06","24","02:00"
"-86.22","66.52","NAUJAAT A","2403491","2019-06-24 03:00","2019","06","24","03:00"
"-86.22","66.52","NAUJAAT A","2403491","2019-06-24 04:00","2019","06","24","04:00"
"-86.22","66.52","NAUJAAT A","2403491","2019-06-24 05:00","2019","06","24","05:00"
"-86.22","66.52","NAUJAAT A","2403491","2019-06-24 06:00","2019","06","24","06:00","6.0","","2.1","","76","","","","14","","12","","24.1","","101.13","","","","","","Mainly Clear"
"-86.22","66.52","NAUJAAT A","2403491","2019-06-24 07:00","2019","06","24","07:00","8.9","","3.6","","69","","","","12","","12","","24.1","","101.10","","","","","","NA"
"-86.22","66.52","NAUJAAT A","2403491","2019-06-24 08:00","2019","06","24","08:00","6.2","","2.3","","76","","","","13","","16","","24.1","","101.09","","","","","","NA"
"-86.22","66.52","NAUJAAT A","2403491","2019-06-24 09:00","2019","06","24","09:00","8.3","","3.1","","70","","","","14","","13","","24.1","","101.09","","","","","","Mainly Clear"
"-86.22","66.52","NAUJAAT A","2403491","2019-06-24 10:00","2019","06","24","10:00","9.5","","3.2","","64","","","","14","","9","","24.1","","101.08","","","","","","NA"
"-86.22","66.52","NAUJAAT A","2403491","2019-06-24 11:00","2019","06","24","11:00","11.5","","4.1","","60","","","","14","","10","","24.1","","101.08","","","","","","NA"
"-86.22","66.52","NAUJAAT A","2403491","2019-06-24 12:00","2019","06","24","12:00","11.7","","4.1","","60","","","","15","","13","","24.1","","101.08","","","","","","Mostly Cloudy"
"-86.22","66.52","NAUJAAT A","2403491","2019-06-24 13:00","2019","06","24","13:00","10.8","","3.8","","62","","","","13","","13","","24.1","","101.08","","","","","","NA"
"-86.22","66.52","NAUJAAT A","2403491","2019-06-24 14:00","2019","06","24","14:00","10.3","","3.3","","61","","","","14","","14","","24.1","","101.09","","","","","","NA"
"-86.22","66.52","NAUJAAT A","2403491","2019-06-24 15:00","2019","06","24","15:00","11.0","","4.0","","62","","","","13","","13","","24.1","","101.09","","","","","","Mostly Cloudy"
"-86.22","66.52","NAUJAAT A","2403491","2019-06-24 16:00","2019","06","24","16:00","10.3","","3.6","","63","","","","15","","14","","24.1","","101.10","","","","","","NA"
"-86.22","66.52","NAUJAAT A","2403491","2019-06-24 17:00","2019","06","24","17:00"
"-86.22","66.52","NAUJAAT A","2403491","2019-06-24 18:00","2019","06","24","18:00"
"-86.22","66.52","NAUJAAT A","2403491","2019-06-24 19:00","2019","06","24","19:00"
"-86.22","66.52","NAUJAAT A","2403491","2019-06-24 20:00","2019","06","24","20:00"
"-86.22","66.52","NAUJAAT A","2403491","2019-06-24 21:00","2019","06","24","21:00"
"-86.22","66.52","NAUJAAT A","2403491","2019-06-24 22:00","2019","06","24","22:00"
"-86.22","66.52","NAUJAAT A","2403491","2019-06-24 23:00","2019","06","24","23:00"
"-86.22","66.52","NAUJAAT A","2403491","2019-06-25 00:00","2019","06","25","00:00"
"-86.22","66.52","NAUJAAT A","2403491","2019-06-25 01:00","2019","06","25","01:00"
"-86.22","66.52","NAUJAAT A","2403491","2019-06-25 02:00","2019","06","25","02:00"
"-86.22","66.52","NAUJAAT A","2403491","2019-06-25 03:00","2019","06","25","03:00"
"-86.22","66.52","NAUJAAT A","2403491","2019-06-25 04:00","2019","06","25","04:00"
"-86.22","66.52","NAUJAAT A","2403491","2019-06-25 05:00","2019","06","25","05:00"
"-86.22","66.52","NAUJAAT A","2403491","2019-06-25 06:00","2019","06","25","06:00","6.6","","2.1","","73","","","","10","","9","","24.1","","101.51","","","","","","Mainly Clear"
"-86.22","66.52","NAUJAAT A","2403491","2019-06-25 07:00","2019","06","25","07:00","5.3","","1.6","","77","","","","14","","12","","24.1","","101.55","","","","","","NA"
"-86.22","66.52","NAUJAAT A","2403491","2019-06-25 08:00","2019","06","25","08:00","4.6","","1.2","","78","","","","14","","13","","24.1","","101.56","","","","","","NA"
"-86.22","66.52","NAUJAAT A","2403491","2019-06-25 09:00","2019","06","25","09:00","5.5","","1.6","","76","","","","13","","13","","24.1","","101.59","","","","","","Mainly Clear"
"-86.22","66.52","NAUJAAT A","2403491","2019-06-25 10:00","2019","06","25","10:00","6.6","","2.1","","73","","","","13","","16","","24.1","","101.63","","","","","","NA"
"-86.22","66.52","NAUJAAT A","2403491","2019-06-25 11:00","2019","06","25","11:00","7.0","","2.3","","72","","","","14","","17","","24.1","","101.65","","","","","","NA"
"-86.22","66.52","NAUJAAT A","2403491","2019-06-25 12:00","2019","06","25","12:00","10.5","","1.4","","53","","","","13","","17","","24.1","","101.66","","","","","","Mainly Clear"
"-86.22","66.52","NAUJAAT A","2403491","2019-06-25 13:00","2019","06","25","13:00","11.6","","-0.2","","44","","","","13","","17","","24.1","","101.69","","","","","","NA"
"-86.22","66.52","NAUJAAT A","2403491","2019-06-25 14:00","2019","06","25","14:00","11.0","","0.1","","47","","","","13","","19","","24.1","","101.71","","","","","","NA"
"-86.22","66.52","NAUJAAT A","2403491","2019-06-25 15:00","2019","06","25","15:00","11.0","","1.1","","50","","","","13","","21","","24.1","","101.74","","","","","","Mainly Clear"
"-86.22","66.52","NAUJAAT A","2403491","2019-06-25 16:00","2019","06","25","16:00","12.6","","1.8","","48","","","","13","","18","","24.1","","101.74","","","","","","NA"
"-86.22","66.52","NAUJAAT A","2403491","2019-06-25 17:00","2019","06","25","17:00"
"-86.22","66.52","NAUJAAT A","2403491","2019-06-25 18:00","2019","06","25","18:00"
"-86.22","66.52","NAUJAAT A","2403491","2019-06-25 19:00","2019","06","25","19:00"
"-86.22","66.52","NAUJAAT A","2403491","2019-06-25 20:00","2019","06","25","20:00"
"-86.22","66.52","NAUJAAT A","2403491","2019-06-25 21:00","2019","06","25","21:00"
"-86.22","66.52","NAUJAAT A","2403491","2019-06-25 22:00","2019","06","25","22:00"
"-86.22","66.52","NAUJAAT A","2403491","2019-06-25 23:00","2019","06","25","23:00"
"-86.22","66.52","NAUJAAT A","2403491","2019-06-26 00:00","2019","06","26","00:00"
"-86.22","66.52","NAUJAAT A","2403491","2019-06-26 01:00","2019","06","26","01:00"
"-86.22","66.52","NAUJAAT A","2403491","2019-06-26 02:00","2019","06","26","02:00"
"-86.22","66.52","NAUJAAT A","2403491","2019-06-26 03:00","2019","06","26","03:00"
"-86.22","66.52","NAUJAAT A","2403491","2019-06-26 04:00","2019","06","26","04:00"
"-86.22","66.52","NAUJAAT A","2403491","2019-06-26 05:00","2019","06","26","05:00"
"-86.22","66.52","NAUJAAT A","2403491","2019-06-26 06:00","2019","06","26","06:00","6.2","","2.2","","75","","","","14","","8","","24.1","","102.14","","","","","","Mostly Cloudy"
"-86.22","66.52","NAUJAAT A","2403491","2019-06-26 07:00","2019","06","26","07:00","6.8","","2.4","","73","","","","20","","5","","80.5","","102.16","","","","","","NA"
"-86.22","66.52","NAUJAAT A","2403491","2019-06-26 08:00","2019","06","26","08:00","4.4","","1.5","","81","","","","26","","7","","80.5","","102.16","","","","","","NA"
"-86.22","66.52","NAUJAAT A","2403491","2019-06-26 09:00","2019","06","26","09:00","6.9","","2.1","","72","","","","23","","7","","80.5","","102.15","","","","","","Mostly Cloudy"
"-86.22","66.52","NAUJAAT A","2403491","2019-06-26 10:00","2019","06","26","10:00","8.6","","3.6","","71","","","","16","","8","","80.5","","102.16","","","","","","NA"
"-86.22","66.52","NAUJAAT A","2403491","2019-06-26 11:00","2019","06","26","11:00","10.1","","2.9","","61","","","","15","","13","","80.5","","102.15","","","","","","NA"
"-86.22","66.52","NAUJAAT A","2403491","2019-06-26 12:00","2019","06","26","12:00","9.6","","2.7","","62","","","","16","","9","","80.5","","102.16","","","","","","Mostly Cloudy"
"-86.22","66.52","NAUJAAT A","2403491","2019-06-26 13:00","2019","06","26","13:00","10.2","","3.0","","61","","","","15","","11","","80.5","","102.17","","","","","","NA"
"-86.22","66.52","NAUJAAT A","2403491","2019-06-26 14:00","2019","06","26","14:00","11.7","","3.0","","55","","","","14","","10","","80.5","","102.18","","","","","","NA"
"-86.22","66.52","NAUJAAT A","2403491","2019-06-26 15:00","2019","06","26","15:00","12.1","","2.9","","53","","","","13","","13","","80.5","","102.19","","","","","","Mostly Cloudy"
"-86.22","66.52","NAUJAAT A","2403491","2019-06-26 16:00","2019","06","26","16:00","11.4","","3.0","","56","","","","16","","16","","80.5","","102.19","","","","","","NA"
"-86.22","66.52","NAUJAAT A","2403491","2019-06-26 17:00","2019","06","26","17:00"
"-86.22","66.52","NAUJAAT A","2403491","2019-06-26 18:00","2019","06","26","18:00"
"-86.22","66.52","NAUJAAT A","2403491","2019-06-26 19:00","2019","06","26","19:00"
"-86.22","66.52","NAUJAAT A","2403491","2019-06-26 20:00","2019","06","26","20:00"
"-86.22","66.52","NAUJAAT A","2403491","2019-06-26 21:00","2019","06","26","21:00"
"-86.22","66.52","NAUJAAT A","2403491","2019-06-26 22:00","2019","06","26","22:00"
"-86.22","66.52","NAUJAAT A","2403491","2019-06-26 23:00","2019","06","26","23:00"
"-86.22","66.52","NAUJAAT A","2403491","2019-06-27 00:00","2019","06","27","00:00"
"-86.22","66.52","NAUJAAT A","2403491","2019-06-27 01:00","2019","06","27","01:00"
"-86.22","66.52","NAUJAAT A","2403491","2019-06-27 02:00","2019","06","27","02:00"
"-86.22","66.52","NAUJAAT A","2403491","2019-06-27 03:00","2019","06","27","03:00"
"-86.22","66.52","NAUJAAT A","2403491","2019-06-27 04:00","2019","06","27","04:00"
"-86.22","66.52","NAUJAAT A","2403491","2019-06-27 05:00","2019","06","27","05:00"
"-86.22","66.52","NAUJAAT A","2403491","2019-06-27 06:00","2019","06","27","06:00","9.2","","5.0","","75","","","","16","","9","","80.5","","102.40","","","","","","Mostly Cloudy"
"-86.22","66.52","NAUJAAT A","2403491","2019-06-27 07:00","2019","06","27","07:00","7.9","","4.3","","78","","","","16","","9","","80.5","","102.40","","","","","","NA"
"-86.22","66.52","NAUJAAT A","2403491","2019-06-27 08:00","2019","06","27","08:00","8.2","","4.5","","78","","","","14","","7","","80.5","","102.42","","","","","","NA"
"-86.22","66.52","NAUJAAT A","2403491","2019-06-27 09:00","2019","06","27","09:00","8.4","","4.3","","75","","","","16","","7","","40.2","","102.40","","","","","","Mostly Cloudy"
"-86.22","66.52","NAUJAAT A","2403491","2019-06-27 10:00","2019","06","27","10:00","6.8","","3.7","","80","","","","25","","4","","40.2","","102.41","","","","","","NA"
"-86.22","66.52","NAUJAAT A","2403491","2019-06-27 11:00","2019","06","27","11:00","10.1","","4.5","","68","","","","15","","9","","80.5","","102.38","","","","","","NA"
"-86.22","66.52","NAUJAAT A","2403491","2019-06-27 12:00","2019","06","27","12:00","9.9","","3.9","","66","","","","13","","17","","40.2","","102.41","","","","","","Mostly Cloudy"
"-86.22","66.52","NAUJAAT A","2403491","2019-06-27 13:00","2019","06","27","13:00","9.3","","3.1","","65","","","","13","","21","","80.5","","102.42","","","","","","NA"
"-86.22","66.52","NAUJAAT A","2403491","2019-06-27 14:00","2019","06","27","14:00","9.5","","3.2","","64","","","","13","","19","","40.2","","102.43","","","","","","NA"
"-86.22","66.52","NAUJAAT A","2403491","2019-06-27 15:00","2019","06","27","15:00","9.5","","3.2","","65","","","","14","","18","","40.2","","102.44","","","","","","Mostly Cloudy"
"-86.22","66.52","NAUJAAT A","2403491","2019-06-27 16:00","2019","06","27","16:00","9.3","","2.5","","62","","","","13","","26","","40.2","","102.42","","","","","","NA"
"-86.22","66.52","NAUJAAT A","2403491","2019-06-27 17:00","2019","06","27","17:00"
"-86.22","66.52","NAUJAAT A","2403491","2019-06-27 18:00","2019","06","27","18:00"
"-86.22","66.52","NAUJAAT A","2403491","2019-06-27 19:00","2019","06","27","19:00"
"-86.22","66.52","NAUJAAT A","2403491","2019-06-27 20:00","2019","06","27","20:00"
"-86.22","66.52","NAUJAAT A","2403491","2019-06-27 21:00","2019","06","27","21:00"
"-86.22","66.52","NAUJAAT A","2403491","2019-06-27 22:00","2019","06","27","22:00"
"-86.22","66.52","NAUJAAT A","2403491","2019-06-27 23:00","2019","06","27","23:00"
"-86.22","66.52","NAUJAAT A","2403491","2019-06-28 00:00","2019","06","28","00:00"
"-86.22","66.52","NAUJAAT A","2403491","2019-06-28 01:00","2019","06","28","01:00","5.1","","0.8","","74","","","","30","","4","","40.2","","102.44","","","","","","NA"
"-86.22","66.52","NAUJAAT A","2403491","2019-06-28 02:00","2019","06","28","02:00","4.8","","0.6","","74","","","","28","","7","","40.2","","102.43","","","","","","NA"
"-86.22","66.52","NAUJAAT A","2403491","2019-06-28 03:00","2019","06","28","03:00"
"-86.22","66.52","NAUJAAT A","2403491","2019-06-28 04:00","2019","06","28","04:00"
"-86.22","66.52","NAUJAAT A","2403491","2019-06-28 05:00","2019","06","28","05:00"
"-86.22","66.52","NAUJAAT A","2403491","2019-06-28 06:00","2019","06","28","06:00","7.1","","1.6","","68","","","","30","","3","","80.5","","102.41","","","","","","Mostly Cloudy"
"-86.22","66.52","NAUJAAT A","2403491","2019-06-28 07:00","2019","06","28","07:00","9.2","","1.6","","58","","","","14","","5","","80.5","","102.39","","","","","","NA"
"-86.22","66.52","NAUJAAT A","2403491","2019-06-28 08:00","2019","06","28","08:00","11.3","","2.1","","53","","","","14","","7","","80.5","","102.35","","","","","","NA"
"-86.22","66.52","NAUJAAT A","2403491","2019-06-28 09:00","2019","06","28","09:00","10.5","","2.4","","57","","","","15","","14","","80.5","","102.32","","","","","","Mainly Clear"
"-86.22","66.52","NAUJAAT A","2403491","2019-06-28 10:00","2019","06","28","10:00","9.4","","1.6","","58","","","","15","","12","","40.2","","102.30","","","","","","NA"
"-86.22","66.52","NAUJAAT A","2403491","2019-06-28 11:00","2019","06","28","11:00","9.8","","2.5","","60","","","","17","","7","","80.5","","102.28","","","","","","NA"
"-86.22","66.52","NAUJAAT A","2403491","2019-06-28 12:00","2019","06","28","12:00","11.3","","2.8","","56","","","","19","","6","","80.5","","102.26","","","","","","Mostly Cloudy"
"-86.22","66.52","NAUJAAT A","2403491","2019-06-28 13:00","2019","06","28","13:00","12.0","","2.5","","52","","","","17","","8","","80.5","","102.24","","","","","","NA"
"-86.22","66.52","NAUJAAT A","2403491","2019-06-28 14:00","2019","06","28","14:00","13.1","","2.6","","49","","","","17","","10","","80.5","","102.21","","","","","","NA"
"-86.22","66.52","NAUJAAT A","2403491","2019-06-28 15:00","2019","06","28","15:00","13.7","","2.9","","48","","","","14","","9","","40.2","","102.18","","","","","","Mainly Clear"
"-86.22","66.52","NAUJAAT A","2403491","2019-06-28 16:00","2019","06","28","16:00","14.5","","4.0","","49","","","","17","","13","","40.2","","102.14","","","","","","NA"
"-86.22","66.52","NAUJAAT A","2403491","2019-06-28 17:00","2019","06","28","17:00"
"-86.22","66.52","NAUJAAT A","2403491","2019-06-28 18:00","2019","06","28","18:00"
"-86.22","66.52","NAUJAAT A","2403491","2019-06-28 19:00","2019","06","28","19:00"
"-86.22","66.52","NAUJAAT A","2403491","2019-06-28 20:00","2019","06","28","20:00"
"-86.22","66.52","NAUJAAT A","2403491","2019-06-28 21:00","2019","06","28","21:00"
"-86.22","66.52","NAUJAAT A","2403491","2019-06-28 22:00","2019","06","28","22:00"
"-86.22","66.52","NAUJAAT A","2403491","2019-06-28 23:00","2019","06","28","23:00"
"-86.22","66.52","NAUJAAT A","2403491","2019-06-29 00:00","2019","06","29","00:00"
"-86.22","66.52","NAUJAAT A","2403491","2019-06-29 01:00","2019","06","29","01:00"
"-86.22","66.52","NAUJAAT A","2403491","2019-06-29 02:00","2019","06","29","02:00"
"-86.22","66.52","NAUJAAT A","2403491","2019-06-29 03:00","2019","06","29","03:00"
"-86.22","66.52","NAUJAAT A","2403491","2019-06-29 04:00","2019","06","29","04:00"
"-86.22","66.52","NAUJAAT A","2403491","2019-06-29 05:00","2019","06","29","05:00"
"-86.22","66.52","NAUJAAT A","2403491","2019-06-29 06:00","2019","06","29","06:00"
"-86.22","66.52","NAUJAAT A","2403491","2019-06-29 07:00","2019","06","29","07:00"
"-86.22","66.52","NAUJAAT A","2403491","2019-06-29 08:00","2019","06","29","08:00"
"-86.22","66.52","NAUJAAT A","2403491","2019-06-29 09:00","2019","06","29","09:00"
"-86.22","66.52","NAUJAAT A","2403491","2019-06-29 10:00","2019","06","29","10:00"
"-86.22","66.52","NAUJAAT A","2403491","2019-06-29 11:00","2019","06","29","11:00"
"-86.22","66.52","NAUJAAT A","2403491","2019-06-29 12:00","2019","06","29","12:00"
"-86.22","66.52","NAUJAAT A","2403491","2019-06-29 13:00","2019","06","29","13:00"
"-86.22","66.52","NAUJAAT A","2403491","2019-06-29 14:00","2019","06","29","14:00"
"-86.22","66.52","NAUJAAT A","2403491","2019-06-29 15:00","2019","06","29","15:00"
"-86.22","66.52","NAUJAAT A","2403491","2019-06-29 16:00","2019","06","29","16:00"
"-86.22","66.52","NAUJAAT A","2403491","2019-06-29 17:00","2019","06","29","17:00"
"-86.22","66.52","NAUJAAT A","2403491","2019-06-29 18:00","2019","06","29","18:00"
"-86.22","66.52","NAUJAAT A","2403491","2019-06-29 19:00","2019","06","29","19:00"
"-86.22","66.52","NAUJAAT A","2403491","2019-06-29 20:00","2019","06","29","20:00"
"-86.22","66.52","NAUJAAT A","2403491","2019-06-29 21:00","2019","06","29","21:00"
"-86.22","66.52","NAUJAAT A","2403491","2019-06-29 22:00","2019","06","29","22:00"
"-86.22","66.52","NAUJAAT A","2403491","2019-06-29 23:00","2019","06","29","23:00"
"-86.22","66.52","NAUJAAT A","2403491","2019-06-30 00:00","2019","06","30","00:00"
"-86.22","66.52","NAUJAAT A","2403491","2019-06-30 01:00","2019","06","30","01:00"
"-86.22","66.52","NAUJAAT A","2403491","2019-06-30 02:00","2019","06","30","02:00"
"-86.22","66.52","NAUJAAT A","2403491","2019-06-30 03:00","2019","06","30","03:00"
"-86.22","66.52","NAUJAAT A","2403491","2019-06-30 04:00","2019","06","30","04:00"
"-86.22","66.52","NAUJAAT A","2403491","2019-06-30 05:00","2019","06","30","05:00"
"-86.22","66.52","NAUJAAT A","2403491","2019-06-30 06:00","2019","06","30","06:00"
"-86.22","66.52","NAUJAAT A","2403491","2019-06-30 07:00","2019","06","30","07:00"
"-86.22","66.52","NAUJAAT A","2403491","2019-06-30 08:00","2019","06","30","08:00","12.0","","5.5","","64","","","","11","","20","","40.2","","101.29","","","","","","NA"
"-86.22","66.52","NAUJAAT A","2403491","2019-06-30 09:00","2019","06","30","09:00","11.6","","5.1","","64","","","","13","","22","","40.2","","101.28","","","","","","Mainly Clear"
"-86.22","66.52","NAUJAAT A","2403491","2019-06-30 10:00","2019","06","30","10:00","13.8","","5.2","","56","","","","12","","20","","40.2","","101.26","","","","","","NA"
"-86.22","66.52","NAUJAAT A","2403491","2019-06-30 11:00","2019","06","30","11:00","14.6","","5.3","","54","","","","13","","19","","40.2","","101.23","","","","","","NA"
"-86.22","66.52","NAUJAAT A","2403491","2019-06-30 12:00","2019","06","30","12:00","15.4","","4.9","","49","","","","13","","20","","40.2","","101.21","","","","","","Mainly Clear"
"-86.22","66.52","NAUJAAT A","2403491","2019-06-30 13:00","2019","06","30","13:00","15.4","","4.8","","49","","","","12","","27","","40.2","","101.18","","","","","","NA"
"-86.22","66.52","NAUJAAT A","2403491","2019-06-30 14:00","2019","06","30","14:00","16.0","","5.5","","49","","","","12","","32","","40.2","","101.13","","","","","","NA"
"-86.22","66.52","NAUJAAT A","2403491","2019-06-30 15:00","2019","06","30","15:00"
"-86.22","66.52","NAUJAAT A","2403491","2019-06-30 16:00","2019","06","30","16:00"
"-86.22","66.52","NAUJAAT A","2403491","2019-06-30 17:00","2019","06","30","17:00"
"-86.22","66.52","NAUJAAT A","2403491","2019-06-30 18:00","2019","06","30","18:00"
"-86.22","66.52","NAUJAAT A","2403491","2019-06-30 19:00","2019","06","30","19:00"
"-86.22","66.52","NAUJAAT A","2403491","2019-06-30 20:00","2019","06","30","20:00"
"-86.22","66.52","NAUJAAT A","2403491","2019-06-30 21:00","2019","06","30","21:00"
"-86.22","66.52","NAUJAAT A","2403491","2019-06-30 22:00","2019","06","30","22:00"
"-86.22","66.52","NAUJAAT A","2403491","2019-06-30 23:00","2019","06","30","23:00"
