"Longitude (x)","Latitude (y)","Station Name","Climate ID","Date/Time (LST)","Year","Month","Day","Time (LST)","Temp (°C)","Temp Flag","Dew Point Temp (°C)","Dew Point Temp Flag","Rel Hum (%)","Rel Hum Flag","Precip. Amount (mm)","Precip. Amount Flag","Wind Dir (10s deg)","Wind Dir Flag","Wind Spd (km/h)","Wind Spd Flag","Visibility (km)","Visibility Flag","Stn Press (kPa)","Stn Press Flag","Hmdx","Hmdx Flag","Wind Chill","Wind Chill Flag","Weather"
"-81.11","44.74","WIARTON A","6119498","2019-09-01 00:00","2019","09","01","00:00","11.4","","10.1","","92","","","M","10","","8","","","M","99.95","","","","","","NA"
"-81.11","44.74","WIARTON A","6119498","2019-09-01 01:00","2019","09","01","01:00","10.8","","10.0","","95","","","M","12","","8","","","M","99.95","","","","","","NA"
"-81.11","44.74","WIARTON A","6119498","2019-09-01 02:00","2019","09","01","02:00","10.8","","9.6","","92","","","M","13","","12","","","M","99.93","","","","","","NA"
"-81.11","44.74","WIARTON A","6119498","2019-09-01 03:00","2019","09","01","03:00","10.7","","9.6","","93","","","M","11","","8","","","M","99.90","","","","","","NA"
"-81.11","44.74","WIARTON A","6119498","2019-09-01 04:00","2019","09","01","04:00","10.3","","9.6","","95","","","M","10","","7","","","M","99.86","","","","","","NA"
"-81.11","44.74","WIARTON A","6119498","2019-09-01 05:00","2019","09","01","05:00","9.6","","8.9","","96","","","M","10","","7","","","M","99.84","","","","","","NA"
"-81.11","44.74","WIARTON A","6119498","2019-09-01 06:00","2019","09","01","06:00","9.3","","8.2","","93","","","M","12","","11","","","M","99.83","","","","","","NA"
"-81.11","44.74","WIARTON A","6119498","2019-09-01 07:00","2019","09","01","07:00","12.4","","9.7","","83","","","M","12","","8","","","M","99.84","","","","","","NA"
"-81.11","44.74","WIARTON A","6119498","2019-09-01 08:00","2019","09","01","08:00","15.6","","11.0","","74","","","M","15","","8","","","M","99.80","","","","","","NA"
"-81.11","44.74","WIARTON A","6119498","2019-09-01 09:00","2019","09","01","09:00","18.2","","10.9","","62","","","M","18","","9","","","M","99.76","","","","","","NA"
"-81.11","44.74","WIARTON A","6119498","2019-09-01 10:00","2019","09","01","10:00","20.0","","10.8","","55","","","M","20","","7","","","M","99.72","","","","","","NA"
"-81.11","44.74","WIARTON A","6119498","2019-09-01 11:00","2019","09","01","11:00","19.8","","10.6","","55","","","M","30","","4","","","M","99.69","","","","","","NA"
"-81.11","44.74","WIARTON A","6119498","2019-09-01 12:00","2019","09","01","12:00","21.3","","11.1","","52","","","M","17","","6","","","M","99.61","","","","","","NA"
"-81.11","44.74","WIARTON A","6119498","2019-09-01 13:00","2019","09","01","13:00","21.6","","12.1","","54","","","M","2","","9","","","M","99.53","","","","","","NA"
"-81.11","44.74","WIARTON A","6119498","2019-09-01 14:00","2019","09","01","14:00","21.1","","11.4","","53","","","M","7","","7","","","M","99.42","","","","","","NA"
"-81.11","44.74","WIARTON A","6119498","2019-09-01 15:00","2019","09","01","15:00","20.5","","13.4","","63","","","M","27","","11","","","M","99.39","","","","","","NA"
"-81.11","44.74","WIARTON A","6119498","2019-09-01 16:00","2019","09","01","16:00","19.2","","13.1","","67","","","M","26","","8","","","M","99.38","","","","","","NA"
"-81.11","44.74","WIARTON A","6119498","2019-09-01 17:00","2019","09","01","17:00","19.0","","13.1","","68","","","M","29","","7","","","M","99.31","","","","","","NA"
"-81.11","44.74","WIARTON A","6119498","2019-09-01 18:00","2019","09","01","18:00","18.5","","13.5","","72","","","M","29","","8","","","M","99.26","","","","","","NA"
"-81.11","44.74","WIARTON A","6119498","2019-09-01 19:00","2019","09","01","19:00","17.8","","13.3","","74","","","M","24","","5","","","M","99.21","","","","","","NA"
"-81.11","44.74","WIARTON A","6119498","2019-09-01 20:00","2019","09","01","20:00","15.4","","13.7","","89","","","M","18","","3","","","M","99.19","","","","","","NA"
"-81.11","44.74","WIARTON A","6119498","2019-09-01 21:00","2019","09","01","21:00","14.4","","13.4","","94","","","M","16","","5","","","M","99.17","","","","","","NA"
"-81.11","44.74","WIARTON A","6119498","2019-09-01 22:00","2019","09","01","22:00","13.3","","13.0","","98","","","M","16","","7","","","M","99.14","","","","","","NA"
"-81.11","44.74","WIARTON A","6119498","2019-09-01 23:00","2019","09","01","23:00","13.1","","12.6","","97","","","M","15","","8","","","M","99.09","","","","","","NA"
"-81.11","44.74","WIARTON A","6119498","2019-09-02 00:00","2019","09","02","00:00","13.0","","12.6","","97","","","M","14","","5","","","M","99.07","","","","","","NA"
"-81.11","44.74","WIARTON A","6119498","2019-09-02 01:00","2019","09","02","01:00","13.8","","13.1","","96","","","M","17","","7","","","M","99.03","","","","","","NA"
"-81.11","44.74","WIARTON A","6119498","2019-09-02 02:00","2019","09","02","02:00","15.0","","13.2","","89","","","M","20","","7","","","M","99.01","","","","","","NA"
"-81.11","44.74","WIARTON A","6119498","2019-09-02 03:00","2019","09","02","03:00","15.5","","13.3","","87","","","M","19","","8","","","M","98.96","","","","","","NA"
"-81.11","44.74","WIARTON A","6119498","2019-09-02 04:00","2019","09","02","04:00","14.5","","13.1","","91","","","M","15","","5","","","M","98.95","","","","","","NA"
"-81.11","44.74","WIARTON A","6119498","2019-09-02 05:00","2019","09","02","05:00","14.1","","13.4","","96","","","M","19","","7","","","M","98.92","","","","","","NA"
"-81.11","44.74","WIARTON A","6119498","2019-09-02 06:00","2019","09","02","06:00","16.4","","14.7","","89","","","M","24","","11","","","M","98.95","","","","","","NA"
"-81.11","44.74","WIARTON A","6119498","2019-09-02 07:00","2019","09","02","07:00","17.2","","15.3","","88","","","M","24","","10","","","M","98.96","","","","","","NA"
"-81.11","44.74","WIARTON A","6119498","2019-09-02 08:00","2019","09","02","08:00","18.1","","16.3","","89","","","M","25","","7","","","M","98.96","","","","","","NA"
"-81.11","44.74","WIARTON A","6119498","2019-09-02 09:00","2019","09","02","09:00","20.2","","16.0","","76","","","M","25","","12","","","M","98.95","","25","","","","NA"
"-81.11","44.74","WIARTON A","6119498","2019-09-02 10:00","2019","09","02","10:00","19.9","","15.7","","77","","","M","27","","8","","","M","98.97","","","","","","NA"
"-81.11","44.74","WIARTON A","6119498","2019-09-02 11:00","2019","09","02","11:00","19.5","","15.0","","75","","","M","29","","15","","","M","98.98","","","","","","NA"
"-81.11","44.74","WIARTON A","6119498","2019-09-02 12:00","2019","09","02","12:00","17.8","","16.6","","92","","","M","26","","11","","","M","98.99","","","","","","NA"
"-81.11","44.74","WIARTON A","6119498","2019-09-02 13:00","2019","09","02","13:00","17.4","","16.4","","94","","","M","29","","8","","","M","99.00","","","","","","NA"
"-81.11","44.74","WIARTON A","6119498","2019-09-02 14:00","2019","09","02","14:00","18.1","","16.4","","90","","","M","27","","11","","","M","98.98","","","","","","NA"
"-81.11","44.74","WIARTON A","6119498","2019-09-02 15:00","2019","09","02","15:00","18.9","","16.1","","83","","","M","28","","12","","","M","98.97","","","","","","NA"
"-81.11","44.74","WIARTON A","6119498","2019-09-02 16:00","2019","09","02","16:00","19.5","","15.6","","78","","","M","28","","12","","","M","98.99","","","","","","NA"
"-81.11","44.74","WIARTON A","6119498","2019-09-02 17:00","2019","09","02","17:00","18.5","","15.2","","80","","","M","27","","14","","","M","99.03","","","","","","NA"
"-81.11","44.74","WIARTON A","6119498","2019-09-02 18:00","2019","09","02","18:00","18.1","","14.9","","81","","","M","30","","9","","","M","99.05","","","","","","NA"
"-81.11","44.74","WIARTON A","6119498","2019-09-02 19:00","2019","09","02","19:00","17.1","","15.1","","88","","","M","28","","5","","","M","99.07","","","","","","NA"
"-81.11","44.74","WIARTON A","6119498","2019-09-02 20:00","2019","09","02","20:00","16.1","","14.6","","91","","","M","23","","5","","","M","99.12","","","","","","NA"
"-81.11","44.74","WIARTON A","6119498","2019-09-02 21:00","2019","09","02","21:00","15.3","","14.6","","95","","","M","32","","1","","","M","99.14","","","","","","NA"
"-81.11","44.74","WIARTON A","6119498","2019-09-02 22:00","2019","09","02","22:00","12.0","","11.9","","99","","","M","17","","7","","","M","99.16","","","","","","NA"
"-81.11","44.74","WIARTON A","6119498","2019-09-02 23:00","2019","09","02","23:00","10.8","","10.7","","99","","","M","12","","8","","","M","99.14","","","","","","NA"
"-81.11","44.74","WIARTON A","6119498","2019-09-03 00:00","2019","09","03","00:00","10.0","","9.9","","99","","","M","15","","7","","","M","99.12","","","","","","NA"
"-81.11","44.74","WIARTON A","6119498","2019-09-03 01:00","2019","09","03","01:00","11.0","","10.9","","99","","","M","13","","10","","","M","99.11","","","","","","NA"
"-81.11","44.74","WIARTON A","6119498","2019-09-03 02:00","2019","09","03","02:00","10.9","","10.8","","99","","","M","14","","7","","","M","99.10","","","","","","NA"
"-81.11","44.74","WIARTON A","6119498","2019-09-03 03:00","2019","09","03","03:00","10.2","","10.1","","100","","","M","15","","10","","","M","99.10","","","","","","NA"
"-81.11","44.74","WIARTON A","6119498","2019-09-03 04:00","2019","09","03","04:00","11.3","","11.3","","100","","","M","15","","14","","","M","99.09","","","","","","NA"
"-81.11","44.74","WIARTON A","6119498","2019-09-03 05:00","2019","09","03","05:00","11.7","","11.7","","100","","","M","15","","13","","","M","99.07","","","","","","NA"
"-81.11","44.74","WIARTON A","6119498","2019-09-03 06:00","2019","09","03","06:00","11.9","","11.9","","100","","","M","15","","12","","","M","99.08","","","","","","NA"
"-81.11","44.74","WIARTON A","6119498","2019-09-03 07:00","2019","09","03","07:00","12.6","","12.6","","100","","","M","15","","8","","","M","99.06","","","","","","NA"
"-81.11","44.74","WIARTON A","6119498","2019-09-03 08:00","2019","09","03","08:00","13.8","","13.5","","98","","","M","15","","14","","","M","98.97","","","","","","NA"
"-81.11","44.74","WIARTON A","6119498","2019-09-03 09:00","2019","09","03","09:00","15.2","","14.4","","95","","","M","16","","14","","","M","98.91","","","","","","NA"
"-81.11","44.74","WIARTON A","6119498","2019-09-03 10:00","2019","09","03","10:00","16.1","","15.0","","93","","","M","14","","14","","","M","98.81","","","","","","NA"
"-81.11","44.74","WIARTON A","6119498","2019-09-03 11:00","2019","09","03","11:00","15.6","","14.1","","90","","","M","16","","17","","","M","98.80","","","","","","NA"
"-81.11","44.74","WIARTON A","6119498","2019-09-03 12:00","2019","09","03","12:00","15.1","","14.8","","98","","","M","12","","14","","","M","98.67","","","","","","NA"
"-81.11","44.74","WIARTON A","6119498","2019-09-03 13:00","2019","09","03","13:00","16.9","","16.0","","94","","","M","14","","24","","","M","98.44","","","","","","NA"
"-81.11","44.74","WIARTON A","6119498","2019-09-03 14:00","2019","09","03","14:00","19.2","","16.9","","86","","","M","16","","19","","","M","98.34","","","","","","NA"
"-81.11","44.74","WIARTON A","6119498","2019-09-03 15:00","2019","09","03","15:00","22.0","","19.0","","83","","","M","16","","22","","","M","98.22","","29","","","","NA"
"-81.11","44.74","WIARTON A","6119498","2019-09-03 16:00","2019","09","03","16:00","23.6","","18.9","","75","","","M","17","","28","","","M","97.99","","30","","","","NA"
"-81.11","44.74","WIARTON A","6119498","2019-09-03 17:00","2019","09","03","17:00","23.2","","18.0","","72","","","M","20","","28","","","M","98.00","","29","","","","NA"
"-81.11","44.74","WIARTON A","6119498","2019-09-03 18:00","2019","09","03","18:00","22.2","","17.9","","76","","","M","20","","36","","","M","97.96","","28","","","","NA"
"-81.11","44.74","WIARTON A","6119498","2019-09-03 19:00","2019","09","03","19:00","22.3","","18.2","","77","","","M","20","","37","","","M","97.90","","28","","","","NA"
"-81.11","44.74","WIARTON A","6119498","2019-09-03 20:00","2019","09","03","20:00","21.7","","18.4","","82","","","M","22","","37","","","M","97.91","","28","","","","NA"
"-81.11","44.74","WIARTON A","6119498","2019-09-03 21:00","2019","09","03","21:00","20.8","","18.8","","88","","","M","22","","33","","","M","97.84","","27","","","","NA"
"-81.11","44.74","WIARTON A","6119498","2019-09-03 22:00","2019","09","03","22:00","20.9","","18.7","","87","","","M","23","","32","","","M","97.77","","27","","","","NA"
"-81.11","44.74","WIARTON A","6119498","2019-09-03 23:00","2019","09","03","23:00","20.6","","18.4","","87","","","M","25","","32","","","M","97.82","","27","","","","NA"
"-81.11","44.74","WIARTON A","6119498","2019-09-04 00:00","2019","09","04","00:00","19.0","","16.1","","83","","","M","25","","22","","","M","97.86","","","","","","NA"
"-81.11","44.74","WIARTON A","6119498","2019-09-04 01:00","2019","09","04","01:00","18.6","","15.9","","84","","","M","26","","17","","","M","97.90","","","","","","NA"
"-81.11","44.74","WIARTON A","6119498","2019-09-04 02:00","2019","09","04","02:00","18.1","","15.4","","84","","","M","26","","20","","","M","97.92","","","","","","NA"
"-81.11","44.74","WIARTON A","6119498","2019-09-04 03:00","2019","09","04","03:00","16.4","","13.3","","82","","","M","28","","23","","","M","97.99","","","","","","NA"
"-81.11","44.74","WIARTON A","6119498","2019-09-04 04:00","2019","09","04","04:00","15.8","","12.6","","81","","","M","29","","22","","","M","98.07","","","","","","NA"
"-81.11","44.74","WIARTON A","6119498","2019-09-04 05:00","2019","09","04","05:00","14.9","","12.6","","86","","","M","29","","21","","","M","98.16","","","","","","NA"
"-81.11","44.74","WIARTON A","6119498","2019-09-04 06:00","2019","09","04","06:00","14.8","","11.6","","81","","","M","28","","24","","","M","98.26","","","","","","NA"
"-81.11","44.74","WIARTON A","6119498","2019-09-04 07:00","2019","09","04","07:00","14.5","","11.2","","81","","","M","28","","20","","","M","98.38","","","","","","NA"
"-81.11","44.74","WIARTON A","6119498","2019-09-04 08:00","2019","09","04","08:00","14.3","","10.9","","80","","","M","31","","16","","","M","98.52","","","","","","NA"
"-81.11","44.74","WIARTON A","6119498","2019-09-04 09:00","2019","09","04","09:00","14.6","","10.2","","74","","","M","32","","14","","","M","98.63","","","","","","NA"
"-81.11","44.74","WIARTON A","6119498","2019-09-04 10:00","2019","09","04","10:00","14.7","","10.5","","76","","","M","33","","9","","","M","98.71","","","","","","NA"
"-81.11","44.74","WIARTON A","6119498","2019-09-04 11:00","2019","09","04","11:00","15.5","","9.8","","69","","","M","32","","11","","","M","98.82","","","","","","NA"
"-81.11","44.74","WIARTON A","6119498","2019-09-04 12:00","2019","09","04","12:00","15.9","","11.3","","74","","","M","28","","12","","","M","98.87","","","","","","NA"
"-81.11","44.74","WIARTON A","6119498","2019-09-04 13:00","2019","09","04","13:00","16.5","","11.2","","71","","","M","28","","14","","","M","98.94","","","","","","NA"
"-81.11","44.74","WIARTON A","6119498","2019-09-04 14:00","2019","09","04","14:00","17.3","","10.5","","64","","","M","28","","19","","","M","99.00","","","","","","NA"
"-81.11","44.74","WIARTON A","6119498","2019-09-04 15:00","2019","09","04","15:00","17.6","","11.7","","68","","","M","27","","18","","","M","99.07","","","","","","NA"
"-81.11","44.74","WIARTON A","6119498","2019-09-04 16:00","2019","09","04","16:00","16.8","","11.2","","69","","","M","28","","18","","","M","99.10","","","","","","NA"
"-81.11","44.74","WIARTON A","6119498","2019-09-04 17:00","2019","09","04","17:00","16.6","","10.8","","68","","","M","29","","16","","","M","99.15","","","","","","NA"
"-81.11","44.74","WIARTON A","6119498","2019-09-04 18:00","2019","09","04","18:00","16.1","","10.3","","68","","","M","30","","8","","","M","99.18","","","","","","NA"
"-81.11","44.74","WIARTON A","6119498","2019-09-04 19:00","2019","09","04","19:00","14.6","","9.8","","73","","","M","29","","8","","","M","99.23","","","","","","NA"
"-81.11","44.74","WIARTON A","6119498","2019-09-04 20:00","2019","09","04","20:00","13.4","","9.6","","78","","","M","29","","1","","","M","99.28","","","","","","NA"
"-81.11","44.74","WIARTON A","6119498","2019-09-04 21:00","2019","09","04","21:00","10.4","","9.3","","93","","","M","20","","4","","","M","99.31","","","","","","NA"
"-81.11","44.74","WIARTON A","6119498","2019-09-04 22:00","2019","09","04","22:00","8.0","","7.4","","96","","","M","13","","5","","","M","99.32","","","","","","NA"
"-81.11","44.74","WIARTON A","6119498","2019-09-04 23:00","2019","09","04","23:00","7.1","","6.8","","98","","","M","13","","6","","","M","99.32","","","","","","NA"
"-81.11","44.74","WIARTON A","6119498","2019-09-05 00:00","2019","09","05","00:00","6.9","","6.6","","98","","","M","13","","4","","","M","99.34","","","","","","NA"
"-81.11","44.74","WIARTON A","6119498","2019-09-05 01:00","2019","09","05","01:00","6.7","","6.4","","98","","","M","11","","5","","","M","99.34","","","","","","NA"
"-81.11","44.74","WIARTON A","6119498","2019-09-05 02:00","2019","09","05","02:00","6.9","","6.8","","99","","","M","13","","6","","","M","99.36","","","","","","NA"
"-81.11","44.74","WIARTON A","6119498","2019-09-05 03:00","2019","09","05","03:00","6.0","","5.8","","99","","","M","13","","8","","","M","99.34","","","","","","NA"
"-81.11","44.74","WIARTON A","6119498","2019-09-05 04:00","2019","09","05","04:00","5.7","","5.5","","99","","","M","13","","8","","","M","99.37","","","","","","NA"
"-81.11","44.74","WIARTON A","6119498","2019-09-05 05:00","2019","09","05","05:00","5.3","","5.1","","99","","","M","12","","9","","","M","99.39","","","","","","NA"
"-81.11","44.74","WIARTON A","6119498","2019-09-05 06:00","2019","09","05","06:00","5.2","","5.0","","99","","","M","15","","9","","","M","99.43","","","","","","NA"
"-81.11","44.74","WIARTON A","6119498","2019-09-05 07:00","2019","09","05","07:00","8.4","","8.1","","98","","","M","11","","4","","","M","99.47","","","","","","NA"
"-81.11","44.74","WIARTON A","6119498","2019-09-05 08:00","2019","09","05","08:00","12.0","","10.7","","91","","","M","16","","6","","","M","99.50","","","","","","NA"
"-81.11","44.74","WIARTON A","6119498","2019-09-05 09:00","2019","09","05","09:00","15.3","","10.9","","75","","","M","27","","10","","","M","99.49","","","","","","NA"
"-81.11","44.74","WIARTON A","6119498","2019-09-05 10:00","2019","09","05","10:00","16.7","","10.8","","68","","","M","24","","13","","","M","99.50","","","","","","NA"
"-81.11","44.74","WIARTON A","6119498","2019-09-05 11:00","2019","09","05","11:00","17.1","","10.8","","66","","","M","26","","9","","","M","99.46","","","","","","NA"
"-81.11","44.74","WIARTON A","6119498","2019-09-05 12:00","2019","09","05","12:00","17.6","","10.5","","63","","","M","26","","10","","","M","99.43","","","","","","NA"
"-81.11","44.74","WIARTON A","6119498","2019-09-05 13:00","2019","09","05","13:00","17.8","","11.4","","66","","","M","26","","15","","","M","99.47","","","","","","NA"
"-81.11","44.74","WIARTON A","6119498","2019-09-05 14:00","2019","09","05","14:00","17.6","","10.3","","62","","","M","25","","15","","","M","99.44","","","","","","NA"
"-81.11","44.74","WIARTON A","6119498","2019-09-05 15:00","2019","09","05","15:00","17.5","","9.1","","57","","","M","27","","13","","","M","99.37","","","","","","NA"
"-81.11","44.74","WIARTON A","6119498","2019-09-05 16:00","2019","09","05","16:00","17.6","","6.5","","48","","","M","30","","10","","","M","99.33","","","","","","NA"
"-81.11","44.74","WIARTON A","6119498","2019-09-05 17:00","2019","09","05","17:00","16.5","","3.8","","43","","","M","28","","7","","","M","99.32","","","","","","NA"
"-81.11","44.74","WIARTON A","6119498","2019-09-05 18:00","2019","09","05","18:00","15.6","","8.3","","61","","","M","24","","6","","","M","99.28","","","","","","NA"
"-81.11","44.74","WIARTON A","6119498","2019-09-05 19:00","2019","09","05","19:00","13.7","","10.4","","80","","","M","19","","7","","","M","99.24","","","","","","NA"
"-81.11","44.74","WIARTON A","6119498","2019-09-05 20:00","2019","09","05","20:00","14.0","","8.8","","70","","","M","24","","4","","","M","99.26","","","","","","NA"
"-81.11","44.74","WIARTON A","6119498","2019-09-05 21:00","2019","09","05","21:00","12.0","","10.2","","89","","","M","9","","3","","","M","99.23","","","","","","NA"
"-81.11","44.74","WIARTON A","6119498","2019-09-05 22:00","2019","09","05","22:00","10.7","","9.5","","92","","","M","11","","5","","","M","99.20","","","","","","NA"
"-81.11","44.74","WIARTON A","6119498","2019-09-05 23:00","2019","09","05","23:00","10.3","","9.6","","96","","","M","10","","5","","","M","99.13","","","","","","NA"
"-81.11","44.74","WIARTON A","6119498","2019-09-06 00:00","2019","09","06","00:00","9.5","","8.9","","96","","","M","13","","5","","","M","99.08","","","","","","NA"
"-81.11","44.74","WIARTON A","6119498","2019-09-06 01:00","2019","09","06","01:00","8.2","","7.4","","94","","","M","12","","9","","","M","99.06","","","","","","NA"
"-81.11","44.74","WIARTON A","6119498","2019-09-06 02:00","2019","09","06","02:00","8.2","","7.3","","94","","","M","11","","12","","","M","99.01","","","","","","NA"
"-81.11","44.74","WIARTON A","6119498","2019-09-06 03:00","2019","09","06","03:00","9.2","","8.5","","96","","","M","7","","4","","","M","99.00","","","","","","NA"
"-81.11","44.74","WIARTON A","6119498","2019-09-06 04:00","2019","09","06","04:00","8.7","","8.4","","98","","","M","11","","10","","","M","98.92","","","","","","NA"
"-81.11","44.74","WIARTON A","6119498","2019-09-06 05:00","2019","09","06","05:00","9.7","","9.2","","97","","","M","11","","8","","","M","98.90","","","","","","NA"
"-81.11","44.74","WIARTON A","6119498","2019-09-06 06:00","2019","09","06","06:00","10.0","","9.5","","97","","","M","12","","4","","","M","98.84","","","","","","NA"
"-81.11","44.74","WIARTON A","6119498","2019-09-06 07:00","2019","09","06","07:00","11.6","","10.7","","94","","","M","6","","3","","","M","98.87","","","","","","NA"
"-81.11","44.74","WIARTON A","6119498","2019-09-06 08:00","2019","09","06","08:00","12.8","","12.2","","96","","","M","7","","6","","","M","98.85","","","","","","NA"
"-81.11","44.74","WIARTON A","6119498","2019-09-06 09:00","2019","09","06","09:00","13.2","","12.4","","95","","","M","11","","5","","","M","98.90","","","","","","NA"
"-81.11","44.74","WIARTON A","6119498","2019-09-06 10:00","2019","09","06","10:00","13.6","","12.8","","95","","","M","8","","10","","","M","98.84","","","","","","NA"
"-81.11","44.74","WIARTON A","6119498","2019-09-06 11:00","2019","09","06","11:00","14.0","","13.3","","95","","","M","12","","10","","","M","98.76","","","","","","NA"
"-81.11","44.74","WIARTON A","6119498","2019-09-06 12:00","2019","09","06","12:00","14.3","","13.3","","94","","","M","13","","8","","","M","98.73","","","","","","NA"
"-81.11","44.74","WIARTON A","6119498","2019-09-06 13:00","2019","09","06","13:00","14.5","","13.3","","92","","","M","9","","5","","","M","98.73","","","","","","NA"
"-81.11","44.74","WIARTON A","6119498","2019-09-06 14:00","2019","09","06","14:00","14.9","","13.7","","92","","","M","6","","11","","","M","98.69","","","","","","NA"
"-81.11","44.74","WIARTON A","6119498","2019-09-06 15:00","2019","09","06","15:00","15.3","","13.5","","89","","","M","9","","9","","","M","98.66","","","","","","NA"
"-81.11","44.74","WIARTON A","6119498","2019-09-06 16:00","2019","09","06","16:00","15.3","","13.5","","89","","","M","7","","9","","","M","98.68","","","","","","NA"
"-81.11","44.74","WIARTON A","6119498","2019-09-06 17:00","2019","09","06","17:00","15.2","","13.7","","91","","","M","8","","10","","","M","98.69","","","","","","NA"
"-81.11","44.74","WIARTON A","6119498","2019-09-06 18:00","2019","09","06","18:00","15.0","","13.7","","91","","","M","11","","7","","","M","98.68","","","","","","NA"
"-81.11","44.74","WIARTON A","6119498","2019-09-06 19:00","2019","09","06","19:00","14.6","","13.5","","93","","","M","14","","5","","","M","98.69","","","","","","NA"
"-81.11","44.74","WIARTON A","6119498","2019-09-06 20:00","2019","09","06","20:00","13.5","","13.3","","99","","","M","7","","3","","","M","98.72","","","","","","NA"
"-81.11","44.74","WIARTON A","6119498","2019-09-06 21:00","2019","09","06","21:00","13.1","","12.9","","99","","","M","10","","2","","","M","98.72","","","","","","NA"
"-81.11","44.74","WIARTON A","6119498","2019-09-06 22:00","2019","09","06","22:00","12.2","","12.1","","100","","","M","15","","1","","","M","98.72","","","","","","NA"
"-81.11","44.74","WIARTON A","6119498","2019-09-06 23:00","2019","09","06","23:00","11.7","","11.6","","100","","","M","17","","1","","","M","98.71","","","","","","NA"
"-81.11","44.74","WIARTON A","6119498","2019-09-07 00:00","2019","09","07","00:00","12.3","","12.3","","100","","","M","31","","3","","","M","98.69","","","","","","NA"
"-81.11","44.74","WIARTON A","6119498","2019-09-07 01:00","2019","09","07","01:00","13.5","","13.0","","97","","","M","2","","4","","","M","98.66","","","","","","NA"
"-81.11","44.74","WIARTON A","6119498","2019-09-07 02:00","2019","09","07","02:00","13.8","","13.2","","97","","","M","34","","3","","","M","98.62","","","","","","NA"
"-81.11","44.74","WIARTON A","6119498","2019-09-07 03:00","2019","09","07","03:00","13.5","","12.9","","97","","","M","31","","1","","","M","98.63","","","","","","NA"
"-81.11","44.74","WIARTON A","6119498","2019-09-07 04:00","2019","09","07","04:00","13.5","","12.9","","96","","","M","32","","3","","","M","98.66","","","","","","NA"
"-81.11","44.74","WIARTON A","6119498","2019-09-07 05:00","2019","09","07","05:00","13.1","","12.4","","95","","","M","32","","2","","","M","98.69","","","","","","NA"
"-81.11","44.74","WIARTON A","6119498","2019-09-07 06:00","2019","09","07","06:00","13.1","","12.4","","95","","","M","31","","1","","","M","98.71","","","","","","NA"
"-81.11","44.74","WIARTON A","6119498","2019-09-07 07:00","2019","09","07","07:00","13.4","","12.1","","92","","","M","0","","1","","","M","98.70","","","","","","NA"
"-81.11","44.74","WIARTON A","6119498","2019-09-07 08:00","2019","09","07","08:00","14.2","","13.1","","93","","","M","31","","7","","","M","98.70","","","","","","NA"
"-81.11","44.74","WIARTON A","6119498","2019-09-07 09:00","2019","09","07","09:00","15.4","","13.0","","85","","","M","30","","8","","","M","98.69","","","","","","NA"
"-81.11","44.74","WIARTON A","6119498","2019-09-07 10:00","2019","09","07","10:00","16.8","","13.0","","78","","","M","28","","10","","","M","98.68","","","","","","NA"
"-81.11","44.74","WIARTON A","6119498","2019-09-07 11:00","2019","09","07","11:00","16.4","","12.3","","77","","","M","30","","14","","","M","98.70","","","","","","NA"
"-81.11","44.74","WIARTON A","6119498","2019-09-07 12:00","2019","09","07","12:00","16.6","","12.7","","78","","","M","28","","12","","","M","98.67","","","","","","NA"
"-81.11","44.74","WIARTON A","6119498","2019-09-07 13:00","2019","09","07","13:00","16.7","","12.4","","75","","","M","29","","15","","","M","98.64","","","","","","NA"
"-81.11","44.74","WIARTON A","6119498","2019-09-07 14:00","2019","09","07","14:00","17.3","","12.7","","74","","","M","26","","14","","","M","98.62","","","","","","NA"
"-81.11","44.74","WIARTON A","6119498","2019-09-07 15:00","2019","09","07","15:00","16.4","","12.8","","79","","","M","27","","14","","","M","98.64","","","","","","NA"
"-81.11","44.74","WIARTON A","6119498","2019-09-07 16:00","2019","09","07","16:00","15.9","","13.4","","84","","","M","28","","11","","","M","98.66","","","","","","NA"
"-81.11","44.74","WIARTON A","6119498","2019-09-07 17:00","2019","09","07","17:00","16.0","","13.4","","84","","","M","26","","14","","","M","98.69","","","","","","NA"
"-81.11","44.74","WIARTON A","6119498","2019-09-07 18:00","2019","09","07","18:00","16.1","","13.6","","85","","","M","28","","14","","","M","98.73","","","","","","NA"
"-81.11","44.74","WIARTON A","6119498","2019-09-07 19:00","2019","09","07","19:00","15.7","","13.7","","88","","","M","29","","9","","","M","98.73","","","","","","NA"
"-81.11","44.74","WIARTON A","6119498","2019-09-07 20:00","2019","09","07","20:00","14.7","","13.6","","93","","","M","27","","6","","","M","98.77","","","","","","NA"
"-81.11","44.74","WIARTON A","6119498","2019-09-07 21:00","2019","09","07","21:00","15.0","","13.0","","88","","","M","29","","8","","","M","98.80","","","","","","NA"
"-81.11","44.74","WIARTON A","6119498","2019-09-07 22:00","2019","09","07","22:00","14.0","","12.2","","89","","","M","33","","5","","","M","98.84","","","","","","NA"
"-81.11","44.74","WIARTON A","6119498","2019-09-07 23:00","2019","09","07","23:00","13.1","","12.2","","95","","","M","2","","5","","","M","98.89","","","","","","NA"
"-81.11","44.74","WIARTON A","6119498","2019-09-08 00:00","2019","09","08","00:00","13.9","","11.8","","87","","","M","4","","10","","","M","98.93","","","","","","NA"
"-81.11","44.74","WIARTON A","6119498","2019-09-08 01:00","2019","09","08","01:00","13.6","","11.8","","89","","","M","3","","9","","","M","98.95","","","","","","NA"
"-81.11","44.74","WIARTON A","6119498","2019-09-08 02:00","2019","09","08","02:00","13.7","","11.3","","86","","","M","2","","11","","","M","98.98","","","","","","NA"
"-81.11","44.74","WIARTON A","6119498","2019-09-08 03:00","2019","09","08","03:00","13.1","","11.1","","87","","","M","3","","10","","","M","99.02","","","","","","NA"
"-81.11","44.74","WIARTON A","6119498","2019-09-08 04:00","2019","09","08","04:00","12.7","","10.8","","88","","","M","3","","5","","","M","99.06","","","","","","NA"
"-81.11","44.74","WIARTON A","6119498","2019-09-08 05:00","2019","09","08","05:00","12.9","","9.9","","82","","","M","3","","14","","","M","99.12","","","","","","NA"
"-81.11","44.74","WIARTON A","6119498","2019-09-08 06:00","2019","09","08","06:00","12.2","","8.6","","78","","","M","4","","20","","","M","99.28","","","","","","NA"
"-81.11","44.74","WIARTON A","6119498","2019-09-08 07:00","2019","09","08","07:00","11.7","","7.2","","74","","","M","3","","14","","","M","99.36","","","","","","NA"
"-81.11","44.74","WIARTON A","6119498","2019-09-08 08:00","2019","09","08","08:00","11.9","","6.7","","71","","","M","2","","16","","","M","99.44","","","","","","NA"
"-81.11","44.74","WIARTON A","6119498","2019-09-08 09:00","2019","09","08","09:00","11.8","","6.2","","68","","","M","4","","17","","","M","99.51","","","","","","NA"
"-81.11","44.74","WIARTON A","6119498","2019-09-08 10:00","2019","09","08","10:00","12.8","","6.7","","66","","","M","2","","15","","","M","99.56","","","","","","NA"
"-81.11","44.74","WIARTON A","6119498","2019-09-08 11:00","2019","09","08","11:00","12.7","","6.5","","66","","","M","1","","13","","","M","99.58","","","","","","NA"
"-81.11","44.74","WIARTON A","6119498","2019-09-08 12:00","2019","09","08","12:00","12.6","","6.2","","65","","","M","3","","13","","","M","99.58","","","","","","NA"
"-81.11","44.74","WIARTON A","6119498","2019-09-08 13:00","2019","09","08","13:00","13.3","","6.4","","63","","","M","36","","12","","","M","99.57","","","","","","NA"
"-81.11","44.74","WIARTON A","6119498","2019-09-08 14:00","2019","09","08","14:00","12.6","","6.3","","65","","","M","3","","11","","","M","99.57","","","","","","NA"
"-81.11","44.74","WIARTON A","6119498","2019-09-08 15:00","2019","09","08","15:00","12.3","","6.1","","66","","","M","1","","10","","","M","99.61","","","","","","NA"
"-81.11","44.74","WIARTON A","6119498","2019-09-08 16:00","2019","09","08","16:00","12.7","","5.8","","63","","","M","2","","8","","","M","99.61","","","","","","NA"
"-81.11","44.74","WIARTON A","6119498","2019-09-08 17:00","2019","09","08","17:00","13.5","","6.3","","61","","","M","1","","6","","","M","99.64","","","","","","NA"
"-81.11","44.74","WIARTON A","6119498","2019-09-08 18:00","2019","09","08","18:00","12.1","","5.7","","65","","","M","36","","4","","","M","99.68","","","","","","NA"
"-81.11","44.74","WIARTON A","6119498","2019-09-08 19:00","2019","09","08","19:00","11.3","","6.1","","70","","","M","34","","4","","","M","99.68","","","","","","NA"
"-81.11","44.74","WIARTON A","6119498","2019-09-08 20:00","2019","09","08","20:00","11.1","","6.7","","74","","","M","34","","5","","","M","99.73","","","","","","NA"
"-81.11","44.74","WIARTON A","6119498","2019-09-08 21:00","2019","09","08","21:00","6.7","","5.8","","94","","","M","","","0","","","M","99.76","","","","","","NA"
"-81.11","44.74","WIARTON A","6119498","2019-09-08 22:00","2019","09","08","22:00","5.2","","4.8","","97","","","M","19","","3","","","M","99.81","","","","","","NA"
"-81.11","44.74","WIARTON A","6119498","2019-09-08 23:00","2019","09","08","23:00","4.8","","4.4","","97","","","M","33","","6","","","M","99.78","","","","","","NA"
"-81.11","44.74","WIARTON A","6119498","2019-09-09 00:00","2019","09","09","00:00","3.9","","3.5","","98","","","M","12","","5","","","M","99.79","","","","","","NA"
"-81.11","44.74","WIARTON A","6119498","2019-09-09 01:00","2019","09","09","01:00","4.1","","3.8","","98","","","M","11","","9","","","M","99.79","","","","","","NA"
"-81.11","44.74","WIARTON A","6119498","2019-09-09 02:00","2019","09","09","02:00","4.0","","3.8","","99","","","M","12","","11","","","M","99.80","","","","","","NA"
"-81.11","44.74","WIARTON A","6119498","2019-09-09 03:00","2019","09","09","03:00","3.5","","3.3","","99","","","M","12","","13","","","M","99.80","","","","","","NA"
"-81.11","44.74","WIARTON A","6119498","2019-09-09 04:00","2019","09","09","04:00","3.6","","3.3","","98","","","M","10","","12","","","M","99.85","","","","","","NA"
"-81.11","44.74","WIARTON A","6119498","2019-09-09 05:00","2019","09","09","05:00","3.4","","3.0","","97","","","M","10","","13","","","M","99.92","","","","","","NA"
"-81.11","44.74","WIARTON A","6119498","2019-09-09 06:00","2019","09","09","06:00","3.5","","3.2","","98","","","M","10","","13","","","M","99.98","","","","","","NA"
"-81.11","44.74","WIARTON A","6119498","2019-09-09 07:00","2019","09","09","07:00","8.0","","6.7","","92","","","M","11","","13","","","M","99.97","","","","","","NA"
"-81.11","44.74","WIARTON A","6119498","2019-09-09 08:00","2019","09","09","08:00","11.3","","8.6","","83","","","M","12","","10","","","M","100.02","","","","","","NA"
"-81.11","44.74","WIARTON A","6119498","2019-09-09 09:00","2019","09","09","09:00","13.5","","7.3","","66","","","M","11","","16","","","M","100.07","","","","","","NA"
"-81.11","44.74","WIARTON A","6119498","2019-09-09 10:00","2019","09","09","10:00","14.6","","7.2","","61","","","M","11","","10","","","M","100.10","","","","","","NA"
"-81.11","44.74","WIARTON A","6119498","2019-09-09 11:00","2019","09","09","11:00","15.7","","7.9","","59","","","M","12","","15","","","M","100.05","","","","","","NA"
"-81.11","44.74","WIARTON A","6119498","2019-09-09 12:00","2019","09","09","12:00","16.5","","8.0","","57","","","M","12","","9","","","M","100.01","","","","","","NA"
"-81.11","44.74","WIARTON A","6119498","2019-09-09 13:00","2019","09","09","13:00","16.2","","7.0","","54","","","M","1","","12","","","M","100.01","","","","","","NA"
"-81.11","44.74","WIARTON A","6119498","2019-09-09 14:00","2019","09","09","14:00","16.4","","6.5","","52","","","M","5","","18","","","M","99.90","","","","","","NA"
"-81.11","44.74","WIARTON A","6119498","2019-09-09 15:00","2019","09","09","15:00","16.3","","6.5","","52","","","M","5","","14","","","M","99.93","","","","","","NA"
"-81.11","44.74","WIARTON A","6119498","2019-09-09 16:00","2019","09","09","16:00","16.2","","6.9","","54","","","M","4","","16","","","M","99.93","","","","","","NA"
"-81.11","44.74","WIARTON A","6119498","2019-09-09 17:00","2019","09","09","17:00","15.6","","7.0","","56","","","M","5","","15","","","M","99.91","","","","","","NA"
"-81.11","44.74","WIARTON A","6119498","2019-09-09 18:00","2019","09","09","18:00","14.3","","7.7","","64","","","M","7","","9","","","M","99.89","","","","","","NA"
"-81.11","44.74","WIARTON A","6119498","2019-09-09 19:00","2019","09","09","19:00","11.7","","7.4","","75","","","M","7","","7","","","M","99.84","","","","","","NA"
"-81.11","44.74","WIARTON A","6119498","2019-09-09 20:00","2019","09","09","20:00","10.6","","7.4","","80","","","M","9","","8","","","M","99.85","","","","","","NA"
"-81.11","44.74","WIARTON A","6119498","2019-09-09 21:00","2019","09","09","21:00","10.3","","7.9","","85","","","M","5","","5","","","M","99.86","","","","","","NA"
"-81.11","44.74","WIARTON A","6119498","2019-09-09 22:00","2019","09","09","22:00","9.4","","7.9","","90","","","M","10","","10","","","M","99.83","","","","","","NA"
"-81.11","44.74","WIARTON A","6119498","2019-09-09 23:00","2019","09","09","23:00","11.2","","7.6","","78","","","M","12","","10","","","M","99.83","","","","","","NA"
"-81.11","44.74","WIARTON A","6119498","2019-09-10 00:00","2019","09","10","00:00","13.2","","9.3","","77","","","M","15","","15","","","M","99.80","","","","","","NA"
"-81.11","44.74","WIARTON A","6119498","2019-09-10 01:00","2019","09","10","01:00","13.2","","9.9","","81","","","M","15","","18","","","M","99.78","","","","","","NA"
"-81.11","44.74","WIARTON A","6119498","2019-09-10 02:00","2019","09","10","02:00","13.1","","10.0","","81","","","M","14","","16","","","M","99.72","","","","","","NA"
"-81.11","44.74","WIARTON A","6119498","2019-09-10 03:00","2019","09","10","03:00","13.3","","9.8","","79","","","M","15","","18","","","M","99.68","","","","","","NA"
"-81.11","44.74","WIARTON A","6119498","2019-09-10 04:00","2019","09","10","04:00","13.6","","9.7","","77","","","M","15","","19","","","M","99.56","","","","","","NA"
"-81.11","44.74","WIARTON A","6119498","2019-09-10 05:00","2019","09","10","05:00","13.1","","9.0","","76","","","M","16","","16","","","M","99.59","","","","","","NA"
"-81.11","44.74","WIARTON A","6119498","2019-09-10 06:00","2019","09","10","06:00","13.9","","8.7","","70","","","M","15","","22","","","M","99.55","","","","","","NA"
"-81.11","44.74","WIARTON A","6119498","2019-09-10 07:00","2019","09","10","07:00","14.3","","8.6","","68","","","M","16","","21","","","M","99.53","","","","","","NA"
"-81.11","44.74","WIARTON A","6119498","2019-09-10 08:00","2019","09","10","08:00","15.3","","9.1","","66","","","M","15","","22","","","M","99.40","","","","","","NA"
"-81.11","44.74","WIARTON A","6119498","2019-09-10 09:00","2019","09","10","09:00","13.6","","11.8","","89","","","M","10","","8","","","M","99.44","","","","","","NA"
"-81.11","44.74","WIARTON A","6119498","2019-09-10 10:00","2019","09","10","10:00","14.7","","13.3","","91","","","M","12","","11","","","M","99.37","","","","","","NA"
"-81.11","44.74","WIARTON A","6119498","2019-09-10 11:00","2019","09","10","11:00","16.8","","14.6","","87","","","M","17","","7","","","M","99.36","","","","","","NA"
"-81.11","44.74","WIARTON A","6119498","2019-09-10 12:00","2019","09","10","12:00","19.0","","16.6","","86","","","M","19","","18","","","M","99.23","","","","","","NA"
"-81.11","44.74","WIARTON A","6119498","2019-09-10 13:00","2019","09","10","13:00","21.1","","17.8","","81","","","M","20","","21","","","M","99.15","","27","","","","NA"
"-81.11","44.74","WIARTON A","6119498","2019-09-10 14:00","2019","09","10","14:00","21.4","","18.4","","83","","","M","22","","22","","","M","99.16","","28","","","","NA"
"-81.11","44.74","WIARTON A","6119498","2019-09-10 15:00","2019","09","10","15:00","23.9","","18.0","","69","","","M","23","","29","","","M","99.07","","30","","","","NA"
"-81.11","44.74","WIARTON A","6119498","2019-09-10 16:00","2019","09","10","16:00","23.8","","18.5","","72","","","M","21","","24","","","M","99.01","","30","","","","NA"
"-81.11","44.74","WIARTON A","6119498","2019-09-10 17:00","2019","09","10","17:00","23.2","","18.5","","75","","","M","22","","17","","","M","99.02","","30","","","","NA"
"-81.11","44.74","WIARTON A","6119498","2019-09-10 18:00","2019","09","10","18:00","22.0","","18.6","","81","","","M","20","","14","","","M","99.01","","28","","","","NA"
"-81.11","44.74","WIARTON A","6119498","2019-09-10 19:00","2019","09","10","19:00","22.1","","18.6","","80","","","M","20","","18","","","M","98.97","","29","","","","NA"
"-81.11","44.74","WIARTON A","6119498","2019-09-10 20:00","2019","09","10","20:00","22.4","","18.9","","81","","","M","22","","21","","","M","99.02","","29","","","","NA"
"-81.11","44.74","WIARTON A","6119498","2019-09-10 21:00","2019","09","10","21:00","21.5","","18.7","","84","","","M","24","","20","","","M","99.00","","28","","","","NA"
"-81.11","44.74","WIARTON A","6119498","2019-09-10 22:00","2019","09","10","22:00","19.9","","18.7","","93","","","M","21","","15","","","M","99.00","","","","","","NA"
"-81.11","44.74","WIARTON A","6119498","2019-09-10 23:00","2019","09","10","23:00","19.9","","19.0","","94","","","M","23","","13","","","M","98.97","","","","","","NA"
"-81.11","44.74","WIARTON A","6119498","2019-09-11 00:00","2019","09","11","00:00","20.8","","20.0","","95","","","M","25","","16","","","M","98.99","","28","","","","NA"
"-81.11","44.74","WIARTON A","6119498","2019-09-11 01:00","2019","09","11","01:00","20.3","","19.7","","96","","","M","25","","17","","","M","99.05","","28","","","","NA"
"-81.11","44.74","WIARTON A","6119498","2019-09-11 02:00","2019","09","11","02:00","19.7","","19.3","","98","","","M","23","","12","","","M","99.05","","","","","","NA"
"-81.11","44.74","WIARTON A","6119498","2019-09-11 03:00","2019","09","11","03:00","19.5","","19.2","","98","","","M","26","","13","","","M","99.09","","","","","","NA"
"-81.11","44.74","WIARTON A","6119498","2019-09-11 04:00","2019","09","11","04:00","18.9","","18.7","","99","","","M","26","","6","","","M","99.13","","","","","","NA"
"-81.11","44.74","WIARTON A","6119498","2019-09-11 05:00","2019","09","11","05:00","18.6","","18.6","","100","","","M","26","","6","","","M","99.20","","","","","","NA"
"-81.11","44.74","WIARTON A","6119498","2019-09-11 06:00","2019","09","11","06:00","18.7","","18.7","","100","","","M","23","","8","","","M","99.27","","","","","","NA"
"-81.11","44.74","WIARTON A","6119498","2019-09-11 07:00","2019","09","11","07:00","18.8","","18.7","","100","","","M","26","","12","","","M","99.31","","","","","","NA"
"-81.11","44.74","WIARTON A","6119498","2019-09-11 08:00","2019","09","11","08:00","18.2","","18.2","","100","","","M","27","","11","","","M","99.33","","","","","","NA"
"-81.11","44.74","WIARTON A","6119498","2019-09-11 09:00","2019","09","11","09:00","17.8","","17.6","","99","","","M","26","","11","","","M","99.37","","","","","","NA"
"-81.11","44.74","WIARTON A","6119498","2019-09-11 10:00","2019","09","11","10:00","18.1","","17.1","","94","","","M","26","","9","","","M","99.39","","","","","","NA"
"-81.11","44.74","WIARTON A","6119498","2019-09-11 11:00","2019","09","11","11:00","19.7","","17.7","","88","","","M","23","","6","","","M","99.39","","","","","","NA"
"-81.11","44.74","WIARTON A","6119498","2019-09-11 12:00","2019","09","11","12:00","20.6","","17.9","","84","","","M","27","","9","","","M","99.38","","27","","","","NA"
"-81.11","44.74","WIARTON A","6119498","2019-09-11 13:00","2019","09","11","13:00","21.4","","18.1","","81","","","M","26","","8","","","M","99.36","","27","","","","NA"
"-81.11","44.74","WIARTON A","6119498","2019-09-11 14:00","2019","09","11","14:00","20.8","","17.7","","82","","","M","1","","9","","","M","99.38","","27","","","","NA"
"-81.11","44.74","WIARTON A","6119498","2019-09-11 15:00","2019","09","11","15:00","18.7","","16.1","","85","","","M","3","","15","","","M","99.35","","","","","","NA"
"-81.11","44.74","WIARTON A","6119498","2019-09-11 16:00","2019","09","11","16:00","17.9","","15.3","","84","","","M","3","","16","","","M","99.39","","","","","","NA"
"-81.11","44.74","WIARTON A","6119498","2019-09-11 17:00","2019","09","11","17:00","17.0","","15.0","","88","","","M","5","","18","","","M","99.34","","","","","","NA"
"-81.11","44.74","WIARTON A","6119498","2019-09-11 18:00","2019","09","11","18:00","16.3","","14.2","","87","","","M","5","","18","","","M","99.34","","","","","","NA"
"-81.11","44.74","WIARTON A","6119498","2019-09-11 19:00","2019","09","11","19:00","15.9","","13.7","","87","","","M","4","","19","","","M","99.31","","","","","","NA"
"-81.11","44.74","WIARTON A","6119498","2019-09-11 20:00","2019","09","11","20:00","15.6","","13.3","","86","","","M","5","","13","","","M","99.40","","","","","","NA"
"-81.11","44.74","WIARTON A","6119498","2019-09-11 21:00","2019","09","11","21:00","15.3","","12.9","","86","","","M","5","","20","","","M","99.36","","","","","","NA"
"-81.11","44.74","WIARTON A","6119498","2019-09-11 22:00","2019","09","11","22:00","15.0","","12.6","","85","","","M","6","","17","","","M","99.43","","","","","","NA"
"-81.11","44.74","WIARTON A","6119498","2019-09-11 23:00","2019","09","11","23:00","14.6","","12.3","","86","","","M","5","","17","","","M","99.39","","","","","","NA"
"-81.11","44.74","WIARTON A","6119498","2019-09-12 00:00","2019","09","12","00:00","14.2","","11.9","","86","","","M","5","","19","","","M","99.42","","","","","","NA"
"-81.11","44.74","WIARTON A","6119498","2019-09-12 01:00","2019","09","12","01:00","14.0","","11.6","","85","","","M","6","","24","","","M","99.47","","","","","","NA"
"-81.11","44.74","WIARTON A","6119498","2019-09-12 02:00","2019","09","12","02:00","13.8","","11.4","","86","","","M","5","","22","","","M","99.41","","","","","","NA"
"-81.11","44.74","WIARTON A","6119498","2019-09-12 03:00","2019","09","12","03:00","13.9","","11.5","","85","","","M","6","","16","","","M","99.41","","","","","","NA"
"-81.11","44.74","WIARTON A","6119498","2019-09-12 04:00","2019","09","12","04:00","14.1","","11.6","","85","","","M","7","","17","","","M","99.48","","","","","","NA"
"-81.11","44.74","WIARTON A","6119498","2019-09-12 05:00","2019","09","12","05:00","14.2","","11.3","","83","","","M","6","","25","","","M","99.54","","","","","","NA"
"-81.11","44.74","WIARTON A","6119498","2019-09-12 06:00","2019","09","12","06:00","14.1","","11.2","","83","","","M","7","","21","","","M","99.64","","","","","","NA"
"-81.11","44.74","WIARTON A","6119498","2019-09-12 07:00","2019","09","12","07:00","13.9","","11.6","","86","","","M","6","","18","","","M","99.74","","","","","","NA"
"-81.11","44.74","WIARTON A","6119498","2019-09-12 08:00","2019","09","12","08:00","13.7","","11.0","","83","","","M","6","","24","","","M","99.79","","","","","","NA"
"-81.11","44.74","WIARTON A","6119498","2019-09-12 09:00","2019","09","12","09:00","14.2","","11.0","","81","","","M","8","","23","","","M","99.81","","","","","","NA"
"-81.11","44.74","WIARTON A","6119498","2019-09-12 10:00","2019","09","12","10:00","15.1","","10.7","","75","","","M","7","","30","","","M","99.81","","","","","","NA"
"-81.11","44.74","WIARTON A","6119498","2019-09-12 11:00","2019","09","12","11:00","16.0","","10.8","","71","","","M","8","","26","","","M","99.82","","","","","","NA"
"-81.11","44.74","WIARTON A","6119498","2019-09-12 12:00","2019","09","12","12:00","16.8","","11.1","","68","","","M","6","","23","","","M","99.86","","","","","","NA"
"-81.11","44.74","WIARTON A","6119498","2019-09-12 13:00","2019","09","12","13:00","16.9","","10.5","","66","","","M","8","","28","","","M","99.86","","","","","","NA"
"-81.11","44.74","WIARTON A","6119498","2019-09-12 14:00","2019","09","12","14:00","17.5","","10.9","","65","","","M","7","","25","","","M","99.89","","","","","","NA"
"-81.11","44.74","WIARTON A","6119498","2019-09-12 15:00","2019","09","12","15:00","17.8","","11.5","","66","","","M","4","","21","","","M","99.91","","","","","","NA"
"-81.11","44.74","WIARTON A","6119498","2019-09-12 16:00","2019","09","12","16:00","17.8","","10.5","","62","","","M","6","","18","","","M","99.90","","","","","","NA"
"-81.11","44.74","WIARTON A","6119498","2019-09-12 17:00","2019","09","12","17:00","17.3","","10.4","","63","","","M","7","","18","","","M","99.93","","","","","","NA"
"-81.11","44.74","WIARTON A","6119498","2019-09-12 18:00","2019","09","12","18:00","15.2","","10.2","","72","","","M","6","","14","","","M","99.90","","","","","","NA"
"-81.11","44.74","WIARTON A","6119498","2019-09-12 19:00","2019","09","12","19:00","13.0","","10.1","","82","","","M","7","","10","","","M","99.88","","","","","","NA"
"-81.11","44.74","WIARTON A","6119498","2019-09-12 20:00","2019","09","12","20:00","10.2","","8.7","","91","","","M","7","","10","","","M","99.93","","","","","","NA"
"-81.11","44.74","WIARTON A","6119498","2019-09-12 21:00","2019","09","12","21:00","11.2","","9.9","","92","","","M","8","","12","","","M","99.96","","","","","","NA"
"-81.11","44.74","WIARTON A","6119498","2019-09-12 22:00","2019","09","12","22:00","10.2","","9.5","","96","","","M","13","","8","","","M","99.95","","","","","","NA"
"-81.11","44.74","WIARTON A","6119498","2019-09-12 23:00","2019","09","12","23:00","9.1","","8.9","","98","","","M","10","","9","","","M","99.98","","","","","","NA"
"-81.11","44.74","WIARTON A","6119498","2019-09-13 00:00","2019","09","13","00:00","12.4","","9.7","","84","","","M","9","","8","","","M","99.92","","","","","","NA"
"-81.11","44.74","WIARTON A","6119498","2019-09-13 01:00","2019","09","13","01:00","12.5","","9.5","","82","","","M","9","","10","","","M","99.90","","","","","","NA"
"-81.11","44.74","WIARTON A","6119498","2019-09-13 02:00","2019","09","13","02:00","12.1","","8.6","","79","","","M","10","","12","","","M","99.80","","","","","","NA"
"-81.11","44.74","WIARTON A","6119498","2019-09-13 03:00","2019","09","13","03:00","12.7","","7.5","","71","","","M","11","","15","","","M","99.75","","","","","","NA"
"-81.11","44.74","WIARTON A","6119498","2019-09-13 04:00","2019","09","13","04:00","12.7","","7.2","","69","","","M","12","","17","","","M","99.73","","","","","","NA"
"-81.11","44.74","WIARTON A","6119498","2019-09-13 05:00","2019","09","13","05:00","12.7","","8.2","","74","","","M","12","","16","","","M","99.66","","","","","","NA"
"-81.11","44.74","WIARTON A","6119498","2019-09-13 06:00","2019","09","13","06:00","13.1","","9.6","","79","","","M","12","","14","","","M","99.63","","","","","","NA"
"-81.11","44.74","WIARTON A","6119498","2019-09-13 07:00","2019","09","13","07:00","14.1","","10.5","","79","","","M","12","","23","","","M","99.55","","","","","","NA"
"-81.11","44.74","WIARTON A","6119498","2019-09-13 08:00","2019","09","13","08:00","15.4","","11.4","","77","","","M","14","","25","","","M","99.49","","","","","","NA"
"-81.11","44.74","WIARTON A","6119498","2019-09-13 09:00","2019","09","13","09:00","16.2","","12.3","","77","","","M","13","","18","","","M","99.42","","","","","","NA"
"-81.11","44.74","WIARTON A","6119498","2019-09-13 10:00","2019","09","13","10:00","17.3","","12.8","","75","","","M","14","","24","","","M","99.31","","","","","","NA"
"-81.11","44.74","WIARTON A","6119498","2019-09-13 11:00","2019","09","13","11:00","15.9","","13.7","","86","","","M","18","","8","","","M","99.42","","","","","","NA"
"-81.11","44.74","WIARTON A","6119498","2019-09-13 12:00","2019","09","13","12:00","15.4","","14.8","","96","","","M","9","","12","","","M","99.23","","","","","","NA"
"-81.11","44.74","WIARTON A","6119498","2019-09-13 13:00","2019","09","13","13:00","16.1","","15.4","","96","","","M","8","","13","","","M","99.13","","","","","","NA"
"-81.11","44.74","WIARTON A","6119498","2019-09-13 14:00","2019","09","13","14:00","17.0","","16.3","","96","","","M","11","","12","","","M","98.97","","","","","","NA"
"-81.11","44.74","WIARTON A","6119498","2019-09-13 15:00","2019","09","13","15:00","19.1","","17.8","","92","","","M","17","","17","","","M","98.91","","","","","","NA"
"-81.11","44.74","WIARTON A","6119498","2019-09-13 16:00","2019","09","13","16:00","19.9","","18.2","","90","","","M","16","","26","","","M","98.78","","","","","","NA"
"-81.11","44.74","WIARTON A","6119498","2019-09-13 17:00","2019","09","13","17:00","19.7","","18.6","","93","","","M","16","","28","","","M","98.69","","","","","","NA"
"-81.11","44.74","WIARTON A","6119498","2019-09-13 18:00","2019","09","13","18:00","19.9","","18.9","","94","","","M","18","","15","","","M","98.68","","","","","","NA"
"-81.11","44.74","WIARTON A","6119498","2019-09-13 19:00","2019","09","13","19:00","19.8","","19.5","","98","","","M","19","","13","","","M","98.65","","","","","","NA"
"-81.11","44.74","WIARTON A","6119498","2019-09-13 20:00","2019","09","13","20:00","19.6","","19.4","","99","","","M","19","","4","","","M","98.66","","","","","","NA"
"-81.11","44.74","WIARTON A","6119498","2019-09-13 21:00","2019","09","13","21:00","19.9","","19.4","","97","","","M","22","","19","","","M","98.70","","","","","","NA"
"-81.11","44.74","WIARTON A","6119498","2019-09-13 22:00","2019","09","13","22:00","19.6","","17.6","","88","","","M","23","","25","","","M","98.74","","","","","","NA"
"-81.11","44.74","WIARTON A","6119498","2019-09-13 23:00","2019","09","13","23:00","19.2","","16.3","","83","","","M","23","","25","","","M","98.73","","","","","","NA"
"-81.11","44.74","WIARTON A","6119498","2019-09-14 00:00","2019","09","14","00:00","17.9","","16.1","","89","","","M","24","","20","","","M","98.75","","","","","","NA"
"-81.11","44.74","WIARTON A","6119498","2019-09-14 01:00","2019","09","14","01:00","17.7","","15.6","","88","","","M","24","","21","","","M","98.80","","","","","","NA"
"-81.11","44.74","WIARTON A","6119498","2019-09-14 02:00","2019","09","14","02:00","17.5","","13.6","","78","","","M","24","","25","","","M","98.83","","","","","","NA"
"-81.11","44.74","WIARTON A","6119498","2019-09-14 03:00","2019","09","14","03:00","17.1","","12.7","","75","","","M","25","","25","","","M","98.88","","","","","","NA"
"-81.11","44.74","WIARTON A","6119498","2019-09-14 04:00","2019","09","14","04:00","16.7","","13.0","","79","","","M","25","","18","","","M","98.89","","","","","","NA"
"-81.11","44.74","WIARTON A","6119498","2019-09-14 05:00","2019","09","14","05:00","16.1","","10.6","","69","","","M","26","","23","","","M","98.94","","","","","","NA"
"-81.11","44.74","WIARTON A","6119498","2019-09-14 06:00","2019","09","14","06:00","15.9","","9.8","","67","","","M","25","","22","","","M","98.99","","","","","","NA"
"-81.11","44.74","WIARTON A","6119498","2019-09-14 07:00","2019","09","14","07:00","15.7","","11.2","","74","","","M","25","","15","","","M","99.02","","","","","","NA"
"-81.11","44.74","WIARTON A","6119498","2019-09-14 08:00","2019","09","14","08:00","15.8","","10.6","","71","","","M","27","","30","","","M","99.07","","","","","","NA"
"-81.11","44.74","WIARTON A","6119498","2019-09-14 09:00","2019","09","14","09:00","16.2","","10.7","","70","","","M","26","","20","","","M","99.13","","","","","","NA"
"-81.11","44.74","WIARTON A","6119498","2019-09-14 10:00","2019","09","14","10:00","15.8","","10.2","","69","","","M","27","","18","","","M","99.17","","","","","","NA"
"-81.11","44.74","WIARTON A","6119498","2019-09-14 11:00","2019","09","14","11:00","16.5","","10.3","","66","","","M","25","","30","","","M","99.19","","","","","","NA"
"-81.11","44.74","WIARTON A","6119498","2019-09-14 12:00","2019","09","14","12:00","17.0","","10.8","","67","","","M","26","","31","","","M","99.21","","","","","","NA"
"-81.11","44.74","WIARTON A","6119498","2019-09-14 13:00","2019","09","14","13:00","17.8","","10.7","","63","","","M","24","","31","","","M","99.21","","","","","","NA"
"-81.11","44.74","WIARTON A","6119498","2019-09-14 14:00","2019","09","14","14:00","17.7","","11.8","","68","","","M","24","","28","","","M","99.22","","","","","","NA"
"-81.11","44.74","WIARTON A","6119498","2019-09-14 15:00","2019","09","14","15:00","18.8","","11.8","","63","","","M","24","","24","","","M","99.22","","","","","","NA"
"-81.11","44.74","WIARTON A","6119498","2019-09-14 16:00","2019","09","14","16:00","18.9","","11.4","","61","","","M","24","","27","","","M","99.18","","","","","","NA"
"-81.11","44.74","WIARTON A","6119498","2019-09-14 17:00","2019","09","14","17:00","18.6","","12.4","","67","","","M","24","","19","","","M","99.25","","","","","","NA"
"-81.11","44.74","WIARTON A","6119498","2019-09-14 18:00","2019","09","14","18:00","17.2","","13.5","","78","","","M","28","","16","","","M","99.25","","","","","","NA"
"-81.11","44.74","WIARTON A","6119498","2019-09-14 19:00","2019","09","14","19:00","14.3","","11.0","","80","","","M","29","","4","","","M","99.32","","","","","","NA"
"-81.11","44.74","WIARTON A","6119498","2019-09-14 20:00","2019","09","14","20:00","11.1","","10.6","","96","","","M","18","","4","","","M","99.37","","","","","","NA"
"-81.11","44.74","WIARTON A","6119498","2019-09-14 21:00","2019","09","14","21:00","10.3","","9.5","","95","","","M","17","","6","","","M","99.38","","","","","","NA"
"-81.11","44.74","WIARTON A","6119498","2019-09-14 22:00","2019","09","14","22:00","8.8","","8.6","","98","","","M","16","","7","","","M","99.40","","","","","","NA"
"-81.11","44.74","WIARTON A","6119498","2019-09-14 23:00","2019","09","14","23:00","8.5","","8.2","","98","","","M","15","","7","","","M","99.43","","","","","","NA"
"-81.11","44.74","WIARTON A","6119498","2019-09-15 00:00","2019","09","15","00:00","8.0","","7.8","","99","","","M","12","","9","","","M","99.42","","","","","","NA"
"-81.11","44.74","WIARTON A","6119498","2019-09-15 01:00","2019","09","15","01:00","8.9","","8.8","","99","","","M","13","","7","","","M","99.46","","","","","","NA"
"-81.11","44.74","WIARTON A","6119498","2019-09-15 02:00","2019","09","15","02:00","7.8","","7.7","","99","","","M","9","","3","","","M","99.47","","","","","","NA"
"-81.11","44.74","WIARTON A","6119498","2019-09-15 03:00","2019","09","15","03:00","6.6","","6.4","","99","","","M","13","","8","","","M","99.46","","","","","","NA"
"-81.11","44.74","WIARTON A","6119498","2019-09-15 04:00","2019","09","15","04:00","8.5","","8.4","","99","","","M","8","","3","","","M","99.48","","","","","","NA"
"-81.11","44.74","WIARTON A","6119498","2019-09-15 05:00","2019","09","15","05:00","8.9","","8.8","","99","","","M","11","","7","","","M","99.46","","","","","","NA"
"-81.11","44.74","WIARTON A","6119498","2019-09-15 06:00","2019","09","15","06:00","10.1","","9.9","","98","","","M","15","","6","","","M","99.47","","","","","","NA"
"-81.11","44.74","WIARTON A","6119498","2019-09-15 07:00","2019","09","15","07:00","10.8","","10.6","","98","","","M","30","","3","","","M","99.54","","","","","","NA"
"-81.11","44.74","WIARTON A","6119498","2019-09-15 08:00","2019","09","15","08:00","11.0","","10.8","","98","","","M","14","","9","","","M","99.41","","","","","","NA"
"-81.11","44.74","WIARTON A","6119498","2019-09-15 09:00","2019","09","15","09:00","11.3","","10.7","","96","","","M","5","","5","","","M","99.51","","","","","","NA"
"-81.11","44.74","WIARTON A","6119498","2019-09-15 10:00","2019","09","15","10:00","13.2","","11.0","","86","","","M","5","","4","","","M","99.52","","","","","","NA"
"-81.11","44.74","WIARTON A","6119498","2019-09-15 11:00","2019","09","15","11:00","14.4","","11.9","","85","","","M","12","","6","","","M","99.52","","","","","","NA"
"-81.11","44.74","WIARTON A","6119498","2019-09-15 12:00","2019","09","15","12:00","14.8","","11.7","","82","","","M","33","","7","","","M","99.50","","","","","","NA"
"-81.11","44.74","WIARTON A","6119498","2019-09-15 13:00","2019","09","15","13:00","15.7","","11.6","","76","","","M","2","","7","","","M","99.44","","","","","","NA"
"-81.11","44.74","WIARTON A","6119498","2019-09-15 14:00","2019","09","15","14:00","16.0","","12.2","","78","","","M","3","","7","","","M","99.39","","","","","","NA"
"-81.11","44.74","WIARTON A","6119498","2019-09-15 15:00","2019","09","15","15:00","17.3","","13.0","","76","","","M","11","","10","","","M","99.32","","","","","","NA"
"-81.11","44.74","WIARTON A","6119498","2019-09-15 16:00","2019","09","15","16:00","16.9","","11.4","","70","","","M","13","","13","","","M","99.28","","","","","","NA"
"-81.11","44.74","WIARTON A","6119498","2019-09-15 17:00","2019","09","15","17:00","16.7","","12.0","","74","","","M","9","","12","","","M","99.27","","","","","","NA"
"-81.11","44.74","WIARTON A","6119498","2019-09-15 18:00","2019","09","15","18:00","15.6","","12.1","","80","","","M","9","","7","","","M","99.28","","","","","","NA"
"-81.11","44.74","WIARTON A","6119498","2019-09-15 19:00","2019","09","15","19:00","12.3","","11.0","","92","","","M","6","","7","","","M","99.26","","","","","","NA"
"-81.11","44.74","WIARTON A","6119498","2019-09-15 20:00","2019","09","15","20:00","11.6","","10.9","","96","","","M","8","","10","","","M","99.24","","","","","","NA"
"-81.11","44.74","WIARTON A","6119498","2019-09-15 21:00","2019","09","15","21:00","10.9","","10.7","","98","","","M","7","","5","","","M","99.28","","","","","","NA"
"-81.11","44.74","WIARTON A","6119498","2019-09-15 22:00","2019","09","15","22:00","11.4","","10.9","","97","","","M","8","","2","","","M","99.28","","","","","","NA"
"-81.11","44.74","WIARTON A","6119498","2019-09-15 23:00","2019","09","15","23:00","11.6","","11.3","","98","","","M","9","","9","","","M","99.27","","","","","","NA"
"-81.11","44.74","WIARTON A","6119498","2019-09-16 00:00","2019","09","16","00:00","13.2","","12.0","","93","","","M","10","","11","","","M","99.23","","","","","","NA"
"-81.11","44.74","WIARTON A","6119498","2019-09-16 01:00","2019","09","16","01:00","13.4","","12.2","","92","","","M","7","","10","","","M","99.23","","","","","","NA"
"-81.11","44.74","WIARTON A","6119498","2019-09-16 02:00","2019","09","16","02:00","14.0","","12.9","","93","","","M","11","","8","","","M","99.19","","","","","","NA"
"-81.11","44.74","WIARTON A","6119498","2019-09-16 03:00","2019","09","16","03:00","14.5","","13.4","","93","","","M","9","","10","","","M","99.18","","","","","","NA"
"-81.11","44.74","WIARTON A","6119498","2019-09-16 04:00","2019","09","16","04:00","14.2","","13.6","","96","","","M","6","","7","","","M","99.19","","","","","","NA"
"-81.11","44.74","WIARTON A","6119498","2019-09-16 05:00","2019","09","16","05:00","14.9","","13.8","","93","","","M","4","","4","","","M","99.22","","","","","","NA"
"-81.11","44.74","WIARTON A","6119498","2019-09-16 06:00","2019","09","16","06:00","14.8","","13.9","","94","","","M","11","","2","","","M","99.24","","","","","","NA"
"-81.11","44.74","WIARTON A","6119498","2019-09-16 07:00","2019","09","16","07:00","14.8","","14.3","","97","","","M","6","","5","","","M","99.30","","","","","","NA"
"-81.11","44.74","WIARTON A","6119498","2019-09-16 08:00","2019","09","16","08:00","15.2","","14.4","","95","","","M","10","","9","","","M","99.32","","","","","","NA"
"-81.11","44.74","WIARTON A","6119498","2019-09-16 09:00","2019","09","16","09:00","15.9","","14.9","","94","","","M","8","","5","","","M","99.37","","","","","","NA"
"-81.11","44.74","WIARTON A","6119498","2019-09-16 10:00","2019","09","16","10:00","16.1","","14.9","","93","","","M","7","","8","","","M","99.37","","","","","","NA"
"-81.11","44.74","WIARTON A","6119498","2019-09-16 11:00","2019","09","16","11:00","16.9","","15.2","","90","","","M","8","","9","","","M","99.33","","","","","","NA"
"-81.11","44.74","WIARTON A","6119498","2019-09-16 12:00","2019","09","16","12:00","18.1","","15.8","","87","","","M","35","","1","","","M","99.31","","","","","","NA"
"-81.11","44.74","WIARTON A","6119498","2019-09-16 13:00","2019","09","16","13:00","18.1","","16.0","","87","","","M","2","","7","","","M","99.31","","","","","","NA"
"-81.11","44.74","WIARTON A","6119498","2019-09-16 14:00","2019","09","16","14:00","17.8","","15.6","","87","","","M","4","","9","","","M","99.31","","","","","","NA"
"-81.11","44.74","WIARTON A","6119498","2019-09-16 15:00","2019","09","16","15:00","17.4","","15.3","","88","","","M","4","","10","","","M","99.30","","","","","","NA"
"-81.11","44.74","WIARTON A","6119498","2019-09-16 16:00","2019","09","16","16:00","16.8","","14.9","","89","","","M","2","","8","","","M","99.32","","","","","","NA"
"-81.11","44.74","WIARTON A","6119498","2019-09-16 17:00","2019","09","16","17:00","16.6","","15.0","","90","","","M","3","","6","","","M","99.34","","","","","","NA"
"-81.11","44.74","WIARTON A","6119498","2019-09-16 18:00","2019","09","16","18:00","16.1","","14.8","","92","","","M","2","","3","","","M","99.36","","","","","","NA"
"-81.11","44.74","WIARTON A","6119498","2019-09-16 19:00","2019","09","16","19:00","14.8","","14.5","","98","","","M","3","","8","","","M","99.39","","","","","","NA"
"-81.11","44.74","WIARTON A","6119498","2019-09-16 20:00","2019","09","16","20:00","12.7","","12.5","","99","","","M","4","","3","","","M","99.43","","","","","","NA"
"-81.11","44.74","WIARTON A","6119498","2019-09-16 21:00","2019","09","16","21:00","12.9","","12.8","","100","","","M","0","","1","","","M","99.44","","","","","","NA"
"-81.11","44.74","WIARTON A","6119498","2019-09-16 22:00","2019","09","16","22:00","11.6","","11.5","","100","","","M","10","","2","","","M","99.48","","","","","","NA"
"-81.11","44.74","WIARTON A","6119498","2019-09-16 23:00","2019","09","16","23:00","12.5","","12.4","","100","","","M","17","","1","","","M","99.52","","","","","","NA"
"-81.11","44.74","WIARTON A","6119498","2019-09-17 00:00","2019","09","17","00:00","12.2","","12.2","","100","","","M","5","","1","","","M","99.52","","","","","","NA"
"-81.11","44.74","WIARTON A","6119498","2019-09-17 01:00","2019","09","17","01:00","13.5","","13.5","","100","","","M","7","","7","","","M","99.55","","","","","","NA"
"-81.11","44.74","WIARTON A","6119498","2019-09-17 02:00","2019","09","17","02:00","12.5","","12.5","","100","","","M","13","","7","","","M","99.54","","","","","","NA"
"-81.11","44.74","WIARTON A","6119498","2019-09-17 03:00","2019","09","17","03:00","11.1","","11.1","","100","","","M","13","","4","","","M","99.57","","","","","","NA"
"-81.11","44.74","WIARTON A","6119498","2019-09-17 04:00","2019","09","17","04:00","10.1","","10.1","","100","","","M","2","","2","","","M","99.56","","","","","","NA"
"-81.11","44.74","WIARTON A","6119498","2019-09-17 05:00","2019","09","17","05:00","9.3","","9.3","","100","","","M","10","","2","","","M","99.63","","","","","","NA"
"-81.11","44.74","WIARTON A","6119498","2019-09-17 06:00","2019","09","17","06:00","8.9","","8.9","","100","","","M","9","","4","","","M","99.70","","","","","","NA"
"-81.11","44.74","WIARTON A","6119498","2019-09-17 07:00","2019","09","17","07:00","9.9","","9.9","","100","","","M","9","","3","","","M","99.75","","","","","","NA"
"-81.11","44.74","WIARTON A","6119498","2019-09-17 08:00","2019","09","17","08:00","13.3","","13.3","","100","","","M","16","","5","","","M","99.80","","","","","","NA"
"-81.11","44.74","WIARTON A","6119498","2019-09-17 09:00","2019","09","17","09:00","15.7","","15.3","","97","","","M","28","","1","","","M","99.80","","","","","","NA"
"-81.11","44.74","WIARTON A","6119498","2019-09-17 10:00","2019","09","17","10:00","18.7","","14.9","","78","","","M","17","","4","","","M","99.75","","","","","","NA"
"-81.11","44.74","WIARTON A","6119498","2019-09-17 11:00","2019","09","17","11:00","18.8","","15.5","","81","","","M","1","","8","","","M","99.76","","","","","","NA"
"-81.11","44.74","WIARTON A","6119498","2019-09-17 12:00","2019","09","17","12:00","20.0","","14.6","","71","","","M","35","","8","","","M","99.73","","","","","","NA"
"-81.11","44.74","WIARTON A","6119498","2019-09-17 13:00","2019","09","17","13:00","21.2","","13.4","","61","","","M","1","","5","","","M","99.71","","","","","","NA"
"-81.11","44.74","WIARTON A","6119498","2019-09-17 14:00","2019","09","17","14:00","20.8","","13.5","","63","","","M","33","","6","","","M","99.71","","","","","","NA"
"-81.11","44.74","WIARTON A","6119498","2019-09-17 15:00","2019","09","17","15:00","19.7","","14.6","","72","","","M","2","","5","","","M","99.69","","","","","","NA"
"-81.11","44.74","WIARTON A","6119498","2019-09-17 16:00","2019","09","17","16:00","20.4","","14.1","","67","","","M","33","","4","","","M","99.65","","","","","","NA"
"-81.11","44.74","WIARTON A","6119498","2019-09-17 17:00","2019","09","17","17:00","19.6","","14.8","","73","","","M","29","","5","","","M","99.60","","","","","","NA"
"-81.11","44.74","WIARTON A","6119498","2019-09-17 18:00","2019","09","17","18:00","17.6","","14.1","","80","","","M","8","","5","","","M","99.60","","","","","","NA"
"-81.11","44.74","WIARTON A","6119498","2019-09-17 19:00","2019","09","17","19:00","15.1","","13.6","","91","","","M","9","","1","","","M","99.60","","","","","","NA"
"-81.11","44.74","WIARTON A","6119498","2019-09-17 20:00","2019","09","17","20:00","13.2","","12.6","","96","","","M","8","","3","","","M","99.62","","","","","","NA"
"-81.11","44.74","WIARTON A","6119498","2019-09-17 21:00","2019","09","17","21:00","12.4","","12.1","","98","","","M","9","","5","","","M","99.65","","","","","","NA"
"-81.11","44.74","WIARTON A","6119498","2019-09-17 22:00","2019","09","17","22:00","11.7","","11.3","","98","","","M","10","","5","","","M","99.66","","","","","","NA"
"-81.11","44.74","WIARTON A","6119498","2019-09-17 23:00","2019","09","17","23:00","12.4","","11.8","","96","","","M","10","","5","","","M","99.65","","","","","","NA"
"-81.11","44.74","WIARTON A","6119498","2019-09-18 00:00","2019","09","18","00:00","12.7","","12.1","","96","","","M","10","","3","","","M","99.63","","","","","","NA"
"-81.11","44.74","WIARTON A","6119498","2019-09-18 01:00","2019","09","18","01:00","11.6","","11.0","","96","","","M","12","","8","","","M","99.64","","","","","","NA"
"-81.11","44.74","WIARTON A","6119498","2019-09-18 02:00","2019","09","18","02:00","12.9","","11.8","","93","","","M","17","","9","","","M","99.64","","","","","","NA"
"-81.11","44.74","WIARTON A","6119498","2019-09-18 03:00","2019","09","18","03:00","13.6","","11.6","","88","","","M","15","","5","","","M","99.68","","","","","","NA"
"-81.11","44.74","WIARTON A","6119498","2019-09-18 04:00","2019","09","18","04:00","12.4","","11.6","","95","","","M","14","","5","","","M","99.68","","","","","","NA"
"-81.11","44.74","WIARTON A","6119498","2019-09-18 05:00","2019","09","18","05:00","10.9","","9.9","","94","","","M","13","","8","","","M","99.68","","","","","","NA"
"-81.11","44.74","WIARTON A","6119498","2019-09-18 06:00","2019","09","18","06:00","12.3","","9.8","","84","","","M","15","","14","","","M","99.73","","","","","","NA"
"-81.11","44.74","WIARTON A","6119498","2019-09-18 07:00","2019","09","18","07:00","13.9","","11.2","","84","","","M","18","","8","","","M","99.73","","","","","","NA"
"-81.11","44.74","WIARTON A","6119498","2019-09-18 08:00","2019","09","18","08:00","17.0","","12.3","","73","","","M","20","","9","","","M","99.76","","","","","","NA"
"-81.11","44.74","WIARTON A","6119498","2019-09-18 09:00","2019","09","18","09:00","19.8","","11.5","","58","","","M","19","","13","","","M","99.76","","","","","","NA"
"-81.11","44.74","WIARTON A","6119498","2019-09-18 10:00","2019","09","18","10:00","21.1","","11.9","","55","","","M","18","","13","","","M","99.76","","","","","","NA"
"-81.11","44.74","WIARTON A","6119498","2019-09-18 11:00","2019","09","18","11:00","22.7","","11.9","","50","","","M","19","","15","","","M","99.78","","25","","","","NA"
"-81.11","44.74","WIARTON A","6119498","2019-09-18 12:00","2019","09","18","12:00","23.2","","11.4","","47","","","M","20","","20","","","M","99.78","","25","","","","NA"
"-81.11","44.74","WIARTON A","6119498","2019-09-18 13:00","2019","09","18","13:00","23.6","","12.6","","50","","","M","21","","15","","","M","99.76","","26","","","","NA"
"-81.11","44.74","WIARTON A","6119498","2019-09-18 14:00","2019","09","18","14:00","23.9","","13.0","","50","","","M","21","","13","","","M","99.76","","27","","","","NA"
"-81.11","44.74","WIARTON A","6119498","2019-09-18 15:00","2019","09","18","15:00","24.2","","12.4","","47","","","M","24","","8","","","M","99.72","","27","","","","NA"
"-81.11","44.74","WIARTON A","6119498","2019-09-18 16:00","2019","09","18","16:00","22.8","","14.4","","59","","","M","33","","4","","","M","99.69","","26","","","","NA"
"-81.11","44.74","WIARTON A","6119498","2019-09-18 17:00","2019","09","18","17:00","21.6","","14.4","","63","","","M","34","","4","","","M","99.67","","25","","","","NA"
"-81.11","44.74","WIARTON A","6119498","2019-09-18 18:00","2019","09","18","18:00","19.7","","15.2","","75","","","M","27","","2","","","M","99.65","","","","","","NA"
"-81.11","44.74","WIARTON A","6119498","2019-09-18 19:00","2019","09","18","19:00","16.2","","13.7","","85","","","M","11","","3","","","M","99.66","","","","","","NA"
"-81.11","44.74","WIARTON A","6119498","2019-09-18 20:00","2019","09","18","20:00","15.5","","14.7","","95","","","M","11","","5","","","M","99.68","","","","","","NA"
"-81.11","44.74","WIARTON A","6119498","2019-09-18 21:00","2019","09","18","21:00","15.0","","13.6","","91","","","M","14","","10","","","M","99.67","","","","","","NA"
"-81.11","44.74","WIARTON A","6119498","2019-09-18 22:00","2019","09","18","22:00","16.8","","12.4","","75","","","M","17","","13","","","M","99.65","","","","","","NA"
"-81.11","44.74","WIARTON A","6119498","2019-09-18 23:00","2019","09","18","23:00","15.7","","12.0","","79","","","M","16","","16","","","M","99.67","","","","","","NA"
"-81.11","44.74","WIARTON A","6119498","2019-09-19 00:00","2019","09","19","00:00","15.1","","11.7","","80","","","M","15","","16","","","M","99.63","","","","","","NA"
"-81.11","44.74","WIARTON A","6119498","2019-09-19 01:00","2019","09","19","01:00","14.6","","11.6","","82","","","M","16","","14","","","M","99.60","","","","","","NA"
"-81.11","44.74","WIARTON A","6119498","2019-09-19 02:00","2019","09","19","02:00","14.7","","11.8","","83","","","M","16","","16","","","M","99.60","","","","","","NA"
"-81.11","44.74","WIARTON A","6119498","2019-09-19 03:00","2019","09","19","03:00","15.0","","11.7","","80","","","M","16","","15","","","M","99.59","","","","","","NA"
"-81.11","44.74","WIARTON A","6119498","2019-09-19 04:00","2019","09","19","04:00","15.0","","11.4","","79","","","M","16","","19","","","M","99.59","","","","","","NA"
"-81.11","44.74","WIARTON A","6119498","2019-09-19 05:00","2019","09","19","05:00","15.1","","11.5","","79","","","M","16","","21","","","M","99.60","","","","","","NA"
"-81.11","44.74","WIARTON A","6119498","2019-09-19 06:00","2019","09","19","06:00","15.1","","11.7","","80","","","M","16","","16","","","M","99.64","","","","","","NA"
"-81.11","44.74","WIARTON A","6119498","2019-09-19 07:00","2019","09","19","07:00","16.2","","12.3","","77","","","M","18","","18","","","M","99.65","","","","","","NA"
"-81.11","44.74","WIARTON A","6119498","2019-09-19 08:00","2019","09","19","08:00","17.6","","13.1","","74","","","M","19","","14","","","M","99.68","","","","","","NA"
"-81.11","44.74","WIARTON A","6119498","2019-09-19 09:00","2019","09","19","09:00","19.3","","12.2","","63","","","M","19","","17","","","M","99.67","","","","","","NA"
"-81.11","44.74","WIARTON A","6119498","2019-09-19 10:00","2019","09","19","10:00","20.8","","11.8","","56","","","M","21","","20","","","M","99.64","","","","","","NA"
"-81.11","44.74","WIARTON A","6119498","2019-09-19 11:00","2019","09","19","11:00","22.4","","11.8","","51","","","M","19","","25","","","M","99.62","","25","","","","NA"
"-81.11","44.74","WIARTON A","6119498","2019-09-19 12:00","2019","09","19","12:00","23.2","","10.7","","45","","","M","18","","21","","","M","99.62","","25","","","","NA"
"-81.11","44.74","WIARTON A","6119498","2019-09-19 13:00","2019","09","19","13:00","23.9","","10.3","","42","","","M","21","","17","","","M","99.57","","25","","","","NA"
"-81.11","44.74","WIARTON A","6119498","2019-09-19 14:00","2019","09","19","14:00","23.7","","10.6","","43","","","M","18","","18","","","M","99.53","","25","","","","NA"
"-81.11","44.74","WIARTON A","6119498","2019-09-19 15:00","2019","09","19","15:00","24.7","","11.4","","43","","","M","18","","14","","","M","99.48","","27","","","","NA"
"-81.11","44.74","WIARTON A","6119498","2019-09-19 16:00","2019","09","19","16:00","23.2","","10.8","","45","","","M","29","","9","","","M","99.45","","25","","","","NA"
"-81.11","44.74","WIARTON A","6119498","2019-09-19 17:00","2019","09","19","17:00","22.1","","12.8","","55","","","M","36","","4","","","M","99.46","","25","","","","NA"
"-81.11","44.74","WIARTON A","6119498","2019-09-19 18:00","2019","09","19","18:00","19.0","","14.9","","77","","","M","33","","3","","","M","99.46","","","","","","NA"
"-81.11","44.74","WIARTON A","6119498","2019-09-19 19:00","2019","09","19","19:00","16.9","","14.7","","87","","","M","12","","3","","","M","99.46","","","","","","NA"
"-81.11","44.74","WIARTON A","6119498","2019-09-19 20:00","2019","09","19","20:00","15.3","","14.4","","95","","","M","11","","8","","","M","99.49","","","","","","NA"
"-81.11","44.74","WIARTON A","6119498","2019-09-19 21:00","2019","09","19","21:00","14.6","","13.2","","91","","","M","15","","10","","","M","99.51","","","","","","NA"
"-81.11","44.74","WIARTON A","6119498","2019-09-19 22:00","2019","09","19","22:00","16.6","","11.0","","69","","","M","16","","16","","","M","99.49","","","","","","NA"
"-81.11","44.74","WIARTON A","6119498","2019-09-19 23:00","2019","09","19","23:00","16.2","","10.5","","68","","","M","16","","17","","","M","99.46","","","","","","NA"
"-81.11","44.74","WIARTON A","6119498","2019-09-20 00:00","2019","09","20","00:00","14.8","","10.4","","75","","","M","15","","17","","","M","99.42","","","","","","NA"
"-81.11","44.74","WIARTON A","6119498","2019-09-20 01:00","2019","09","20","01:00","14.6","","10.2","","75","","","M","17","","9","","","M","99.47","","","","","","NA"
"-81.11","44.74","WIARTON A","6119498","2019-09-20 02:00","2019","09","20","02:00","15.4","","10.8","","73","","","M","18","","12","","","M","99.45","","","","","","NA"
"-81.11","44.74","WIARTON A","6119498","2019-09-20 03:00","2019","09","20","03:00","15.2","","11.1","","76","","","M","22","","7","","","M","99.47","","","","","","NA"
"-81.11","44.74","WIARTON A","6119498","2019-09-20 04:00","2019","09","20","04:00","14.2","","11.3","","83","","","M","18","","8","","","M","99.49","","","","","","NA"
"-81.11","44.74","WIARTON A","6119498","2019-09-20 05:00","2019","09","20","05:00","13.7","","11.6","","87","","","M","16","","10","","","M","99.48","","","","","","NA"
"-81.11","44.74","WIARTON A","6119498","2019-09-20 06:00","2019","09","20","06:00","13.2","","11.7","","91","","","M","15","","7","","","M","99.51","","","","","","NA"
"-81.11","44.74","WIARTON A","6119498","2019-09-20 07:00","2019","09","20","07:00","13.5","","12.2","","92","","","M","14","","5","","","M","99.53","","","","","","NA"
"-81.11","44.74","WIARTON A","6119498","2019-09-20 08:00","2019","09","20","08:00","16.1","","13.5","","85","","","M","14","","8","","","M","99.54","","","","","","NA"
"-81.11","44.74","WIARTON A","6119498","2019-09-20 09:00","2019","09","20","09:00","18.8","","14.4","","75","","","M","20","","9","","","M","99.55","","","","","","NA"
"-81.11","44.74","WIARTON A","6119498","2019-09-20 10:00","2019","09","20","10:00","18.3","","15.1","","81","","","M","31","","3","","","M","99.58","","","","","","NA"
"-81.11","44.74","WIARTON A","6119498","2019-09-20 11:00","2019","09","20","11:00","19.8","","15.7","","77","","","M","17","","3","","","M","99.53","","","","","","NA"
"-81.11","44.74","WIARTON A","6119498","2019-09-20 12:00","2019","09","20","12:00","21.6","","16.8","","74","","","M","1","","4","","","M","99.50","","27","","","","NA"
"-81.11","44.74","WIARTON A","6119498","2019-09-20 13:00","2019","09","20","13:00","20.9","","16.7","","77","","","M","1","","8","","","M","99.46","","26","","","","NA"
"-81.11","44.74","WIARTON A","6119498","2019-09-20 14:00","2019","09","20","14:00","21.7","","16.4","","71","","","M","36","","8","","","M","99.42","","27","","","","NA"
"-81.11","44.74","WIARTON A","6119498","2019-09-20 15:00","2019","09","20","15:00","22.6","","16.6","","69","","","M","33","","7","","","M","99.37","","28","","","","NA"
"-81.11","44.74","WIARTON A","6119498","2019-09-20 16:00","2019","09","20","16:00","21.5","","17.5","","77","","","M","5","","7","","","M","99.36","","27","","","","NA"
"-81.11","44.74","WIARTON A","6119498","2019-09-20 17:00","2019","09","20","17:00","20.9","","16.0","","73","","","M","4","","9","","","M","99.41","","26","","","","NA"
"-81.11","44.74","WIARTON A","6119498","2019-09-20 18:00","2019","09","20","18:00","19.3","","14.7","","74","","","M","4","","10","","","M","99.44","","","","","","NA"
"-81.11","44.74","WIARTON A","6119498","2019-09-20 19:00","2019","09","20","19:00","17.9","","15.8","","87","","","M","30","","3","","","M","99.48","","","","","","NA"
"-81.11","44.74","WIARTON A","6119498","2019-09-20 20:00","2019","09","20","20:00","17.2","","14.3","","83","","","M","7","","5","","","M","99.47","","","","","","NA"
"-81.11","44.74","WIARTON A","6119498","2019-09-20 21:00","2019","09","20","21:00","15.6","","14.4","","93","","","M","8","","5","","","M","99.47","","","","","","NA"
"-81.11","44.74","WIARTON A","6119498","2019-09-20 22:00","2019","09","20","22:00","14.6","","14.1","","97","","","M","10","","4","","","M","99.46","","","","","","NA"
"-81.11","44.74","WIARTON A","6119498","2019-09-20 23:00","2019","09","20","23:00","14.1","","13.7","","97","","","M","7","","5","","","M","99.45","","","","","","NA"
"-81.11","44.74","WIARTON A","6119498","2019-09-21 00:00","2019","09","21","00:00","13.5","","13.2","","98","","","M","9","","7","","","M","99.45","","","","","","NA"
"-81.11","44.74","WIARTON A","6119498","2019-09-21 01:00","2019","09","21","01:00","13.0","","12.7","","98","","","M","6","","1","","","M","99.46","","","","","","NA"
"-81.11","44.74","WIARTON A","6119498","2019-09-21 02:00","2019","09","21","02:00","12.4","","12.2","","99","","","M","11","","9","","","M","99.45","","","","","","NA"
"-81.11","44.74","WIARTON A","6119498","2019-09-21 03:00","2019","09","21","03:00","13.3","","12.9","","97","","","M","15","","11","","","M","99.43","","","","","","NA"
"-81.11","44.74","WIARTON A","6119498","2019-09-21 04:00","2019","09","21","04:00","13.8","","13.6","","99","","","M","17","","6","","","M","99.43","","","","","","NA"
"-81.11","44.74","WIARTON A","6119498","2019-09-21 05:00","2019","09","21","05:00","12.9","","12.8","","99","","","M","12","","7","","","M","99.46","","","","","","NA"
"-81.11","44.74","WIARTON A","6119498","2019-09-21 06:00","2019","09","21","06:00","14.0","","13.8","","99","","","M","13","","9","","","M","99.49","","","","","","NA"
"-81.11","44.74","WIARTON A","6119498","2019-09-21 07:00","2019","09","21","07:00","16.1","","15.7","","98","","","M","13","","8","","","M","99.51","","","","","","NA"
"-81.11","44.74","WIARTON A","6119498","2019-09-21 08:00","2019","09","21","08:00","17.4","","16.7","","95","","","M","14","","5","","","M","99.52","","","","","","NA"
"-81.11","44.74","WIARTON A","6119498","2019-09-21 09:00","2019","09","21","09:00","21.1","","18.1","","83","","","M","18","","9","","","M","99.51","","27","","","","NA"
"-81.11","44.74","WIARTON A","6119498","2019-09-21 10:00","2019","09","21","10:00","23.0","","18.9","","78","","","M","28","","6","","","M","99.46","","30","","","","NA"
"-81.11","44.74","WIARTON A","6119498","2019-09-21 11:00","2019","09","21","11:00","24.8","","19.6","","73","","","M","23","","10","","","M","99.42","","32","","","","NA"
"-81.11","44.74","WIARTON A","6119498","2019-09-21 12:00","2019","09","21","12:00","25.8","","20.2","","71","","","M","18","","8","","","M","99.37","","34","","","","NA"
"-81.11","44.74","WIARTON A","6119498","2019-09-21 13:00","2019","09","21","13:00","27.0","","17.0","","54","","","M","24","","18","","","M","99.32","","32","","","","NA"
"-81.11","44.74","WIARTON A","6119498","2019-09-21 14:00","2019","09","21","14:00","27.5","","18.4","","57","","","M","23","","18","","","M","99.27","","34","","","","NA"
"-81.11","44.74","WIARTON A","6119498","2019-09-21 15:00","2019","09","21","15:00","27.3","","18.5","","58","","","M","22","","20","","","M","99.23","","34","","","","NA"
"-81.11","44.74","WIARTON A","6119498","2019-09-21 16:00","2019","09","21","16:00","27.2","","19.1","","61","","","M","23","","12","","","M","99.17","","34","","","","NA"
"-81.11","44.74","WIARTON A","6119498","2019-09-21 17:00","2019","09","21","17:00","26.6","","18.6","","61","","","M","23","","13","","","M","99.14","","33","","","","NA"
"-81.11","44.74","WIARTON A","6119498","2019-09-21 18:00","2019","09","21","18:00","24.2","","19.2","","73","","","M","17","","8","","","M","99.10","","31","","","","NA"
"-81.11","44.74","WIARTON A","6119498","2019-09-21 19:00","2019","09","21","19:00","21.6","","18.7","","83","","","M","16","","3","","","M","99.07","","28","","","","NA"
"-81.11","44.74","WIARTON A","6119498","2019-09-21 20:00","2019","09","21","20:00","23.2","","18.9","","76","","","M","18","","14","","","M","99.07","","30","","","","NA"
"-81.11","44.74","WIARTON A","6119498","2019-09-21 21:00","2019","09","21","21:00","22.3","","18.8","","80","","","M","19","","12","","","M","99.09","","29","","","","NA"
"-81.11","44.74","WIARTON A","6119498","2019-09-21 22:00","2019","09","21","22:00","22.2","","19.1","","82","","","M","19","","14","","","M","99.06","","29","","","","NA"
"-81.11","44.74","WIARTON A","6119498","2019-09-21 23:00","2019","09","21","23:00","21.7","","19.0","","85","","","M","19","","14","","","M","99.04","","28","","","","NA"
"-81.11","44.74","WIARTON A","6119498","2019-09-22 00:00","2019","09","22","00:00","21.9","","18.8","","83","","","M","19","","18","","","M","99.03","","29","","","","NA"
"-81.11","44.74","WIARTON A","6119498","2019-09-22 01:00","2019","09","22","01:00","21.6","","18.6","","83","","","M","19","","17","","","M","98.96","","28","","","","NA"
"-81.11","44.74","WIARTON A","6119498","2019-09-22 02:00","2019","09","22","02:00","21.3","","19.8","","91","","","M","20","","22","","","M","98.92","","29","","","","NA"
"-81.11","44.74","WIARTON A","6119498","2019-09-22 03:00","2019","09","22","03:00","21.0","","19.8","","93","","","M","19","","19","","","M","98.91","","28","","","","NA"
"-81.11","44.74","WIARTON A","6119498","2019-09-22 04:00","2019","09","22","04:00","20.5","","19.7","","95","","","M","21","","24","","","M","98.91","","28","","","","NA"
"-81.11","44.74","WIARTON A","6119498","2019-09-22 05:00","2019","09","22","05:00","19.9","","19.4","","97","","","M","19","","18","","","M","98.88","","","","","","NA"
"-81.11","44.74","WIARTON A","6119498","2019-09-22 06:00","2019","09","22","06:00","20.1","","19.5","","97","","","M","18","","21","","","M","98.87","","27","","","","NA"
"-81.11","44.74","WIARTON A","6119498","2019-09-22 07:00","2019","09","22","07:00","20.2","","19.5","","96","","","M","19","","18","","","M","98.82","","27","","","","NA"
"-81.11","44.74","WIARTON A","6119498","2019-09-22 08:00","2019","09","22","08:00","20.8","","19.6","","92","","","M","19","","22","","","M","98.80","","28","","","","NA"
"-81.11","44.74","WIARTON A","6119498","2019-09-22 09:00","2019","09","22","09:00","21.2","","19.4","","89","","","M","20","","19","","","M","98.76","","28","","","","NA"
"-81.11","44.74","WIARTON A","6119498","2019-09-22 10:00","2019","09","22","10:00","20.6","","19.9","","96","","","M","21","","15","","","M","98.74","","28","","","","NA"
"-81.11","44.74","WIARTON A","6119498","2019-09-22 11:00","2019","09","22","11:00","21.2","","19.4","","89","","","M","21","","23","","","M","98.68","","28","","","","NA"
"-81.11","44.74","WIARTON A","6119498","2019-09-22 12:00","2019","09","22","12:00","23.3","","19.8","","81","","","M","23","","33","","","M","98.60","","31","","","","NA"
"-81.11","44.74","WIARTON A","6119498","2019-09-22 13:00","2019","09","22","13:00","23.0","","19.3","","79","","","M","23","","27","","","M","98.52","","30","","","","NA"
"-81.11","44.74","WIARTON A","6119498","2019-09-22 14:00","2019","09","22","14:00","24.1","","18.9","","73","","","M","21","","27","","","M","98.41","","31","","","","NA"
"-81.11","44.74","WIARTON A","6119498","2019-09-22 15:00","2019","09","22","15:00","24.9","","18.9","","69","","","M","21","","26","","","M","98.35","","32","","","","NA"
"-81.11","44.74","WIARTON A","6119498","2019-09-22 16:00","2019","09","22","16:00","25.1","","18.2","","65","","","M","21","","23","","","M","98.29","","31","","","","NA"
"-81.11","44.74","WIARTON A","6119498","2019-09-22 17:00","2019","09","22","17:00","25.0","","17.9","","64","","","M","20","","30","","","M","98.24","","31","","","","NA"
"-81.11","44.74","WIARTON A","6119498","2019-09-22 18:00","2019","09","22","18:00","25.0","","17.6","","63","","","M","20","","31","","","M","98.19","","31","","","","NA"
"-81.11","44.74","WIARTON A","6119498","2019-09-22 19:00","2019","09","22","19:00","22.4","","18.2","","77","","","M","22","","23","","","M","98.26","","29","","","","NA"
"-81.11","44.74","WIARTON A","6119498","2019-09-22 20:00","2019","09","22","20:00","20.9","","18.6","","87","","","M","22","","18","","","M","98.30","","27","","","","NA"
"-81.11","44.74","WIARTON A","6119498","2019-09-22 21:00","2019","09","22","21:00","19.9","","18.6","","92","","","M","22","","23","","","M","98.28","","","","","","NA"
"-81.11","44.74","WIARTON A","6119498","2019-09-22 22:00","2019","09","22","22:00","20.0","","19.0","","94","","","M","21","","21","","","M","98.18","","27","","","","NA"
"-81.11","44.74","WIARTON A","6119498","2019-09-22 23:00","2019","09","22","23:00","20.3","","18.8","","91","","","M","22","","22","","","M","98.15","","27","","","","NA"
"-81.11","44.74","WIARTON A","6119498","2019-09-23 00:00","2019","09","23","00:00","19.8","","19.1","","95","","","M","23","","22","","","M","98.12","","","","","","NA"
"-81.11","44.74","WIARTON A","6119498","2019-09-23 01:00","2019","09","23","01:00","19.7","","19.1","","97","","","M","23","","25","","","M","98.04","","","","","","NA"
"-81.11","44.74","WIARTON A","6119498","2019-09-23 02:00","2019","09","23","02:00","19.4","","19.0","","97","","","M","23","","13","","","M","97.98","","","","","","NA"
"-81.11","44.74","WIARTON A","6119498","2019-09-23 03:00","2019","09","23","03:00","17.2","","17.0","","99","","","M","33","","3","","","M","97.96","","","","","","NA"
"-81.11","44.74","WIARTON A","6119498","2019-09-23 04:00","2019","09","23","04:00","16.9","","16.8","","99","","","M","20","","5","","","M","97.92","","","","","","NA"
"-81.11","44.74","WIARTON A","6119498","2019-09-23 05:00","2019","09","23","05:00","16.6","","16.5","","99","","","M","29","","7","","","M","97.97","","","","","","NA"
"-81.11","44.74","WIARTON A","6119498","2019-09-23 06:00","2019","09","23","06:00","16.4","","16.2","","98","","","M","28","","5","","","M","98.05","","","","","","NA"
"-81.11","44.74","WIARTON A","6119498","2019-09-23 07:00","2019","09","23","07:00","15.7","","14.8","","95","","","M","29","","17","","","M","98.14","","","","","","NA"
"-81.11","44.74","WIARTON A","6119498","2019-09-23 08:00","2019","09","23","08:00","15.7","","14.8","","94","","","M","27","","8","","","M","98.19","","","","","","NA"
"-81.11","44.74","WIARTON A","6119498","2019-09-23 09:00","2019","09","23","09:00","16.3","","15.5","","95","","","M","29","","7","","","M","98.25","","","","","","NA"
"-81.11","44.74","WIARTON A","6119498","2019-09-23 10:00","2019","09","23","10:00","17.8","","15.7","","87","","","M","28","","8","","","M","98.25","","","","","","NA"
"-81.11","44.74","WIARTON A","6119498","2019-09-23 11:00","2019","09","23","11:00","17.4","","15.3","","88","","","M","28","","12","","","M","98.26","","","","","","NA"
"-81.11","44.74","WIARTON A","6119498","2019-09-23 12:00","2019","09","23","12:00","17.0","","14.3","","84","","","M","26","","10","","","M","98.25","","","","","","NA"
"-81.11","44.74","WIARTON A","6119498","2019-09-23 13:00","2019","09","23","13:00","17.2","","15.2","","87","","","M","26","","16","","","M","98.23","","","","","","NA"
"-81.11","44.74","WIARTON A","6119498","2019-09-23 14:00","2019","09","23","14:00","17.0","","13.6","","81","","","M","27","","17","","","M","98.21","","","","","","NA"
"-81.11","44.74","WIARTON A","6119498","2019-09-23 15:00","2019","09","23","15:00","17.0","","13.9","","82","","","M","26","","20","","","M","98.21","","","","","","NA"
"-81.11","44.74","WIARTON A","6119498","2019-09-23 16:00","2019","09","23","16:00","16.3","","14.4","","89","","","M","24","","19","","","M","98.21","","","","","","NA"
"-81.11","44.74","WIARTON A","6119498","2019-09-23 17:00","2019","09","23","17:00","15.6","","14.3","","92","","","M","26","","13","","","M","98.26","","","","","","NA"
"-81.11","44.74","WIARTON A","6119498","2019-09-23 18:00","2019","09","23","18:00","15.5","","13.6","","89","","","M","28","","13","","","M","98.28","","","","","","NA"
"-81.11","44.74","WIARTON A","6119498","2019-09-23 19:00","2019","09","23","19:00","15.3","","13.4","","88","","","M","28","","11","","","M","98.29","","","","","","NA"
"-81.11","44.74","WIARTON A","6119498","2019-09-23 20:00","2019","09","23","20:00","15.2","","13.7","","90","","","M","28","","12","","","M","98.33","","","","","","NA"
"-81.11","44.74","WIARTON A","6119498","2019-09-23 21:00","2019","09","23","21:00","15.4","","14.3","","93","","","M","28","","13","","","M","98.34","","","","","","NA"
"-81.11","44.74","WIARTON A","6119498","2019-09-23 22:00","2019","09","23","22:00","13.8","","12.8","","93","","","M","1","","9","","","M","98.43","","","","","","NA"
"-81.11","44.74","WIARTON A","6119498","2019-09-23 23:00","2019","09","23","23:00","13.7","","11.8","","88","","","M","3","","4","","","M","98.49","","","","","","NA"
"-81.11","44.74","WIARTON A","6119498","2019-09-24 00:00","2019","09","24","00:00","13.4","","11.8","","90","","","M","30","","2","","","M","98.54","","","","","","NA"
"-81.11","44.74","WIARTON A","6119498","2019-09-24 01:00","2019","09","24","01:00","12.9","","11.9","","94","","","M","32","","6","","","M","98.57","","","","","","NA"
"-81.11","44.74","WIARTON A","6119498","2019-09-24 02:00","2019","09","24","02:00","13.3","","12.3","","94","","","M","27","","3","","","M","98.56","","","","","","NA"
"-81.11","44.74","WIARTON A","6119498","2019-09-24 03:00","2019","09","24","03:00","13.1","","12.1","","94","","","M","","","0","","","M","98.59","","","","","","NA"
"-81.11","44.74","WIARTON A","6119498","2019-09-24 04:00","2019","09","24","04:00","12.3","","11.9","","97","","","M","12","","2","","","M","98.60","","","","","","NA"
"-81.11","44.74","WIARTON A","6119498","2019-09-24 05:00","2019","09","24","05:00","12.8","","12.4","","97","","","M","21","","4","","","M","98.61","","","","","","NA"
"-81.11","44.74","WIARTON A","6119498","2019-09-24 06:00","2019","09","24","06:00","12.2","","11.9","","98","","","M","21","","8","","","M","98.63","","","","","","NA"
"-81.11","44.74","WIARTON A","6119498","2019-09-24 07:00","2019","09","24","07:00","10.7","","10.6","","99","","","M","17","","3","","","M","98.67","","","","","","NA"
"-81.11","44.74","WIARTON A","6119498","2019-09-24 08:00","2019","09","24","08:00","14.4","","11.8","","85","","","M","29","","5","","","M","98.68","","","","","","NA"
"-81.11","44.74","WIARTON A","6119498","2019-09-24 09:00","2019","09","24","09:00","15.8","","11.5","","75","","","M","30","","8","","","M","98.71","","","","","","NA"
"-81.11","44.74","WIARTON A","6119498","2019-09-24 10:00","2019","09","24","10:00","16.2","","10.4","","69","","","M","29","","13","","","M","98.71","","","","","","NA"
"-81.11","44.74","WIARTON A","6119498","2019-09-24 11:00","2019","09","24","11:00","15.8","","10.6","","71","","","M","28","","10","","","M","98.70","","","","","","NA"
"-81.11","44.74","WIARTON A","6119498","2019-09-24 12:00","2019","09","24","12:00","17.4","","10.7","","64","","","M","26","","13","","","M","98.67","","","","","","NA"
"-81.11","44.74","WIARTON A","6119498","2019-09-24 13:00","2019","09","24","13:00","17.3","","10.1","","63","","","M","28","","14","","","M","98.61","","","","","","NA"
"-81.11","44.74","WIARTON A","6119498","2019-09-24 14:00","2019","09","24","14:00","17.9","","10.7","","62","","","M","30","","9","","","M","98.55","","","","","","NA"
"-81.11","44.74","WIARTON A","6119498","2019-09-24 15:00","2019","09","24","15:00","17.6","","12.3","","70","","","M","26","","11","","","M","98.52","","","","","","NA"
"-81.11","44.74","WIARTON A","6119498","2019-09-24 16:00","2019","09","24","16:00","17.2","","12.1","","72","","","M","27","","13","","","M","98.55","","","","","","NA"
"-81.11","44.74","WIARTON A","6119498","2019-09-24 17:00","2019","09","24","17:00","16.4","","11.9","","74","","","M","24","","15","","","M","98.55","","","","","","NA"
"-81.11","44.74","WIARTON A","6119498","2019-09-24 18:00","2019","09","24","18:00","15.4","","11.9","","80","","","M","22","","8","","","M","98.53","","","","","","NA"
"-81.11","44.74","WIARTON A","6119498","2019-09-24 19:00","2019","09","24","19:00","11.7","","10.9","","95","","","M","15","","9","","","M","98.51","","","","","","NA"
"-81.11","44.74","WIARTON A","6119498","2019-09-24 20:00","2019","09","24","20:00","10.3","","10.0","","98","","","M","13","","9","","","M","98.48","","","","","","NA"
"-81.11","44.74","WIARTON A","6119498","2019-09-24 21:00","2019","09","24","21:00","10.7","","10.1","","96","","","M","12","","13","","","M","98.44","","","","","","NA"
"-81.11","44.74","WIARTON A","6119498","2019-09-24 22:00","2019","09","24","22:00","10.5","","9.5","","93","","","M","12","","14","","","M","98.33","","","","","","NA"
"-81.11","44.74","WIARTON A","6119498","2019-09-24 23:00","2019","09","24","23:00","11.2","","9.7","","91","","","M","13","","14","","","M","98.23","","","","","","NA"
"-81.11","44.74","WIARTON A","6119498","2019-09-25 00:00","2019","09","25","00:00","12.6","","10.3","","86","","","M","15","","12","","","M","98.33","","","","","","NA"
"-81.11","44.74","WIARTON A","6119498","2019-09-25 01:00","2019","09","25","01:00","13.5","","10.6","","82","","","M","15","","17","","","M","98.30","","","","","","NA"
"-81.11","44.74","WIARTON A","6119498","2019-09-25 02:00","2019","09","25","02:00","14.6","","10.8","","78","","","M","16","","17","","","M","98.20","","","","","","NA"
"-81.11","44.74","WIARTON A","6119498","2019-09-25 03:00","2019","09","25","03:00","14.8","","10.9","","78","","","M","17","","21","","","M","98.15","","","","","","NA"
"-81.11","44.74","WIARTON A","6119498","2019-09-25 04:00","2019","09","25","04:00","15.0","","11.4","","79","","","M","19","","23","","","M","98.12","","","","","","NA"
"-81.11","44.74","WIARTON A","6119498","2019-09-25 05:00","2019","09","25","05:00","15.3","","12.4","","82","","","M","18","","19","","","M","98.08","","","","","","NA"
"-81.11","44.74","WIARTON A","6119498","2019-09-25 06:00","2019","09","25","06:00","14.9","","12.7","","86","","","M","18","","18","","","M","98.06","","","","","","NA"
"-81.11","44.74","WIARTON A","6119498","2019-09-25 07:00","2019","09","25","07:00","16.6","","13.8","","83","","","M","20","","25","","","M","98.00","","","","","","NA"
"-81.11","44.74","WIARTON A","6119498","2019-09-25 08:00","2019","09","25","08:00","17.6","","14.3","","81","","","M","18","","25","","","M","97.93","","","","","","NA"
"-81.11","44.74","WIARTON A","6119498","2019-09-25 09:00","2019","09","25","09:00","18.5","","14.7","","78","","","M","20","","23","","","M","97.87","","","","","","NA"
"-81.11","44.74","WIARTON A","6119498","2019-09-25 10:00","2019","09","25","10:00","21.0","","15.1","","69","","","M","20","","28","","","M","97.81","","25","","","","NA"
"-81.11","44.74","WIARTON A","6119498","2019-09-25 11:00","2019","09","25","11:00","22.5","","13.3","","55","","","M","21","","36","","","M","97.73","","25","","","","NA"
"-81.11","44.74","WIARTON A","6119498","2019-09-25 12:00","2019","09","25","12:00","22.5","","12.7","","53","","","M","21","","37","","","M","97.68","","25","","","","NA"
"-81.11","44.74","WIARTON A","6119498","2019-09-25 13:00","2019","09","25","13:00","20.2","","14.2","","68","","","M","22","","44","","","M","97.72","","","","","","NA"
"-81.11","44.74","WIARTON A","6119498","2019-09-25 14:00","2019","09","25","14:00","17.7","","15.7","","88","","","M","23","","19","","","M","97.70","","","","","","NA"
"-81.11","44.74","WIARTON A","6119498","2019-09-25 15:00","2019","09","25","15:00","17.9","","15.0","","83","","","M","23","","26","","","M","97.67","","","","","","NA"
"-81.11","44.74","WIARTON A","6119498","2019-09-25 16:00","2019","09","25","16:00","18.7","","15.3","","80","","","M","23","","22","","","M","97.70","","","","","","NA"
"-81.11","44.74","WIARTON A","6119498","2019-09-25 17:00","2019","09","25","17:00","19.8","","15.5","","76","","","M","22","","27","","","M","97.68","","","","","","NA"
"-81.11","44.74","WIARTON A","6119498","2019-09-25 18:00","2019","09","25","18:00","19.2","","15.1","","77","","","M","23","","23","","","M","97.69","","","","","","NA"
"-81.11","44.74","WIARTON A","6119498","2019-09-25 19:00","2019","09","25","19:00","18.9","","15.9","","82","","","M","23","","24","","","M","97.74","","","","","","NA"
"-81.11","44.74","WIARTON A","6119498","2019-09-25 20:00","2019","09","25","20:00","18.0","","16.1","","88","","","M","26","","8","","","M","97.79","","","","","","NA"
"-81.11","44.74","WIARTON A","6119498","2019-09-25 21:00","2019","09","25","21:00","17.1","","15.9","","93","","","M","25","","13","","","M","97.83","","","","","","NA"
"-81.11","44.74","WIARTON A","6119498","2019-09-25 22:00","2019","09","25","22:00","17.2","","16.0","","93","","","M","27","","10","","","M","97.88","","","","","","NA"
"-81.11","44.74","WIARTON A","6119498","2019-09-25 23:00","2019","09","25","23:00","16.6","","15.9","","95","","","M","26","","4","","","M","97.91","","","","","","NA"
"-81.11","44.74","WIARTON A","6119498","2019-09-26 00:00","2019","09","26","00:00","16.1","","15.2","","94","","","M","3","","1","","","M","97.94","","","","","","NA"
"-81.11","44.74","WIARTON A","6119498","2019-09-26 01:00","2019","09","26","01:00","15.6","","13.8","","89","","","M","20","","1","","","M","97.96","","","","","","NA"
"-81.11","44.74","WIARTON A","6119498","2019-09-26 02:00","2019","09","26","02:00","14.0","","13.3","","95","","","M","14","","6","","","M","97.90","","","","","","NA"
"-81.11","44.74","WIARTON A","6119498","2019-09-26 03:00","2019","09","26","03:00","14.2","","13.7","","97","","","M","26","","2","","","M","97.88","","","","","","NA"
"-81.11","44.74","WIARTON A","6119498","2019-09-26 04:00","2019","09","26","04:00","14.2","","13.6","","96","","","M","17","","10","","","M","97.81","","","","","","NA"
"-81.11","44.74","WIARTON A","6119498","2019-09-26 05:00","2019","09","26","05:00","14.9","","12.7","","86","","","M","23","","10","","","M","97.83","","","","","","NA"
"-81.11","44.74","WIARTON A","6119498","2019-09-26 06:00","2019","09","26","06:00","13.5","","12.7","","95","","","M","35","","4","","","M","97.92","","","","","","NA"
"-81.11","44.74","WIARTON A","6119498","2019-09-26 07:00","2019","09","26","07:00","12.0","","11.7","","98","","","M","16","","3","","","M","97.95","","","","","","NA"
"-81.11","44.74","WIARTON A","6119498","2019-09-26 08:00","2019","09","26","08:00","14.5","","13.3","","93","","","M","23","","5","","","M","98.00","","","","","","NA"
"-81.11","44.74","WIARTON A","6119498","2019-09-26 09:00","2019","09","26","09:00","15.9","","13.0","","83","","","M","26","","9","","","M","98.03","","","","","","NA"
"-81.11","44.74","WIARTON A","6119498","2019-09-26 10:00","2019","09","26","10:00","15.4","","10.5","","72","","","M","29","","11","","","M","98.07","","","","","","NA"
"-81.11","44.74","WIARTON A","6119498","2019-09-26 11:00","2019","09","26","11:00","14.9","","11.0","","77","","","M","29","","15","","","M","98.11","","","","","","NA"
"-81.11","44.74","WIARTON A","6119498","2019-09-26 12:00","2019","09","26","12:00","15.9","","10.3","","69","","","M","29","","18","","","M","98.18","","","","","","NA"
"-81.11","44.74","WIARTON A","6119498","2019-09-26 13:00","2019","09","26","13:00","15.4","","10.7","","73","","","M","28","","22","","","M","98.23","","","","","","NA"
"-81.11","44.74","WIARTON A","6119498","2019-09-26 14:00","2019","09","26","14:00","15.9","","8.9","","63","","","M","28","","24","","","M","98.29","","","","","","NA"
"-81.11","44.74","WIARTON A","6119498","2019-09-26 15:00","2019","09","26","15:00","15.9","","9.2","","64","","","M","28","","17","","","M","98.34","","","","","","NA"
"-81.11","44.74","WIARTON A","6119498","2019-09-26 16:00","2019","09","26","16:00","15.6","","8.5","","62","","","M","28","","25","","","M","98.44","","","","","","NA"
"-81.11","44.74","WIARTON A","6119498","2019-09-26 17:00","2019","09","26","17:00","15.3","","8.5","","63","","","M","28","","17","","","M","98.50","","","","","","NA"
"-81.11","44.74","WIARTON A","6119498","2019-09-26 18:00","2019","09","26","18:00","14.4","","7.9","","65","","","M","29","","11","","","M","98.54","","","","","","NA"
"-81.11","44.74","WIARTON A","6119498","2019-09-26 19:00","2019","09","26","19:00","13.0","","7.5","","69","","","M","25","","5","","","M","98.60","","","","","","NA"
"-81.11","44.74","WIARTON A","6119498","2019-09-26 20:00","2019","09","26","20:00","8.7","","7.4","","92","","","M","12","","5","","","M","98.63","","","","","","NA"
"-81.11","44.74","WIARTON A","6119498","2019-09-26 21:00","2019","09","26","21:00","7.8","","7.2","","96","","","M","14","","7","","","M","98.68","","","","","","NA"
"-81.11","44.74","WIARTON A","6119498","2019-09-26 22:00","2019","09","26","22:00","7.0","","6.6","","97","","","M","16","","8","","","M","98.72","","","","","","NA"
"-81.11","44.74","WIARTON A","6119498","2019-09-26 23:00","2019","09","26","23:00","6.3","","5.8","","97","","","M","12","","10","","","M","98.74","","","","","","NA"
"-81.11","44.74","WIARTON A","6119498","2019-09-27 00:00","2019","09","27","00:00","7.3","","6.8","","97","","","M","13","","9","","","M","98.76","","","","","","NA"
"-81.11","44.74","WIARTON A","6119498","2019-09-27 01:00","2019","09","27","01:00","8.5","","7.5","","93","","","M","15","","12","","","M","98.75","","","","","","NA"
"-81.11","44.74","WIARTON A","6119498","2019-09-27 02:00","2019","09","27","02:00","7.7","","7.0","","96","","","M","14","","13","","","M","98.68","","","","","","NA"
"-81.11","44.74","WIARTON A","6119498","2019-09-27 03:00","2019","09","27","03:00","8.7","","7.8","","94","","","M","15","","10","","","M","98.75","","","","","","NA"
"-81.11","44.74","WIARTON A","6119498","2019-09-27 04:00","2019","09","27","04:00","9.3","","8.0","","92","","","M","17","","9","","","M","98.82","","","","","","NA"
"-81.11","44.74","WIARTON A","6119498","2019-09-27 05:00","2019","09","27","05:00","10.2","","8.3","","88","","","M","18","","11","","","M","98.83","","","","","","NA"
"-81.11","44.74","WIARTON A","6119498","2019-09-27 06:00","2019","09","27","06:00","10.2","","8.5","","89","","","M","15","","12","","","M","98.81","","","","","","NA"
"-81.11","44.74","WIARTON A","6119498","2019-09-27 07:00","2019","09","27","07:00","10.8","","8.5","","86","","","M","17","","13","","","M","98.83","","","","","","NA"
"-81.11","44.74","WIARTON A","6119498","2019-09-27 08:00","2019","09","27","08:00","11.6","","8.9","","84","","","M","16","","13","","","M","98.86","","","","","","NA"
"-81.11","44.74","WIARTON A","6119498","2019-09-27 09:00","2019","09","27","09:00","13.0","","9.3","","78","","","M","16","","14","","","M","98.82","","","","","","NA"
"-81.11","44.74","WIARTON A","6119498","2019-09-27 10:00","2019","09","27","10:00","14.6","","9.7","","72","","","M","17","","20","","","M","98.75","","","","","","NA"
"-81.11","44.74","WIARTON A","6119498","2019-09-27 11:00","2019","09","27","11:00","14.9","","8.1","","63","","","M","18","","23","","","M","98.71","","","","","","NA"
"-81.11","44.74","WIARTON A","6119498","2019-09-27 12:00","2019","09","27","12:00","16.1","","8.1","","59","","","M","19","","16","","","M","98.63","","","","","","NA"
"-81.11","44.74","WIARTON A","6119498","2019-09-27 13:00","2019","09","27","13:00","16.2","","11.0","","71","","","M","15","","11","","","M","98.50","","","","","","NA"
"-81.11","44.74","WIARTON A","6119498","2019-09-27 14:00","2019","09","27","14:00","19.0","","10.2","","56","","","M","18","","19","","","M","98.35","","","","","","NA"
"-81.11","44.74","WIARTON A","6119498","2019-09-27 15:00","2019","09","27","15:00","19.3","","11.6","","61","","","M","16","","14","","","M","98.25","","","","","","NA"
"-81.11","44.74","WIARTON A","6119498","2019-09-27 16:00","2019","09","27","16:00","19.7","","10.1","","54","","","M","18","","25","","","M","98.16","","","","","","NA"
"-81.11","44.74","WIARTON A","6119498","2019-09-27 17:00","2019","09","27","17:00","19.6","","9.7","","52","","","M","18","","27","","","M","98.18","","","","","","NA"
"-81.11","44.74","WIARTON A","6119498","2019-09-27 18:00","2019","09","27","18:00","17.6","","10.7","","64","","","M","18","","25","","","M","98.20","","","","","","NA"
"-81.11","44.74","WIARTON A","6119498","2019-09-27 19:00","2019","09","27","19:00","18.1","","11.1","","63","","","M","21","","28","","","M","98.29","","","","","","NA"
"-81.11","44.74","WIARTON A","6119498","2019-09-27 20:00","2019","09","27","20:00","18.0","","12.2","","68","","","M","21","","18","","","M","98.36","","","","","","NA"
"-81.11","44.74","WIARTON A","6119498","2019-09-27 21:00","2019","09","27","21:00","17.2","","12.5","","74","","","M","19","","18","","","M","98.24","","","","","","NA"
"-81.11","44.74","WIARTON A","6119498","2019-09-27 22:00","2019","09","27","22:00","17.3","","13.0","","76","","","M","18","","19","","","M","98.17","","","","","","NA"
"-81.11","44.74","WIARTON A","6119498","2019-09-27 23:00","2019","09","27","23:00","17.3","","14.7","","84","","","M","21","","21","","","M","98.23","","","","","","NA"
"-81.11","44.74","WIARTON A","6119498","2019-09-28 00:00","2019","09","28","00:00","17.7","","17.3","","98","","","M","24","","27","","","M","98.27","","","","","","NA"
"-81.11","44.74","WIARTON A","6119498","2019-09-28 01:00","2019","09","28","01:00","17.7","","17.3","","97","","","M","23","","18","","","M","98.29","","","","","","NA"
"-81.11","44.74","WIARTON A","6119498","2019-09-28 02:00","2019","09","28","02:00","17.5","","17.3","","99","","","M","21","","15","","","M","98.23","","","","","","NA"
"-81.11","44.74","WIARTON A","6119498","2019-09-28 03:00","2019","09","28","03:00","17.1","","17.0","","99","","","M","21","","14","","","M","98.30","","","","","","NA"
"-81.11","44.74","WIARTON A","6119498","2019-09-28 04:00","2019","09","28","04:00","16.7","","16.6","","99","","","M","30","","9","","","M","98.38","","","","","","NA"
"-81.11","44.74","WIARTON A","6119498","2019-09-28 05:00","2019","09","28","05:00","16.0","","16.0","","99","","","M","31","","5","","","M","98.45","","","","","","NA"
"-81.11","44.74","WIARTON A","6119498","2019-09-28 06:00","2019","09","28","06:00","14.7","","14.6","","99","","","M","35","","3","","","M","98.55","","","","","","NA"
"-81.11","44.74","WIARTON A","6119498","2019-09-28 07:00","2019","09","28","07:00","14.6","","14.5","","100","","","M","33","","4","","","M","98.66","","","","","","NA"
"-81.11","44.74","WIARTON A","6119498","2019-09-28 08:00","2019","09","28","08:00","14.5","","14.4","","99","","","M","33","","3","","","M","98.74","","","","","","NA"
"-81.11","44.74","WIARTON A","6119498","2019-09-28 09:00","2019","09","28","09:00","14.8","","14.5","","98","","","M","33","","5","","","M","98.86","","","","","","NA"
"-81.11","44.74","WIARTON A","6119498","2019-09-28 10:00","2019","09","28","10:00","14.9","","14.4","","96","","","M","33","","4","","","M","98.95","","","","","","NA"
"-81.11","44.74","WIARTON A","6119498","2019-09-28 11:00","2019","09","28","11:00","15.5","","14.3","","92","","","M","34","","5","","","M","99.07","","","","","","NA"
"-81.11","44.74","WIARTON A","6119498","2019-09-28 12:00","2019","09","28","12:00","17.0","","13.5","","80","","","M","36","","9","","","M","99.10","","","","","","NA"
"-81.11","44.74","WIARTON A","6119498","2019-09-28 13:00","2019","09","28","13:00","15.1","","13.2","","88","","","M","4","","8","","","M","99.17","","","","","","NA"
"-81.11","44.74","WIARTON A","6119498","2019-09-28 14:00","2019","09","28","14:00","16.4","","13.3","","81","","","M","3","","8","","","M","99.23","","","","","","NA"
"-81.11","44.74","WIARTON A","6119498","2019-09-28 15:00","2019","09","28","15:00","16.4","","12.8","","79","","","M","3","","12","","","M","99.29","","","","","","NA"
"-81.11","44.74","WIARTON A","6119498","2019-09-28 16:00","2019","09","28","16:00","15.3","","12.7","","84","","","M","2","","12","","","M","99.41","","","","","","NA"
"-81.11","44.74","WIARTON A","6119498","2019-09-28 17:00","2019","09","28","17:00","15.0","","12.6","","86","","","M","2","","9","","","M","99.50","","","","","","NA"
"-81.11","44.74","WIARTON A","6119498","2019-09-28 18:00","2019","09","28","18:00","13.4","","11.8","","90","","","M","2","","7","","","M","99.59","","","","","","NA"
"-81.11","44.74","WIARTON A","6119498","2019-09-28 19:00","2019","09","28","19:00","12.6","","11.4","","92","","","M","3","","6","","","M","99.65","","","","","","NA"
"-81.11","44.74","WIARTON A","6119498","2019-09-28 20:00","2019","09","28","20:00","11.9","","11.6","","98","","","M","34","","3","","","M","99.76","","","","","","NA"
"-81.11","44.74","WIARTON A","6119498","2019-09-28 21:00","2019","09","28","21:00","12.0","","11.3","","95","","","M","3","","4","","","M","99.80","","","","","","NA"
"-81.11","44.74","WIARTON A","6119498","2019-09-28 22:00","2019","09","28","22:00","12.1","","10.9","","93","","","M","3","","3","","","M","99.84","","","","","","NA"
"-81.11","44.74","WIARTON A","6119498","2019-09-28 23:00","2019","09","28","23:00","7.7","","7.4","","98","","","M","7","","8","","","M","99.85","","","","","","NA"
"-81.11","44.74","WIARTON A","6119498","2019-09-29 00:00","2019","09","29","00:00","10.2","","8.6","","89","","","M","5","","8","","","M","99.97","","","","","","NA"
"-81.11","44.74","WIARTON A","6119498","2019-09-29 01:00","2019","09","29","01:00","10.3","","7.4","","82","","","M","5","","12","","","M","100.07","","","","","","NA"
"-81.11","44.74","WIARTON A","6119498","2019-09-29 02:00","2019","09","29","02:00","10.5","","7.8","","84","","","M","6","","16","","","M","100.07","","","","","","NA"
"-81.11","44.74","WIARTON A","6119498","2019-09-29 03:00","2019","09","29","03:00","9.0","","7.2","","88","","","M","7","","12","","","M","100.09","","","","","","NA"
"-81.11","44.74","WIARTON A","6119498","2019-09-29 04:00","2019","09","29","04:00","8.9","","6.5","","85","","","M","9","","11","","","M","100.12","","","","","","NA"
"-81.11","44.74","WIARTON A","6119498","2019-09-29 05:00","2019","09","29","05:00","8.4","","5.8","","83","","","M","8","","11","","","M","100.17","","","","","","NA"
"-81.11","44.74","WIARTON A","6119498","2019-09-29 06:00","2019","09","29","06:00","8.2","","5.9","","85","","","M","7","","10","","","M","100.25","","","","","","NA"
"-81.11","44.74","WIARTON A","6119498","2019-09-29 07:00","2019","09","29","07:00","8.8","","5.2","","78","","","M","8","","13","","","M","100.32","","","","","","NA"
"-81.11","44.74","WIARTON A","6119498","2019-09-29 08:00","2019","09","29","08:00","10.8","","4.8","","66","","","M","9","","21","","","M","100.33","","","","","","NA"
"-81.11","44.74","WIARTON A","6119498","2019-09-29 09:00","2019","09","29","09:00","12.6","","4.6","","58","","","M","9","","24","","","M","100.38","","","","","","NA"
"-81.11","44.74","WIARTON A","6119498","2019-09-29 10:00","2019","09","29","10:00","12.4","","5.2","","61","","","M","10","","17","","","M","100.38","","","","","","NA"
"-81.11","44.74","WIARTON A","6119498","2019-09-29 11:00","2019","09","29","11:00","13.0","","4.2","","55","","","M","8","","29","","","M","100.34","","","","","","NA"
"-81.11","44.74","WIARTON A","6119498","2019-09-29 12:00","2019","09","29","12:00","13.2","","5.5","","59","","","M","10","","29","","","M","100.32","","","","","","NA"
"-81.11","44.74","WIARTON A","6119498","2019-09-29 13:00","2019","09","29","13:00","14.7","","6.6","","58","","","M","13","","16","","","M","100.31","","","","","","NA"
"-81.11","44.74","WIARTON A","6119498","2019-09-29 14:00","2019","09","29","14:00","12.9","","5.9","","62","","","M","9","","17","","","M","100.22","","","","","","NA"
"-81.11","44.74","WIARTON A","6119498","2019-09-29 15:00","2019","09","29","15:00","12.8","","6.3","","64","","","M","8","","14","","","M","100.20","","","","","","NA"
"-81.11","44.74","WIARTON A","6119498","2019-09-29 16:00","2019","09","29","16:00","12.7","","7.2","","69","","","M","8","","10","","","M","100.15","","","","","","NA"
"-81.11","44.74","WIARTON A","6119498","2019-09-29 17:00","2019","09","29","17:00","12.3","","7.3","","71","","","M","9","","11","","","M","100.12","","","","","","NA"
"-81.11","44.74","WIARTON A","6119498","2019-09-29 18:00","2019","09","29","18:00","11.4","","7.2","","75","","","M","7","","12","","","M","100.06","","","","","","NA"
"-81.11","44.74","WIARTON A","6119498","2019-09-29 19:00","2019","09","29","19:00","11.3","","7.0","","75","","","M","8","","10","","","M","100.01","","","","","","NA"
"-81.11","44.74","WIARTON A","6119498","2019-09-29 20:00","2019","09","29","20:00","12.1","","7.3","","72","","","M","9","","14","","","M","100.02","","","","","","NA"
"-81.11","44.74","WIARTON A","6119498","2019-09-29 21:00","2019","09","29","21:00","12.6","","7.0","","69","","","M","8","","14","","","M","100.03","","","","","","NA"
"-81.11","44.74","WIARTON A","6119498","2019-09-29 22:00","2019","09","29","22:00","12.0","","7.2","","72","","","M","8","","13","","","M","100.01","","","","","","NA"
"-81.11","44.74","WIARTON A","6119498","2019-09-29 23:00","2019","09","29","23:00","12.2","","7.2","","71","","","M","9","","9","","","M","99.98","","","","","","NA"
"-81.11","44.74","WIARTON A","6119498","2019-09-30 00:00","2019","09","30","00:00","12.4","","7.2","","70","","","M","10","","14","","","M","99.94","","","","","","NA"
"-81.11","44.74","WIARTON A","6119498","2019-09-30 01:00","2019","09","30","01:00","12.2","","7.5","","73","","","M","8","","10","","","M","99.94","","","","","","NA"
"-81.11","44.74","WIARTON A","6119498","2019-09-30 02:00","2019","09","30","02:00","12.2","","6.2","","67","","","M","10","","9","","","M","99.87","","","","","","NA"
"-81.11","44.74","WIARTON A","6119498","2019-09-30 03:00","2019","09","30","03:00","12.2","","5.2","","62","","","M","9","","12","","","M","99.78","","","","","","NA"
"-81.11","44.74","WIARTON A","6119498","2019-09-30 04:00","2019","09","30","04:00","11.9","","6.4","","69","","","M","9","","6","","","M","99.77","","","","","","NA"
"-81.11","44.74","WIARTON A","6119498","2019-09-30 05:00","2019","09","30","05:00","11.6","","7.5","","75","","","M","7","","9","","","M","99.78","","","","","","NA"
"-81.11","44.74","WIARTON A","6119498","2019-09-30 06:00","2019","09","30","06:00","11.9","","8.0","","77","","","M","11","","10","","","M","99.75","","","","","","NA"
"-81.11","44.74","WIARTON A","6119498","2019-09-30 07:00","2019","09","30","07:00","11.9","","7.9","","77","","","M","13","","22","","","M","99.68","","","","","","NA"
"-81.11","44.74","WIARTON A","6119498","2019-09-30 08:00","2019","09","30","08:00","12.2","","8.0","","75","","","M","13","","19","","","M","99.67","","","","","","NA"
"-81.11","44.74","WIARTON A","6119498","2019-09-30 09:00","2019","09","30","09:00","13.0","","8.5","","74","","","M","14","","13","","","M","99.67","","","","","","NA"
"-81.11","44.74","WIARTON A","6119498","2019-09-30 10:00","2019","09","30","10:00","14.0","","9.2","","73","","","M","15","","19","","","M","99.61","","","","","","NA"
"-81.11","44.74","WIARTON A","6119498","2019-09-30 11:00","2019","09","30","11:00","15.7","","10.8","","72","","","M","13","","16","","","M","99.51","","","","","","NA"
"-81.11","44.74","WIARTON A","6119498","2019-09-30 12:00","2019","09","30","12:00","16.1","","11.2","","72","","","M","16","","10","","","M","99.43","","","","","","NA"
"-81.11","44.74","WIARTON A","6119498","2019-09-30 13:00","2019","09","30","13:00","17.2","","12.8","","75","","","M","1","","11","","","M","99.33","","","","","","NA"
"-81.11","44.74","WIARTON A","6119498","2019-09-30 14:00","2019","09","30","14:00","17.5","","13.6","","78","","","M","4","","9","","","M","99.22","","","","","","NA"
"-81.11","44.74","WIARTON A","6119498","2019-09-30 15:00","2019","09","30","15:00","17.7","","13.0","","74","","","M","36","","10","","","M","99.09","","","","","","NA"
"-81.11","44.74","WIARTON A","6119498","2019-09-30 16:00","2019","09","30","16:00","19.2","","14.7","","75","","","M","33","","3","","","M","98.96","","","","","","NA"
"-81.11","44.74","WIARTON A","6119498","2019-09-30 17:00","2019","09","30","17:00","17.7","","15.2","","85","","","M","31","","4","","","M","99.01","","","","","","NA"
"-81.11","44.74","WIARTON A","6119498","2019-09-30 18:00","2019","09","30","18:00","16.6","","15.3","","92","","","M","30","","6","","","M","99.11","","","","","","NA"
"-81.11","44.74","WIARTON A","6119498","2019-09-30 19:00","2019","09","30","19:00","18.3","","16.4","","89","","","M","16","","17","","","M","98.87","","","","","","NA"
"-81.11","44.74","WIARTON A","6119498","2019-09-30 20:00","2019","09","30","20:00","17.8","","15.8","","88","","","M","17","","23","","","M","98.75","","","","","","NA"
"-81.11","44.74","WIARTON A","6119498","2019-09-30 21:00","2019","09","30","21:00","17.7","","15.6","","88","","","M","19","","14","","","M","98.80","","","","","","NA"
"-81.11","44.74","WIARTON A","6119498","2019-09-30 22:00","2019","09","30","22:00","17.8","","15.8","","88","","","M","19","","18","","","M","98.75","","","","","","NA"
"-81.11","44.74","WIARTON A","6119498","2019-09-30 23:00","2019","09","30","23:00","18.2","","16.3","","89","","","M","17","","17","","","M","98.71","","","","","","NA"
