"Longitude (x)","Latitude (y)","Station Name","Climate ID","Date/Time (LST)","Year","Month","Day","Time (LST)","Temp (°C)","Temp Flag","Dew Point Temp (°C)","Dew Point Temp Flag","Rel Hum (%)","Rel Hum Flag","Precip. Amount (mm)","Precip. Amount Flag","Wind Dir (10s deg)","Wind Dir Flag","Wind Spd (km/h)","Wind Spd Flag","Visibility (km)","Visibility Flag","Stn Press (kPa)","Stn Press Flag","Hmdx","Hmdx Flag","Wind Chill","Wind Chill Flag","Weather"
"-113.59","51.94","WIMBORNE AGCM","3027582","2021-04-01 00:00","2021","04","01","00:00","0.6","","-7.2","","56","","0.0","","","M","","M","","","","M","","","","","NA"
"-113.59","51.94","WIMBORNE AGCM","3027582","2021-04-01 01:00","2021","04","01","01:00","2.8","","-8.0","","45","","0.0","","","M","","M","","","","M","","","","","NA"
"-113.59","51.94","WIMBORNE AGCM","3027582","2021-04-01 02:00","2021","04","01","02:00","3.6","","-7.6","","44","","0.0","","","M","","M","","","","M","","","","","NA"
"-113.59","51.94","WIMBORNE AGCM","3027582","2021-04-01 03:00","2021","04","01","03:00","4.9","","-7.9","","39","","0.0","","","M","","M","","","","M","","","","","NA"
"-113.59","51.94","WIMBORNE AGCM","3027582","2021-04-01 04:00","2021","04","01","04:00","5.0","","-8.2","","38","","0.0","","","M","","M","","","","M","","","","","NA"
"-113.59","51.94","WIMBORNE AGCM","3027582","2021-04-01 05:00","2021","04","01","05:00","4.9","","-8.8","","36","","0.0","","","M","","M","","","","M","","","","","NA"
"-113.59","51.94","WIMBORNE AGCM","3027582","2021-04-01 06:00","2021","04","01","06:00","4.2","","-8.9","","38","","0.0","","","M","","M","","","","M","","","","","NA"
"-113.59","51.94","WIMBORNE AGCM","3027582","2021-04-01 07:00","2021","04","01","07:00","5.3","","-9.9","","32","","0.0","","","M","","M","","","","M","","","","","NA"
"-113.59","51.94","WIMBORNE AGCM","3027582","2021-04-01 08:00","2021","04","01","08:00","7.1","","-9.5","","30","","0.0","","","M","","M","","","","M","","","","","NA"
"-113.59","51.94","WIMBORNE AGCM","3027582","2021-04-01 09:00","2021","04","01","09:00","10.3","","-8.5","","26","","0.0","","","M","","M","","","","M","","","","","NA"
"-113.59","51.94","WIMBORNE AGCM","3027582","2021-04-01 10:00","2021","04","01","10:00","13.1","","-9.5","","20","","0.0","","","M","","M","","","","M","","","","","NA"
"-113.59","51.94","WIMBORNE AGCM","3027582","2021-04-01 11:00","2021","04","01","11:00","15.0","","-10.8","","16","","0.0","","","M","","M","","","","M","","","","","NA"
"-113.59","51.94","WIMBORNE AGCM","3027582","2021-04-01 12:00","2021","04","01","12:00","17.0","","-13.7","","11","","0.0","","","M","","M","","","","M","","","","","NA"
"-113.59","51.94","WIMBORNE AGCM","3027582","2021-04-01 13:00","2021","04","01","13:00","16.4","","-12.9","","12","","0.0","","","M","","M","","","","M","","","","","NA"
"-113.59","51.94","WIMBORNE AGCM","3027582","2021-04-01 14:00","2021","04","01","14:00","16.1","","-11.9","","14","","0.0","","","M","","M","","","","M","","","","","NA"
"-113.59","51.94","WIMBORNE AGCM","3027582","2021-04-01 15:00","2021","04","01","15:00","15.9","","-10.3","","15","","0.0","","","M","","M","","","","M","","","","","NA"
"-113.59","51.94","WIMBORNE AGCM","3027582","2021-04-01 16:00","2021","04","01","16:00","15.2","","-10.3","","16","","0.0","","","M","","M","","","","M","","","","","NA"
"-113.59","51.94","WIMBORNE AGCM","3027582","2021-04-01 17:00","2021","04","01","17:00","13.6","","-9.9","","18","","0.0","","","M","","M","","","","M","","","","","NA"
"-113.59","51.94","WIMBORNE AGCM","3027582","2021-04-01 18:00","2021","04","01","18:00","12.1","","-9.1","","22","","0.0","","","M","","M","","","","M","","","","","NA"
"-113.59","51.94","WIMBORNE AGCM","3027582","2021-04-01 19:00","2021","04","01","19:00","6.2","","-8.2","","35","","0.0","","","M","","M","","","","M","","","","","NA"
"-113.59","51.94","WIMBORNE AGCM","3027582","2021-04-01 20:00","2021","04","01","20:00","7.4","","-8.6","","31","","0.0","","","M","","M","","","","M","","","","","NA"
"-113.59","51.94","WIMBORNE AGCM","3027582","2021-04-01 21:00","2021","04","01","21:00","6.0","","-8.5","","34","","0.0","","","M","","M","","","","M","","","","","NA"
"-113.59","51.94","WIMBORNE AGCM","3027582","2021-04-01 22:00","2021","04","01","22:00","5.3","","-8.6","","36","","0.0","","","M","","M","","","","M","","","","","NA"
"-113.59","51.94","WIMBORNE AGCM","3027582","2021-04-01 23:00","2021","04","01","23:00","4.1","","-8.1","","40","","0.0","","","M","","M","","","","M","","","","","NA"
"-113.59","51.94","WIMBORNE AGCM","3027582","2021-04-02 00:00","2021","04","02","00:00","0.4","","-5.9","","63","","0.0","","","M","","M","","","","M","","","","","NA"
"-113.59","51.94","WIMBORNE AGCM","3027582","2021-04-02 01:00","2021","04","02","01:00","-1.6","","-5.2","","76","","0.0","","","M","","M","","","","M","","","","","NA"
"-113.59","51.94","WIMBORNE AGCM","3027582","2021-04-02 02:00","2021","04","02","02:00","-2.1","","-5.8","","76","","0.0","","","M","","M","","","","M","","","","","NA"
"-113.59","51.94","WIMBORNE AGCM","3027582","2021-04-02 03:00","2021","04","02","03:00","-2.5","","-5.9","","77","","0.0","","","M","","M","","","","M","","","","","NA"
"-113.59","51.94","WIMBORNE AGCM","3027582","2021-04-02 04:00","2021","04","02","04:00","-2.6","","-6.0","","77","","0.0","","","M","","M","","","","M","","","","","NA"
"-113.59","51.94","WIMBORNE AGCM","3027582","2021-04-02 05:00","2021","04","02","05:00","-3.8","","-6.8","","79","","0.0","","","M","","M","","","","M","","","","","NA"
"-113.59","51.94","WIMBORNE AGCM","3027582","2021-04-02 06:00","2021","04","02","06:00","-5.4","","-8.0","","82","","0.0","","","M","","M","","","","M","","","","","NA"
"-113.59","51.94","WIMBORNE AGCM","3027582","2021-04-02 07:00","2021","04","02","07:00","-0.7","","-5.3","","71","","0.0","","","M","","M","","","","M","","","","","NA"
"-113.59","51.94","WIMBORNE AGCM","3027582","2021-04-02 08:00","2021","04","02","08:00","0.8","","-8.9","","48","","0.0","","","M","","M","","","","M","","","","","NA"
"-113.59","51.94","WIMBORNE AGCM","3027582","2021-04-02 09:00","2021","04","02","09:00","1.9","","-10.0","","41","","0.0","","","M","","M","","","","M","","","","","NA"
"-113.59","51.94","WIMBORNE AGCM","3027582","2021-04-02 10:00","2021","04","02","10:00","4.0","","-11.8","","31","","0.0","","","M","","M","","","","M","","","","","NA"
"-113.59","51.94","WIMBORNE AGCM","3027582","2021-04-02 11:00","2021","04","02","11:00","5.0","","-10.6","","31","","0.0","","","M","","M","","","","M","","","","","NA"
"-113.59","51.94","WIMBORNE AGCM","3027582","2021-04-02 12:00","2021","04","02","12:00","6.3","","-12.8","","24","","0.0","","","M","","M","","","","M","","","","","NA"
"-113.59","51.94","WIMBORNE AGCM","3027582","2021-04-02 13:00","2021","04","02","13:00","7.3","","-12.2","","23","","0.0","","","M","","M","","","","M","","","","","NA"
"-113.59","51.94","WIMBORNE AGCM","3027582","2021-04-02 14:00","2021","04","02","14:00","8.9","","-11.3","","23","","0.0","","","M","","M","","","","M","","","","","NA"
"-113.59","51.94","WIMBORNE AGCM","3027582","2021-04-02 15:00","2021","04","02","15:00","9.8","","-10.8","","22","","0.0","","","M","","M","","","","M","","","","","NA"
"-113.59","51.94","WIMBORNE AGCM","3027582","2021-04-02 16:00","2021","04","02","16:00","10.2","","-10.2","","23","","0.0","","","M","","M","","","","M","","","","","NA"
"-113.59","51.94","WIMBORNE AGCM","3027582","2021-04-02 17:00","2021","04","02","17:00","9.7","","-10.1","","24","","0.0","","","M","","M","","","","M","","","","","NA"
"-113.59","51.94","WIMBORNE AGCM","3027582","2021-04-02 18:00","2021","04","02","18:00","9.1","","-8.0","","29","","0.0","","","M","","M","","","","M","","","","","NA"
"-113.59","51.94","WIMBORNE AGCM","3027582","2021-04-02 19:00","2021","04","02","19:00","6.6","","-7.6","","35","","0.0","","","M","","M","","","","M","","","","","NA"
"-113.59","51.94","WIMBORNE AGCM","3027582","2021-04-02 20:00","2021","04","02","20:00","5.3","","-8.2","","37","","0.0","","","M","","M","","","","M","","","","","NA"
"-113.59","51.94","WIMBORNE AGCM","3027582","2021-04-02 21:00","2021","04","02","21:00","3.2","","-8.2","","43","","0.0","","","M","","M","","","","M","","","","","NA"
"-113.59","51.94","WIMBORNE AGCM","3027582","2021-04-02 22:00","2021","04","02","22:00","0.1","","-8.9","","51","","0.0","","","M","","M","","","","M","","","","","NA"
"-113.59","51.94","WIMBORNE AGCM","3027582","2021-04-02 23:00","2021","04","02","23:00","-0.3","","-8.8","","53","","0.0","","","M","","M","","","","M","","","","","NA"
"-113.59","51.94","WIMBORNE AGCM","3027582","2021-04-03 00:00","2021","04","03","00:00","-1.3","","-8.7","","57","","0.0","","","M","","M","","","","M","","","","","NA"
"-113.59","51.94","WIMBORNE AGCM","3027582","2021-04-03 01:00","2021","04","03","01:00","-3.7","","-8.9","","67","","0.0","","","M","","M","","","","M","","","","","NA"
"-113.59","51.94","WIMBORNE AGCM","3027582","2021-04-03 02:00","2021","04","03","02:00","-2.0","","-8.3","","62","","0.0","","","M","","M","","","","M","","","","","NA"
"-113.59","51.94","WIMBORNE AGCM","3027582","2021-04-03 03:00","2021","04","03","03:00","-1.6","","-7.8","","63","","0.0","","","M","","M","","","","M","","","","","NA"
"-113.59","51.94","WIMBORNE AGCM","3027582","2021-04-03 04:00","2021","04","03","04:00","-2.2","","-7.7","","66","","0.0","","","M","","M","","","","M","","","","","NA"
"-113.59","51.94","WIMBORNE AGCM","3027582","2021-04-03 05:00","2021","04","03","05:00","-2.8","","-7.4","","71","","0.0","","","M","","M","","","","M","","","","","NA"
"-113.59","51.94","WIMBORNE AGCM","3027582","2021-04-03 06:00","2021","04","03","06:00","-3.0","","-8.2","","67","","0.0","","","M","","M","","","","M","","","","","NA"
"-113.59","51.94","WIMBORNE AGCM","3027582","2021-04-03 07:00","2021","04","03","07:00","-2.9","","-7.4","","71","","0.0","","","M","","M","","","","M","","","","","NA"
"-113.59","51.94","WIMBORNE AGCM","3027582","2021-04-03 08:00","2021","04","03","08:00","-0.2","","-6.9","","60","","0.0","","","M","","M","","","","M","","","","","NA"
"-113.59","51.94","WIMBORNE AGCM","3027582","2021-04-03 09:00","2021","04","03","09:00","2.2","","-7.3","","50","","0.0","","","M","","M","","","","M","","","","","NA"
"-113.59","51.94","WIMBORNE AGCM","3027582","2021-04-03 10:00","2021","04","03","10:00","3.7","","-7.5","","44","","0.0","","","M","","M","","","","M","","","","","NA"
"-113.59","51.94","WIMBORNE AGCM","3027582","2021-04-03 11:00","2021","04","03","11:00","6.4","","-7.2","","37","","0.0","","","M","","M","","","","M","","","","","NA"
"-113.59","51.94","WIMBORNE AGCM","3027582","2021-04-03 12:00","2021","04","03","12:00","8.3","","-7.7","","31","","0.0","","","M","","M","","","","M","","","","","NA"
"-113.59","51.94","WIMBORNE AGCM","3027582","2021-04-03 13:00","2021","04","03","13:00","10.2","","-7.9","","27","","0.0","","","M","","M","","","","M","","","","","NA"
"-113.59","51.94","WIMBORNE AGCM","3027582","2021-04-03 14:00","2021","04","03","14:00","12.0","","-8.0","","24","","0.0","","","M","","M","","","","M","","","","","NA"
"-113.59","51.94","WIMBORNE AGCM","3027582","2021-04-03 15:00","2021","04","03","15:00","12.2","","-7.9","","24","","0.0","","","M","","M","","","","M","","","","","NA"
"-113.59","51.94","WIMBORNE AGCM","3027582","2021-04-03 16:00","2021","04","03","16:00","13.0","","-7.9","","23","","0.0","","","M","","M","","","","M","","","","","NA"
"-113.59","51.94","WIMBORNE AGCM","3027582","2021-04-03 17:00","2021","04","03","17:00","12.5","","-8.1","","23","","0.0","","","M","","M","","","","M","","","","","NA"
"-113.59","51.94","WIMBORNE AGCM","3027582","2021-04-03 18:00","2021","04","03","18:00","11.7","","-7.9","","25","","0.0","","","M","","M","","","","M","","","","","NA"
"-113.59","51.94","WIMBORNE AGCM","3027582","2021-04-03 19:00","2021","04","03","19:00","7.2","","-7.2","","35","","0.0","","","M","","M","","","","M","","","","","NA"
"-113.59","51.94","WIMBORNE AGCM","3027582","2021-04-03 20:00","2021","04","03","20:00","4.2","","-6.9","","44","","0.0","","","M","","M","","","","M","","","","","NA"
"-113.59","51.94","WIMBORNE AGCM","3027582","2021-04-03 21:00","2021","04","03","21:00","3.9","","-6.3","","47","","0.0","","","M","","M","","","","M","","","","","NA"
"-113.59","51.94","WIMBORNE AGCM","3027582","2021-04-03 22:00","2021","04","03","22:00","3.6","","-6.0","","50","","0.0","","","M","","M","","","","M","","","","","NA"
"-113.59","51.94","WIMBORNE AGCM","3027582","2021-04-03 23:00","2021","04","03","23:00","2.4","","-6.4","","52","","0.0","","","M","","M","","","","M","","","","","NA"
"-113.59","51.94","WIMBORNE AGCM","3027582","2021-04-04 00:00","2021","04","04","00:00","-1.8","","-7.3","","66","","0.0","","","M","","M","","","","M","","","","","NA"
"-113.59","51.94","WIMBORNE AGCM","3027582","2021-04-04 01:00","2021","04","04","01:00","-1.9","","-6.5","","71","","0.0","","","M","","M","","","","M","","","","","NA"
"-113.59","51.94","WIMBORNE AGCM","3027582","2021-04-04 02:00","2021","04","04","02:00","-1.3","","-5.7","","72","","0.0","","","M","","M","","","","M","","","","","NA"
"-113.59","51.94","WIMBORNE AGCM","3027582","2021-04-04 03:00","2021","04","04","03:00","1.3","","-6.3","","57","","0.0","","","M","","M","","","","M","","","","","NA"
"-113.59","51.94","WIMBORNE AGCM","3027582","2021-04-04 04:00","2021","04","04","04:00","3.9","","-7.5","","43","","0.0","","","M","","M","","","","M","","","","","NA"
"-113.59","51.94","WIMBORNE AGCM","3027582","2021-04-04 05:00","2021","04","04","05:00","-1.1","","-7.4","","62","","0.0","","","M","","M","","","","M","","","","","NA"
"-113.59","51.94","WIMBORNE AGCM","3027582","2021-04-04 06:00","2021","04","04","06:00","3.3","","-5.3","","53","","0.0","","","M","","M","","","","M","","","","","NA"
"-113.59","51.94","WIMBORNE AGCM","3027582","2021-04-04 07:00","2021","04","04","07:00","3.1","","-3.7","","61","","0.0","","","M","","M","","","","M","","","","","NA"
"-113.59","51.94","WIMBORNE AGCM","3027582","2021-04-04 08:00","2021","04","04","08:00","2.9","","-3.2","","64","","0.0","","","M","","M","","","","M","","","","","NA"
"-113.59","51.94","WIMBORNE AGCM","3027582","2021-04-04 09:00","2021","04","04","09:00","5.1","","-2.1","","60","","0.0","","","M","","M","","","","M","","","","","NA"
"-113.59","51.94","WIMBORNE AGCM","3027582","2021-04-04 10:00","2021","04","04","10:00","5.8","","-1.9","","58","","0.0","","","M","","M","","","","M","","","","","NA"
"-113.59","51.94","WIMBORNE AGCM","3027582","2021-04-04 11:00","2021","04","04","11:00","6.2","","-2.2","","55","","0.0","","","M","","M","","","","M","","","","","NA"
"-113.59","51.94","WIMBORNE AGCM","3027582","2021-04-04 12:00","2021","04","04","12:00","8.3","","-3.6","","43","","0.0","","","M","","M","","","","M","","","","","NA"
"-113.59","51.94","WIMBORNE AGCM","3027582","2021-04-04 13:00","2021","04","04","13:00","9.2","","-5.6","","35","","0.0","","","M","","M","","","","M","","","","","NA"
"-113.59","51.94","WIMBORNE AGCM","3027582","2021-04-04 14:00","2021","04","04","14:00","9.9","","-7.4","","29","","0.0","","","M","","M","","","","M","","","","","NA"
"-113.59","51.94","WIMBORNE AGCM","3027582","2021-04-04 15:00","2021","04","04","15:00","7.8","","-7.8","","32","","0.0","","","M","","M","","","","M","","","","","NA"
"-113.59","51.94","WIMBORNE AGCM","3027582","2021-04-04 16:00","2021","04","04","16:00","8.3","","-7.8","","31","","0.0","","","M","","M","","","","M","","","","","NA"
"-113.59","51.94","WIMBORNE AGCM","3027582","2021-04-04 17:00","2021","04","04","17:00","7.2","","-8.4","","32","","0.0","","","M","","M","","","","M","","","","","NA"
"-113.59","51.94","WIMBORNE AGCM","3027582","2021-04-04 18:00","2021","04","04","18:00","6.4","","-6.9","","38","","0.0","","","M","","M","","","","M","","","","","NA"
"-113.59","51.94","WIMBORNE AGCM","3027582","2021-04-04 19:00","2021","04","04","19:00","5.2","","-7.2","","40","","0.0","","","M","","M","","","","M","","","","","NA"
"-113.59","51.94","WIMBORNE AGCM","3027582","2021-04-04 20:00","2021","04","04","20:00","0.6","","-6.0","","61","","0.0","","","M","","M","","","","M","","","","","NA"
"-113.59","51.94","WIMBORNE AGCM","3027582","2021-04-04 21:00","2021","04","04","21:00","0.1","","-5.3","","67","","0.0","","","M","","M","","","","M","","","","","NA"
"-113.59","51.94","WIMBORNE AGCM","3027582","2021-04-04 22:00","2021","04","04","22:00","0.2","","-5.4","","66","","0.0","","","M","","M","","","","M","","","","","NA"
"-113.59","51.94","WIMBORNE AGCM","3027582","2021-04-04 23:00","2021","04","04","23:00","-0.6","","-5.3","","70","","0.0","","","M","","M","","","","M","","","","","NA"
"-113.59","51.94","WIMBORNE AGCM","3027582","2021-04-05 00:00","2021","04","05","00:00","-0.7","","-4.7","","74","","0.0","","","M","","M","","","","M","","","","","NA"
"-113.59","51.94","WIMBORNE AGCM","3027582","2021-04-05 01:00","2021","04","05","01:00","-1.1","","-4.5","","78","","0.0","","","M","","M","","","","M","","","","","NA"
"-113.59","51.94","WIMBORNE AGCM","3027582","2021-04-05 02:00","2021","04","05","02:00","-1.7","","-5.3","","76","","0.0","","","M","","M","","","","M","","","","","NA"
"-113.59","51.94","WIMBORNE AGCM","3027582","2021-04-05 03:00","2021","04","05","03:00","-3.5","","-6.4","","81","","0.0","","","M","","M","","","","M","","","","","NA"
"-113.59","51.94","WIMBORNE AGCM","3027582","2021-04-05 04:00","2021","04","05","04:00","-4.9","","-7.4","","82","","0.0","","","M","","M","","","","M","","","","","NA"
"-113.59","51.94","WIMBORNE AGCM","3027582","2021-04-05 05:00","2021","04","05","05:00","-4.4","","-7.6","","78","","0.0","","","M","","M","","","","M","","","","","NA"
"-113.59","51.94","WIMBORNE AGCM","3027582","2021-04-05 06:00","2021","04","05","06:00","-4.6","","-7.9","","78","","0.0","","","M","","M","","","","M","","","","","NA"
"-113.59","51.94","WIMBORNE AGCM","3027582","2021-04-05 07:00","2021","04","05","07:00","-2.8","","-6.1","","78","","0.0","","","M","","M","","","","M","","","","","NA"
"-113.59","51.94","WIMBORNE AGCM","3027582","2021-04-05 08:00","2021","04","05","08:00","1.0","","-4.4","","67","","0.0","","","M","","M","","","","M","","","","","NA"
"-113.59","51.94","WIMBORNE AGCM","3027582","2021-04-05 09:00","2021","04","05","09:00","3.8","","-5.2","","52","","0.0","","","M","","M","","","","M","","","","","NA"
"-113.59","51.94","WIMBORNE AGCM","3027582","2021-04-05 10:00","2021","04","05","10:00","5.8","","-6.7","","40","","0.0","","","M","","M","","","","M","","","","","NA"
"-113.59","51.94","WIMBORNE AGCM","3027582","2021-04-05 11:00","2021","04","05","11:00","8.0","","-8.5","","30","","0.0","","","M","","M","","","","M","","","","","NA"
"-113.59","51.94","WIMBORNE AGCM","3027582","2021-04-05 12:00","2021","04","05","12:00","9.5","","-7.9","","28","","0.0","","","M","","M","","","","M","","","","","NA"
"-113.59","51.94","WIMBORNE AGCM","3027582","2021-04-05 13:00","2021","04","05","13:00","10.2","","-10.7","","22","","0.0","","","M","","M","","","","M","","","","","NA"
"-113.59","51.94","WIMBORNE AGCM","3027582","2021-04-05 14:00","2021","04","05","14:00","11.1","","-12.9","","17","","0.0","","","M","","M","","","","M","","","","","NA"
"-113.59","51.94","WIMBORNE AGCM","3027582","2021-04-05 15:00","2021","04","05","15:00","11.3","","-12.8","","17","","0.0","","","M","","M","","","","M","","","","","NA"
"-113.59","51.94","WIMBORNE AGCM","3027582","2021-04-05 16:00","2021","04","05","16:00","11.5","","-11.9","","18","","0.0","","","M","","M","","","","M","","","","","NA"
"-113.59","51.94","WIMBORNE AGCM","3027582","2021-04-05 17:00","2021","04","05","17:00","12.2","","-10.8","","19","","0.0","","","M","","M","","","","M","","","","","NA"
"-113.59","51.94","WIMBORNE AGCM","3027582","2021-04-05 18:00","2021","04","05","18:00","12.0","","-10.5","","20","","0.0","","","M","","M","","","","M","","","","","NA"
"-113.59","51.94","WIMBORNE AGCM","3027582","2021-04-05 19:00","2021","04","05","19:00","7.5","","-10.0","","28","","0.0","","","M","","M","","","","M","","","","","NA"
"-113.59","51.94","WIMBORNE AGCM","3027582","2021-04-05 20:00","2021","04","05","20:00","0.8","","-9.4","","47","","0.0","","","M","","M","","","","M","","","","","NA"
"-113.59","51.94","WIMBORNE AGCM","3027582","2021-04-05 21:00","2021","04","05","21:00","-0.8","","-9.8","","51","","0.0","","","M","","M","","","","M","","","","","NA"
"-113.59","51.94","WIMBORNE AGCM","3027582","2021-04-05 22:00","2021","04","05","22:00","3.1","","-10.4","","36","","0.0","","","M","","M","","","","M","","","","","NA"
"-113.59","51.94","WIMBORNE AGCM","3027582","2021-04-05 23:00","2021","04","05","23:00","3.8","","-10.3","","35","","0.0","","","M","","M","","","","M","","","","","NA"
"-113.59","51.94","WIMBORNE AGCM","3027582","2021-04-06 00:00","2021","04","06","00:00","-0.5","","-9.0","","53","","0.0","","","M","","M","","","","M","","","","","NA"
"-113.59","51.94","WIMBORNE AGCM","3027582","2021-04-06 01:00","2021","04","06","01:00","3.2","","-8.7","","41","","0.0","","","M","","M","","","","M","","","","","NA"
"-113.59","51.94","WIMBORNE AGCM","3027582","2021-04-06 02:00","2021","04","06","02:00","3.5","","-8.9","","40","","0.0","","","M","","M","","","","M","","","","","NA"
"-113.59","51.94","WIMBORNE AGCM","3027582","2021-04-06 03:00","2021","04","06","03:00","3.0","","-8.6","","42","","0.0","","","M","","M","","","","M","","","","","NA"
"-113.59","51.94","WIMBORNE AGCM","3027582","2021-04-06 04:00","2021","04","06","04:00","1.4","","-8.7","","47","","0.0","","","M","","M","","","","M","","","","","NA"
"-113.59","51.94","WIMBORNE AGCM","3027582","2021-04-06 05:00","2021","04","06","05:00","-0.2","","-8.2","","55","","0.0","","","M","","M","","","","M","","","","","NA"
"-113.59","51.94","WIMBORNE AGCM","3027582","2021-04-06 06:00","2021","04","06","06:00","0.3","","-8.1","","53","","0.0","","","M","","M","","","","M","","","","","NA"
"-113.59","51.94","WIMBORNE AGCM","3027582","2021-04-06 07:00","2021","04","06","07:00","2.3","","-6.7","","52","","0.0","","","M","","M","","","","M","","","","","NA"
"-113.59","51.94","WIMBORNE AGCM","3027582","2021-04-06 08:00","2021","04","06","08:00","3.7","","-6.6","","47","","0.0","","","M","","M","","","","M","","","","","NA"
"-113.59","51.94","WIMBORNE AGCM","3027582","2021-04-06 09:00","2021","04","06","09:00","6.7","","-6.8","","37","","0.0","","","M","","M","","","","M","","","","","NA"
"-113.59","51.94","WIMBORNE AGCM","3027582","2021-04-06 10:00","2021","04","06","10:00","8.7","","-7.0","","32","","0.0","","","M","","M","","","","M","","","","","NA"
"-113.59","51.94","WIMBORNE AGCM","3027582","2021-04-06 11:00","2021","04","06","11:00","10.2","","-6.5","","30","","0.0","","","M","","M","","","","M","","","","","NA"
"-113.59","51.94","WIMBORNE AGCM","3027582","2021-04-06 12:00","2021","04","06","12:00","11.5","","-6.9","","27","","0.0","","","M","","M","","","","M","","","","","NA"
"-113.59","51.94","WIMBORNE AGCM","3027582","2021-04-06 13:00","2021","04","06","13:00","12.3","","-7.2","","25","","0.0","","","M","","M","","","","M","","","","","NA"
"-113.59","51.94","WIMBORNE AGCM","3027582","2021-04-06 14:00","2021","04","06","14:00","12.4","","-8.1","","23","","0.0","","","M","","M","","","","M","","","","","NA"
"-113.59","51.94","WIMBORNE AGCM","3027582","2021-04-06 15:00","2021","04","06","15:00","12.4","","-8.5","","22","","0.0","","","M","","M","","","","M","","","","","NA"
"-113.59","51.94","WIMBORNE AGCM","3027582","2021-04-06 16:00","2021","04","06","16:00","13.5","","-9.4","","19","","0.0","","","M","","M","","","","M","","","","","NA"
"-113.59","51.94","WIMBORNE AGCM","3027582","2021-04-06 17:00","2021","04","06","17:00","13.5","","-9.5","","19","","0.0","","","M","","M","","","","M","","","","","NA"
"-113.59","51.94","WIMBORNE AGCM","3027582","2021-04-06 18:00","2021","04","06","18:00","12.7","","-8.6","","22","","0.0","","","M","","M","","","","M","","","","","NA"
"-113.59","51.94","WIMBORNE AGCM","3027582","2021-04-06 19:00","2021","04","06","19:00","9.2","","-8.0","","29","","0.0","","","M","","M","","","","M","","","","","NA"
"-113.59","51.94","WIMBORNE AGCM","3027582","2021-04-06 20:00","2021","04","06","20:00","7.5","","-8.5","","31","","0.0","","","M","","M","","","","M","","","","","NA"
"-113.59","51.94","WIMBORNE AGCM","3027582","2021-04-06 21:00","2021","04","06","21:00","5.3","","-9.4","","34","","0.0","","","M","","M","","","","M","","","","","NA"
"-113.59","51.94","WIMBORNE AGCM","3027582","2021-04-06 22:00","2021","04","06","22:00","7.4","","-9.5","","29","","0.0","","","M","","M","","","","M","","","","","NA"
"-113.59","51.94","WIMBORNE AGCM","3027582","2021-04-06 23:00","2021","04","06","23:00","5.6","","-9.5","","33","","0.0","","","M","","M","","","","M","","","","","NA"
"-113.59","51.94","WIMBORNE AGCM","3027582","2021-04-07 00:00","2021","04","07","00:00","5.3","","-10.2","","32","","0.0","","","M","","M","","","","M","","","","","NA"
"-113.59","51.94","WIMBORNE AGCM","3027582","2021-04-07 01:00","2021","04","07","01:00","4.3","","-10.3","","34","","0.0","","","M","","M","","","","M","","","","","NA"
"-113.59","51.94","WIMBORNE AGCM","3027582","2021-04-07 02:00","2021","04","07","02:00","-1.3","","-9.9","","52","","0.0","","","M","","M","","","","M","","","","","NA"
"-113.59","51.94","WIMBORNE AGCM","3027582","2021-04-07 03:00","2021","04","07","03:00","-3.3","","-9.3","","63","","0.0","","","M","","M","","","","M","","","","","NA"
"-113.59","51.94","WIMBORNE AGCM","3027582","2021-04-07 04:00","2021","04","07","04:00","-4.4","","-9.7","","67","","0.0","","","M","","M","","","","M","","","","","NA"
"-113.59","51.94","WIMBORNE AGCM","3027582","2021-04-07 05:00","2021","04","07","05:00","-0.3","","-9.1","","51","","0.0","","","M","","M","","","","M","","","","","NA"
"-113.59","51.94","WIMBORNE AGCM","3027582","2021-04-07 06:00","2021","04","07","06:00","-1.2","","-9.1","","55","","0.0","","","M","","M","","","","M","","","","","NA"
"-113.59","51.94","WIMBORNE AGCM","3027582","2021-04-07 07:00","2021","04","07","07:00","0.5","","-9.5","","47","","0.0","","","M","","M","","","","M","","","","","NA"
"-113.59","51.94","WIMBORNE AGCM","3027582","2021-04-07 08:00","2021","04","07","08:00","3.8","","-6.4","","47","","0.0","","","M","","M","","","","M","","","","","NA"
"-113.59","51.94","WIMBORNE AGCM","3027582","2021-04-07 09:00","2021","04","07","09:00","8.5","","-6.4","","34","","0.0","","","M","","M","","","","M","","","","","NA"
"-113.59","51.94","WIMBORNE AGCM","3027582","2021-04-07 10:00","2021","04","07","10:00","13.1","","-7.6","","23","","0.0","","","M","","M","","","","M","","","","","NA"
"-113.59","51.94","WIMBORNE AGCM","3027582","2021-04-07 11:00","2021","04","07","11:00","15.2","","-8.4","","19","","0.0","","","M","","M","","","","M","","","","","NA"
"-113.59","51.94","WIMBORNE AGCM","3027582","2021-04-07 12:00","2021","04","07","12:00","15.7","","-9.3","","17","","0.0","","","M","","M","","","","M","","","","","NA"
"-113.59","51.94","WIMBORNE AGCM","3027582","2021-04-07 13:00","2021","04","07","13:00","16.3","","-9.1","","17","","0.0","","","M","","M","","","","M","","","","","NA"
"-113.59","51.94","WIMBORNE AGCM","3027582","2021-04-07 14:00","2021","04","07","14:00","16.5","","-9.3","","16","","0.0","","","M","","M","","","","M","","","","","NA"
"-113.59","51.94","WIMBORNE AGCM","3027582","2021-04-07 15:00","2021","04","07","15:00","14.5","","-9.0","","19","","0.0","","","M","","M","","","","M","","","","","NA"
"-113.59","51.94","WIMBORNE AGCM","3027582","2021-04-07 16:00","2021","04","07","16:00","14.4","","-8.8","","19","","0.0","","","M","","M","","","","M","","","","","NA"
"-113.59","51.94","WIMBORNE AGCM","3027582","2021-04-07 17:00","2021","04","07","17:00","13.9","","-10.6","","17","","0.0","","","M","","M","","","","M","","","","","NA"
"-113.59","51.94","WIMBORNE AGCM","3027582","2021-04-07 18:00","2021","04","07","18:00","11.8","","-10.5","","20","","0.0","","","M","","M","","","","M","","","","","NA"
"-113.59","51.94","WIMBORNE AGCM","3027582","2021-04-07 19:00","2021","04","07","19:00","9.0","","-6.3","","33","","0.0","","","M","","M","","","","M","","","","","NA"
"-113.59","51.94","WIMBORNE AGCM","3027582","2021-04-07 20:00","2021","04","07","20:00","5.3","","-6.2","","43","","0.0","","","M","","M","","","","M","","","","","NA"
"-113.59","51.94","WIMBORNE AGCM","3027582","2021-04-07 21:00","2021","04","07","21:00","4.7","","-5.5","","48","","0.0","","","M","","M","","","","M","","","","","NA"
"-113.59","51.94","WIMBORNE AGCM","3027582","2021-04-07 22:00","2021","04","07","22:00","5.7","","-4.9","","47","","0.0","","","M","","M","","","","M","","","","","NA"
"-113.59","51.94","WIMBORNE AGCM","3027582","2021-04-07 23:00","2021","04","07","23:00","4.7","","-2.4","","60","","0.0","","","M","","M","","","","M","","","","","NA"
"-113.59","51.94","WIMBORNE AGCM","3027582","2021-04-08 00:00","2021","04","08","00:00","4.4","","-1.6","","65","","0.0","","","M","","M","","","","M","","","","","NA"
"-113.59","51.94","WIMBORNE AGCM","3027582","2021-04-08 01:00","2021","04","08","01:00","3.2","","-0.9","","74","","0.0","","","M","","M","","","","M","","","","","NA"
"-113.59","51.94","WIMBORNE AGCM","3027582","2021-04-08 02:00","2021","04","08","02:00","2.4","","-0.3","","82","","0.0","","","M","","M","","","","M","","","","","NA"
"-113.59","51.94","WIMBORNE AGCM","3027582","2021-04-08 03:00","2021","04","08","03:00","1.3","","0.5","","94","","0.7","","","M","","M","","","","M","","","","","NA"
"-113.59","51.94","WIMBORNE AGCM","3027582","2021-04-08 04:00","2021","04","08","04:00","1.1","","-0.3","","91","","0.0","","","M","","M","","","","M","","","","","NA"
"-113.59","51.94","WIMBORNE AGCM","3027582","2021-04-08 05:00","2021","04","08","05:00","0.4","","-0.8","","92","","0.0","","","M","","M","","","","M","","","","","NA"
"-113.59","51.94","WIMBORNE AGCM","3027582","2021-04-08 06:00","2021","04","08","06:00","-0.1","","-0.2","","99","","0.0","","","M","","M","","","","M","","","","","NA"
"-113.59","51.94","WIMBORNE AGCM","3027582","2021-04-08 07:00","2021","04","08","07:00","-0.1","","-0.3","","98","","0.0","","","M","","M","","","","M","","","","","NA"
"-113.59","51.94","WIMBORNE AGCM","3027582","2021-04-08 08:00","2021","04","08","08:00","0.0","","-0.2","","98","","0.5","","","M","","M","","","","M","","","","","NA"
"-113.59","51.94","WIMBORNE AGCM","3027582","2021-04-08 09:00","2021","04","08","09:00","-0.2","","-0.7","","96","","0.6","","","M","","M","","","","M","","","","","NA"
"-113.59","51.94","WIMBORNE AGCM","3027582","2021-04-08 10:00","2021","04","08","10:00","-0.1","","-1.3","","92","","0.0","","","M","","M","","","","M","","","","","NA"
"-113.59","51.94","WIMBORNE AGCM","3027582","2021-04-08 11:00","2021","04","08","11:00","0.8","","-1.3","","86","","0.0","","","M","","M","","","","M","","","","","NA"
"-113.59","51.94","WIMBORNE AGCM","3027582","2021-04-08 12:00","2021","04","08","12:00","1.4","","-2.9","","73","","0.0","","","M","","M","","","","M","","","","","NA"
"-113.59","51.94","WIMBORNE AGCM","3027582","2021-04-08 13:00","2021","04","08","13:00","3.0","","-3.4","","63","","0.0","","","M","","M","","","","M","","","","","NA"
"-113.59","51.94","WIMBORNE AGCM","3027582","2021-04-08 14:00","2021","04","08","14:00","4.6","","-5.8","","47","","0.0","","","M","","M","","","","M","","","","","NA"
"-113.59","51.94","WIMBORNE AGCM","3027582","2021-04-08 15:00","2021","04","08","15:00","4.8","","-7.2","","41","","0.0","","","M","","M","","","","M","","","","","NA"
"-113.59","51.94","WIMBORNE AGCM","3027582","2021-04-08 16:00","2021","04","08","16:00","4.9","","-8.5","","37","","0.0","","","M","","M","","","","M","","","","","NA"
"-113.59","51.94","WIMBORNE AGCM","3027582","2021-04-08 17:00","2021","04","08","17:00","4.8","","-10.1","","33","","0.0","","","M","","M","","","","M","","","","","NA"
"-113.59","51.94","WIMBORNE AGCM","3027582","2021-04-08 18:00","2021","04","08","18:00","4.6","","-10.3","","33","","0.0","","","M","","M","","","","M","","","","","NA"
"-113.59","51.94","WIMBORNE AGCM","3027582","2021-04-08 19:00","2021","04","08","19:00","1.3","","-9.9","","43","","0.0","","","M","","M","","","","M","","","","","NA"
"-113.59","51.94","WIMBORNE AGCM","3027582","2021-04-08 20:00","2021","04","08","20:00","-3.1","","-9.3","","62","","0.0","","","M","","M","","","","M","","","","","NA"
"-113.59","51.94","WIMBORNE AGCM","3027582","2021-04-08 21:00","2021","04","08","21:00","-1.9","","-7.4","","66","","0.0","","","M","","M","","","","M","","","","","NA"
"-113.59","51.94","WIMBORNE AGCM","3027582","2021-04-08 22:00","2021","04","08","22:00","-1.2","","-7.0","","65","","0.0","","","M","","M","","","","M","","","","","NA"
"-113.59","51.94","WIMBORNE AGCM","3027582","2021-04-08 23:00","2021","04","08","23:00","-1.8","","-8.3","","61","","0.0","","","M","","M","","","","M","","","","","NA"
"-113.59","51.94","WIMBORNE AGCM","3027582","2021-04-09 00:00","2021","04","09","00:00","-4.9","","-8.3","","77","","0.0","","","M","","M","","","","M","","","","","NA"
"-113.59","51.94","WIMBORNE AGCM","3027582","2021-04-09 01:00","2021","04","09","01:00","-3.7","","-7.2","","77","","0.0","","","M","","M","","","","M","","","","","NA"
"-113.59","51.94","WIMBORNE AGCM","3027582","2021-04-09 02:00","2021","04","09","02:00","-4.3","","-7.3","","80","","0.0","","","M","","M","","","","M","","","","","NA"
"-113.59","51.94","WIMBORNE AGCM","3027582","2021-04-09 03:00","2021","04","09","03:00","-4.5","","-7.1","","82","","0.0","","","M","","M","","","","M","","","","","NA"
"-113.59","51.94","WIMBORNE AGCM","3027582","2021-04-09 04:00","2021","04","09","04:00","-4.6","","-7.9","","77","","0.0","","","M","","M","","","","M","","","","","NA"
"-113.59","51.94","WIMBORNE AGCM","3027582","2021-04-09 05:00","2021","04","09","05:00","-4.1","","-8.1","","74","","0.0","","","M","","M","","","","M","","","","","NA"
"-113.59","51.94","WIMBORNE AGCM","3027582","2021-04-09 06:00","2021","04","09","06:00","-6.4","","-8.2","","87","","0.0","","","M","","M","","","","M","","","","","NA"
"-113.59","51.94","WIMBORNE AGCM","3027582","2021-04-09 07:00","2021","04","09","07:00","-5.0","","-7.2","","85","","0.0","","","M","","M","","","","M","","","","","NA"
"-113.59","51.94","WIMBORNE AGCM","3027582","2021-04-09 08:00","2021","04","09","08:00","-1.3","","-7.2","","64","","0.0","","","M","","M","","","","M","","","","","NA"
"-113.59","51.94","WIMBORNE AGCM","3027582","2021-04-09 09:00","2021","04","09","09:00","2.8","","-8.2","","44","","0.0","","","M","","M","","","","M","","","","","NA"
"-113.59","51.94","WIMBORNE AGCM","3027582","2021-04-09 10:00","2021","04","09","10:00","5.2","","-7.8","","38","","0.0","","","M","","M","","","","M","","","","","NA"
"-113.59","51.94","WIMBORNE AGCM","3027582","2021-04-09 11:00","2021","04","09","11:00","7.2","","-9.0","","31","","0.0","","","M","","M","","","","M","","","","","NA"
"-113.59","51.94","WIMBORNE AGCM","3027582","2021-04-09 12:00","2021","04","09","12:00","8.3","","-10.9","","24","","0.0","","","M","","M","","","","M","","","","","NA"
"-113.59","51.94","WIMBORNE AGCM","3027582","2021-04-09 13:00","2021","04","09","13:00","8.3","","-11.2","","24","","0.0","","","M","","M","","","","M","","","","","NA"
"-113.59","51.94","WIMBORNE AGCM","3027582","2021-04-09 14:00","2021","04","09","14:00","9.7","","-11.9","","20","","0.0","","","M","","M","","","","M","","","","","NA"
"-113.59","51.94","WIMBORNE AGCM","3027582","2021-04-09 15:00","2021","04","09","15:00","10.8","","-10.7","","21","","0.0","","","M","","M","","","","M","","","","","NA"
"-113.59","51.94","WIMBORNE AGCM","3027582","2021-04-09 16:00","2021","04","09","16:00","12.5","","-9.0","","21","","0.0","","","M","","M","","","","M","","","","","NA"
"-113.59","51.94","WIMBORNE AGCM","3027582","2021-04-09 17:00","2021","04","09","17:00","11.5","","-9.9","","21","","0.0","","","M","","M","","","","M","","","","","NA"
"-113.59","51.94","WIMBORNE AGCM","3027582","2021-04-09 18:00","2021","04","09","18:00","10.2","","-11.5","","21","","0.0","","","M","","M","","","","M","","","","","NA"
"-113.59","51.94","WIMBORNE AGCM","3027582","2021-04-09 19:00","2021","04","09","19:00","7.7","","-11.0","","25","","0.0","","","M","","M","","","","M","","","","","NA"
"-113.59","51.94","WIMBORNE AGCM","3027582","2021-04-09 20:00","2021","04","09","20:00","5.3","","-11.7","","28","","0.0","","","M","","M","","","","M","","","","","NA"
"-113.59","51.94","WIMBORNE AGCM","3027582","2021-04-09 21:00","2021","04","09","21:00","3.3","","-11.0","","34","","0.0","","","M","","M","","","","M","","","","","NA"
"-113.59","51.94","WIMBORNE AGCM","3027582","2021-04-09 22:00","2021","04","09","22:00","-1.1","","-10.8","","47","","0.0","","","M","","M","","","","M","","","","","NA"
"-113.59","51.94","WIMBORNE AGCM","3027582","2021-04-09 23:00","2021","04","09","23:00","0.0","","-10.6","","45","","0.0","","","M","","M","","","","M","","","","","NA"
"-113.59","51.94","WIMBORNE AGCM","3027582","2021-04-10 00:00","2021","04","10","00:00","-1.1","","-10.7","","48","","0.0","","","M","","M","","","","M","","","","","NA"
"-113.59","51.94","WIMBORNE AGCM","3027582","2021-04-10 01:00","2021","04","10","01:00","0.1","","-11.1","","43","","0.0","","","M","","M","","","","M","","","","","NA"
"-113.59","51.94","WIMBORNE AGCM","3027582","2021-04-10 02:00","2021","04","10","02:00","-1.5","","-10.4","","51","","0.0","","","M","","M","","","","M","","","","","NA"
"-113.59","51.94","WIMBORNE AGCM","3027582","2021-04-10 03:00","2021","04","10","03:00","-5.1","","-11.1","","63","","0.0","","","M","","M","","","","M","","","","","NA"
"-113.59","51.94","WIMBORNE AGCM","3027582","2021-04-10 04:00","2021","04","10","04:00","-2.9","","-10.3","","57","","0.0","","","M","","M","","","","M","","","","","NA"
"-113.59","51.94","WIMBORNE AGCM","3027582","2021-04-10 05:00","2021","04","10","05:00","-6.2","","-11.1","","69","","0.0","","","M","","M","","","","M","","","","","NA"
"-113.59","51.94","WIMBORNE AGCM","3027582","2021-04-10 06:00","2021","04","10","06:00","-4.7","","-10.3","","65","","0.0","","","M","","M","","","","M","","","","","NA"
"-113.59","51.94","WIMBORNE AGCM","3027582","2021-04-10 07:00","2021","04","10","07:00","-1.2","","-7.9","","60","","0.0","","","M","","M","","","","M","","","","","NA"
"-113.59","51.94","WIMBORNE AGCM","3027582","2021-04-10 08:00","2021","04","10","08:00","1.9","","-9.6","","42","","0.0","","","M","","M","","","","M","","","","","NA"
"-113.59","51.94","WIMBORNE AGCM","3027582","2021-04-10 09:00","2021","04","10","09:00","3.7","","-9.7","","37","","0.0","","","M","","M","","","","M","","","","","NA"
"-113.59","51.94","WIMBORNE AGCM","3027582","2021-04-10 10:00","2021","04","10","10:00","6.1","","-10.8","","29","","0.0","","","M","","M","","","","M","","","","","NA"
"-113.59","51.94","WIMBORNE AGCM","3027582","2021-04-10 11:00","2021","04","10","11:00","7.3","","-11.2","","25","","0.0","","","M","","M","","","","M","","","","","NA"
"-113.59","51.94","WIMBORNE AGCM","3027582","2021-04-10 12:00","2021","04","10","12:00","7.6","","-11.7","","24","","0.0","","","M","","M","","","","M","","","","","NA"
"-113.59","51.94","WIMBORNE AGCM","3027582","2021-04-10 13:00","2021","04","10","13:00","7.5","","-12.6","","22","","0.0","","","M","","M","","","","M","","","","","NA"
"-113.59","51.94","WIMBORNE AGCM","3027582","2021-04-10 14:00","2021","04","10","14:00","8.7","","-9.5","","26","","0.0","","","M","","M","","","","M","","","","","NA"
"-113.59","51.94","WIMBORNE AGCM","3027582","2021-04-10 15:00","2021","04","10","15:00","5.5","","-7.3","","39","","0.0","","","M","","M","","","","M","","","","","NA"
"-113.59","51.94","WIMBORNE AGCM","3027582","2021-04-10 16:00","2021","04","10","16:00","6.2","","-6.3","","40","","0.0","","","M","","M","","","","M","","","","","NA"
"-113.59","51.94","WIMBORNE AGCM","3027582","2021-04-10 17:00","2021","04","10","17:00","3.9","","-3.1","","60","","0.0","","","M","","M","","","","M","","","","","NA"
"-113.59","51.94","WIMBORNE AGCM","3027582","2021-04-10 18:00","2021","04","10","18:00","2.2","","-6.0","","55","","0.0","","","M","","M","","","","M","","","","","NA"
"-113.59","51.94","WIMBORNE AGCM","3027582","2021-04-10 19:00","2021","04","10","19:00","0.9","","-7.7","","53","","0.0","","","M","","M","","","","M","","","","","NA"
"-113.59","51.94","WIMBORNE AGCM","3027582","2021-04-10 20:00","2021","04","10","20:00","-0.5","","-8.0","","57","","0.0","","","M","","M","","","","M","","","","","NA"
"-113.59","51.94","WIMBORNE AGCM","3027582","2021-04-10 21:00","2021","04","10","21:00","-1.1","","-8.2","","59","","0.0","","","M","","M","","","","M","","","","","NA"
"-113.59","51.94","WIMBORNE AGCM","3027582","2021-04-10 22:00","2021","04","10","22:00","-2.7","","-7.0","","72","","0.0","","","M","","M","","","","M","","","","","NA"
"-113.59","51.94","WIMBORNE AGCM","3027582","2021-04-10 23:00","2021","04","10","23:00","-4.1","","-5.4","","91","","0.0","","","M","","M","","","","M","","","","","NA"
"-113.59","51.94","WIMBORNE AGCM","3027582","2021-04-11 00:00","2021","04","11","00:00","-4.2","","-5.6","","90","","0.4","","","M","","M","","","","M","","","","","NA"
"-113.59","51.94","WIMBORNE AGCM","3027582","2021-04-11 01:00","2021","04","11","01:00","-4.5","","-5.8","","90","","0.0","","","M","","M","","","","M","","","","","NA"
"-113.59","51.94","WIMBORNE AGCM","3027582","2021-04-11 02:00","2021","04","11","02:00","-4.7","","-5.8","","92","","0.0","","","M","","M","","","","M","","","","","NA"
"-113.59","51.94","WIMBORNE AGCM","3027582","2021-04-11 03:00","2021","04","11","03:00","-5.2","","-6.5","","90","","0.0","","","M","","M","","","","M","","","","","NA"
"-113.59","51.94","WIMBORNE AGCM","3027582","2021-04-11 04:00","2021","04","11","04:00","-5.3","","-8.0","","81","","0.0","","","M","","M","","","","M","","","","","NA"
"-113.59","51.94","WIMBORNE AGCM","3027582","2021-04-11 05:00","2021","04","11","05:00","-5.2","","-8.5","","78","","0.0","","","M","","M","","","","M","","","","","NA"
"-113.59","51.94","WIMBORNE AGCM","3027582","2021-04-11 06:00","2021","04","11","06:00","-5.6","","-8.9","","77","","0.0","","","M","","M","","","","M","","","","","NA"
"-113.59","51.94","WIMBORNE AGCM","3027582","2021-04-11 07:00","2021","04","11","07:00","-5.9","","-9.3","","77","","0.0","","","M","","M","","","","M","","","","","NA"
"-113.59","51.94","WIMBORNE AGCM","3027582","2021-04-11 08:00","2021","04","11","08:00","-4.9","","-8.2","","77","","0.0","","","M","","M","","","","M","","","","","NA"
"-113.59","51.94","WIMBORNE AGCM","3027582","2021-04-11 09:00","2021","04","11","09:00","-3.5","","-7.4","","75","","0.0","","","M","","M","","","","M","","","","","NA"
"-113.59","51.94","WIMBORNE AGCM","3027582","2021-04-11 10:00","2021","04","11","10:00","-2.6","","-6.5","","75","","0.0","","","M","","M","","","","M","","","","","NA"
"-113.59","51.94","WIMBORNE AGCM","3027582","2021-04-11 11:00","2021","04","11","11:00","-1.1","","-6.0","","69","","0.0","","","M","","M","","","","M","","","","","NA"
"-113.59","51.94","WIMBORNE AGCM","3027582","2021-04-11 12:00","2021","04","11","12:00","0.1","","-6.3","","62","","0.0","","","M","","M","","","","M","","","","","NA"
"-113.59","51.94","WIMBORNE AGCM","3027582","2021-04-11 13:00","2021","04","11","13:00","1.4","","-7.3","","52","","0.0","","","M","","M","","","","M","","","","","NA"
"-113.59","51.94","WIMBORNE AGCM","3027582","2021-04-11 14:00","2021","04","11","14:00","3.0","","-8.8","","42","","0.0","","","M","","M","","","","M","","","","","NA"
"-113.59","51.94","WIMBORNE AGCM","3027582","2021-04-11 15:00","2021","04","11","15:00","3.6","","-10.3","","35","","0.0","","","M","","M","","","","M","","","","","NA"
"-113.59","51.94","WIMBORNE AGCM","3027582","2021-04-11 16:00","2021","04","11","16:00","4.3","","-9.9","","35","","0.0","","","M","","M","","","","M","","","","","NA"
"-113.59","51.94","WIMBORNE AGCM","3027582","2021-04-11 17:00","2021","04","11","17:00","4.6","","-10.6","","32","","0.0","","","M","","M","","","","M","","","","","NA"
"-113.59","51.94","WIMBORNE AGCM","3027582","2021-04-11 18:00","2021","04","11","18:00","3.5","","-9.6","","38","","0.0","","","M","","M","","","","M","","","","","NA"
"-113.59","51.94","WIMBORNE AGCM","3027582","2021-04-11 19:00","2021","04","11","19:00","-0.2","","-7.7","","57","","0.0","","","M","","M","","","","M","","","","","NA"
"-113.59","51.94","WIMBORNE AGCM","3027582","2021-04-11 20:00","2021","04","11","20:00","-3.7","","-7.8","","73","","0.0","","","M","","M","","","","M","","","","","NA"
"-113.59","51.94","WIMBORNE AGCM","3027582","2021-04-11 21:00","2021","04","11","21:00","-5.1","","-8.0","","80","","0.0","","","M","","M","","","","M","","","","","NA"
"-113.59","51.94","WIMBORNE AGCM","3027582","2021-04-11 22:00","2021","04","11","22:00","-8.0","","-9.9","","86","","0.0","","","M","","M","","","","M","","","","","NA"
"-113.59","51.94","WIMBORNE AGCM","3027582","2021-04-11 23:00","2021","04","11","23:00","-6.0","","-7.7","","88","","0.0","","","M","","M","","","","M","","","","","NA"
"-113.59","51.94","WIMBORNE AGCM","3027582","2021-04-12 00:00","2021","04","12","00:00","-5.6","","-7.3","","88","","0.0","","","M","","M","","","","M","","","","","NA"
"-113.59","51.94","WIMBORNE AGCM","3027582","2021-04-12 01:00","2021","04","12","01:00","-6.2","","-8.1","","86","","0.0","","","M","","M","","","","M","","","","","NA"
"-113.59","51.94","WIMBORNE AGCM","3027582","2021-04-12 02:00","2021","04","12","02:00","-8.5","","-9.5","","92","","0.0","","","M","","M","","","","M","","","","","NA"
"-113.59","51.94","WIMBORNE AGCM","3027582","2021-04-12 03:00","2021","04","12","03:00","-7.0","","-8.6","","89","","0.0","","","M","","M","","","","M","","","","","NA"
"-113.59","51.94","WIMBORNE AGCM","3027582","2021-04-12 04:00","2021","04","12","04:00","-8.5","","-10.2","","88","","0.0","","","M","","M","","","","M","","","","","NA"
"-113.59","51.94","WIMBORNE AGCM","3027582","2021-04-12 05:00","2021","04","12","05:00","-6.8","","-8.6","","87","","0.0","","","M","","M","","","","M","","","","","NA"
"-113.59","51.94","WIMBORNE AGCM","3027582","2021-04-12 06:00","2021","04","12","06:00","-6.5","","-8.1","","89","","0.0","","","M","","M","","","","M","","","","","NA"
"-113.59","51.94","WIMBORNE AGCM","3027582","2021-04-12 07:00","2021","04","12","07:00","-4.4","","-6.1","","88","","0.0","","","M","","M","","","","M","","","","","NA"
"-113.59","51.94","WIMBORNE AGCM","3027582","2021-04-12 08:00","2021","04","12","08:00","-1.4","","-4.3","","81","","0.0","","","M","","M","","","","M","","","","","NA"
"-113.59","51.94","WIMBORNE AGCM","3027582","2021-04-12 09:00","2021","04","12","09:00","-0.2","","-5.5","","67","","0.0","","","M","","M","","","","M","","","","","NA"
"-113.59","51.94","WIMBORNE AGCM","3027582","2021-04-12 10:00","2021","04","12","10:00","0.7","","-6.9","","57","","0.0","","","M","","M","","","","M","","","","","NA"
"-113.59","51.94","WIMBORNE AGCM","3027582","2021-04-12 11:00","2021","04","12","11:00","1.2","","-8.4","","48","","0.0","","","M","","M","","","","M","","","","","NA"
"-113.59","51.94","WIMBORNE AGCM","3027582","2021-04-12 12:00","2021","04","12","12:00","2.2","","-9.7","","41","","0.0","","","M","","M","","","","M","","","","","NA"
"-113.59","51.94","WIMBORNE AGCM","3027582","2021-04-12 13:00","2021","04","12","13:00","2.8","","-10.2","","38","","0.0","","","M","","M","","","","M","","","","","NA"
"-113.59","51.94","WIMBORNE AGCM","3027582","2021-04-12 14:00","2021","04","12","14:00","3.6","","-9.6","","37","","0.0","","","M","","M","","","","M","","","","","NA"
"-113.59","51.94","WIMBORNE AGCM","3027582","2021-04-12 15:00","2021","04","12","15:00","4.0","","-9.7","","36","","0.0","","","M","","M","","","","M","","","","","NA"
"-113.59","51.94","WIMBORNE AGCM","3027582","2021-04-12 16:00","2021","04","12","16:00","4.2","","-10.4","","34","","0.0","","","M","","M","","","","M","","","","","NA"
"-113.59","51.94","WIMBORNE AGCM","3027582","2021-04-12 17:00","2021","04","12","17:00","3.6","","-9.7","","37","","0.0","","","M","","M","","","","M","","","","","NA"
"-113.59","51.94","WIMBORNE AGCM","3027582","2021-04-12 18:00","2021","04","12","18:00","2.2","","-10.6","","38","","0.0","","","M","","M","","","","M","","","","","NA"
"-113.59","51.94","WIMBORNE AGCM","3027582","2021-04-12 19:00","2021","04","12","19:00","-0.6","","-9.7","","50","","0.0","","","M","","M","","","","M","","","","","NA"
"-113.59","51.94","WIMBORNE AGCM","3027582","2021-04-12 20:00","2021","04","12","20:00","-4.3","","-10.8","","60","","0.0","","","M","","M","","","","M","","","","","NA"
"-113.59","51.94","WIMBORNE AGCM","3027582","2021-04-12 21:00","2021","04","12","21:00","-7.2","","-10.9","","75","","0.0","","","M","","M","","","","M","","","","","NA"
"-113.59","51.94","WIMBORNE AGCM","3027582","2021-04-12 22:00","2021","04","12","22:00","-7.3","","-10.7","","77","","0.0","","","M","","M","","","","M","","","","","NA"
"-113.59","51.94","WIMBORNE AGCM","3027582","2021-04-12 23:00","2021","04","12","23:00","-7.6","","-10.8","","78","","0.0","","","M","","M","","","","M","","","","","NA"
"-113.59","51.94","WIMBORNE AGCM","3027582","2021-04-13 00:00","2021","04","13","00:00","-7.8","","-11.0","","78","","0.0","","","M","","M","","","","M","","","","","NA"
"-113.59","51.94","WIMBORNE AGCM","3027582","2021-04-13 01:00","2021","04","13","01:00","-8.6","","-11.1","","82","","0.0","","","M","","M","","","","M","","","","","NA"
"-113.59","51.94","WIMBORNE AGCM","3027582","2021-04-13 02:00","2021","04","13","02:00","-8.7","","-11.3","","82","","0.0","","","M","","M","","","","M","","","","","NA"
"-113.59","51.94","WIMBORNE AGCM","3027582","2021-04-13 03:00","2021","04","13","03:00","-8.1","","-10.7","","81","","0.0","","","M","","M","","","","M","","","","","NA"
"-113.59","51.94","WIMBORNE AGCM","3027582","2021-04-13 04:00","2021","04","13","04:00","-8.1","","-11.0","","80","","0.0","","","M","","M","","","","M","","","","","NA"
"-113.59","51.94","WIMBORNE AGCM","3027582","2021-04-13 05:00","2021","04","13","05:00","-9.7","","-11.8","","85","","0.0","","","M","","M","","","","M","","","","","NA"
"-113.59","51.94","WIMBORNE AGCM","3027582","2021-04-13 06:00","2021","04","13","06:00","-10.1","","-11.8","","88","","0.0","","","M","","M","","","","M","","","","","NA"
"-113.59","51.94","WIMBORNE AGCM","3027582","2021-04-13 07:00","2021","04","13","07:00","-3.5","","-8.5","","68","","0.0","","","M","","M","","","","M","","","","","NA"
"-113.59","51.94","WIMBORNE AGCM","3027582","2021-04-13 08:00","2021","04","13","08:00","-0.9","","-6.2","","67","","0.0","","","M","","M","","","","M","","","","","NA"
"-113.59","51.94","WIMBORNE AGCM","3027582","2021-04-13 09:00","2021","04","13","09:00","1.8","","-8.1","","48","","0.0","","","M","","M","","","","M","","","","","NA"
"-113.59","51.94","WIMBORNE AGCM","3027582","2021-04-13 10:00","2021","04","13","10:00","3.5","","-10.7","","35","","0.0","","","M","","M","","","","M","","","","","NA"
"-113.59","51.94","WIMBORNE AGCM","3027582","2021-04-13 11:00","2021","04","13","11:00","4.2","","-11.3","","31","","0.0","","","M","","M","","","","M","","","","","NA"
"-113.59","51.94","WIMBORNE AGCM","3027582","2021-04-13 12:00","2021","04","13","12:00","4.9","","-12.1","","28","","0.0","","","M","","M","","","","M","","","","","NA"
"-113.59","51.94","WIMBORNE AGCM","3027582","2021-04-13 13:00","2021","04","13","13:00","6.6","","-11.4","","26","","0.0","","","M","","M","","","","M","","","","","NA"
"-113.59","51.94","WIMBORNE AGCM","3027582","2021-04-13 14:00","2021","04","13","14:00","7.3","","-11.5","","25","","0.0","","","M","","M","","","","M","","","","","NA"
"-113.59","51.94","WIMBORNE AGCM","3027582","2021-04-13 15:00","2021","04","13","15:00","6.9","","-12.5","","24","","0.0","","","M","","M","","","","M","","","","","NA"
"-113.59","51.94","WIMBORNE AGCM","3027582","2021-04-13 16:00","2021","04","13","16:00","7.5","","-12.9","","22","","0.0","","","M","","M","","","","M","","","","","NA"
"-113.59","51.94","WIMBORNE AGCM","3027582","2021-04-13 17:00","2021","04","13","17:00","7.5","","-13.0","","22","","0.0","","","M","","M","","","","M","","","","","NA"
"-113.59","51.94","WIMBORNE AGCM","3027582","2021-04-13 18:00","2021","04","13","18:00","6.7","","-13.0","","23","","0.0","","","M","","M","","","","M","","","","","NA"
"-113.59","51.94","WIMBORNE AGCM","3027582","2021-04-13 19:00","2021","04","13","19:00","3.8","","-12.5","","29","","0.0","","","M","","M","","","","M","","","","","NA"
"-113.59","51.94","WIMBORNE AGCM","3027582","2021-04-13 20:00","2021","04","13","20:00","-3.1","","-12.4","","48","","0.0","","","M","","M","","","","M","","","","","NA"
"-113.59","51.94","WIMBORNE AGCM","3027582","2021-04-13 21:00","2021","04","13","21:00","-2.9","","-12.5","","48","","0.0","","","M","","M","","","","M","","","","","NA"
"-113.59","51.94","WIMBORNE AGCM","3027582","2021-04-13 22:00","2021","04","13","22:00","-4.5","","-11.8","","56","","0.0","","","M","","M","","","","M","","","","","NA"
"-113.59","51.94","WIMBORNE AGCM","3027582","2021-04-13 23:00","2021","04","13","23:00","-4.8","","-11.7","","59","","0.0","","","M","","M","","","","M","","","","","NA"
"-113.59","51.94","WIMBORNE AGCM","3027582","2021-04-14 00:00","2021","04","14","00:00","-6.3","","-11.7","","65","","0.0","","","M","","M","","","","M","","","","","NA"
"-113.59","51.94","WIMBORNE AGCM","3027582","2021-04-14 01:00","2021","04","14","01:00","-3.6","","-11.3","","55","","0.0","","","M","","M","","","","M","","","","","NA"
"-113.59","51.94","WIMBORNE AGCM","3027582","2021-04-14 02:00","2021","04","14","02:00","-5.1","","-11.9","","59","","0.0","","","M","","M","","","","M","","","","","NA"
"-113.59","51.94","WIMBORNE AGCM","3027582","2021-04-14 03:00","2021","04","14","03:00","-8.8","","-12.5","","74","","0.0","","","M","","M","","","","M","","","","","NA"
"-113.59","51.94","WIMBORNE AGCM","3027582","2021-04-14 04:00","2021","04","14","04:00","-7.6","","-11.9","","71","","0.0","","","M","","M","","","","M","","","","","NA"
"-113.59","51.94","WIMBORNE AGCM","3027582","2021-04-14 05:00","2021","04","14","05:00","-8.9","","-12.5","","75","","0.0","","","M","","M","","","","M","","","","","NA"
"-113.59","51.94","WIMBORNE AGCM","3027582","2021-04-14 06:00","2021","04","14","06:00","-8.4","","-12.7","","71","","0.0","","","M","","M","","","","M","","","","","NA"
"-113.59","51.94","WIMBORNE AGCM","3027582","2021-04-14 07:00","2021","04","14","07:00","-3.5","","-10.0","","61","","0.0","","","M","","M","","","","M","","","","","NA"
"-113.59","51.94","WIMBORNE AGCM","3027582","2021-04-14 08:00","2021","04","14","08:00","2.2","","-9.5","","42","","0.0","","","M","","M","","","","M","","","","","NA"
"-113.59","51.94","WIMBORNE AGCM","3027582","2021-04-14 09:00","2021","04","14","09:00","5.3","","-12.0","","28","","0.0","","","M","","M","","","","M","","","","","NA"
"-113.59","51.94","WIMBORNE AGCM","3027582","2021-04-14 10:00","2021","04","14","10:00","7.0","","-11.3","","26","","0.0","","","M","","M","","","","M","","","","","NA"
"-113.59","51.94","WIMBORNE AGCM","3027582","2021-04-14 11:00","2021","04","14","11:00","8.1","","-13.7","","20","","0.0","","","M","","M","","","","M","","","","","NA"
"-113.59","51.94","WIMBORNE AGCM","3027582","2021-04-14 12:00","2021","04","14","12:00","9.9","","-14.0","","17","","0.0","","","M","","M","","","","M","","","","","NA"
"-113.59","51.94","WIMBORNE AGCM","3027582","2021-04-14 13:00","2021","04","14","13:00","10.6","","-15.9","","14","","0.0","","","M","","M","","","","M","","","","","NA"
"-113.59","51.94","WIMBORNE AGCM","3027582","2021-04-14 14:00","2021","04","14","14:00","12.0","","-15.5","","13","","0.0","","","M","","M","","","","M","","","","","NA"
"-113.59","51.94","WIMBORNE AGCM","3027582","2021-04-14 15:00","2021","04","14","15:00","12.9","","-14.7","","13","","0.0","","","M","","M","","","","M","","","","","NA"
"-113.59","51.94","WIMBORNE AGCM","3027582","2021-04-14 16:00","2021","04","14","16:00","13.4","","-14.8","","13","","0.0","","","M","","M","","","","M","","","","","NA"
"-113.59","51.94","WIMBORNE AGCM","3027582","2021-04-14 17:00","2021","04","14","17:00","13.5","","-14.6","","13","","0.0","","","M","","M","","","","M","","","","","NA"
"-113.59","51.94","WIMBORNE AGCM","3027582","2021-04-14 18:00","2021","04","14","18:00","12.5","","-13.0","","16","","0.0","","","M","","M","","","","M","","","","","NA"
"-113.59","51.94","WIMBORNE AGCM","3027582","2021-04-14 19:00","2021","04","14","19:00","8.0","","-11.7","","23","","0.0","","","M","","M","","","","M","","","","","NA"
"-113.59","51.94","WIMBORNE AGCM","3027582","2021-04-14 20:00","2021","04","14","20:00","1.3","","-9.6","","44","","0.0","","","M","","M","","","","M","","","","","NA"
"-113.59","51.94","WIMBORNE AGCM","3027582","2021-04-14 21:00","2021","04","14","21:00","1.1","","-8.6","","48","","0.0","","","M","","M","","","","M","","","","","NA"
"-113.59","51.94","WIMBORNE AGCM","3027582","2021-04-14 22:00","2021","04","14","22:00","1.6","","-7.4","","51","","0.0","","","M","","M","","","","M","","","","","NA"
"-113.59","51.94","WIMBORNE AGCM","3027582","2021-04-14 23:00","2021","04","14","23:00","1.1","","-7.0","","54","","0.0","","","M","","M","","","","M","","","","","NA"
"-113.59","51.94","WIMBORNE AGCM","3027582","2021-04-15 00:00","2021","04","15","00:00","-1.1","","-7.5","","62","","0.0","","","M","","M","","","","M","","","","","NA"
"-113.59","51.94","WIMBORNE AGCM","3027582","2021-04-15 01:00","2021","04","15","01:00","-0.6","","-6.1","","66","","0.0","","","M","","M","","","","M","","","","","NA"
"-113.59","51.94","WIMBORNE AGCM","3027582","2021-04-15 02:00","2021","04","15","02:00","-1.8","","-7.2","","66","","0.0","","","M","","M","","","","M","","","","","NA"
"-113.59","51.94","WIMBORNE AGCM","3027582","2021-04-15 03:00","2021","04","15","03:00","-3.8","","-6.7","","80","","0.0","","","M","","M","","","","M","","","","","NA"
"-113.59","51.94","WIMBORNE AGCM","3027582","2021-04-15 04:00","2021","04","15","04:00","-6.4","","-8.8","","84","","0.0","","","M","","M","","","","M","","","","","NA"
"-113.59","51.94","WIMBORNE AGCM","3027582","2021-04-15 05:00","2021","04","15","05:00","-7.2","","-9.0","","87","","0.0","","","M","","M","","","","M","","","","","NA"
"-113.59","51.94","WIMBORNE AGCM","3027582","2021-04-15 06:00","2021","04","15","06:00","-4.9","","-7.7","","81","","0.0","","","M","","M","","","","M","","","","","NA"
"-113.59","51.94","WIMBORNE AGCM","3027582","2021-04-15 07:00","2021","04","15","07:00","2.0","","-6.2","","55","","0.0","","","M","","M","","","","M","","","","","NA"
"-113.59","51.94","WIMBORNE AGCM","3027582","2021-04-15 08:00","2021","04","15","08:00","5.7","","-6.4","","42","","0.0","","","M","","M","","","","M","","","","","NA"
"-113.59","51.94","WIMBORNE AGCM","3027582","2021-04-15 09:00","2021","04","15","09:00","8.7","","-6.6","","33","","0.0","","","M","","M","","","","M","","","","","NA"
"-113.59","51.94","WIMBORNE AGCM","3027582","2021-04-15 10:00","2021","04","15","10:00","11.2","","-11.5","","19","","0.0","","","M","","M","","","","M","","","","","NA"
"-113.59","51.94","WIMBORNE AGCM","3027582","2021-04-15 11:00","2021","04","15","11:00","12.5","","-9.1","","21","","0.0","","","M","","M","","","","M","","","","","NA"
"-113.59","51.94","WIMBORNE AGCM","3027582","2021-04-15 12:00","2021","04","15","12:00","13.7","","-8.5","","21","","0.0","","","M","","M","","","","M","","","","","NA"
"-113.59","51.94","WIMBORNE AGCM","3027582","2021-04-15 13:00","2021","04","15","13:00","13.6","","-9.2","","20","","0.0","","","M","","M","","","","M","","","","","NA"
"-113.59","51.94","WIMBORNE AGCM","3027582","2021-04-15 14:00","2021","04","15","14:00","13.7","","-9.5","","19","","0.0","","","M","","M","","","","M","","","","","NA"
"-113.59","51.94","WIMBORNE AGCM","3027582","2021-04-15 15:00","2021","04","15","15:00","14.6","","-9.8","","18","","0.0","","","M","","M","","","","M","","","","","NA"
"-113.59","51.94","WIMBORNE AGCM","3027582","2021-04-15 16:00","2021","04","15","16:00","15.1","","-9.9","","17","","0.0","","","M","","M","","","","M","","","","","NA"
"-113.59","51.94","WIMBORNE AGCM","3027582","2021-04-15 17:00","2021","04","15","17:00","14.4","","-10.8","","16","","0.0","","","M","","M","","","","M","","","","","NA"
"-113.59","51.94","WIMBORNE AGCM","3027582","2021-04-15 18:00","2021","04","15","18:00","13.7","","-10.2","","18","","0.0","","","M","","M","","","","M","","","","","NA"
"-113.59","51.94","WIMBORNE AGCM","3027582","2021-04-15 19:00","2021","04","15","19:00","10.0","","-9.5","","24","","0.0","","","M","","M","","","","M","","","","","NA"
"-113.59","51.94","WIMBORNE AGCM","3027582","2021-04-15 20:00","2021","04","15","20:00","0.9","","-9.3","","47","","0.0","","","M","","M","","","","M","","","","","NA"
"-113.59","51.94","WIMBORNE AGCM","3027582","2021-04-15 21:00","2021","04","15","21:00","1.0","","-9.4","","46","","0.0","","","M","","M","","","","M","","","","","NA"
"-113.59","51.94","WIMBORNE AGCM","3027582","2021-04-15 22:00","2021","04","15","22:00","0.3","","-9.0","","50","","0.0","","","M","","M","","","","M","","","","","NA"
"-113.59","51.94","WIMBORNE AGCM","3027582","2021-04-15 23:00","2021","04","15","23:00","-0.2","","-9.5","","49","","0.0","","","M","","M","","","","M","","","","","NA"
"-113.59","51.94","WIMBORNE AGCM","3027582","2021-04-16 00:00","2021","04","16","00:00","-1.8","","-9.4","","56","","0.0","","","M","","M","","","","M","","","","","NA"
"-113.59","51.94","WIMBORNE AGCM","3027582","2021-04-16 01:00","2021","04","16","01:00","-1.9","","-9.9","","54","","0.0","","","M","","M","","","","M","","","","","NA"
"-113.59","51.94","WIMBORNE AGCM","3027582","2021-04-16 02:00","2021","04","16","02:00","-1.6","","-10.1","","52","","0.0","","","M","","M","","","","M","","","","","NA"
"-113.59","51.94","WIMBORNE AGCM","3027582","2021-04-16 03:00","2021","04","16","03:00","-1.5","","-9.9","","53","","0.0","","","M","","M","","","","M","","","","","NA"
"-113.59","51.94","WIMBORNE AGCM","3027582","2021-04-16 04:00","2021","04","16","04:00","-5.4","","-9.4","","73","","0.0","","","M","","M","","","","M","","","","","NA"
"-113.59","51.94","WIMBORNE AGCM","3027582","2021-04-16 05:00","2021","04","16","05:00","-4.5","","-9.9","","66","","0.0","","","M","","M","","","","M","","","","","NA"
"-113.59","51.94","WIMBORNE AGCM","3027582","2021-04-16 06:00","2021","04","16","06:00","-2.5","","-9.0","","61","","0.0","","","M","","M","","","","M","","","","","NA"
"-113.59","51.94","WIMBORNE AGCM","3027582","2021-04-16 07:00","2021","04","16","07:00","4.8","","-4.9","","50","","0.0","","","M","","M","","","","M","","","","","NA"
"-113.59","51.94","WIMBORNE AGCM","3027582","2021-04-16 08:00","2021","04","16","08:00","8.0","","-6.3","","35","","0.0","","","M","","M","","","","M","","","","","NA"
"-113.59","51.94","WIMBORNE AGCM","3027582","2021-04-16 09:00","2021","04","16","09:00","12.9","","-7.1","","24","","0.0","","","M","","M","","","","M","","","","","NA"
"-113.59","51.94","WIMBORNE AGCM","3027582","2021-04-16 10:00","2021","04","16","10:00","14.0","","-8.7","","20","","0.0","","","M","","M","","","","M","","","","","NA"
"-113.59","51.94","WIMBORNE AGCM","3027582","2021-04-16 11:00","2021","04","16","11:00","15.5","","-9.8","","17","","0.0","","","M","","M","","","","M","","","","","NA"
"-113.59","51.94","WIMBORNE AGCM","3027582","2021-04-16 12:00","2021","04","16","12:00","15.9","","-9.8","","16","","0.0","","","M","","M","","","","M","","","","","NA"
"-113.59","51.94","WIMBORNE AGCM","3027582","2021-04-16 13:00","2021","04","16","13:00","17.6","","-10.5","","14","","0.0","","","M","","M","","","","M","","","","","NA"
"-113.59","51.94","WIMBORNE AGCM","3027582","2021-04-16 14:00","2021","04","16","14:00","17.4","","-11.9","","12","","0.0","","","M","","M","","","","M","","","","","NA"
"-113.59","51.94","WIMBORNE AGCM","3027582","2021-04-16 15:00","2021","04","16","15:00","17.9","","-13.4","","11","","0.0","","","M","","M","","","","M","","","","","NA"
"-113.59","51.94","WIMBORNE AGCM","3027582","2021-04-16 16:00","2021","04","16","16:00","18.2","","","M","","M","0.0","","","M","","M","","","","M","","","","","NA"
"-113.59","51.94","WIMBORNE AGCM","3027582","2021-04-16 17:00","2021","04","16","17:00","18.4","","","M","","M","0.0","","","M","","M","","","","M","","","","","NA"
"-113.59","51.94","WIMBORNE AGCM","3027582","2021-04-16 18:00","2021","04","16","18:00","17.5","","","M","","M","0.0","","","M","","M","","","","M","","","","","NA"
"-113.59","51.94","WIMBORNE AGCM","3027582","2021-04-16 19:00","2021","04","16","19:00","12.5","","-10.7","","19","","0.0","","","M","","M","","","","M","","","","","NA"
"-113.59","51.94","WIMBORNE AGCM","3027582","2021-04-16 20:00","2021","04","16","20:00","4.9","","-11.5","","29","","0.0","","","M","","M","","","","M","","","","","NA"
"-113.59","51.94","WIMBORNE AGCM","3027582","2021-04-16 21:00","2021","04","16","21:00","1.1","","-10.1","","43","","0.0","","","M","","M","","","","M","","","","","NA"
"-113.59","51.94","WIMBORNE AGCM","3027582","2021-04-16 22:00","2021","04","16","22:00","2.0","","-10.2","","40","","0.0","","","M","","M","","","","M","","","","","NA"
"-113.59","51.94","WIMBORNE AGCM","3027582","2021-04-16 23:00","2021","04","16","23:00","2.5","","-9.7","","40","","0.0","","","M","","M","","","","M","","","","","NA"
"-113.59","51.94","WIMBORNE AGCM","3027582","2021-04-17 00:00","2021","04","17","00:00","3.3","","-9.7","","38","","0.0","","","M","","M","","","","M","","","","","NA"
"-113.59","51.94","WIMBORNE AGCM","3027582","2021-04-17 01:00","2021","04","17","01:00","0.2","","-9.6","","48","","0.0","","","M","","M","","","","M","","","","","NA"
"-113.59","51.94","WIMBORNE AGCM","3027582","2021-04-17 02:00","2021","04","17","02:00","-2.9","","-9.1","","63","","0.0","","","M","","M","","","","M","","","","","NA"
"-113.59","51.94","WIMBORNE AGCM","3027582","2021-04-17 03:00","2021","04","17","03:00","0.5","","-11.0","","42","","0.0","","","M","","M","","","","M","","","","","NA"
"-113.59","51.94","WIMBORNE AGCM","3027582","2021-04-17 04:00","2021","04","17","04:00","0.7","","-11.1","","41","","0.0","","","M","","M","","","","M","","","","","NA"
"-113.59","51.94","WIMBORNE AGCM","3027582","2021-04-17 05:00","2021","04","17","05:00","1.1","","-11.6","","38","","0.0","","","M","","M","","","","M","","","","","NA"
"-113.59","51.94","WIMBORNE AGCM","3027582","2021-04-17 06:00","2021","04","17","06:00","0.8","","-9.5","","46","","0.0","","","M","","M","","","","M","","","","","NA"
"-113.59","51.94","WIMBORNE AGCM","3027582","2021-04-17 07:00","2021","04","17","07:00","7.0","","-11.6","","25","","0.0","","","M","","M","","","","M","","","","","NA"
"-113.59","51.94","WIMBORNE AGCM","3027582","2021-04-17 08:00","2021","04","17","08:00","9.4","","-11.4","","22","","0.0","","","M","","M","","","","M","","","","","NA"
"-113.59","51.94","WIMBORNE AGCM","3027582","2021-04-17 09:00","2021","04","17","09:00","12.1","","-11.5","","18","","0.0","","","M","","M","","","","M","","","","","NA"
"-113.59","51.94","WIMBORNE AGCM","3027582","2021-04-17 10:00","2021","04","17","10:00","14.0","","-11.3","","16","","0.0","","","M","","M","","","","M","","","","","NA"
"-113.59","51.94","WIMBORNE AGCM","3027582","2021-04-17 11:00","2021","04","17","11:00","15.2","","-10.2","","16","","0.0","","","M","","M","","","","M","","","","","NA"
"-113.59","51.94","WIMBORNE AGCM","3027582","2021-04-17 12:00","2021","04","17","12:00","16.6","","-11.5","","14","","0.0","","","M","","M","","","","M","","","","","NA"
"-113.59","51.94","WIMBORNE AGCM","3027582","2021-04-17 13:00","2021","04","17","13:00","18.0","","-8.7","","15","","0.0","","","M","","M","","","","M","","","","","NA"
"-113.59","51.94","WIMBORNE AGCM","3027582","2021-04-17 14:00","2021","04","17","14:00","18.2","","-8.3","","16","","0.0","","","M","","M","","","","M","","","","","NA"
"-113.59","51.94","WIMBORNE AGCM","3027582","2021-04-17 15:00","2021","04","17","15:00","18.5","","-6.6","","18","","0.0","","","M","","M","","","","M","","","","","NA"
"-113.59","51.94","WIMBORNE AGCM","3027582","2021-04-17 16:00","2021","04","17","16:00","18.3","","-5.6","","19","","0.0","","","M","","M","","","","M","","","","","NA"
"-113.59","51.94","WIMBORNE AGCM","3027582","2021-04-17 17:00","2021","04","17","17:00","16.9","","-6.3","","20","","0.0","","","M","","M","","","","M","","","","","NA"
"-113.59","51.94","WIMBORNE AGCM","3027582","2021-04-17 18:00","2021","04","17","18:00","16.1","","-6.4","","21","","0.0","","","M","","M","","","","M","","","","","NA"
"-113.59","51.94","WIMBORNE AGCM","3027582","2021-04-17 19:00","2021","04","17","19:00","13.1","","-5.8","","26","","0.0","","","M","","M","","","","M","","","","","NA"
"-113.59","51.94","WIMBORNE AGCM","3027582","2021-04-17 20:00","2021","04","17","20:00","9.6","","-4.1","","38","","0.0","","","M","","M","","","","M","","","","","NA"
"-113.59","51.94","WIMBORNE AGCM","3027582","2021-04-17 21:00","2021","04","17","21:00","8.0","","-3.6","","43","","0.0","","","M","","M","","","","M","","","","","NA"
"-113.59","51.94","WIMBORNE AGCM","3027582","2021-04-17 22:00","2021","04","17","22:00","5.4","","-4.2","","50","","0.0","","","M","","M","","","","M","","","","","NA"
"-113.59","51.94","WIMBORNE AGCM","3027582","2021-04-17 23:00","2021","04","17","23:00","6.4","","-4.3","","46","","0.0","","","M","","M","","","","M","","","","","NA"
"-113.59","51.94","WIMBORNE AGCM","3027582","2021-04-18 00:00","2021","04","18","00:00","4.7","","-1.6","","64","","0.0","","","M","","M","","","","M","","","","","NA"
"-113.59","51.94","WIMBORNE AGCM","3027582","2021-04-18 01:00","2021","04","18","01:00","4.2","","-0.2","","73","","0.0","","","M","","M","","","","M","","","","","NA"
"-113.59","51.94","WIMBORNE AGCM","3027582","2021-04-18 02:00","2021","04","18","02:00","3.8","","0.4","","78","","0.0","","","M","","M","","","","M","","","","","NA"
"-113.59","51.94","WIMBORNE AGCM","3027582","2021-04-18 03:00","2021","04","18","03:00","3.3","","0.9","","84","","0.0","","","M","","M","","","","M","","","","","NA"
"-113.59","51.94","WIMBORNE AGCM","3027582","2021-04-18 04:00","2021","04","18","04:00","0.2","","0.1","","99","","0.0","","","M","","M","","","","M","","","","","NA"
"-113.59","51.94","WIMBORNE AGCM","3027582","2021-04-18 05:00","2021","04","18","05:00","0.0","","-0.2","","99","","0.6","","","M","","M","","","","M","","","","","NA"
"-113.59","51.94","WIMBORNE AGCM","3027582","2021-04-18 06:00","2021","04","18","06:00","-0.2","","-0.3","","99","","0.0","","","M","","M","","","","M","","","","","NA"
"-113.59","51.94","WIMBORNE AGCM","3027582","2021-04-18 07:00","2021","04","18","07:00","-0.2","","-0.3","","99","","0.5","","","M","","M","","","","M","","","","","NA"
"-113.59","51.94","WIMBORNE AGCM","3027582","2021-04-18 08:00","2021","04","18","08:00","-0.8","","-0.9","","99","","0.0","","","M","","M","","","","M","","","","","NA"
"-113.59","51.94","WIMBORNE AGCM","3027582","2021-04-18 09:00","2021","04","18","09:00","-1.0","","-1.1","","99","","0.8","","","M","","M","","","","M","","","","","NA"
"-113.59","51.94","WIMBORNE AGCM","3027582","2021-04-18 10:00","2021","04","18","10:00","-1.6","","-1.8","","98","","0.5","","","M","","M","","","","M","","","","","NA"
"-113.59","51.94","WIMBORNE AGCM","3027582","2021-04-18 11:00","2021","04","18","11:00","-1.4","","-2.1","","95","","1.0","","","M","","M","","","","M","","","","","NA"
"-113.59","51.94","WIMBORNE AGCM","3027582","2021-04-18 12:00","2021","04","18","12:00","-1.2","","-3.6","","84","","0.0","","","M","","M","","","","M","","","","","NA"
"-113.59","51.94","WIMBORNE AGCM","3027582","2021-04-18 13:00","2021","04","18","13:00","-0.8","","-4.5","","76","","0.0","","","M","","M","","","","M","","","","","NA"
"-113.59","51.94","WIMBORNE AGCM","3027582","2021-04-18 14:00","2021","04","18","14:00","-0.5","","-3.9","","78","","0.0","","","M","","M","","","","M","","","","","NA"
"-113.59","51.94","WIMBORNE AGCM","3027582","2021-04-18 15:00","2021","04","18","15:00","0.5","","-3.8","","73","","0.0","","","M","","M","","","","M","","","","","NA"
"-113.59","51.94","WIMBORNE AGCM","3027582","2021-04-18 16:00","2021","04","18","16:00","1.4","","-4.2","","66","","0.0","","","M","","M","","","","M","","","","","NA"
"-113.59","51.94","WIMBORNE AGCM","3027582","2021-04-18 17:00","2021","04","18","17:00","1.9","","-4.2","","64","","0.0","","","M","","M","","","","M","","","","","NA"
"-113.59","51.94","WIMBORNE AGCM","3027582","2021-04-18 18:00","2021","04","18","18:00","1.5","","-4.9","","63","","0.0","","","M","","M","","","","M","","","","","NA"
"-113.59","51.94","WIMBORNE AGCM","3027582","2021-04-18 19:00","2021","04","18","19:00","0.6","","-4.8","","67","","0.0","","","M","","M","","","","M","","","","","NA"
"-113.59","51.94","WIMBORNE AGCM","3027582","2021-04-18 20:00","2021","04","18","20:00","-0.2","","-4.6","","72","","0.0","","","M","","M","","","","M","","","","","NA"
"-113.59","51.94","WIMBORNE AGCM","3027582","2021-04-18 21:00","2021","04","18","21:00","-0.6","","-3.9","","78","","0.0","","","M","","M","","","","M","","","","","NA"
"-113.59","51.94","WIMBORNE AGCM","3027582","2021-04-18 22:00","2021","04","18","22:00","-0.2","","-3.8","","77","","0.0","","","M","","M","","","","M","","","","","NA"
"-113.59","51.94","WIMBORNE AGCM","3027582","2021-04-18 23:00","2021","04","18","23:00","-1.0","","-3.2","","85","","0.0","","","M","","M","","","","M","","","","","NA"
"-113.59","51.94","WIMBORNE AGCM","3027582","2021-04-19 00:00","2021","04","19","00:00","-1.2","","-2.8","","89","","0.0","","","M","","M","","","","M","","","","","NA"
"-113.59","51.94","WIMBORNE AGCM","3027582","2021-04-19 01:00","2021","04","19","01:00","-1.8","","-3.4","","89","","0.0","","","M","","M","","","","M","","","","","NA"
"-113.59","51.94","WIMBORNE AGCM","3027582","2021-04-19 02:00","2021","04","19","02:00","-2.4","","-3.8","","90","","0.0","","","M","","M","","","","M","","","","","NA"
"-113.59","51.94","WIMBORNE AGCM","3027582","2021-04-19 03:00","2021","04","19","03:00","-2.5","","-3.8","","91","","0.0","","","M","","M","","","","M","","","","","NA"
"-113.59","51.94","WIMBORNE AGCM","3027582","2021-04-19 04:00","2021","04","19","04:00","-3.4","","-4.7","","91","","0.0","","","M","","M","","","","M","","","","","NA"
"-113.59","51.94","WIMBORNE AGCM","3027582","2021-04-19 05:00","2021","04","19","05:00","-3.3","","-4.9","","89","","0.0","","","M","","M","","","","M","","","","","NA"
"-113.59","51.94","WIMBORNE AGCM","3027582","2021-04-19 06:00","2021","04","19","06:00","-3.9","","-5.7","","87","","0.0","","","M","","M","","","","M","","","","","NA"
"-113.59","51.94","WIMBORNE AGCM","3027582","2021-04-19 07:00","2021","04","19","07:00","-2.3","","-4.6","","84","","0.0","","","M","","M","","","","M","","","","","NA"
"-113.59","51.94","WIMBORNE AGCM","3027582","2021-04-19 08:00","2021","04","19","08:00","-1.4","","-4.2","","81","","0.0","","","M","","M","","","","M","","","","","NA"
"-113.59","51.94","WIMBORNE AGCM","3027582","2021-04-19 09:00","2021","04","19","09:00","0.3","","-4.0","","73","","0.0","","","M","","M","","","","M","","","","","NA"
"-113.59","51.94","WIMBORNE AGCM","3027582","2021-04-19 10:00","2021","04","19","10:00","1.6","","-5.6","","59","","0.0","","","M","","M","","","","M","","","","","NA"
"-113.59","51.94","WIMBORNE AGCM","3027582","2021-04-19 11:00","2021","04","19","11:00","2.7","","-6.0","","53","","0.0","","","M","","M","","","","M","","","","","NA"
"-113.59","51.94","WIMBORNE AGCM","3027582","2021-04-19 12:00","2021","04","19","12:00","4.0","","-5.8","","49","","0.0","","","M","","M","","","","M","","","","","NA"
"-113.59","51.94","WIMBORNE AGCM","3027582","2021-04-19 13:00","2021","04","19","13:00","5.3","","-7.2","","40","","0.0","","","M","","M","","","","M","","","","","NA"
"-113.59","51.94","WIMBORNE AGCM","3027582","2021-04-19 14:00","2021","04","19","14:00","4.3","","-7.8","","41","","0.0","","","M","","M","","","","M","","","","","NA"
"-113.59","51.94","WIMBORNE AGCM","3027582","2021-04-19 15:00","2021","04","19","15:00","4.5","","-8.3","","39","","0.0","","","M","","M","","","","M","","","","","NA"
"-113.59","51.94","WIMBORNE AGCM","3027582","2021-04-19 16:00","2021","04","19","16:00","4.6","","-7.6","","41","","0.0","","","M","","M","","","","M","","","","","NA"
"-113.59","51.94","WIMBORNE AGCM","3027582","2021-04-19 17:00","2021","04","19","17:00","4.5","","-7.9","","40","","0.0","","","M","","M","","","","M","","","","","NA"
"-113.59","51.94","WIMBORNE AGCM","3027582","2021-04-19 18:00","2021","04","19","18:00","6.0","","-7.9","","36","","0.0","","","M","","M","","","","M","","","","","NA"
"-113.59","51.94","WIMBORNE AGCM","3027582","2021-04-19 19:00","2021","04","19","19:00","4.0","","-7.9","","42","","0.0","","","M","","M","","","","M","","","","","NA"
"-113.59","51.94","WIMBORNE AGCM","3027582","2021-04-19 20:00","2021","04","19","20:00","-1.7","","-8.1","","62","","0.0","","","M","","M","","","","M","","","","","NA"
"-113.59","51.94","WIMBORNE AGCM","3027582","2021-04-19 21:00","2021","04","19","21:00","-0.1","","-8.6","","53","","0.0","","","M","","M","","","","M","","","","","NA"
"-113.59","51.94","WIMBORNE AGCM","3027582","2021-04-19 22:00","2021","04","19","22:00","0.4","","-8.4","","52","","0.0","","","M","","M","","","","M","","","","","NA"
"-113.59","51.94","WIMBORNE AGCM","3027582","2021-04-19 23:00","2021","04","19","23:00","-0.3","","-8.8","","52","","0.0","","","M","","M","","","","M","","","","","NA"
"-113.59","51.94","WIMBORNE AGCM","3027582","2021-04-20 00:00","2021","04","20","00:00","-4.6","","-8.6","","74","","0.0","","","M","","M","","","","M","","","","","NA"
"-113.59","51.94","WIMBORNE AGCM","3027582","2021-04-20 01:00","2021","04","20","01:00","-1.6","","-8.1","","61","","0.0","","","M","","M","","","","M","","","","","NA"
"-113.59","51.94","WIMBORNE AGCM","3027582","2021-04-20 02:00","2021","04","20","02:00","-3.1","","-8.6","","66","","0.0","","","M","","M","","","","M","","","","","NA"
"-113.59","51.94","WIMBORNE AGCM","3027582","2021-04-20 03:00","2021","04","20","03:00","-5.0","","-8.1","","79","","0.0","","","M","","M","","","","M","","","","","NA"
"-113.59","51.94","WIMBORNE AGCM","3027582","2021-04-20 04:00","2021","04","20","04:00","-7.3","","-9.6","","84","","0.0","","","M","","M","","","","M","","","","","NA"
"-113.59","51.94","WIMBORNE AGCM","3027582","2021-04-20 05:00","2021","04","20","05:00","-7.9","","-10.0","","85","","0.0","","","M","","M","","","","M","","","","","NA"
"-113.59","51.94","WIMBORNE AGCM","3027582","2021-04-20 06:00","2021","04","20","06:00","-6.2","","-8.8","","82","","0.0","","","M","","M","","","","M","","","","","NA"
"-113.59","51.94","WIMBORNE AGCM","3027582","2021-04-20 07:00","2021","04","20","07:00","-0.1","","-7.4","","58","","0.0","","","M","","M","","","","M","","","","","NA"
"-113.59","51.94","WIMBORNE AGCM","3027582","2021-04-20 08:00","2021","04","20","08:00","1.0","","-6.6","","57","","0.0","","","M","","M","","","","M","","","","","NA"
"-113.59","51.94","WIMBORNE AGCM","3027582","2021-04-20 09:00","2021","04","20","09:00","3.7","","-6.3","","48","","0.0","","","M","","M","","","","M","","","","","NA"
"-113.59","51.94","WIMBORNE AGCM","3027582","2021-04-20 10:00","2021","04","20","10:00","5.6","","-6.8","","41","","0.0","","","M","","M","","","","M","","","","","NA"
"-113.59","51.94","WIMBORNE AGCM","3027582","2021-04-20 11:00","2021","04","20","11:00","7.5","","-6.5","","36","","0.0","","","M","","M","","","","M","","","","","NA"
"-113.59","51.94","WIMBORNE AGCM","3027582","2021-04-20 12:00","2021","04","20","12:00","8.0","","-7.9","","31","","0.0","","","M","","M","","","","M","","","","","NA"
"-113.59","51.94","WIMBORNE AGCM","3027582","2021-04-20 13:00","2021","04","20","13:00","9.3","","-7.9","","29","","0.0","","","M","","M","","","","M","","","","","NA"
"-113.59","51.94","WIMBORNE AGCM","3027582","2021-04-20 14:00","2021","04","20","14:00","9.7","","-9.1","","26","","0.0","","","M","","M","","","","M","","","","","NA"
"-113.59","51.94","WIMBORNE AGCM","3027582","2021-04-20 15:00","2021","04","20","15:00","10.1","","-8.4","","26","","0.0","","","M","","M","","","","M","","","","","NA"
"-113.59","51.94","WIMBORNE AGCM","3027582","2021-04-20 16:00","2021","04","20","16:00","11.1","","-7.9","","26","","0.0","","","M","","M","","","","M","","","","","NA"
"-113.59","51.94","WIMBORNE AGCM","3027582","2021-04-20 17:00","2021","04","20","17:00","10.8","","-8.4","","25","","0.0","","","M","","M","","","","M","","","","","NA"
"-113.59","51.94","WIMBORNE AGCM","3027582","2021-04-20 18:00","2021","04","20","18:00","10.3","","-8.1","","27","","0.0","","","M","","M","","","","M","","","","","NA"
"-113.59","51.94","WIMBORNE AGCM","3027582","2021-04-20 19:00","2021","04","20","19:00","8.0","","-7.5","","33","","0.0","","","M","","M","","","","M","","","","","NA"
"-113.59","51.94","WIMBORNE AGCM","3027582","2021-04-20 20:00","2021","04","20","20:00","3.3","","-7.3","","46","","0.0","","","M","","M","","","","M","","","","","NA"
"-113.59","51.94","WIMBORNE AGCM","3027582","2021-04-20 21:00","2021","04","20","21:00","2.1","","-7.2","","50","","0.0","","","M","","M","","","","M","","","","","NA"
"-113.59","51.94","WIMBORNE AGCM","3027582","2021-04-20 22:00","2021","04","20","22:00","1.4","","-6.6","","55","","0.0","","","M","","M","","","","M","","","","","NA"
"-113.59","51.94","WIMBORNE AGCM","3027582","2021-04-20 23:00","2021","04","20","23:00","0.4","","-6.9","","58","","0.0","","","M","","M","","","","M","","","","","NA"
"-113.59","51.94","WIMBORNE AGCM","3027582","2021-04-21 00:00","2021","04","21","00:00","0.5","","-6.5","","59","","0.0","","","M","","M","","","","M","","","","","NA"
"-113.59","51.94","WIMBORNE AGCM","3027582","2021-04-21 01:00","2021","04","21","01:00","0.5","","-6.7","","58","","0.0","","","M","","M","","","","M","","","","","NA"
"-113.59","51.94","WIMBORNE AGCM","3027582","2021-04-21 02:00","2021","04","21","02:00","-1.7","","-6.8","","68","","0.0","","","M","","M","","","","M","","","","","NA"
"-113.59","51.94","WIMBORNE AGCM","3027582","2021-04-21 03:00","2021","04","21","03:00","-1.0","","-6.6","","66","","0.0","","","M","","M","","","","M","","","","","NA"
"-113.59","51.94","WIMBORNE AGCM","3027582","2021-04-21 04:00","2021","04","21","04:00","-1.6","","-6.3","","70","","0.0","","","M","","M","","","","M","","","","","NA"
"-113.59","51.94","WIMBORNE AGCM","3027582","2021-04-21 05:00","2021","04","21","05:00","-1.7","","-6.3","","71","","0.0","","","M","","M","","","","M","","","","","NA"
"-113.59","51.94","WIMBORNE AGCM","3027582","2021-04-21 06:00","2021","04","21","06:00","-2.7","","-7.0","","72","","0.0","","","M","","M","","","","M","","","","","NA"
"-113.59","51.94","WIMBORNE AGCM","3027582","2021-04-21 07:00","2021","04","21","07:00","2.7","","-5.3","","55","","0.0","","","M","","M","","","","M","","","","","NA"
"-113.59","51.94","WIMBORNE AGCM","3027582","2021-04-21 08:00","2021","04","21","08:00","7.3","","-5.3","","40","","0.0","","","M","","M","","","","M","","","","","NA"
"-113.59","51.94","WIMBORNE AGCM","3027582","2021-04-21 09:00","2021","04","21","09:00","10.8","","-6.4","","29","","0.0","","","M","","M","","","","M","","","","","NA"
"-113.59","51.94","WIMBORNE AGCM","3027582","2021-04-21 10:00","2021","04","21","10:00","14.3","","-8.9","","19","","0.0","","","M","","M","","","","M","","","","","NA"
"-113.59","51.94","WIMBORNE AGCM","3027582","2021-04-21 11:00","2021","04","21","11:00","15.6","","-7.9","","19","","0.0","","","M","","M","","","","M","","","","","NA"
"-113.59","51.94","WIMBORNE AGCM","3027582","2021-04-21 12:00","2021","04","21","12:00","15.8","","-9.2","","17","","0.0","","","M","","M","","","","M","","","","","NA"
"-113.59","51.94","WIMBORNE AGCM","3027582","2021-04-21 13:00","2021","04","21","13:00","17.4","","-9.1","","16","","0.0","","","M","","M","","","","M","","","","","NA"
"-113.59","51.94","WIMBORNE AGCM","3027582","2021-04-21 14:00","2021","04","21","14:00","18.1","","-9.2","","15","","0.0","","","M","","M","","","","M","","","","","NA"
"-113.59","51.94","WIMBORNE AGCM","3027582","2021-04-21 15:00","2021","04","21","15:00","18.3","","-9.7","","14","","0.0","","","M","","M","","","","M","","","","","NA"
"-113.59","51.94","WIMBORNE AGCM","3027582","2021-04-21 16:00","2021","04","21","16:00","18.5","","-9.6","","14","","0.0","","","M","","M","","","","M","","","","","NA"
"-113.59","51.94","WIMBORNE AGCM","3027582","2021-04-21 17:00","2021","04","21","17:00","18.6","","-11.1","","12","","0.0","","","M","","M","","","","M","","","","","NA"
"-113.59","51.94","WIMBORNE AGCM","3027582","2021-04-21 18:00","2021","04","21","18:00","17.8","","-10.9","","13","","0.0","","","M","","M","","","","M","","","","","NA"
"-113.59","51.94","WIMBORNE AGCM","3027582","2021-04-21 19:00","2021","04","21","19:00","13.4","","-5.9","","26","","0.0","","","M","","M","","","","M","","","","","NA"
"-113.59","51.94","WIMBORNE AGCM","3027582","2021-04-21 20:00","2021","04","21","20:00","12.4","","-3.0","","34","","0.0","","","M","","M","","","","M","","","","","NA"
"-113.59","51.94","WIMBORNE AGCM","3027582","2021-04-21 21:00","2021","04","21","21:00","9.8","","-0.6","","48","","0.0","","","M","","M","","","","M","","","","","NA"
"-113.59","51.94","WIMBORNE AGCM","3027582","2021-04-21 22:00","2021","04","21","22:00","7.7","","1.5","","64","","0.0","","","M","","M","","","","M","","","","","NA"
"-113.59","51.94","WIMBORNE AGCM","3027582","2021-04-21 23:00","2021","04","21","23:00","7.1","","0.9","","64","","0.0","","","M","","M","","","","M","","","","","NA"
"-113.59","51.94","WIMBORNE AGCM","3027582","2021-04-22 00:00","2021","04","22","00:00","5.3","","0.3","","70","","0.0","","","M","","M","","","","M","","","","","NA"
"-113.59","51.94","WIMBORNE AGCM","3027582","2021-04-22 01:00","2021","04","22","01:00","4.5","","0.8","","77","","0.0","","","M","","M","","","","M","","","","","NA"
"-113.59","51.94","WIMBORNE AGCM","3027582","2021-04-22 02:00","2021","04","22","02:00","3.1","","0.8","","85","","0.0","","","M","","M","","","","M","","","","","NA"
"-113.59","51.94","WIMBORNE AGCM","3027582","2021-04-22 03:00","2021","04","22","03:00","1.3","","-0.9","","85","","0.0","","","M","","M","","","","M","","","","","NA"
"-113.59","51.94","WIMBORNE AGCM","3027582","2021-04-22 04:00","2021","04","22","04:00","-0.6","","-2.3","","89","","0.0","","","M","","M","","","","M","","","","","NA"
"-113.59","51.94","WIMBORNE AGCM","3027582","2021-04-22 05:00","2021","04","22","05:00","-2.6","","-5.7","","79","","0.0","","","M","","M","","","","M","","","","","NA"
"-113.59","51.94","WIMBORNE AGCM","3027582","2021-04-22 06:00","2021","04","22","06:00","-3.6","","-6.3","","81","","0.0","","","M","","M","","","","M","","","","","NA"
"-113.59","51.94","WIMBORNE AGCM","3027582","2021-04-22 07:00","2021","04","22","07:00","-4.1","","-5.9","","87","","0.0","","","M","","M","","","","M","","","","","NA"
"-113.59","51.94","WIMBORNE AGCM","3027582","2021-04-22 08:00","2021","04","22","08:00","-4.7","","-6.9","","85","","0.0","","","M","","M","","","","M","","","","","NA"
"-113.59","51.94","WIMBORNE AGCM","3027582","2021-04-22 09:00","2021","04","22","09:00","-4.1","","-6.2","","85","","0.0","","","M","","M","","","","M","","","","","NA"
"-113.59","51.94","WIMBORNE AGCM","3027582","2021-04-22 10:00","2021","04","22","10:00","-3.7","","-7.0","","77","","0.0","","","M","","M","","","","M","","","","","NA"
"-113.59","51.94","WIMBORNE AGCM","3027582","2021-04-22 11:00","2021","04","22","11:00","-3.0","","-8.3","","67","","0.0","","","M","","M","","","","M","","","","","NA"
"-113.59","51.94","WIMBORNE AGCM","3027582","2021-04-22 12:00","2021","04","22","12:00","-3.0","","-7.5","","71","","0.0","","","M","","M","","","","M","","","","","NA"
"-113.59","51.94","WIMBORNE AGCM","3027582","2021-04-22 13:00","2021","04","22","13:00","-2.1","","-8.1","","64","","0.0","","","M","","M","","","","M","","","","","NA"
"-113.59","51.94","WIMBORNE AGCM","3027582","2021-04-22 14:00","2021","04","22","14:00","-1.8","","-8.1","","62","","0.0","","","M","","M","","","","M","","","","","NA"
"-113.59","51.94","WIMBORNE AGCM","3027582","2021-04-22 15:00","2021","04","22","15:00","-2.1","","-9.3","","58","","0.0","","","M","","M","","","","M","","","","","NA"
"-113.59","51.94","WIMBORNE AGCM","3027582","2021-04-22 16:00","2021","04","22","16:00","-1.7","","-9.7","","54","","0.0","","","M","","M","","","","M","","","","","NA"
"-113.59","51.94","WIMBORNE AGCM","3027582","2021-04-22 17:00","2021","04","22","17:00","-1.5","","-10.8","","49","","0.0","","","M","","M","","","","M","","","","","NA"
"-113.59","51.94","WIMBORNE AGCM","3027582","2021-04-22 18:00","2021","04","22","18:00","-1.7","","-11.5","","47","","0.0","","","M","","M","","","","M","","","","","NA"
"-113.59","51.94","WIMBORNE AGCM","3027582","2021-04-22 19:00","2021","04","22","19:00","-2.5","","-12.3","","47","","0.0","","","M","","M","","","","M","","","","","NA"
"-113.59","51.94","WIMBORNE AGCM","3027582","2021-04-22 20:00","2021","04","22","20:00","-3.7","","-11.6","","54","","0.0","","","M","","M","","","","M","","","","","NA"
"-113.59","51.94","WIMBORNE AGCM","3027582","2021-04-22 21:00","2021","04","22","21:00","-4.4","","-12.0","","55","","0.0","","","M","","M","","","","M","","","","","NA"
"-113.59","51.94","WIMBORNE AGCM","3027582","2021-04-22 22:00","2021","04","22","22:00","-5.1","","-11.3","","62","","0.0","","","M","","M","","","","M","","","","","NA"
"-113.59","51.94","WIMBORNE AGCM","3027582","2021-04-22 23:00","2021","04","22","23:00","-9.7","","-13.2","","76","","0.0","","","M","","M","","","","M","","","","","NA"
"-113.59","51.94","WIMBORNE AGCM","3027582","2021-04-23 00:00","2021","04","23","00:00","-10.5","","-13.9","","76","","0.0","","","M","","M","","","","M","","","","","NA"
"-113.59","51.94","WIMBORNE AGCM","3027582","2021-04-23 01:00","2021","04","23","01:00","-11.5","","-14.3","","79","","0.0","","","M","","M","","","","M","","","","","NA"
"-113.59","51.94","WIMBORNE AGCM","3027582","2021-04-23 02:00","2021","04","23","02:00","-9.7","","-13.4","","74","","0.0","","","M","","M","","","","M","","","","","NA"
"-113.59","51.94","WIMBORNE AGCM","3027582","2021-04-23 03:00","2021","04","23","03:00","-8.8","","-13.4","","69","","0.0","","","M","","M","","","","M","","","","","NA"
"-113.59","51.94","WIMBORNE AGCM","3027582","2021-04-23 04:00","2021","04","23","04:00","-8.6","","-12.4","","74","","0.0","","","M","","M","","","","M","","","","","NA"
"-113.59","51.94","WIMBORNE AGCM","3027582","2021-04-23 05:00","2021","04","23","05:00","-9.5","","-12.5","","78","","0.0","","","M","","M","","","","M","","","","","NA"
"-113.59","51.94","WIMBORNE AGCM","3027582","2021-04-23 06:00","2021","04","23","06:00","-11.7","","-13.9","","84","","0.0","","","M","","M","","","","M","","","","","NA"
"-113.59","51.94","WIMBORNE AGCM","3027582","2021-04-23 07:00","2021","04","23","07:00","-4.9","","-9.6","","69","","0.0","","","M","","M","","","","M","","","","","NA"
"-113.59","51.94","WIMBORNE AGCM","3027582","2021-04-23 08:00","2021","04","23","08:00","-2.2","","-10.4","","53","","0.0","","","M","","M","","","","M","","","","","NA"
"-113.59","51.94","WIMBORNE AGCM","3027582","2021-04-23 09:00","2021","04","23","09:00","-0.4","","-13.3","","37","","0.0","","","M","","M","","","","M","","","","","NA"
"-113.59","51.94","WIMBORNE AGCM","3027582","2021-04-23 10:00","2021","04","23","10:00","0.4","","-13.9","","33","","0.0","","","M","","M","","","","M","","","","","NA"
"-113.59","51.94","WIMBORNE AGCM","3027582","2021-04-23 11:00","2021","04","23","11:00","0.3","","-13.7","","34","","0.0","","","M","","M","","","","M","","","","","NA"
"-113.59","51.94","WIMBORNE AGCM","3027582","2021-04-23 12:00","2021","04","23","12:00","1.5","","-13.1","","33","","0.0","","","M","","M","","","","M","","","","","NA"
"-113.59","51.94","WIMBORNE AGCM","3027582","2021-04-23 13:00","2021","04","23","13:00","1.0","","-13.5","","33","","0.0","","","M","","M","","","","M","","","","","NA"
"-113.59","51.94","WIMBORNE AGCM","3027582","2021-04-23 14:00","2021","04","23","14:00","1.6","","-12.9","","33","","0.0","","","M","","M","","","","M","","","","","NA"
"-113.59","51.94","WIMBORNE AGCM","3027582","2021-04-23 15:00","2021","04","23","15:00","2.6","","-11.4","","35","","0.0","","","M","","M","","","","M","","","","","NA"
"-113.59","51.94","WIMBORNE AGCM","3027582","2021-04-23 16:00","2021","04","23","16:00","2.2","","-12.3","","33","","0.0","","","M","","M","","","","M","","","","","NA"
"-113.59","51.94","WIMBORNE AGCM","3027582","2021-04-23 17:00","2021","04","23","17:00","2.2","","-12.3","","33","","0.0","","","M","","M","","","","M","","","","","NA"
"-113.59","51.94","WIMBORNE AGCM","3027582","2021-04-23 18:00","2021","04","23","18:00","1.9","","-12.4","","34","","0.0","","","M","","M","","","","M","","","","","NA"
"-113.59","51.94","WIMBORNE AGCM","3027582","2021-04-23 19:00","2021","04","23","19:00","1.4","","-12.0","","36","","0.0","","","M","","M","","","","M","","","","","NA"
"-113.59","51.94","WIMBORNE AGCM","3027582","2021-04-23 20:00","2021","04","23","20:00","-1.0","","-11.6","","45","","0.0","","","M","","M","","","","M","","","","","NA"
"-113.59","51.94","WIMBORNE AGCM","3027582","2021-04-23 21:00","2021","04","23","21:00","-3.5","","-11.3","","55","","0.0","","","M","","M","","","","M","","","","","NA"
"-113.59","51.94","WIMBORNE AGCM","3027582","2021-04-23 22:00","2021","04","23","22:00","-5.1","","-11.1","","62","","0.0","","","M","","M","","","","M","","","","","NA"
"-113.59","51.94","WIMBORNE AGCM","3027582","2021-04-23 23:00","2021","04","23","23:00","-5.9","","-10.4","","71","","0.0","","","M","","M","","","","M","","","","","NA"
"-113.59","51.94","WIMBORNE AGCM","3027582","2021-04-24 00:00","2021","04","24","00:00","-3.1","","-10.2","","58","","0.0","","","M","","M","","","","M","","","","","NA"
"-113.59","51.94","WIMBORNE AGCM","3027582","2021-04-24 01:00","2021","04","24","01:00","-4.7","","-9.6","","68","","0.0","","","M","","M","","","","M","","","","","NA"
"-113.59","51.94","WIMBORNE AGCM","3027582","2021-04-24 02:00","2021","04","24","02:00","-7.4","","-11.0","","75","","0.0","","","M","","M","","","","M","","","","","NA"
"-113.59","51.94","WIMBORNE AGCM","3027582","2021-04-24 03:00","2021","04","24","03:00","-7.1","","-10.1","","79","","0.0","","","M","","M","","","","M","","","","","NA"
"-113.59","51.94","WIMBORNE AGCM","3027582","2021-04-24 04:00","2021","04","24","04:00","-7.2","","-10.3","","79","","0.0","","","M","","M","","","","M","","","","","NA"
"-113.59","51.94","WIMBORNE AGCM","3027582","2021-04-24 05:00","2021","04","24","05:00","-8.8","","-11.4","","81","","0.0","","","M","","M","","","","M","","","","","NA"
"-113.59","51.94","WIMBORNE AGCM","3027582","2021-04-24 06:00","2021","04","24","06:00","-6.9","","-9.6","","82","","0.0","","","M","","M","","","","M","","","","","NA"
"-113.59","51.94","WIMBORNE AGCM","3027582","2021-04-24 07:00","2021","04","24","07:00","-4.2","","-8.5","","72","","0.0","","","M","","M","","","","M","","","","","NA"
"-113.59","51.94","WIMBORNE AGCM","3027582","2021-04-24 08:00","2021","04","24","08:00","-1.9","","-8.4","","61","","0.0","","","M","","M","","","","M","","","","","NA"
"-113.59","51.94","WIMBORNE AGCM","3027582","2021-04-24 09:00","2021","04","24","09:00","1.1","","-7.0","","55","","0.0","","","M","","M","","","","M","","","","","NA"
"-113.59","51.94","WIMBORNE AGCM","3027582","2021-04-24 10:00","2021","04","24","10:00","2.2","","-6.2","","54","","0.0","","","M","","M","","","","M","","","","","NA"
"-113.59","51.94","WIMBORNE AGCM","3027582","2021-04-24 11:00","2021","04","24","11:00","2.8","","-6.4","","51","","0.0","","","M","","M","","","","M","","","","","NA"
"-113.59","51.94","WIMBORNE AGCM","3027582","2021-04-24 12:00","2021","04","24","12:00","2.1","","-4.0","","64","","0.0","","","M","","M","","","","M","","","","","NA"
"-113.59","51.94","WIMBORNE AGCM","3027582","2021-04-24 13:00","2021","04","24","13:00","1.7","","-3.9","","66","","0.0","","","M","","M","","","","M","","","","","NA"
"-113.59","51.94","WIMBORNE AGCM","3027582","2021-04-24 14:00","2021","04","24","14:00","3.6","","-5.8","","50","","0.0","","","M","","M","","","","M","","","","","NA"
"-113.59","51.94","WIMBORNE AGCM","3027582","2021-04-24 15:00","2021","04","24","15:00","3.8","","-6.1","","48","","0.0","","","M","","M","","","","M","","","","","NA"
"-113.59","51.94","WIMBORNE AGCM","3027582","2021-04-24 16:00","2021","04","24","16:00","4.4","","-6.5","","45","","0.0","","","M","","M","","","","M","","","","","NA"
"-113.59","51.94","WIMBORNE AGCM","3027582","2021-04-24 17:00","2021","04","24","17:00","4.9","","-6.8","","43","","0.0","","","M","","M","","","","M","","","","","NA"
"-113.59","51.94","WIMBORNE AGCM","3027582","2021-04-24 18:00","2021","04","24","18:00","3.7","","-7.1","","45","","0.0","","","M","","M","","","","M","","","","","NA"
"-113.59","51.94","WIMBORNE AGCM","3027582","2021-04-24 19:00","2021","04","24","19:00","3.3","","-6.6","","48","","0.0","","","M","","M","","","","M","","","","","NA"
"-113.59","51.94","WIMBORNE AGCM","3027582","2021-04-24 20:00","2021","04","24","20:00","2.0","","-6.9","","52","","0.0","","","M","","M","","","","M","","","","","NA"
"-113.59","51.94","WIMBORNE AGCM","3027582","2021-04-24 21:00","2021","04","24","21:00","-0.8","","-7.0","","62","","0.0","","","M","","M","","","","M","","","","","NA"
"-113.59","51.94","WIMBORNE AGCM","3027582","2021-04-24 22:00","2021","04","24","22:00","-3.2","","-7.5","","72","","0.0","","","M","","M","","","","M","","","","","NA"
"-113.59","51.94","WIMBORNE AGCM","3027582","2021-04-24 23:00","2021","04","24","23:00","-2.0","","-6.2","","73","","0.0","","","M","","M","","","","M","","","","","NA"
"-113.59","51.94","WIMBORNE AGCM","3027582","2021-04-25 00:00","2021","04","25","00:00","-3.6","","-6.8","","78","","0.0","","","M","","M","","","","M","","","","","NA"
"-113.59","51.94","WIMBORNE AGCM","3027582","2021-04-25 01:00","2021","04","25","01:00","-2.1","","-5.2","","79","","0.0","","","M","","M","","","","M","","","","","NA"
"-113.59","51.94","WIMBORNE AGCM","3027582","2021-04-25 02:00","2021","04","25","02:00","-3.3","","-6.5","","79","","0.0","","","M","","M","","","","M","","","","","NA"
"-113.59","51.94","WIMBORNE AGCM","3027582","2021-04-25 03:00","2021","04","25","03:00","-4.6","","-6.9","","84","","0.0","","","M","","M","","","","M","","","","","NA"
"-113.59","51.94","WIMBORNE AGCM","3027582","2021-04-25 04:00","2021","04","25","04:00","-4.0","","-5.9","","87","","0.0","","","M","","M","","","","M","","","","","NA"
"-113.59","51.94","WIMBORNE AGCM","3027582","2021-04-25 05:00","2021","04","25","05:00","-2.7","","-5.2","","83","","0.0","","","M","","M","","","","M","","","","","NA"
"-113.59","51.94","WIMBORNE AGCM","3027582","2021-04-25 06:00","2021","04","25","06:00","-1.9","","-5.2","","78","","0.0","","","M","","M","","","","M","","","","","NA"
"-113.59","51.94","WIMBORNE AGCM","3027582","2021-04-25 07:00","2021","04","25","07:00","-0.7","","-3.3","","82","","0.0","","","M","","M","","","","M","","","","","NA"
"-113.59","51.94","WIMBORNE AGCM","3027582","2021-04-25 08:00","2021","04","25","08:00","0.9","","-4.9","","65","","0.0","","","M","","M","","","","M","","","","","NA"
"-113.59","51.94","WIMBORNE AGCM","3027582","2021-04-25 09:00","2021","04","25","09:00","2.6","","-6.1","","52","","0.0","","","M","","M","","","","M","","","","","NA"
"-113.59","51.94","WIMBORNE AGCM","3027582","2021-04-25 10:00","2021","04","25","10:00","3.4","","-6.2","","50","","0.0","","","M","","M","","","","M","","","","","NA"
"-113.59","51.94","WIMBORNE AGCM","3027582","2021-04-25 11:00","2021","04","25","11:00","5.3","","-6.5","","42","","0.0","","","M","","M","","","","M","","","","","NA"
"-113.59","51.94","WIMBORNE AGCM","3027582","2021-04-25 12:00","2021","04","25","12:00","5.1","","-6.5","","43","","0.0","","","M","","M","","","","M","","","","","NA"
"-113.59","51.94","WIMBORNE AGCM","3027582","2021-04-25 13:00","2021","04","25","13:00","5.9","","-7.2","","39","","0.0","","","M","","M","","","","M","","","","","NA"
"-113.59","51.94","WIMBORNE AGCM","3027582","2021-04-25 14:00","2021","04","25","14:00","5.8","","-7.5","","38","","0.0","","","M","","M","","","","M","","","","","NA"
"-113.59","51.94","WIMBORNE AGCM","3027582","2021-04-25 15:00","2021","04","25","15:00","6.2","","-7.7","","36","","0.0","","","M","","M","","","","M","","","","","NA"
"-113.59","51.94","WIMBORNE AGCM","3027582","2021-04-25 16:00","2021","04","25","16:00","6.3","","-7.8","","36","","0.0","","","M","","M","","","","M","","","","","NA"
"-113.59","51.94","WIMBORNE AGCM","3027582","2021-04-25 17:00","2021","04","25","17:00","6.3","","-7.6","","36","","0.0","","","M","","M","","","","M","","","","","NA"
"-113.59","51.94","WIMBORNE AGCM","3027582","2021-04-25 18:00","2021","04","25","18:00","6.0","","-6.6","","40","","0.0","","","M","","M","","","","M","","","","","NA"
"-113.59","51.94","WIMBORNE AGCM","3027582","2021-04-25 19:00","2021","04","25","19:00","5.2","","-4.3","","50","","0.0","","","M","","M","","","","M","","","","","NA"
"-113.59","51.94","WIMBORNE AGCM","3027582","2021-04-25 20:00","2021","04","25","20:00","1.2","","-4.6","","65","","0.0","","","M","","M","","","","M","","","","","NA"
"-113.59","51.94","WIMBORNE AGCM","3027582","2021-04-25 21:00","2021","04","25","21:00","-0.5","","-4.4","","75","","0.0","","","M","","M","","","","M","","","","","NA"
"-113.59","51.94","WIMBORNE AGCM","3027582","2021-04-25 22:00","2021","04","25","22:00","-1.2","","-3.6","","84","","0.0","","","M","","M","","","","M","","","","","NA"
"-113.59","51.94","WIMBORNE AGCM","3027582","2021-04-25 23:00","2021","04","25","23:00","-1.4","","-3.2","","88","","0.0","","","M","","M","","","","M","","","","","NA"
"-113.59","51.94","WIMBORNE AGCM","3027582","2021-04-26 00:00","2021","04","26","00:00","-1.9","","-3.3","","90","","0.0","","","M","","M","","","","M","","","","","NA"
"-113.59","51.94","WIMBORNE AGCM","3027582","2021-04-26 01:00","2021","04","26","01:00","-3.0","","-3.8","","95","","0.0","","","M","","M","","","","M","","","","","NA"
"-113.59","51.94","WIMBORNE AGCM","3027582","2021-04-26 02:00","2021","04","26","02:00","-2.7","","-3.3","","96","","0.0","","","M","","M","","","","M","","","","","NA"
"-113.59","51.94","WIMBORNE AGCM","3027582","2021-04-26 03:00","2021","04","26","03:00","-2.8","","-3.3","","96","","0.0","","","M","","M","","","","M","","","","","NA"
"-113.59","51.94","WIMBORNE AGCM","3027582","2021-04-26 04:00","2021","04","26","04:00","-3.1","","-3.4","","98","","0.0","","","M","","M","","","","M","","","","","NA"
"-113.59","51.94","WIMBORNE AGCM","3027582","2021-04-26 05:00","2021","04","26","05:00","-3.6","","-3.9","","98","","0.0","","","M","","M","","","","M","","","","","NA"
"-113.59","51.94","WIMBORNE AGCM","3027582","2021-04-26 06:00","2021","04","26","06:00","-5.3","","-5.7","","97","","0.0","","","M","","M","","","","M","","","","","NA"
"-113.59","51.94","WIMBORNE AGCM","3027582","2021-04-26 07:00","2021","04","26","07:00","-1.0","","-2.8","","88","","0.0","","","M","","M","","","","M","","","","","NA"
"-113.59","51.94","WIMBORNE AGCM","3027582","2021-04-26 08:00","2021","04","26","08:00","2.8","","-2.8","","66","","0.0","","","M","","M","","","","M","","","","","NA"
"-113.59","51.94","WIMBORNE AGCM","3027582","2021-04-26 09:00","2021","04","26","09:00","7.3","","-3.8","","45","","0.0","","","M","","M","","","","M","","","","","NA"
"-113.59","51.94","WIMBORNE AGCM","3027582","2021-04-26 10:00","2021","04","26","10:00","9.8","","-9.7","","24","","0.0","","","M","","M","","","","M","","","","","NA"
"-113.59","51.94","WIMBORNE AGCM","3027582","2021-04-26 11:00","2021","04","26","11:00","11.1","","-13.2","","17","","0.0","","","M","","M","","","","M","","","","","NA"
"-113.59","51.94","WIMBORNE AGCM","3027582","2021-04-26 12:00","2021","04","26","12:00","11.9","","-11.7","","18","","0.0","","","M","","M","","","","M","","","","","NA"
"-113.59","51.94","WIMBORNE AGCM","3027582","2021-04-26 13:00","2021","04","26","13:00","12.7","","-12.0","","17","","0.0","","","M","","M","","","","M","","","","","NA"
"-113.59","51.94","WIMBORNE AGCM","3027582","2021-04-26 14:00","2021","04","26","14:00","12.9","","-13.4","","15","","0.0","","","M","","M","","","","M","","","","","NA"
"-113.59","51.94","WIMBORNE AGCM","3027582","2021-04-26 15:00","2021","04","26","15:00","14.2","","-14.3","","12","","0.0","","","M","","M","","","","M","","","","","NA"
"-113.59","51.94","WIMBORNE AGCM","3027582","2021-04-26 16:00","2021","04","26","16:00","14.5","","-14.0","","13","","0.0","","","M","","M","","","","M","","","","","NA"
"-113.59","51.94","WIMBORNE AGCM","3027582","2021-04-26 17:00","2021","04","26","17:00","14.6","","-14.6","","12","","0.0","","","M","","M","","","","M","","","","","NA"
"-113.59","51.94","WIMBORNE AGCM","3027582","2021-04-26 18:00","2021","04","26","18:00","13.0","","-14.4","","13","","0.0","","","M","","M","","","","M","","","","","NA"
"-113.59","51.94","WIMBORNE AGCM","3027582","2021-04-26 19:00","2021","04","26","19:00","9.5","","-13.3","","19","","0.0","","","M","","M","","","","M","","","","","NA"
"-113.59","51.94","WIMBORNE AGCM","3027582","2021-04-26 20:00","2021","04","26","20:00","3.8","","-11.3","","32","","0.0","","","M","","M","","","","M","","","","","NA"
"-113.59","51.94","WIMBORNE AGCM","3027582","2021-04-26 21:00","2021","04","26","21:00","1.2","","-10.4","","42","","0.0","","","M","","M","","","","M","","","","","NA"
"-113.59","51.94","WIMBORNE AGCM","3027582","2021-04-26 22:00","2021","04","26","22:00","6.5","","-11.6","","26","","0.0","","","M","","M","","","","M","","","","","NA"
"-113.59","51.94","WIMBORNE AGCM","3027582","2021-04-26 23:00","2021","04","26","23:00","7.7","","-11.3","","24","","0.0","","","M","","M","","","","M","","","","","NA"
"-113.59","51.94","WIMBORNE AGCM","3027582","2021-04-27 00:00","2021","04","27","00:00","6.3","","-10.9","","28","","0.0","","","M","","M","","","","M","","","","","NA"
"-113.59","51.94","WIMBORNE AGCM","3027582","2021-04-27 01:00","2021","04","27","01:00","4.9","","-10.7","","31","","0.0","","","M","","M","","","","M","","","","","NA"
"-113.59","51.94","WIMBORNE AGCM","3027582","2021-04-27 02:00","2021","04","27","02:00","0.5","","-10.3","","44","","0.0","","","M","","M","","","","M","","","","","NA"
"-113.59","51.94","WIMBORNE AGCM","3027582","2021-04-27 03:00","2021","04","27","03:00","1.0","","-10.6","","42","","0.0","","","M","","M","","","","M","","","","","NA"
"-113.59","51.94","WIMBORNE AGCM","3027582","2021-04-27 04:00","2021","04","27","04:00","0.5","","-10.0","","46","","0.0","","","M","","M","","","","M","","","","","NA"
"-113.59","51.94","WIMBORNE AGCM","3027582","2021-04-27 05:00","2021","04","27","05:00","0.9","","-9.9","","44","","0.0","","","M","","M","","","","M","","","","","NA"
"-113.59","51.94","WIMBORNE AGCM","3027582","2021-04-27 06:00","2021","04","27","06:00","2.3","","-9.5","","41","","0.0","","","M","","M","","","","M","","","","","NA"
"-113.59","51.94","WIMBORNE AGCM","3027582","2021-04-27 07:00","2021","04","27","07:00","4.3","","-9.0","","37","","0.0","","","M","","M","","","","M","","","","","NA"
"-113.59","51.94","WIMBORNE AGCM","3027582","2021-04-27 08:00","2021","04","27","08:00","8.6","","-8.9","","28","","0.0","","","M","","M","","","","M","","","","","NA"
"-113.59","51.94","WIMBORNE AGCM","3027582","2021-04-27 09:00","2021","04","27","09:00","3.6","","-5.1","","53","","0.0","","","M","","M","","","","M","","","","","NA"
"-113.59","51.94","WIMBORNE AGCM","3027582","2021-04-27 10:00","2021","04","27","10:00","3.7","","-4.5","","55","","0.0","","","M","","M","","","","M","","","","","NA"
"-113.59","51.94","WIMBORNE AGCM","3027582","2021-04-27 11:00","2021","04","27","11:00","5.0","","-3.8","","53","","0.0","","","M","","M","","","","M","","","","","NA"
"-113.59","51.94","WIMBORNE AGCM","3027582","2021-04-27 12:00","2021","04","27","12:00","7.1","","-4.3","","44","","0.0","","","M","","M","","","","M","","","","","NA"
"-113.59","51.94","WIMBORNE AGCM","3027582","2021-04-27 13:00","2021","04","27","13:00","7.6","","-4.2","","43","","0.0","","","M","","M","","","","M","","","","","NA"
"-113.59","51.94","WIMBORNE AGCM","3027582","2021-04-27 14:00","2021","04","27","14:00","8.2","","-4.6","","40","","0.0","","","M","","M","","","","M","","","","","NA"
"-113.59","51.94","WIMBORNE AGCM","3027582","2021-04-27 15:00","2021","04","27","15:00","8.7","","-4.8","","38","","0.0","","","M","","M","","","","M","","","","","NA"
"-113.59","51.94","WIMBORNE AGCM","3027582","2021-04-27 16:00","2021","04","27","16:00","8.8","","-5.5","","36","","0.0","","","M","","M","","","","M","","","","","NA"
"-113.59","51.94","WIMBORNE AGCM","3027582","2021-04-27 17:00","2021","04","27","17:00","7.9","","-5.8","","37","","0.0","","","M","","M","","","","M","","","","","NA"
"-113.59","51.94","WIMBORNE AGCM","3027582","2021-04-27 18:00","2021","04","27","18:00","6.8","","-6.3","","39","","0.0","","","M","","M","","","","M","","","","","NA"
"-113.59","51.94","WIMBORNE AGCM","3027582","2021-04-27 19:00","2021","04","27","19:00","5.3","","-6.4","","42","","0.0","","","M","","M","","","","M","","","","","NA"
"-113.59","51.94","WIMBORNE AGCM","3027582","2021-04-27 20:00","2021","04","27","20:00","3.8","","-6.3","","48","","0.0","","","M","","M","","","","M","","","","","NA"
"-113.59","51.94","WIMBORNE AGCM","3027582","2021-04-27 21:00","2021","04","27","21:00","2.4","","-6.7","","51","","0.0","","","M","","M","","","","M","","","","","NA"
"-113.59","51.94","WIMBORNE AGCM","3027582","2021-04-27 22:00","2021","04","27","22:00","1.4","","-7.1","","53","","0.0","","","M","","M","","","","M","","","","","NA"
"-113.59","51.94","WIMBORNE AGCM","3027582","2021-04-27 23:00","2021","04","27","23:00","0.4","","-7.5","","55","","0.0","","","M","","M","","","","M","","","","","NA"
"-113.59","51.94","WIMBORNE AGCM","3027582","2021-04-28 00:00","2021","04","28","00:00","-1.1","","-7.7","","61","","0.0","","","M","","M","","","","M","","","","","NA"
"-113.59","51.94","WIMBORNE AGCM","3027582","2021-04-28 01:00","2021","04","28","01:00","-2.1","","-7.7","","66","","0.0","","","M","","M","","","","M","","","","","NA"
"-113.59","51.94","WIMBORNE AGCM","3027582","2021-04-28 02:00","2021","04","28","02:00","-2.3","","-8.1","","64","","0.0","","","M","","M","","","","M","","","","","NA"
"-113.59","51.94","WIMBORNE AGCM","3027582","2021-04-28 03:00","2021","04","28","03:00","-3.9","","-7.6","","75","","0.0","","","M","","M","","","","M","","","","","NA"
"-113.59","51.94","WIMBORNE AGCM","3027582","2021-04-28 04:00","2021","04","28","04:00","-3.7","","-8.1","","71","","0.0","","","M","","M","","","","M","","","","","NA"
"-113.59","51.94","WIMBORNE AGCM","3027582","2021-04-28 05:00","2021","04","28","05:00","-5.0","","-7.4","","83","","0.0","","","M","","M","","","","M","","","","","NA"
"-113.59","51.94","WIMBORNE AGCM","3027582","2021-04-28 06:00","2021","04","28","06:00","-3.2","","-7.6","","72","","0.0","","","M","","M","","","","M","","","","","NA"
"-113.59","51.94","WIMBORNE AGCM","3027582","2021-04-28 07:00","2021","04","28","07:00","-0.6","","-6.7","","64","","0.0","","","M","","M","","","","M","","","","","NA"
"-113.59","51.94","WIMBORNE AGCM","3027582","2021-04-28 08:00","2021","04","28","08:00","2.1","","-6.3","","54","","0.0","","","M","","M","","","","M","","","","","NA"
"-113.59","51.94","WIMBORNE AGCM","3027582","2021-04-28 09:00","2021","04","28","09:00","5.6","","-5.8","","44","","0.0","","","M","","M","","","","M","","","","","NA"
"-113.59","51.94","WIMBORNE AGCM","3027582","2021-04-28 10:00","2021","04","28","10:00","9.3","","-5.1","","36","","0.0","","","M","","M","","","","M","","","","","NA"
"-113.59","51.94","WIMBORNE AGCM","3027582","2021-04-28 11:00","2021","04","28","11:00","12.4","","-3.6","","33","","0.0","","","M","","M","","","","M","","","","","NA"
"-113.59","51.94","WIMBORNE AGCM","3027582","2021-04-28 12:00","2021","04","28","12:00","12.1","","-4.7","","30","","0.0","","","M","","M","","","","M","","","","","NA"
"-113.59","51.94","WIMBORNE AGCM","3027582","2021-04-28 13:00","2021","04","28","13:00","13.5","","-4.7","","28","","0.0","","","M","","M","","","","M","","","","","NA"
"-113.59","51.94","WIMBORNE AGCM","3027582","2021-04-28 14:00","2021","04","28","14:00","13.9","","-4.5","","28","","0.0","","","M","","M","","","","M","","","","","NA"
"-113.59","51.94","WIMBORNE AGCM","3027582","2021-04-28 15:00","2021","04","28","15:00","13.3","","-4.0","","30","","0.0","","","M","","M","","","","M","","","","","NA"
"-113.59","51.94","WIMBORNE AGCM","3027582","2021-04-28 16:00","2021","04","28","16:00","14.6","","-4.2","","27","","0.0","","","M","","M","","","","M","","","","","NA"
"-113.59","51.94","WIMBORNE AGCM","3027582","2021-04-28 17:00","2021","04","28","17:00","15.7","","-3.3","","27","","0.0","","","M","","M","","","","M","","","","","NA"
"-113.59","51.94","WIMBORNE AGCM","3027582","2021-04-28 18:00","2021","04","28","18:00","14.2","","-2.6","","31","","0.0","","","M","","M","","","","M","","","","","NA"
"-113.59","51.94","WIMBORNE AGCM","3027582","2021-04-28 19:00","2021","04","28","19:00","12.2","","-2.2","","37","","0.0","","","M","","M","","","","M","","","","","NA"
"-113.59","51.94","WIMBORNE AGCM","3027582","2021-04-28 20:00","2021","04","28","20:00","9.2","","-3.4","","41","","0.0","","","M","","M","","","","M","","","","","NA"
"-113.59","51.94","WIMBORNE AGCM","3027582","2021-04-28 21:00","2021","04","28","21:00","5.2","","-2.7","","57","","0.0","","","M","","M","","","","M","","","","","NA"
"-113.59","51.94","WIMBORNE AGCM","3027582","2021-04-28 22:00","2021","04","28","22:00","3.9","","-2.1","","65","","0.0","","","M","","M","","","","M","","","","","NA"
"-113.59","51.94","WIMBORNE AGCM","3027582","2021-04-28 23:00","2021","04","28","23:00","1.0","","-3.3","","73","","0.0","","","M","","M","","","","M","","","","","NA"
"-113.59","51.94","WIMBORNE AGCM","3027582","2021-04-29 00:00","2021","04","29","00:00","0.1","","-2.2","","85","","0.0","","","M","","M","","","","M","","","","","NA"
"-113.59","51.94","WIMBORNE AGCM","3027582","2021-04-29 01:00","2021","04","29","01:00","0.9","","-1.1","","86","","0.0","","","M","","M","","","","M","","","","","NA"
"-113.59","51.94","WIMBORNE AGCM","3027582","2021-04-29 02:00","2021","04","29","02:00","3.2","","-1.0","","74","","0.0","","","M","","M","","","","M","","","","","NA"
"-113.59","51.94","WIMBORNE AGCM","3027582","2021-04-29 03:00","2021","04","29","03:00","0.8","","-2.2","","81","","0.0","","","M","","M","","","","M","","","","","NA"
"-113.59","51.94","WIMBORNE AGCM","3027582","2021-04-29 04:00","2021","04","29","04:00","0.4","","-2.0","","84","","0.0","","","M","","M","","","","M","","","","","NA"
"-113.59","51.94","WIMBORNE AGCM","3027582","2021-04-29 05:00","2021","04","29","05:00","-0.5","","-2.5","","87","","0.0","","","M","","M","","","","M","","","","","NA"
"-113.59","51.94","WIMBORNE AGCM","3027582","2021-04-29 06:00","2021","04","29","06:00","-0.2","","-1.6","","90","","0.0","","","M","","M","","","","M","","","","","NA"
"-113.59","51.94","WIMBORNE AGCM","3027582","2021-04-29 07:00","2021","04","29","07:00","4.1","","-0.7","","71","","0.0","","","M","","M","","","","M","","","","","NA"
"-113.59","51.94","WIMBORNE AGCM","3027582","2021-04-29 08:00","2021","04","29","08:00","6.9","","-0.8","","58","","0.0","","","M","","M","","","","M","","","","","NA"
"-113.59","51.94","WIMBORNE AGCM","3027582","2021-04-29 09:00","2021","04","29","09:00","9.0","","-0.9","","50","","0.0","","","M","","M","","","","M","","","","","NA"
"-113.59","51.94","WIMBORNE AGCM","3027582","2021-04-29 10:00","2021","04","29","10:00","11.9","","-1.1","","41","","0.0","","","M","","M","","","","M","","","","","NA"
"-113.59","51.94","WIMBORNE AGCM","3027582","2021-04-29 11:00","2021","04","29","11:00","14.8","","-0.8","","34","","0.0","","","M","","M","","","","M","","","","","NA"
"-113.59","51.94","WIMBORNE AGCM","3027582","2021-04-29 12:00","2021","04","29","12:00","16.3","","-1.2","","30","","0.0","","","M","","M","","","","M","","","","","NA"
"-113.59","51.94","WIMBORNE AGCM","3027582","2021-04-29 13:00","2021","04","29","13:00","17.6","","-1.0","","28","","0.0","","","M","","M","","","","M","","","","","NA"
"-113.59","51.94","WIMBORNE AGCM","3027582","2021-04-29 14:00","2021","04","29","14:00","19.0","","-0.8","","26","","0.0","","","M","","M","","","","M","","","","","NA"
"-113.59","51.94","WIMBORNE AGCM","3027582","2021-04-29 15:00","2021","04","29","15:00","19.7","","-1.2","","24","","0.0","","","M","","M","","","","M","","","","","NA"
"-113.59","51.94","WIMBORNE AGCM","3027582","2021-04-29 16:00","2021","04","29","16:00","19.8","","-1.0","","25","","0.0","","","M","","M","","","","M","","","","","NA"
"-113.59","51.94","WIMBORNE AGCM","3027582","2021-04-29 17:00","2021","04","29","17:00","19.9","","-0.7","","25","","0.0","","","M","","M","","","","M","","","","","NA"
"-113.59","51.94","WIMBORNE AGCM","3027582","2021-04-29 18:00","2021","04","29","18:00","18.9","","-0.5","","27","","0.0","","","M","","M","","","","M","","","","","NA"
"-113.59","51.94","WIMBORNE AGCM","3027582","2021-04-29 19:00","2021","04","29","19:00","17.2","","-0.5","","30","","0.0","","","M","","M","","","","M","","","","","NA"
"-113.59","51.94","WIMBORNE AGCM","3027582","2021-04-29 20:00","2021","04","29","20:00","14.2","","-0.6","","36","","0.0","","","M","","M","","","","M","","","","","NA"
"-113.59","51.94","WIMBORNE AGCM","3027582","2021-04-29 21:00","2021","04","29","21:00","11.4","","0.1","","46","","0.0","","","M","","M","","","","M","","","","","NA"
"-113.59","51.94","WIMBORNE AGCM","3027582","2021-04-29 22:00","2021","04","29","22:00","11.6","","0.7","","47","","0.0","","","M","","M","","","","M","","","","","NA"
"-113.59","51.94","WIMBORNE AGCM","3027582","2021-04-29 23:00","2021","04","29","23:00","11.5","","1.3","","49","","0.0","","","M","","M","","","","M","","","","","NA"
"-113.59","51.94","WIMBORNE AGCM","3027582","2021-04-30 00:00","2021","04","30","00:00","12.6","","0.6","","44","","0.0","","","M","","M","","","","M","","","","","NA"
"-113.59","51.94","WIMBORNE AGCM","3027582","2021-04-30 01:00","2021","04","30","01:00","12.0","","0.3","","45","","0.0","","","M","","M","","","","M","","","","","NA"
"-113.59","51.94","WIMBORNE AGCM","3027582","2021-04-30 02:00","2021","04","30","02:00","10.6","","0.1","","48","","0.0","","","M","","M","","","","M","","","","","NA"
"-113.59","51.94","WIMBORNE AGCM","3027582","2021-04-30 03:00","2021","04","30","03:00","12.2","","0.2","","44","","0.0","","","M","","M","","","","M","","","","","NA"
"-113.59","51.94","WIMBORNE AGCM","3027582","2021-04-30 04:00","2021","04","30","04:00","9.1","","-0.1","","52","","0.0","","","M","","M","","","","M","","","","","NA"
"-113.59","51.94","WIMBORNE AGCM","3027582","2021-04-30 05:00","2021","04","30","05:00","8.9","","-0.3","","52","","0.0","","","M","","M","","","","M","","","","","NA"
"-113.59","51.94","WIMBORNE AGCM","3027582","2021-04-30 06:00","2021","04","30","06:00","9.9","","-0.4","","49","","0.0","","","M","","M","","","","M","","","","","NA"
"-113.59","51.94","WIMBORNE AGCM","3027582","2021-04-30 07:00","2021","04","30","07:00","13.1","","-0.2","","40","","0.0","","","M","","M","","","","M","","","","","NA"
"-113.59","51.94","WIMBORNE AGCM","3027582","2021-04-30 08:00","2021","04","30","08:00","16.1","","-0.2","","33","","0.0","","","M","","M","","","","M","","","","","NA"
"-113.59","51.94","WIMBORNE AGCM","3027582","2021-04-30 09:00","2021","04","30","09:00","19.2","","-0.8","","26","","0.0","","","M","","M","","","","M","","","","","NA"
"-113.59","51.94","WIMBORNE AGCM","3027582","2021-04-30 10:00","2021","04","30","10:00","20.8","","-1.1","","23","","0.0","","","M","","M","","","","M","","","","","NA"
"-113.59","51.94","WIMBORNE AGCM","3027582","2021-04-30 11:00","2021","04","30","11:00","22.0","","-5.5","","15","","0.0","","","M","","M","","","","M","","","","","NA"
"-113.59","51.94","WIMBORNE AGCM","3027582","2021-04-30 12:00","2021","04","30","12:00","21.0","","-2.8","","20","","0.0","","","M","","M","","","","M","","","","","NA"
"-113.59","51.94","WIMBORNE AGCM","3027582","2021-04-30 13:00","2021","04","30","13:00","23.4","","-2.7","","17","","0.0","","","M","","M","","","","M","","","","","NA"
"-113.59","51.94","WIMBORNE AGCM","3027582","2021-04-30 14:00","2021","04","30","14:00","22.1","","-3.8","","17","","0.0","","","M","","M","","","","M","","","","","NA"
"-113.59","51.94","WIMBORNE AGCM","3027582","2021-04-30 15:00","2021","04","30","15:00","21.4","","-4.7","","17","","0.0","","","M","","M","","","","M","","","","","NA"
"-113.59","51.94","WIMBORNE AGCM","3027582","2021-04-30 16:00","2021","04","30","16:00","23.2","","-6.5","","13","","0.0","","","M","","M","","","","M","","","","","NA"
"-113.59","51.94","WIMBORNE AGCM","3027582","2021-04-30 17:00","2021","04","30","17:00","21.9","","-9.8","","11","","0.0","","","M","","M","","","","M","","","","","NA"
"-113.59","51.94","WIMBORNE AGCM","3027582","2021-04-30 18:00","2021","04","30","18:00","20.3","","-7.7","","14","","0.0","","","M","","M","","","","M","","","","","NA"
"-113.59","51.94","WIMBORNE AGCM","3027582","2021-04-30 19:00","2021","04","30","19:00","18.6","","-6.7","","17","","0.0","","","M","","M","","","","M","","","","","NA"
"-113.59","51.94","WIMBORNE AGCM","3027582","2021-04-30 20:00","2021","04","30","20:00","15.2","","-5.8","","23","","0.0","","","M","","M","","","","M","","","","","NA"
"-113.59","51.94","WIMBORNE AGCM","3027582","2021-04-30 21:00","2021","04","30","21:00","11.0","","-4.4","","33","","0.0","","","M","","M","","","","M","","","","","NA"
"-113.59","51.94","WIMBORNE AGCM","3027582","2021-04-30 22:00","2021","04","30","22:00","9.9","","-2.3","","42","","0.0","","","M","","M","","","","M","","","","","NA"
"-113.59","51.94","WIMBORNE AGCM","3027582","2021-04-30 23:00","2021","04","30","23:00","9.0","","-1.4","","48","","0.0","","","M","","M","","","","M","","","","","NA"
