"Longitude (x)","Latitude (y)","Station Name","Climate ID","Date/Time (LST)","Year","Month","Day","Time (LST)","Temp (°C)","Temp Flag","Dew Point Temp (°C)","Dew Point Temp Flag","Rel Hum (%)","Rel Hum Flag","Precip. Amount (mm)","Precip. Amount Flag","Wind Dir (10s deg)","Wind Dir Flag","Wind Spd (km/h)","Wind Spd Flag","Visibility (km)","Visibility Flag","Stn Press (kPa)","Stn Press Flag","Hmdx","Hmdx Flag","Wind Chill","Wind Chill Flag","Weather"
"-113.92","53.93","BUSBY AGCM","3010979","2023-02-01 00:00","2023","02","01","00:00","-13.4","","-14.0","","95","","0.0","","","M","","M","","","","M","","","","","NA"
"-113.92","53.93","BUSBY AGCM","3010979","2023-02-01 01:00","2023","02","01","01:00","-13.9","","-14.6","","95","","0.0","","","M","","M","","","","M","","","","","NA"
"-113.92","53.93","BUSBY AGCM","3010979","2023-02-01 02:00","2023","02","01","02:00","-14.3","","-15.1","","94","","0.5","","","M","","M","","","","M","","","","","NA"
"-113.92","53.93","BUSBY AGCM","3010979","2023-02-01 03:00","2023","02","01","03:00","-15.5","","-16.3","","93","","0.0","","","M","","M","","","","M","","","","","NA"
"-113.92","53.93","BUSBY AGCM","3010979","2023-02-01 04:00","2023","02","01","04:00","-15.0","","-15.8","","93","","0.0","","","M","","M","","","","M","","","","","NA"
"-113.92","53.93","BUSBY AGCM","3010979","2023-02-01 05:00","2023","02","01","05:00","-14.6","","-15.5","","93","","0.0","","","M","","M","","","","M","","","","","NA"
"-113.92","53.93","BUSBY AGCM","3010979","2023-02-01 06:00","2023","02","01","06:00","-14.9","","-15.9","","91","","0.0","","","M","","M","","","","M","","","","","NA"
"-113.92","53.93","BUSBY AGCM","3010979","2023-02-01 07:00","2023","02","01","07:00","-14.9","","-16.1","","90","","0.0","","","M","","M","","","","M","","","","","NA"
"-113.92","53.93","BUSBY AGCM","3010979","2023-02-01 08:00","2023","02","01","08:00","-15.9","","-17.4","","88","","0.5","","","M","","M","","","","M","","","","","NA"
"-113.92","53.93","BUSBY AGCM","3010979","2023-02-01 09:00","2023","02","01","09:00","-17.0","","-18.7","","87","","0.0","","","M","","M","","","","M","","","","","NA"
"-113.92","53.93","BUSBY AGCM","3010979","2023-02-01 10:00","2023","02","01","10:00","-17.7","","-19.6","","85","","0.5","","","M","","M","","","","M","","","","","NA"
"-113.92","53.93","BUSBY AGCM","3010979","2023-02-01 11:00","2023","02","01","11:00","-17.8","","-20.2","","81","","0.0","","","M","","M","","","","M","","","","","NA"
"-113.92","53.93","BUSBY AGCM","3010979","2023-02-01 12:00","2023","02","01","12:00","-17.9","","-20.1","","82","","0.0","","","M","","M","","","","M","","","","","NA"
"-113.92","53.93","BUSBY AGCM","3010979","2023-02-01 13:00","2023","02","01","13:00","-18.4","","-21.3","","78","","0.0","","","M","","M","","","","M","","","","","NA"
"-113.92","53.93","BUSBY AGCM","3010979","2023-02-01 14:00","2023","02","01","14:00","-19.0","","-22.2","","76","","0.0","","","M","","M","","","","M","","","","","NA"
"-113.92","53.93","BUSBY AGCM","3010979","2023-02-01 15:00","2023","02","01","15:00","-19.1","","-24.1","","65","","0.0","","","M","","M","","","","M","","","","","NA"
"-113.92","53.93","BUSBY AGCM","3010979","2023-02-01 16:00","2023","02","01","16:00","-19.1","","-23.8","","67","","0.0","","","M","","M","","","","M","","","","","NA"
"-113.92","53.93","BUSBY AGCM","3010979","2023-02-01 17:00","2023","02","01","17:00","-19.8","","-24.4","","67","","0.0","","","M","","M","","","","M","","","","","NA"
"-113.92","53.93","BUSBY AGCM","3010979","2023-02-01 18:00","2023","02","01","18:00","-20.2","","-24.2","","70","","0.0","","","M","","M","","","","M","","","","","NA"
"-113.92","53.93","BUSBY AGCM","3010979","2023-02-01 19:00","2023","02","01","19:00","-20.3","","-24.1","","72","","0.0","","","M","","M","","","","M","","","","","NA"
"-113.92","53.93","BUSBY AGCM","3010979","2023-02-01 20:00","2023","02","01","20:00","-20.8","","-23.8","","77","","0.0","","","M","","M","","","","M","","","","","NA"
"-113.92","53.93","BUSBY AGCM","3010979","2023-02-01 21:00","2023","02","01","21:00","-20.9","","-23.6","","79","","0.0","","","M","","M","","","","M","","","","","NA"
"-113.92","53.93","BUSBY AGCM","3010979","2023-02-01 22:00","2023","02","01","22:00","-21.5","","-24.3","","78","","0.4","","","M","","M","","","","M","","","","","NA"
"-113.92","53.93","BUSBY AGCM","3010979","2023-02-01 23:00","2023","02","01","23:00","-21.9","","-24.9","","77","","0.0","","","M","","M","","","","M","","","","","NA"
"-113.92","53.93","BUSBY AGCM","3010979","2023-02-02 00:00","2023","02","02","00:00","-21.8","","-25.1","","75","","0.0","","","M","","M","","","","M","","","","","NA"
"-113.92","53.93","BUSBY AGCM","3010979","2023-02-02 01:00","2023","02","02","01:00","-21.9","","-24.8","","77","","0.0","","","M","","M","","","","M","","","","","NA"
"-113.92","53.93","BUSBY AGCM","3010979","2023-02-02 02:00","2023","02","02","02:00","-21.6","","-24.5","","78","","0.0","","","M","","M","","","","M","","","","","NA"
"-113.92","53.93","BUSBY AGCM","3010979","2023-02-02 03:00","2023","02","02","03:00","-21.4","","-23.8","","81","","0.0","","","M","","M","","","","M","","","","","NA"
"-113.92","53.93","BUSBY AGCM","3010979","2023-02-02 04:00","2023","02","02","04:00","-21.4","","-24.0","","80","","0.0","","","M","","M","","","","M","","","","","NA"
"-113.92","53.93","BUSBY AGCM","3010979","2023-02-02 05:00","2023","02","02","05:00","-22.0","","-24.8","","78","","0.0","","","M","","M","","","","M","","","","","NA"
"-113.92","53.93","BUSBY AGCM","3010979","2023-02-02 06:00","2023","02","02","06:00","-21.6","","-24.5","","77","","0.0","","","M","","M","","","","M","","","","","NA"
"-113.92","53.93","BUSBY AGCM","3010979","2023-02-02 07:00","2023","02","02","07:00","-21.2","","-23.9","","79","","0.0","","","M","","M","","","","M","","","","","NA"
"-113.92","53.93","BUSBY AGCM","3010979","2023-02-02 08:00","2023","02","02","08:00","-20.6","","-23.2","","80","","0.0","","","M","","M","","","","M","","","","","NA"
"-113.92","53.93","BUSBY AGCM","3010979","2023-02-02 09:00","2023","02","02","09:00","-19.4","","-21.7","","82","","0.0","","","M","","M","","","","M","","","","","NA"
"-113.92","53.93","BUSBY AGCM","3010979","2023-02-02 10:00","2023","02","02","10:00","-17.8","","-20.4","","81","","0.0","","","M","","M","","","","M","","","","","NA"
"-113.92","53.93","BUSBY AGCM","3010979","2023-02-02 11:00","2023","02","02","11:00","-17.1","","-19.7","","80","","0.0","","","M","","M","","","","M","","","","","NA"
"-113.92","53.93","BUSBY AGCM","3010979","2023-02-02 12:00","2023","02","02","12:00","-16.3","","-18.8","","81","","0.0","","","M","","M","","","","M","","","","","NA"
"-113.92","53.93","BUSBY AGCM","3010979","2023-02-02 13:00","2023","02","02","13:00","-15.1","","-17.7","","81","","0.0","","","M","","M","","","","M","","","","","NA"
"-113.92","53.93","BUSBY AGCM","3010979","2023-02-02 14:00","2023","02","02","14:00","-14.5","","-17.2","","80","","0.0","","","M","","M","","","","M","","","","","NA"
"-113.92","53.93","BUSBY AGCM","3010979","2023-02-02 15:00","2023","02","02","15:00","-13.9","","-16.6","","80","","0.0","","","M","","M","","","","M","","","","","NA"
"-113.92","53.93","BUSBY AGCM","3010979","2023-02-02 16:00","2023","02","02","16:00","-13.8","","-16.6","","80","","0.0","","","M","","M","","","","M","","","","","NA"
"-113.92","53.93","BUSBY AGCM","3010979","2023-02-02 17:00","2023","02","02","17:00","-14.1","","-16.7","","81","","0.0","","","M","","M","","","","M","","","","","NA"
"-113.92","53.93","BUSBY AGCM","3010979","2023-02-02 18:00","2023","02","02","18:00","-14.1","","-16.5","","82","","0.0","","","M","","M","","","","M","","","","","NA"
"-113.92","53.93","BUSBY AGCM","3010979","2023-02-02 19:00","2023","02","02","19:00","-14.1","","-16.4","","83","","0.0","","","M","","M","","","","M","","","","","NA"
"-113.92","53.93","BUSBY AGCM","3010979","2023-02-02 20:00","2023","02","02","20:00","-14.5","","-16.6","","84","","0.0","","","M","","M","","","","M","","","","","NA"
"-113.92","53.93","BUSBY AGCM","3010979","2023-02-02 21:00","2023","02","02","21:00","-14.8","","-16.9","","84","","0.0","","","M","","M","","","","M","","","","","NA"
"-113.92","53.93","BUSBY AGCM","3010979","2023-02-02 22:00","2023","02","02","22:00","-15.2","","-17.2","","85","","0.0","","","M","","M","","","","M","","","","","NA"
"-113.92","53.93","BUSBY AGCM","3010979","2023-02-02 23:00","2023","02","02","23:00","-15.3","","-17.3","","85","","0.0","","","M","","M","","","","M","","","","","NA"
"-113.92","53.93","BUSBY AGCM","3010979","2023-02-03 00:00","2023","02","03","00:00","-15.2","","-17.1","","85","","0.0","","","M","","M","","","","M","","","","","NA"
"-113.92","53.93","BUSBY AGCM","3010979","2023-02-03 01:00","2023","02","03","01:00","-15.4","","-17.2","","86","","0.0","","","M","","M","","","","M","","","","","NA"
"-113.92","53.93","BUSBY AGCM","3010979","2023-02-03 02:00","2023","02","03","02:00","-15.6","","-17.3","","87","","0.0","","","M","","M","","","","M","","","","","NA"
"-113.92","53.93","BUSBY AGCM","3010979","2023-02-03 03:00","2023","02","03","03:00","-14.9","","-16.5","","87","","0.0","","","M","","M","","","","M","","","","","NA"
"-113.92","53.93","BUSBY AGCM","3010979","2023-02-03 04:00","2023","02","03","04:00","-14.2","","-15.9","","86","","0.0","","","M","","M","","","","M","","","","","NA"
"-113.92","53.93","BUSBY AGCM","3010979","2023-02-03 05:00","2023","02","03","05:00","-14.3","","-15.9","","88","","0.0","","","M","","M","","","","M","","","","","NA"
"-113.92","53.93","BUSBY AGCM","3010979","2023-02-03 06:00","2023","02","03","06:00","-14.3","","-15.8","","88","","0.0","","","M","","M","","","","M","","","","","NA"
"-113.92","53.93","BUSBY AGCM","3010979","2023-02-03 07:00","2023","02","03","07:00","-12.6","","-14.4","","86","","0.0","","","M","","M","","","","M","","","","","NA"
"-113.92","53.93","BUSBY AGCM","3010979","2023-02-03 08:00","2023","02","03","08:00","-12.1","","-14.0","","86","","0.0","","","M","","M","","","","M","","","","","NA"
"-113.92","53.93","BUSBY AGCM","3010979","2023-02-03 09:00","2023","02","03","09:00","-10.1","","-12.2","","85","","0.0","","","M","","M","","","","M","","","","","NA"
"-113.92","53.93","BUSBY AGCM","3010979","2023-02-03 10:00","2023","02","03","10:00","-7.4","","-10.3","","80","","0.0","","","M","","M","","","","M","","","","","NA"
"-113.92","53.93","BUSBY AGCM","3010979","2023-02-03 11:00","2023","02","03","11:00","-5.8","","-9.3","","76","","0.0","","","M","","M","","","","M","","","","","NA"
"-113.92","53.93","BUSBY AGCM","3010979","2023-02-03 12:00","2023","02","03","12:00","-2.6","","-7.1","","71","","0.0","","","M","","M","","","","M","","","","","NA"
"-113.92","53.93","BUSBY AGCM","3010979","2023-02-03 13:00","2023","02","03","13:00","1.6","","-4.6","","63","","0.0","","","M","","M","","","","M","","","","","NA"
"-113.92","53.93","BUSBY AGCM","3010979","2023-02-03 14:00","2023","02","03","14:00","2.8","","-4.5","","58","","0.0","","","M","","M","","","","M","","","","","NA"
"-113.92","53.93","BUSBY AGCM","3010979","2023-02-03 15:00","2023","02","03","15:00","3.0","","-4.9","","56","","0.0","","","M","","M","","","","M","","","","","NA"
"-113.92","53.93","BUSBY AGCM","3010979","2023-02-03 16:00","2023","02","03","16:00","0.0","","-4.9","","69","","0.0","","","M","","M","","","","M","","","","","NA"
"-113.92","53.93","BUSBY AGCM","3010979","2023-02-03 17:00","2023","02","03","17:00","0.0","","-4.3","","72","","0.0","","","M","","M","","","","M","","","","","NA"
"-113.92","53.93","BUSBY AGCM","3010979","2023-02-03 18:00","2023","02","03","18:00","-1.5","","-5.2","","76","","0.0","","","M","","M","","","","M","","","","","NA"
"-113.92","53.93","BUSBY AGCM","3010979","2023-02-03 19:00","2023","02","03","19:00","-0.5","","-4.4","","75","","0.0","","","M","","M","","","","M","","","","","NA"
"-113.92","53.93","BUSBY AGCM","3010979","2023-02-03 20:00","2023","02","03","20:00","-0.9","","-4.2","","78","","0.0","","","M","","M","","","","M","","","","","NA"
"-113.92","53.93","BUSBY AGCM","3010979","2023-02-03 21:00","2023","02","03","21:00","-1.6","","-3.9","","84","","0.0","","","M","","M","","","","M","","","","","NA"
"-113.92","53.93","BUSBY AGCM","3010979","2023-02-03 22:00","2023","02","03","22:00","-0.7","","-3.4","","82","","0.0","","","M","","M","","","","M","","","","","NA"
"-113.92","53.93","BUSBY AGCM","3010979","2023-02-03 23:00","2023","02","03","23:00","-0.7","","-3.5","","82","","0.0","","","M","","M","","","","M","","","","","NA"
"-113.92","53.93","BUSBY AGCM","3010979","2023-02-04 00:00","2023","02","04","00:00","-1.5","","-3.4","","87","","0.0","","","M","","M","","","","M","","","","","NA"
"-113.92","53.93","BUSBY AGCM","3010979","2023-02-04 01:00","2023","02","04","01:00","0.7","","-1.4","","86","","0.0","","","M","","M","","","","M","","","","","NA"
"-113.92","53.93","BUSBY AGCM","3010979","2023-02-04 02:00","2023","02","04","02:00","-2.0","","-3.8","","87","","0.0","","","M","","M","","","","M","","","","","NA"
"-113.92","53.93","BUSBY AGCM","3010979","2023-02-04 03:00","2023","02","04","03:00","-3.6","","-4.6","","93","","0.0","","","M","","M","","","","M","","","","","NA"
"-113.92","53.93","BUSBY AGCM","3010979","2023-02-04 04:00","2023","02","04","04:00","-2.8","","-3.7","","94","","0.0","","","M","","M","","","","M","","","","","NA"
"-113.92","53.93","BUSBY AGCM","3010979","2023-02-04 05:00","2023","02","04","05:00","-2.7","","-3.9","","91","","0.0","","","M","","M","","","","M","","","","","NA"
"-113.92","53.93","BUSBY AGCM","3010979","2023-02-04 06:00","2023","02","04","06:00","-1.8","","-2.8","","93","","0.0","","","M","","M","","","","M","","","","","NA"
"-113.92","53.93","BUSBY AGCM","3010979","2023-02-04 07:00","2023","02","04","07:00","-1.9","","-2.8","","94","","0.0","","","M","","M","","","","M","","","","","NA"
"-113.92","53.93","BUSBY AGCM","3010979","2023-02-04 08:00","2023","02","04","08:00","-1.2","","-2.1","","94","","0.0","","","M","","M","","","","M","","","","","NA"
"-113.92","53.93","BUSBY AGCM","3010979","2023-02-04 09:00","2023","02","04","09:00","2.2","","-0.9","","80","","0.0","","","M","","M","","","","M","","","","","NA"
"-113.92","53.93","BUSBY AGCM","3010979","2023-02-04 10:00","2023","02","04","10:00","2.2","","-0.7","","81","","0.0","","","M","","M","","","","M","","","","","NA"
"-113.92","53.93","BUSBY AGCM","3010979","2023-02-04 11:00","2023","02","04","11:00","2.9","","-0.1","","81","","0.0","","","M","","M","","","","M","","","","","NA"
"-113.92","53.93","BUSBY AGCM","3010979","2023-02-04 12:00","2023","02","04","12:00","3.6","","-0.3","","76","","0.0","","","M","","M","","","","M","","","","","NA"
"-113.92","53.93","BUSBY AGCM","3010979","2023-02-04 13:00","2023","02","04","13:00","4.1","","-0.4","","72","","0.0","","","M","","M","","","","M","","","","","NA"
"-113.92","53.93","BUSBY AGCM","3010979","2023-02-04 14:00","2023","02","04","14:00","5.0","","-1.3","","64","","0.0","","","M","","M","","","","M","","","","","NA"
"-113.92","53.93","BUSBY AGCM","3010979","2023-02-04 15:00","2023","02","04","15:00","5.4","","-1.8","","60","","0.0","","","M","","M","","","","M","","","","","NA"
"-113.92","53.93","BUSBY AGCM","3010979","2023-02-04 16:00","2023","02","04","16:00","3.4","","-2.5","","65","","0.0","","","M","","M","","","","M","","","","","NA"
"-113.92","53.93","BUSBY AGCM","3010979","2023-02-04 17:00","2023","02","04","17:00","2.0","","-3.3","","68","","0.0","","","M","","M","","","","M","","","","","NA"
"-113.92","53.93","BUSBY AGCM","3010979","2023-02-04 18:00","2023","02","04","18:00","-1.5","","-4.2","","82","","0.0","","","M","","M","","","","M","","","","","NA"
"-113.92","53.93","BUSBY AGCM","3010979","2023-02-04 19:00","2023","02","04","19:00","0.0","","-4.4","","73","","0.0","","","M","","M","","","","M","","","","","NA"
"-113.92","53.93","BUSBY AGCM","3010979","2023-02-04 20:00","2023","02","04","20:00","-0.9","","-4.8","","75","","0.0","","","M","","M","","","","M","","","","","NA"
"-113.92","53.93","BUSBY AGCM","3010979","2023-02-04 21:00","2023","02","04","21:00","-2.2","","-5.5","","78","","0.0","","","M","","M","","","","M","","","","","NA"
"-113.92","53.93","BUSBY AGCM","3010979","2023-02-04 22:00","2023","02","04","22:00","-2.6","","-6.0","","78","","0.0","","","M","","M","","","","M","","","","","NA"
"-113.92","53.93","BUSBY AGCM","3010979","2023-02-04 23:00","2023","02","04","23:00","-2.5","","-5.6","","79","","0.0","","","M","","M","","","","M","","","","","NA"
"-113.92","53.93","BUSBY AGCM","3010979","2023-02-05 00:00","2023","02","05","00:00","-3.9","","-6.8","","81","","0.0","","","M","","M","","","","M","","","","","NA"
"-113.92","53.93","BUSBY AGCM","3010979","2023-02-05 01:00","2023","02","05","01:00","-5.4","","-7.1","","88","","0.0","","","M","","M","","","","M","","","","","NA"
"-113.92","53.93","BUSBY AGCM","3010979","2023-02-05 02:00","2023","02","05","02:00","-6.7","","-8.0","","90","","0.0","","","M","","M","","","","M","","","","","NA"
"-113.92","53.93","BUSBY AGCM","3010979","2023-02-05 03:00","2023","02","05","03:00","-6.7","","-8.2","","89","","0.0","","","M","","M","","","","M","","","","","NA"
"-113.92","53.93","BUSBY AGCM","3010979","2023-02-05 04:00","2023","02","05","04:00","-6.8","","-9.0","","85","","0.0","","","M","","M","","","","M","","","","","NA"
"-113.92","53.93","BUSBY AGCM","3010979","2023-02-05 05:00","2023","02","05","05:00","-7.9","","-9.3","","90","","0.0","","","M","","M","","","","M","","","","","NA"
"-113.92","53.93","BUSBY AGCM","3010979","2023-02-05 06:00","2023","02","05","06:00","-7.3","","-9.0","","88","","0.0","","","M","","M","","","","M","","","","","NA"
"-113.92","53.93","BUSBY AGCM","3010979","2023-02-05 07:00","2023","02","05","07:00","-5.1","","-7.8","","81","","0.0","","","M","","M","","","","M","","","","","NA"
"-113.92","53.93","BUSBY AGCM","3010979","2023-02-05 08:00","2023","02","05","08:00","-6.3","","-8.4","","85","","0.0","","","M","","M","","","","M","","","","","NA"
"-113.92","53.93","BUSBY AGCM","3010979","2023-02-05 09:00","2023","02","05","09:00","-5.5","","-8.0","","82","","0.4","","","M","","M","","","","M","","","","","NA"
"-113.92","53.93","BUSBY AGCM","3010979","2023-02-05 10:00","2023","02","05","10:00","-4.6","","-7.6","","79","","0.0","","","M","","M","","","","M","","","","","NA"
"-113.92","53.93","BUSBY AGCM","3010979","2023-02-05 11:00","2023","02","05","11:00","-3.1","","-7.3","","73","","0.0","","","M","","M","","","","M","","","","","NA"
"-113.92","53.93","BUSBY AGCM","3010979","2023-02-05 12:00","2023","02","05","12:00","-1.7","","-6.5","","70","","0.0","","","M","","M","","","","M","","","","","NA"
"-113.92","53.93","BUSBY AGCM","3010979","2023-02-05 13:00","2023","02","05","13:00","0.3","","-4.8","","68","","0.0","","","M","","M","","","","M","","","","","NA"
"-113.92","53.93","BUSBY AGCM","3010979","2023-02-05 14:00","2023","02","05","14:00","2.1","","-4.4","","62","","0.0","","","M","","M","","","","M","","","","","NA"
"-113.92","53.93","BUSBY AGCM","3010979","2023-02-05 15:00","2023","02","05","15:00","3.7","","-2.8","","62","","0.0","","","M","","M","","","","M","","","","","NA"
"-113.92","53.93","BUSBY AGCM","3010979","2023-02-05 16:00","2023","02","05","16:00","3.7","","-2.0","","66","","0.0","","","M","","M","","","","M","","","","","NA"
"-113.92","53.93","BUSBY AGCM","3010979","2023-02-05 17:00","2023","02","05","17:00","3.2","","-2.1","","68","","0.0","","","M","","M","","","","M","","","","","NA"
"-113.92","53.93","BUSBY AGCM","3010979","2023-02-05 18:00","2023","02","05","18:00","2.7","","-2.5","","69","","0.0","","","M","","M","","","","M","","","","","NA"
"-113.92","53.93","BUSBY AGCM","3010979","2023-02-05 19:00","2023","02","05","19:00","2.3","","-2.8","","69","","0.0","","","M","","M","","","","M","","","","","NA"
"-113.92","53.93","BUSBY AGCM","3010979","2023-02-05 20:00","2023","02","05","20:00","1.7","","-2.8","","72","","0.0","","","M","","M","","","","M","","","","","NA"
"-113.92","53.93","BUSBY AGCM","3010979","2023-02-05 21:00","2023","02","05","21:00","5.7","","-2.5","","56","","0.0","","","M","","M","","","","M","","","","","NA"
"-113.92","53.93","BUSBY AGCM","3010979","2023-02-05 22:00","2023","02","05","22:00","4.5","","-4.7","","51","","0.0","","","M","","M","","","","M","","","","","NA"
"-113.92","53.93","BUSBY AGCM","3010979","2023-02-05 23:00","2023","02","05","23:00","2.9","","-4.7","","57","","0.0","","","M","","M","","","","M","","","","","NA"
"-113.92","53.93","BUSBY AGCM","3010979","2023-02-06 00:00","2023","02","06","00:00","2.4","","-4.1","","62","","0.0","","","M","","M","","","","M","","","","","NA"
"-113.92","53.93","BUSBY AGCM","3010979","2023-02-06 01:00","2023","02","06","01:00","2.1","","-2.7","","70","","0.0","","","M","","M","","","","M","","","","","NA"
"-113.92","53.93","BUSBY AGCM","3010979","2023-02-06 02:00","2023","02","06","02:00","-0.3","","-4.0","","76","","0.0","","","M","","M","","","","M","","","","","NA"
"-113.92","53.93","BUSBY AGCM","3010979","2023-02-06 03:00","2023","02","06","03:00","-1.5","","-6.6","","68","","0.0","","","M","","M","","","","M","","","","","NA"
"-113.92","53.93","BUSBY AGCM","3010979","2023-02-06 04:00","2023","02","06","04:00","-4.0","","-7.1","","79","","0.0","","","M","","M","","","","M","","","","","NA"
"-113.92","53.93","BUSBY AGCM","3010979","2023-02-06 05:00","2023","02","06","05:00","-6.8","","-8.6","","86","","0.0","","","M","","M","","","","M","","","","","NA"
"-113.92","53.93","BUSBY AGCM","3010979","2023-02-06 06:00","2023","02","06","06:00","-7.9","","-9.3","","90","","0.0","","","M","","M","","","","M","","","","","NA"
"-113.92","53.93","BUSBY AGCM","3010979","2023-02-06 07:00","2023","02","06","07:00","-7.7","","-8.6","","93","","0.0","","","M","","M","","","","M","","","","","NA"
"-113.92","53.93","BUSBY AGCM","3010979","2023-02-06 08:00","2023","02","06","08:00","-7.1","","-7.8","","95","","0.0","","","M","","M","","","","M","","","","","NA"
"-113.92","53.93","BUSBY AGCM","3010979","2023-02-06 09:00","2023","02","06","09:00","-6.7","","-8.0","","90","","0.0","","","M","","M","","","","M","","","","","NA"
"-113.92","53.93","BUSBY AGCM","3010979","2023-02-06 10:00","2023","02","06","10:00","-4.7","","-8.2","","77","","0.0","","","M","","M","","","","M","","","","","NA"
"-113.92","53.93","BUSBY AGCM","3010979","2023-02-06 11:00","2023","02","06","11:00","-1.4","","-6.1","","70","","0.0","","","M","","M","","","","M","","","","","NA"
"-113.92","53.93","BUSBY AGCM","3010979","2023-02-06 12:00","2023","02","06","12:00","0.5","","-5.6","","64","","0.0","","","M","","M","","","","M","","","","","NA"
"-113.92","53.93","BUSBY AGCM","3010979","2023-02-06 13:00","2023","02","06","13:00","3.2","","-4.3","","58","","0.0","","","M","","M","","","","M","","","","","NA"
"-113.92","53.93","BUSBY AGCM","3010979","2023-02-06 14:00","2023","02","06","14:00","3.5","","-3.5","","60","","0.0","","","M","","M","","","","M","","","","","NA"
"-113.92","53.93","BUSBY AGCM","3010979","2023-02-06 15:00","2023","02","06","15:00","3.8","","-2.9","","61","","0.0","","","M","","M","","","","M","","","","","NA"
"-113.92","53.93","BUSBY AGCM","3010979","2023-02-06 16:00","2023","02","06","16:00","4.0","","-3.1","","60","","0.0","","","M","","M","","","","M","","","","","NA"
"-113.92","53.93","BUSBY AGCM","3010979","2023-02-06 17:00","2023","02","06","17:00","4.3","","-3.9","","55","","0.0","","","M","","M","","","","M","","","","","NA"
"-113.92","53.93","BUSBY AGCM","3010979","2023-02-06 18:00","2023","02","06","18:00","4.3","","-4.1","","54","","0.0","","","M","","M","","","","M","","","","","NA"
"-113.92","53.93","BUSBY AGCM","3010979","2023-02-06 19:00","2023","02","06","19:00","5.1","","-3.5","","54","","0.0","","","M","","M","","","","M","","","","","NA"
"-113.92","53.93","BUSBY AGCM","3010979","2023-02-06 20:00","2023","02","06","20:00","4.9","","-3.2","","56","","0.0","","","M","","M","","","","M","","","","","NA"
"-113.92","53.93","BUSBY AGCM","3010979","2023-02-06 21:00","2023","02","06","21:00","3.1","","-3.3","","63","","0.0","","","M","","M","","","","M","","","","","NA"
"-113.92","53.93","BUSBY AGCM","3010979","2023-02-06 22:00","2023","02","06","22:00","4.7","","-3.6","","55","","0.0","","","M","","M","","","","M","","","","","NA"
"-113.92","53.93","BUSBY AGCM","3010979","2023-02-06 23:00","2023","02","06","23:00","3.9","","-3.7","","58","","0.0","","","M","","M","","","","M","","","","","NA"
"-113.92","53.93","BUSBY AGCM","3010979","2023-02-07 00:00","2023","02","07","00:00","2.4","","-4.1","","62","","0.0","","","M","","M","","","","M","","","","","NA"
"-113.92","53.93","BUSBY AGCM","3010979","2023-02-07 01:00","2023","02","07","01:00","1.8","","-5.2","","60","","0.0","","","M","","M","","","","M","","","","","NA"
"-113.92","53.93","BUSBY AGCM","3010979","2023-02-07 02:00","2023","02","07","02:00","1.7","","-5.6","","58","","0.0","","","M","","M","","","","M","","","","","NA"
"-113.92","53.93","BUSBY AGCM","3010979","2023-02-07 03:00","2023","02","07","03:00","0.0","","-6.5","","62","","0.0","","","M","","M","","","","M","","","","","NA"
"-113.92","53.93","BUSBY AGCM","3010979","2023-02-07 04:00","2023","02","07","04:00","-1.1","","-6.6","","66","","0.0","","","M","","M","","","","M","","","","","NA"
"-113.92","53.93","BUSBY AGCM","3010979","2023-02-07 05:00","2023","02","07","05:00","1.9","","-4.4","","63","","0.0","","","M","","M","","","","M","","","","","NA"
"-113.92","53.93","BUSBY AGCM","3010979","2023-02-07 06:00","2023","02","07","06:00","3.5","","-1.1","","72","","0.0","","","M","","M","","","","M","","","","","NA"
"-113.92","53.93","BUSBY AGCM","3010979","2023-02-07 07:00","2023","02","07","07:00","2.8","","-0.6","","78","","0.0","","","M","","M","","","","M","","","","","NA"
"-113.92","53.93","BUSBY AGCM","3010979","2023-02-07 08:00","2023","02","07","08:00","2.9","","-1.3","","74","","0.0","","","M","","M","","","","M","","","","","NA"
"-113.92","53.93","BUSBY AGCM","3010979","2023-02-07 09:00","2023","02","07","09:00","2.4","","-1.8","","74","","0.0","","","M","","M","","","","M","","","","","NA"
"-113.92","53.93","BUSBY AGCM","3010979","2023-02-07 10:00","2023","02","07","10:00","2.1","","-3.0","","69","","0.0","","","M","","M","","","","M","","","","","NA"
"-113.92","53.93","BUSBY AGCM","3010979","2023-02-07 11:00","2023","02","07","11:00","2.5","","-4.2","","62","","0.0","","","M","","M","","","","M","","","","","NA"
"-113.92","53.93","BUSBY AGCM","3010979","2023-02-07 12:00","2023","02","07","12:00","2.0","","-4.9","","60","","0.0","","","M","","M","","","","M","","","","","NA"
"-113.92","53.93","BUSBY AGCM","3010979","2023-02-07 13:00","2023","02","07","13:00","2.7","","-4.8","","58","","0.0","","","M","","M","","","","M","","","","","NA"
"-113.92","53.93","BUSBY AGCM","3010979","2023-02-07 14:00","2023","02","07","14:00","3.2","","-6.1","","50","","0.0","","","M","","M","","","","M","","","","","NA"
"-113.92","53.93","BUSBY AGCM","3010979","2023-02-07 15:00","2023","02","07","15:00","2.8","","-5.9","","53","","0.0","","","M","","M","","","","M","","","","","NA"
"-113.92","53.93","BUSBY AGCM","3010979","2023-02-07 16:00","2023","02","07","16:00","2.6","","-4.8","","58","","0.0","","","M","","M","","","","M","","","","","NA"
"-113.92","53.93","BUSBY AGCM","3010979","2023-02-07 17:00","2023","02","07","17:00","2.0","","-4.8","","61","","0.0","","","M","","M","","","","M","","","","","NA"
"-113.92","53.93","BUSBY AGCM","3010979","2023-02-07 18:00","2023","02","07","18:00","0.0","","-3.8","","76","","0.0","","","M","","M","","","","M","","","","","NA"
"-113.92","53.93","BUSBY AGCM","3010979","2023-02-07 19:00","2023","02","07","19:00","-0.3","","-4.1","","76","","0.0","","","M","","M","","","","M","","","","","NA"
"-113.92","53.93","BUSBY AGCM","3010979","2023-02-07 20:00","2023","02","07","20:00","-1.1","","-3.9","","82","","0.0","","","M","","M","","","","M","","","","","NA"
"-113.92","53.93","BUSBY AGCM","3010979","2023-02-07 21:00","2023","02","07","21:00","0.3","","-3.8","","74","","0.0","","","M","","M","","","","M","","","","","NA"
"-113.92","53.93","BUSBY AGCM","3010979","2023-02-07 22:00","2023","02","07","22:00","-0.7","","-4.1","","78","","0.0","","","M","","M","","","","M","","","","","NA"
"-113.92","53.93","BUSBY AGCM","3010979","2023-02-07 23:00","2023","02","07","23:00","0.6","","-4.3","","70","","0.0","","","M","","M","","","","M","","","","","NA"
"-113.92","53.93","BUSBY AGCM","3010979","2023-02-08 00:00","2023","02","08","00:00","-0.9","","-1.4","","96","","0.0","","","M","","M","","","","M","","","","","NA"
"-113.92","53.93","BUSBY AGCM","3010979","2023-02-08 01:00","2023","02","08","01:00","-0.4","","-1.7","","90","","0.6","","","M","","M","","","","M","","","","","NA"
"-113.92","53.93","BUSBY AGCM","3010979","2023-02-08 02:00","2023","02","08","02:00","-1.1","","-1.7","","95","","0.0","","","M","","M","","","","M","","","","","NA"
"-113.92","53.93","BUSBY AGCM","3010979","2023-02-08 03:00","2023","02","08","03:00","-1.5","","-2.2","","95","","0.0","","","M","","M","","","","M","","","","","NA"
"-113.92","53.93","BUSBY AGCM","3010979","2023-02-08 04:00","2023","02","08","04:00","-2.5","","-3.2","","95","","0.0","","","M","","M","","","","M","","","","","NA"
"-113.92","53.93","BUSBY AGCM","3010979","2023-02-08 05:00","2023","02","08","05:00","-3.3","","-6.7","","77","","0.0","","","M","","M","","","","M","","","","","NA"
"-113.92","53.93","BUSBY AGCM","3010979","2023-02-08 06:00","2023","02","08","06:00","-3.5","","-6.9","","77","","0.0","","","M","","M","","","","M","","","","","NA"
"-113.92","53.93","BUSBY AGCM","3010979","2023-02-08 07:00","2023","02","08","07:00","-4.5","","-8.9","","72","","0.0","","","M","","M","","","","M","","","","","NA"
"-113.92","53.93","BUSBY AGCM","3010979","2023-02-08 08:00","2023","02","08","08:00","-5.1","","-9.6","","71","","0.0","","","M","","M","","","","M","","","","","NA"
"-113.92","53.93","BUSBY AGCM","3010979","2023-02-08 09:00","2023","02","08","09:00","-6.2","","-9.7","","76","","0.0","","","M","","M","","","","M","","","","","NA"
"-113.92","53.93","BUSBY AGCM","3010979","2023-02-08 10:00","2023","02","08","10:00","-3.6","","-7.9","","72","","0.0","","","M","","M","","","","M","","","","","NA"
"-113.92","53.93","BUSBY AGCM","3010979","2023-02-08 11:00","2023","02","08","11:00","-3.4","","-7.5","","74","","0.0","","","M","","M","","","","M","","","","","NA"
"-113.92","53.93","BUSBY AGCM","3010979","2023-02-08 12:00","2023","02","08","12:00","0.2","","-6.2","","62","","0.0","","","M","","M","","","","M","","","","","NA"
"-113.92","53.93","BUSBY AGCM","3010979","2023-02-08 13:00","2023","02","08","13:00","-0.9","","-4.2","","79","","0.0","","","M","","M","","","","M","","","","","NA"
"-113.92","53.93","BUSBY AGCM","3010979","2023-02-08 14:00","2023","02","08","14:00","0.7","","-3.7","","73","","0.0","","","M","","M","","","","M","","","","","NA"
"-113.92","53.93","BUSBY AGCM","3010979","2023-02-08 15:00","2023","02","08","15:00","0.3","","-3.5","","76","","0.0","","","M","","M","","","","M","","","","","NA"
"-113.92","53.93","BUSBY AGCM","3010979","2023-02-08 16:00","2023","02","08","16:00","0.3","","-4.0","","73","","0.0","","","M","","M","","","","M","","","","","NA"
"-113.92","53.93","BUSBY AGCM","3010979","2023-02-08 17:00","2023","02","08","17:00","0.0","","-4.6","","71","","0.0","","","M","","M","","","","M","","","","","NA"
"-113.92","53.93","BUSBY AGCM","3010979","2023-02-08 18:00","2023","02","08","18:00","-2.0","","-6.1","","74","","0.0","","","M","","M","","","","M","","","","","NA"
"-113.92","53.93","BUSBY AGCM","3010979","2023-02-08 19:00","2023","02","08","19:00","-4.3","","-6.5","","85","","0.0","","","M","","M","","","","M","","","","","NA"
"-113.92","53.93","BUSBY AGCM","3010979","2023-02-08 20:00","2023","02","08","20:00","-5.7","","-7.0","","90","","0.0","","","M","","M","","","","M","","","","","NA"
"-113.92","53.93","BUSBY AGCM","3010979","2023-02-08 21:00","2023","02","08","21:00","-6.3","","-7.2","","93","","0.0","","","M","","M","","","","M","","","","","NA"
"-113.92","53.93","BUSBY AGCM","3010979","2023-02-08 22:00","2023","02","08","22:00","-6.8","","-7.5","","95","","0.0","","","M","","M","","","","M","","","","","NA"
"-113.92","53.93","BUSBY AGCM","3010979","2023-02-08 23:00","2023","02","08","23:00","-6.9","","-7.5","","96","","0.0","","","M","","M","","","","M","","","","","NA"
"-113.92","53.93","BUSBY AGCM","3010979","2023-02-09 00:00","2023","02","09","00:00","-7.4","","-8.7","","90","","0.0","","","M","","M","","","","M","","","","","NA"
"-113.92","53.93","BUSBY AGCM","3010979","2023-02-09 01:00","2023","02","09","01:00","-7.3","","-9.0","","87","","0.0","","","M","","M","","","","M","","","","","NA"
"-113.92","53.93","BUSBY AGCM","3010979","2023-02-09 02:00","2023","02","09","02:00","-7.2","","-9.7","","83","","0.0","","","M","","M","","","","M","","","","","NA"
"-113.92","53.93","BUSBY AGCM","3010979","2023-02-09 03:00","2023","02","09","03:00","-8.6","","-10.7","","85","","0.0","","","M","","M","","","","M","","","","","NA"
"-113.92","53.93","BUSBY AGCM","3010979","2023-02-09 04:00","2023","02","09","04:00","-9.9","","-11.5","","88","","0.0","","","M","","M","","","","M","","","","","NA"
"-113.92","53.93","BUSBY AGCM","3010979","2023-02-09 05:00","2023","02","09","05:00","-10.8","","-12.1","","90","","0.0","","","M","","M","","","","M","","","","","NA"
"-113.92","53.93","BUSBY AGCM","3010979","2023-02-09 06:00","2023","02","09","06:00","-11.1","","-12.1","","92","","0.0","","","M","","M","","","","M","","","","","NA"
"-113.92","53.93","BUSBY AGCM","3010979","2023-02-09 07:00","2023","02","09","07:00","-9.9","","-11.7","","87","","0.0","","","M","","M","","","","M","","","","","NA"
"-113.92","53.93","BUSBY AGCM","3010979","2023-02-09 08:00","2023","02","09","08:00"
"-113.92","53.93","BUSBY AGCM","3010979","2023-02-09 09:00","2023","02","09","09:00","-9.0","","-12.5","","76","","0.4","","","M","","M","","","","M","","","","","NA"
"-113.92","53.93","BUSBY AGCM","3010979","2023-02-09 10:00","2023","02","09","10:00","-7.3","","-11.7","","71","","0.0","","","M","","M","","","","M","","","","","NA"
"-113.92","53.93","BUSBY AGCM","3010979","2023-02-09 11:00","2023","02","09","11:00","-7.1","","-11.4","","72","","0.0","","","M","","M","","","","M","","","","","NA"
"-113.92","53.93","BUSBY AGCM","3010979","2023-02-09 12:00","2023","02","09","12:00","-5.7","","-10.6","","68","","0.0","","","M","","M","","","","M","","","","","NA"
"-113.92","53.93","BUSBY AGCM","3010979","2023-02-09 13:00","2023","02","09","13:00","-4.7","","-9.5","","69","","0.0","","","M","","M","","","","M","","","","","NA"
"-113.92","53.93","BUSBY AGCM","3010979","2023-02-09 14:00","2023","02","09","14:00","-4.5","","-9.1","","70","","0.0","","","M","","M","","","","M","","","","","NA"
"-113.92","53.93","BUSBY AGCM","3010979","2023-02-09 15:00","2023","02","09","15:00","-4.2","","-9.3","","67","","0.0","","","M","","M","","","","M","","","","","NA"
"-113.92","53.93","BUSBY AGCM","3010979","2023-02-09 16:00","2023","02","09","16:00","-3.4","","-9.0","","65","","0.0","","","M","","M","","","","M","","","","","NA"
"-113.92","53.93","BUSBY AGCM","3010979","2023-02-09 17:00","2023","02","09","17:00","-3.1","","-9.0","","64","","0.0","","","M","","M","","","","M","","","","","NA"
"-113.92","53.93","BUSBY AGCM","3010979","2023-02-09 18:00","2023","02","09","18:00","-4.5","","-8.7","","72","","0.0","","","M","","M","","","","M","","","","","NA"
"-113.92","53.93","BUSBY AGCM","3010979","2023-02-09 19:00","2023","02","09","19:00","-3.4","","-8.3","","69","","0.0","","","M","","M","","","","M","","","","","NA"
"-113.92","53.93","BUSBY AGCM","3010979","2023-02-09 20:00","2023","02","09","20:00","-3.2","","-7.8","","71","","0.0","","","M","","M","","","","M","","","","","NA"
"-113.92","53.93","BUSBY AGCM","3010979","2023-02-09 21:00","2023","02","09","21:00","-3.2","","-7.0","","75","","0.0","","","M","","M","","","","M","","","","","NA"
"-113.92","53.93","BUSBY AGCM","3010979","2023-02-09 22:00","2023","02","09","22:00","-2.7","","-6.9","","73","","0.0","","","M","","M","","","","M","","","","","NA"
"-113.92","53.93","BUSBY AGCM","3010979","2023-02-09 23:00","2023","02","09","23:00","-2.4","","-6.0","","76","","0.0","","","M","","M","","","","M","","","","","NA"
"-113.92","53.93","BUSBY AGCM","3010979","2023-02-10 00:00","2023","02","10","00:00","-3.7","","-7.3","","76","","0.0","","","M","","M","","","","M","","","","","NA"
"-113.92","53.93","BUSBY AGCM","3010979","2023-02-10 01:00","2023","02","10","01:00","-3.5","","-6.5","","80","","0.0","","","M","","M","","","","M","","","","","NA"
"-113.92","53.93","BUSBY AGCM","3010979","2023-02-10 02:00","2023","02","10","02:00","-3.8","","-6.7","","80","","0.0","","","M","","M","","","","M","","","","","NA"
"-113.92","53.93","BUSBY AGCM","3010979","2023-02-10 03:00","2023","02","10","03:00","-4.7","","-6.8","","85","","0.0","","","M","","M","","","","M","","","","","NA"
"-113.92","53.93","BUSBY AGCM","3010979","2023-02-10 04:00","2023","02","10","04:00","-6.7","","-8.4","","88","","0.0","","","M","","M","","","","M","","","","","NA"
"-113.92","53.93","BUSBY AGCM","3010979","2023-02-10 05:00","2023","02","10","05:00","-8.0","","-8.9","","93","","0.0","","","M","","M","","","","M","","","","","NA"
"-113.92","53.93","BUSBY AGCM","3010979","2023-02-10 06:00","2023","02","10","06:00","-8.2","","-9.4","","91","","0.0","","","M","","M","","","","M","","","","","NA"
"-113.92","53.93","BUSBY AGCM","3010979","2023-02-10 07:00","2023","02","10","07:00","-6.2","","-7.7","","89","","0.0","","","M","","M","","","","M","","","","","NA"
"-113.92","53.93","BUSBY AGCM","3010979","2023-02-10 08:00","2023","02","10","08:00","-5.5","","-6.9","","89","","0.0","","","M","","M","","","","M","","","","","NA"
"-113.92","53.93","BUSBY AGCM","3010979","2023-02-10 09:00","2023","02","10","09:00","-3.7","","-6.1","","84","","0.0","","","M","","M","","","","M","","","","","NA"
"-113.92","53.93","BUSBY AGCM","3010979","2023-02-10 10:00","2023","02","10","10:00","-1.9","","-5.6","","76","","0.0","","","M","","M","","","","M","","","","","NA"
"-113.92","53.93","BUSBY AGCM","3010979","2023-02-10 11:00","2023","02","10","11:00","2.8","","-3.3","","64","","0.0","","","M","","M","","","","M","","","","","NA"
"-113.92","53.93","BUSBY AGCM","3010979","2023-02-10 12:00","2023","02","10","12:00","5.3","","-2.6","","57","","0.0","","","M","","M","","","","M","","","","","NA"
"-113.92","53.93","BUSBY AGCM","3010979","2023-02-10 13:00","2023","02","10","13:00","5.3","","-2.6","","56","","0.0","","","M","","M","","","","M","","","","","NA"
"-113.92","53.93","BUSBY AGCM","3010979","2023-02-10 14:00","2023","02","10","14:00","5.2","","-1.5","","62","","0.0","","","M","","M","","","","M","","","","","NA"
"-113.92","53.93","BUSBY AGCM","3010979","2023-02-10 15:00","2023","02","10","15:00","4.4","","-0.6","","70","","0.0","","","M","","M","","","","M","","","","","NA"
"-113.92","53.93","BUSBY AGCM","3010979","2023-02-10 16:00","2023","02","10","16:00","4.6","","-1.7","","64","","0.0","","","M","","M","","","","M","","","","","NA"
"-113.92","53.93","BUSBY AGCM","3010979","2023-02-10 17:00","2023","02","10","17:00","4.9","","-3.7","","54","","0.0","","","M","","M","","","","M","","","","","NA"
"-113.92","53.93","BUSBY AGCM","3010979","2023-02-10 18:00","2023","02","10","18:00","4.6","","-4.3","","52","","0.0","","","M","","M","","","","M","","","","","NA"
"-113.92","53.93","BUSBY AGCM","3010979","2023-02-10 19:00","2023","02","10","19:00","3.6","","-3.9","","58","","0.0","","","M","","M","","","","M","","","","","NA"
"-113.92","53.93","BUSBY AGCM","3010979","2023-02-10 20:00","2023","02","10","20:00","3.8","","-3.9","","57","","0.0","","","M","","M","","","","M","","","","","NA"
"-113.92","53.93","BUSBY AGCM","3010979","2023-02-10 21:00","2023","02","10","21:00","2.3","","-3.8","","64","","0.0","","","M","","M","","","","M","","","","","NA"
"-113.92","53.93","BUSBY AGCM","3010979","2023-02-10 22:00","2023","02","10","22:00","0.6","","-5.0","","66","","0.0","","","M","","M","","","","M","","","","","NA"
"-113.92","53.93","BUSBY AGCM","3010979","2023-02-10 23:00","2023","02","10","23:00","0.3","","-5.5","","65","","0.0","","","M","","M","","","","M","","","","","NA"
"-113.92","53.93","BUSBY AGCM","3010979","2023-02-11 00:00","2023","02","11","00:00","0.2","","-5.9","","64","","0.0","","","M","","M","","","","M","","","","","NA"
"-113.92","53.93","BUSBY AGCM","3010979","2023-02-11 01:00","2023","02","11","01:00","-2.0","","-6.7","","70","","0.0","","","M","","M","","","","M","","","","","NA"
"-113.92","53.93","BUSBY AGCM","3010979","2023-02-11 02:00","2023","02","11","02:00","-0.9","","-6.3","","67","","0.0","","","M","","M","","","","M","","","","","NA"
"-113.92","53.93","BUSBY AGCM","3010979","2023-02-11 03:00","2023","02","11","03:00","-2.7","","-7.2","","71","","0.0","","","M","","M","","","","M","","","","","NA"
"-113.92","53.93","BUSBY AGCM","3010979","2023-02-11 04:00","2023","02","11","04:00","-3.6","","-7.5","","75","","0.0","","","M","","M","","","","M","","","","","NA"
"-113.92","53.93","BUSBY AGCM","3010979","2023-02-11 05:00","2023","02","11","05:00","-5.1","","-8.1","","80","","0.0","","","M","","M","","","","M","","","","","NA"
"-113.92","53.93","BUSBY AGCM","3010979","2023-02-11 06:00","2023","02","11","06:00","-5.5","","-8.6","","79","","0.0","","","M","","M","","","","M","","","","","NA"
"-113.92","53.93","BUSBY AGCM","3010979","2023-02-11 07:00","2023","02","11","07:00","-6.8","","-9.5","","81","","0.0","","","M","","M","","","","M","","","","","NA"
"-113.92","53.93","BUSBY AGCM","3010979","2023-02-11 08:00","2023","02","11","08:00","-7.2","","-10.4","","78","","0.0","","","M","","M","","","","M","","","","","NA"
"-113.92","53.93","BUSBY AGCM","3010979","2023-02-11 09:00","2023","02","11","09:00","-5.1","","-9.8","","69","","0.0","","","M","","M","","","","M","","","","","NA"
"-113.92","53.93","BUSBY AGCM","3010979","2023-02-11 10:00","2023","02","11","10:00","-3.0","","-9.4","","61","","0.0","","","M","","M","","","","M","","","","","NA"
"-113.92","53.93","BUSBY AGCM","3010979","2023-02-11 11:00","2023","02","11","11:00","-0.6","","-7.5","","59","","0.0","","","M","","M","","","","M","","","","","NA"
"-113.92","53.93","BUSBY AGCM","3010979","2023-02-11 12:00","2023","02","11","12:00","2.2","","-7.2","","49","","0.0","","","M","","M","","","","M","","","","","NA"
"-113.92","53.93","BUSBY AGCM","3010979","2023-02-11 13:00","2023","02","11","13:00","2.4","","-6.0","","54","","0.0","","","M","","M","","","","M","","","","","NA"
"-113.92","53.93","BUSBY AGCM","3010979","2023-02-11 14:00","2023","02","11","14:00","2.5","","-5.4","","56","","0.0","","","M","","M","","","","M","","","","","NA"
"-113.92","53.93","BUSBY AGCM","3010979","2023-02-11 15:00","2023","02","11","15:00","3.0","","-4.7","","57","","0.0","","","M","","M","","","","M","","","","","NA"
"-113.92","53.93","BUSBY AGCM","3010979","2023-02-11 16:00","2023","02","11","16:00","3.8","","-4.8","","53","","0.0","","","M","","M","","","","M","","","","","NA"
"-113.92","53.93","BUSBY AGCM","3010979","2023-02-11 17:00","2023","02","11","17:00","3.2","","-4.5","","57","","0.0","","","M","","M","","","","M","","","","","NA"
"-113.92","53.93","BUSBY AGCM","3010979","2023-02-11 18:00","2023","02","11","18:00","3.6","","-5.4","","52","","0.0","","","M","","M","","","","M","","","","","NA"
"-113.92","53.93","BUSBY AGCM","3010979","2023-02-11 19:00","2023","02","11","19:00","3.2","","-4.9","","55","","0.0","","","M","","M","","","","M","","","","","NA"
"-113.92","53.93","BUSBY AGCM","3010979","2023-02-11 20:00","2023","02","11","20:00","1.5","","-6.1","","57","","0.0","","","M","","M","","","","M","","","","","NA"
"-113.92","53.93","BUSBY AGCM","3010979","2023-02-11 21:00","2023","02","11","21:00","0.2","","-7.1","","58","","0.0","","","M","","M","","","","M","","","","","NA"
"-113.92","53.93","BUSBY AGCM","3010979","2023-02-11 22:00","2023","02","11","22:00","-0.3","","-7.2","","60","","0.0","","","M","","M","","","","M","","","","","NA"
"-113.92","53.93","BUSBY AGCM","3010979","2023-02-11 23:00","2023","02","11","23:00","-0.5","","-7.2","","61","","0.0","","","M","","M","","","","M","","","","","NA"
"-113.92","53.93","BUSBY AGCM","3010979","2023-02-12 00:00","2023","02","12","00:00","-3.1","","-8.7","","65","","0.0","","","M","","M","","","","M","","","","","NA"
"-113.92","53.93","BUSBY AGCM","3010979","2023-02-12 01:00","2023","02","12","01:00","-2.1","","-8.0","","64","","0.0","","","M","","M","","","","M","","","","","NA"
"-113.92","53.93","BUSBY AGCM","3010979","2023-02-12 02:00","2023","02","12","02:00","-2.8","","-8.4","","66","","0.0","","","M","","M","","","","M","","","","","NA"
"-113.92","53.93","BUSBY AGCM","3010979","2023-02-12 03:00","2023","02","12","03:00","-3.5","","-8.3","","69","","0.0","","","M","","M","","","","M","","","","","NA"
"-113.92","53.93","BUSBY AGCM","3010979","2023-02-12 04:00","2023","02","12","04:00","-6.1","","-9.5","","77","","0.0","","","M","","M","","","","M","","","","","NA"
"-113.92","53.93","BUSBY AGCM","3010979","2023-02-12 05:00","2023","02","12","05:00","-6.0","","-9.6","","76","","0.0","","","M","","M","","","","M","","","","","NA"
"-113.92","53.93","BUSBY AGCM","3010979","2023-02-12 06:00","2023","02","12","06:00","-6.1","","-9.9","","75","","0.0","","","M","","M","","","","M","","","","","NA"
"-113.92","53.93","BUSBY AGCM","3010979","2023-02-12 07:00","2023","02","12","07:00","-6.5","","-10.3","","74","","0.0","","","M","","M","","","","M","","","","","NA"
"-113.92","53.93","BUSBY AGCM","3010979","2023-02-12 08:00","2023","02","12","08:00","-5.6","","-9.7","","73","","0.0","","","M","","M","","","","M","","","","","NA"
"-113.92","53.93","BUSBY AGCM","3010979","2023-02-12 09:00","2023","02","12","09:00","-4.1","","-8.4","","72","","0.0","","","M","","M","","","","M","","","","","NA"
"-113.92","53.93","BUSBY AGCM","3010979","2023-02-12 10:00","2023","02","12","10:00","-2.2","","-6.5","","72","","0.0","","","M","","M","","","","M","","","","","NA"
"-113.92","53.93","BUSBY AGCM","3010979","2023-02-12 11:00","2023","02","12","11:00","-0.1","","-5.5","","67","","0.0","","","M","","M","","","","M","","","","","NA"
"-113.92","53.93","BUSBY AGCM","3010979","2023-02-12 12:00","2023","02","12","12:00","1.1","","-4.9","","65","","0.0","","","M","","M","","","","M","","","","","NA"
"-113.92","53.93","BUSBY AGCM","3010979","2023-02-12 13:00","2023","02","12","13:00","2.4","","-4.0","","63","","0.0","","","M","","M","","","","M","","","","","NA"
"-113.92","53.93","BUSBY AGCM","3010979","2023-02-12 14:00","2023","02","12","14:00","2.4","","-4.3","","61","","0.0","","","M","","M","","","","M","","","","","NA"
"-113.92","53.93","BUSBY AGCM","3010979","2023-02-12 15:00","2023","02","12","15:00","2.4","","-3.5","","65","","0.0","","","M","","M","","","","M","","","","","NA"
"-113.92","53.93","BUSBY AGCM","3010979","2023-02-12 16:00","2023","02","12","16:00","3.1","","-2.5","","66","","0.0","","","M","","M","","","","M","","","","","NA"
"-113.92","53.93","BUSBY AGCM","3010979","2023-02-12 17:00","2023","02","12","17:00","3.1","","0.1","","80","","0.0","","","M","","M","","","","M","","","","","NA"
"-113.92","53.93","BUSBY AGCM","3010979","2023-02-12 18:00","2023","02","12","18:00","0.6","","-0.5","","92","","0.0","","","M","","M","","","","M","","","","","NA"
"-113.92","53.93","BUSBY AGCM","3010979","2023-02-12 19:00","2023","02","12","19:00","0.0","","-0.2","","98","","0.0","","","M","","M","","","","M","","","","","NA"
"-113.92","53.93","BUSBY AGCM","3010979","2023-02-12 20:00","2023","02","12","20:00","1.3","","0.4","","94","","0.0","","","M","","M","","","","M","","","","","NA"
"-113.92","53.93","BUSBY AGCM","3010979","2023-02-12 21:00","2023","02","12","21:00","1.1","","-0.3","","90","","0.0","","","M","","M","","","","M","","","","","NA"
"-113.92","53.93","BUSBY AGCM","3010979","2023-02-12 22:00","2023","02","12","22:00","0.8","","-1.6","","84","","0.0","","","M","","M","","","","M","","","","","NA"
"-113.92","53.93","BUSBY AGCM","3010979","2023-02-12 23:00","2023","02","12","23:00","-1.1","","-2.8","","89","","0.0","","","M","","M","","","","M","","","","","NA"
"-113.92","53.93","BUSBY AGCM","3010979","2023-02-13 00:00","2023","02","13","00:00","0.3","","-2.4","","82","","0.0","","","M","","M","","","","M","","","","","NA"
"-113.92","53.93","BUSBY AGCM","3010979","2023-02-13 01:00","2023","02","13","01:00","1.4","","-0.9","","85","","0.0","","","M","","M","","","","M","","","","","NA"
"-113.92","53.93","BUSBY AGCM","3010979","2023-02-13 02:00","2023","02","13","02:00","1.9","","0.4","","90","","0.0","","","M","","M","","","","M","","","","","NA"
"-113.92","53.93","BUSBY AGCM","3010979","2023-02-13 03:00","2023","02","13","03:00","1.1","","0.7","","97","","0.6","","","M","","M","","","","M","","","","","NA"
"-113.92","53.93","BUSBY AGCM","3010979","2023-02-13 04:00","2023","02","13","04:00","1.8","","-0.3","","86","","0.0","","","M","","M","","","","M","","","","","NA"
"-113.92","53.93","BUSBY AGCM","3010979","2023-02-13 05:00","2023","02","13","05:00","1.0","","-0.4","","90","","0.0","","","M","","M","","","","M","","","","","NA"
"-113.92","53.93","BUSBY AGCM","3010979","2023-02-13 06:00","2023","02","13","06:00","0.4","","-0.9","","91","","0.0","","","M","","M","","","","M","","","","","NA"
"-113.92","53.93","BUSBY AGCM","3010979","2023-02-13 07:00","2023","02","13","07:00","0.4","","-2.6","","80","","0.0","","","M","","M","","","","M","","","","","NA"
"-113.92","53.93","BUSBY AGCM","3010979","2023-02-13 08:00","2023","02","13","08:00","0.6","","-3.8","","72","","0.0","","","M","","M","","","","M","","","","","NA"
"-113.92","53.93","BUSBY AGCM","3010979","2023-02-13 09:00","2023","02","13","09:00","-0.4","","-4.3","","75","","0.0","","","M","","M","","","","M","","","","","NA"
"-113.92","53.93","BUSBY AGCM","3010979","2023-02-13 10:00","2023","02","13","10:00","1.5","","-4.1","","66","","0.0","","","M","","M","","","","M","","","","","NA"
"-113.92","53.93","BUSBY AGCM","3010979","2023-02-13 11:00","2023","02","13","11:00","0.8","","-2.5","","78","","0.0","","","M","","M","","","","M","","","","","NA"
"-113.92","53.93","BUSBY AGCM","3010979","2023-02-13 12:00","2023","02","13","12:00","0.9","","-2.5","","78","","0.0","","","M","","M","","","","M","","","","","NA"
"-113.92","53.93","BUSBY AGCM","3010979","2023-02-13 13:00","2023","02","13","13:00","1.8","","-2.5","","73","","0.0","","","M","","M","","","","M","","","","","NA"
"-113.92","53.93","BUSBY AGCM","3010979","2023-02-13 14:00","2023","02","13","14:00","1.8","","-2.1","","75","","0.0","","","M","","M","","","","M","","","","","NA"
"-113.92","53.93","BUSBY AGCM","3010979","2023-02-13 15:00","2023","02","13","15:00","0.8","","-2.7","","77","","0.0","","","M","","M","","","","M","","","","","NA"
"-113.92","53.93","BUSBY AGCM","3010979","2023-02-13 16:00","2023","02","13","16:00","-1.4","","-4.9","","77","","0.0","","","M","","M","","","","M","","","","","NA"
"-113.92","53.93","BUSBY AGCM","3010979","2023-02-13 17:00","2023","02","13","17:00","-4.1","","-7.9","","75","","0.0","","","M","","M","","","","M","","","","","NA"
"-113.92","53.93","BUSBY AGCM","3010979","2023-02-13 18:00","2023","02","13","18:00","-5.0","","-8.7","","76","","0.4","","","M","","M","","","","M","","","","","NA"
"-113.92","53.93","BUSBY AGCM","3010979","2023-02-13 19:00","2023","02","13","19:00","-5.5","","-8.7","","78","","0.0","","","M","","M","","","","M","","","","","NA"
"-113.92","53.93","BUSBY AGCM","3010979","2023-02-13 20:00","2023","02","13","20:00","-6.0","","-9.1","","79","","0.0","","","M","","M","","","","M","","","","","NA"
"-113.92","53.93","BUSBY AGCM","3010979","2023-02-13 21:00","2023","02","13","21:00","-6.7","","-9.2","","82","","0.0","","","M","","M","","","","M","","","","","NA"
"-113.92","53.93","BUSBY AGCM","3010979","2023-02-13 22:00","2023","02","13","22:00","-7.6","","-9.8","","85","","0.0","","","M","","M","","","","M","","","","","NA"
"-113.92","53.93","BUSBY AGCM","3010979","2023-02-13 23:00","2023","02","13","23:00","-8.7","","-10.3","","88","","0.0","","","M","","M","","","","M","","","","","NA"
"-113.92","53.93","BUSBY AGCM","3010979","2023-02-14 00:00","2023","02","14","00:00","-9.2","","-10.6","","90","","0.0","","","M","","M","","","","M","","","","","NA"
"-113.92","53.93","BUSBY AGCM","3010979","2023-02-14 01:00","2023","02","14","01:00","-11.5","","-12.6","","92","","0.0","","","M","","M","","","","M","","","","","NA"
"-113.92","53.93","BUSBY AGCM","3010979","2023-02-14 02:00","2023","02","14","02:00","-12.6","","-13.4","","93","","0.0","","","M","","M","","","","M","","","","","NA"
"-113.92","53.93","BUSBY AGCM","3010979","2023-02-14 03:00","2023","02","14","03:00","-14.3","","-15.9","","88","","0.0","","","M","","M","","","","M","","","","","NA"
"-113.92","53.93","BUSBY AGCM","3010979","2023-02-14 04:00","2023","02","14","04:00","-14.8","","-15.4","","95","","0.0","","","M","","M","","","","M","","","","","NA"
"-113.92","53.93","BUSBY AGCM","3010979","2023-02-14 05:00","2023","02","14","05:00","-15.5","","-16.2","","94","","0.0","","","M","","M","","","","M","","","","","NA"
"-113.92","53.93","BUSBY AGCM","3010979","2023-02-14 06:00","2023","02","14","06:00","-15.7","","-16.5","","94","","0.0","","","M","","M","","","","M","","","","","NA"
"-113.92","53.93","BUSBY AGCM","3010979","2023-02-14 07:00","2023","02","14","07:00","-17.2","","-18.3","","91","","0.0","","","M","","M","","","","M","","","","","NA"
"-113.92","53.93","BUSBY AGCM","3010979","2023-02-14 08:00","2023","02","14","08:00","-17.3","","-18.2","","93","","0.0","","","M","","M","","","","M","","","","","NA"
"-113.92","53.93","BUSBY AGCM","3010979","2023-02-14 09:00","2023","02","14","09:00","-15.8","","-16.9","","91","","0.0","","","M","","M","","","","M","","","","","NA"
"-113.92","53.93","BUSBY AGCM","3010979","2023-02-14 10:00","2023","02","14","10:00","-13.4","","-14.9","","89","","0.0","","","M","","M","","","","M","","","","","NA"
"-113.92","53.93","BUSBY AGCM","3010979","2023-02-14 11:00","2023","02","14","11:00","-11.3","","-12.5","","91","","0.0","","","M","","M","","","","M","","","","","NA"
"-113.92","53.93","BUSBY AGCM","3010979","2023-02-14 12:00","2023","02","14","12:00","-9.8","","-11.5","","87","","0.0","","","M","","M","","","","M","","","","","NA"
"-113.92","53.93","BUSBY AGCM","3010979","2023-02-14 13:00","2023","02","14","13:00","-7.2","","-9.3","","85","","0.0","","","M","","M","","","","M","","","","","NA"
"-113.92","53.93","BUSBY AGCM","3010979","2023-02-14 14:00","2023","02","14","14:00","-5.6","","-8.0","","83","","0.0","","","M","","M","","","","M","","","","","NA"
"-113.92","53.93","BUSBY AGCM","3010979","2023-02-14 15:00","2023","02","14","15:00","-5.2","","-8.1","","80","","0.0","","","M","","M","","","","M","","","","","NA"
"-113.92","53.93","BUSBY AGCM","3010979","2023-02-14 16:00","2023","02","14","16:00","-5.8","","-8.8","","79","","0.0","","","M","","M","","","","M","","","","","NA"
"-113.92","53.93","BUSBY AGCM","3010979","2023-02-14 17:00","2023","02","14","17:00","-5.8","","-8.4","","82","","0.0","","","M","","M","","","","M","","","","","NA"
"-113.92","53.93","BUSBY AGCM","3010979","2023-02-14 18:00","2023","02","14","18:00","-5.9","","-8.8","","80","","0.0","","","M","","M","","","","M","","","","","NA"
"-113.92","53.93","BUSBY AGCM","3010979","2023-02-14 19:00","2023","02","14","19:00","-6.5","","-8.9","","83","","0.0","","","M","","M","","","","M","","","","","NA"
"-113.92","53.93","BUSBY AGCM","3010979","2023-02-14 20:00","2023","02","14","20:00","-7.8","","-9.6","","87","","0.0","","","M","","M","","","","M","","","","","NA"
"-113.92","53.93","BUSBY AGCM","3010979","2023-02-14 21:00","2023","02","14","21:00","-8.3","","-9.8","","89","","0.0","","","M","","M","","","","M","","","","","NA"
"-113.92","53.93","BUSBY AGCM","3010979","2023-02-14 22:00","2023","02","14","22:00","-9.0","","-10.1","","92","","0.0","","","M","","M","","","","M","","","","","NA"
"-113.92","53.93","BUSBY AGCM","3010979","2023-02-14 23:00","2023","02","14","23:00","-9.1","","-10.1","","92","","0.0","","","M","","M","","","","M","","","","","NA"
"-113.92","53.93","BUSBY AGCM","3010979","2023-02-15 00:00","2023","02","15","00:00","-9.4","","-10.7","","90","","0.0","","","M","","M","","","","M","","","","","NA"
"-113.92","53.93","BUSBY AGCM","3010979","2023-02-15 01:00","2023","02","15","01:00","-9.7","","-11.0","","90","","0.0","","","M","","M","","","","M","","","","","NA"
"-113.92","53.93","BUSBY AGCM","3010979","2023-02-15 02:00","2023","02","15","02:00","-10.0","","-11.0","","92","","0.0","","","M","","M","","","","M","","","","","NA"
"-113.92","53.93","BUSBY AGCM","3010979","2023-02-15 03:00","2023","02","15","03:00","-10.2","","-11.3","","92","","0.0","","","M","","M","","","","M","","","","","NA"
"-113.92","53.93","BUSBY AGCM","3010979","2023-02-15 04:00","2023","02","15","04:00","-10.2","","-11.0","","94","","0.0","","","M","","M","","","","M","","","","","NA"
"-113.92","53.93","BUSBY AGCM","3010979","2023-02-15 05:00","2023","02","15","05:00","-10.5","","-11.6","","92","","0.0","","","M","","M","","","","M","","","","","NA"
"-113.92","53.93","BUSBY AGCM","3010979","2023-02-15 06:00","2023","02","15","06:00","-10.7","","-12.3","","88","","0.0","","","M","","M","","","","M","","","","","NA"
"-113.92","53.93","BUSBY AGCM","3010979","2023-02-15 07:00","2023","02","15","07:00","-10.8","","-12.5","","87","","0.0","","","M","","M","","","","M","","","","","NA"
"-113.92","53.93","BUSBY AGCM","3010979","2023-02-15 08:00","2023","02","15","08:00","-11.0","","-12.5","","89","","0.0","","","M","","M","","","","M","","","","","NA"
"-113.92","53.93","BUSBY AGCM","3010979","2023-02-15 09:00","2023","02","15","09:00","-11.4","","-12.9","","88","","0.0","","","M","","M","","","","M","","","","","NA"
"-113.92","53.93","BUSBY AGCM","3010979","2023-02-15 10:00","2023","02","15","10:00","-10.7","","-12.3","","88","","0.0","","","M","","M","","","","M","","","","","NA"
"-113.92","53.93","BUSBY AGCM","3010979","2023-02-15 11:00","2023","02","15","11:00","-9.9","","-11.5","","88","","0.4","","","M","","M","","","","M","","","","","NA"
"-113.92","53.93","BUSBY AGCM","3010979","2023-02-15 12:00","2023","02","15","12:00","-8.8","","-10.9","","84","","0.0","","","M","","M","","","","M","","","","","NA"
"-113.92","53.93","BUSBY AGCM","3010979","2023-02-15 13:00","2023","02","15","13:00","-8.3","","-10.6","","84","","0.0","","","M","","M","","","","M","","","","","NA"
"-113.92","53.93","BUSBY AGCM","3010979","2023-02-15 14:00","2023","02","15","14:00","-8.2","","-10.5","","83","","0.0","","","M","","M","","","","M","","","","","NA"
"-113.92","53.93","BUSBY AGCM","3010979","2023-02-15 15:00","2023","02","15","15:00","-7.7","","-10.4","","81","","0.0","","","M","","M","","","","M","","","","","NA"
"-113.92","53.93","BUSBY AGCM","3010979","2023-02-15 16:00","2023","02","15","16:00","-8.5","","-10.5","","85","","0.0","","","M","","M","","","","M","","","","","NA"
"-113.92","53.93","BUSBY AGCM","3010979","2023-02-15 17:00","2023","02","15","17:00","-9.1","","-10.9","","87","","0.0","","","M","","M","","","","M","","","","","NA"
"-113.92","53.93","BUSBY AGCM","3010979","2023-02-15 18:00","2023","02","15","18:00","-9.5","","-11.0","","89","","0.0","","","M","","M","","","","M","","","","","NA"
"-113.92","53.93","BUSBY AGCM","3010979","2023-02-15 19:00","2023","02","15","19:00","-9.2","","-10.6","","90","","0.0","","","M","","M","","","","M","","","","","NA"
"-113.92","53.93","BUSBY AGCM","3010979","2023-02-15 20:00","2023","02","15","20:00","-9.2","","-10.6","","90","","0.0","","","M","","M","","","","M","","","","","NA"
"-113.92","53.93","BUSBY AGCM","3010979","2023-02-15 21:00","2023","02","15","21:00","-8.5","","-9.8","","91","","0.0","","","M","","M","","","","M","","","","","NA"
"-113.92","53.93","BUSBY AGCM","3010979","2023-02-15 22:00","2023","02","15","22:00","-7.5","","-8.8","","91","","0.0","","","M","","M","","","","M","","","","","NA"
"-113.92","53.93","BUSBY AGCM","3010979","2023-02-15 23:00","2023","02","15","23:00","-7.0","","-8.3","","90","","0.0","","","M","","M","","","","M","","","","","NA"
"-113.92","53.93","BUSBY AGCM","3010979","2023-02-16 00:00","2023","02","16","00:00","-6.9","","-8.2","","90","","0.0","","","M","","M","","","","M","","","","","NA"
"-113.92","53.93","BUSBY AGCM","3010979","2023-02-16 01:00","2023","02","16","01:00","-6.6","","-8.3","","87","","0.0","","","M","","M","","","","M","","","","","NA"
"-113.92","53.93","BUSBY AGCM","3010979","2023-02-16 02:00","2023","02","16","02:00","-6.5","","-8.4","","86","","0.0","","","M","","M","","","","M","","","","","NA"
"-113.92","53.93","BUSBY AGCM","3010979","2023-02-16 03:00","2023","02","16","03:00","-7.0","","-8.8","","87","","0.0","","","M","","M","","","","M","","","","","NA"
"-113.92","53.93","BUSBY AGCM","3010979","2023-02-16 04:00","2023","02","16","04:00","-7.8","","-9.4","","88","","0.0","","","M","","M","","","","M","","","","","NA"
"-113.92","53.93","BUSBY AGCM","3010979","2023-02-16 05:00","2023","02","16","05:00","-7.7","","-9.8","","85","","0.0","","","M","","M","","","","M","","","","","NA"
"-113.92","53.93","BUSBY AGCM","3010979","2023-02-16 06:00","2023","02","16","06:00","-7.6","","-10.0","","83","","0.0","","","M","","M","","","","M","","","","","NA"
"-113.92","53.93","BUSBY AGCM","3010979","2023-02-16 07:00","2023","02","16","07:00","-8.8","","-10.9","","84","","0.0","","","M","","M","","","","M","","","","","NA"
"-113.92","53.93","BUSBY AGCM","3010979","2023-02-16 08:00","2023","02","16","08:00","-8.5","","-11.2","","81","","0.0","","","M","","M","","","","M","","","","","NA"
"-113.92","53.93","BUSBY AGCM","3010979","2023-02-16 09:00","2023","02","16","09:00","-8.2","","-11.0","","80","","0.0","","","M","","M","","","","M","","","","","NA"
"-113.92","53.93","BUSBY AGCM","3010979","2023-02-16 10:00","2023","02","16","10:00","-5.7","","-10.2","","71","","0.0","","","M","","M","","","","M","","","","","NA"
"-113.92","53.93","BUSBY AGCM","3010979","2023-02-16 11:00","2023","02","16","11:00","-2.7","","-8.1","","66","","0.0","","","M","","M","","","","M","","","","","NA"
"-113.92","53.93","BUSBY AGCM","3010979","2023-02-16 12:00","2023","02","16","12:00","-0.6","","-5.4","","70","","0.0","","","M","","M","","","","M","","","","","NA"
"-113.92","53.93","BUSBY AGCM","3010979","2023-02-16 13:00","2023","02","16","13:00","2.3","","-4.6","","61","","0.0","","","M","","M","","","","M","","","","","NA"
"-113.92","53.93","BUSBY AGCM","3010979","2023-02-16 14:00","2023","02","16","14:00","2.0","","-4.8","","61","","0.0","","","M","","M","","","","M","","","","","NA"
"-113.92","53.93","BUSBY AGCM","3010979","2023-02-16 15:00","2023","02","16","15:00","3.0","","-4.8","","57","","0.0","","","M","","M","","","","M","","","","","NA"
"-113.92","53.93","BUSBY AGCM","3010979","2023-02-16 16:00","2023","02","16","16:00","2.9","","-3.7","","62","","0.0","","","M","","M","","","","M","","","","","NA"
"-113.92","53.93","BUSBY AGCM","3010979","2023-02-16 17:00","2023","02","16","17:00","3.1","","-4.5","","57","","0.0","","","M","","M","","","","M","","","","","NA"
"-113.92","53.93","BUSBY AGCM","3010979","2023-02-16 18:00","2023","02","16","18:00","2.3","","-4.2","","62","","0.0","","","M","","M","","","","M","","","","","NA"
"-113.92","53.93","BUSBY AGCM","3010979","2023-02-16 19:00","2023","02","16","19:00","2.8","","-4.6","","58","","0.0","","","M","","M","","","","M","","","","","NA"
"-113.92","53.93","BUSBY AGCM","3010979","2023-02-16 20:00","2023","02","16","20:00","0.6","","-4.2","","70","","0.0","","","M","","M","","","","M","","","","","NA"
"-113.92","53.93","BUSBY AGCM","3010979","2023-02-16 21:00","2023","02","16","21:00","2.1","","-4.8","","60","","0.0","","","M","","M","","","","M","","","","","NA"
"-113.92","53.93","BUSBY AGCM","3010979","2023-02-16 22:00","2023","02","16","22:00","2.0","","-4.6","","62","","0.0","","","M","","M","","","","M","","","","","NA"
"-113.92","53.93","BUSBY AGCM","3010979","2023-02-16 23:00","2023","02","16","23:00","1.1","","-5.2","","63","","0.0","","","M","","M","","","","M","","","","","NA"
"-113.92","53.93","BUSBY AGCM","3010979","2023-02-17 00:00","2023","02","17","00:00","0.1","","-5.1","","68","","0.0","","","M","","M","","","","M","","","","","NA"
"-113.92","53.93","BUSBY AGCM","3010979","2023-02-17 01:00","2023","02","17","01:00","0.1","","-7.0","","59","","0.0","","","M","","M","","","","M","","","","","NA"
"-113.92","53.93","BUSBY AGCM","3010979","2023-02-17 02:00","2023","02","17","02:00","-1.9","","-7.9","","64","","0.0","","","M","","M","","","","M","","","","","NA"
"-113.92","53.93","BUSBY AGCM","3010979","2023-02-17 03:00","2023","02","17","03:00","-2.8","","-8.0","","67","","0.0","","","M","","M","","","","M","","","","","NA"
"-113.92","53.93","BUSBY AGCM","3010979","2023-02-17 04:00","2023","02","17","04:00","-1.8","","-7.3","","66","","0.0","","","M","","M","","","","M","","","","","NA"
"-113.92","53.93","BUSBY AGCM","3010979","2023-02-17 05:00","2023","02","17","05:00","-3.1","","-5.2","","85","","0.0","","","M","","M","","","","M","","","","","NA"
"-113.92","53.93","BUSBY AGCM","3010979","2023-02-17 06:00","2023","02","17","06:00","-2.7","","-5.9","","79","","0.0","","","M","","M","","","","M","","","","","NA"
"-113.92","53.93","BUSBY AGCM","3010979","2023-02-17 07:00","2023","02","17","07:00","-2.5","","-6.8","","72","","0.0","","","M","","M","","","","M","","","","","NA"
"-113.92","53.93","BUSBY AGCM","3010979","2023-02-17 08:00","2023","02","17","08:00","-4.9","","-8.5","","75","","0.0","","","M","","M","","","","M","","","","","NA"
"-113.92","53.93","BUSBY AGCM","3010979","2023-02-17 09:00","2023","02","17","09:00","-5.1","","-9.2","","73","","0.0","","","M","","M","","","","M","","","","","NA"
"-113.92","53.93","BUSBY AGCM","3010979","2023-02-17 10:00","2023","02","17","10:00","-3.2","","-9.7","","61","","0.0","","","M","","M","","","","M","","","","","NA"
"-113.92","53.93","BUSBY AGCM","3010979","2023-02-17 11:00","2023","02","17","11:00","-1.8","","-10.1","","53","","0.0","","","M","","M","","","","M","","","","","NA"
"-113.92","53.93","BUSBY AGCM","3010979","2023-02-17 12:00","2023","02","17","12:00","-0.8","","-9.4","","52","","0.0","","","M","","M","","","","M","","","","","NA"
"-113.92","53.93","BUSBY AGCM","3010979","2023-02-17 13:00","2023","02","17","13:00","-0.5","","-9.7","","50","","0.0","","","M","","M","","","","M","","","","","NA"
"-113.92","53.93","BUSBY AGCM","3010979","2023-02-17 14:00","2023","02","17","14:00","0.0","","-9.3","","50","","0.0","","","M","","M","","","","M","","","","","NA"
"-113.92","53.93","BUSBY AGCM","3010979","2023-02-17 15:00","2023","02","17","15:00","0.2","","-8.8","","51","","0.0","","","M","","M","","","","M","","","","","NA"
"-113.92","53.93","BUSBY AGCM","3010979","2023-02-17 16:00","2023","02","17","16:00","0.6","","-8.6","","50","","0.0","","","M","","M","","","","M","","","","","NA"
"-113.92","53.93","BUSBY AGCM","3010979","2023-02-17 17:00","2023","02","17","17:00","-0.7","","-7.9","","58","","0.0","","","M","","M","","","","M","","","","","NA"
"-113.92","53.93","BUSBY AGCM","3010979","2023-02-17 18:00","2023","02","17","18:00","-0.9","","-7.4","","61","","0.0","","","M","","M","","","","M","","","","","NA"
"-113.92","53.93","BUSBY AGCM","3010979","2023-02-17 19:00","2023","02","17","19:00","-1.6","","-6.7","","68","","0.0","","","M","","M","","","","M","","","","","NA"
"-113.92","53.93","BUSBY AGCM","3010979","2023-02-17 20:00","2023","02","17","20:00","-1.6","","-6.1","","71","","0.0","","","M","","M","","","","M","","","","","NA"
"-113.92","53.93","BUSBY AGCM","3010979","2023-02-17 21:00","2023","02","17","21:00","-2.1","","-5.9","","75","","0.0","","","M","","M","","","","M","","","","","NA"
"-113.92","53.93","BUSBY AGCM","3010979","2023-02-17 22:00","2023","02","17","22:00","-3.0","","-6.4","","78","","0.0","","","M","","M","","","","M","","","","","NA"
"-113.92","53.93","BUSBY AGCM","3010979","2023-02-17 23:00","2023","02","17","23:00","-3.2","","-6.4","","79","","0.0","","","M","","M","","","","M","","","","","NA"
"-113.92","53.93","BUSBY AGCM","3010979","2023-02-18 00:00","2023","02","18","00:00","-3.6","","-6.5","","80","","0.0","","","M","","M","","","","M","","","","","NA"
"-113.92","53.93","BUSBY AGCM","3010979","2023-02-18 01:00","2023","02","18","01:00","-2.0","","-5.1","","79","","0.0","","","M","","M","","","","M","","","","","NA"
"-113.92","53.93","BUSBY AGCM","3010979","2023-02-18 02:00","2023","02","18","02:00","-2.2","","-4.2","","86","","0.0","","","M","","M","","","","M","","","","","NA"
"-113.92","53.93","BUSBY AGCM","3010979","2023-02-18 03:00","2023","02","18","03:00","-2.7","","-3.2","","96","","0.0","","","M","","M","","","","M","","","","","NA"
"-113.92","53.93","BUSBY AGCM","3010979","2023-02-18 04:00","2023","02","18","04:00","-3.6","","-3.7","","99","","0.0","","","M","","M","","","","M","","","","","NA"
"-113.92","53.93","BUSBY AGCM","3010979","2023-02-18 05:00","2023","02","18","05:00","-4.1","","-4.1","","100","","0.0","","","M","","M","","","","M","","","","","NA"
"-113.92","53.93","BUSBY AGCM","3010979","2023-02-18 06:00","2023","02","18","06:00","-4.0","","-4.0","","100","","0.0","","","M","","M","","","","M","","","","","NA"
"-113.92","53.93","BUSBY AGCM","3010979","2023-02-18 07:00","2023","02","18","07:00","-5.4","","-5.5","","99","","0.0","","","M","","M","","","","M","","","","","NA"
"-113.92","53.93","BUSBY AGCM","3010979","2023-02-18 08:00","2023","02","18","08:00","-4.9","","-4.9","","100","","0.0","","","M","","M","","","","M","","","","","NA"
"-113.92","53.93","BUSBY AGCM","3010979","2023-02-18 09:00","2023","02","18","09:00","-3.8","","-3.8","","100","","0.0","","","M","","M","","","","M","","","","","NA"
"-113.92","53.93","BUSBY AGCM","3010979","2023-02-18 10:00","2023","02","18","10:00","-4.9","","-5.2","","98","","0.0","","","M","","M","","","","M","","","","","NA"
"-113.92","53.93","BUSBY AGCM","3010979","2023-02-18 11:00","2023","02","18","11:00","-7.5","","-8.5","","93","","0.4","","","M","","M","","","","M","","","","","NA"
"-113.92","53.93","BUSBY AGCM","3010979","2023-02-18 12:00","2023","02","18","12:00","-8.8","","-10.1","","90","","0.0","","","M","","M","","","","M","","","","","NA"
"-113.92","53.93","BUSBY AGCM","3010979","2023-02-18 13:00","2023","02","18","13:00","-8.4","","-10.3","","86","","0.0","","","M","","M","","","","M","","","","","NA"
"-113.92","53.93","BUSBY AGCM","3010979","2023-02-18 14:00","2023","02","18","14:00","-9.2","","-11.4","","84","","0.0","","","M","","M","","","","M","","","","","NA"
"-113.92","53.93","BUSBY AGCM","3010979","2023-02-18 15:00","2023","02","18","15:00","-9.0","","-11.7","","81","","0.0","","","M","","M","","","","M","","","","","NA"
"-113.92","53.93","BUSBY AGCM","3010979","2023-02-18 16:00","2023","02","18","16:00","-9.8","","-12.4","","81","","0.0","","","M","","M","","","","M","","","","","NA"
"-113.92","53.93","BUSBY AGCM","3010979","2023-02-18 17:00","2023","02","18","17:00","-10.1","","-13.1","","79","","0.0","","","M","","M","","","","M","","","","","NA"
"-113.92","53.93","BUSBY AGCM","3010979","2023-02-18 18:00","2023","02","18","18:00","-10.6","","-13.6","","78","","0.0","","","M","","M","","","","M","","","","","NA"
"-113.92","53.93","BUSBY AGCM","3010979","2023-02-18 19:00","2023","02","18","19:00","-11.0","","-13.3","","83","","0.0","","","M","","M","","","","M","","","","","NA"
"-113.92","53.93","BUSBY AGCM","3010979","2023-02-18 20:00","2023","02","18","20:00","-11.0","","-12.5","","89","","0.0","","","M","","M","","","","M","","","","","NA"
"-113.92","53.93","BUSBY AGCM","3010979","2023-02-18 21:00","2023","02","18","21:00","-11.5","","-12.4","","93","","0.7","","","M","","M","","","","M","","","","","NA"
"-113.92","53.93","BUSBY AGCM","3010979","2023-02-18 22:00","2023","02","18","22:00","-11.6","","-12.5","","93","","0.0","","","M","","M","","","","M","","","","","NA"
"-113.92","53.93","BUSBY AGCM","3010979","2023-02-18 23:00","2023","02","18","23:00","-12.0","","-13.0","","92","","0.0","","","M","","M","","","","M","","","","","NA"
"-113.92","53.93","BUSBY AGCM","3010979","2023-02-19 00:00","2023","02","19","00:00","-11.9","","-13.0","","91","","0.0","","","M","","M","","","","M","","","","","NA"
"-113.92","53.93","BUSBY AGCM","3010979","2023-02-19 01:00","2023","02","19","01:00","-11.7","","-12.5","","93","","0.0","","","M","","M","","","","M","","","","","NA"
"-113.92","53.93","BUSBY AGCM","3010979","2023-02-19 02:00","2023","02","19","02:00","-11.0","","-11.7","","94","","0.0","","","M","","M","","","","M","","","","","NA"
"-113.92","53.93","BUSBY AGCM","3010979","2023-02-19 03:00","2023","02","19","03:00","-10.4","","-11.0","","95","","0.0","","","M","","M","","","","M","","","","","NA"
"-113.92","53.93","BUSBY AGCM","3010979","2023-02-19 04:00","2023","02","19","04:00","-9.6","","-10.1","","96","","0.6","","","M","","M","","","","M","","","","","NA"
"-113.92","53.93","BUSBY AGCM","3010979","2023-02-19 05:00","2023","02","19","05:00","-8.6","","-9.1","","97","","0.5","","","M","","M","","","","M","","","","","NA"
"-113.92","53.93","BUSBY AGCM","3010979","2023-02-19 06:00","2023","02","19","06:00","-8.1","","-8.4","","97","","0.4","","","M","","M","","","","M","","","","","NA"
"-113.92","53.93","BUSBY AGCM","3010979","2023-02-19 07:00","2023","02","19","07:00","-7.4","","-7.6","","98","","0.6","","","M","","M","","","","M","","","","","NA"
"-113.92","53.93","BUSBY AGCM","3010979","2023-02-19 08:00","2023","02","19","08:00","-6.6","","-6.6","","99","","0.6","","","M","","M","","","","M","","","","","NA"
"-113.92","53.93","BUSBY AGCM","3010979","2023-02-19 09:00","2023","02","19","09:00","-6.7","","-6.9","","99","","0.0","","","M","","M","","","","M","","","","","NA"
"-113.92","53.93","BUSBY AGCM","3010979","2023-02-19 10:00","2023","02","19","10:00","-5.4","","-5.8","","97","","0.0","","","M","","M","","","","M","","","","","NA"
"-113.92","53.93","BUSBY AGCM","3010979","2023-02-19 11:00","2023","02","19","11:00","-5.9","","-7.0","","92","","0.0","","","M","","M","","","","M","","","","","NA"
"-113.92","53.93","BUSBY AGCM","3010979","2023-02-19 12:00","2023","02","19","12:00","-4.9","","-6.6","","88","","0.0","","","M","","M","","","","M","","","","","NA"
"-113.92","53.93","BUSBY AGCM","3010979","2023-02-19 13:00","2023","02","19","13:00","-4.3","","-6.4","","85","","0.0","","","M","","M","","","","M","","","","","NA"
"-113.92","53.93","BUSBY AGCM","3010979","2023-02-19 14:00","2023","02","19","14:00","-4.1","","-6.1","","86","","0.0","","","M","","M","","","","M","","","","","NA"
"-113.92","53.93","BUSBY AGCM","3010979","2023-02-19 15:00","2023","02","19","15:00","-4.9","","-7.0","","85","","0.0","","","M","","M","","","","M","","","","","NA"
"-113.92","53.93","BUSBY AGCM","3010979","2023-02-19 16:00","2023","02","19","16:00","-4.3","","-5.9","","89","","0.0","","","M","","M","","","","M","","","","","NA"
"-113.92","53.93","BUSBY AGCM","3010979","2023-02-19 17:00","2023","02","19","17:00","-5.5","","-6.6","","92","","0.0","","","M","","M","","","","M","","","","","NA"
"-113.92","53.93","BUSBY AGCM","3010979","2023-02-19 18:00","2023","02","19","18:00","-6.4","","-6.9","","96","","0.6","","","M","","M","","","","M","","","","","NA"
"-113.92","53.93","BUSBY AGCM","3010979","2023-02-19 19:00","2023","02","19","19:00","-7.2","","-7.7","","97","","0.4","","","M","","M","","","","M","","","","","NA"
"-113.92","53.93","BUSBY AGCM","3010979","2023-02-19 20:00","2023","02","19","20:00","-8.3","","-8.8","","96","","0.0","","","M","","M","","","","M","","","","","NA"
"-113.92","53.93","BUSBY AGCM","3010979","2023-02-19 21:00","2023","02","19","21:00","-8.9","","-9.9","","92","","0.0","","","M","","M","","","","M","","","","","NA"
"-113.92","53.93","BUSBY AGCM","3010979","2023-02-19 22:00","2023","02","19","22:00","-8.8","","-9.5","","95","","0.0","","","M","","M","","","","M","","","","","NA"
"-113.92","53.93","BUSBY AGCM","3010979","2023-02-19 23:00","2023","02","19","23:00","-9.2","","-10.0","","94","","0.0","","","M","","M","","","","M","","","","","NA"
"-113.92","53.93","BUSBY AGCM","3010979","2023-02-20 00:00","2023","02","20","00:00","-9.6","","-11.6","","86","","0.0","","","M","","M","","","","M","","","","","NA"
"-113.92","53.93","BUSBY AGCM","3010979","2023-02-20 01:00","2023","02","20","01:00","-11.3","","-12.6","","90","","0.0","","","M","","M","","","","M","","","","","NA"
"-113.92","53.93","BUSBY AGCM","3010979","2023-02-20 02:00","2023","02","20","02:00","-10.6","","-12.5","","86","","0.0","","","M","","M","","","","M","","","","","NA"
"-113.92","53.93","BUSBY AGCM","3010979","2023-02-20 03:00","2023","02","20","03:00","-10.8","","-12.7","","86","","0.0","","","M","","M","","","","M","","","","","NA"
"-113.92","53.93","BUSBY AGCM","3010979","2023-02-20 04:00","2023","02","20","04:00","-11.3","","-13.2","","86","","0.0","","","M","","M","","","","M","","","","","NA"
"-113.92","53.93","BUSBY AGCM","3010979","2023-02-20 05:00","2023","02","20","05:00","-11.4","","-13.2","","86","","0.0","","","M","","M","","","","M","","","","","NA"
"-113.92","53.93","BUSBY AGCM","3010979","2023-02-20 06:00","2023","02","20","06:00","-11.7","","-13.4","","87","","0.0","","","M","","M","","","","M","","","","","NA"
"-113.92","53.93","BUSBY AGCM","3010979","2023-02-20 07:00","2023","02","20","07:00","-12.1","","-13.8","","88","","0.0","","","M","","M","","","","M","","","","","NA"
"-113.92","53.93","BUSBY AGCM","3010979","2023-02-20 08:00","2023","02","20","08:00","-12.6","","-14.2","","88","","0.0","","","M","","M","","","","M","","","","","NA"
"-113.92","53.93","BUSBY AGCM","3010979","2023-02-20 09:00","2023","02","20","09:00","-13.6","","-15.6","","85","","0.0","","","M","","M","","","","M","","","","","NA"
"-113.92","53.93","BUSBY AGCM","3010979","2023-02-20 10:00","2023","02","20","10:00","-11.9","","-15.0","","77","","0.5","","","M","","M","","","","M","","","","","NA"
"-113.92","53.93","BUSBY AGCM","3010979","2023-02-20 11:00","2023","02","20","11:00","-11.7","","-15.4","","74","","0.0","","","M","","M","","","","M","","","","","NA"
"-113.92","53.93","BUSBY AGCM","3010979","2023-02-20 12:00","2023","02","20","12:00","-11.6","","-14.9","","77","","0.0","","","M","","M","","","","M","","","","","NA"
"-113.92","53.93","BUSBY AGCM","3010979","2023-02-20 13:00","2023","02","20","13:00","-9.7","","-13.4","","74","","0.0","","","M","","M","","","","M","","","","","NA"
"-113.92","53.93","BUSBY AGCM","3010979","2023-02-20 14:00","2023","02","20","14:00","-9.0","","-13.5","","70","","0.0","","","M","","M","","","","M","","","","","NA"
"-113.92","53.93","BUSBY AGCM","3010979","2023-02-20 15:00","2023","02","20","15:00","-9.8","","-14.3","","70","","0.0","","","M","","M","","","","M","","","","","NA"
"-113.92","53.93","BUSBY AGCM","3010979","2023-02-20 16:00","2023","02","20","16:00","-9.9","","-13.8","","73","","0.0","","","M","","M","","","","M","","","","","NA"
"-113.92","53.93","BUSBY AGCM","3010979","2023-02-20 17:00","2023","02","20","17:00","-10.4","","-13.6","","78","","0.0","","","M","","M","","","","M","","","","","NA"
"-113.92","53.93","BUSBY AGCM","3010979","2023-02-20 18:00","2023","02","20","18:00","-11.6","","-14.0","","83","","0.0","","","M","","M","","","","M","","","","","NA"
"-113.92","53.93","BUSBY AGCM","3010979","2023-02-20 19:00","2023","02","20","19:00","-11.9","","-14.1","","84","","0.0","","","M","","M","","","","M","","","","","NA"
"-113.92","53.93","BUSBY AGCM","3010979","2023-02-20 20:00","2023","02","20","20:00","-11.8","","-14.0","","84","","0.0","","","M","","M","","","","M","","","","","NA"
"-113.92","53.93","BUSBY AGCM","3010979","2023-02-20 21:00","2023","02","20","21:00","-12.5","","-14.6","","85","","0.0","","","M","","M","","","","M","","","","","NA"
"-113.92","53.93","BUSBY AGCM","3010979","2023-02-20 22:00","2023","02","20","22:00","-13.8","","-15.7","","86","","0.0","","","M","","M","","","","M","","","","","NA"
"-113.92","53.93","BUSBY AGCM","3010979","2023-02-20 23:00","2023","02","20","23:00","-15.0","","-16.7","","87","","0.0","","","M","","M","","","","M","","","","","NA"
"-113.92","53.93","BUSBY AGCM","3010979","2023-02-21 00:00","2023","02","21","00:00","-16.0","","-17.9","","85","","0.0","","","M","","M","","","","M","","","","","NA"
"-113.92","53.93","BUSBY AGCM","3010979","2023-02-21 01:00","2023","02","21","01:00","-16.2","","-18.1","","85","","0.0","","","M","","M","","","","M","","","","","NA"
"-113.92","53.93","BUSBY AGCM","3010979","2023-02-21 02:00","2023","02","21","02:00","-16.4","","-18.4","","84","","0.0","","","M","","M","","","","M","","","","","NA"
"-113.92","53.93","BUSBY AGCM","3010979","2023-02-21 03:00","2023","02","21","03:00","-16.9","","-19.4","","81","","0.0","","","M","","M","","","","M","","","","","NA"
"-113.92","53.93","BUSBY AGCM","3010979","2023-02-21 04:00","2023","02","21","04:00","-17.4","","-20.1","","80","","0.0","","","M","","M","","","","M","","","","","NA"
"-113.92","53.93","BUSBY AGCM","3010979","2023-02-21 05:00","2023","02","21","05:00","-17.6","","-20.4","","79","","0.0","","","M","","M","","","","M","","","","","NA"
"-113.92","53.93","BUSBY AGCM","3010979","2023-02-21 06:00","2023","02","21","06:00","-17.9","","-20.3","","81","","0.0","","","M","","M","","","","M","","","","","NA"
"-113.92","53.93","BUSBY AGCM","3010979","2023-02-21 07:00","2023","02","21","07:00","-18.2","","-21.5","","76","","0.0","","","M","","M","","","","M","","","","","NA"
"-113.92","53.93","BUSBY AGCM","3010979","2023-02-21 08:00","2023","02","21","08:00","-19.9","","-22.4","","80","","0.0","","","M","","M","","","","M","","","","","NA"
"-113.92","53.93","BUSBY AGCM","3010979","2023-02-21 09:00","2023","02","21","09:00","-20.5","","-23.2","","79","","0.0","","","M","","M","","","","M","","","","","NA"
"-113.92","53.93","BUSBY AGCM","3010979","2023-02-21 10:00","2023","02","21","10:00","-20.5","","-23.8","","74","","0.0","","","M","","M","","","","M","","","","","NA"
"-113.92","53.93","BUSBY AGCM","3010979","2023-02-21 11:00","2023","02","21","11:00","-20.0","","-23.4","","75","","0.0","","","M","","M","","","","M","","","","","NA"
"-113.92","53.93","BUSBY AGCM","3010979","2023-02-21 12:00","2023","02","21","12:00","-20.0","","-23.0","","77","","0.0","","","M","","M","","","","M","","","","","NA"
"-113.92","53.93","BUSBY AGCM","3010979","2023-02-21 13:00","2023","02","21","13:00","-19.6","","-23.9","","69","","0.0","","","M","","M","","","","M","","","","","NA"
"-113.92","53.93","BUSBY AGCM","3010979","2023-02-21 14:00","2023","02","21","14:00","-19.5","","-23.8","","69","","0.0","","","M","","M","","","","M","","","","","NA"
"-113.92","53.93","BUSBY AGCM","3010979","2023-02-21 15:00","2023","02","21","15:00","-19.4","","-24.4","","65","","0.0","","","M","","M","","","","M","","","","","NA"
"-113.92","53.93","BUSBY AGCM","3010979","2023-02-21 16:00","2023","02","21","16:00","-18.9","","-24.3","","63","","0.0","","","M","","M","","","","M","","","","","NA"
"-113.92","53.93","BUSBY AGCM","3010979","2023-02-21 17:00","2023","02","21","17:00","-19.0","","-24.2","","63","","0.0","","","M","","M","","","","M","","","","","NA"
"-113.92","53.93","BUSBY AGCM","3010979","2023-02-21 18:00","2023","02","21","18:00","-21.2","","-25.3","","70","","0.0","","","M","","M","","","","M","","","","","NA"
"-113.92","53.93","BUSBY AGCM","3010979","2023-02-21 19:00","2023","02","21","19:00","-24.0","","-26.3","","82","","0.0","","","M","","M","","","","M","","","","","NA"
"-113.92","53.93","BUSBY AGCM","3010979","2023-02-21 20:00","2023","02","21","20:00","-22.0","","-25.7","","72","","0.0","","","M","","M","","","","M","","","","","NA"
"-113.92","53.93","BUSBY AGCM","3010979","2023-02-21 21:00","2023","02","21","21:00","-21.9","","-25.8","","71","","0.0","","","M","","M","","","","M","","","","","NA"
"-113.92","53.93","BUSBY AGCM","3010979","2023-02-21 22:00","2023","02","21","22:00","-23.2","","-26.9","","72","","0.0","","","M","","M","","","","M","","","","","NA"
"-113.92","53.93","BUSBY AGCM","3010979","2023-02-21 23:00","2023","02","21","23:00","-24.6","","-27.8","","75","","0.0","","","M","","M","","","","M","","","","","NA"
"-113.92","53.93","BUSBY AGCM","3010979","2023-02-22 00:00","2023","02","22","00:00","-25.0","","-27.9","","77","","0.0","","","M","","M","","","","M","","","","","NA"
"-113.92","53.93","BUSBY AGCM","3010979","2023-02-22 01:00","2023","02","22","01:00","-27.9","","-30.8","","76","","0.0","","","M","","M","","","","M","","","","","NA"
"-113.92","53.93","BUSBY AGCM","3010979","2023-02-22 02:00","2023","02","22","02:00","-26.6","","-28.8","","82","","0.0","","","M","","M","","","","M","","","","","NA"
"-113.92","53.93","BUSBY AGCM","3010979","2023-02-22 03:00","2023","02","22","03:00","-29.3","","-31.8","","79","","0.0","","","M","","M","","","","M","","","","","NA"
"-113.92","53.93","BUSBY AGCM","3010979","2023-02-22 04:00","2023","02","22","04:00","-30.8","","-32.9","","81","","0.0","","","M","","M","","","","M","","","","","NA"
"-113.92","53.93","BUSBY AGCM","3010979","2023-02-22 05:00","2023","02","22","05:00","-28.6","","-31.0","","80","","0.0","","","M","","M","","","","M","","","","","NA"
"-113.92","53.93","BUSBY AGCM","3010979","2023-02-22 06:00","2023","02","22","06:00","-28.9","","-31.2","","81","","0.0","","","M","","M","","","","M","","","","","NA"
"-113.92","53.93","BUSBY AGCM","3010979","2023-02-22 07:00","2023","02","22","07:00","-29.9","","-32.2","","80","","0.0","","","M","","M","","","","M","","","","","NA"
"-113.92","53.93","BUSBY AGCM","3010979","2023-02-22 08:00","2023","02","22","08:00","-30.2","","-32.7","","79","","0.0","","","M","","M","","","","M","","","","","NA"
"-113.92","53.93","BUSBY AGCM","3010979","2023-02-22 09:00","2023","02","22","09:00","-30.2","","-32.8","","78","","0.0","","","M","","M","","","","M","","","","","NA"
"-113.92","53.93","BUSBY AGCM","3010979","2023-02-22 10:00","2023","02","22","10:00","-29.2","","-32.0","","77","","0.0","","","M","","M","","","","M","","","","","NA"
"-113.92","53.93","BUSBY AGCM","3010979","2023-02-22 11:00","2023","02","22","11:00","-28.4","","-31.3","","76","","0.0","","","M","","M","","","","M","","","","","NA"
"-113.92","53.93","BUSBY AGCM","3010979","2023-02-22 12:00","2023","02","22","12:00","-26.3","","-29.4","","76","","0.0","","","M","","M","","","","M","","","","","NA"
"-113.92","53.93","BUSBY AGCM","3010979","2023-02-22 13:00","2023","02","22","13:00","-26.8","","-30.2","","73","","0.0","","","M","","M","","","","M","","","","","NA"
"-113.92","53.93","BUSBY AGCM","3010979","2023-02-22 14:00","2023","02","22","14:00","-26.7","","-30.1","","73","","0.0","","","M","","M","","","","M","","","","","NA"
"-113.92","53.93","BUSBY AGCM","3010979","2023-02-22 15:00","2023","02","22","15:00","-25.9","","-29.5","","72","","0.0","","","M","","M","","","","M","","","","","NA"
"-113.92","53.93","BUSBY AGCM","3010979","2023-02-22 16:00","2023","02","22","16:00","-25.6","","-29.4","","70","","0.0","","","M","","M","","","","M","","","","","NA"
"-113.92","53.93","BUSBY AGCM","3010979","2023-02-22 17:00","2023","02","22","17:00","-25.3","","-29.1","","71","","0.0","","","M","","M","","","","M","","","","","NA"
"-113.92","53.93","BUSBY AGCM","3010979","2023-02-22 18:00","2023","02","22","18:00","-25.6","","-29.1","","72","","0.0","","","M","","M","","","","M","","","","","NA"
"-113.92","53.93","BUSBY AGCM","3010979","2023-02-22 19:00","2023","02","22","19:00","-26.1","","-29.3","","74","","0.0","","","M","","M","","","","M","","","","","NA"
"-113.92","53.93","BUSBY AGCM","3010979","2023-02-22 20:00","2023","02","22","20:00","-25.7","","-28.9","","75","","0.0","","","M","","M","","","","M","","","","","NA"
"-113.92","53.93","BUSBY AGCM","3010979","2023-02-22 21:00","2023","02","22","21:00","-25.6","","-28.7","","75","","0.0","","","M","","M","","","","M","","","","","NA"
"-113.92","53.93","BUSBY AGCM","3010979","2023-02-22 22:00","2023","02","22","22:00","-26.0","","-29.1","","75","","0.0","","","M","","M","","","","M","","","","","NA"
"-113.92","53.93","BUSBY AGCM","3010979","2023-02-22 23:00","2023","02","22","23:00","-26.1","","-29.3","","75","","0.0","","","M","","M","","","","M","","","","","NA"
"-113.92","53.93","BUSBY AGCM","3010979","2023-02-23 00:00","2023","02","23","00:00","-26.1","","-29.1","","76","","0.0","","","M","","M","","","","M","","","","","NA"
"-113.92","53.93","BUSBY AGCM","3010979","2023-02-23 01:00","2023","02","23","01:00","-26.3","","-29.1","","77","","0.0","","","M","","M","","","","M","","","","","NA"
"-113.92","53.93","BUSBY AGCM","3010979","2023-02-23 02:00","2023","02","23","02:00","-26.3","","-29.0","","78","","0.0","","","M","","M","","","","M","","","","","NA"
"-113.92","53.93","BUSBY AGCM","3010979","2023-02-23 03:00","2023","02","23","03:00","-26.1","","-28.6","","79","","0.0","","","M","","M","","","","M","","","","","NA"
"-113.92","53.93","BUSBY AGCM","3010979","2023-02-23 04:00","2023","02","23","04:00","-26.3","","-28.8","","80","","0.0","","","M","","M","","","","M","","","","","NA"
"-113.92","53.93","BUSBY AGCM","3010979","2023-02-23 05:00","2023","02","23","05:00","-26.0","","-28.5","","80","","0.0","","","M","","M","","","","M","","","","","NA"
"-113.92","53.93","BUSBY AGCM","3010979","2023-02-23 06:00","2023","02","23","06:00","-25.9","","-28.4","","80","","0.0","","","M","","M","","","","M","","","","","NA"
"-113.92","53.93","BUSBY AGCM","3010979","2023-02-23 07:00","2023","02","23","07:00","-26.1","","-28.6","","79","","0.0","","","M","","M","","","","M","","","","","NA"
"-113.92","53.93","BUSBY AGCM","3010979","2023-02-23 08:00","2023","02","23","08:00","-26.2","","-28.7","","79","","0.0","","","M","","M","","","","M","","","","","NA"
"-113.92","53.93","BUSBY AGCM","3010979","2023-02-23 09:00","2023","02","23","09:00","-26.4","","-29.1","","78","","0.0","","","M","","M","","","","M","","","","","NA"
"-113.92","53.93","BUSBY AGCM","3010979","2023-02-23 10:00","2023","02","23","10:00","-24.5","","-27.8","","74","","0.0","","","M","","M","","","","M","","","","","NA"
"-113.92","53.93","BUSBY AGCM","3010979","2023-02-23 11:00","2023","02","23","11:00","-23.2","","-27.2","","70","","0.4","","","M","","M","","","","M","","","","","NA"
"-113.92","53.93","BUSBY AGCM","3010979","2023-02-23 12:00","2023","02","23","12:00","-22.4","","-26.4","","69","","0.0","","","M","","M","","","","M","","","","","NA"
"-113.92","53.93","BUSBY AGCM","3010979","2023-02-23 13:00","2023","02","23","13:00","-21.6","","-26.2","","66","","0.0","","","M","","M","","","","M","","","","","NA"
"-113.92","53.93","BUSBY AGCM","3010979","2023-02-23 14:00","2023","02","23","14:00","-21.4","","-25.6","","69","","0.0","","","M","","M","","","","M","","","","","NA"
"-113.92","53.93","BUSBY AGCM","3010979","2023-02-23 15:00","2023","02","23","15:00","-21.4","","-25.5","","69","","0.0","","","M","","M","","","","M","","","","","NA"
"-113.92","53.93","BUSBY AGCM","3010979","2023-02-23 16:00","2023","02","23","16:00","-21.2","","-25.4","","69","","0.0","","","M","","M","","","","M","","","","","NA"
"-113.92","53.93","BUSBY AGCM","3010979","2023-02-23 17:00","2023","02","23","17:00","-21.9","","-25.8","","71","","0.0","","","M","","M","","","","M","","","","","NA"
"-113.92","53.93","BUSBY AGCM","3010979","2023-02-23 18:00","2023","02","23","18:00","-22.9","","-25.5","","79","","0.0","","","M","","M","","","","M","","","","","NA"
"-113.92","53.93","BUSBY AGCM","3010979","2023-02-23 19:00","2023","02","23","19:00","-24.5","","-26.4","","84","","0.0","","","M","","M","","","","M","","","","","NA"
"-113.92","53.93","BUSBY AGCM","3010979","2023-02-23 20:00","2023","02","23","20:00","-26.6","","-28.2","","86","","0.0","","","M","","M","","","","M","","","","","NA"
"-113.92","53.93","BUSBY AGCM","3010979","2023-02-23 21:00","2023","02","23","21:00","-27.0","","-28.7","","85","","0.0","","","M","","M","","","","M","","","","","NA"
"-113.92","53.93","BUSBY AGCM","3010979","2023-02-23 22:00","2023","02","23","22:00","-27.3","","-29.3","","83","","0.0","","","M","","M","","","","M","","","","","NA"
"-113.92","53.93","BUSBY AGCM","3010979","2023-02-23 23:00","2023","02","23","23:00","-27.4","","-29.3","","84","","0.0","","","M","","M","","","","M","","","","","NA"
"-113.92","53.93","BUSBY AGCM","3010979","2023-02-24 00:00","2023","02","24","00:00","-27.0","","-29.1","","82","","0.0","","","M","","M","","","","M","","","","","NA"
"-113.92","53.93","BUSBY AGCM","3010979","2023-02-24 01:00","2023","02","24","01:00","-27.9","","-30.2","","81","","0.0","","","M","","M","","","","M","","","","","NA"
"-113.92","53.93","BUSBY AGCM","3010979","2023-02-24 02:00","2023","02","24","02:00","-30.1","","-32.5","","79","","0.0","","","M","","M","","","","M","","","","","NA"
"-113.92","53.93","BUSBY AGCM","3010979","2023-02-24 03:00","2023","02","24","03:00","-29.4","","-31.8","","80","","0.0","","","M","","M","","","","M","","","","","NA"
"-113.92","53.93","BUSBY AGCM","3010979","2023-02-24 04:00","2023","02","24","04:00","-29.2","","-31.4","","82","","0.0","","","M","","M","","","","M","","","","","NA"
"-113.92","53.93","BUSBY AGCM","3010979","2023-02-24 05:00","2023","02","24","05:00","-30.6","","-33.2","","78","","0.0","","","M","","M","","","","M","","","","","NA"
"-113.92","53.93","BUSBY AGCM","3010979","2023-02-24 06:00","2023","02","24","06:00","-30.9","","-33.6","","77","","0.0","","","M","","M","","","","M","","","","","NA"
"-113.92","53.93","BUSBY AGCM","3010979","2023-02-24 07:00","2023","02","24","07:00","-28.9","","-31.2","","80","","0.4","","","M","","M","","","","M","","","","","NA"
"-113.92","53.93","BUSBY AGCM","3010979","2023-02-24 08:00","2023","02","24","08:00","-29.7","","-32.2","","78","","0.0","","","M","","M","","","","M","","","","","NA"
"-113.92","53.93","BUSBY AGCM","3010979","2023-02-24 09:00","2023","02","24","09:00","-28.6","","-31.3","","78","","0.0","","","M","","M","","","","M","","","","","NA"
"-113.92","53.93","BUSBY AGCM","3010979","2023-02-24 10:00","2023","02","24","10:00","-27.8","","-30.5","","78","","0.0","","","M","","M","","","","M","","","","","NA"
"-113.92","53.93","BUSBY AGCM","3010979","2023-02-24 11:00","2023","02","24","11:00","-26.9","","-29.6","","77","","0.0","","","M","","M","","","","M","","","","","NA"
"-113.92","53.93","BUSBY AGCM","3010979","2023-02-24 12:00","2023","02","24","12:00","-25.5","","-28.6","","75","","0.0","","","M","","M","","","","M","","","","","NA"
"-113.92","53.93","BUSBY AGCM","3010979","2023-02-24 13:00","2023","02","24","13:00","-24.4","","-28.3","","70","","0.0","","","M","","M","","","","M","","","","","NA"
"-113.92","53.93","BUSBY AGCM","3010979","2023-02-24 14:00","2023","02","24","14:00","-23.5","","-28.2","","66","","0.0","","","M","","M","","","","M","","","","","NA"
"-113.92","53.93","BUSBY AGCM","3010979","2023-02-24 15:00","2023","02","24","15:00","-22.6","","-27.6","","64","","0.0","","","M","","M","","","","M","","","","","NA"
"-113.92","53.93","BUSBY AGCM","3010979","2023-02-24 16:00","2023","02","24","16:00","-22.1","","-27.4","","62","","0.0","","","M","","M","","","","M","","","","","NA"
"-113.92","53.93","BUSBY AGCM","3010979","2023-02-24 17:00","2023","02","24","17:00","-21.9","","-27.0","","63","","0.0","","","M","","M","","","","M","","","","","NA"
"-113.92","53.93","BUSBY AGCM","3010979","2023-02-24 18:00","2023","02","24","18:00","-22.3","","-26.9","","66","","0.0","","","M","","M","","","","M","","","","","NA"
"-113.92","53.93","BUSBY AGCM","3010979","2023-02-24 19:00","2023","02","24","19:00","-22.6","","-27.1","","67","","0.0","","","M","","M","","","","M","","","","","NA"
"-113.92","53.93","BUSBY AGCM","3010979","2023-02-24 20:00","2023","02","24","20:00","-22.7","","-26.6","","71","","0.0","","","M","","M","","","","M","","","","","NA"
"-113.92","53.93","BUSBY AGCM","3010979","2023-02-24 21:00","2023","02","24","21:00","-22.1","","-25.9","","71","","0.0","","","M","","M","","","","M","","","","","NA"
"-113.92","53.93","BUSBY AGCM","3010979","2023-02-24 22:00","2023","02","24","22:00","-23.4","","-27.0","","72","","0.0","","","M","","M","","","","M","","","","","NA"
"-113.92","53.93","BUSBY AGCM","3010979","2023-02-24 23:00","2023","02","24","23:00","-22.8","","-26.7","","70","","0.0","","","M","","M","","","","M","","","","","NA"
"-113.92","53.93","BUSBY AGCM","3010979","2023-02-25 00:00","2023","02","25","00:00","-23.8","","-27.1","","74","","0.0","","","M","","M","","","","M","","","","","NA"
"-113.92","53.93","BUSBY AGCM","3010979","2023-02-25 01:00","2023","02","25","01:00","-22.9","","-26.2","","74","","0.0","","","M","","M","","","","M","","","","","NA"
"-113.92","53.93","BUSBY AGCM","3010979","2023-02-25 02:00","2023","02","25","02:00","-19.8","","-21.8","","85","","0.0","","","M","","M","","","","M","","","","","NA"
"-113.92","53.93","BUSBY AGCM","3010979","2023-02-25 03:00","2023","02","25","03:00","-19.4","","-21.2","","85","","0.0","","","M","","M","","","","M","","","","","NA"
"-113.92","53.93","BUSBY AGCM","3010979","2023-02-25 04:00","2023","02","25","04:00","-18.0","","-20.3","","82","","0.0","","","M","","M","","","","M","","","","","NA"
"-113.92","53.93","BUSBY AGCM","3010979","2023-02-25 05:00","2023","02","25","05:00","-19.0","","-21.3","","82","","0.0","","","M","","M","","","","M","","","","","NA"
"-113.92","53.93","BUSBY AGCM","3010979","2023-02-25 06:00","2023","02","25","06:00","-17.4","","-20.1","","79","","0.0","","","M","","M","","","","M","","","","","NA"
"-113.92","53.93","BUSBY AGCM","3010979","2023-02-25 07:00","2023","02","25","07:00","-17.6","","-19.9","","82","","0.0","","","M","","M","","","","M","","","","","NA"
"-113.92","53.93","BUSBY AGCM","3010979","2023-02-25 08:00","2023","02","25","08:00","-18.3","","-20.2","","85","","0.0","","","M","","M","","","","M","","","","","NA"
"-113.92","53.93","BUSBY AGCM","3010979","2023-02-25 09:00","2023","02","25","09:00","-16.1","","-18.9","","79","","0.0","","","M","","M","","","","M","","","","","NA"
"-113.92","53.93","BUSBY AGCM","3010979","2023-02-25 10:00","2023","02","25","10:00","-15.0","","-18.4","","76","","0.0","","","M","","M","","","","M","","","","","NA"
"-113.92","53.93","BUSBY AGCM","3010979","2023-02-25 11:00","2023","02","25","11:00","-11.9","","-15.5","","75","","0.0","","","M","","M","","","","M","","","","","NA"
"-113.92","53.93","BUSBY AGCM","3010979","2023-02-25 12:00","2023","02","25","12:00","-9.8","","-12.3","","82","","0.0","","","M","","M","","","","M","","","","","NA"
"-113.92","53.93","BUSBY AGCM","3010979","2023-02-25 13:00","2023","02","25","13:00","-8.9","","-11.9","","79","","0.0","","","M","","M","","","","M","","","","","NA"
"-113.92","53.93","BUSBY AGCM","3010979","2023-02-25 14:00","2023","02","25","14:00","-7.7","","-11.3","","75","","0.0","","","M","","M","","","","M","","","","","NA"
"-113.92","53.93","BUSBY AGCM","3010979","2023-02-25 15:00","2023","02","25","15:00","-8.1","","-10.4","","83","","0.0","","","M","","M","","","","M","","","","","NA"
"-113.92","53.93","BUSBY AGCM","3010979","2023-02-25 16:00","2023","02","25","16:00","-8.5","","-10.5","","85","","0.0","","","M","","M","","","","M","","","","","NA"
"-113.92","53.93","BUSBY AGCM","3010979","2023-02-25 17:00","2023","02","25","17:00","-8.6","","-10.5","","86","","0.0","","","M","","M","","","","M","","","","","NA"
"-113.92","53.93","BUSBY AGCM","3010979","2023-02-25 18:00","2023","02","25","18:00","-8.9","","-12.1","","77","","0.0","","","M","","M","","","","M","","","","","NA"
"-113.92","53.93","BUSBY AGCM","3010979","2023-02-25 19:00","2023","02","25","19:00","-9.5","","-13.5","","73","","0.0","","","M","","M","","","","M","","","","","NA"
"-113.92","53.93","BUSBY AGCM","3010979","2023-02-25 20:00","2023","02","25","20:00","-10.4","","-14.3","","73","","0.0","","","M","","M","","","","M","","","","","NA"
"-113.92","53.93","BUSBY AGCM","3010979","2023-02-25 21:00","2023","02","25","21:00","-11.3","","-15.0","","74","","0.0","","","M","","M","","","","M","","","","","NA"
"-113.92","53.93","BUSBY AGCM","3010979","2023-02-25 22:00","2023","02","25","22:00","-12.6","","-15.9","","76","","0.0","","","M","","M","","","","M","","","","","NA"
"-113.92","53.93","BUSBY AGCM","3010979","2023-02-25 23:00","2023","02","25","23:00","-12.2","","-15.4","","77","","0.0","","","M","","M","","","","M","","","","","NA"
"-113.92","53.93","BUSBY AGCM","3010979","2023-02-26 00:00","2023","02","26","00:00","-11.8","","-14.8","","78","","0.0","","","M","","M","","","","M","","","","","NA"
"-113.92","53.93","BUSBY AGCM","3010979","2023-02-26 01:00","2023","02","26","01:00","-11.4","","-14.8","","76","","0.0","","","M","","M","","","","M","","","","","NA"
"-113.92","53.93","BUSBY AGCM","3010979","2023-02-26 02:00","2023","02","26","02:00","-12.7","","-15.5","","79","","0.0","","","M","","M","","","","M","","","","","NA"
"-113.92","53.93","BUSBY AGCM","3010979","2023-02-26 03:00","2023","02","26","03:00","-13.0","","-15.6","","81","","0.0","","","M","","M","","","","M","","","","","NA"
"-113.92","53.93","BUSBY AGCM","3010979","2023-02-26 04:00","2023","02","26","04:00","-13.2","","-15.7","","81","","0.0","","","M","","M","","","","M","","","","","NA"
"-113.92","53.93","BUSBY AGCM","3010979","2023-02-26 05:00","2023","02","26","05:00","-13.7","","-16.0","","83","","0.0","","","M","","M","","","","M","","","","","NA"
"-113.92","53.93","BUSBY AGCM","3010979","2023-02-26 06:00","2023","02","26","06:00","-14.0","","-16.2","","84","","0.0","","","M","","M","","","","M","","","","","NA"
"-113.92","53.93","BUSBY AGCM","3010979","2023-02-26 07:00","2023","02","26","07:00","-14.4","","-16.5","","84","","0.0","","","M","","M","","","","M","","","","","NA"
"-113.92","53.93","BUSBY AGCM","3010979","2023-02-26 08:00","2023","02","26","08:00","-14.7","","-16.8","","84","","0.0","","","M","","M","","","","M","","","","","NA"
"-113.92","53.93","BUSBY AGCM","3010979","2023-02-26 09:00","2023","02","26","09:00","-14.7","","-17.0","","83","","0.0","","","M","","M","","","","M","","","","","NA"
"-113.92","53.93","BUSBY AGCM","3010979","2023-02-26 10:00","2023","02","26","10:00","-13.1","","-16.2","","77","","0.0","","","M","","M","","","","M","","","","","NA"
"-113.92","53.93","BUSBY AGCM","3010979","2023-02-26 11:00","2023","02","26","11:00","-8.9","","-16.0","","56","","0.0","","","M","","M","","","","M","","","","","NA"
"-113.92","53.93","BUSBY AGCM","3010979","2023-02-26 12:00","2023","02","26","12:00","-10.5","","-16.0","","64","","0.0","","","M","","M","","","","M","","","","","NA"
"-113.92","53.93","BUSBY AGCM","3010979","2023-02-26 13:00","2023","02","26","13:00","-10.6","","-15.2","","69","","0.0","","","M","","M","","","","M","","","","","NA"
"-113.92","53.93","BUSBY AGCM","3010979","2023-02-26 14:00","2023","02","26","14:00","-10.4","","-15.3","","68","","0.0","","","M","","M","","","","M","","","","","NA"
"-113.92","53.93","BUSBY AGCM","3010979","2023-02-26 15:00","2023","02","26","15:00","-10.6","","-15.2","","69","","0.0","","","M","","M","","","","M","","","","","NA"
"-113.92","53.93","BUSBY AGCM","3010979","2023-02-26 16:00","2023","02","26","16:00","-10.5","","-15.0","","70","","0.0","","","M","","M","","","","M","","","","","NA"
"-113.92","53.93","BUSBY AGCM","3010979","2023-02-26 17:00","2023","02","26","17:00","-10.8","","-15.1","","70","","0.0","","","M","","M","","","","M","","","","","NA"
"-113.92","53.93","BUSBY AGCM","3010979","2023-02-26 18:00","2023","02","26","18:00","-11.2","","-15.0","","73","","0.0","","","M","","M","","","","M","","","","","NA"
"-113.92","53.93","BUSBY AGCM","3010979","2023-02-26 19:00","2023","02","26","19:00","-12.7","","-15.5","","80","","0.0","","","M","","M","","","","M","","","","","NA"
"-113.92","53.93","BUSBY AGCM","3010979","2023-02-26 20:00","2023","02","26","20:00","-12.4","","-14.7","","83","","0.0","","","M","","M","","","","M","","","","","NA"
"-113.92","53.93","BUSBY AGCM","3010979","2023-02-26 21:00","2023","02","26","21:00","-11.4","","-13.8","","83","","0.0","","","M","","M","","","","M","","","","","NA"
"-113.92","53.93","BUSBY AGCM","3010979","2023-02-26 22:00","2023","02","26","22:00","-10.3","","-13.5","","77","","0.0","","","M","","M","","","","M","","","","","NA"
"-113.92","53.93","BUSBY AGCM","3010979","2023-02-26 23:00","2023","02","26","23:00","-10.5","","-13.8","","77","","0.0","","","M","","M","","","","M","","","","","NA"
"-113.92","53.93","BUSBY AGCM","3010979","2023-02-27 00:00","2023","02","27","00:00","-12.0","","-15.1","","78","","0.0","","","M","","M","","","","M","","","","","NA"
"-113.92","53.93","BUSBY AGCM","3010979","2023-02-27 01:00","2023","02","27","01:00","-13.1","","-15.6","","81","","0.0","","","M","","M","","","","M","","","","","NA"
"-113.92","53.93","BUSBY AGCM","3010979","2023-02-27 02:00","2023","02","27","02:00","-12.8","","-15.0","","84","","0.0","","","M","","M","","","","M","","","","","NA"
"-113.92","53.93","BUSBY AGCM","3010979","2023-02-27 03:00","2023","02","27","03:00","-12.8","","-14.1","","90","","0.0","","","M","","M","","","","M","","","","","NA"
"-113.92","53.93","BUSBY AGCM","3010979","2023-02-27 04:00","2023","02","27","04:00","-12.1","","-13.6","","88","","0.0","","","M","","M","","","","M","","","","","NA"
"-113.92","53.93","BUSBY AGCM","3010979","2023-02-27 05:00","2023","02","27","05:00","-13.4","","-13.9","","95","","0.0","","","M","","M","","","","M","","","","","NA"
"-113.92","53.93","BUSBY AGCM","3010979","2023-02-27 06:00","2023","02","27","06:00","-14.1","","-14.7","","95","","0.0","","","M","","M","","","","M","","","","","NA"
"-113.92","53.93","BUSBY AGCM","3010979","2023-02-27 07:00","2023","02","27","07:00","-12.8","","-13.8","","92","","0.0","","","M","","M","","","","M","","","","","NA"
"-113.92","53.93","BUSBY AGCM","3010979","2023-02-27 08:00","2023","02","27","08:00","-14.0","","-14.9","","93","","0.0","","","M","","M","","","","M","","","","","NA"
"-113.92","53.93","BUSBY AGCM","3010979","2023-02-27 09:00","2023","02","27","09:00","-13.0","","-14.3","","90","","0.0","","","M","","M","","","","M","","","","","NA"
"-113.92","53.93","BUSBY AGCM","3010979","2023-02-27 10:00","2023","02","27","10:00","-10.8","","-12.8","","85","","0.0","","","M","","M","","","","M","","","","","NA"
"-113.92","53.93","BUSBY AGCM","3010979","2023-02-27 11:00","2023","02","27","11:00","-8.9","","-11.8","","80","","0.0","","","M","","M","","","","M","","","","","NA"
"-113.92","53.93","BUSBY AGCM","3010979","2023-02-27 12:00","2023","02","27","12:00","-8.0","","-11.5","","76","","0.0","","","M","","M","","","","M","","","","","NA"
"-113.92","53.93","BUSBY AGCM","3010979","2023-02-27 13:00","2023","02","27","13:00","-6.7","","-11.3","","69","","0.0","","","M","","M","","","","M","","","","","NA"
"-113.92","53.93","BUSBY AGCM","3010979","2023-02-27 14:00","2023","02","27","14:00","-6.1","","-11.7","","65","","0.0","","","M","","M","","","","M","","","","","NA"
"-113.92","53.93","BUSBY AGCM","3010979","2023-02-27 15:00","2023","02","27","15:00","-5.5","","-11.2","","64","","0.0","","","M","","M","","","","M","","","","","NA"
"-113.92","53.93","BUSBY AGCM","3010979","2023-02-27 16:00","2023","02","27","16:00","-6.8","","-11.7","","69","","0.0","","","M","","M","","","","M","","","","","NA"
"-113.92","53.93","BUSBY AGCM","3010979","2023-02-27 17:00","2023","02","27","17:00","-9.4","","-13.1","","74","","0.0","","","M","","M","","","","M","","","","","NA"
"-113.92","53.93","BUSBY AGCM","3010979","2023-02-27 18:00","2023","02","27","18:00","-11.4","","-14.2","","80","","0.0","","","M","","M","","","","M","","","","","NA"
"-113.92","53.93","BUSBY AGCM","3010979","2023-02-27 19:00","2023","02","27","19:00","-14.4","","-16.6","","83","","0.0","","","M","","M","","","","M","","","","","NA"
"-113.92","53.93","BUSBY AGCM","3010979","2023-02-27 20:00","2023","02","27","20:00","-14.4","","-15.1","","94","","0.0","","","M","","M","","","","M","","","","","NA"
"-113.92","53.93","BUSBY AGCM","3010979","2023-02-27 21:00","2023","02","27","21:00","-17.3","","-18.8","","89","","0.0","","","M","","M","","","","M","","","","","NA"
"-113.92","53.93","BUSBY AGCM","3010979","2023-02-27 22:00","2023","02","27","22:00","-16.5","","-17.1","","95","","0.0","","","M","","M","","","","M","","","","","NA"
"-113.92","53.93","BUSBY AGCM","3010979","2023-02-27 23:00","2023","02","27","23:00","-15.7","","-16.6","","93","","0.0","","","M","","M","","","","M","","","","","NA"
"-113.92","53.93","BUSBY AGCM","3010979","2023-02-28 00:00","2023","02","28","00:00","-15.4","","-16.6","","91","","0.0","","","M","","M","","","","M","","","","","NA"
"-113.92","53.93","BUSBY AGCM","3010979","2023-02-28 01:00","2023","02","28","01:00","-14.2","","-15.4","","91","","0.0","","","M","","M","","","","M","","","","","NA"
"-113.92","53.93","BUSBY AGCM","3010979","2023-02-28 02:00","2023","02","28","02:00","-15.4","","-16.6","","91","","0.0","","","M","","M","","","","M","","","","","NA"
"-113.92","53.93","BUSBY AGCM","3010979","2023-02-28 03:00","2023","02","28","03:00","-15.8","","-16.8","","92","","0.0","","","M","","M","","","","M","","","","","NA"
"-113.92","53.93","BUSBY AGCM","3010979","2023-02-28 04:00","2023","02","28","04:00","-15.9","","-16.8","","93","","0.0","","","M","","M","","","","M","","","","","NA"
"-113.92","53.93","BUSBY AGCM","3010979","2023-02-28 05:00","2023","02","28","05:00","-16.5","","-17.3","","93","","0.0","","","M","","M","","","","M","","","","","NA"
"-113.92","53.93","BUSBY AGCM","3010979","2023-02-28 06:00","2023","02","28","06:00","-17.2","","-18.1","","93","","0.0","","","M","","M","","","","M","","","","","NA"
"-113.92","53.93","BUSBY AGCM","3010979","2023-02-28 07:00","2023","02","28","07:00","-17.8","","-18.7","","93","","0.0","","","M","","M","","","","M","","","","","NA"
"-113.92","53.93","BUSBY AGCM","3010979","2023-02-28 08:00","2023","02","28","08:00","-15.3","","-16.3","","92","","0.0","","","M","","M","","","","M","","","","","NA"
"-113.92","53.93","BUSBY AGCM","3010979","2023-02-28 09:00","2023","02","28","09:00","-15.0","","-16.1","","91","","0.0","","","M","","M","","","","M","","","","","NA"
"-113.92","53.93","BUSBY AGCM","3010979","2023-02-28 10:00","2023","02","28","10:00","-14.2","","-15.6","","90","","0.0","","","M","","M","","","","M","","","","","NA"
"-113.92","53.93","BUSBY AGCM","3010979","2023-02-28 11:00","2023","02","28","11:00","-13.4","","-15.2","","87","","0.0","","","M","","M","","","","M","","","","","NA"
"-113.92","53.93","BUSBY AGCM","3010979","2023-02-28 12:00","2023","02","28","12:00","-12.7","","-14.6","","85","","0.0","","","M","","M","","","","M","","","","","NA"
"-113.92","53.93","BUSBY AGCM","3010979","2023-02-28 13:00","2023","02","28","13:00","-12.4","","-14.1","","87","","0.0","","","M","","M","","","","M","","","","","NA"
"-113.92","53.93","BUSBY AGCM","3010979","2023-02-28 14:00","2023","02","28","14:00","-12.1","","-13.9","","86","","0.0","","","M","","M","","","","M","","","","","NA"
"-113.92","53.93","BUSBY AGCM","3010979","2023-02-28 15:00","2023","02","28","15:00","-12.0","","-13.7","","87","","0.0","","","M","","M","","","","M","","","","","NA"
"-113.92","53.93","BUSBY AGCM","3010979","2023-02-28 16:00","2023","02","28","16:00","-12.2","","-13.7","","88","","0.5","","","M","","M","","","","M","","","","","NA"
"-113.92","53.93","BUSBY AGCM","3010979","2023-02-28 17:00","2023","02","28","17:00","-12.1","","-13.3","","91","","0.0","","","M","","M","","","","M","","","","","NA"
"-113.92","53.93","BUSBY AGCM","3010979","2023-02-28 18:00","2023","02","28","18:00","-12.3","","-13.5","","91","","0.4","","","M","","M","","","","M","","","","","NA"
"-113.92","53.93","BUSBY AGCM","3010979","2023-02-28 19:00","2023","02","28","19:00","-12.3","","-13.3","","92","","0.0","","","M","","M","","","","M","","","","","NA"
"-113.92","53.93","BUSBY AGCM","3010979","2023-02-28 20:00","2023","02","28","20:00","-12.5","","-13.5","","92","","0.0","","","M","","M","","","","M","","","","","NA"
"-113.92","53.93","BUSBY AGCM","3010979","2023-02-28 21:00","2023","02","28","21:00","-12.7","","-13.7","","92","","0.5","","","M","","M","","","","M","","","","","NA"
"-113.92","53.93","BUSBY AGCM","3010979","2023-02-28 22:00","2023","02","28","22:00","-12.9","","-14.0","","91","","0.0","","","M","","M","","","","M","","","","","NA"
"-113.92","53.93","BUSBY AGCM","3010979","2023-02-28 23:00","2023","02","28","23:00","-13.0","","-14.1","","92","","0.0","","","M","","M","","","","M","","","","","NA"
