"Longitude (x)","Latitude (y)","Station Name","Climate ID","Date/Time (LST)","Year","Month","Day","Time (LST)","Temp (°C)","Temp Flag","Dew Point Temp (°C)","Dew Point Temp Flag","Rel Hum (%)","Rel Hum Flag","Precip. Amount (mm)","Precip. Amount Flag","Wind Dir (10s deg)","Wind Dir Flag","Wind Spd (km/h)","Wind Spd Flag","Visibility (km)","Visibility Flag","Stn Press (kPa)","Stn Press Flag","Hmdx","Hmdx Flag","Wind Chill","Wind Chill Flag","Weather"
"-101.09","53.97","THE PAS A","5052882","2023-01-01 00:00","2023","01","01","00:00","-13.2","","-14.8","","88","","0.0","","33","","9","","9.7","","97.48","","","","-19","","Snow"
"-101.09","53.97","THE PAS A","5052882","2023-01-01 01:00","2023","01","01","01:00","-13.2","","-14.7","","89","","0.0","","30","","8","","1.6","","97.51","","","","-18","","Snow"
"-101.09","53.97","THE PAS A","5052882","2023-01-01 02:00","2023","01","01","02:00","-13.3","","-14.9","","88","","0.0","","30","","13","","6.4","","97.56","","","","-20","","Snow"
"-101.09","53.97","THE PAS A","5052882","2023-01-01 03:00","2023","01","01","03:00","-13.2","","-14.8","","88","","0.0","","31","","9","","9.7","","97.63","","","","-19","","Snow"
"-101.09","53.97","THE PAS A","5052882","2023-01-01 04:00","2023","01","01","04:00","-13.3","","-14.9","","88","","0.0","","29","","9","","14.5","","97.67","","","","-19","","Snow"
"-101.09","53.97","THE PAS A","5052882","2023-01-01 05:00","2023","01","01","05:00","-13.3","","-14.9","","88","","0.0","","28","","8","","16.1","","97.71","","","","-18","","Snow"
"-101.09","53.97","THE PAS A","5052882","2023-01-01 06:00","2023","01","01","06:00","-13.5","","-15.2","","87","","0.0","","28","","9","","14.5","","97.76","","","","-19","","Snow"
"-101.09","53.97","THE PAS A","5052882","2023-01-01 07:00","2023","01","01","07:00","-13.6","","-15.3","","87","","0.0","","27","","8","","16.1","","97.77","","","","-19","","Snow"
"-101.09","53.97","THE PAS A","5052882","2023-01-01 08:00","2023","01","01","08:00","-13.8","","-15.5","","87","","0.0","","26","","8","","16.1","","97.82","","","","-19","","NA"
"-101.09","53.97","THE PAS A","5052882","2023-01-01 09:00","2023","01","01","09:00","-13.8","","-15.5","","87","","0.0","","28","","8","","16.1","","97.89","","","","-19","","NA"
"-101.09","53.97","THE PAS A","5052882","2023-01-01 10:00","2023","01","01","10:00","-13.9","","-15.6","","87","","0.0","","26","","9","","16.1","","97.94","","","","-20","","NA"
"-101.09","53.97","THE PAS A","5052882","2023-01-01 11:00","2023","01","01","11:00","-13.1","","-14.8","","87","","0.0","","28","","9","","16.1","","97.97","","","","-19","","NA"
"-101.09","53.97","THE PAS A","5052882","2023-01-01 12:00","2023","01","01","12:00","-12.6","","-14.2","","88","","0.0","","28","","9","","16.1","","97.99","","","","-18","","NA"
"-101.09","53.97","THE PAS A","5052882","2023-01-01 13:00","2023","01","01","13:00","-12.3","","-13.9","","88","","0.0","","24","","8","","16.1","","97.99","","","","-17","","NA"
"-101.09","53.97","THE PAS A","5052882","2023-01-01 14:00","2023","01","01","14:00","-12.2","","-13.9","","87","","0.0","","24","","9","","16.1","","97.99","","","","-17","","NA"
"-101.09","53.97","THE PAS A","5052882","2023-01-01 15:00","2023","01","01","15:00","-12.1","","-14.0","","86","","0.0","","23","","8","","16.1","","98.00","","","","-17","","NA"
"-101.09","53.97","THE PAS A","5052882","2023-01-01 16:00","2023","01","01","16:00","-11.9","","-14.2","","83","","0.0","","23","","8","","16.1","","98.04","","","","-17","","Snow"
"-101.09","53.97","THE PAS A","5052882","2023-01-01 17:00","2023","01","01","17:00","-12.0","","-14.5","","82","","0.0","","17","","5","","16.1","","98.02","","","","-15","","Snow"
"-101.09","53.97","THE PAS A","5052882","2023-01-01 18:00","2023","01","01","18:00","-12.0","","-14.6","","81","","0.0","","21","","5","","16.1","","98.03","","","","-15","","NA"
"-101.09","53.97","THE PAS A","5052882","2023-01-01 19:00","2023","01","01","19:00","-12.1","","-14.3","","84","","0.0","","15","","9","","16.1","","97.97","","","","-17","","NA"
"-101.09","53.97","THE PAS A","5052882","2023-01-01 20:00","2023","01","01","20:00","-11.5","","-13.5","","85","","0.0","","15","","13","","16.1","","97.92","","","","-18","","Snow"
"-101.09","53.97","THE PAS A","5052882","2023-01-01 21:00","2023","01","01","21:00","-11.1","","-13.2","","85","","0.0","","15","","11","","16.1","","97.91","","","","-17","","NA"
"-101.09","53.97","THE PAS A","5052882","2023-01-01 22:00","2023","01","01","22:00","-11.0","","-13.4","","83","","0.0","","15","","15","","16.1","","97.89","","","","-18","","NA"
"-101.09","53.97","THE PAS A","5052882","2023-01-01 23:00","2023","01","01","23:00","-11.0","","-13.4","","83","","0.0","","18","","11","","16.1","","97.89","","","","-17","","NA"
"-101.09","53.97","THE PAS A","5052882","2023-01-02 00:00","2023","01","02","00:00","-10.9","","-13.1","","84","","0.0","","16","","9","","16.1","","97.86","","","","-16","","NA"
"-101.09","53.97","THE PAS A","5052882","2023-01-02 01:00","2023","01","02","01:00","-10.8","","-12.9","","85","","0.0","","17","","8","","16.1","","97.85","","","","-15","","NA"
"-101.09","53.97","THE PAS A","5052882","2023-01-02 02:00","2023","01","02","02:00","-10.7","","-12.6","","86","","0.0","","18","","5","","16.1","","97.85","","","","-14","","NA"
"-101.09","53.97","THE PAS A","5052882","2023-01-02 03:00","2023","01","02","03:00","-10.3","","-11.9","","88","","0.0","","20","","8","","16.1","","97.84","","","","-15","","NA"
"-101.09","53.97","THE PAS A","5052882","2023-01-02 04:00","2023","01","02","04:00","-10.2","","-11.8","","88","","0.0","","23","","5","","16.1","","97.84","","","","-13","","NA"
"-101.09","53.97","THE PAS A","5052882","2023-01-02 05:00","2023","01","02","05:00","-9.8","","-10.7","","93","","0.0","","25","","9","","4.0","","97.83","","","","-15","","Fog"
"-101.09","53.97","THE PAS A","5052882","2023-01-02 06:00","2023","01","02","06:00","-9.2","","-10.1","","93","","0.0","","23","","9","","4.8","","97.78","","","","-14","","Fog"
"-101.09","53.97","THE PAS A","5052882","2023-01-02 07:00","2023","01","02","07:00","-8.5","","-9.6","","92","","0.0","","22","","11","","12.9","","97.76","","","","-14","","NA"
"-101.09","53.97","THE PAS A","5052882","2023-01-02 08:00","2023","01","02","08:00","-9.4","","-10.8","","90","","0.0","","25","","17","","14.5","","97.77","","","","-16","","NA"
"-101.09","53.97","THE PAS A","5052882","2023-01-02 09:00","2023","01","02","09:00","-11.3","","-12.6","","90","","0.0","","25","","11","","11.3","","97.81","","","","-17","","NA"
"-101.09","53.97","THE PAS A","5052882","2023-01-02 10:00","2023","01","02","10:00","-11.4","","-12.7","","90","","0.0","","25","","9","","11.3","","97.85","","","","-17","","NA"
"-101.09","53.97","THE PAS A","5052882","2023-01-02 11:00","2023","01","02","11:00","-10.5","","-12.1","","88","","0.0","","26","","8","","14.5","","97.86","","","","-15","","NA"
"-101.09","53.97","THE PAS A","5052882","2023-01-02 12:00","2023","01","02","12:00","-9.9","","-12.0","","85","","0.0","","25","","13","","16.1","","97.83","","","","-16","","NA"
"-101.09","53.97","THE PAS A","5052882","2023-01-02 13:00","2023","01","02","13:00","-9.0","","-11.9","","80","","0.0","","25","","17","","16.1","","97.79","","","","-16","","NA"
"-101.09","53.97","THE PAS A","5052882","2023-01-02 14:00","2023","01","02","14:00","-8.6","","-11.8","","78","","0.0","","25","","15","","16.1","","97.82","","","","-15","","NA"
"-101.09","53.97","THE PAS A","5052882","2023-01-02 15:00","2023","01","02","15:00","-8.7","","-12.1","","77","","0.0","","24","","8","","16.1","","97.84","","","","-13","","NA"
"-101.09","53.97","THE PAS A","5052882","2023-01-02 16:00","2023","01","02","16:00","-8.8","","-11.8","","79","","0.0","","23","","8","","16.1","","97.85","","","","-13","","NA"
"-101.09","53.97","THE PAS A","5052882","2023-01-02 17:00","2023","01","02","17:00","-11.2","","-12.7","","89","","0.0","","23","","5","","16.1","","97.83","","","","-14","","NA"
"-101.09","53.97","THE PAS A","5052882","2023-01-02 18:00","2023","01","02","18:00","-9.4","","-11.6","","84","","0.0","","22","","8","","16.1","","97.83","","","","-14","","NA"
"-101.09","53.97","THE PAS A","5052882","2023-01-02 19:00","2023","01","02","19:00","-9.6","","-11.7","","85","","0.0","","22","","8","","16.1","","97.83","","","","-14","","NA"
"-101.09","53.97","THE PAS A","5052882","2023-01-02 20:00","2023","01","02","20:00","-9.2","","-11.3","","85","","0.0","","24","","4","","16.1","","97.88","","","","-11","","NA"
"-101.09","53.97","THE PAS A","5052882","2023-01-02 21:00","2023","01","02","21:00","-12.0","","-13.3","","90","","0.0","","16","","9","","16.1","","97.78","","","","-17","","NA"
"-101.09","53.97","THE PAS A","5052882","2023-01-02 22:00","2023","01","02","22:00","-11.7","","-12.9","","91","","0.0","","","","0","","16.1","","97.80","","","","","","NA"
"-101.09","53.97","THE PAS A","5052882","2023-01-02 23:00","2023","01","02","23:00","-13.3","","-14.5","","91","","0.0","","17","","8","","12.9","","97.82","","","","-18","","NA"
"-101.09","53.97","THE PAS A","5052882","2023-01-03 00:00","2023","01","03","00:00","-14.6","","-16.2","","88","","0.0","","17","","8","","16.1","","97.79","","","","-20","","NA"
"-101.09","53.97","THE PAS A","5052882","2023-01-03 01:00","2023","01","03","01:00","-13.6","","-15.0","","89","","0.0","","14","","9","","16.1","","97.74","","","","-19","","NA"
"-101.09","53.97","THE PAS A","5052882","2023-01-03 02:00","2023","01","03","02:00","-13.5","","-14.9","","89","","0.0","","","M","4","","16.1","","97.79","","","","-16","","NA"
"-101.09","53.97","THE PAS A","5052882","2023-01-03 03:00","2023","01","03","03:00","-13.5","","-14.9","","89","","0.0","","17","","4","","16.1","","97.84","","","","-16","","NA"
"-101.09","53.97","THE PAS A","5052882","2023-01-03 04:00","2023","01","03","04:00","-15.3","","-17.0","","87","","0.0","","15","","11","","16.1","","97.73","","","","-22","","NA"
"-101.09","53.97","THE PAS A","5052882","2023-01-03 05:00","2023","01","03","05:00","-13.7","","-15.3","","88","","0.0","","","M","4","","16.1","","97.74","","","","-16","","NA"
"-101.09","53.97","THE PAS A","5052882","2023-01-03 06:00","2023","01","03","06:00","-17.4","","-19.2","","86","","0.0","","15","","8","","16.1","","97.78","","","","-23","","NA"
"-101.09","53.97","THE PAS A","5052882","2023-01-03 07:00","2023","01","03","07:00","-18.6","","-20.7","","84","","0.0","","13","","9","","16.1","","97.77","","","","-25","","NA"
"-101.09","53.97","THE PAS A","5052882","2023-01-03 08:00","2023","01","03","08:00","-15.0","","-16.7","","87","","0.0","","14","","4","","11.3","","97.76","","","","-18","","NA"
"-101.09","53.97","THE PAS A","5052882","2023-01-03 09:00","2023","01","03","09:00","-15.0","","-16.7","","87","","0.0","","14","","5","","11.3","","97.79","","","","-19","","NA"
"-101.09","53.97","THE PAS A","5052882","2023-01-03 10:00","2023","01","03","10:00","-15.4","","-17.2","","86","","0.0","","13","","9","","16.1","","97.84","","","","-21","","NA"
"-101.09","53.97","THE PAS A","5052882","2023-01-03 11:00","2023","01","03","11:00","-14.6","","-16.3","","87","","0.0","","14","","5","","16.1","","97.84","","","","-18","","NA"
"-101.09","53.97","THE PAS A","5052882","2023-01-03 12:00","2023","01","03","12:00","-12.7","","-14.3","","88","","0.0","","13","","8","","9.7","","97.79","","","","-18","","Fog"
"-101.09","53.97","THE PAS A","5052882","2023-01-03 13:00","2023","01","03","13:00","-11.2","","-12.7","","89","","0.0","","13","","8","","16.1","","97.76","","","","-16","","NA"
"-101.09","53.97","THE PAS A","5052882","2023-01-03 14:00","2023","01","03","14:00","-10.6","","-12.2","","88","","0.0","","14","","5","","16.1","","97.76","","","","-14","","NA"
"-101.09","53.97","THE PAS A","5052882","2023-01-03 15:00","2023","01","03","15:00","-9.4","","-11.3","","86","","0.0","","13","","5","","16.1","","97.77","","","","-12","","NA"
"-101.09","53.97","THE PAS A","5052882","2023-01-03 16:00","2023","01","03","16:00","-9.5","","-12.5","","79","","0.0","","13","","9","","16.1","","97.84","","","","-14","","NA"
"-101.09","53.97","THE PAS A","5052882","2023-01-03 17:00","2023","01","03","17:00","-13.1","","-14.8","","88","","0.0","","","","0","","16.1","","97.82","","","","","","NA"
"-101.09","53.97","THE PAS A","5052882","2023-01-03 18:00","2023","01","03","18:00","-14.3","","-15.6","","90","","0.0","","14","","5","","16.1","","97.84","","","","-18","","NA"
"-101.09","53.97","THE PAS A","5052882","2023-01-03 19:00","2023","01","03","19:00","-12.2","","-13.7","","89","","0.0","","11","","8","","16.1","","97.88","","","","-17","","NA"
"-101.09","53.97","THE PAS A","5052882","2023-01-03 20:00","2023","01","03","20:00","-13.4","","-14.9","","89","","0.0","","13","","5","","16.1","","97.92","","","","-17","","NA"
"-101.09","53.97","THE PAS A","5052882","2023-01-03 21:00","2023","01","03","21:00","-15.4","","-17.0","","88","","0.0","","13","","8","","16.1","","97.93","","","","-21","","NA"
"-101.09","53.97","THE PAS A","5052882","2023-01-03 22:00","2023","01","03","22:00","-14.4","","-15.8","","89","","0.0","","14","","9","","16.1","","97.93","","","","-20","","NA"
"-101.09","53.97","THE PAS A","5052882","2023-01-03 23:00","2023","01","03","23:00","-13.9","","-15.3","","89","","0.0","","11","","4","","16.1","","97.96","","","","-17","","NA"
"-101.09","53.97","THE PAS A","5052882","2023-01-04 00:00","2023","01","04","00:00","-15.6","","-17.3","","87","","0.0","","","M","4","","16.1","","98.00","","","","-19","","NA"
"-101.09","53.97","THE PAS A","5052882","2023-01-04 01:00","2023","01","04","01:00","-17.4","","-19.4","","85","","0.0","","","M","4","","16.1","","98.05","","","","-21","","NA"
"-101.09","53.97","THE PAS A","5052882","2023-01-04 02:00","2023","01","04","02:00","-17.9","","-19.8","","85","","0.0","","11","","4","","16.1","","98.02","","","","-21","","NA"
"-101.09","53.97","THE PAS A","5052882","2023-01-04 03:00","2023","01","04","03:00","-17.0","","-18.8","","86","","0.0","","14","","5","","16.1","","98.04","","","","-21","","NA"
"-101.09","53.97","THE PAS A","5052882","2023-01-04 04:00","2023","01","04","04:00","-18.7","","-20.9","","83","","0.0","","","M","4","","16.1","","98.11","","","","-22","","NA"
"-101.09","53.97","THE PAS A","5052882","2023-01-04 05:00","2023","01","04","05:00","-19.7","","-21.9","","83","","0.0","","14","","8","","16.1","","98.12","","","","-26","","NA"
"-101.09","53.97","THE PAS A","5052882","2023-01-04 06:00","2023","01","04","06:00","-16.9","","-18.7","","86","","0.0","","13","","8","","16.1","","98.10","","","","-23","","NA"
"-101.09","53.97","THE PAS A","5052882","2023-01-04 07:00","2023","01","04","07:00","-15.1","","-16.9","","86","","0.0","","12","","11","","16.1","","98.07","","","","-22","","NA"
"-101.09","53.97","THE PAS A","5052882","2023-01-04 08:00","2023","01","04","08:00","-16.0","","-17.8","","86","","0.0","","16","","8","","16.1","","98.14","","","","-22","","NA"
"-101.09","53.97","THE PAS A","5052882","2023-01-04 09:00","2023","01","04","09:00","-15.8","","-17.6","","86","","0.0","","12","","8","","16.1","","98.14","","","","-21","","NA"
"-101.09","53.97","THE PAS A","5052882","2023-01-04 10:00","2023","01","04","10:00","-16.4","","-18.4","","85","","0.0","","14","","13","","4.8","","98.16","","","","-24","","Snow"
"-101.09","53.97","THE PAS A","5052882","2023-01-04 11:00","2023","01","04","11:00","-15.2","","-17.0","","86","","0.0","","14","","13","","9.7","","98.18","","","","-23","","Fog"
"-101.09","53.97","THE PAS A","5052882","2023-01-04 12:00","2023","01","04","12:00","-14.0","","-15.7","","87","","0.0","","13","","11","","16.1","","98.17","","","","-20","","NA"
"-101.09","53.97","THE PAS A","5052882","2023-01-04 13:00","2023","01","04","13:00","-12.9","","-14.6","","87","","0.0","","13","","11","","16.1","","98.12","","","","-19","","NA"
"-101.09","53.97","THE PAS A","5052882","2023-01-04 14:00","2023","01","04","14:00","-11.4","","-13.0","","88","","0.0","","13","","9","","16.1","","98.10","","","","-17","","NA"
"-101.09","53.97","THE PAS A","5052882","2023-01-04 15:00","2023","01","04","15:00","-11.1","","-12.9","","87","","0.0","","14","","9","","16.1","","98.10","","","","-16","","NA"
"-101.09","53.97","THE PAS A","5052882","2023-01-04 16:00","2023","01","04","16:00","-10.7","","-13.1","","83","","0.0","","14","","11","","16.1","","98.10","","","","-16","","NA"
"-101.09","53.97","THE PAS A","5052882","2023-01-04 17:00","2023","01","04","17:00","-11.7","","-13.7","","85","","0.0","","13","","15","","16.1","","98.10","","","","-19","","NA"
"-101.09","53.97","THE PAS A","5052882","2023-01-04 18:00","2023","01","04","18:00","-11.7","","-13.5","","87","","0.0","","13","","15","","16.1","","98.11","","","","-19","","NA"
"-101.09","53.97","THE PAS A","5052882","2023-01-04 19:00","2023","01","04","19:00","-11.5","","-13.4","","86","","0.0","","13","","11","","16.1","","98.09","","","","-17","","NA"
"-101.09","53.97","THE PAS A","5052882","2023-01-04 20:00","2023","01","04","20:00","-12.7","","-14.2","","89","","0.0","","13","","4","","16.1","","98.12","","","","-15","","NA"
"-101.09","53.97","THE PAS A","5052882","2023-01-04 21:00","2023","01","04","21:00","-14.7","","-16.2","","89","","0.0","","14","","5","","16.1","","98.09","","","","-18","","NA"
"-101.09","53.97","THE PAS A","5052882","2023-01-04 22:00","2023","01","04","22:00","-14.1","","-15.5","","89","","0.0","","16","","4","","16.1","","98.07","","","","-17","","NA"
"-101.09","53.97","THE PAS A","5052882","2023-01-04 23:00","2023","01","04","23:00","-12.3","","-13.5","","91","","0.0","","23","","5","","16.1","","98.10","","","","-16","","NA"
"-101.09","53.97","THE PAS A","5052882","2023-01-05 00:00","2023","01","05","00:00","-12.0","","-13.3","","90","","0.0","","23","","5","","16.1","","98.12","","","","-15","","NA"
"-101.09","53.97","THE PAS A","5052882","2023-01-05 01:00","2023","01","05","01:00","-11.9","","-13.5","","88","","0.0","","25","","13","","16.1","","98.12","","","","-19","","NA"
"-101.09","53.97","THE PAS A","5052882","2023-01-05 02:00","2023","01","05","02:00","-12.3","","-13.9","","88","","0.0","","25","","9","","16.1","","98.13","","","","-18","","NA"
"-101.09","53.97","THE PAS A","5052882","2023-01-05 03:00","2023","01","05","03:00","-12.5","","-14.1","","88","","0.0","","28","","11","","16.1","","98.15","","","","-19","","NA"
"-101.09","53.97","THE PAS A","5052882","2023-01-05 04:00","2023","01","05","04:00","-12.7","","-14.4","","87","","0.0","","27","","11","","16.1","","98.19","","","","-19","","NA"
"-101.09","53.97","THE PAS A","5052882","2023-01-05 05:00","2023","01","05","05:00","-14.2","","-15.8","","88","","0.0","","27","","9","","16.1","","98.20","","","","-20","","NA"
"-101.09","53.97","THE PAS A","5052882","2023-01-05 06:00","2023","01","05","06:00","-14.8","","-16.7","","86","","0.0","","25","","8","","16.1","","98.25","","","","-20","","NA"
"-101.09","53.97","THE PAS A","5052882","2023-01-05 07:00","2023","01","05","07:00","-14.5","","-16.4","","86","","0.0","","29","","13","","16.1","","98.29","","","","-22","","NA"
"-101.09","53.97","THE PAS A","5052882","2023-01-05 08:00","2023","01","05","08:00","-15.9","","-17.7","","86","","0.0","","29","","15","","16.1","","98.30","","","","-24","","NA"
"-101.09","53.97","THE PAS A","5052882","2023-01-05 09:00","2023","01","05","09:00","-14.5","","-16.2","","87","","0.0","","29","","13","","16.1","","98.34","","","","-22","","Snow"
"-101.09","53.97","THE PAS A","5052882","2023-01-05 10:00","2023","01","05","10:00","-13.7","","-15.0","","90","","0.0","","28","","5","","1.6","","98.35","","","","-17","","Snow"
"-101.09","53.97","THE PAS A","5052882","2023-01-05 11:00","2023","01","05","11:00","-13.1","","-14.7","","88","","0.0","","30","","15","","4.8","","98.47","","","","-21","","Snow"
"-101.09","53.97","THE PAS A","5052882","2023-01-05 12:00","2023","01","05","12:00","-12.8","","-14.4","","88","","0.0","","32","","9","","9.7","","98.46","","","","-18","","Snow"
"-101.09","53.97","THE PAS A","5052882","2023-01-05 13:00","2023","01","05","13:00","-12.1","","-13.6","","89","","0.0","","34","","11","","16.1","","98.49","","","","-18","","Snow"
"-101.09","53.97","THE PAS A","5052882","2023-01-05 14:00","2023","01","05","14:00","-11.7","","-13.2","","89","","0.0","","33","","9","","16.1","","98.50","","","","-17","","Snow"
"-101.09","53.97","THE PAS A","5052882","2023-01-05 15:00","2023","01","05","15:00","-11.4","","-12.9","","89","","0.0","","34","","8","","16.1","","98.53","","","","-16","","Snow"
"-101.09","53.97","THE PAS A","5052882","2023-01-05 16:00","2023","01","05","16:00","-11.3","","-12.8","","89","","0.0","","33","","8","","16.1","","98.61","","","","-16","","Snow"
"-101.09","53.97","THE PAS A","5052882","2023-01-05 17:00","2023","01","05","17:00","-11.1","","-12.6","","89","","0.0","","31","","8","","16.1","","98.67","","","","-16","","Snow"
"-101.09","53.97","THE PAS A","5052882","2023-01-05 18:00","2023","01","05","18:00","-11.0","","-12.5","","89","","0.0","","33","","9","","16.1","","98.73","","","","-16","","Snow"
"-101.09","53.97","THE PAS A","5052882","2023-01-05 19:00","2023","01","05","19:00","-11.1","","-12.6","","89","","0.0","","35","","5","","9.7","","98.73","","","","-14","","Snow"
"-101.09","53.97","THE PAS A","5052882","2023-01-05 20:00","2023","01","05","20:00","-11.4","","-12.9","","89","","0.0","","","M","4","","16.1","","98.74","","","","-14","","Snow"
"-101.09","53.97","THE PAS A","5052882","2023-01-05 21:00","2023","01","05","21:00","-11.6","","-13.1","","89","","0.0","","36","","4","","16.1","","98.78","","","","-14","","Snow"
"-101.09","53.97","THE PAS A","5052882","2023-01-05 22:00","2023","01","05","22:00","-11.8","","-13.3","","89","","0.0","","12","","4","","16.1","","98.80","","","","-14","","Snow"
"-101.09","53.97","THE PAS A","5052882","2023-01-05 23:00","2023","01","05","23:00","-11.8","","-13.3","","89","","0.0","","","","0","","12.9","","98.83","","","","","","Snow"
"-101.09","53.97","THE PAS A","5052882","2023-01-06 00:00","2023","01","06","00:00","-11.9","","-13.2","","90","","0.0","","","","0","","9.7","","98.88","","","","","","Snow"
"-101.09","53.97","THE PAS A","5052882","2023-01-06 01:00","2023","01","06","01:00","-11.9","","-13.4","","89","","0.0","","27","","4","","8.1","","98.87","","","","-14","","Snow"
"-101.09","53.97","THE PAS A","5052882","2023-01-06 02:00","2023","01","06","02:00","-12.0","","-13.5","","89","","0.0","","","","0","","11.3","","98.89","","","","","","Snow"
"-101.09","53.97","THE PAS A","5052882","2023-01-06 03:00","2023","01","06","03:00","-12.1","","-13.6","","89","","0.0","","15","","8","","9.7","","98.88","","","","-17","","Snow"
"-101.09","53.97","THE PAS A","5052882","2023-01-06 04:00","2023","01","06","04:00","-12.1","","-13.6","","89","","0.0","","18","","8","","9.7","","98.90","","","","-17","","Snow"
"-101.09","53.97","THE PAS A","5052882","2023-01-06 05:00","2023","01","06","05:00","-12.3","","-13.8","","89","","0.0","","21","","5","","8.1","","98.97","","","","-16","","Snow"
"-101.09","53.97","THE PAS A","5052882","2023-01-06 06:00","2023","01","06","06:00","-12.5","","-14.0","","89","","0.0","","20","","5","","9.7","","98.94","","","","-16","","Snow"
"-101.09","53.97","THE PAS A","5052882","2023-01-06 07:00","2023","01","06","07:00","-12.8","","-14.4","","88","","0.0","","15","","11","","14.5","","98.93","","","","-19","","Snow"
"-101.09","53.97","THE PAS A","5052882","2023-01-06 08:00","2023","01","06","08:00","-12.8","","-14.4","","88","","0.0","","14","","13","","6.4","","98.91","","","","-20","","Snow"
"-101.09","53.97","THE PAS A","5052882","2023-01-06 09:00","2023","01","06","09:00","-13.0","","-14.6","","88","","0.0","","17","","13","","6.4","","98.94","","","","-20","","Snow"
"-101.09","53.97","THE PAS A","5052882","2023-01-06 10:00","2023","01","06","10:00","-12.9","","-14.5","","88","","0.0","","16","","13","","4.8","","98.95","","","","-20","","Snow"
"-101.09","53.97","THE PAS A","5052882","2023-01-06 11:00","2023","01","06","11:00","-12.9","","-14.5","","88","","0.0","","15","","18","","4.8","","98.94","","","","-21","","Snow"
"-101.09","53.97","THE PAS A","5052882","2023-01-06 12:00","2023","01","06","12:00","-12.6","","-14.2","","88","","0.0","","17","","13","","4.0","","98.92","","","","-19","","Snow"
"-101.09","53.97","THE PAS A","5052882","2023-01-06 13:00","2023","01","06","13:00","-12.7","","-14.3","","88","","0.0","","18","","17","","3.2","","98.92","","","","-21","","Snow"
"-101.09","53.97","THE PAS A","5052882","2023-01-06 14:00","2023","01","06","14:00","-12.6","","-14.2","","88","","0.0","","16","","13","","9.7","","98.90","","","","-19","","Snow"
"-101.09","53.97","THE PAS A","5052882","2023-01-06 15:00","2023","01","06","15:00","-12.9","","-14.5","","88","","0.0","","15","","17","","9.7","","98.81","","","","-21","","Snow"
"-101.09","53.97","THE PAS A","5052882","2023-01-06 16:00","2023","01","06","16:00","-13.5","","-15.1","","88","","0.0","","15","","11","","16.1","","98.81","","","","-20","","Snow"
"-101.09","53.97","THE PAS A","5052882","2023-01-06 17:00","2023","01","06","17:00","-14.1","","-15.8","","87","","0.0","","15","","13","","16.1","","98.79","","","","-21","","Snow"
"-101.09","53.97","THE PAS A","5052882","2023-01-06 18:00","2023","01","06","18:00","-15.7","","-17.5","","86","","0.0","","13","","15","","16.1","","98.74","","","","-24","","NA"
"-101.09","53.97","THE PAS A","5052882","2023-01-06 19:00","2023","01","06","19:00","-16.6","","-18.6","","85","","0.0","","13","","18","","16.1","","98.68","","","","-26","","NA"
"-101.09","53.97","THE PAS A","5052882","2023-01-06 20:00","2023","01","06","20:00","-17.2","","-19.2","","85","","0.0","","14","","15","","16.1","","98.62","","","","-26","","NA"
"-101.09","53.97","THE PAS A","5052882","2023-01-06 21:00","2023","01","06","21:00","-17.4","","-19.5","","84","","0.0","","13","","18","","16.1","","98.51","","","","-27","","NA"
"-101.09","53.97","THE PAS A","5052882","2023-01-06 22:00","2023","01","06","22:00","-18.0","","-20.1","","84","","0.0","","15","","17","","16.1","","98.43","","","","-27","","NA"
"-101.09","53.97","THE PAS A","5052882","2023-01-06 23:00","2023","01","06","23:00","-18.4","","-20.5","","84","","0.0","","13","","15","","16.1","","98.38","","","","-27","","NA"
"-101.09","53.97","THE PAS A","5052882","2023-01-07 00:00","2023","01","07","00:00","-19.2","","-21.4","","83","","0.0","","14","","15","","16.1","","98.31","","","","-28","","NA"
"-101.09","53.97","THE PAS A","5052882","2023-01-07 01:00","2023","01","07","01:00","-19.3","","-21.5","","83","","0.0","","13","","15","","16.1","","98.21","","","","-28","","NA"
"-101.09","53.97","THE PAS A","5052882","2023-01-07 02:00","2023","01","07","02:00","-19.9","","-22.2","","82","","0.0","","14","","11","","16.1","","98.20","","","","-28","","NA"
"-101.09","53.97","THE PAS A","5052882","2023-01-07 03:00","2023","01","07","03:00","-19.5","","-21.7","","83","","0.0","","14","","13","","16.1","","98.15","","","","-28","","NA"
"-101.09","53.97","THE PAS A","5052882","2023-01-07 04:00","2023","01","07","04:00","-19.0","","-21.2","","83","","0.0","","13","","9","","16.1","","98.12","","","","-26","","NA"
"-101.09","53.97","THE PAS A","5052882","2023-01-07 05:00","2023","01","07","05:00","-18.6","","-20.8","","83","","0.0","","13","","11","","16.1","","98.06","","","","-26","","NA"
"-101.09","53.97","THE PAS A","5052882","2023-01-07 06:00","2023","01","07","06:00","-18.8","","-21.0","","83","","0.0","","13","","11","","16.1","","97.99","","","","-26","","NA"
"-101.09","53.97","THE PAS A","5052882","2023-01-07 07:00","2023","01","07","07:00","-18.7","","-20.9","","83","","0.0","","14","","8","","16.1","","98.02","","","","-25","","NA"
"-101.09","53.97","THE PAS A","5052882","2023-01-07 08:00","2023","01","07","08:00","-19.5","","-21.7","","83","","0.0","","15","","8","","16.1","","97.99","","","","-26","","NA"
"-101.09","53.97","THE PAS A","5052882","2023-01-07 09:00","2023","01","07","09:00","-18.0","","-20.1","","84","","0.0","","18","","5","","16.1","","97.95","","","","-22","","NA"
"-101.09","53.97","THE PAS A","5052882","2023-01-07 10:00","2023","01","07","10:00","-17.8","","-19.9","","84","","0.0","","20","","5","","16.1","","97.95","","","","-22","","NA"
"-101.09","53.97","THE PAS A","5052882","2023-01-07 11:00","2023","01","07","11:00","-18.7","","-20.9","","83","","0.0","","17","","4","","16.1","","97.98","","","","-22","","NA"
"-101.09","53.97","THE PAS A","5052882","2023-01-07 12:00","2023","01","07","12:00","-16.5","","-18.5","","85","","0.0","","14","","5","","16.1","","97.95","","","","-20","","NA"
"-101.09","53.97","THE PAS A","5052882","2023-01-07 13:00","2023","01","07","13:00","-14.8","","-16.7","","86","","0.0","","14","","8","","16.1","","97.92","","","","-20","","NA"
"-101.09","53.97","THE PAS A","5052882","2023-01-07 14:00","2023","01","07","14:00","-12.9","","-14.5","","88","","0.0","","","M","4","","16.1","","97.91","","","","-16","","NA"
"-101.09","53.97","THE PAS A","5052882","2023-01-07 15:00","2023","01","07","15:00","-11.7","","-13.2","","89","","0.0","","22","","4","","16.1","","97.91","","","","-14","","NA"
"-101.09","53.97","THE PAS A","5052882","2023-01-07 16:00","2023","01","07","16:00","-13.2","","-14.8","","88","","0.0","","15","","9","","16.1","","97.92","","","","-19","","NA"
"-101.09","53.97","THE PAS A","5052882","2023-01-07 17:00","2023","01","07","17:00","-12.4","","-13.9","","89","","0.0","","","M","4","","9.7","","98.01","","","","-15","","Fog"
"-101.09","53.97","THE PAS A","5052882","2023-01-07 18:00","2023","01","07","18:00","-12.1","","-13.6","","89","","0.0","","20","","5","","16.1","","97.98","","","","-15","","NA"
"-101.09","53.97","THE PAS A","5052882","2023-01-07 19:00","2023","01","07","19:00","-11.3","","-12.8","","89","","0.0","","19","","5","","16.1","","97.94","","","","-14","","NA"
"-101.09","53.97","THE PAS A","5052882","2023-01-07 20:00","2023","01","07","20:00","-11.9","","-13.4","","89","","0.0","","","M","4","","14.5","","97.93","","","","-14","","NA"
"-101.09","53.97","THE PAS A","5052882","2023-01-07 21:00","2023","01","07","21:00","-14.3","","-15.9","","88","","0.0","","17","","4","","12.9","","97.92","","","","-17","","NA"
"-101.09","53.97","THE PAS A","5052882","2023-01-07 22:00","2023","01","07","22:00","-13.6","","-14.9","","90","","0.0","","","M","4","","12.9","","97.87","","","","-16","","NA"
"-101.09","53.97","THE PAS A","5052882","2023-01-07 23:00","2023","01","07","23:00","-10.9","","-12.2","","90","","0.0","","28","","15","","16.1","","97.90","","","","-18","","NA"
"-101.09","53.97","THE PAS A","5052882","2023-01-08 00:00","2023","01","08","00:00","-10.3","","-11.6","","90","","0.0","","27","","17","","16.1","","97.94","","","","-18","","NA"
"-101.09","53.97","THE PAS A","5052882","2023-01-08 01:00","2023","01","08","01:00","-11.8","","-13.3","","89","","0.0","","30","","11","","16.1","","97.98","","","","-18","","NA"
"-101.09","53.97","THE PAS A","5052882","2023-01-08 02:00","2023","01","08","02:00","-9.8","","-11.0","","91","","0.0","","28","","11","","1.2","","98.02","","","","-15","","Fog"
"-101.09","53.97","THE PAS A","5052882","2023-01-08 03:00","2023","01","08","03:00","-9.8","","-11.0","","91","","0.0","","25","","11","","2.0","","98.06","","","","-15","","Fog"
"-101.09","53.97","THE PAS A","5052882","2023-01-08 04:00","2023","01","08","04:00","-9.4","","-10.6","","91","","0.0","","30","","11","","1.6","","98.11","","","","-15","","Fog"
"-101.09","53.97","THE PAS A","5052882","2023-01-08 05:00","2023","01","08","05:00","-8.8","","-9.9","","92","","0.0","","28","","15","","4.8","","98.12","","","","-15","","Fog"
"-101.09","53.97","THE PAS A","5052882","2023-01-08 06:00","2023","01","08","06:00","-8.5","","-9.6","","92","","0.0","","31","","11","","6.4","","98.14","","","","-14","","Fog"
"-101.09","53.97","THE PAS A","5052882","2023-01-08 07:00","2023","01","08","07:00","-8.7","","-9.8","","92","","0.0","","31","","11","","1.0","","98.15","","","","-14","","Fog"
"-101.09","53.97","THE PAS A","5052882","2023-01-08 08:00","2023","01","08","08:00","-8.8","","-9.9","","92","","0.0","","31","","9","","1.2","","98.16","","","","-13","","Fog"
"-101.09","53.97","THE PAS A","5052882","2023-01-08 09:00","2023","01","08","09:00","-8.9","","-10.0","","92","","0.0","","28","","5","","3.2","","98.21","","","","-12","","Fog"
"-101.09","53.97","THE PAS A","5052882","2023-01-08 10:00","2023","01","08","10:00","-8.7","","-9.8","","92","","0.0","","","","0","","4.0","","98.25","","","","","","Fog"
"-101.09","53.97","THE PAS A","5052882","2023-01-08 11:00","2023","01","08","11:00","-8.5","","-9.6","","92","","0.0","","","M","4","","4.8","","98.26","","","","-11","","Fog"
"-101.09","53.97","THE PAS A","5052882","2023-01-08 12:00","2023","01","08","12:00","-8.5","","-9.6","","92","","0.0","","","","0","","3.6","","98.23","","","","","","Snow"
"-101.09","53.97","THE PAS A","5052882","2023-01-08 13:00","2023","01","08","13:00","-8.5","","-9.6","","92","","0.0","","8","","5","","16.1","","98.19","","","","-11","","NA"
"-101.09","53.97","THE PAS A","5052882","2023-01-08 14:00","2023","01","08","14:00","-8.4","","-9.5","","92","","0.0","","","M","4","","16.1","","98.19","","","","-11","","NA"
"-101.09","53.97","THE PAS A","5052882","2023-01-08 15:00","2023","01","08","15:00","-8.3","","-9.4","","92","","0.0","","13","","9","","16.1","","98.20","","","","-13","","NA"
"-101.09","53.97","THE PAS A","5052882","2023-01-08 16:00","2023","01","08","16:00","-8.4","","-9.5","","92","","0.0","","14","","5","","16.1","","98.25","","","","-11","","NA"
"-101.09","53.97","THE PAS A","5052882","2023-01-08 17:00","2023","01","08","17:00","-8.5","","-9.6","","92","","0.0","","7","","11","","16.1","","98.21","","","","-14","","NA"
"-101.09","53.97","THE PAS A","5052882","2023-01-08 18:00","2023","01","08","18:00","-8.8","","-9.9","","92","","0.0","","9","","9","","16.1","","98.19","","","","-13","","NA"
"-101.09","53.97","THE PAS A","5052882","2023-01-08 19:00","2023","01","08","19:00","-9.0","","-10.2","","91","","0.0","","9","","8","","16.1","","98.24","","","","-13","","NA"
"-101.09","53.97","THE PAS A","5052882","2023-01-08 20:00","2023","01","08","20:00","-9.2","","-10.4","","91","","0.0","","8","","8","","14.5","","98.23","","","","-14","","NA"
"-101.09","53.97","THE PAS A","5052882","2023-01-08 21:00","2023","01","08","21:00","-9.2","","-10.4","","91","","0.0","","9","","9","","8.1","","98.18","","","","-14","","Fog"
"-101.09","53.97","THE PAS A","5052882","2023-01-08 22:00","2023","01","08","22:00","-9.1","","-10.3","","91","","0.0","","10","","11","","9.7","","98.18","","","","-15","","Fog"
"-101.09","53.97","THE PAS A","5052882","2023-01-08 23:00","2023","01","08","23:00","-8.4","","-9.5","","92","","0.0","","12","","21","","16.1","","98.15","","","","-16","","NA"
"-101.09","53.97","THE PAS A","5052882","2023-01-09 00:00","2023","01","09","00:00","-8.6","","-9.7","","92","","0.0","","12","","17","","16.1","","98.11","","","","-15","","NA"
"-101.09","53.97","THE PAS A","5052882","2023-01-09 01:00","2023","01","09","01:00","-8.9","","-10.1","","91","","0.0","","11","","15","","16.1","","98.08","","","","-15","","NA"
"-101.09","53.97","THE PAS A","5052882","2023-01-09 02:00","2023","01","09","02:00","-9.3","","-10.5","","91","","0.0","","11","","21","","16.1","","98.03","","","","-17","","NA"
"-101.09","53.97","THE PAS A","5052882","2023-01-09 03:00","2023","01","09","03:00","-10.2","","-11.5","","90","","0.0","","11","","15","","16.1","","97.99","","","","-17","","NA"
"-101.09","53.97","THE PAS A","5052882","2023-01-09 04:00","2023","01","09","04:00","-10.4","","-11.7","","90","","0.0","","11","","13","","16.1","","97.96","","","","-17","","NA"
"-101.09","53.97","THE PAS A","5052882","2023-01-09 05:00","2023","01","09","05:00","-9.9","","-11.1","","91","","0.0","","11","","17","","16.1","","97.91","","","","-17","","NA"
"-101.09","53.97","THE PAS A","5052882","2023-01-09 06:00","2023","01","09","06:00","-9.5","","-10.7","","91","","0.0","","12","","11","","16.1","","97.92","","","","-15","","NA"
"-101.09","53.97","THE PAS A","5052882","2023-01-09 07:00","2023","01","09","07:00","-9.9","","-11.1","","91","","0.0","","10","","13","","16.1","","97.89","","","","-16","","NA"
"-101.09","53.97","THE PAS A","5052882","2023-01-09 08:00","2023","01","09","08:00","-10.0","","-11.2","","91","","0.0","","9","","13","","16.1","","97.87","","","","-16","","NA"
"-101.09","53.97","THE PAS A","5052882","2023-01-09 09:00","2023","01","09","09:00","-10.0","","-11.2","","91","","0.0","","10","","13","","16.1","","97.84","","","","-16","","NA"
"-101.09","53.97","THE PAS A","5052882","2023-01-09 10:00","2023","01","09","10:00","-9.6","","-10.8","","91","","0.0","","10","","15","","11.3","","97.81","","","","-16","","NA"
"-101.09","53.97","THE PAS A","5052882","2023-01-09 11:00","2023","01","09","11:00","-9.2","","-10.4","","91","","0.0","","11","","17","","14.5","","97.83","","","","-16","","NA"
"-101.09","53.97","THE PAS A","5052882","2023-01-09 12:00","2023","01","09","12:00","-8.8","","-9.9","","92","","0.0","","11","","15","","16.1","","97.78","","","","-15","","NA"
"-101.09","53.97","THE PAS A","5052882","2023-01-09 13:00","2023","01","09","13:00","-8.6","","-9.7","","92","","0.0","","11","","17","","16.1","","97.72","","","","-15","","NA"
"-101.09","53.97","THE PAS A","5052882","2023-01-09 14:00","2023","01","09","14:00","-8.6","","-9.7","","92","","0.0","","10","","17","","16.1","","97.68","","","","-15","","NA"
"-101.09","53.97","THE PAS A","5052882","2023-01-09 15:00","2023","01","09","15:00","-8.8","","-9.9","","92","","0.0","","10","","13","","16.1","","97.65","","","","-15","","NA"
"-101.09","53.97","THE PAS A","5052882","2023-01-09 16:00","2023","01","09","16:00","-8.8","","-9.9","","92","","0.0","","11","","13","","16.1","","97.66","","","","-15","","NA"
"-101.09","53.97","THE PAS A","5052882","2023-01-09 17:00","2023","01","09","17:00","-8.9","","-10.0","","92","","0.0","","9","","15","","16.1","","97.67","","","","-15","","NA"
"-101.09","53.97","THE PAS A","5052882","2023-01-09 18:00","2023","01","09","18:00","-9.0","","-10.2","","91","","0.0","","10","","13","","16.1","","97.69","","","","-15","","NA"
"-101.09","53.97","THE PAS A","5052882","2023-01-09 19:00","2023","01","09","19:00","-9.0","","-10.2","","91","","0.0","","10","","17","","16.1","","97.70","","","","-16","","NA"
"-101.09","53.97","THE PAS A","5052882","2023-01-09 20:00","2023","01","09","20:00","-9.4","","-10.6","","91","","0.0","","9","","11","","16.1","","97.66","","","","-15","","NA"
"-101.09","53.97","THE PAS A","5052882","2023-01-09 21:00","2023","01","09","21:00","-9.8","","-11.0","","91","","0.0","","9","","13","","16.1","","97.67","","","","-16","","NA"
"-101.09","53.97","THE PAS A","5052882","2023-01-09 22:00","2023","01","09","22:00","-10.1","","-11.3","","91","","0.0","","10","","15","","16.1","","97.69","","","","-17","","NA"
"-101.09","53.97","THE PAS A","5052882","2023-01-09 23:00","2023","01","09","23:00","-10.2","","-11.5","","90","","0.0","","10","","11","","16.1","","97.72","","","","-16","","NA"
"-101.09","53.97","THE PAS A","5052882","2023-01-10 00:00","2023","01","10","00:00","-10.3","","-11.6","","90","","0.0","","10","","11","","9.7","","97.72","","","","-16","","Snow"
"-101.09","53.97","THE PAS A","5052882","2023-01-10 01:00","2023","01","10","01:00","-10.4","","-11.7","","90","","0.0","","11","","11","","16.1","","97.72","","","","-16","","NA"
"-101.09","53.97","THE PAS A","5052882","2023-01-10 02:00","2023","01","10","02:00","-10.5","","-11.8","","90","","0.0","","8","","9","","16.1","","97.70","","","","-15","","NA"
"-101.09","53.97","THE PAS A","5052882","2023-01-10 03:00","2023","01","10","03:00","-10.5","","-11.8","","90","","0.0","","","M","4","","16.1","","97.72","","","","-13","","NA"
"-101.09","53.97","THE PAS A","5052882","2023-01-10 04:00","2023","01","10","04:00","-10.6","","-11.9","","90","","0.0","","5","","5","","16.1","","97.72","","","","-14","","NA"
"-101.09","53.97","THE PAS A","5052882","2023-01-10 05:00","2023","01","10","05:00","-10.8","","-12.1","","90","","0.0","","7","","8","","11.3","","97.76","","","","-15","","NA"
"-101.09","53.97","THE PAS A","5052882","2023-01-10 06:00","2023","01","10","06:00","-10.9","","-12.2","","90","","0.0","","7","","9","","16.1","","97.76","","","","-16","","NA"
"-101.09","53.97","THE PAS A","5052882","2023-01-10 07:00","2023","01","10","07:00","-11.0","","-12.3","","90","","0.0","","6","","8","","16.1","","97.78","","","","-16","","Snow"
"-101.09","53.97","THE PAS A","5052882","2023-01-10 08:00","2023","01","10","08:00","-11.1","","-12.4","","90","","0.0","","6","","5","","16.1","","97.76","","","","-14","","NA"
"-101.09","53.97","THE PAS A","5052882","2023-01-10 09:00","2023","01","10","09:00","-11.2","","-12.5","","90","","0.0","","","M","4","","16.1","","97.77","","","","-14","","NA"
"-101.09","53.97","THE PAS A","5052882","2023-01-10 10:00","2023","01","10","10:00","-10.9","","-12.2","","90","","0.0","","36","","8","","16.1","","97.78","","","","-16","","Snow"
"-101.09","53.97","THE PAS A","5052882","2023-01-10 11:00","2023","01","10","11:00","-10.7","","-12.0","","90","","0.0","","1","","5","","16.1","","97.79","","","","-14","","Snow"
"-101.09","53.97","THE PAS A","5052882","2023-01-10 12:00","2023","01","10","12:00","-10.7","","-12.0","","90","","0.0","","36","","5","","16.1","","97.78","","","","-14","","Snow"
"-101.09","53.97","THE PAS A","5052882","2023-01-10 13:00","2023","01","10","13:00","-10.4","","-11.7","","90","","0.0","","36","","9","","16.1","","97.76","","","","-15","","NA"
"-101.09","53.97","THE PAS A","5052882","2023-01-10 14:00","2023","01","10","14:00","-10.1","","-11.4","","90","","0.0","","36","","9","","16.1","","97.74","","","","-15","","NA"
"-101.09","53.97","THE PAS A","5052882","2023-01-10 15:00","2023","01","10","15:00","-10.1","","-11.4","","90","","0.0","","36","","8","","16.1","","97.75","","","","-15","","NA"
"-101.09","53.97","THE PAS A","5052882","2023-01-10 16:00","2023","01","10","16:00","-10.1","","-11.4","","90","","0.0","","36","","8","","16.1","","97.83","","","","-15","","Snow"
"-101.09","53.97","THE PAS A","5052882","2023-01-10 17:00","2023","01","10","17:00","-10.2","","-11.5","","90","","0.0","","36","","8","","14.5","","97.88","","","","-15","","Snow"
"-101.09","53.97","THE PAS A","5052882","2023-01-10 18:00","2023","01","10","18:00","-10.2","","-11.5","","90","","0.0","","36","","8","","16.1","","97.93","","","","-15","","Snow"
"-101.09","53.97","THE PAS A","5052882","2023-01-10 19:00","2023","01","10","19:00","-10.3","","-11.6","","90","","0.0","","3","","5","","9.7","","97.94","","","","-13","","Snow"
"-101.09","53.97","THE PAS A","5052882","2023-01-10 20:00","2023","01","10","20:00","-10.5","","-11.8","","90","","0.0","","1","","5","","11.3","","97.94","","","","-14","","Snow"
"-101.09","53.97","THE PAS A","5052882","2023-01-10 21:00","2023","01","10","21:00","-10.5","","-11.8","","90","","0.0","","35","","8","","16.1","","97.93","","","","-15","","Snow"
"-101.09","53.97","THE PAS A","5052882","2023-01-10 22:00","2023","01","10","22:00","-10.5","","-11.8","","90","","0.0","","36","","8","","16.1","","97.95","","","","-15","","Snow"
"-101.09","53.97","THE PAS A","5052882","2023-01-10 23:00","2023","01","10","23:00","-10.6","","-11.9","","90","","0.0","","36","","8","","16.1","","97.96","","","","-15","","Snow"
"-101.09","53.97","THE PAS A","5052882","2023-01-11 00:00","2023","01","11","00:00","-10.9","","-12.2","","90","","0.0","","35","","8","","16.1","","97.99","","","","-16","","Snow"
"-101.09","53.97","THE PAS A","5052882","2023-01-11 01:00","2023","01","11","01:00","-10.6","","-11.9","","90","","0.0","","33","","8","","16.1","","98.04","","","","-15","","Snow"
"-101.09","53.97","THE PAS A","5052882","2023-01-11 02:00","2023","01","11","02:00","-10.6","","-11.9","","90","","0.0","","31","","13","","16.1","","98.07","","","","-17","","Snow"
"-101.09","53.97","THE PAS A","5052882","2023-01-11 03:00","2023","01","11","03:00","-10.4","","-11.7","","90","","0.0","","33","","9","","16.1","","98.12","","","","-15","","Snow"
"-101.09","53.97","THE PAS A","5052882","2023-01-11 04:00","2023","01","11","04:00","-10.4","","-11.7","","90","","0.0","","33","","9","","16.1","","98.15","","","","-15","","NA"
"-101.09","53.97","THE PAS A","5052882","2023-01-11 05:00","2023","01","11","05:00","-10.8","","-12.3","","89","","0.0","","34","","13","","16.1","","98.18","","","","-17","","NA"
"-101.09","53.97","THE PAS A","5052882","2023-01-11 06:00","2023","01","11","06:00","-11.2","","-12.7","","89","","0.0","","33","","9","","16.1","","98.23","","","","-16","","Snow"
"-101.09","53.97","THE PAS A","5052882","2023-01-11 07:00","2023","01","11","07:00","-11.3","","-12.8","","89","","0.0","","32","","8","","16.1","","98.29","","","","-16","","NA"
"-101.09","53.97","THE PAS A","5052882","2023-01-11 08:00","2023","01","11","08:00","-11.4","","-12.9","","89","","0.0","","30","","8","","16.1","","98.34","","","","-16","","NA"
"-101.09","53.97","THE PAS A","5052882","2023-01-11 09:00","2023","01","11","09:00","-12.2","","-13.8","","88","","0.0","","30","","9","","16.1","","98.42","","","","-17","","NA"
"-101.09","53.97","THE PAS A","5052882","2023-01-11 10:00","2023","01","11","10:00","-11.6","","-13.1","","89","","0.0","","29","","9","","16.1","","98.51","","","","-17","","NA"
"-101.09","53.97","THE PAS A","5052882","2023-01-11 11:00","2023","01","11","11:00","-11.2","","-12.7","","89","","0.0","","31","","13","","16.1","","98.58","","","","-18","","NA"
"-101.09","53.97","THE PAS A","5052882","2023-01-11 12:00","2023","01","11","12:00","-10.8","","-12.4","","88","","0.0","","30","","11","","16.1","","98.59","","","","-17","","NA"
"-101.09","53.97","THE PAS A","5052882","2023-01-11 13:00","2023","01","11","13:00","-10.4","","-12.0","","88","","0.0","","30","","11","","16.1","","98.63","","","","-16","","NA"
"-101.09","53.97","THE PAS A","5052882","2023-01-11 14:00","2023","01","11","14:00","-9.9","","-11.8","","86","","0.0","","28","","13","","16.1","","98.68","","","","-16","","NA"
"-101.09","53.97","THE PAS A","5052882","2023-01-11 15:00","2023","01","11","15:00","-9.6","","-11.5","","86","","0.0","","29","","13","","16.1","","98.74","","","","-16","","NA"
"-101.09","53.97","THE PAS A","5052882","2023-01-11 16:00","2023","01","11","16:00","-10.0","","-11.8","","87","","0.0","","29","","13","","16.1","","98.84","","","","-16","","NA"
"-101.09","53.97","THE PAS A","5052882","2023-01-11 17:00","2023","01","11","17:00","-10.6","","-12.4","","87","","0.0","","28","","13","","16.1","","98.95","","","","-17","","NA"
"-101.09","53.97","THE PAS A","5052882","2023-01-11 18:00","2023","01","11","18:00","-10.3","","-11.9","","88","","0.0","","28","","9","","16.1","","99.03","","","","-15","","NA"
"-101.09","53.97","THE PAS A","5052882","2023-01-11 19:00","2023","01","11","19:00","-9.9","","-11.4","","89","","0.0","","28","","13","","16.1","","99.08","","","","-16","","NA"
"-101.09","53.97","THE PAS A","5052882","2023-01-11 20:00","2023","01","11","20:00","-10.2","","-11.7","","89","","0.0","","29","","13","","16.1","","99.12","","","","-16","","NA"
"-101.09","53.97","THE PAS A","5052882","2023-01-11 21:00","2023","01","11","21:00","-11.9","","-13.4","","89","","0.0","","28","","11","","16.1","","99.14","","","","-18","","NA"
"-101.09","53.97","THE PAS A","5052882","2023-01-11 22:00","2023","01","11","22:00","-12.6","","-14.1","","89","","0.0","","28","","13","","16.1","","99.20","","","","-19","","NA"
"-101.09","53.97","THE PAS A","5052882","2023-01-11 23:00","2023","01","11","23:00","-12.2","","-13.7","","89","","0.0","","28","","9","","16.1","","99.26","","","","-17","","NA"
"-101.09","53.97","THE PAS A","5052882","2023-01-12 00:00","2023","01","12","00:00","-12.3","","-13.8","","89","","0.0","","27","","9","","16.1","","99.29","","","","-18","","NA"
"-101.09","53.97","THE PAS A","5052882","2023-01-12 01:00","2023","01","12","01:00","-12.4","","-13.9","","89","","0.0","","26","","11","","16.1","","99.34","","","","-18","","NA"
"-101.09","53.97","THE PAS A","5052882","2023-01-12 02:00","2023","01","12","02:00","-13.1","","-14.6","","89","","0.0","","29","","5","","16.1","","99.36","","","","-16","","NA"
"-101.09","53.97","THE PAS A","5052882","2023-01-12 03:00","2023","01","12","03:00","-12.5","","-13.7","","91","","0.0","","28","","8","","16.1","","99.42","","","","-17","","NA"
"-101.09","53.97","THE PAS A","5052882","2023-01-12 04:00","2023","01","12","04:00","-13.1","","-14.4","","90","","0.0","","25","","5","","1.6","","99.47","","","","-16","","Fog"
"-101.09","53.97","THE PAS A","5052882","2023-01-12 05:00","2023","01","12","05:00","-12.3","","-13.8","","89","","0.0","","","","0","","0.6","","99.48","","","","","","Freezing Fog"
"-101.09","53.97","THE PAS A","5052882","2023-01-12 06:00","2023","01","12","06:00","-12.6","","-14.2","","88","","0.0","","18","","4","","0.4","","99.51","","","","-15","","Freezing Fog"
"-101.09","53.97","THE PAS A","5052882","2023-01-12 07:00","2023","01","12","07:00","-12.3","","-13.8","","89","","0.0","","18","","5","","6.4","","99.51","","","","-16","","Fog"
"-101.09","53.97","THE PAS A","5052882","2023-01-12 08:00","2023","01","12","08:00","-13.4","","-15.0","","88","","0.0","","14","","9","","14.5","","99.47","","","","-19","","NA"
"-101.09","53.97","THE PAS A","5052882","2023-01-12 09:00","2023","01","12","09:00","-13.8","","-15.5","","87","","0.0","","17","","11","","14.5","","99.50","","","","-20","","NA"
"-101.09","53.97","THE PAS A","5052882","2023-01-12 10:00","2023","01","12","10:00","-13.8","","-15.4","","88","","0.0","","15","","11","","16.1","","99.53","","","","-20","","NA"
"-101.09","53.97","THE PAS A","5052882","2023-01-12 11:00","2023","01","12","11:00","-12.6","","-14.2","","88","","0.0","","16","","15","","16.1","","99.58","","","","-20","","Snow"
"-101.09","53.97","THE PAS A","5052882","2023-01-12 12:00","2023","01","12","12:00","-13.6","","-15.3","","87","","0.0","","13","","18","","16.1","","99.50","","","","-22","","Snow"
"-101.09","53.97","THE PAS A","5052882","2023-01-12 13:00","2023","01","12","13:00","-12.6","","-14.2","","88","","0.0","","15","","15","","16.1","","99.45","","","","-20","","NA"
"-101.09","53.97","THE PAS A","5052882","2023-01-12 14:00","2023","01","12","14:00","-11.9","","-13.4","","89","","0.0","","15","","13","","1.2","","99.39","","","","-19","","Snow"
"-101.09","53.97","THE PAS A","5052882","2023-01-12 15:00","2023","01","12","15:00","-11.5","","-13.0","","89","","0.0","","14","","15","","16.1","","99.39","","","","-19","","NA"
"-101.09","53.97","THE PAS A","5052882","2023-01-12 16:00","2023","01","12","16:00","-12.1","","-13.6","","89","","0.0","","13","","17","","16.1","","99.33","","","","-20","","NA"
"-101.09","53.97","THE PAS A","5052882","2023-01-12 17:00","2023","01","12","17:00","-10.6","","-11.9","","90","","0.0","","12","","17","","16.1","","99.27","","","","-18","","NA"
"-101.09","53.97","THE PAS A","5052882","2023-01-12 18:00","2023","01","12","18:00","-9.6","","-10.8","","91","","0.0","","13","","18","","16.1","","99.22","","","","-17","","NA"
"-101.09","53.97","THE PAS A","5052882","2023-01-12 19:00","2023","01","12","19:00","-9.0","","-10.2","","91","","0.0","","14","","18","","16.1","","99.14","","","","-16","","NA"
"-101.09","53.97","THE PAS A","5052882","2023-01-12 20:00","2023","01","12","20:00","-8.0","","-9.1","","92","","0.0","","14","","18","","16.1","","99.09","","","","-15","","NA"
"-101.09","53.97","THE PAS A","5052882","2023-01-12 21:00","2023","01","12","21:00","-7.5","","-8.4","","93","","0.0","","15","","22","","16.1","","99.06","","","","-15","","NA"
"-101.09","53.97","THE PAS A","5052882","2023-01-12 22:00","2023","01","12","22:00","-7.6","","-8.5","","93","","0.0","","16","","15","","16.1","","98.98","","","","-14","","NA"
"-101.09","53.97","THE PAS A","5052882","2023-01-12 23:00","2023","01","12","23:00","-7.9","","-9.0","","92","","0.0","","17","","17","","16.1","","98.91","","","","-15","","NA"
"-101.09","53.97","THE PAS A","5052882","2023-01-13 00:00","2023","01","13","00:00","-8.4","","-9.5","","92","","0.0","","18","","17","","16.1","","98.86","","","","-15","","NA"
"-101.09","53.97","THE PAS A","5052882","2023-01-13 01:00","2023","01","13","01:00","-8.8","","-9.9","","92","","0.0","","17","","17","","16.1","","98.78","","","","-16","","NA"
"-101.09","53.97","THE PAS A","5052882","2023-01-13 02:00","2023","01","13","02:00","-9.2","","-10.4","","91","","0.0","","17","","15","","16.1","","98.69","","","","-16","","NA"
"-101.09","53.97","THE PAS A","5052882","2023-01-13 03:00","2023","01","13","03:00","-9.7","","-10.9","","91","","0.0","","16","","15","","16.1","","98.62","","","","-16","","NA"
"-101.09","53.97","THE PAS A","5052882","2023-01-13 04:00","2023","01","13","04:00","-10.2","","-11.5","","90","","0.0","","16","","17","","16.1","","98.53","","","","-17","","NA"
"-101.09","53.97","THE PAS A","5052882","2023-01-13 05:00","2023","01","13","05:00","-10.3","","-11.6","","90","","0.0","","15","","15","","16.1","","98.43","","","","-17","","NA"
"-101.09","53.97","THE PAS A","5052882","2023-01-13 06:00","2023","01","13","06:00","-10.4","","-11.7","","90","","0.0","","15","","13","","16.1","","98.36","","","","-17","","NA"
"-101.09","53.97","THE PAS A","5052882","2023-01-13 07:00","2023","01","13","07:00","-10.6","","-11.9","","90","","0.0","","15","","13","","16.1","","98.26","","","","-17","","NA"
"-101.09","53.97","THE PAS A","5052882","2023-01-13 08:00","2023","01","13","08:00","-10.8","","-12.1","","90","","0.0","","16","","13","","16.1","","98.15","","","","-17","","NA"
"-101.09","53.97","THE PAS A","5052882","2023-01-13 09:00","2023","01","13","09:00","-11.2","","-12.6","","90","","0.0","","15","","8","","16.1","","98.12","","","","-16","","NA"
"-101.09","53.97","THE PAS A","5052882","2023-01-13 10:00","2023","01","13","10:00","-11.1","","-12.4","","90","","0.0","","14","","8","","16.1","","98.11","","","","-16","","NA"
"-101.09","53.97","THE PAS A","5052882","2023-01-13 11:00","2023","01","13","11:00","-11.3","","-12.6","","90","","0.0","","15","","11","","16.1","","98.05","","","","-17","","NA"
"-101.09","53.97","THE PAS A","5052882","2023-01-13 12:00","2023","01","13","12:00","-10.6","","-11.9","","90","","0.0","","","","0","","16.1","","97.99","","","","","","NA"
"-101.09","53.97","THE PAS A","5052882","2023-01-13 13:00","2023","01","13","13:00","-10.5","","-11.8","","90","","0.0","","12","","9","","16.1","","97.90","","","","-15","","NA"
"-101.09","53.97","THE PAS A","5052882","2023-01-13 14:00","2023","01","13","14:00","-9.5","","-10.7","","91","","0.0","","","M","5","","16.1","","97.90","","","","-12","","NA"
"-101.09","53.97","THE PAS A","5052882","2023-01-13 15:00","2023","01","13","15:00","-9.7","","-11.0","","90","","0.0","","31","","8","","16.1","","97.90","","","","-14","","NA"
"-101.09","53.97","THE PAS A","5052882","2023-01-13 16:00","2023","01","13","16:00","-10.6","","-12.2","","88","","0.0","","35","","5","","16.1","","97.92","","","","-14","","NA"
"-101.09","53.97","THE PAS A","5052882","2023-01-13 17:00","2023","01","13","17:00","-10.4","","-11.9","","89","","0.0","","32","","5","","16.1","","97.96","","","","-13","","NA"
"-101.09","53.97","THE PAS A","5052882","2023-01-13 18:00","2023","01","13","18:00","-10.0","","-11.5","","89","","0.0","","1","","8","","16.1","","98.03","","","","-14","","Snow"
"-101.09","53.97","THE PAS A","5052882","2023-01-13 19:00","2023","01","13","19:00","-9.6","","-11.1","","89","","0.0","","36","","9","","9.7","","97.97","","","","-14","","Snow"
"-101.09","53.97","THE PAS A","5052882","2023-01-13 20:00","2023","01","13","20:00","-9.4","","-10.9","","89","","0.0","","36","","8","","16.1","","98.00","","","","-14","","Snow"
"-101.09","53.97","THE PAS A","5052882","2023-01-13 21:00","2023","01","13","21:00","-9.3","","-10.7","","90","","0.0","","","M","4","","16.1","","98.00","","","","-12","","Snow"
"-101.09","53.97","THE PAS A","5052882","2023-01-13 22:00","2023","01","13","22:00","-9.5","","-11.0","","89","","0.0","","2","","8","","16.1","","98.00","","","","-14","","Snow"
"-101.09","53.97","THE PAS A","5052882","2023-01-13 23:00","2023","01","13","23:00","-9.6","","-11.1","","89","","0.0","","2","","5","","16.1","","98.07","","","","-12","","Snow"
"-101.09","53.97","THE PAS A","5052882","2023-01-14 00:00","2023","01","14","00:00","-9.5","","-11.0","","89","","0.0","","3","","8","","16.1","","98.06","","","","-14","","Snow"
"-101.09","53.97","THE PAS A","5052882","2023-01-14 01:00","2023","01","14","01:00","-9.5","","-11.0","","89","","0.0","","5","","8","","16.1","","98.02","","","","-14","","NA"
"-101.09","53.97","THE PAS A","5052882","2023-01-14 02:00","2023","01","14","02:00","-9.5","","-11.0","","89","","0.0","","6","","8","","16.1","","97.98","","","","-14","","NA"
"-101.09","53.97","THE PAS A","5052882","2023-01-14 03:00","2023","01","14","03:00","-9.3","","-10.7","","90","","0.0","","9","","9","","16.1","","98.00","","","","-14","","NA"
"-101.09","53.97","THE PAS A","5052882","2023-01-14 04:00","2023","01","14","04:00","-9.2","","-10.4","","91","","0.0","","9","","8","","16.1","","98.03","","","","-14","","NA"
"-101.09","53.97","THE PAS A","5052882","2023-01-14 05:00","2023","01","14","05:00","-9.1","","-10.2","","92","","0.0","","10","","9","","16.1","","98.03","","","","-14","","NA"
"-101.09","53.97","THE PAS A","5052882","2023-01-14 06:00","2023","01","14","06:00","-9.1","","-10.3","","91","","0.0","","9","","18","","16.1","","98.00","","","","-16","","NA"
"-101.09","53.97","THE PAS A","5052882","2023-01-14 07:00","2023","01","14","07:00","-9.2","","-10.4","","91","","0.0","","10","","15","","16.1","","97.95","","","","-16","","Snow"
"-101.09","53.97","THE PAS A","5052882","2023-01-14 08:00","2023","01","14","08:00","-9.2","","-10.7","","89","","0.0","","10","","15","","12.9","","97.89","","","","-16","","Snow"
"-101.09","53.97","THE PAS A","5052882","2023-01-14 09:00","2023","01","14","09:00","-9.2","","-10.7","","89","","0.0","","8","","15","","16.1","","97.84","","","","-16","","Snow"
"-101.09","53.97","THE PAS A","5052882","2023-01-14 10:00","2023","01","14","10:00","-9.3","","-10.9","","88","","0.0","","8","","17","","16.1","","97.81","","","","-16","","Snow"
"-101.09","53.97","THE PAS A","5052882","2023-01-14 11:00","2023","01","14","11:00","-11.2","","-13.1","","86","","0.0","","6","","15","","16.1","","97.80","","","","-18","","Snow"
"-101.09","53.97","THE PAS A","5052882","2023-01-14 12:00","2023","01","14","12:00","-11.8","","-13.7","","86","","0.0","","8","","13","","16.1","","97.72","","","","-18","","Snow"
"-101.09","53.97","THE PAS A","5052882","2023-01-14 13:00","2023","01","14","13:00","-11.9","","-13.9","","85","","0.0","","7","","15","","8.1","","97.70","","","","-19","","Snow"
"-101.09","53.97","THE PAS A","5052882","2023-01-14 14:00","2023","01","14","14:00","-12.2","","-14.3","","85","","0.0","","7","","11","","16.1","","97.59","","","","-18","","Snow"
"-101.09","53.97","THE PAS A","5052882","2023-01-14 15:00","2023","01","14","15:00","-12.9","","-15.1","","84","","0.0","","8","","17","","16.1","","97.52","","","","-21","","Snow"
"-101.09","53.97","THE PAS A","5052882","2023-01-14 16:00","2023","01","14","16:00","-13.3","","-15.5","","84","","0.0","","6","","15","","11.3","","97.49","","","","-21","","Snow"
"-101.09","53.97","THE PAS A","5052882","2023-01-14 17:00","2023","01","14","17:00","-13.5","","-15.5","","85","","0.0","","6","","13","","16.1","","97.48","","","","-20","","Snow"
"-101.09","53.97","THE PAS A","5052882","2023-01-14 18:00","2023","01","14","18:00","-14.0","","-16.0","","85","","0.0","","6","","13","","16.1","","97.49","","","","-21","","Snow"
"-101.09","53.97","THE PAS A","5052882","2023-01-14 19:00","2023","01","14","19:00","-14.6","","-16.6","","85","","0.0","","7","","15","","11.3","","97.45","","","","-22","","Snow"
"-101.09","53.97","THE PAS A","5052882","2023-01-14 20:00","2023","01","14","20:00","-14.6","","-16.6","","85","","0.0","","7","","17","","16.1","","97.36","","","","-23","","Snow"
"-101.09","53.97","THE PAS A","5052882","2023-01-14 21:00","2023","01","14","21:00","-14.5","","-16.6","","84","","0.0","","7","","11","","16.1","","97.32","","","","-21","","Snow"
"-101.09","53.97","THE PAS A","5052882","2023-01-14 22:00","2023","01","14","22:00","-14.2","","-16.3","","84","","0.0","","7","","11","","8.1","","97.26","","","","-21","","Snow"
"-101.09","53.97","THE PAS A","5052882","2023-01-14 23:00","2023","01","14","23:00","-14.0","","-16.2","","84","","0.0","","7","","9","","16.1","","97.21","","","","-20","","Snow"
"-101.09","53.97","THE PAS A","5052882","2023-01-15 00:00","2023","01","15","00:00","-13.9","","-16.1","","84","","0.0","","9","","8","","16.1","","97.20","","","","-19","","Snow"
"-101.09","53.97","THE PAS A","5052882","2023-01-15 01:00","2023","01","15","01:00","-13.7","","-15.9","","84","","0.0","","5","","5","","16.1","","97.19","","","","-17","","Snow"
"-101.09","53.97","THE PAS A","5052882","2023-01-15 02:00","2023","01","15","02:00","-13.6","","-15.6","","85","","0.0","","6","","11","","16.1","","97.13","","","","-20","","Snow"
"-101.09","53.97","THE PAS A","5052882","2023-01-15 03:00","2023","01","15","03:00","-13.6","","-15.6","","85","","0.0","","5","","8","","2.8","","97.12","","","","-19","","Snow"
"-101.09","53.97","THE PAS A","5052882","2023-01-15 04:00","2023","01","15","04:00","-13.4","","-15.4","","85","","0.0","","","M","4","","4.8","","97.11","","","","-16","","Snow"
"-101.09","53.97","THE PAS A","5052882","2023-01-15 05:00","2023","01","15","05:00","-13.3","","-15.3","","85","","0.0","","4","","8","","2.4","","97.11","","","","-18","","Snow"
"-101.09","53.97","THE PAS A","5052882","2023-01-15 06:00","2023","01","15","06:00","-13.1","","-15.1","","85","","0.0","","3","","8","","4.0","","97.12","","","","-18","","Snow"
"-101.09","53.97","THE PAS A","5052882","2023-01-15 07:00","2023","01","15","07:00","-13.2","","-15.2","","85","","0.0","","4","","5","","4.8","","97.11","","","","-17","","Snow"
"-101.09","53.97","THE PAS A","5052882","2023-01-15 08:00","2023","01","15","08:00","-13.2","","-15.1","","86","","0.0","","36","","5","","2.0","","97.10","","","","-17","","Snow"
"-101.09","53.97","THE PAS A","5052882","2023-01-15 09:00","2023","01","15","09:00","-13.3","","-15.3","","85","","0.0","","36","","9","","1.6","","97.09","","","","-19","","Snow"
"-101.09","53.97","THE PAS A","5052882","2023-01-15 10:00","2023","01","15","10:00","-13.4","","-15.4","","85","","0.0","","36","","9","","1.6","","97.12","","","","-19","","Snow"
"-101.09","53.97","THE PAS A","5052882","2023-01-15 11:00","2023","01","15","11:00","-13.2","","-15.5","","83","","0.0","","35","","9","","11.3","","97.15","","","","-19","","Snow"
"-101.09","53.97","THE PAS A","5052882","2023-01-15 12:00","2023","01","15","12:00","-13.0","","-15.3","","83","","0.0","","34","","9","","1.2","","97.16","","","","-18","","Snow"
"-101.09","53.97","THE PAS A","5052882","2023-01-15 13:00","2023","01","15","13:00","-12.8","","-15.1","","83","","0.0","","35","","9","","16.1","","97.16","","","","-18","","Snow"
"-101.09","53.97","THE PAS A","5052882","2023-01-15 14:00","2023","01","15","14:00","-12.4","","-15.0","","81","","0.0","","34","","5","","16.1","","97.16","","","","-16","","NA"
"-101.09","53.97","THE PAS A","5052882","2023-01-15 15:00","2023","01","15","15:00","-12.1","","-14.6","","82","","0.0","","35","","8","","9.7","","97.17","","","","-17","","Snow"
"-101.09","53.97","THE PAS A","5052882","2023-01-15 16:00","2023","01","15","16:00","-11.6","","-14.2","","81","","0.0","","31","","9","","16.1","","97.25","","","","-17","","Snow"
"-101.09","53.97","THE PAS A","5052882","2023-01-15 17:00","2023","01","15","17:00","-11.7","","-14.3","","81","","0.0","","34","","11","","16.1","","97.32","","","","-18","","NA"
"-101.09","53.97","THE PAS A","5052882","2023-01-15 18:00","2023","01","15","18:00","-11.7","","-14.2","","82","","0.0","","31","","9","","16.1","","97.41","","","","-17","","NA"
"-101.09","53.97","THE PAS A","5052882","2023-01-15 19:00","2023","01","15","19:00","-13.5","","-15.5","","85","","0.0","","30","","9","","16.1","","97.46","","","","-19","","NA"
"-101.09","53.97","THE PAS A","5052882","2023-01-15 20:00","2023","01","15","20:00","-15.4","","-17.1","","87","","0.0","","32","","8","","16.1","","97.48","","","","-21","","NA"
"-101.09","53.97","THE PAS A","5052882","2023-01-15 21:00","2023","01","15","21:00","-16.7","","-18.1","","89","","0.0","","32","","5","","16.1","","97.52","","","","-21","","NA"
"-101.09","53.97","THE PAS A","5052882","2023-01-15 22:00","2023","01","15","22:00","-16.7","","-18.3","","87","","0.0","","32","","4","","16.1","","97.52","","","","-20","","NA"
"-101.09","53.97","THE PAS A","5052882","2023-01-15 23:00","2023","01","15","23:00","-17.8","","-19.5","","87","","0.0","","25","","5","","16.1","","97.57","","","","-22","","NA"
"-101.09","53.97","THE PAS A","5052882","2023-01-16 00:00","2023","01","16","00:00","-15.5","","-17.3","","86","","0.0","","26","","5","","16.1","","97.63","","","","-19","","NA"
"-101.09","53.97","THE PAS A","5052882","2023-01-16 01:00","2023","01","16","01:00","-14.3","","-16.2","","86","","0.0","","27","","8","","16.1","","97.69","","","","-20","","NA"
"-101.09","53.97","THE PAS A","5052882","2023-01-16 02:00","2023","01","16","02:00","-14.5","","-16.4","","86","","0.0","","26","","4","","16.1","","97.72","","","","-17","","NA"
"-101.09","53.97","THE PAS A","5052882","2023-01-16 03:00","2023","01","16","03:00","-14.1","","-16.0","","86","","0.0","","29","","8","","16.1","","97.77","","","","-19","","NA"
"-101.09","53.97","THE PAS A","5052882","2023-01-16 04:00","2023","01","16","04:00","-15.5","","-17.3","","86","","0.0","","33","","8","","16.1","","97.77","","","","-21","","NA"
"-101.09","53.97","THE PAS A","5052882","2023-01-16 05:00","2023","01","16","05:00","-16.0","","-17.7","","87","","0.0","","33","","8","","16.1","","97.80","","","","-22","","NA"
"-101.09","53.97","THE PAS A","5052882","2023-01-16 06:00","2023","01","16","06:00","-14.2","","-15.9","","87","","0.0","","35","","4","","16.1","","97.84","","","","-17","","NA"
"-101.09","53.97","THE PAS A","5052882","2023-01-16 07:00","2023","01","16","07:00","-13.5","","-15.4","","86","","0.0","","28","","4","","16.1","","97.89","","","","-16","","NA"
"-101.09","53.97","THE PAS A","5052882","2023-01-16 08:00","2023","01","16","08:00","-12.9","","-14.8","","86","","0.0","","25","","4","","16.1","","97.95","","","","-16","","NA"
"-101.09","53.97","THE PAS A","5052882","2023-01-16 09:00","2023","01","16","09:00","-12.5","","-14.7","","84","","0.0","","26","","5","","16.1","","97.98","","","","-16","","NA"
"-101.09","53.97","THE PAS A","5052882","2023-01-16 10:00","2023","01","16","10:00","-11.9","","-14.4","","82","","0.0","","30","","8","","16.1","","98.02","","","","-17","","NA"
"-101.09","53.97","THE PAS A","5052882","2023-01-16 11:00","2023","01","16","11:00","-11.5","","-13.7","","84","","0.0","","31","","8","","16.1","","98.05","","","","-16","","NA"
"-101.09","53.97","THE PAS A","5052882","2023-01-16 12:00","2023","01","16","12:00","-11.3","","-12.5","","91","","0.0","","30","","8","","2.4","","98.07","","","","-16","","Snow"
"-101.09","53.97","THE PAS A","5052882","2023-01-16 13:00","2023","01","16","13:00","-11.0","","-12.1","","92","","0.0","","34","","9","","2.4","","98.00","","","","-16","","Fog"
"-101.09","53.97","THE PAS A","5052882","2023-01-16 14:00","2023","01","16","14:00","-10.9","","-12.2","","90","","0.0","","1","","5","","16.1","","97.96","","","","-14","","NA"
"-101.09","53.97","THE PAS A","5052882","2023-01-16 15:00","2023","01","16","15:00","-10.0","","-11.6","","88","","0.0","","27","","4","","16.1","","97.99","","","","-12","","NA"
"-101.09","53.97","THE PAS A","5052882","2023-01-16 16:00","2023","01","16","16:00","-9.3","","-11.7","","83","","0.0","","2","","8","","16.1","","98.04","","","","-14","","NA"
"-101.09","53.97","THE PAS A","5052882","2023-01-16 17:00","2023","01","16","17:00","-9.2","","-11.6","","83","","0.0","","","","0","","16.1","","98.08","","","","","","NA"
"-101.09","53.97","THE PAS A","5052882","2023-01-16 18:00","2023","01","16","18:00","-9.3","","-11.5","","84","","0.0","","","","0","","16.1","","98.13","","","","","","NA"
"-101.09","53.97","THE PAS A","5052882","2023-01-16 19:00","2023","01","16","19:00","-9.1","","-11.2","","85","","0.0","","","","0","","16.1","","98.14","","","","","","NA"
"-101.09","53.97","THE PAS A","5052882","2023-01-16 20:00","2023","01","16","20:00","-8.9","","-10.8","","86","","0.0","","35","","8","","16.1","","98.12","","","","-13","","NA"
"-101.09","53.97","THE PAS A","5052882","2023-01-16 21:00","2023","01","16","21:00","-9.0","","-10.9","","86","","0.0","","36","","8","","16.1","","98.14","","","","-13","","NA"
"-101.09","53.97","THE PAS A","5052882","2023-01-16 22:00","2023","01","16","22:00","-9.0","","-10.8","","87","","0.0","","36","","8","","16.1","","98.18","","","","-13","","NA"
"-101.09","53.97","THE PAS A","5052882","2023-01-16 23:00","2023","01","16","23:00","-9.0","","-10.8","","87","","0.0","","","","0","","16.1","","98.21","","","","","","NA"
"-101.09","53.97","THE PAS A","5052882","2023-01-17 00:00","2023","01","17","00:00","-9.0","","-10.8","","87","","0.0","","","","0","","16.1","","98.23","","","","","","NA"
"-101.09","53.97","THE PAS A","5052882","2023-01-17 01:00","2023","01","17","01:00","-8.9","","-10.7","","87","","0.0","","","","0","","16.1","","98.25","","","","","","NA"
"-101.09","53.97","THE PAS A","5052882","2023-01-17 02:00","2023","01","17","02:00","-9.0","","-10.8","","87","","0.0","","","","0","","16.1","","98.25","","","","","","NA"
"-101.09","53.97","THE PAS A","5052882","2023-01-17 03:00","2023","01","17","03:00","-9.2","","-11.0","","87","","0.0","","10","","5","","16.1","","98.28","","","","-12","","NA"
"-101.09","53.97","THE PAS A","5052882","2023-01-17 04:00","2023","01","17","04:00","-9.4","","-11.2","","87","","0.0","","10","","4","","16.1","","98.29","","","","-12","","NA"
"-101.09","53.97","THE PAS A","5052882","2023-01-17 05:00","2023","01","17","05:00","-9.6","","-11.1","","89","","0.0","","","M","4","","16.1","","98.27","","","","-12","","NA"
"-101.09","53.97","THE PAS A","5052882","2023-01-17 06:00","2023","01","17","06:00","-9.6","","-11.2","","88","","0.0","","9","","4","","16.1","","98.30","","","","-12","","NA"
"-101.09","53.97","THE PAS A","5052882","2023-01-17 07:00","2023","01","17","07:00","-9.6","","-11.2","","88","","0.0","","8","","4","","16.1","","98.32","","","","-12","","NA"
"-101.09","53.97","THE PAS A","5052882","2023-01-17 08:00","2023","01","17","08:00","-9.7","","-11.3","","88","","0.0","","","M","4","","16.1","","98.35","","","","-12","","NA"
"-101.09","53.97","THE PAS A","5052882","2023-01-17 09:00","2023","01","17","09:00","-9.7","","-11.3","","88","","0.0","","10","","5","","16.1","","98.39","","","","-13","","NA"
"-101.09","53.97","THE PAS A","5052882","2023-01-17 10:00","2023","01","17","10:00","-9.7","","-11.4","","88","","0.0","","11","","5","","16.1","","98.44","","","","-13","","NA"
"-101.09","53.97","THE PAS A","5052882","2023-01-17 11:00","2023","01","17","11:00","-9.5","","-11.3","","87","","0.0","","12","","8","","16.1","","98.45","","","","-14","","NA"
"-101.09","53.97","THE PAS A","5052882","2023-01-17 12:00","2023","01","17","12:00","-9.2","","-11.1","","86","","0.0","","10","","9","","16.1","","98.46","","","","-14","","NA"
"-101.09","53.97","THE PAS A","5052882","2023-01-17 13:00","2023","01","17","13:00","-9.1","","-10.9","","87","","0.0","","13","","13","","16.1","","98.45","","","","-15","","NA"
"-101.09","53.97","THE PAS A","5052882","2023-01-17 14:00","2023","01","17","14:00","-8.8","","-10.4","","88","","0.0","","13","","9","","16.1","","98.44","","","","-13","","NA"
"-101.09","53.97","THE PAS A","5052882","2023-01-17 15:00","2023","01","17","15:00","-8.8","","-10.2","","90","","0.0","","13","","9","","16.1","","98.47","","","","-13","","NA"
"-101.09","53.97","THE PAS A","5052882","2023-01-17 16:00","2023","01","17","16:00","-8.9","","-10.1","","91","","0.0","","12","","11","","16.1","","98.50","","","","-14","","NA"
"-101.09","53.97","THE PAS A","5052882","2023-01-17 17:00","2023","01","17","17:00","-9.0","","-10.4","","90","","0.0","","13","","11","","16.1","","98.54","","","","-14","","NA"
"-101.09","53.97","THE PAS A","5052882","2023-01-17 18:00","2023","01","17","18:00","-9.1","","-10.5","","90","","0.0","","13","","11","","16.1","","98.54","","","","-15","","NA"
"-101.09","53.97","THE PAS A","5052882","2023-01-17 19:00","2023","01","17","19:00","-9.3","","-10.9","","88","","0.0","","13","","18","","16.1","","98.54","","","","-17","","NA"
"-101.09","53.97","THE PAS A","5052882","2023-01-17 20:00","2023","01","17","20:00","-9.6","","-11.4","","87","","0.0","","13","","21","","16.1","","98.55","","","","-18","","NA"
"-101.09","53.97","THE PAS A","5052882","2023-01-17 21:00","2023","01","17","21:00","-9.6","","-11.4","","87","","0.0","","14","","17","","16.1","","98.56","","","","-17","","NA"
"-101.09","53.97","THE PAS A","5052882","2023-01-17 22:00","2023","01","17","22:00","-9.8","","-11.8","","86","","0.0","","13","","17","","16.1","","98.56","","","","-17","","NA"
"-101.09","53.97","THE PAS A","5052882","2023-01-17 23:00","2023","01","17","23:00","-10.4","","-12.6","","84","","0.0","","13","","15","","16.1","","98.56","","","","-17","","NA"
"-101.09","53.97","THE PAS A","5052882","2023-01-18 00:00","2023","01","18","00:00","-11.2","","-13.5","","83","","0.0","","13","","11","","16.1","","98.59","","","","-17","","NA"
"-101.09","53.97","THE PAS A","5052882","2023-01-18 01:00","2023","01","18","01:00","-10.1","","-12.3","","84","","0.0","","14","","18","","16.1","","98.59","","","","-18","","NA"
"-101.09","53.97","THE PAS A","5052882","2023-01-18 02:00","2023","01","18","02:00","-10.0","","-12.5","","82","","0.0","","14","","18","","16.1","","98.59","","","","-17","","NA"
"-101.09","53.97","THE PAS A","5052882","2023-01-18 03:00","2023","01","18","03:00","-10.1","","-12.6","","82","","0.0","","14","","13","","16.1","","98.62","","","","-16","","NA"
"-101.09","53.97","THE PAS A","5052882","2023-01-18 04:00","2023","01","18","04:00","-11.3","","-13.8","","82","","0.0","","15","","18","","16.1","","98.63","","","","-19","","NA"
"-101.09","53.97","THE PAS A","5052882","2023-01-18 05:00","2023","01","18","05:00","-13.4","","-15.7","","83","","0.0","","13","","17","","16.1","","98.61","","","","-21","","NA"
"-101.09","53.97","THE PAS A","5052882","2023-01-18 06:00","2023","01","18","06:00","-14.3","","-16.6","","83","","0.0","","13","","13","","16.1","","98.61","","","","-21","","NA"
"-101.09","53.97","THE PAS A","5052882","2023-01-18 07:00","2023","01","18","07:00","-15.2","","-17.0","","86","","0.0","","13","","11","","16.1","","98.63","","","","-22","","NA"
"-101.09","53.97","THE PAS A","5052882","2023-01-18 08:00","2023","01","18","08:00","-15.0","","-16.8","","86","","0.0","","13","","15","","16.1","","98.62","","","","-23","","NA"
"-101.09","53.97","THE PAS A","5052882","2023-01-18 09:00","2023","01","18","09:00","-14.3","","-16.3","","85","","0.0","","13","","15","","16.1","","98.65","","","","-22","","NA"
"-101.09","53.97","THE PAS A","5052882","2023-01-18 10:00","2023","01","18","10:00","-14.4","","-16.4","","85","","0.0","","13","","15","","16.1","","98.67","","","","-22","","NA"
"-101.09","53.97","THE PAS A","5052882","2023-01-18 11:00","2023","01","18","11:00","-14.0","","-16.3","","83","","0.0","","14","","22","","16.1","","98.69","","","","-23","","NA"
"-101.09","53.97","THE PAS A","5052882","2023-01-18 12:00","2023","01","18","12:00","-13.6","","-16.1","","82","","0.0","","14","","22","","16.1","","98.63","","","","-23","","NA"
"-101.09","53.97","THE PAS A","5052882","2023-01-18 13:00","2023","01","18","13:00","-13.0","","-15.6","","81","","0.0","","14","","18","","16.1","","98.56","","","","-21","","NA"
"-101.09","53.97","THE PAS A","5052882","2023-01-18 14:00","2023","01","18","14:00","-12.2","","-15.1","","79","","0.0","","13","","21","","16.1","","98.51","","","","-21","","NA"
"-101.09","53.97","THE PAS A","5052882","2023-01-18 15:00","2023","01","18","15:00","-12.6","","-15.5","","79","","0.0","","13","","18","","16.1","","98.49","","","","-21","","NA"
"-101.09","53.97","THE PAS A","5052882","2023-01-18 16:00","2023","01","18","16:00","-12.6","","-15.2","","81","","0.0","","13","","13","","16.1","","98.50","","","","-19","","NA"
"-101.09","53.97","THE PAS A","5052882","2023-01-18 17:00","2023","01","18","17:00","-13.6","","-15.8","","84","","0.0","","13","","15","","16.1","","98.49","","","","-21","","NA"
"-101.09","53.97","THE PAS A","5052882","2023-01-18 18:00","2023","01","18","18:00","-14.1","","-15.8","","87","","0.0","","12","","11","","16.1","","98.51","","","","-21","","NA"
"-101.09","53.97","THE PAS A","5052882","2023-01-18 19:00","2023","01","18","19:00","-14.1","","-16.0","","85","","0.0","","13","","13","","16.1","","98.48","","","","-21","","NA"
"-101.09","53.97","THE PAS A","5052882","2023-01-18 20:00","2023","01","18","20:00","-15.4","","-17.0","","88","","0.0","","13","","11","","16.1","","98.47","","","","-22","","NA"
"-101.09","53.97","THE PAS A","5052882","2023-01-18 21:00","2023","01","18","21:00","-15.4","","-17.2","","86","","0.0","","13","","17","","16.1","","98.46","","","","-24","","NA"
"-101.09","53.97","THE PAS A","5052882","2023-01-18 22:00","2023","01","18","22:00","-17.2","","-18.9","","87","","0.0","","11","","8","","16.1","","98.45","","","","-23","","NA"
"-101.09","53.97","THE PAS A","5052882","2023-01-18 23:00","2023","01","18","23:00","-17.7","","-19.5","","86","","0.0","","13","","5","","16.1","","98.41","","","","-22","","NA"
"-101.09","53.97","THE PAS A","5052882","2023-01-19 00:00","2023","01","19","00:00","-17.0","","-18.8","","86","","0.0","","12","","9","","16.1","","98.38","","","","-23","","NA"
"-101.09","53.97","THE PAS A","5052882","2023-01-19 01:00","2023","01","19","01:00","-17.5","","-19.3","","86","","0.0","","11","","9","","16.1","","98.38","","","","-24","","NA"
"-101.09","53.97","THE PAS A","5052882","2023-01-19 02:00","2023","01","19","02:00","-18.0","","-19.9","","85","","0.0","","13","","13","","16.1","","98.35","","","","-26","","NA"
"-101.09","53.97","THE PAS A","5052882","2023-01-19 03:00","2023","01","19","03:00","-18.0","","-19.8","","86","","0.0","","13","","15","","16.1","","98.35","","","","-27","","NA"
"-101.09","53.97","THE PAS A","5052882","2023-01-19 04:00","2023","01","19","04:00","-17.9","","-19.4","","88","","0.0","","14","","15","","1.6","","98.34","","","","-26","","Fog"
"-101.09","53.97","THE PAS A","5052882","2023-01-19 05:00","2023","01","19","05:00","-17.3","","-19.0","","87","","0.0","","13","","9","","1.2","","98.34","","","","-24","","Fog"
"-101.09","53.97","THE PAS A","5052882","2023-01-19 06:00","2023","01","19","06:00","-16.8","","-18.6","","86","","0.0","","14","","11","","4.8","","98.34","","","","-24","","Fog"
"-101.09","53.97","THE PAS A","5052882","2023-01-19 07:00","2023","01","19","07:00","-16.6","","-18.6","","85","","0.0","","14","","11","","4.8","","98.33","","","","-24","","Snow"
"-101.09","53.97","THE PAS A","5052882","2023-01-19 08:00","2023","01","19","08:00","-16.4","","-18.4","","85","","0.0","","14","","9","","3.6","","98.31","","","","-22","","Snow"
"-101.09","53.97","THE PAS A","5052882","2023-01-19 09:00","2023","01","19","09:00","-15.9","","-17.7","","86","","0.0","","15","","9","","12.9","","98.33","","","","-22","","Snow"
"-101.09","53.97","THE PAS A","5052882","2023-01-19 10:00","2023","01","19","10:00","-15.3","","-17.1","","86","","0.0","","15","","11","","1.6","","98.33","","","","-22","","Snow"
"-101.09","53.97","THE PAS A","5052882","2023-01-19 11:00","2023","01","19","11:00","-14.6","","-16.3","","87","","0.0","","14","","11","","2.4","","98.35","","","","-21","","Snow"
"-101.09","53.97","THE PAS A","5052882","2023-01-19 12:00","2023","01","19","12:00","-13.9","","-15.6","","87","","0.0","","13","","8","","4.8","","98.35","","","","-19","","Snow"
"-101.09","53.97","THE PAS A","5052882","2023-01-19 13:00","2023","01","19","13:00","-13.7","","-15.4","","87","","0.0","","13","","8","","4.8","","98.34","","","","-19","","Snow"
"-101.09","53.97","THE PAS A","5052882","2023-01-19 14:00","2023","01","19","14:00","-13.6","","-15.3","","87","","0.0","","13","","5","","9.7","","98.34","","","","-17","","Snow"
"-101.09","53.97","THE PAS A","5052882","2023-01-19 15:00","2023","01","19","15:00","-13.3","","-14.9","","88","","0.0","","12","","5","","4.8","","98.37","","","","-17","","Snow"
"-101.09","53.97","THE PAS A","5052882","2023-01-19 16:00","2023","01","19","16:00","-13.0","","-14.6","","88","","0.0","","14","","5","","4.8","","98.37","","","","-16","","Snow"
"-101.09","53.97","THE PAS A","5052882","2023-01-19 17:00","2023","01","19","17:00","-12.8","","-14.4","","88","","0.0","","13","","4","","9.7","","98.40","","","","-15","","Fog"
"-101.09","53.97","THE PAS A","5052882","2023-01-19 18:00","2023","01","19","18:00","-12.6","","-14.2","","88","","0.0","","13","","8","","11.3","","98.37","","","","-18","","NA"
"-101.09","53.97","THE PAS A","5052882","2023-01-19 19:00","2023","01","19","19:00","-12.3","","-13.8","","89","","0.0","","14","","5","","2.0","","98.35","","","","-16","","Fog"
"-101.09","53.97","THE PAS A","5052882","2023-01-19 20:00","2023","01","19","20:00","-11.8","","-13.3","","89","","0.0","","13","","9","","6.4","","98.32","","","","-17","","Fog"
"-101.09","53.97","THE PAS A","5052882","2023-01-19 21:00","2023","01","19","21:00","-11.2","","-12.7","","89","","0.0","","15","","11","","6.4","","98.28","","","","-17","","Fog"
"-101.09","53.97","THE PAS A","5052882","2023-01-19 22:00","2023","01","19","22:00","-10.9","","-12.2","","90","","0.0","","16","","11","","4.8","","98.27","","","","-17","","Fog"
"-101.09","53.97","THE PAS A","5052882","2023-01-19 23:00","2023","01","19","23:00","-10.6","","-11.9","","90","","0.0","","17","","9","","4.8","","98.28","","","","-16","","Fog"
"-101.09","53.97","THE PAS A","5052882","2023-01-20 00:00","2023","01","20","00:00","-10.3","","-11.6","","90","","0.0","","16","","9","","4.8","","98.26","","","","-15","","Fog"
"-101.09","53.97","THE PAS A","5052882","2023-01-20 01:00","2023","01","20","01:00","-10.2","","-11.5","","90","","0.0","","17","","11","","4.8","","98.23","","","","-16","","Fog"
"-101.09","53.97","THE PAS A","5052882","2023-01-20 02:00","2023","01","20","02:00","-9.6","","-10.8","","91","","0.0","","18","","9","","3.2","","98.22","","","","-14","","Fog"
"-101.09","53.97","THE PAS A","5052882","2023-01-20 03:00","2023","01","20","03:00","-9.1","","-10.3","","91","","0.0","","20","","5","","3.2","","98.23","","","","-12","","Fog"
"-101.09","53.97","THE PAS A","5052882","2023-01-20 04:00","2023","01","20","04:00","-8.5","","-9.6","","92","","0.0","","21","","5","","4.8","","98.23","","","","-11","","Fog"
"-101.09","53.97","THE PAS A","5052882","2023-01-20 05:00","2023","01","20","05:00","-8.2","","-9.3","","92","","0.0","","22","","5","","8.1","","98.22","","","","-11","","Fog"
"-101.09","53.97","THE PAS A","5052882","2023-01-20 06:00","2023","01","20","06:00","-7.8","","-8.9","","92","","0.0","","23","","11","","4.8","","98.18","","","","-13","","Fog"
"-101.09","53.97","THE PAS A","5052882","2023-01-20 07:00","2023","01","20","07:00","-7.1","","-8.1","","93","","0.0","","25","","13","","16.1","","98.13","","","","-13","","NA"
"-101.09","53.97","THE PAS A","5052882","2023-01-20 08:00","2023","01","20","08:00","-6.5","","-7.3","","94","","0.0","","25","","17","","16.1","","98.10","","","","-13","","NA"
"-101.09","53.97","THE PAS A","5052882","2023-01-20 09:00","2023","01","20","09:00","-6.6","","-7.4","","94","","0.0","","25","","15","","16.1","","98.10","","","","-13","","NA"
"-101.09","53.97","THE PAS A","5052882","2023-01-20 10:00","2023","01","20","10:00","-7.9","","-9.0","","92","","0.0","","23","","15","","16.1","","98.07","","","","-14","","NA"
"-101.09","53.97","THE PAS A","5052882","2023-01-20 11:00","2023","01","20","11:00","-8.0","","-9.1","","92","","0.0","","25","","18","","16.1","","98.05","","","","-15","","NA"
"-101.09","53.97","THE PAS A","5052882","2023-01-20 12:00","2023","01","20","12:00","-8.7","","-9.8","","92","","0.0","","24","","9","","16.1","","98.02","","","","-13","","NA"
"-101.09","53.97","THE PAS A","5052882","2023-01-20 13:00","2023","01","20","13:00","-7.6","","-8.5","","93","","0.0","","26","","13","","16.1","","97.96","","","","-13","","NA"
"-101.09","53.97","THE PAS A","5052882","2023-01-20 14:00","2023","01","20","14:00","-7.4","","-8.3","","93","","0.0","","24","","11","","16.1","","97.89","","","","-12","","NA"
"-101.09","53.97","THE PAS A","5052882","2023-01-20 15:00","2023","01","20","15:00","-7.2","","-8.2","","93","","0.0","","25","","13","","16.1","","97.89","","","","-13","","NA"
"-101.09","53.97","THE PAS A","5052882","2023-01-20 16:00","2023","01","20","16:00","-7.2","","-8.4","","91","","0.0","","26","","5","","16.1","","97.89","","","","-10","","NA"
"-101.09","53.97","THE PAS A","5052882","2023-01-20 17:00","2023","01","20","17:00","-8.6","","-10.0","","90","","0.0","","25","","4","","16.1","","97.91","","","","-11","","NA"
"-101.09","53.97","THE PAS A","5052882","2023-01-20 18:00","2023","01","20","18:00","-9.4","","-10.6","","91","","0.0","","23","","5","","16.1","","97.91","","","","-12","","NA"
"-101.09","53.97","THE PAS A","5052882","2023-01-20 19:00","2023","01","20","19:00","-9.7","","-11.0","","90","","0.0","","25","","17","","16.1","","97.89","","","","-17","","NA"
"-101.09","53.97","THE PAS A","5052882","2023-01-20 20:00","2023","01","20","20:00","-8.9","","-10.7","","87","","0.0","","26","","15","","16.1","","97.87","","","","-15","","NA"
"-101.09","53.97","THE PAS A","5052882","2023-01-20 21:00","2023","01","20","21:00","-9.1","","-10.6","","89","","0.0","","26","","15","","16.1","","97.84","","","","-16","","NA"
"-101.09","53.97","THE PAS A","5052882","2023-01-20 22:00","2023","01","20","22:00","-9.0","","-10.5","","89","","0.0","","26","","18","","16.1","","97.85","","","","-16","","NA"
"-101.09","53.97","THE PAS A","5052882","2023-01-20 23:00","2023","01","20","23:00","-9.3","","-10.5","","91","","0.0","","25","","15","","16.1","","97.84","","","","-16","","NA"
"-101.09","53.97","THE PAS A","5052882","2023-01-21 00:00","2023","01","21","00:00","-8.3","","-9.5","","91","","0.0","","27","","9","","16.1","","97.85","","","","-13","","NA"
"-101.09","53.97","THE PAS A","5052882","2023-01-21 01:00","2023","01","21","01:00","-7.7","","-8.9","","91","","0.0","","26","","11","","16.1","","97.84","","","","-13","","NA"
"-101.09","53.97","THE PAS A","5052882","2023-01-21 02:00","2023","01","21","02:00","-7.1","","-8.5","","90","","0.0","","27","","9","","16.1","","97.82","","","","-11","","NA"
"-101.09","53.97","THE PAS A","5052882","2023-01-21 03:00","2023","01","21","03:00","-7.1","","-8.5","","90","","0.0","","26","","8","","16.1","","97.82","","","","-11","","NA"
"-101.09","53.97","THE PAS A","5052882","2023-01-21 04:00","2023","01","21","04:00","-6.9","","-8.3","","90","","0.0","","26","","15","","16.1","","97.82","","","","-13","","NA"
"-101.09","53.97","THE PAS A","5052882","2023-01-21 05:00","2023","01","21","05:00","-6.9","","-8.4","","89","","0.0","","27","","17","","16.1","","97.84","","","","-13","","NA"
"-101.09","53.97","THE PAS A","5052882","2023-01-21 06:00","2023","01","21","06:00","-6.7","","-8.1","","90","","0.0","","28","","13","","16.1","","97.85","","","","-12","","NA"
"-101.09","53.97","THE PAS A","5052882","2023-01-21 07:00","2023","01","21","07:00","-6.6","","-8.0","","90","","0.0","","27","","9","","16.1","","97.86","","","","-11","","NA"
"-101.09","53.97","THE PAS A","5052882","2023-01-21 08:00","2023","01","21","08:00","-6.5","","-7.7","","91","","0.0","","28","","11","","16.1","","97.89","","","","-11","","NA"
"-101.09","53.97","THE PAS A","5052882","2023-01-21 09:00","2023","01","21","09:00","-6.5","","-7.7","","91","","0.0","","28","","13","","16.1","","97.91","","","","-12","","NA"
"-101.09","53.97","THE PAS A","5052882","2023-01-21 10:00","2023","01","21","10:00","-6.8","","-7.8","","93","","0.0","","29","","15","","16.1","","97.95","","","","-13","","NA"
"-101.09","53.97","THE PAS A","5052882","2023-01-21 11:00","2023","01","21","11:00","-7.4","","-8.2","","94","","0.0","","28","","17","","16.1","","97.97","","","","-14","","NA"
"-101.09","53.97","THE PAS A","5052882","2023-01-21 12:00","2023","01","21","12:00","-7.3","","-8.1","","94","","0.0","","26","","13","","16.1","","97.98","","","","-13","","NA"
"-101.09","53.97","THE PAS A","5052882","2023-01-21 13:00","2023","01","21","13:00","-8.1","","-9.0","","94","","0.0","","30","","11","","16.1","","97.94","","","","-13","","NA"
"-101.09","53.97","THE PAS A","5052882","2023-01-21 14:00","2023","01","21","14:00","-8.1","","-9.0","","93","","0.0","","28","","13","","16.1","","97.92","","","","-14","","NA"
"-101.09","53.97","THE PAS A","5052882","2023-01-21 15:00","2023","01","21","15:00","-8.6","","-9.7","","92","","0.0","","28","","13","","16.1","","97.91","","","","-15","","NA"
"-101.09","53.97","THE PAS A","5052882","2023-01-21 16:00","2023","01","21","16:00","-9.0","","-10.1","","92","","0.0","","24","","8","","16.1","","97.91","","","","-13","","NA"
"-101.09","53.97","THE PAS A","5052882","2023-01-21 17:00","2023","01","21","17:00","-9.7","","-10.8","","92","","0.0","","23","","8","","2.4","","97.91","","","","-14","","Fog"
"-101.09","53.97","THE PAS A","5052882","2023-01-21 18:00","2023","01","21","18:00","-10.3","","-11.5","","91","","0.0","","31","","8","","4.8","","97.94","","","","-15","","Fog"
"-101.09","53.97","THE PAS A","5052882","2023-01-21 19:00","2023","01","21","19:00","-10.5","","-11.7","","91","","0.0","","25","","4","","1.2","","97.92","","","","-13","","Fog"
"-101.09","53.97","THE PAS A","5052882","2023-01-21 20:00","2023","01","21","20:00","-11.2","","-12.5","","90","","0.0","","15","","5","","16.1","","97.85","","","","-14","","NA"
"-101.09","53.97","THE PAS A","5052882","2023-01-21 21:00","2023","01","21","21:00","-11.6","","-13.1","","89","","0.0","","14","","8","","16.1","","97.84","","","","-16","","NA"
"-101.09","53.97","THE PAS A","5052882","2023-01-21 22:00","2023","01","21","22:00","-11.3","","-12.6","","90","","0.0","","14","","5","","16.1","","97.77","","","","-14","","NA"
"-101.09","53.97","THE PAS A","5052882","2023-01-21 23:00","2023","01","21","23:00","-12.5","","-14.0","","89","","0.0","","13","","13","","16.1","","97.66","","","","-19","","NA"
"-101.09","53.97","THE PAS A","5052882","2023-01-22 00:00","2023","01","22","00:00","-12.4","","-13.9","","89","","0.0","","13","","11","","16.1","","97.64","","","","-18","","NA"
"-101.09","53.97","THE PAS A","5052882","2023-01-22 01:00","2023","01","22","01:00","-14.7","","-16.6","","86","","0.0","","13","","11","","16.1","","97.58","","","","-21","","NA"
"-101.09","53.97","THE PAS A","5052882","2023-01-22 02:00","2023","01","22","02:00","-12.7","","-14.3","","88","","0.0","","13","","13","","16.1","","97.50","","","","-20","","NA"
"-101.09","53.97","THE PAS A","5052882","2023-01-22 03:00","2023","01","22","03:00","-13.4","","-15.0","","88","","0.0","","13","","17","","16.1","","97.44","","","","-21","","NA"
"-101.09","53.97","THE PAS A","5052882","2023-01-22 04:00","2023","01","22","04:00","-13.2","","-14.8","","88","","0.0","","18","","4","","16.1","","97.39","","","","-16","","NA"
"-101.09","53.97","THE PAS A","5052882","2023-01-22 05:00","2023","01","22","05:00","-13.7","","-15.4","","88","","0.0","","15","","8","","16.1","","97.28","","","","-19","","NA"
"-101.09","53.97","THE PAS A","5052882","2023-01-22 06:00","2023","01","22","06:00","-12.3","","-13.8","","89","","0.0","","15","","9","","16.1","","97.17","","","","-18","","NA"
"-101.09","53.97","THE PAS A","5052882","2023-01-22 07:00","2023","01","22","07:00","-10.9","","-12.2","","90","","0.0","","14","","9","","16.1","","97.09","","","","-16","","NA"
"-101.09","53.97","THE PAS A","5052882","2023-01-22 08:00","2023","01","22","08:00","-10.7","","-12.0","","90","","0.0","","14","","9","","16.1","","97.04","","","","-16","","NA"
"-101.09","53.97","THE PAS A","5052882","2023-01-22 09:00","2023","01","22","09:00","-10.4","","-11.7","","90","","0.0","","14","","15","","16.1","","96.97","","","","-17","","NA"
"-101.09","53.97","THE PAS A","5052882","2023-01-22 10:00","2023","01","22","10:00","-9.7","","-10.9","","91","","0.0","","15","","13","","16.1","","96.95","","","","-16","","NA"
"-101.09","53.97","THE PAS A","5052882","2023-01-22 11:00","2023","01","22","11:00","-7.2","","-8.2","","93","","0.0","","18","","8","","11.3","","96.92","","","","-11","","NA"
"-101.09","53.97","THE PAS A","5052882","2023-01-22 12:00","2023","01","22","12:00","-5.6","","-6.4","","94","","0.0","","17","","8","","16.1","","96.87","","","","-9","","NA"
"-101.09","53.97","THE PAS A","5052882","2023-01-22 13:00","2023","01","22","13:00","-3.3","","-3.9","","96","","0.0","","26","","11","","16.1","","96.86","","","","-8","","NA"
"-101.09","53.97","THE PAS A","5052882","2023-01-22 14:00","2023","01","22","14:00","-2.0","","-2.4","","97","","0.0","","27","","17","","16.1","","96.86","","","","-7","","NA"
"-101.09","53.97","THE PAS A","5052882","2023-01-22 15:00","2023","01","22","15:00","-1.7","","-2.1","","97","","0.0","","30","","18","","16.1","","96.92","","","","-7","","NA"
"-101.09","53.97","THE PAS A","5052882","2023-01-22 16:00","2023","01","22","16:00","-1.5","","-1.9","","97","","0.0","","29","","17","","16.1","","96.96","","","","-7","","NA"
"-101.09","53.97","THE PAS A","5052882","2023-01-22 17:00","2023","01","22","17:00","-1.2","","-1.8","","96","","0.0","","30","","9","","16.1","","97.02","","","","-4","","NA"
"-101.09","53.97","THE PAS A","5052882","2023-01-22 18:00","2023","01","22","18:00","-0.9","","-1.5","","96","","0.0","","30","","15","","3.2","","97.12","","","","-6","","Snow"
"-101.09","53.97","THE PAS A","5052882","2023-01-22 19:00","2023","01","22","19:00","-0.4","","-1.7","","91","","0.0","","28","","17","","16.1","","97.16","","","","-5","","NA"
"-101.09","53.97","THE PAS A","5052882","2023-01-22 20:00","2023","01","22","20:00","-0.3","","-2.4","","86","","0.0","","29","","24","","16.1","","97.21","","","","-6","","NA"
"-101.09","53.97","THE PAS A","5052882","2023-01-22 21:00","2023","01","22","21:00","-0.6","","-2.8","","85","","0.0","","27","","21","","16.1","","97.28","","","","-6","","NA"
"-101.09","53.97","THE PAS A","5052882","2023-01-22 22:00","2023","01","22","22:00","-1.0","","-2.6","","89","","0.0","","29","","18","","14.5","","97.33","","","","-6","","Snow"
"-101.09","53.97","THE PAS A","5052882","2023-01-22 23:00","2023","01","22","23:00","-1.5","","-2.5","","93","","0.0","","30","","17","","11.3","","97.40","","","","-7","","Snow"
"-101.09","53.97","THE PAS A","5052882","2023-01-23 00:00","2023","01","23","00:00","-6.2","","-8.6","","83","","0.0","","33","","30","","4.8","","97.61","","","","-15","","Snow"
"-101.09","53.97","THE PAS A","5052882","2023-01-23 01:00","2023","01","23","01:00","-8.1","","-11.5","","77","","0.0","","33","","34","","11.3","","97.78","","","","-18","","Snow"
"-101.09","53.97","THE PAS A","5052882","2023-01-23 02:00","2023","01","23","02:00","-9.9","","-13.4","","76","","0.0","","35","","28","","16.1","","97.89","","","","-19","","NA"
"-101.09","53.97","THE PAS A","5052882","2023-01-23 03:00","2023","01","23","03:00","-10.8","","-13.6","","80","","0.0","","35","","21","","16.1","","98.02","","","","-19","","Snow"
"-101.09","53.97","THE PAS A","5052882","2023-01-23 04:00","2023","01","23","04:00","-11.6","","-14.7","","78","","0.0","","34","","22","","16.1","","98.12","","","","-20","","Snow"
"-101.09","53.97","THE PAS A","5052882","2023-01-23 05:00","2023","01","23","05:00","-12.4","","-15.2","","80","","0.0","","34","","18","","16.1","","98.19","","","","-20","","Snow"
"-101.09","53.97","THE PAS A","5052882","2023-01-23 06:00","2023","01","23","06:00","-12.9","","-15.5","","81","","0.0","","34","","18","","16.1","","98.28","","","","-21","","Snow"
"-101.09","53.97","THE PAS A","5052882","2023-01-23 07:00","2023","01","23","07:00","-13.8","","-17.2","","76","","0.0","","35","","15","","16.1","","98.35","","","","-21","","Snow"
"-101.09","53.97","THE PAS A","5052882","2023-01-23 08:00","2023","01","23","08:00","-14.2","","-17.1","","79","","0.0","","36","","13","","16.1","","98.38","","","","-21","","Snow"
"-101.09","53.97","THE PAS A","5052882","2023-01-23 09:00","2023","01","23","09:00","-15.0","","-17.7","","80","","0.0","","3","","8","","16.1","","98.39","","","","-20","","NA"
"-101.09","53.97","THE PAS A","5052882","2023-01-23 10:00","2023","01","23","10:00","-16.1","","-19.3","","77","","0.0","","1","","11","","16.1","","98.50","","","","-23","","NA"
"-101.09","53.97","THE PAS A","5052882","2023-01-23 11:00","2023","01","23","11:00","-16.7","","-19.7","","78","","0.0","","2","","9","","16.1","","98.50","","","","-23","","NA"
"-101.09","53.97","THE PAS A","5052882","2023-01-23 12:00","2023","01","23","12:00","-17.3","","-20.3","","78","","0.0","","2","","8","","16.1","","98.50","","","","-23","","NA"
"-101.09","53.97","THE PAS A","5052882","2023-01-23 13:00","2023","01","23","13:00","-16.5","","-19.8","","76","","0.0","","3","","5","","16.1","","98.43","","","","-20","","NA"
"-101.09","53.97","THE PAS A","5052882","2023-01-23 14:00","2023","01","23","14:00","-16.1","","-19.6","","75","","0.0","","","M","4","","16.1","","98.37","","","","-19","","NA"
"-101.09","53.97","THE PAS A","5052882","2023-01-23 15:00","2023","01","23","15:00","-15.5","","-19.0","","75","","0.0","","","M","4","","16.1","","98.39","","","","-18","","NA"
"-101.09","53.97","THE PAS A","5052882","2023-01-23 16:00","2023","01","23","16:00","-15.8","","-19.1","","76","","0.0","","13","","8","","16.1","","98.34","","","","-21","","NA"
"-101.09","53.97","THE PAS A","5052882","2023-01-23 17:00","2023","01","23","17:00","-15.8","","-18.8","","78","","0.0","","13","","4","","16.1","","98.32","","","","-19","","NA"
"-101.09","53.97","THE PAS A","5052882","2023-01-23 18:00","2023","01","23","18:00","-16.3","","-19.3","","78","","0.0","","14","","8","","16.1","","98.35","","","","-22","","NA"
"-101.09","53.97","THE PAS A","5052882","2023-01-23 19:00","2023","01","23","19:00","-16.4","","-19.4","","78","","0.0","","13","","5","","16.1","","98.30","","","","-20","","NA"
"-101.09","53.97","THE PAS A","5052882","2023-01-23 20:00","2023","01","23","20:00","-16.5","","-19.3","","79","","0.0","","10","","8","","16.1","","98.27","","","","-22","","NA"
"-101.09","53.97","THE PAS A","5052882","2023-01-23 21:00","2023","01","23","21:00","-16.5","","-20.0","","75","","0.0","","11","","5","","16.1","","98.27","","","","-20","","NA"
"-101.09","53.97","THE PAS A","5052882","2023-01-23 22:00","2023","01","23","22:00","-16.5","","-20.4","","72","","0.0","","11","","8","","16.1","","98.30","","","","-22","","NA"
"-101.09","53.97","THE PAS A","5052882","2023-01-23 23:00","2023","01","23","23:00","-16.6","","-20.4","","73","","0.0","","11","","8","","16.1","","98.34","","","","-22","","NA"
"-101.09","53.97","THE PAS A","5052882","2023-01-24 00:00","2023","01","24","00:00","-16.8","","-20.4","","74","","0.0","","10","","8","","16.1","","98.34","","","","-22","","NA"
"-101.09","53.97","THE PAS A","5052882","2023-01-24 01:00","2023","01","24","01:00","-17.0","","-20.9","","72","","0.0","","9","","9","","16.1","","98.35","","","","-23","","NA"
"-101.09","53.97","THE PAS A","5052882","2023-01-24 02:00","2023","01","24","02:00","-17.3","","-21.2","","72","","0.0","","7","","8","","16.1","","98.38","","","","-23","","NA"
"-101.09","53.97","THE PAS A","5052882","2023-01-24 03:00","2023","01","24","03:00","-17.5","","-21.1","","74","","0.0","","7","","5","","16.1","","98.41","","","","-21","","NA"
"-101.09","53.97","THE PAS A","5052882","2023-01-24 04:00","2023","01","24","04:00","-17.7","","-21.3","","74","","0.0","","5","","5","","16.1","","98.45","","","","-22","","NA"
"-101.09","53.97","THE PAS A","5052882","2023-01-24 05:00","2023","01","24","05:00","-17.8","","-21.5","","73","","0.0","","9","","5","","16.1","","98.45","","","","-22","","NA"
"-101.09","53.97","THE PAS A","5052882","2023-01-24 06:00","2023","01","24","06:00","-17.9","","-21.6","","73","","0.0","","","M","4","","16.1","","98.48","","","","-21","","NA"
"-101.09","53.97","THE PAS A","5052882","2023-01-24 07:00","2023","01","24","07:00","-17.9","","-21.5","","74","","0.0","","","M","4","","16.1","","98.49","","","","-21","","NA"
"-101.09","53.97","THE PAS A","5052882","2023-01-24 08:00","2023","01","24","08:00","-18.0","","-21.6","","74","","0.0","","","M","4","","16.1","","98.57","","","","-21","","NA"
"-101.09","53.97","THE PAS A","5052882","2023-01-24 09:00","2023","01","24","09:00","-17.9","","-21.5","","74","","0.0","","7","","5","","16.1","","98.61","","","","-22","","NA"
"-101.09","53.97","THE PAS A","5052882","2023-01-24 10:00","2023","01","24","10:00","-17.8","","-21.5","","73","","0.0","","9","","8","","16.1","","98.67","","","","-24","","NA"
"-101.09","53.97","THE PAS A","5052882","2023-01-24 11:00","2023","01","24","11:00","-17.3","","-21.4","","71","","0.0","","9","","5","","16.1","","98.73","","","","-21","","NA"
"-101.09","53.97","THE PAS A","5052882","2023-01-24 12:00","2023","01","24","12:00","-16.5","","-20.8","","70","","0.0","","14","","5","","16.1","","98.77","","","","-20","","NA"
"-101.09","53.97","THE PAS A","5052882","2023-01-24 13:00","2023","01","24","13:00","-16.3","","-20.8","","69","","0.0","","","M","4","","16.1","","98.76","","","","-19","","NA"
"-101.09","53.97","THE PAS A","5052882","2023-01-24 14:00","2023","01","24","14:00","-16.3","","-20.3","","72","","0.0","","15","","8","","16.1","","98.76","","","","-22","","NA"
"-101.09","53.97","THE PAS A","5052882","2023-01-24 15:00","2023","01","24","15:00","-15.9","","-19.9","","72","","0.0","","16","","8","","16.1","","98.79","","","","-21","","NA"
"-101.09","53.97","THE PAS A","5052882","2023-01-24 16:00","2023","01","24","16:00","-15.9","","-19.5","","74","","0.0","","13","","9","","16.1","","98.80","","","","-22","","NA"
"-101.09","53.97","THE PAS A","5052882","2023-01-24 17:00","2023","01","24","17:00","-16.8","","-20.1","","76","","0.0","","17","","4","","16.1","","98.86","","","","-20","","NA"
"-101.09","53.97","THE PAS A","5052882","2023-01-24 18:00","2023","01","24","18:00","-16.1","","-19.3","","77","","0.0","","13","","5","","16.1","","98.89","","","","-20","","NA"
"-101.09","53.97","THE PAS A","5052882","2023-01-24 19:00","2023","01","24","19:00","-16.7","","-20.0","","76","","0.0","","16","","9","","16.1","","98.90","","","","-23","","Snow"
"-101.09","53.97","THE PAS A","5052882","2023-01-24 20:00","2023","01","24","20:00","-17.2","","-20.0","","79","","0.0","","13","","9","","16.1","","98.88","","","","-23","","Snow"
"-101.09","53.97","THE PAS A","5052882","2023-01-24 21:00","2023","01","24","21:00","-17.6","","-20.1","","81","","0.0","","13","","8","","16.1","","98.84","","","","-23","","NA"
"-101.09","53.97","THE PAS A","5052882","2023-01-24 22:00","2023","01","24","22:00","-16.8","","-19.3","","81","","0.0","","14","","8","","16.1","","98.83","","","","-22","","Snow"
"-101.09","53.97","THE PAS A","5052882","2023-01-24 23:00","2023","01","24","23:00","-16.1","","-18.5","","82","","0.0","","13","","9","","16.1","","98.81","","","","-22","","Snow"
"-101.09","53.97","THE PAS A","5052882","2023-01-25 00:00","2023","01","25","00:00","-15.4","","-17.7","","83","","0.0","","15","","9","","16.1","","98.75","","","","-21","","Snow"
"-101.09","53.97","THE PAS A","5052882","2023-01-25 01:00","2023","01","25","01:00","-14.5","","-16.8","","83","","0.0","","16","","9","","16.1","","98.76","","","","-20","","Snow"
"-101.09","53.97","THE PAS A","5052882","2023-01-25 02:00","2023","01","25","02:00","-14.1","","-16.4","","83","","0.0","","15","","13","","16.1","","98.68","","","","-21","","Snow"
"-101.09","53.97","THE PAS A","5052882","2023-01-25 03:00","2023","01","25","03:00","-13.8","","-16.1","","83","","0.0","","14","","13","","16.1","","98.69","","","","-21","","NA"
"-101.09","53.97","THE PAS A","5052882","2023-01-25 04:00","2023","01","25","04:00","-13.5","","-15.8","","83","","0.0","","15","","8","","16.1","","98.70","","","","-19","","NA"
"-101.09","53.97","THE PAS A","5052882","2023-01-25 05:00","2023","01","25","05:00","-13.2","","-15.2","","85","","0.0","","17","","9","","16.1","","98.65","","","","-19","","NA"
"-101.09","53.97","THE PAS A","5052882","2023-01-25 06:00","2023","01","25","06:00","-12.9","","-15.0","","85","","0.0","","14","","5","","16.1","","98.66","","","","-16","","NA"
"-101.09","53.97","THE PAS A","5052882","2023-01-25 07:00","2023","01","25","07:00","-12.8","","-15.0","","84","","0.0","","13","","9","","16.1","","98.61","","","","-18","","NA"
"-101.09","53.97","THE PAS A","5052882","2023-01-25 08:00","2023","01","25","08:00","-12.4","","-14.3","","86","","0.0","","15","","8","","16.1","","98.58","","","","-17","","Snow"
"-101.09","53.97","THE PAS A","5052882","2023-01-25 09:00","2023","01","25","09:00","-12.3","","-14.2","","86","","0.0","","33","","4","","16.1","","98.62","","","","-15","","Snow"
"-101.09","53.97","THE PAS A","5052882","2023-01-25 10:00","2023","01","25","10:00","-12.0","","-13.9","","86","","0.0","","29","","4","","16.1","","98.65","","","","-15","","Snow"
"-101.09","53.97","THE PAS A","5052882","2023-01-25 11:00","2023","01","25","11:00","-11.8","","-13.4","","88","","0.0","","32","","11","","4.0","","98.72","","","","-18","","Snow"
"-101.09","53.97","THE PAS A","5052882","2023-01-25 12:00","2023","01","25","12:00","-11.6","","-13.1","","89","","0.0","","34","","9","","16.1","","98.74","","","","-17","","Snow"
"-101.09","53.97","THE PAS A","5052882","2023-01-25 13:00","2023","01","25","13:00","-11.6","","-13.4","","87","","0.0","","33","","15","","16.1","","98.77","","","","-19","","Snow"
"-101.09","53.97","THE PAS A","5052882","2023-01-25 14:00","2023","01","25","14:00","-11.1","","-13.6","","82","","0.0","","34","","17","","16.1","","98.79","","","","-19","","Snow"
"-101.09","53.97","THE PAS A","5052882","2023-01-25 15:00","2023","01","25","15:00","-11.1","","-14.2","","78","","0.0","","34","","13","","16.1","","98.83","","","","-18","","NA"
"-101.09","53.97","THE PAS A","5052882","2023-01-25 16:00","2023","01","25","16:00","-11.0","","-14.1","","78","","0.0","","34","","15","","16.1","","98.92","","","","-18","","NA"
"-101.09","53.97","THE PAS A","5052882","2023-01-25 17:00","2023","01","25","17:00","-11.5","","-14.9","","76","","0.0","","35","","13","","16.1","","99.00","","","","-18","","NA"
"-101.09","53.97","THE PAS A","5052882","2023-01-25 18:00","2023","01","25","18:00","-12.6","","-16.3","","74","","0.0","","35","","15","","16.1","","99.05","","","","-20","","NA"
"-101.09","53.97","THE PAS A","5052882","2023-01-25 19:00","2023","01","25","19:00","-14.1","","-17.5","","76","","0.0","","36","","11","","16.1","","99.09","","","","-21","","NA"
"-101.09","53.97","THE PAS A","5052882","2023-01-25 20:00","2023","01","25","20:00","-15.5","","-18.8","","76","","0.0","","1","","9","","16.1","","99.07","","","","-21","","NA"
"-101.09","53.97","THE PAS A","5052882","2023-01-25 21:00","2023","01","25","21:00","-17.4","","-19.8","","82","","0.0","","2","","5","","16.1","","99.00","","","","-21","","NA"
"-101.09","53.97","THE PAS A","5052882","2023-01-25 22:00","2023","01","25","22:00","-18.7","","-20.4","","87","","0.0","","","M","4","","16.1","","98.98","","","","-22","","NA"
"-101.09","53.97","THE PAS A","5052882","2023-01-25 23:00","2023","01","25","23:00","-21.0","","-23.0","","84","","0.0","","","M","4","","16.1","","98.94","","","","-25","","NA"
"-101.09","53.97","THE PAS A","5052882","2023-01-26 00:00","2023","01","26","00:00","-20.1","","-22.2","","84","","0.0","","13","","5","","16.1","","98.84","","","","-24","","NA"
"-101.09","53.97","THE PAS A","5052882","2023-01-26 01:00","2023","01","26","01:00","-20.0","","-21.8","","86","","0.0","","13","","9","","16.1","","98.73","","","","-27","","NA"
"-101.09","53.97","THE PAS A","5052882","2023-01-26 02:00","2023","01","26","02:00","-18.6","","-20.7","","84","","0.0","","12","","9","","16.1","","98.61","","","","-25","","Snow"
"-101.09","53.97","THE PAS A","5052882","2023-01-26 03:00","2023","01","26","03:00","-18.0","","-20.2","","83","","0.0","","12","","13","","16.1","","98.50","","","","-26","","Snow"
"-101.09","53.97","THE PAS A","5052882","2023-01-26 04:00","2023","01","26","04:00","-17.8","","-20.0","","83","","0.0","","12","","17","","16.1","","98.32","","","","-27","","Snow"
"-101.09","53.97","THE PAS A","5052882","2023-01-26 05:00","2023","01","26","05:00","-17.3","","-19.4","","84","","0.0","","14","","22","","16.1","","98.06","","","","-28","","Snow"
"-101.09","53.97","THE PAS A","5052882","2023-01-26 06:00","2023","01","26","06:00","-16.4","","-18.4","","85","","0.0","","14","","30","","16.1","","97.72","","","","-28","","Snow"
"-101.09","53.97","THE PAS A","5052882","2023-01-26 07:00","2023","01","26","07:00","-15.4","","-17.2","","86","","0.0","","13","","24","","16.1","","97.55","","","","-26","","Snow"
"-101.09","53.97","THE PAS A","5052882","2023-01-26 08:00","2023","01","26","08:00","-14.4","","-16.0","","88","","0.0","","13","","26","","6.4","","97.26","","","","-25","","Snow"
"-101.09","53.97","THE PAS A","5052882","2023-01-26 09:00","2023","01","26","09:00","-13.4","","-15.3","","86","","0.0","","12","","18","","1.2","","97.05","","","","-22","","Snow"
"-101.09","53.97","THE PAS A","5052882","2023-01-26 10:00","2023","01","26","10:00","-12.6","","-14.5","","86","","0.0","","13","","24","","1.6","","96.93","","","","-22","","Snow"
"-101.09","53.97","THE PAS A","5052882","2023-01-26 11:00","2023","01","26","11:00","-12.3","","-14.3","","85","","0.0","","12","","24","","1.2","","96.86","","","","-22","","Snow"
"-101.09","53.97","THE PAS A","5052882","2023-01-26 12:00","2023","01","26","12:00","-12.0","","-14.2","","84","","0.0","","11","","24","","2.4","","96.73","","","","-21","","Snow"
"-101.09","53.97","THE PAS A","5052882","2023-01-26 13:00","2023","01","26","13:00","-12.1","","-14.4","","83","","0.0","","9","","21","","4.8","","96.65","","","","-21","","Snow"
"-101.09","53.97","THE PAS A","5052882","2023-01-26 14:00","2023","01","26","14:00","-12.4","","-14.9","","82","","0.0","","8","","18","","6.4","","96.59","","","","-20","","Snow"
"-101.09","53.97","THE PAS A","5052882","2023-01-26 15:00","2023","01","26","15:00","-12.4","","-15.0","","81","","0.0","","4","","15","","14.5","","96.74","","","","-20","","Snow"
"-101.09","53.97","THE PAS A","5052882","2023-01-26 16:00","2023","01","26","16:00","-12.9","","-15.2","","83","","0.0","","4","","11","","2.0","","96.92","","","","-19","","Snow"
"-101.09","53.97","THE PAS A","5052882","2023-01-26 17:00","2023","01","26","17:00","-13.5","","-15.7","","84","","0.0","","6","","9","","6.4","","96.99","","","","-19","","Snow"
"-101.09","53.97","THE PAS A","5052882","2023-01-26 18:00","2023","01","26","18:00","-14.3","","-16.4","","84","","0.0","","35","","18","","12.9","","97.20","","","","-23","","Snow"
"-101.09","53.97","THE PAS A","5052882","2023-01-26 19:00","2023","01","26","19:00","-15.3","","-17.6","","83","","0.0","","35","","17","","16.1","","97.26","","","","-24","","Snow"
"-101.09","53.97","THE PAS A","5052882","2023-01-26 20:00","2023","01","26","20:00","-15.4","","-18.1","","80","","0.0","","34","","15","","16.1","","97.31","","","","-23","","Snow"
"-101.09","53.97","THE PAS A","5052882","2023-01-26 21:00","2023","01","26","21:00","-15.8","","-18.2","","82","","0.0","","34","","15","","16.1","","97.37","","","","-24","","Snow"
"-101.09","53.97","THE PAS A","5052882","2023-01-26 22:00","2023","01","26","22:00","-15.6","","-18.0","","82","","0.0","","33","","11","","16.1","","97.39","","","","-22","","Snow"
"-101.09","53.97","THE PAS A","5052882","2023-01-26 23:00","2023","01","26","23:00","-15.7","","-17.8","","84","","0.0","","32","","9","","9.7","","97.45","","","","-22","","Snow"
"-101.09","53.97","THE PAS A","5052882","2023-01-27 00:00","2023","01","27","00:00","-16.1","","-18.5","","82","","0.0","","31","","15","","16.1","","97.47","","","","-24","","Snow"
"-101.09","53.97","THE PAS A","5052882","2023-01-27 01:00","2023","01","27","01:00","-17.5","","-20.0","","81","","0.0","","33","","18","","16.1","","97.54","","","","-27","","NA"
"-101.09","53.97","THE PAS A","5052882","2023-01-27 02:00","2023","01","27","02:00","-18.0","","-20.8","","79","","0.0","","34","","22","","16.1","","97.64","","","","-28","","NA"
"-101.09","53.97","THE PAS A","5052882","2023-01-27 03:00","2023","01","27","03:00","-19.2","","-22.3","","77","","0.0","","33","","17","","16.1","","97.78","","","","-29","","NA"
"-101.09","53.97","THE PAS A","5052882","2023-01-27 04:00","2023","01","27","04:00","-19.8","","-22.7","","78","","0.0","","32","","13","","16.1","","97.88","","","","-28","","NA"
"-101.09","53.97","THE PAS A","5052882","2023-01-27 05:00","2023","01","27","05:00","-21.0","","-23.6","","80","","0.0","","33","","18","","16.1","","97.96","","","","-31","","NA"
"-101.09","53.97","THE PAS A","5052882","2023-01-27 06:00","2023","01","27","06:00","-21.9","","-24.5","","80","","0.0","","33","","18","","16.1","","98.05","","","","-32","","NA"
"-101.09","53.97","THE PAS A","5052882","2023-01-27 07:00","2023","01","27","07:00","-22.1","","-24.5","","81","","0.0","","33","","18","","16.1","","98.16","","","","-33","","NA"
"-101.09","53.97","THE PAS A","5052882","2023-01-27 08:00","2023","01","27","08:00","-20.8","","-23.3","","81","","0.0","","33","","15","","16.1","","98.20","","","","-30","","NA"
"-101.09","53.97","THE PAS A","5052882","2023-01-27 09:00","2023","01","27","09:00","-20.5","","-23.6","","77","","0.0","","34","","24","","16.1","","98.27","","","","-32","","NA"
"-101.09","53.97","THE PAS A","5052882","2023-01-27 10:00","2023","01","27","10:00","-22.9","","-25.9","","77","","0.0","","35","","17","","16.1","","98.37","","","","-33","","NA"
"-101.09","53.97","THE PAS A","5052882","2023-01-27 11:00","2023","01","27","11:00","-23.8","","-27.4","","73","","0.0","","34","","15","","16.1","","98.45","","","","-34","","Snow"
"-101.09","53.97","THE PAS A","5052882","2023-01-27 12:00","2023","01","27","12:00","-24.0","","-28.0","","70","","0.0","","34","","15","","16.1","","98.51","","","","-34","","NA"
"-101.09","53.97","THE PAS A","5052882","2023-01-27 13:00","2023","01","27","13:00","-23.4","","-28.4","","64","","0.0","","34","","15","","16.1","","98.52","","","","-33","","NA"
"-101.09","53.97","THE PAS A","5052882","2023-01-27 14:00","2023","01","27","14:00","-22.8","","-27.7","","65","","0.0","","31","","13","","16.1","","98.55","","","","-32","","NA"
"-101.09","53.97","THE PAS A","5052882","2023-01-27 15:00","2023","01","27","15:00","-22.9","","-27.6","","66","","0.0","","32","","17","","16.1","","98.57","","","","-33","","NA"
"-101.09","53.97","THE PAS A","5052882","2023-01-27 16:00","2023","01","27","16:00","-22.7","","-27.4","","66","","0.0","","31","","21","","16.1","","98.63","","","","-34","","Snow"
"-101.09","53.97","THE PAS A","5052882","2023-01-27 17:00","2023","01","27","17:00","-23.3","","-27.5","","69","","0.0","","28","","18","","16.1","","98.69","","","","-34","","NA"
"-101.09","53.97","THE PAS A","5052882","2023-01-27 18:00","2023","01","27","18:00","-23.8","","-28.0","","69","","0.0","","28","","21","","16.1","","98.74","","","","-36","","NA"
"-101.09","53.97","THE PAS A","5052882","2023-01-27 19:00","2023","01","27","19:00","-24.7","","-29.2","","67","","0.0","","29","","21","","16.1","","98.79","","","","-37","","NA"
"-101.09","53.97","THE PAS A","5052882","2023-01-27 20:00","2023","01","27","20:00","-25.6","","-29.6","","70","","0.0","","29","","17","","16.1","","98.81","","","","-37","","NA"
"-101.09","53.97","THE PAS A","5052882","2023-01-27 21:00","2023","01","27","21:00","-26.4","","-30.4","","70","","0.0","","29","","11","","16.1","","98.85","","","","-35","","NA"
"-101.09","53.97","THE PAS A","5052882","2023-01-27 22:00","2023","01","27","22:00","-25.5","","-29.2","","72","","0.0","","28","","21","","16.1","","98.86","","","","-38","","NA"
"-101.09","53.97","THE PAS A","5052882","2023-01-27 23:00","2023","01","27","23:00","-26.5","","-29.8","","74","","0.0","","29","","11","","16.1","","98.88","","","","-35","","NA"
"-101.09","53.97","THE PAS A","5052882","2023-01-28 00:00","2023","01","28","00:00","-26.0","","-29.5","","73","","0.0","","27","","17","","16.1","","98.90","","","","-37","","NA"
"-101.09","53.97","THE PAS A","5052882","2023-01-28 01:00","2023","01","28","01:00","-26.4","","-29.6","","75","","0.0","","28","","17","","16.1","","98.92","","","","-38","","NA"
"-101.09","53.97","THE PAS A","5052882","2023-01-28 02:00","2023","01","28","02:00","-26.4","","-29.6","","75","","0.0","","28","","17","","16.1","","98.97","","","","-38","","NA"
"-101.09","53.97","THE PAS A","5052882","2023-01-28 03:00","2023","01","28","03:00","-28.4","","-31.4","","76","","0.0","","30","","11","","16.1","","99.00","","","","-38","","NA"
"-101.09","53.97","THE PAS A","5052882","2023-01-28 04:00","2023","01","28","04:00","-28.5","","-31.5","","76","","0.0","","29","","13","","16.1","","99.05","","","","-39","","NA"
"-101.09","53.97","THE PAS A","5052882","2023-01-28 05:00","2023","01","28","05:00","-27.7","","-30.9","","75","","0.0","","29","","18","","16.1","","99.05","","","","-40","","NA"
"-101.09","53.97","THE PAS A","5052882","2023-01-28 06:00","2023","01","28","06:00","-26.8","","-30.1","","74","","0.0","","28","","22","","16.1","","99.06","","","","-40","","NA"
"-101.09","53.97","THE PAS A","5052882","2023-01-28 07:00","2023","01","28","07:00","-25.9","","-29.4","","73","","0.0","","28","","21","","16.1","","99.07","","","","-38","","NA"
"-101.09","53.97","THE PAS A","5052882","2023-01-28 08:00","2023","01","28","08:00","-27.0","","-30.3","","74","","0.0","","28","","18","","16.1","","99.08","","","","-39","","NA"
"-101.09","53.97","THE PAS A","5052882","2023-01-28 09:00","2023","01","28","09:00","-26.4","","-29.9","","73","","0.0","","28","","21","","16.1","","99.10","","","","-39","","NA"
"-101.09","53.97","THE PAS A","5052882","2023-01-28 10:00","2023","01","28","10:00","-25.7","","-29.4","","72","","0.0","","28","","22","","16.1","","99.12","","","","-38","","Snow"
"-101.09","53.97","THE PAS A","5052882","2023-01-28 11:00","2023","01","28","11:00","-24.9","","-28.9","","70","","0.1","","29","","24","","6.4","","99.12","","","","-38","","Snow"
"-101.09","53.97","THE PAS A","5052882","2023-01-28 12:00","2023","01","28","12:00","-23.8","","-28.0","","69","","0.0","","30","","21","","16.1","","99.12","","","","-36","","NA"
"-101.09","53.97","THE PAS A","5052882","2023-01-28 13:00","2023","01","28","13:00","-23.2","","-27.9","","66","","0.1","","29","","26","","6.4","","99.08","","","","-36","","Snow"
"-101.09","53.97","THE PAS A","5052882","2023-01-28 14:00","2023","01","28","14:00","-22.5","","-27.6","","64","","0.0","","29","","26","","9.7","","99.03","","","","-35","","Snow"
"-101.09","53.97","THE PAS A","5052882","2023-01-28 15:00","2023","01","28","15:00","-21.9","","-26.5","","67","","0.0","","28","","22","","9.7","","98.98","","","","-33","","Haze"
"-101.09","53.97","THE PAS A","5052882","2023-01-28 16:00","2023","01","28","16:00","-21.6","","-25.9","","69","","0.0","","28","","22","","8.1","","99.01","","","","-33","","Haze"
"-101.09","53.97","THE PAS A","5052882","2023-01-28 17:00","2023","01","28","17:00","-22.7","","-27.4","","66","","0.0","","32","","17","","16.1","","99.02","","","","-33","","NA"
"-101.09","53.97","THE PAS A","5052882","2023-01-28 18:00","2023","01","28","18:00","-23.5","","-27.3","","71","","0.0","","31","","15","","16.1","","99.02","","","","-33","","NA"
"-101.09","53.97","THE PAS A","5052882","2023-01-28 19:00","2023","01","28","19:00","-24.1","","-27.8","","72","","0.0","","28","","13","","16.1","","99.05","","","","-33","","NA"
"-101.09","53.97","THE PAS A","5052882","2023-01-28 20:00","2023","01","28","20:00","-24.6","","-28.0","","74","","0.0","","26","","9","","16.1","","99.02","","","","-32","","NA"
"-101.09","53.97","THE PAS A","5052882","2023-01-28 21:00","2023","01","28","21:00","-26.5","","-29.3","","78","","0.0","","24","","9","","16.1","","99.04","","","","-34","","NA"
"-101.09","53.97","THE PAS A","5052882","2023-01-28 22:00","2023","01","28","22:00","-24.3","","-27.6","","75","","0.0","","29","","21","","16.1","","99.07","","","","-36","","NA"
"-101.09","53.97","THE PAS A","5052882","2023-01-28 23:00","2023","01","28","23:00","-25.8","","-29.0","","75","","0.0","","30","","13","","16.1","","99.14","","","","-35","","NA"
"-101.09","53.97","THE PAS A","5052882","2023-01-29 00:00","2023","01","29","00:00","-25.9","","-29.3","","74","","0.0","","30","","13","","9.7","","99.19","","","","-36","","Haze"
"-101.09","53.97","THE PAS A","5052882","2023-01-29 01:00","2023","01","29","01:00","-26.0","","-29.8","","71","","0.0","","33","","15","","16.1","","99.21","","","","-36","","NA"
"-101.09","53.97","THE PAS A","5052882","2023-01-29 02:00","2023","01","29","02:00","-27.1","","-30.7","","72","","0.0","","31","","13","","16.1","","99.25","","","","-37","","NA"
"-101.09","53.97","THE PAS A","5052882","2023-01-29 03:00","2023","01","29","03:00","-27.4","","-31.3","","70","","0.0","","29","","13","","16.1","","99.29","","","","-37","","NA"
"-101.09","53.97","THE PAS A","5052882","2023-01-29 04:00","2023","01","29","04:00","-27.2","","-31.1","","70","","0.0","","28","","18","","16.1","","99.34","","","","-39","","NA"
"-101.09","53.97","THE PAS A","5052882","2023-01-29 05:00","2023","01","29","05:00","-28.3","","-32.0","","71","","0.0","","28","","18","","16.1","","99.34","","","","-40","","NA"
"-101.09","53.97","THE PAS A","5052882","2023-01-29 06:00","2023","01","29","06:00","-28.8","","-32.5","","71","","0.0","","28","","21","","16.1","","99.33","","","","-42","","NA"
"-101.09","53.97","THE PAS A","5052882","2023-01-29 07:00","2023","01","29","07:00","-29.8","","-33.3","","72","","0.0","","28","","13","","16.1","","99.34","","","","-40","","NA"
"-101.09","53.97","THE PAS A","5052882","2023-01-29 08:00","2023","01","29","08:00","-30.3","","-34.0","","71","","0.0","","27","","13","","16.1","","99.33","","","","-41","","NA"
"-101.09","53.97","THE PAS A","5052882","2023-01-29 09:00","2023","01","29","09:00","-30.5","","-34.0","","72","","0.0","","27","","15","","16.1","","99.35","","","","-42","","NA"
"-101.09","53.97","THE PAS A","5052882","2023-01-29 10:00","2023","01","29","10:00","-29.3","","-33.3","","69","","0.0","","28","","21","","16.1","","99.36","","","","-43","","NA"
"-101.09","53.97","THE PAS A","5052882","2023-01-29 11:00","2023","01","29","11:00","-28.3","","-32.7","","67","","0.0","","28","","18","","16.1","","99.31","","","","-40","","NA"
"-101.09","53.97","THE PAS A","5052882","2023-01-29 12:00","2023","01","29","12:00","-27.3","","-31.9","","66","","0.0","","28","","24","","11.3","","99.26","","","","-41","","NA"
"-101.09","53.97","THE PAS A","5052882","2023-01-29 13:00","2023","01","29","13:00","-26.5","","-31.3","","65","","0.0","","27","","21","","16.1","","99.19","","","","-39","","NA"
"-101.09","53.97","THE PAS A","5052882","2023-01-29 14:00","2023","01","29","14:00","-25.7","","-30.7","","64","","0.0","","27","","24","","16.1","","99.10","","","","-39","","Snow"
"-101.09","53.97","THE PAS A","5052882","2023-01-29 15:00","2023","01","29","15:00","-25.0","","-30.0","","64","","0.0","","27","","21","","14.5","","99.03","","","","-37","","NA"
"-101.09","53.97","THE PAS A","5052882","2023-01-29 16:00","2023","01","29","16:00","-24.9","","-29.7","","65","","0.0","","26","","24","","16.1","","99.02","","","","-38","","NA"
"-101.09","53.97","THE PAS A","5052882","2023-01-29 17:00","2023","01","29","17:00","-24.8","","-29.8","","64","","0.0","","26","","15","","16.1","","98.98","","","","-35","","NA"
"-101.09","53.97","THE PAS A","5052882","2023-01-29 18:00","2023","01","29","18:00","-24.7","","-29.5","","65","","0.0","","","M","","M","16.1","","98.93","","","","","","NA"
"-101.09","53.97","THE PAS A","5052882","2023-01-29 19:00","2023","01","29","19:00","-26.1","","-29.9","","71","","0.0","","24","","9","","16.1","","98.90","","","","-34","","NA"
"-101.09","53.97","THE PAS A","5052882","2023-01-29 20:00","2023","01","29","20:00","-26.9","","-30.2","","74","","0.0","","25","","5","","12.9","","98.87","","","","-32","","NA"
"-101.09","53.97","THE PAS A","5052882","2023-01-29 21:00","2023","01","29","21:00","-27.0","","-30.0","","76","","0.0","","25","","9","","14.5","","98.83","","","","-35","","Snow"
"-101.09","53.97","THE PAS A","5052882","2023-01-29 22:00","2023","01","29","22:00","-27.7","","-30.7","","76","","0.0","","23","","11","","16.1","","98.81","","","","-37","","NA"
"-101.09","53.97","THE PAS A","5052882","2023-01-29 23:00","2023","01","29","23:00","-27.9","","-31.1","","75","","0.0","","22","","9","","16.1","","98.79","","","","-36","","NA"
"-101.09","53.97","THE PAS A","5052882","2023-01-30 00:00","2023","01","30","00:00","-28.1","","-31.3","","75","","0.0","","23","","13","","16.1","","98.73","","","","-38","","NA"
"-101.09","53.97","THE PAS A","5052882","2023-01-30 01:00","2023","01","30","01:00","-27.1","","-30.6","","73","","0.0","","25","","21","","16.1","","98.68","","","","-40","","NA"
"-101.09","53.97","THE PAS A","5052882","2023-01-30 02:00","2023","01","30","02:00","-27.6","","-30.9","","74","","0.0","","25","","13","","16.1","","98.67","","","","-38","","NA"
"-101.09","53.97","THE PAS A","5052882","2023-01-30 03:00","2023","01","30","03:00","-27.4","","-30.6","","75","","0.0","","22","","5","","16.1","","98.60","","","","-33","","NA"
"-101.09","53.97","THE PAS A","5052882","2023-01-30 04:00","2023","01","30","04:00","-28.7","","-31.7","","76","","0.0","","16","","5","","16.1","","98.52","","","","-34","","NA"
"-101.09","53.97","THE PAS A","5052882","2023-01-30 05:00","2023","01","30","05:00","-29.6","","-32.7","","75","","0.0","","18","","8","","16.1","","98.46","","","","-38","","NA"
"-101.09","53.97","THE PAS A","5052882","2023-01-30 06:00","2023","01","30","06:00","-30.0","","-33.1","","75","","0.0","","19","","8","","16.1","","98.42","","","","-38","","NA"
"-101.09","53.97","THE PAS A","5052882","2023-01-30 07:00","2023","01","30","07:00","-30.8","","-33.9","","75","","0.0","","21","","8","","16.1","","98.38","","","","-39","","NA"
"-101.09","53.97","THE PAS A","5052882","2023-01-30 08:00","2023","01","30","08:00","-29.4","","-32.2","","77","","0.0","","25","","13","","16.1","","98.33","","","","-40","","NA"
"-101.09","53.97","THE PAS A","5052882","2023-01-30 09:00","2023","01","30","09:00","-27.8","","-30.7","","77","","0.0","","26","","13","","16.1","","98.29","","","","-38","","NA"
"-101.09","53.97","THE PAS A","5052882","2023-01-30 10:00","2023","01","30","10:00","-24.7","","-27.8","","76","","0.0","","27","","18","","16.1","","98.29","","","","-36","","NA"
"-101.09","53.97","THE PAS A","5052882","2023-01-30 11:00","2023","01","30","11:00","-23.2","","-26.8","","73","","0.0","","28","","21","","16.1","","98.31","","","","-35","","NA"
"-101.09","53.97","THE PAS A","5052882","2023-01-30 12:00","2023","01","30","12:00","-22.3","","-26.2","","71","","0.0","","28","","22","","16.1","","98.30","","","","-34","","NA"
"-101.09","53.97","THE PAS A","5052882","2023-01-30 13:00","2023","01","30","13:00","-21.2","","-25.8","","67","","0.0","","28","","21","","16.1","","98.24","","","","-32","","NA"
"-101.09","53.97","THE PAS A","5052882","2023-01-30 14:00","2023","01","30","14:00","-20.8","","-25.4","","67","","0.0","","28","","26","","16.1","","98.19","","","","-33","","Snow"
"-101.09","53.97","THE PAS A","5052882","2023-01-30 15:00","2023","01","30","15:00","-20.1","","-25.1","","65","","0.0","","28","","21","","16.1","","98.18","","","","-31","","Snow"
"-101.09","53.97","THE PAS A","5052882","2023-01-30 16:00","2023","01","30","16:00","-19.9","","-25.1","","64","","0.0","","29","","24","","16.1","","98.18","","","","-31","","Snow"
"-101.09","53.97","THE PAS A","5052882","2023-01-30 17:00","2023","01","30","17:00","-20.3","","-25.3","","65","","0.0","","27","","18","","16.1","","98.19","","","","-30","","NA"
"-101.09","53.97","THE PAS A","5052882","2023-01-30 18:00","2023","01","30","18:00","-21.4","","-25.7","","69","","0.0","","26","","13","","16.1","","98.21","","","","-30","","NA"
"-101.09","53.97","THE PAS A","5052882","2023-01-30 19:00","2023","01","30","19:00","-21.3","","-25.7","","68","","0.0","","28","","17","","16.1","","98.19","","","","-31","","NA"
"-101.09","53.97","THE PAS A","5052882","2023-01-30 20:00","2023","01","30","20:00","-21.8","","-25.9","","70","","0.0","","27","","15","","16.1","","98.19","","","","-31","","NA"
"-101.09","53.97","THE PAS A","5052882","2023-01-30 21:00","2023","01","30","21:00","-24.3","","-27.6","","75","","0.0","","24","","9","","16.1","","98.19","","","","-32","","NA"
"-101.09","53.97","THE PAS A","5052882","2023-01-30 22:00","2023","01","30","22:00","-25.2","","-28.1","","77","","0.0","","25","","17","","16.1","","98.18","","","","-36","","NA"
"-101.09","53.97","THE PAS A","5052882","2023-01-30 23:00","2023","01","30","23:00","-23.8","","-26.9","","76","","0.0","","27","","15","","16.1","","98.18","","","","-34","","NA"
"-101.09","53.97","THE PAS A","5052882","2023-01-31 00:00","2023","01","31","00:00","-24.1","","-27.2","","76","","0.0","","29","","15","","16.1","","98.16","","","","-34","","NA"
"-101.09","53.97","THE PAS A","5052882","2023-01-31 01:00","2023","01","31","01:00","-24.8","","-27.7","","77","","0.0","","25","","15","","16.1","","98.21","","","","-35","","NA"
"-101.09","53.97","THE PAS A","5052882","2023-01-31 02:00","2023","01","31","02:00","-26.7","","-29.3","","79","","0.0","","25","","15","","16.1","","98.21","","","","-37","","NA"
"-101.09","53.97","THE PAS A","5052882","2023-01-31 03:00","2023","01","31","03:00","-25.7","","-28.6","","77","","0.0","","26","","15","","16.1","","98.24","","","","-36","","NA"
"-101.09","53.97","THE PAS A","5052882","2023-01-31 04:00","2023","01","31","04:00","-28.3","","-31.0","","78","","0.0","","25","","5","","16.1","","98.27","","","","-34","","NA"
"-101.09","53.97","THE PAS A","5052882","2023-01-31 05:00","2023","01","31","05:00","-28.2","","-30.9","","78","","0.0","","26","","5","","16.1","","98.29","","","","-34","","NA"
"-101.09","53.97","THE PAS A","5052882","2023-01-31 06:00","2023","01","31","06:00","-26.9","","-29.7","","78","","0.0","","30","","9","","16.1","","98.25","","","","-35","","NA"
"-101.09","53.97","THE PAS A","5052882","2023-01-31 07:00","2023","01","31","07:00","-29.9","","-32.7","","77","","0.0","","32","","8","","16.1","","98.30","","","","-38","","NA"
"-101.09","53.97","THE PAS A","5052882","2023-01-31 08:00","2023","01","31","08:00","-30.8","","-33.6","","77","","0.0","","32","","8","","9.7","","98.32","","","","-39","","Fog"
"-101.09","53.97","THE PAS A","5052882","2023-01-31 09:00","2023","01","31","09:00","-30.1","","-32.9","","77","","0.0","","33","","5","","16.1","","98.35","","","","-36","","NA"
"-101.09","53.97","THE PAS A","5052882","2023-01-31 10:00","2023","01","31","10:00","-28.7","","-31.6","","77","","0.0","","31","","4","","16.1","","98.41","","","","-33","","NA"
"-101.09","53.97","THE PAS A","5052882","2023-01-31 11:00","2023","01","31","11:00","-27.4","","-30.4","","76","","0.0","","33","","5","","16.1","","98.45","","","","-33","","NA"
"-101.09","53.97","THE PAS A","5052882","2023-01-31 12:00","2023","01","31","12:00","-26.7","","-29.7","","76","","0.0","","31","","5","","16.1","","98.47","","","","-32","","NA"
"-101.09","53.97","THE PAS A","5052882","2023-01-31 13:00","2023","01","31","13:00","-24.8","","-28.0","","75","","0.0","","33","","4","","16.1","","98.43","","","","-29","","NA"
"-101.09","53.97","THE PAS A","5052882","2023-01-31 14:00","2023","01","31","14:00","-23.5","","-27.4","","71","","0.0","","","M","4","","16.1","","98.36","","","","-27","","NA"
"-101.09","53.97","THE PAS A","5052882","2023-01-31 15:00","2023","01","31","15:00","-23.3","","-28.2","","65","","0.0","","29","","9","","16.1","","98.37","","","","-31","","NA"
"-101.09","53.97","THE PAS A","5052882","2023-01-31 16:00","2023","01","31","16:00","-23.2","","-27.9","","66","","0.0","","30","","8","","16.1","","98.37","","","","-30","","NA"
"-101.09","53.97","THE PAS A","5052882","2023-01-31 17:00","2023","01","31","17:00","-24.2","","-28.5","","68","","0.0","","26","","9","","16.1","","98.39","","","","-32","","NA"
"-101.09","53.97","THE PAS A","5052882","2023-01-31 18:00","2023","01","31","18:00","-25.7","","-28.9","","75","","0.0","","","","0","","16.1","","98.41","","","","","","NA"
"-101.09","53.97","THE PAS A","5052882","2023-01-31 19:00","2023","01","31","19:00","-28.7","","-31.7","","76","","0.0","","","","0","","16.1","","98.39","","","","","","NA"
"-101.09","53.97","THE PAS A","5052882","2023-01-31 20:00","2023","01","31","20:00","-30.6","","-33.6","","76","","0.0","","","","0","","16.1","","98.38","","","","","","NA"
"-101.09","53.97","THE PAS A","5052882","2023-01-31 21:00","2023","01","31","21:00","-31.6","","-34.7","","75","","0.0","","","","0","","16.1","","98.35","","","","","","NA"
"-101.09","53.97","THE PAS A","5052882","2023-01-31 22:00","2023","01","31","22:00","-32.8","","-35.8","","75","","0.0","","","","0","","16.1","","98.35","","","","","","NA"
"-101.09","53.97","THE PAS A","5052882","2023-01-31 23:00","2023","01","31","23:00","-33.1","","-36.3","","74","","0.0","","","","0","","16.1","","98.35","","","","","","NA"
