"Longitude (x)","Latitude (y)","Station Name","Climate ID","Date/Time (LST)","Year","Month","Day","Time (LST)","Temp (°C)","Temp Flag","Dew Point Temp (°C)","Dew Point Temp Flag","Rel Hum (%)","Rel Hum Flag","Precip. Amount (mm)","Precip. Amount Flag","Wind Dir (10s deg)","Wind Dir Flag","Wind Spd (km/h)","Wind Spd Flag","Visibility (km)","Visibility Flag","Stn Press (kPa)","Stn Press Flag","Hmdx","Hmdx Flag","Wind Chill","Wind Chill Flag","Weather"
"-113.54","54.82","ISLAND LAKE SOUTH","3063600","2023-01-01 00:00","2023","01","01","00:00","-13.1","","-14.6","","88","","0.0","","","","","M","","","93.30","","","","","","NA"
"-113.54","54.82","ISLAND LAKE SOUTH","3063600","2023-01-01 01:00","2023","01","01","01:00","-13.5","","-15.1","","87","","0.0","","","","","M","","","93.31","","","","","","NA"
"-113.54","54.82","ISLAND LAKE SOUTH","3063600","2023-01-01 02:00","2023","01","01","02:00","-13.7","","-15.3","","87","","0.0","","","","","M","","","93.37","","","","","","NA"
"-113.54","54.82","ISLAND LAKE SOUTH","3063600","2023-01-01 03:00","2023","01","01","03:00","-13.6","","-15.3","","87","","0.0","","","","","M","","","93.41","","","","","","NA"
"-113.54","54.82","ISLAND LAKE SOUTH","3063600","2023-01-01 04:00","2023","01","01","04:00","-14.2","","-16.0","","86","","0.0","","","","","M","","","93.45","","","","","","NA"
"-113.54","54.82","ISLAND LAKE SOUTH","3063600","2023-01-01 05:00","2023","01","01","05:00","-17.4","","-19.5","","83","","0.0","","","","","M","","","93.49","","","","","","NA"
"-113.54","54.82","ISLAND LAKE SOUTH","3063600","2023-01-01 06:00","2023","01","01","06:00","-11.3","","-12.6","","90","","0.0","","","","","M","","","93.53","","","","","","NA"
"-113.54","54.82","ISLAND LAKE SOUTH","3063600","2023-01-01 07:00","2023","01","01","07:00","-17.4","","-19.4","","84","","0.0","","","","","M","","","93.57","","","","","","NA"
"-113.54","54.82","ISLAND LAKE SOUTH","3063600","2023-01-01 08:00","2023","01","01","08:00","-18.2","","-20.3","","84","","0.0","","","","","M","","","93.59","","","","","","NA"
"-113.54","54.82","ISLAND LAKE SOUTH","3063600","2023-01-01 09:00","2023","01","01","09:00","-15.2","","-16.9","","87","","0.0","","","","","M","","","93.65","","","","","","NA"
"-113.54","54.82","ISLAND LAKE SOUTH","3063600","2023-01-01 10:00","2023","01","01","10:00","-15.4","","-17.3","","85","","0.0","","","","","M","","","93.70","","","","","","NA"
"-113.54","54.82","ISLAND LAKE SOUTH","3063600","2023-01-01 11:00","2023","01","01","11:00","-13.3","","-15.0","","87","","0.0","","","","","M","","","93.70","","","","","","NA"
"-113.54","54.82","ISLAND LAKE SOUTH","3063600","2023-01-01 12:00","2023","01","01","12:00","-10.6","","-12.2","","88","","0.0","","","","","M","","","93.69","","","","","","NA"
"-113.54","54.82","ISLAND LAKE SOUTH","3063600","2023-01-01 13:00","2023","01","01","13:00","-7.0","","-8.0","","93","","0.0","","13","","1","","","","93.69","","","","-8","","NA"
"-113.54","54.82","ISLAND LAKE SOUTH","3063600","2023-01-01 14:00","2023","01","01","14:00","-6.4","","-7.3","","93","","0.0","","20","","4","","","","93.66","","","","-8","","NA"
"-113.54","54.82","ISLAND LAKE SOUTH","3063600","2023-01-01 15:00","2023","01","01","15:00","-4.9","","-5.7","","94","","0.0","","15","","2","","","","93.67","","","","-6","","NA"
"-113.54","54.82","ISLAND LAKE SOUTH","3063600","2023-01-01 16:00","2023","01","01","16:00","-6.3","","-7.0","","95","","0.0","","17","","7","","","","93.66","","","","-10","","NA"
"-113.54","54.82","ISLAND LAKE SOUTH","3063600","2023-01-01 17:00","2023","01","01","17:00","-7.8","","-8.8","","93","","0.0","","11","","4","","","","93.69","","","","-10","","NA"
"-113.54","54.82","ISLAND LAKE SOUTH","3063600","2023-01-01 18:00","2023","01","01","18:00","-8.6","","-9.7","","92","","0.0","","0","","1","","","","93.66","","","","-9","","NA"
"-113.54","54.82","ISLAND LAKE SOUTH","3063600","2023-01-01 19:00","2023","01","01","19:00","-8.4","","-9.3","","93","","0.0","","15","","4","","","","93.65","","","","-11","","NA"
"-113.54","54.82","ISLAND LAKE SOUTH","3063600","2023-01-01 20:00","2023","01","01","20:00","-9.4","","-10.6","","91","","0.0","","11","","4","","","","93.63","","","","-12","","NA"
"-113.54","54.82","ISLAND LAKE SOUTH","3063600","2023-01-01 21:00","2023","01","01","21:00","-8.4","","-9.3","","93","","0.0","","10","","4","","","","93.64","","","","-11","","NA"
"-113.54","54.82","ISLAND LAKE SOUTH","3063600","2023-01-01 22:00","2023","01","01","22:00","-9.0","","-10.1","","91","","0.0","","15","","3","","","","93.61","","","","-11","","NA"
"-113.54","54.82","ISLAND LAKE SOUTH","3063600","2023-01-01 23:00","2023","01","01","23:00","-8.1","","-9.1","","93","","0.0","","14","","5","","","","93.59","","","","-11","","NA"
"-113.54","54.82","ISLAND LAKE SOUTH","3063600","2023-01-02 00:00","2023","01","02","00:00","-10.6","","-12.0","","89","","0.0","","","","0","","","","93.60","","","","","","NA"
"-113.54","54.82","ISLAND LAKE SOUTH","3063600","2023-01-02 01:00","2023","01","02","01:00","-8.9","","-9.8","","93","","0.0","","12","","5","","","","93.58","","","","-12","","NA"
"-113.54","54.82","ISLAND LAKE SOUTH","3063600","2023-01-02 02:00","2023","01","02","02:00","-9.5","","-10.8","","90","","0.0","","14","","5","","","","93.59","","","","-12","","NA"
"-113.54","54.82","ISLAND LAKE SOUTH","3063600","2023-01-02 03:00","2023","01","02","03:00","-12.8","","-14.4","","87","","0.0","","","","0","","","","93.55","","","","","","NA"
"-113.54","54.82","ISLAND LAKE SOUTH","3063600","2023-01-02 04:00","2023","01","02","04:00","-11.2","","-12.5","","90","","0.0","","15","","2","","","","93.53","","","","-12","","NA"
"-113.54","54.82","ISLAND LAKE SOUTH","3063600","2023-01-02 05:00","2023","01","02","05:00","-9.7","","-10.8","","91","","0.0","","17","","5","","","","93.49","","","","-13","","NA"
"-113.54","54.82","ISLAND LAKE SOUTH","3063600","2023-01-02 06:00","2023","01","02","06:00","-9.4","","-10.5","","92","","0.0","","8","","3","","","","93.47","","","","-11","","NA"
"-113.54","54.82","ISLAND LAKE SOUTH","3063600","2023-01-02 07:00","2023","01","02","07:00","-10.8","","-12.1","","90","","0.0","","8","","4","","","","93.44","","","","-13","","NA"
"-113.54","54.82","ISLAND LAKE SOUTH","3063600","2023-01-02 08:00","2023","01","02","08:00","-10.1","","-11.2","","92","","0.0","","10","","4","","","","93.40","","","","-12","","NA"
"-113.54","54.82","ISLAND LAKE SOUTH","3063600","2023-01-02 09:00","2023","01","02","09:00","-8.8","","-9.8","","92","","0.0","","9","","4","","","","93.39","","","","-11","","NA"
"-113.54","54.82","ISLAND LAKE SOUTH","3063600","2023-01-02 10:00","2023","01","02","10:00","-7.6","","-8.6","","92","","0.0","","11","","3","","","","93.36","","","","-9","","NA"
"-113.54","54.82","ISLAND LAKE SOUTH","3063600","2023-01-02 11:00","2023","01","02","11:00","-5.8","","-6.6","","94","","0.0","","20","","5","","","","93.33","","","","-8","","NA"
"-113.54","54.82","ISLAND LAKE SOUTH","3063600","2023-01-02 12:00","2023","01","02","12:00","-4.1","","-4.9","","94","","0.0","","8","","4","","","","93.30","","","","-6","","NA"
"-113.54","54.82","ISLAND LAKE SOUTH","3063600","2023-01-02 13:00","2023","01","02","13:00","-1.4","","-1.9","","97","","0.0","","6","","2","","","","93.28","","","","-2","","NA"
"-113.54","54.82","ISLAND LAKE SOUTH","3063600","2023-01-02 14:00","2023","01","02","14:00","-0.2","","-1.4","","91","","0.0","","9","","3","","","","93.28","","","","-1","","NA"
"-113.54","54.82","ISLAND LAKE SOUTH","3063600","2023-01-02 15:00","2023","01","02","15:00","-0.9","","-5.7","","70","","0.0","","11","","5","","","","93.25","","","","-3","","NA"
"-113.54","54.82","ISLAND LAKE SOUTH","3063600","2023-01-02 16:00","2023","01","02","16:00","-4.3","","-7.5","","78","","0.0","","10","","8","","","","93.25","","","","-8","","NA"
"-113.54","54.82","ISLAND LAKE SOUTH","3063600","2023-01-02 17:00","2023","01","02","17:00","-4.8","","-6.5","","87","","0.0","","9","","7","","","","93.22","","","","-8","","NA"
"-113.54","54.82","ISLAND LAKE SOUTH","3063600","2023-01-02 18:00","2023","01","02","18:00","-5.5","","-6.8","","91","","0.0","","5","","6","","","","93.19","","","","-8","","NA"
"-113.54","54.82","ISLAND LAKE SOUTH","3063600","2023-01-02 19:00","2023","01","02","19:00","-6.4","","-7.8","","90","","0.0","","5","","5","","","","93.15","","","","-9","","NA"
"-113.54","54.82","ISLAND LAKE SOUTH","3063600","2023-01-02 20:00","2023","01","02","20:00","-9.3","","-11.0","","87","","0.0","","4","","3","","","","93.12","","","","-11","","NA"
"-113.54","54.82","ISLAND LAKE SOUTH","3063600","2023-01-02 21:00","2023","01","02","21:00","-10.6","","-11.7","","91","","0.0","","2","","3","","","","93.15","","","","-12","","NA"
"-113.54","54.82","ISLAND LAKE SOUTH","3063600","2023-01-02 22:00","2023","01","02","22:00","-11.7","","-13.1","","90","","0.0","","36","","2","","","","93.14","","","","-13","","NA"
"-113.54","54.82","ISLAND LAKE SOUTH","3063600","2023-01-02 23:00","2023","01","02","23:00","-11.8","","-13.2","","90","","0.0","","11","","3","","","","93.12","","","","-14","","NA"
"-113.54","54.82","ISLAND LAKE SOUTH","3063600","2023-01-03 00:00","2023","01","03","00:00","-12.1","","-13.4","","90","","0.0","","0","","1","","","","93.10","","","","-13","","NA"
"-113.54","54.82","ISLAND LAKE SOUTH","3063600","2023-01-03 01:00","2023","01","03","01:00","-13.7","","-15.5","","86","","0.0","","0","","1","","","","93.06","","","","-14","","NA"
"-113.54","54.82","ISLAND LAKE SOUTH","3063600","2023-01-03 02:00","2023","01","03","02:00","-14.2","","-16.0","","87","","0.0","","35","","1","","","","93.04","","","","-15","","NA"
"-113.54","54.82","ISLAND LAKE SOUTH","3063600","2023-01-03 03:00","2023","01","03","03:00","-15.6","","-17.1","","88","","0.0","","29","","2","","","","93.06","","","","-17","","NA"
"-113.54","54.82","ISLAND LAKE SOUTH","3063600","2023-01-03 04:00","2023","01","03","04:00","-15.3","","-17.4","","84","","0.0","","29","","3","","","","93.02","","","","-17","","NA"
"-113.54","54.82","ISLAND LAKE SOUTH","3063600","2023-01-03 05:00","2023","01","03","05:00","-15.3","","-16.6","","90","","0.0","","","","0","","","","93.00","","","","","","NA"
"-113.54","54.82","ISLAND LAKE SOUTH","3063600","2023-01-03 06:00","2023","01","03","06:00","-16.4","","-18.0","","87","","0.0","","","","0","","","","92.98","","","","","","NA"
"-113.54","54.82","ISLAND LAKE SOUTH","3063600","2023-01-03 07:00","2023","01","03","07:00","-17.5","","-19.3","","86","","0.0","","","","0","","","","92.94","","","","","","NA"
"-113.54","54.82","ISLAND LAKE SOUTH","3063600","2023-01-03 08:00","2023","01","03","08:00","-18.0","","-19.8","","86","","0.0","","0","","1","","","","92.96","","","","-19","","NA"
"-113.54","54.82","ISLAND LAKE SOUTH","3063600","2023-01-03 09:00","2023","01","03","09:00","-19.4","","-21.6","","83","","0.0","","33","","1","","","","92.99","","","","-20","","NA"
"-113.54","54.82","ISLAND LAKE SOUTH","3063600","2023-01-03 10:00","2023","01","03","10:00","-16.8","","-19.1","","83","","0.0","","9","","3","","","","93.03","","","","-19","","NA"
"-113.54","54.82","ISLAND LAKE SOUTH","3063600","2023-01-03 11:00","2023","01","03","11:00","-14.6","","-16.6","","84","","0.0","","","","0","","","","93.03","","","","","","NA"
"-113.54","54.82","ISLAND LAKE SOUTH","3063600","2023-01-03 12:00","2023","01","03","12:00","-14.8","","-17.3","","81","","0.0","","23","","2","","","","93.04","","","","-16","","NA"
"-113.54","54.82","ISLAND LAKE SOUTH","3063600","2023-01-03 13:00","2023","01","03","13:00","-13.9","","-16.3","","82","","0.0","","27","","2","","","","93.03","","","","-15","","NA"
"-113.54","54.82","ISLAND LAKE SOUTH","3063600","2023-01-03 14:00","2023","01","03","14:00","-11.0","","-13.8","","80","","0.0","","","","0","","","","93.03","","","","","","NA"
"-113.54","54.82","ISLAND LAKE SOUTH","3063600","2023-01-03 15:00","2023","01","03","15:00","-12.5","","-15.5","","78","","0.0","","19","","5","","","","93.06","","","","-16","","NA"
"-113.54","54.82","ISLAND LAKE SOUTH","3063600","2023-01-03 16:00","2023","01","03","16:00","-13.1","","-15.3","","83","","0.0","","12","","1","","","","93.11","","","","-14","","NA"
"-113.54","54.82","ISLAND LAKE SOUTH","3063600","2023-01-03 17:00","2023","01","03","17:00","-15.0","","-16.8","","86","","0.0","","23","","2","","","","93.16","","","","-16","","NA"
"-113.54","54.82","ISLAND LAKE SOUTH","3063600","2023-01-03 18:00","2023","01","03","18:00","-15.2","","-17.0","","86","","0.0","","14","","3","","","","93.18","","","","-17","","NA"
"-113.54","54.82","ISLAND LAKE SOUTH","3063600","2023-01-03 19:00","2023","01","03","19:00","-16.0","","-17.9","","85","","0.0","","23","","4","","","","93.19","","","","-19","","NA"
"-113.54","54.82","ISLAND LAKE SOUTH","3063600","2023-01-03 20:00","2023","01","03","20:00","-15.9","","-17.7","","86","","0.0","","18","","2","","","","93.19","","","","-17","","NA"
"-113.54","54.82","ISLAND LAKE SOUTH","3063600","2023-01-03 21:00","2023","01","03","21:00","-16.4","","-18.4","","85","","0.0","","19","","3","","","","93.24","","","","-19","","NA"
"-113.54","54.82","ISLAND LAKE SOUTH","3063600","2023-01-03 22:00","2023","01","03","22:00","-16.5","","-18.2","","87","","0.0","","21","","2","","","","93.28","","","","-18","","NA"
"-113.54","54.82","ISLAND LAKE SOUTH","3063600","2023-01-03 23:00","2023","01","03","23:00","-15.6","","-17.2","","87","","0.0","","18","","4","","","","93.35","","","","-19","","NA"
"-113.54","54.82","ISLAND LAKE SOUTH","3063600","2023-01-04 00:00","2023","01","04","00:00","-15.1","","-16.5","","90","","0.0","","20","","8","","","","93.40","","","","-20","","NA"
"-113.54","54.82","ISLAND LAKE SOUTH","3063600","2023-01-04 01:00","2023","01","04","01:00","-13.6","","-15.2","","87","","0.0","","23","","6","","","","93.45","","","","-18","","NA"
"-113.54","54.82","ISLAND LAKE SOUTH","3063600","2023-01-04 02:00","2023","01","04","02:00","-14.0","","-15.5","","89","","0.0","","22","","6","","","","93.48","","","","-18","","NA"
"-113.54","54.82","ISLAND LAKE SOUTH","3063600","2023-01-04 03:00","2023","01","04","03:00","-15.3","","-17.3","","85","","0.0","","16","","4","","","","93.53","","","","-18","","NA"
"-113.54","54.82","ISLAND LAKE SOUTH","3063600","2023-01-04 04:00","2023","01","04","04:00","-12.4","","-13.6","","91","","0.0","","21","","8","","","","93.56","","","","-17","","NA"
"-113.54","54.82","ISLAND LAKE SOUTH","3063600","2023-01-04 05:00","2023","01","04","05:00","-10.6","","-12.3","","88","","0.0","","24","","10","","","","93.60","","","","-16","","NA"
"-113.54","54.82","ISLAND LAKE SOUTH","3063600","2023-01-04 06:00","2023","01","04","06:00","-12.3","","-14.0","","87","","0.0","","21","","10","","","","93.65","","","","-18","","NA"
"-113.54","54.82","ISLAND LAKE SOUTH","3063600","2023-01-04 07:00","2023","01","04","07:00","-12.3","","-14.0","","87","","0.0","","23","","4","","","","93.71","","","","-15","","NA"
"-113.54","54.82","ISLAND LAKE SOUTH","3063600","2023-01-04 08:00","2023","01","04","08:00","-12.4","","-13.7","","90","","0.0","","20","","11","","","","93.74","","","","-18","","NA"
"-113.54","54.82","ISLAND LAKE SOUTH","3063600","2023-01-04 09:00","2023","01","04","09:00","-14.1","","-15.7","","88","","0.0","","19","","6","","","","93.80","","","","-18","","NA"
"-113.54","54.82","ISLAND LAKE SOUTH","3063600","2023-01-04 10:00","2023","01","04","10:00","-11.3","","-13.1","","87","","0.0","","23","","5","","","","93.86","","","","-14","","NA"
"-113.54","54.82","ISLAND LAKE SOUTH","3063600","2023-01-04 11:00","2023","01","04","11:00","-10.2","","-13.0","","79","","0.0","","17","","7","","","","93.90","","","","-14","","NA"
"-113.54","54.82","ISLAND LAKE SOUTH","3063600","2023-01-04 12:00","2023","01","04","12:00","-8.3","","-10.7","","83","","0.0","","11","","4","","","","93.91","","","","-10","","NA"
"-113.54","54.82","ISLAND LAKE SOUTH","3063600","2023-01-04 13:00","2023","01","04","13:00","-6.0","","-9.2","","78","","0.0","","9","","3","","","","93.90","","","","-7","","NA"
"-113.54","54.82","ISLAND LAKE SOUTH","3063600","2023-01-04 14:00","2023","01","04","14:00","-4.2","","-8.2","","74","","0.0","","12","","3","","","","93.93","","","","-5","","NA"
"-113.54","54.82","ISLAND LAKE SOUTH","3063600","2023-01-04 15:00","2023","01","04","15:00","-5.1","","-9.0","","74","","0.0","","18","","4","","","","93.97","","","","-7","","NA"
"-113.54","54.82","ISLAND LAKE SOUTH","3063600","2023-01-04 16:00","2023","01","04","16:00","-5.6","","-7.8","","84","","0.0","","19","","6","","","","94.01","","","","-8","","NA"
"-113.54","54.82","ISLAND LAKE SOUTH","3063600","2023-01-04 17:00","2023","01","04","17:00","-7.9","","-9.5","","89","","0.0","","21","","6","","","","94.03","","","","-11","","NA"
"-113.54","54.82","ISLAND LAKE SOUTH","3063600","2023-01-04 18:00","2023","01","04","18:00","-8.2","","-8.7","","96","","0.0","","","","0","","","","94.07","","","","","","NA"
"-113.54","54.82","ISLAND LAKE SOUTH","3063600","2023-01-04 19:00","2023","01","04","19:00","-9.3","","-9.8","","96","","0.0","","16","","5","","","","94.08","","","","-12","","NA"
"-113.54","54.82","ISLAND LAKE SOUTH","3063600","2023-01-04 20:00","2023","01","04","20:00","-10.8","","-11.7","","93","","0.0","","18","","5","","","","94.10","","","","-14","","NA"
"-113.54","54.82","ISLAND LAKE SOUTH","3063600","2023-01-04 21:00","2023","01","04","21:00","-11.8","","-12.8","","92","","0.0","","","","0","","","","94.07","","","","","","NA"
"-113.54","54.82","ISLAND LAKE SOUTH","3063600","2023-01-04 22:00","2023","01","04","22:00","-13.2","","-14.7","","89","","0.0","","16","","3","","","","94.07","","","","-15","","NA"
"-113.54","54.82","ISLAND LAKE SOUTH","3063600","2023-01-04 23:00","2023","01","04","23:00","-14.4","","-15.7","","89","","0.0","","","","0","","","","94.10","","","","","","NA"
"-113.54","54.82","ISLAND LAKE SOUTH","3063600","2023-01-05 00:00","2023","01","05","00:00","-16.0","","-17.6","","87","","0.0","","","","0","","","","94.14","","","","","","NA"
"-113.54","54.82","ISLAND LAKE SOUTH","3063600","2023-01-05 01:00","2023","01","05","01:00","-16.5","","-18.0","","88","","0.0","","24","","2","","","","94.12","","","","-18","","NA"
"-113.54","54.82","ISLAND LAKE SOUTH","3063600","2023-01-05 02:00","2023","01","05","02:00","-17.9","","-20.1","","83","","0.0","","","","0","","","","94.12","","","","","","NA"
"-113.54","54.82","ISLAND LAKE SOUTH","3063600","2023-01-05 03:00","2023","01","05","03:00","-18.7","","-20.7","","85","","0.0","","0","","1","","","","94.12","","","","-20","","NA"
"-113.54","54.82","ISLAND LAKE SOUTH","3063600","2023-01-05 04:00","2023","01","05","04:00","-19.5","","-21.6","","84","","0.0","","","","0","","","","94.10","","","","","","NA"
"-113.54","54.82","ISLAND LAKE SOUTH","3063600","2023-01-05 05:00","2023","01","05","05:00","-19.2","","-21.4","","83","","0.0","","","","0","","","","94.08","","","","","","NA"
"-113.54","54.82","ISLAND LAKE SOUTH","3063600","2023-01-05 06:00","2023","01","05","06:00","-20.4","","-22.5","","83","","0.0","","","","0","","","","94.05","","","","","","NA"
"-113.54","54.82","ISLAND LAKE SOUTH","3063600","2023-01-05 07:00","2023","01","05","07:00","-20.6","","-22.8","","82","","0.0","","6","","1","","","","94.03","","","","-21","","NA"
"-113.54","54.82","ISLAND LAKE SOUTH","3063600","2023-01-05 08:00","2023","01","05","08:00","-21.6","","-23.9","","82","","0.0","","","","0","","","","93.99","","","","","","NA"
"-113.54","54.82","ISLAND LAKE SOUTH","3063600","2023-01-05 09:00","2023","01","05","09:00","-23.0","","-25.6","","79","","0.0","","24","","2","","","","93.97","","","","-25","","NA"
"-113.54","54.82","ISLAND LAKE SOUTH","3063600","2023-01-05 10:00","2023","01","05","10:00","-19.7","","-22.0","","82","","0.0","","","","0","","","","93.98","","","","","","NA"
"-113.54","54.82","ISLAND LAKE SOUTH","3063600","2023-01-05 11:00","2023","01","05","11:00","-18.0","","-20.5","","81","","0.0","","0","","1","","","","93.96","","","","-19","","NA"
"-113.54","54.82","ISLAND LAKE SOUTH","3063600","2023-01-05 12:00","2023","01","05","12:00","-16.7","","-19.3","","80","","0.0","","","","0","","","","93.93","","","","","","NA"
"-113.54","54.82","ISLAND LAKE SOUTH","3063600","2023-01-05 13:00","2023","01","05","13:00","-16.4","","-18.6","","83","","0.0","","27","","1","","","","93.86","","","","-17","","NA"
"-113.54","54.82","ISLAND LAKE SOUTH","3063600","2023-01-05 14:00","2023","01","05","14:00","-13.8","","-16.2","","83","","0.0","","25","","2","","","","93.81","","","","-15","","NA"
"-113.54","54.82","ISLAND LAKE SOUTH","3063600","2023-01-05 15:00","2023","01","05","15:00","-11.9","","-14.1","","84","","0.0","","36","","3","","","","93.73","","","","-14","","NA"
"-113.54","54.82","ISLAND LAKE SOUTH","3063600","2023-01-05 16:00","2023","01","05","16:00","-15.1","","-16.8","","86","","0.0","","22","","4","","","","93.72","","","","-18","","NA"
"-113.54","54.82","ISLAND LAKE SOUTH","3063600","2023-01-05 17:00","2023","01","05","17:00","-14.9","","-16.7","","86","","0.0","","1","","4","","","","93.69","","","","-18","","NA"
"-113.54","54.82","ISLAND LAKE SOUTH","3063600","2023-01-05 18:00","2023","01","05","18:00","-15.9","","-17.5","","88","","0.0","","36","","3","","","","93.65","","","","-18","","NA"
"-113.54","54.82","ISLAND LAKE SOUTH","3063600","2023-01-05 19:00","2023","01","05","19:00","-16.3","","-18.1","","86","","0.0","","1","","3","","","","93.60","","","","-19","","NA"
"-113.54","54.82","ISLAND LAKE SOUTH","3063600","2023-01-05 20:00","2023","01","05","20:00","-12.1","","-13.3","","90","","0.0","","5","","9","","","","93.54","","","","-17","","NA"
"-113.54","54.82","ISLAND LAKE SOUTH","3063600","2023-01-05 21:00","2023","01","05","21:00","-11.8","","-13.2","","89","","0.0","","3","","9","","","","93.48","","","","-17","","NA"
"-113.54","54.82","ISLAND LAKE SOUTH","3063600","2023-01-05 22:00","2023","01","05","22:00","-8.4","","-10.8","","82","","0.0","","7","","13","","","","93.39","","","","-14","","NA"
"-113.54","54.82","ISLAND LAKE SOUTH","3063600","2023-01-05 23:00","2023","01","05","23:00","-7.5","","-10.4","","80","","0.0","","7","","12","","","","93.38","","","","-13","","NA"
"-113.54","54.82","ISLAND LAKE SOUTH","3063600","2023-01-06 00:00","2023","01","06","00:00","-8.5","","-10.2","","87","","0.0","","6","","5","","","","93.39","","","","-11","","NA"
"-113.54","54.82","ISLAND LAKE SOUTH","3063600","2023-01-06 01:00","2023","01","06","01:00","-8.6","","-10.6","","85","","0.0","","8","","8","","","","93.37","","","","-13","","NA"
"-113.54","54.82","ISLAND LAKE SOUTH","3063600","2023-01-06 02:00","2023","01","06","02:00","-8.8","","-11.0","","84","","0.0","","7","","6","","","","93.36","","","","-12","","NA"
"-113.54","54.82","ISLAND LAKE SOUTH","3063600","2023-01-06 03:00","2023","01","06","03:00","-9.2","","-11.1","","86","","0.0","","5","","7","","","","93.35","","","","-13","","NA"
"-113.54","54.82","ISLAND LAKE SOUTH","3063600","2023-01-06 04:00","2023","01","06","04:00","-12.1","","-13.9","","86","","0.0","","6","","4","","","","93.33","","","","-15","","NA"
"-113.54","54.82","ISLAND LAKE SOUTH","3063600","2023-01-06 05:00","2023","01","06","05:00","-13.5","","-14.4","","92","","0.0","","","","0","","","","93.36","","","","","","NA"
"-113.54","54.82","ISLAND LAKE SOUTH","3063600","2023-01-06 06:00","2023","01","06","06:00","-14.0","","-15.4","","89","","0.0","","11","","1","","","","93.36","","","","-15","","NA"
"-113.54","54.82","ISLAND LAKE SOUTH","3063600","2023-01-06 07:00","2023","01","06","07:00","-14.5","","-15.8","","90","","0.0","","0","","1","","","","93.35","","","","-15","","NA"
"-113.54","54.82","ISLAND LAKE SOUTH","3063600","2023-01-06 08:00","2023","01","06","08:00","-15.5","","-17.4","","85","","0.0","","","","0","","","","93.34","","","","","","NA"
"-113.54","54.82","ISLAND LAKE SOUTH","3063600","2023-01-06 09:00","2023","01","06","09:00","-16.9","","-18.9","","84","","0.0","","2","","3","","","","93.36","","","","-19","","NA"
"-113.54","54.82","ISLAND LAKE SOUTH","3063600","2023-01-06 10:00","2023","01","06","10:00","-12.1","","-13.6","","89","","0.0","","5","","3","","","","93.39","","","","-14","","NA"
"-113.54","54.82","ISLAND LAKE SOUTH","3063600","2023-01-06 11:00","2023","01","06","11:00","-14.2","","-16.6","","82","","0.0","","3","","1","","","","93.42","","","","-15","","NA"
"-113.54","54.82","ISLAND LAKE SOUTH","3063600","2023-01-06 12:00","2023","01","06","12:00","-11.1","","-14.1","","78","","0.0","","1","","2","","","","93.43","","","","-12","","NA"
"-113.54","54.82","ISLAND LAKE SOUTH","3063600","2023-01-06 13:00","2023","01","06","13:00","-8.6","","-13.1","","70","","0.0","","","","0","","","","93.43","","","","","","NA"
"-113.54","54.82","ISLAND LAKE SOUTH","3063600","2023-01-06 14:00","2023","01","06","14:00","-6.6","","-11.2","","70","","0.0","","11","","3","","","","93.46","","","","-8","","NA"
"-113.54","54.82","ISLAND LAKE SOUTH","3063600","2023-01-06 15:00","2023","01","06","15:00","-9.6","","-12.2","","81","","0.0","","27","","4","","","","93.50","","","","-12","","NA"
"-113.54","54.82","ISLAND LAKE SOUTH","3063600","2023-01-06 16:00","2023","01","06","16:00","-9.8","","-11.7","","86","","0.0","","23","","2","","","","93.58","","","","-11","","NA"
"-113.54","54.82","ISLAND LAKE SOUTH","3063600","2023-01-06 17:00","2023","01","06","17:00","-10.8","","-12.6","","87","","0.0","","14","","3","","","","93.63","","","","-13","","NA"
"-113.54","54.82","ISLAND LAKE SOUTH","3063600","2023-01-06 18:00","2023","01","06","18:00","-10.7","","-12.1","","89","","0.0","","15","","4","","","","93.64","","","","-13","","NA"
"-113.54","54.82","ISLAND LAKE SOUTH","3063600","2023-01-06 19:00","2023","01","06","19:00","-11.0","","-12.3","","90","","0.0","","19","","5","","","","93.66","","","","-14","","NA"
"-113.54","54.82","ISLAND LAKE SOUTH","3063600","2023-01-06 20:00","2023","01","06","20:00","-10.3","","-11.9","","88","","0.0","","17","","4","","","","93.67","","","","-13","","NA"
"-113.54","54.82","ISLAND LAKE SOUTH","3063600","2023-01-06 21:00","2023","01","06","21:00","-10.3","","-11.8","","89","","0.0","","11","","2","","","","93.65","","","","-11","","NA"
"-113.54","54.82","ISLAND LAKE SOUTH","3063600","2023-01-06 22:00","2023","01","06","22:00","-10.5","","-11.7","","91","","0.0","","15","","4","","","","93.65","","","","-13","","NA"
"-113.54","54.82","ISLAND LAKE SOUTH","3063600","2023-01-06 23:00","2023","01","06","23:00","-8.9","","-10.3","","90","","0.0","","13","","5","","","","93.65","","","","-12","","NA"
"-113.54","54.82","ISLAND LAKE SOUTH","3063600","2023-01-07 00:00","2023","01","07","00:00","-8.0","","-9.4","","90","","0.0","","14","","3","","","","93.65","","","","-10","","NA"
"-113.54","54.82","ISLAND LAKE SOUTH","3063600","2023-01-07 01:00","2023","01","07","01:00","-7.8","","-8.1","","97","","0.0","","23","","5","","","","93.65","","","","-10","","NA"
"-113.54","54.82","ISLAND LAKE SOUTH","3063600","2023-01-07 02:00","2023","01","07","02:00","-8.9","","-10.3","","90","","0.0","","19","","2","","","","93.64","","","","-10","","NA"
"-113.54","54.82","ISLAND LAKE SOUTH","3063600","2023-01-07 03:00","2023","01","07","03:00","-6.8","","-8.1","","91","","0.0","","17","","4","","","","93.69","","","","-9","","NA"
"-113.54","54.82","ISLAND LAKE SOUTH","3063600","2023-01-07 04:00","2023","01","07","04:00","-6.1","","-7.9","","87","","0.0","","19","","11","","","","93.70","","","","-11","","NA"
"-113.54","54.82","ISLAND LAKE SOUTH","3063600","2023-01-07 05:00","2023","01","07","05:00","-7.4","","-8.9","","89","","0.0","","18","","6","","","","93.70","","","","-11","","NA"
"-113.54","54.82","ISLAND LAKE SOUTH","3063600","2023-01-07 06:00","2023","01","07","06:00","-7.2","","-8.2","","93","","0.0","","17","","3","","","","93.71","","","","-9","","NA"
"-113.54","54.82","ISLAND LAKE SOUTH","3063600","2023-01-07 07:00","2023","01","07","07:00","-8.3","","-9.1","","94","","0.0","","19","","5","","","","93.70","","","","-11","","NA"
"-113.54","54.82","ISLAND LAKE SOUTH","3063600","2023-01-07 08:00","2023","01","07","08:00","-10.0","","-11.7","","87","","0.0","","0","","1","","","","93.68","","","","-11","","NA"
"-113.54","54.82","ISLAND LAKE SOUTH","3063600","2023-01-07 09:00","2023","01","07","09:00","-9.6","","-10.2","","95","","0.0","","18","","4","","","","93.74","","","","-12","","NA"
"-113.54","54.82","ISLAND LAKE SOUTH","3063600","2023-01-07 10:00","2023","01","07","10:00","-8.1","","-9.9","","87","","0.0","","17","","4","","","","93.80","","","","-10","","NA"
"-113.54","54.82","ISLAND LAKE SOUTH","3063600","2023-01-07 11:00","2023","01","07","11:00","-5.5","","-8.6","","79","","0.0","","11","","3","","","","93.80","","","","-7","","NA"
"-113.54","54.82","ISLAND LAKE SOUTH","3063600","2023-01-07 12:00","2023","01","07","12:00","-3.2","","-7.9","","70","","0.0","","12","","4","","","","93.80","","","","-5","","NA"
"-113.54","54.82","ISLAND LAKE SOUTH","3063600","2023-01-07 13:00","2023","01","07","13:00","-3.5","","-8.0","","71","","0.0","","0","","1","","","","93.77","","","","-4","","NA"
"-113.54","54.82","ISLAND LAKE SOUTH","3063600","2023-01-07 14:00","2023","01","07","14:00","-2.1","","-6.3","","73","","0.0","","11","","2","","","","93.79","","","","-3","","NA"
"-113.54","54.82","ISLAND LAKE SOUTH","3063600","2023-01-07 15:00","2023","01","07","15:00","-3.3","","-6.6","","78","","0.0","","14","","3","","","","93.83","","","","-5","","NA"
"-113.54","54.82","ISLAND LAKE SOUTH","3063600","2023-01-07 16:00","2023","01","07","16:00","-3.4","","-7.2","","75","","0.0","","11","","3","","","","93.84","","","","-5","","NA"
"-113.54","54.82","ISLAND LAKE SOUTH","3063600","2023-01-07 17:00","2023","01","07","17:00","-4.6","","-7.5","","80","","0.0","","11","","4","","","","93.83","","","","-6","","NA"
"-113.54","54.82","ISLAND LAKE SOUTH","3063600","2023-01-07 18:00","2023","01","07","18:00","-5.4","","-7.2","","87","","0.0","","9","","6","","","","93.82","","","","-8","","NA"
"-113.54","54.82","ISLAND LAKE SOUTH","3063600","2023-01-07 19:00","2023","01","07","19:00","-9.2","","-10.6","","90","","0.0","","27","","3","","","","93.82","","","","-11","","NA"
"-113.54","54.82","ISLAND LAKE SOUTH","3063600","2023-01-07 20:00","2023","01","07","20:00","-8.9","","-9.6","","94","","0.0","","","","0","","","","93.80","","","","","","NA"
"-113.54","54.82","ISLAND LAKE SOUTH","3063600","2023-01-07 21:00","2023","01","07","21:00","-10.0","","-11.0","","93","","0.0","","","","0","","","","93.77","","","","","","NA"
"-113.54","54.82","ISLAND LAKE SOUTH","3063600","2023-01-07 22:00","2023","01","07","22:00","-10.6","","-11.5","","94","","0.0","","20","","1","","","","93.75","","","","-11","","NA"
"-113.54","54.82","ISLAND LAKE SOUTH","3063600","2023-01-07 23:00","2023","01","07","23:00","-12.1","","-13.8","","87","","0.0","","31","","3","","","","93.74","","","","-14","","NA"
"-113.54","54.82","ISLAND LAKE SOUTH","3063600","2023-01-08 00:00","2023","01","08","00:00","-13.0","","-14.2","","91","","0.0","","4","","3","","","","93.69","","","","-15","","NA"
"-113.54","54.82","ISLAND LAKE SOUTH","3063600","2023-01-08 01:00","2023","01","08","01:00","-14.4","","-16.0","","88","","0.0","","28","","4","","","","93.65","","","","-17","","NA"
"-113.54","54.82","ISLAND LAKE SOUTH","3063600","2023-01-08 02:00","2023","01","08","02:00","-13.2","","-14.7","","88","","0.0","","","","0","","","","93.62","","","","","","NA"
"-113.54","54.82","ISLAND LAKE SOUTH","3063600","2023-01-08 03:00","2023","01","08","03:00","-12.1","","-13.6","","89","","0.0","","35","","2","","","","93.61","","","","-13","","NA"
"-113.54","54.82","ISLAND LAKE SOUTH","3063600","2023-01-08 04:00","2023","01","08","04:00","-12.3","","-13.8","","88","","0.0","","30","","4","","","","93.54","","","","-15","","NA"
"-113.54","54.82","ISLAND LAKE SOUTH","3063600","2023-01-08 05:00","2023","01","08","05:00","-11.7","","-13.1","","89","","0.0","","5","","1","","","","93.51","","","","-12","","NA"
"-113.54","54.82","ISLAND LAKE SOUTH","3063600","2023-01-08 06:00","2023","01","08","06:00","-10.3","","-11.5","","91","","0.0","","24","","3","","","","93.46","","","","-12","","NA"
"-113.54","54.82","ISLAND LAKE SOUTH","3063600","2023-01-08 07:00","2023","01","08","07:00","-9.7","","-11.0","","90","","0.0","","36","","3","","","","93.40","","","","-11","","NA"
"-113.54","54.82","ISLAND LAKE SOUTH","3063600","2023-01-08 08:00","2023","01","08","08:00","-9.5","","-10.7","","91","","0.0","","13","","1","","","","93.39","","","","-10","","NA"
"-113.54","54.82","ISLAND LAKE SOUTH","3063600","2023-01-08 09:00","2023","01","08","09:00","-9.8","","-11.1","","90","","0.0","","","","0","","","","93.37","","","","","","NA"
"-113.54","54.82","ISLAND LAKE SOUTH","3063600","2023-01-08 10:00","2023","01","08","10:00","-9.8","","-11.3","","89","","0.0","","30","","3","","","","93.30","","","","-12","","NA"
"-113.54","54.82","ISLAND LAKE SOUTH","3063600","2023-01-08 11:00","2023","01","08","11:00","-10.0","","-11.6","","88","","0.0","","19","","5","","","","93.34","","","","-13","","NA"
"-113.54","54.82","ISLAND LAKE SOUTH","3063600","2023-01-08 12:00","2023","01","08","12:00","-8.2","","-9.7","","88","","0.0","","6","","2","","","","93.30","","","","-9","","NA"
"-113.54","54.82","ISLAND LAKE SOUTH","3063600","2023-01-08 13:00","2023","01","08","13:00","-7.1","","-9.2","","85","","0.0","","3","","1","","","","93.23","","","","-8","","NA"
"-113.54","54.82","ISLAND LAKE SOUTH","3063600","2023-01-08 14:00","2023","01","08","14:00","-5.9","","-8.7","","81","","0.0","","2","","4","","","","93.18","","","","-8","","NA"
"-113.54","54.82","ISLAND LAKE SOUTH","3063600","2023-01-08 15:00","2023","01","08","15:00","-4.6","","-9.1","","71","","0.0","","9","","2","","","","93.17","","","","-5","","NA"
"-113.54","54.82","ISLAND LAKE SOUTH","3063600","2023-01-08 16:00","2023","01","08","16:00","-7.8","","-9.6","","87","","0.0","","0","","1","","","","93.18","","","","-8","","NA"
"-113.54","54.82","ISLAND LAKE SOUTH","3063600","2023-01-08 17:00","2023","01","08","17:00","-9.1","","-9.8","","95","","0.0","","26","","1","","","","93.17","","","","-10","","NA"
"-113.54","54.82","ISLAND LAKE SOUTH","3063600","2023-01-08 18:00","2023","01","08","18:00","-12.0","","-13.6","","87","","0.0","","0","","1","","","","93.16","","","","-13","","NA"
"-113.54","54.82","ISLAND LAKE SOUTH","3063600","2023-01-08 19:00","2023","01","08","19:00","-10.5","","-11.0","","96","","0.0","","19","","4","","","","93.18","","","","-13","","NA"
"-113.54","54.82","ISLAND LAKE SOUTH","3063600","2023-01-08 20:00","2023","01","08","20:00","-12.0","","-13.5","","88","","0.0","","0","","1","","","","93.16","","","","-13","","NA"
"-113.54","54.82","ISLAND LAKE SOUTH","3063600","2023-01-08 21:00","2023","01","08","21:00","-12.9","","-14.2","","90","","0.0","","36","","1","","","","93.15","","","","-14","","NA"
"-113.54","54.82","ISLAND LAKE SOUTH","3063600","2023-01-08 22:00","2023","01","08","22:00","-14.2","","-15.6","","89","","0.0","","23","","4","","","","93.14","","","","-17","","NA"
"-113.54","54.82","ISLAND LAKE SOUTH","3063600","2023-01-08 23:00","2023","01","08","23:00","-14.5","","-16.1","","88","","0.0","","1","","2","","","","93.14","","","","-16","","NA"
"-113.54","54.82","ISLAND LAKE SOUTH","3063600","2023-01-09 00:00","2023","01","09","00:00","-15.6","","-17.0","","89","","0.0","","22","","5","","","","93.14","","","","-19","","NA"
"-113.54","54.82","ISLAND LAKE SOUTH","3063600","2023-01-09 01:00","2023","01","09","01:00","-15.4","","-17.0","","87","","0.0","","28","","2","","","","93.12","","","","-17","","NA"
"-113.54","54.82","ISLAND LAKE SOUTH","3063600","2023-01-09 02:00","2023","01","09","02:00","-16.1","","-18.0","","85","","0.0","","31","","2","","","","93.14","","","","-18","","NA"
"-113.54","54.82","ISLAND LAKE SOUTH","3063600","2023-01-09 03:00","2023","01","09","03:00","-17.3","","-19.4","","84","","0.0","","","","0","","","","93.14","","","","","","NA"
"-113.54","54.82","ISLAND LAKE SOUTH","3063600","2023-01-09 04:00","2023","01","09","04:00","-16.2","","-17.7","","88","","0.0","","28","","2","","","","93.17","","","","-18","","NA"
"-113.54","54.82","ISLAND LAKE SOUTH","3063600","2023-01-09 05:00","2023","01","09","05:00","-17.3","","-19.2","","84","","0.0","","0","","1","","","","93.18","","","","-18","","NA"
"-113.54","54.82","ISLAND LAKE SOUTH","3063600","2023-01-09 06:00","2023","01","09","06:00","-17.8","","-20.0","","83","","0.0","","17","","3","","","","93.21","","","","-20","","NA"
"-113.54","54.82","ISLAND LAKE SOUTH","3063600","2023-01-09 07:00","2023","01","09","07:00","-17.7","","-20.0","","82","","0.0","","27","","5","","","","93.22","","","","-22","","NA"
"-113.54","54.82","ISLAND LAKE SOUTH","3063600","2023-01-09 08:00","2023","01","09","08:00","-15.5","","-17.4","","85","","0.0","","29","","5","","","","93.21","","","","-19","","NA"
"-113.54","54.82","ISLAND LAKE SOUTH","3063600","2023-01-09 09:00","2023","01","09","09:00","-16.8","","-18.9","","84","","0.0","","11","","5","","","","93.24","","","","-21","","NA"
"-113.54","54.82","ISLAND LAKE SOUTH","3063600","2023-01-09 10:00","2023","01","09","10:00","-15.2","","-17.0","","86","","0.0","","34","","2","","","","93.23","","","","-17","","NA"
"-113.54","54.82","ISLAND LAKE SOUTH","3063600","2023-01-09 11:00","2023","01","09","11:00","-13.5","","-15.3","","87","","0.0","","34","","1","","","","93.24","","","","-14","","NA"
"-113.54","54.82","ISLAND LAKE SOUTH","3063600","2023-01-09 12:00","2023","01","09","12:00","-12.8","","-14.6","","87","","0.0","","","","0","","","","93.18","","","","","","NA"
"-113.54","54.82","ISLAND LAKE SOUTH","3063600","2023-01-09 13:00","2023","01","09","13:00","-10.9","","-12.6","","87","","0.0","","","","0","","","","93.17","","","","","","NA"
"-113.54","54.82","ISLAND LAKE SOUTH","3063600","2023-01-09 14:00","2023","01","09","14:00","-9.9","","-11.8","","86","","0.0","","2","","3","","","","93.13","","","","-12","","NA"
"-113.54","54.82","ISLAND LAKE SOUTH","3063600","2023-01-09 15:00","2023","01","09","15:00","-9.8","","-11.3","","89","","0.0","","35","","1","","","","93.14","","","","-10","","NA"
"-113.54","54.82","ISLAND LAKE SOUTH","3063600","2023-01-09 16:00","2023","01","09","16:00","-10.5","","-12.2","","88","","0.0","","36","","3","","","","93.16","","","","-12","","NA"
"-113.54","54.82","ISLAND LAKE SOUTH","3063600","2023-01-09 17:00","2023","01","09","17:00","-12.4","","-14.2","","87","","0.0","","28","","3","","","","93.16","","","","-14","","NA"
"-113.54","54.82","ISLAND LAKE SOUTH","3063600","2023-01-09 18:00","2023","01","09","18:00","-12.2","","-13.6","","89","","0.0","","7","","2","","","","93.20","","","","-13","","NA"
"-113.54","54.82","ISLAND LAKE SOUTH","3063600","2023-01-09 19:00","2023","01","09","19:00","-11.5","","-12.8","","90","","0.0","","3","","1","","","","93.21","","","","-12","","NA"
"-113.54","54.82","ISLAND LAKE SOUTH","3063600","2023-01-09 20:00","2023","01","09","20:00","-11.3","","-12.7","","89","","0.0","","35","","1","","","","93.20","","","","-12","","NA"
"-113.54","54.82","ISLAND LAKE SOUTH","3063600","2023-01-09 21:00","2023","01","09","21:00","-11.3","","-12.7","","89","","0.0","","","","0","","","","93.20","","","","","","NA"
"-113.54","54.82","ISLAND LAKE SOUTH","3063600","2023-01-09 22:00","2023","01","09","22:00","-11.1","","-12.4","","90","","0.0","","0","","1","","","","93.21","","","","-12","","NA"
"-113.54","54.82","ISLAND LAKE SOUTH","3063600","2023-01-09 23:00","2023","01","09","23:00","-11.0","","-12.4","","89","","0.0","","10","","5","","","","93.25","","","","-14","","NA"
"-113.54","54.82","ISLAND LAKE SOUTH","3063600","2023-01-10 00:00","2023","01","10","00:00","-11.1","","-12.5","","90","","0.0","","2","","3","","","","93.25","","","","-13","","NA"
"-113.54","54.82","ISLAND LAKE SOUTH","3063600","2023-01-10 01:00","2023","01","10","01:00","-11.1","","-12.5","","89","","0.0","","34","","3","","","","93.21","","","","-13","","NA"
"-113.54","54.82","ISLAND LAKE SOUTH","3063600","2023-01-10 02:00","2023","01","10","02:00","-10.8","","-12.1","","90","","0.0","","1","","2","","","","93.21","","","","-12","","NA"
"-113.54","54.82","ISLAND LAKE SOUTH","3063600","2023-01-10 03:00","2023","01","10","03:00","-10.7","","-12.1","","89","","0.0","","10","","1","","","","93.30","","","","-11","","NA"
"-113.54","54.82","ISLAND LAKE SOUTH","3063600","2023-01-10 04:00","2023","01","10","04:00","-10.7","","-12.1","","89","","0.0","","1","","1","","","","93.34","","","","-11","","NA"
"-113.54","54.82","ISLAND LAKE SOUTH","3063600","2023-01-10 05:00","2023","01","10","05:00","-10.5","","-11.8","","90","","0.0","","35","","3","","","","93.29","","","","-12","","NA"
"-113.54","54.82","ISLAND LAKE SOUTH","3063600","2023-01-10 06:00","2023","01","10","06:00","-10.4","","-11.8","","89","","0.0","","1","","3","","","","93.28","","","","-12","","NA"
"-113.54","54.82","ISLAND LAKE SOUTH","3063600","2023-01-10 07:00","2023","01","10","07:00","-10.3","","-11.6","","90","","0.0","","27","","2","","","","93.34","","","","-11","","NA"
"-113.54","54.82","ISLAND LAKE SOUTH","3063600","2023-01-10 08:00","2023","01","10","08:00","-10.2","","-11.6","","89","","0.0","","1","","4","","","","93.37","","","","-13","","NA"
"-113.54","54.82","ISLAND LAKE SOUTH","3063600","2023-01-10 09:00","2023","01","10","09:00","-10.3","","-11.7","","89","","0.0","","9","","2","","","","93.39","","","","-11","","NA"
"-113.54","54.82","ISLAND LAKE SOUTH","3063600","2023-01-10 10:00","2023","01","10","10:00","-10.3","","-11.8","","89","","0.0","","9","","2","","","","93.43","","","","-11","","NA"
"-113.54","54.82","ISLAND LAKE SOUTH","3063600","2023-01-10 11:00","2023","01","10","11:00","-9.6","","-11.3","","87","","0.0","","","","0","","","","93.48","","","","","","NA"
"-113.54","54.82","ISLAND LAKE SOUTH","3063600","2023-01-10 12:00","2023","01","10","12:00","-9.2","","-10.9","","87","","0.0","","36","","2","","","","93.50","","","","-10","","NA"
"-113.54","54.82","ISLAND LAKE SOUTH","3063600","2023-01-10 13:00","2023","01","10","13:00","-8.6","","-10.6","","86","","0.0","","","","0","","","","93.51","","","","","","NA"
"-113.54","54.82","ISLAND LAKE SOUTH","3063600","2023-01-10 14:00","2023","01","10","14:00","-8.5","","-10.8","","84","","0.0","","2","","3","","","","93.53","","","","-10","","NA"
"-113.54","54.82","ISLAND LAKE SOUTH","3063600","2023-01-10 15:00","2023","01","10","15:00","-8.3","","-10.7","","83","","0.0","","2","","4","","","","93.57","","","","-10","","NA"
"-113.54","54.82","ISLAND LAKE SOUTH","3063600","2023-01-10 16:00","2023","01","10","16:00","-8.2","","-10.1","","86","","0.0","","0","","1","","","","93.63","","","","-9","","NA"
"-113.54","54.82","ISLAND LAKE SOUTH","3063600","2023-01-10 17:00","2023","01","10","17:00","-8.3","","-10.1","","87","","0.0","","2","","1","","","","93.68","","","","-9","","NA"
"-113.54","54.82","ISLAND LAKE SOUTH","3063600","2023-01-10 18:00","2023","01","10","18:00","-8.3","","-10.0","","88","","0.0","","36","","2","","","","93.71","","","","-9","","NA"
"-113.54","54.82","ISLAND LAKE SOUTH","3063600","2023-01-10 19:00","2023","01","10","19:00","-8.0","","-9.6","","88","","0.0","","1","","2","","","","93.74","","","","-9","","NA"
"-113.54","54.82","ISLAND LAKE SOUTH","3063600","2023-01-10 20:00","2023","01","10","20:00","-8.2","","-10.0","","87","","0.0","","3","","6","","","","93.76","","","","-11","","NA"
"-113.54","54.82","ISLAND LAKE SOUTH","3063600","2023-01-10 21:00","2023","01","10","21:00","-8.4","","-9.9","","89","","0.0","","1","","4","","","","93.80","","","","-11","","NA"
"-113.54","54.82","ISLAND LAKE SOUTH","3063600","2023-01-10 22:00","2023","01","10","22:00","-8.6","","-10.0","","90","","0.0","","2","","4","","","","93.83","","","","-11","","NA"
"-113.54","54.82","ISLAND LAKE SOUTH","3063600","2023-01-10 23:00","2023","01","10","23:00","-8.7","","-9.4","","94","","0.0","","","","0","","","","93.89","","","","","","NA"
"-113.54","54.82","ISLAND LAKE SOUTH","3063600","2023-01-11 00:00","2023","01","11","00:00","-8.8","","-10.2","","90","","0.0","","1","","4","","","","93.97","","","","-11","","NA"
"-113.54","54.82","ISLAND LAKE SOUTH","3063600","2023-01-11 01:00","2023","01","11","01:00","-9.1","","-10.4","","90","","0.0","","1","","4","","","","93.96","","","","-11","","NA"
"-113.54","54.82","ISLAND LAKE SOUTH","3063600","2023-01-11 02:00","2023","01","11","02:00","-9.6","","-10.8","","91","","0.0","","36","","2","","","","93.98","","","","-11","","NA"
"-113.54","54.82","ISLAND LAKE SOUTH","3063600","2023-01-11 03:00","2023","01","11","03:00","-9.9","","-11.1","","91","","0.0","","35","","2","","","","94.04","","","","-11","","NA"
"-113.54","54.82","ISLAND LAKE SOUTH","3063600","2023-01-11 04:00","2023","01","11","04:00","-10.5","","-11.7","","91","","0.0","","36","","3","","","","94.09","","","","-12","","NA"
"-113.54","54.82","ISLAND LAKE SOUTH","3063600","2023-01-11 05:00","2023","01","11","05:00","-11.1","","-12.2","","91","","0.0","","1","","7","","","","94.13","","","","-15","","NA"
"-113.54","54.82","ISLAND LAKE SOUTH","3063600","2023-01-11 06:00","2023","01","11","06:00","-11.2","","-11.8","","95","","0.0","","3","","6","","","","94.22","","","","-15","","NA"
"-113.54","54.82","ISLAND LAKE SOUTH","3063600","2023-01-11 07:00","2023","01","11","07:00","-11.3","","-12.1","","94","","0.0","","4","","3","","","","94.25","","","","-13","","NA"
"-113.54","54.82","ISLAND LAKE SOUTH","3063600","2023-01-11 08:00","2023","01","11","08:00","-11.3","","-12.2","","93","","0.0","","4","","1","","","","94.29","","","","-12","","NA"
"-113.54","54.82","ISLAND LAKE SOUTH","3063600","2023-01-11 09:00","2023","01","11","09:00","-11.2","","-12.2","","92","","0.0","","36","","2","","","","94.33","","","","-12","","NA"
"-113.54","54.82","ISLAND LAKE SOUTH","3063600","2023-01-11 10:00","2023","01","11","10:00","-11.0","","-12.0","","92","","0.0","","3","","4","","","","94.38","","","","-13","","NA"
"-113.54","54.82","ISLAND LAKE SOUTH","3063600","2023-01-11 11:00","2023","01","11","11:00","-10.5","","-11.5","","93","","0.0","","7","","3","","","","94.45","","","","-12","","NA"
"-113.54","54.82","ISLAND LAKE SOUTH","3063600","2023-01-11 12:00","2023","01","11","12:00","-10.1","","-11.1","","92","","0.0","","6","","4","","","","94.45","","","","-12","","NA"
"-113.54","54.82","ISLAND LAKE SOUTH","3063600","2023-01-11 13:00","2023","01","11","13:00","-9.6","","-10.6","","92","","0.0","","2","","4","","","","94.45","","","","-12","","NA"
"-113.54","54.82","ISLAND LAKE SOUTH","3063600","2023-01-11 14:00","2023","01","11","14:00","-9.3","","-10.3","","93","","0.0","","4","","4","","","","94.47","","","","-12","","NA"
"-113.54","54.82","ISLAND LAKE SOUTH","3063600","2023-01-11 15:00","2023","01","11","15:00","-9.2","","-10.1","","93","","0.0","","3","","5","","","","94.48","","","","-12","","NA"
"-113.54","54.82","ISLAND LAKE SOUTH","3063600","2023-01-11 16:00","2023","01","11","16:00","-9.1","","-9.9","","94","","0.0","","3","","4","","","","94.51","","","","-11","","NA"
"-113.54","54.82","ISLAND LAKE SOUTH","3063600","2023-01-11 17:00","2023","01","11","17:00","-8.8","","-9.6","","94","","0.0","","6","","4","","","","94.54","","","","-11","","NA"
"-113.54","54.82","ISLAND LAKE SOUTH","3063600","2023-01-11 18:00","2023","01","11","18:00","-8.6","","-9.4","","94","","0.0","","1","","3","","","","94.55","","","","-10","","NA"
"-113.54","54.82","ISLAND LAKE SOUTH","3063600","2023-01-11 19:00","2023","01","11","19:00","-8.2","","-8.9","","95","","0.0","","4","","4","","","","94.53","","","","-10","","NA"
"-113.54","54.82","ISLAND LAKE SOUTH","3063600","2023-01-11 20:00","2023","01","11","20:00","-7.9","","-8.6","","95","","0.0","","6","","3","","","","94.54","","","","-9","","NA"
"-113.54","54.82","ISLAND LAKE SOUTH","3063600","2023-01-11 21:00","2023","01","11","21:00","-7.2","","-7.8","","96","","0.0","","8","","6","","","","94.50","","","","-10","","NA"
"-113.54","54.82","ISLAND LAKE SOUTH","3063600","2023-01-11 22:00","2023","01","11","22:00","-7.2","","-7.8","","95","","0.0","","8","","11","","","","94.51","","","","-12","","NA"
"-113.54","54.82","ISLAND LAKE SOUTH","3063600","2023-01-11 23:00","2023","01","11","23:00","-7.2","","-7.8","","95","","0.0","","10","","8","","","","94.51","","","","-11","","NA"
"-113.54","54.82","ISLAND LAKE SOUTH","3063600","2023-01-12 00:00","2023","01","12","00:00","-7.0","","-7.5","","96","","0.0","","8","","8","","","","94.50","","","","-11","","NA"
"-113.54","54.82","ISLAND LAKE SOUTH","3063600","2023-01-12 01:00","2023","01","12","01:00","-7.0","","-7.6","","96","","0.0","","6","","7","","","","94.47","","","","-11","","NA"
"-113.54","54.82","ISLAND LAKE SOUTH","3063600","2023-01-12 02:00","2023","01","12","02:00","-6.7","","-7.2","","96","","0.0","","8","","7","","","","94.43","","","","-10","","NA"
"-113.54","54.82","ISLAND LAKE SOUTH","3063600","2023-01-12 03:00","2023","01","12","03:00","-6.7","","-7.2","","96","","0.0","","10","","7","","","","94.42","","","","-10","","NA"
"-113.54","54.82","ISLAND LAKE SOUTH","3063600","2023-01-12 04:00","2023","01","12","04:00","-6.8","","-7.4","","96","","0.0","","9","","8","","","","94.35","","","","-11","","NA"
"-113.54","54.82","ISLAND LAKE SOUTH","3063600","2023-01-12 05:00","2023","01","12","05:00","-7.0","","-7.7","","95","","0.0","","11","","5","","","","94.38","","","","-10","","NA"
"-113.54","54.82","ISLAND LAKE SOUTH","3063600","2023-01-12 06:00","2023","01","12","06:00","-7.2","","-7.8","","95","","0.0","","11","","3","","","","94.36","","","","-9","","NA"
"-113.54","54.82","ISLAND LAKE SOUTH","3063600","2023-01-12 07:00","2023","01","12","07:00","-7.5","","-8.2","","95","","0.0","","10","","6","","","","94.37","","","","-11","","NA"
"-113.54","54.82","ISLAND LAKE SOUTH","3063600","2023-01-12 08:00","2023","01","12","08:00","-8.0","","-8.8","","94","","0.0","","8","","7","","","","94.25","","","","-12","","NA"
"-113.54","54.82","ISLAND LAKE SOUTH","3063600","2023-01-12 09:00","2023","01","12","09:00","-8.6","","-9.5","","93","","0.0","","10","","8","","","","94.37","","","","-13","","NA"
"-113.54","54.82","ISLAND LAKE SOUTH","3063600","2023-01-12 10:00","2023","01","12","10:00","-9.1","","-10.2","","92","","0.0","","13","","3","","","","94.36","","","","-11","","NA"
"-113.54","54.82","ISLAND LAKE SOUTH","3063600","2023-01-12 11:00","2023","01","12","11:00","-9.7","","-10.9","","91","","0.0","","11","","4","","","","94.34","","","","-12","","NA"
"-113.54","54.82","ISLAND LAKE SOUTH","3063600","2023-01-12 12:00","2023","01","12","12:00","-9.8","","-11.1","","90","","0.0","","11","","4","","","","94.31","","","","-12","","NA"
"-113.54","54.82","ISLAND LAKE SOUTH","3063600","2023-01-12 13:00","2023","01","12","13:00","-9.8","","-11.1","","90","","0.0","","12","","2","","","","94.20","","","","-11","","NA"
"-113.54","54.82","ISLAND LAKE SOUTH","3063600","2023-01-12 14:00","2023","01","12","14:00","-10.2","","-11.5","","90","","0.0","","11","","3","","","","94.17","","","","-12","","NA"
"-113.54","54.82","ISLAND LAKE SOUTH","3063600","2023-01-12 15:00","2023","01","12","15:00","-10.5","","-11.8","","90","","0.0","","11","","2","","","","94.18","","","","-12","","NA"
"-113.54","54.82","ISLAND LAKE SOUTH","3063600","2023-01-12 16:00","2023","01","12","16:00","-11.0","","-12.3","","90","","0.0","","8","","7","","","","94.17","","","","-15","","NA"
"-113.54","54.82","ISLAND LAKE SOUTH","3063600","2023-01-12 17:00","2023","01","12","17:00","-11.5","","-12.9","","90","","0.0","","7","","5","","","","94.15","","","","-15","","NA"
"-113.54","54.82","ISLAND LAKE SOUTH","3063600","2023-01-12 18:00","2023","01","12","18:00","-12.8","","-14.4","","88","","0.0","","6","","6","","","","94.11","","","","-17","","NA"
"-113.54","54.82","ISLAND LAKE SOUTH","3063600","2023-01-12 19:00","2023","01","12","19:00","-14.1","","-15.7","","87","","0.0","","7","","4","","","","94.07","","","","-17","","NA"
"-113.54","54.82","ISLAND LAKE SOUTH","3063600","2023-01-12 20:00","2023","01","12","20:00","-14.8","","-16.6","","87","","0.0","","7","","3","","","","94.03","","","","-17","","NA"
"-113.54","54.82","ISLAND LAKE SOUTH","3063600","2023-01-12 21:00","2023","01","12","21:00","-15.0","","-16.8","","86","","0.0","","5","","3","","","","93.98","","","","-17","","NA"
"-113.54","54.82","ISLAND LAKE SOUTH","3063600","2023-01-12 22:00","2023","01","12","22:00","-14.4","","-16.1","","87","","0.0","","2","","1","","","","93.95","","","","-15","","NA"
"-113.54","54.82","ISLAND LAKE SOUTH","3063600","2023-01-12 23:00","2023","01","12","23:00","-14.1","","-15.8","","87","","0.0","","35","","1","","","","93.93","","","","-15","","NA"
"-113.54","54.82","ISLAND LAKE SOUTH","3063600","2023-01-13 00:00","2023","01","13","00:00","-14.8","","-16.6","","87","","0.0","","4","","3","","","","93.88","","","","-17","","NA"
"-113.54","54.82","ISLAND LAKE SOUTH","3063600","2023-01-13 01:00","2023","01","13","01:00","-14.7","","-16.4","","87","","0.0","","4","","2","","","","93.83","","","","-16","","NA"
"-113.54","54.82","ISLAND LAKE SOUTH","3063600","2023-01-13 02:00","2023","01","13","02:00","-14.5","","-16.2","","87","","0.0","","0","","1","","","","93.81","","","","-15","","NA"
"-113.54","54.82","ISLAND LAKE SOUTH","3063600","2023-01-13 03:00","2023","01","13","03:00","-14.3","","-16.0","","87","","0.0","","","","0","","","","93.81","","","","","","NA"
"-113.54","54.82","ISLAND LAKE SOUTH","3063600","2023-01-13 04:00","2023","01","13","04:00","-14.5","","-16.2","","87","","0.0","","","","0","","","","93.80","","","","","","NA"
"-113.54","54.82","ISLAND LAKE SOUTH","3063600","2023-01-13 05:00","2023","01","13","05:00","-15.1","","-16.9","","86","","0.0","","0","","1","","","","93.80","","","","-16","","NA"
"-113.54","54.82","ISLAND LAKE SOUTH","3063600","2023-01-13 06:00","2023","01","13","06:00","-15.7","","-17.5","","86","","0.0","","","","0","","","","93.80","","","","","","NA"
"-113.54","54.82","ISLAND LAKE SOUTH","3063600","2023-01-13 07:00","2023","01","13","07:00","-16.4","","-18.3","","85","","0.0","","","","0","","","","93.76","","","","","","NA"
"-113.54","54.82","ISLAND LAKE SOUTH","3063600","2023-01-13 08:00","2023","01","13","08:00","-15.9","","-17.8","","85","","0.0","","32","","2","","","","93.71","","","","-17","","NA"
"-113.54","54.82","ISLAND LAKE SOUTH","3063600","2023-01-13 09:00","2023","01","13","09:00","-15.6","","-17.5","","86","","0.0","","31","","2","","","","93.68","","","","-17","","NA"
"-113.54","54.82","ISLAND LAKE SOUTH","3063600","2023-01-13 10:00","2023","01","13","10:00","-14.8","","-16.6","","86","","0.0","","36","","2","","","","93.73","","","","-16","","NA"
"-113.54","54.82","ISLAND LAKE SOUTH","3063600","2023-01-13 11:00","2023","01","13","11:00","-14.1","","-15.9","","86","","0.0","","2","","3","","","","93.68","","","","-16","","NA"
"-113.54","54.82","ISLAND LAKE SOUTH","3063600","2023-01-13 12:00","2023","01","13","12:00","-13.1","","-14.8","","87","","0.0","","36","","1","","","","93.61","","","","-14","","NA"
"-113.54","54.82","ISLAND LAKE SOUTH","3063600","2023-01-13 13:00","2023","01","13","13:00","-12.6","","-14.2","","88","","0.0","","5","","4","","","","93.59","","","","-15","","NA"
"-113.54","54.82","ISLAND LAKE SOUTH","3063600","2023-01-13 14:00","2023","01","13","14:00","-11.8","","-13.3","","88","","0.0","","36","","3","","","","93.49","","","","-14","","NA"
"-113.54","54.82","ISLAND LAKE SOUTH","3063600","2023-01-13 15:00","2023","01","13","15:00","-11.4","","-12.8","","89","","0.0","","36","","3","","","","93.44","","","","-13","","NA"
"-113.54","54.82","ISLAND LAKE SOUTH","3063600","2023-01-13 16:00","2023","01","13","16:00","-11.5","","-13.0","","89","","0.0","","3","","5","","","","93.43","","","","-15","","NA"
"-113.54","54.82","ISLAND LAKE SOUTH","3063600","2023-01-13 17:00","2023","01","13","17:00","-12.2","","-13.7","","89","","0.0","","2","","4","","","","93.37","","","","-15","","NA"
"-113.54","54.82","ISLAND LAKE SOUTH","3063600","2023-01-13 18:00","2023","01","13","18:00","-12.3","","-13.8","","89","","0.0","","0","","1","","","","93.35","","","","-13","","NA"
"-113.54","54.82","ISLAND LAKE SOUTH","3063600","2023-01-13 19:00","2023","01","13","19:00","-11.8","","-13.2","","89","","0.0","","5","","5","","","","93.28","","","","-15","","NA"
"-113.54","54.82","ISLAND LAKE SOUTH","3063600","2023-01-13 20:00","2023","01","13","20:00","-11.7","","-13.1","","89","","0.0","","2","","3","","","","93.22","","","","-14","","NA"
"-113.54","54.82","ISLAND LAKE SOUTH","3063600","2023-01-13 21:00","2023","01","13","21:00","-11.4","","-12.8","","90","","0.0","","5","","4","","","","93.18","","","","-14","","NA"
"-113.54","54.82","ISLAND LAKE SOUTH","3063600","2023-01-13 22:00","2023","01","13","22:00","-11.3","","-12.7","","90","","0.0","","4","","4","","","","93.12","","","","-14","","NA"
"-113.54","54.82","ISLAND LAKE SOUTH","3063600","2023-01-13 23:00","2023","01","13","23:00","-11.3","","-12.7","","90","","0.0","","6","","2","","","","93.08","","","","-13","","NA"
"-113.54","54.82","ISLAND LAKE SOUTH","3063600","2023-01-14 00:00","2023","01","14","00:00","-11.4","","-12.7","","90","","0.0","","4","","3","","","","93.02","","","","-13","","NA"
"-113.54","54.82","ISLAND LAKE SOUTH","3063600","2023-01-14 01:00","2023","01","14","01:00","-11.3","","-12.6","","90","","0.0","","6","","3","","","","92.99","","","","-13","","NA"
"-113.54","54.82","ISLAND LAKE SOUTH","3063600","2023-01-14 02:00","2023","01","14","02:00","-11.2","","-12.5","","90","","0.0","","2","","2","","","","92.95","","","","-12","","NA"
"-113.54","54.82","ISLAND LAKE SOUTH","3063600","2023-01-14 03:00","2023","01","14","03:00","-11.1","","-12.4","","90","","0.0","","0","","1","","","","92.95","","","","-12","","NA"
"-113.54","54.82","ISLAND LAKE SOUTH","3063600","2023-01-14 04:00","2023","01","14","04:00","-11.3","","-12.6","","90","","0.0","","0","","1","","","","92.96","","","","-12","","NA"
"-113.54","54.82","ISLAND LAKE SOUTH","3063600","2023-01-14 05:00","2023","01","14","05:00","-11.1","","-12.4","","90","","0.0","","0","","1","","","","92.92","","","","-12","","NA"
"-113.54","54.82","ISLAND LAKE SOUTH","3063600","2023-01-14 06:00","2023","01","14","06:00","-11.2","","-12.5","","90","","0.0","","","","0","","","","92.94","","","","","","NA"
"-113.54","54.82","ISLAND LAKE SOUTH","3063600","2023-01-14 07:00","2023","01","14","07:00","-10.9","","-12.1","","91","","0.0","","7","","2","","","","92.90","","","","-12","","NA"
"-113.54","54.82","ISLAND LAKE SOUTH","3063600","2023-01-14 08:00","2023","01","14","08:00","-10.8","","-12.1","","91","","0.0","","19","","1","","","","92.88","","","","-11","","NA"
"-113.54","54.82","ISLAND LAKE SOUTH","3063600","2023-01-14 09:00","2023","01","14","09:00","-10.6","","-11.8","","91","","0.0","","","","0","","","","92.87","","","","","","NA"
"-113.54","54.82","ISLAND LAKE SOUTH","3063600","2023-01-14 10:00","2023","01","14","10:00","-10.1","","-11.3","","91","","0.0","","","","0","","","","92.89","","","","","","NA"
"-113.54","54.82","ISLAND LAKE SOUTH","3063600","2023-01-14 11:00","2023","01","14","11:00","-9.6","","-10.8","","91","","0.0","","0","","1","","","","92.89","","","","-10","","NA"
"-113.54","54.82","ISLAND LAKE SOUTH","3063600","2023-01-14 12:00","2023","01","14","12:00","-9.2","","-10.6","","90","","0.0","","","","0","","","","92.84","","","","","","NA"
"-113.54","54.82","ISLAND LAKE SOUTH","3063600","2023-01-14 13:00","2023","01","14","13:00","-8.1","","-9.6","","89","","0.0","","","","0","","","","92.80","","","","","","NA"
"-113.54","54.82","ISLAND LAKE SOUTH","3063600","2023-01-14 14:00","2023","01","14","14:00","-7.6","","-8.9","","90","","0.0","","","","","M","","","92.79","","","","","","NA"
"-113.54","54.82","ISLAND LAKE SOUTH","3063600","2023-01-14 15:00","2023","01","14","15:00","-8.6","","-9.8","","91","","0.0","","","","","M","","","92.80","","","","","","NA"
"-113.54","54.82","ISLAND LAKE SOUTH","3063600","2023-01-14 16:00","2023","01","14","16:00","-9.2","","-10.6","","89","","0.0","","","","","M","","","92.82","","","","","","NA"
"-113.54","54.82","ISLAND LAKE SOUTH","3063600","2023-01-14 17:00","2023","01","14","17:00","-10.2","","-11.4","","91","","0.0","","","","","M","","","92.82","","","","","","NA"
"-113.54","54.82","ISLAND LAKE SOUTH","3063600","2023-01-14 18:00","2023","01","14","18:00","-11.0","","-12.2","","91","","0.0","","","","","M","","","92.81","","","","","","NA"
"-113.54","54.82","ISLAND LAKE SOUTH","3063600","2023-01-14 19:00","2023","01","14","19:00","-12.5","","-14.0","","89","","0.0","","","","","M","","","92.78","","","","","","NA"
"-113.54","54.82","ISLAND LAKE SOUTH","3063600","2023-01-14 20:00","2023","01","14","20:00","-13.4","","-14.7","","90","","0.0","","","","","M","","","92.83","","","","","","NA"
"-113.54","54.82","ISLAND LAKE SOUTH","3063600","2023-01-14 21:00","2023","01","14","21:00","-14.6","","-16.1","","89","","0.0","","29","","4","","","","92.82","","","","-17","","NA"
"-113.54","54.82","ISLAND LAKE SOUTH","3063600","2023-01-14 22:00","2023","01","14","22:00","-14.9","","-16.6","","87","","0.0","","","","0","","","","92.84","","","","","","NA"
"-113.54","54.82","ISLAND LAKE SOUTH","3063600","2023-01-14 23:00","2023","01","14","23:00","-14.8","","-16.7","","85","","0.0","","","","0","","","","92.84","","","","","","NA"
"-113.54","54.82","ISLAND LAKE SOUTH","3063600","2023-01-15 00:00","2023","01","15","00:00","-13.7","","-15.2","","88","","0.0","","","","0","","","","92.83","","","","","","NA"
"-113.54","54.82","ISLAND LAKE SOUTH","3063600","2023-01-15 01:00","2023","01","15","01:00","-12.8","","-14.4","","88","","0.0","","22","","2","","","","92.86","","","","-14","","NA"
"-113.54","54.82","ISLAND LAKE SOUTH","3063600","2023-01-15 02:00","2023","01","15","02:00","-11.7","","-13.1","","90","","0.5","","0","","1","","","","92.82","","","","-12","","NA"
"-113.54","54.82","ISLAND LAKE SOUTH","3063600","2023-01-15 03:00","2023","01","15","03:00","-10.9","","-12.2","","91","","0.1","","","","0","","","","92.83","","","","","","NA"
"-113.54","54.82","ISLAND LAKE SOUTH","3063600","2023-01-15 04:00","2023","01","15","04:00","-10.5","","-11.7","","91","","0.0","","24","","1","","","","92.85","","","","-11","","NA"
"-113.54","54.82","ISLAND LAKE SOUTH","3063600","2023-01-15 05:00","2023","01","15","05:00","-9.8","","-10.8","","92","","0.0","","33","","2","","","","92.82","","","","-11","","NA"
"-113.54","54.82","ISLAND LAKE SOUTH","3063600","2023-01-15 06:00","2023","01","15","06:00","-9.3","","-10.3","","92","","0.0","","6","","6","","","","92.81","","","","-13","","NA"
"-113.54","54.82","ISLAND LAKE SOUTH","3063600","2023-01-15 07:00","2023","01","15","07:00","-9.5","","-10.5","","92","","0.0","","7","","3","","","","92.83","","","","-11","","NA"
"-113.54","54.82","ISLAND LAKE SOUTH","3063600","2023-01-15 08:00","2023","01","15","08:00","-10.0","","-11.2","","91","","0.0","","","","0","","","","92.82","","","","","","NA"
"-113.54","54.82","ISLAND LAKE SOUTH","3063600","2023-01-15 09:00","2023","01","15","09:00","-11.9","","-13.2","","90","","0.0","","","","0","","","","92.86","","","","","","NA"
"-113.54","54.82","ISLAND LAKE SOUTH","3063600","2023-01-15 10:00","2023","01","15","10:00","-10.9","","-12.2","","90","","0.0","","3","","4","","","","92.87","","","","-13","","NA"
"-113.54","54.82","ISLAND LAKE SOUTH","3063600","2023-01-15 11:00","2023","01","15","11:00","-10.1","","-11.9","","86","","0.0","","4","","3","","","","92.86","","","","-12","","NA"
"-113.54","54.82","ISLAND LAKE SOUTH","3063600","2023-01-15 12:00","2023","01","15","12:00","-10.3","","-12.0","","87","","0.0","","","","0","","","","92.84","","","","","","NA"
"-113.54","54.82","ISLAND LAKE SOUTH","3063600","2023-01-15 13:00","2023","01","15","13:00","-8.7","","-10.2","","89","","0.0","","","","0","","","","92.84","","","","","","NA"
"-113.54","54.82","ISLAND LAKE SOUTH","3063600","2023-01-15 14:00","2023","01","15","14:00","-7.9","","-9.1","","91","","0.0","","0","","1","","","","92.86","","","","-8","","NA"
"-113.54","54.82","ISLAND LAKE SOUTH","3063600","2023-01-15 15:00","2023","01","15","15:00","-7.3","","-8.3","","93","","0.0","","2","","2","","","","92.88","","","","-8","","NA"
"-113.54","54.82","ISLAND LAKE SOUTH","3063600","2023-01-15 16:00","2023","01","15","16:00","-7.3","","-8.0","","95","","0.0","","","","0","","","","92.91","","","","","","NA"
"-113.54","54.82","ISLAND LAKE SOUTH","3063600","2023-01-15 17:00","2023","01","15","17:00","-7.3","","-7.9","","95","","0.0","","","","0","","","","92.95","","","","","","NA"
"-113.54","54.82","ISLAND LAKE SOUTH","3063600","2023-01-15 18:00","2023","01","15","18:00","-7.1","","-7.7","","96","","0.0","","0","","1","","","","92.97","","","","-8","","NA"
"-113.54","54.82","ISLAND LAKE SOUTH","3063600","2023-01-15 19:00","2023","01","15","19:00","-7.0","","-7.5","","96","","0.0","","1","","3","","","","92.98","","","","-9","","NA"
"-113.54","54.82","ISLAND LAKE SOUTH","3063600","2023-01-15 20:00","2023","01","15","20:00","-6.9","","-7.4","","96","","0.0","","5","","3","","","","93.02","","","","-8","","NA"
"-113.54","54.82","ISLAND LAKE SOUTH","3063600","2023-01-15 21:00","2023","01","15","21:00","-6.8","","-7.4","","96","","0.0","","","","0","","","","93.01","","","","","","NA"
"-113.54","54.82","ISLAND LAKE SOUTH","3063600","2023-01-15 22:00","2023","01","15","22:00","-6.6","","-7.1","","96","","0.0","","2","","3","","","","93.01","","","","-8","","NA"
"-113.54","54.82","ISLAND LAKE SOUTH","3063600","2023-01-15 23:00","2023","01","15","23:00","-6.4","","-6.9","","96","","0.0","","2","","3","","","","93.03","","","","-8","","NA"
"-113.54","54.82","ISLAND LAKE SOUTH","3063600","2023-01-16 00:00","2023","01","16","00:00","-6.2","","-6.7","","97","","0.0","","2","","4","","","","93.07","","","","-8","","NA"
"-113.54","54.82","ISLAND LAKE SOUTH","3063600","2023-01-16 01:00","2023","01","16","01:00","-6.2","","-6.6","","97","","0.0","","3","","7","","","","93.06","","","","-10","","NA"
"-113.54","54.82","ISLAND LAKE SOUTH","3063600","2023-01-16 02:00","2023","01","16","02:00","-6.2","","-6.7","","96","","0.0","","3","","5","","","","93.05","","","","-9","","NA"
"-113.54","54.82","ISLAND LAKE SOUTH","3063600","2023-01-16 03:00","2023","01","16","03:00","-6.1","","-6.6","","96","","0.0","","4","","7","","","","93.06","","","","-9","","NA"
"-113.54","54.82","ISLAND LAKE SOUTH","3063600","2023-01-16 04:00","2023","01","16","04:00","-6.1","","-6.6","","96","","0.0","","3","","6","","","","93.08","","","","-9","","NA"
"-113.54","54.82","ISLAND LAKE SOUTH","3063600","2023-01-16 05:00","2023","01","16","05:00","-6.2","","-6.7","","96","","0.1","","2","","4","","","","93.09","","","","-8","","NA"
"-113.54","54.82","ISLAND LAKE SOUTH","3063600","2023-01-16 06:00","2023","01","16","06:00","-6.2","","-6.7","","96","","0.4","","3","","6","","","","93.08","","","","-9","","NA"
"-113.54","54.82","ISLAND LAKE SOUTH","3063600","2023-01-16 07:00","2023","01","16","07:00","-6.1","","-6.6","","96","","0.0","","2","","5","","","","93.07","","","","-9","","NA"
"-113.54","54.82","ISLAND LAKE SOUTH","3063600","2023-01-16 08:00","2023","01","16","08:00","-6.1","","-6.6","","96","","0.1","","4","","6","","","","93.07","","","","-9","","NA"
"-113.54","54.82","ISLAND LAKE SOUTH","3063600","2023-01-16 09:00","2023","01","16","09:00","-5.7","","-6.1","","97","","0.9","","6","","7","","","","93.08","","","","-9","","NA"
"-113.54","54.82","ISLAND LAKE SOUTH","3063600","2023-01-16 10:00","2023","01","16","10:00","-5.6","","-6.1","","96","","1.1","","7","","7","","","","93.12","","","","-9","","NA"
"-113.54","54.82","ISLAND LAKE SOUTH","3063600","2023-01-16 11:00","2023","01","16","11:00","-5.6","","-6.2","","95","","0.0","","7","","7","","","","93.15","","","","-9","","NA"
"-113.54","54.82","ISLAND LAKE SOUTH","3063600","2023-01-16 12:00","2023","01","16","12:00","-5.9","","-6.5","","95","","0.0","","8","","10","","","","93.12","","","","-10","","NA"
"-113.54","54.82","ISLAND LAKE SOUTH","3063600","2023-01-16 13:00","2023","01","16","13:00","-5.7","","-6.4","","95","","0.0","","9","","9","","","","93.10","","","","-10","","NA"
"-113.54","54.82","ISLAND LAKE SOUTH","3063600","2023-01-16 14:00","2023","01","16","14:00","-5.8","","-6.4","","96","","0.0","","9","","11","","","","93.09","","","","-11","","NA"
"-113.54","54.82","ISLAND LAKE SOUTH","3063600","2023-01-16 15:00","2023","01","16","15:00","-5.6","","-6.2","","96","","0.0","","9","","9","","","","93.11","","","","-10","","NA"
"-113.54","54.82","ISLAND LAKE SOUTH","3063600","2023-01-16 16:00","2023","01","16","16:00","-5.7","","-6.1","","97","","0.0","","9","","11","","","","93.15","","","","-10","","NA"
"-113.54","54.82","ISLAND LAKE SOUTH","3063600","2023-01-16 17:00","2023","01","16","17:00","-5.9","","-6.3","","97","","0.0","","9","","12","","","","93.20","","","","-11","","NA"
"-113.54","54.82","ISLAND LAKE SOUTH","3063600","2023-01-16 18:00","2023","01","16","18:00","-6.3","","-6.8","","96","","0.0","","9","","12","","","","93.22","","","","-11","","NA"
"-113.54","54.82","ISLAND LAKE SOUTH","3063600","2023-01-16 19:00","2023","01","16","19:00","-6.6","","-7.2","","96","","0.0","","9","","11","","","","93.22","","","","-12","","NA"
"-113.54","54.82","ISLAND LAKE SOUTH","3063600","2023-01-16 20:00","2023","01","16","20:00","-6.6","","-7.1","","96","","0.0","","9","","9","","","","93.23","","","","-11","","NA"
"-113.54","54.82","ISLAND LAKE SOUTH","3063600","2023-01-16 21:00","2023","01","16","21:00","-6.5","","-6.9","","96","","0.0","","10","","7","","","","93.24","","","","-10","","NA"
"-113.54","54.82","ISLAND LAKE SOUTH","3063600","2023-01-16 22:00","2023","01","16","22:00","-6.4","","-6.9","","96","","0.0","","11","","4","","","","93.26","","","","-8","","NA"
"-113.54","54.82","ISLAND LAKE SOUTH","3063600","2023-01-16 23:00","2023","01","16","23:00","-6.4","","-7.0","","96","","0.0","","10","","7","","","","93.27","","","","-10","","NA"
"-113.54","54.82","ISLAND LAKE SOUTH","3063600","2023-01-17 00:00","2023","01","17","00:00","-6.6","","-7.1","","96","","0.0","","10","","6","","","","93.29","","","","-10","","NA"
"-113.54","54.82","ISLAND LAKE SOUTH","3063600","2023-01-17 01:00","2023","01","17","01:00","-6.5","","-7.1","","96","","0.0","","10","","5","","","","93.29","","","","-9","","NA"
"-113.54","54.82","ISLAND LAKE SOUTH","3063600","2023-01-17 02:00","2023","01","17","02:00","-6.4","","-6.9","","96","","0.0","","8","","6","","","","93.29","","","","-9","","NA"
"-113.54","54.82","ISLAND LAKE SOUTH","3063600","2023-01-17 03:00","2023","01","17","03:00","-6.3","","-6.8","","96","","0.0","","8","","4","","","","93.32","","","","-8","","NA"
"-113.54","54.82","ISLAND LAKE SOUTH","3063600","2023-01-17 04:00","2023","01","17","04:00","-6.3","","-6.8","","96","","0.0","","7","","3","","","","93.33","","","","-8","","NA"
"-113.54","54.82","ISLAND LAKE SOUTH","3063600","2023-01-17 05:00","2023","01","17","05:00","-6.2","","-6.7","","97","","0.0","","8","","4","","","","93.33","","","","-8","","NA"
"-113.54","54.82","ISLAND LAKE SOUTH","3063600","2023-01-17 06:00","2023","01","17","06:00","-6.2","","-6.7","","97","","0.0","","8","","3","","","","93.36","","","","-8","","NA"
"-113.54","54.82","ISLAND LAKE SOUTH","3063600","2023-01-17 07:00","2023","01","17","07:00","-6.2","","-6.7","","96","","0.0","","8","","3","","","","93.38","","","","-8","","NA"
"-113.54","54.82","ISLAND LAKE SOUTH","3063600","2023-01-17 08:00","2023","01","17","08:00","-6.1","","-6.5","","97","","0.0","","8","","3","","","","93.40","","","","-8","","NA"
"-113.54","54.82","ISLAND LAKE SOUTH","3063600","2023-01-17 09:00","2023","01","17","09:00","-6.1","","-6.5","","97","","0.0","","8","","3","","","","93.39","","","","-8","","NA"
"-113.54","54.82","ISLAND LAKE SOUTH","3063600","2023-01-17 10:00","2023","01","17","10:00","-6.0","","-6.4","","96","","0.0","","8","","2","","","","93.43","","","","-7","","NA"
"-113.54","54.82","ISLAND LAKE SOUTH","3063600","2023-01-17 11:00","2023","01","17","11:00","-5.4","","-5.9","","96","","0.0","","11","","1","","","","93.45","","","","-6","","NA"
"-113.54","54.82","ISLAND LAKE SOUTH","3063600","2023-01-17 12:00","2023","01","17","12:00","-5.2","","-5.8","","96","","0.0","","10","","2","","","","93.43","","","","-6","","NA"
"-113.54","54.82","ISLAND LAKE SOUTH","3063600","2023-01-17 13:00","2023","01","17","13:00","-5.7","","-6.4","","95","","0.0","","10","","3","","","","93.40","","","","-7","","NA"
"-113.54","54.82","ISLAND LAKE SOUTH","3063600","2023-01-17 14:00","2023","01","17","14:00","-5.7","","-6.4","","95","","0.0","","9","","2","","","","93.42","","","","-7","","NA"
"-113.54","54.82","ISLAND LAKE SOUTH","3063600","2023-01-17 15:00","2023","01","17","15:00","-6.2","","-6.9","","95","","0.0","","8","","3","","","","93.44","","","","-8","","NA"
"-113.54","54.82","ISLAND LAKE SOUTH","3063600","2023-01-17 16:00","2023","01","17","16:00","-6.7","","-7.4","","95","","0.0","","9","","4","","","","93.44","","","","-9","","NA"
"-113.54","54.82","ISLAND LAKE SOUTH","3063600","2023-01-17 17:00","2023","01","17","17:00","-7.1","","-7.7","","95","","0.0","","12","","1","","","","93.48","","","","-8","","NA"
"-113.54","54.82","ISLAND LAKE SOUTH","3063600","2023-01-17 18:00","2023","01","17","18:00","-7.4","","-8.1","","94","","0.0","","16","","1","","","","93.50","","","","-8","","NA"
"-113.54","54.82","ISLAND LAKE SOUTH","3063600","2023-01-17 19:00","2023","01","17","19:00","-7.1","","-7.8","","95","","0.0","","12","","1","","","","93.47","","","","-8","","NA"
"-113.54","54.82","ISLAND LAKE SOUTH","3063600","2023-01-17 20:00","2023","01","17","20:00","-7.4","","-8.1","","95","","0.0","","8","","3","","","","93.45","","","","-9","","NA"
"-113.54","54.82","ISLAND LAKE SOUTH","3063600","2023-01-17 21:00","2023","01","17","21:00","-7.8","","-8.6","","94","","0.0","","13","","1","","","","93.46","","","","-8","","NA"
"-113.54","54.82","ISLAND LAKE SOUTH","3063600","2023-01-17 22:00","2023","01","17","22:00","-8.0","","-8.8","","94","","0.0","","11","","2","","","","93.45","","","","-9","","NA"
"-113.54","54.82","ISLAND LAKE SOUTH","3063600","2023-01-17 23:00","2023","01","17","23:00","-7.8","","-8.6","","94","","0.0","","","","0","","","","93.45","","","","","","NA"
"-113.54","54.82","ISLAND LAKE SOUTH","3063600","2023-01-18 00:00","2023","01","18","00:00","-8.0","","-8.7","","94","","0.0","","8","","3","","","","93.44","","","","-10","","NA"
"-113.54","54.82","ISLAND LAKE SOUTH","3063600","2023-01-18 01:00","2023","01","18","01:00","-8.4","","-9.3","","93","","0.0","","10","","2","","","","93.43","","","","-9","","NA"
"-113.54","54.82","ISLAND LAKE SOUTH","3063600","2023-01-18 02:00","2023","01","18","02:00","-8.6","","-9.5","","93","","0.0","","8","","2","","","","93.42","","","","-10","","NA"
"-113.54","54.82","ISLAND LAKE SOUTH","3063600","2023-01-18 03:00","2023","01","18","03:00","-8.3","","-9.2","","94","","0.0","","8","","3","","","","93.44","","","","-10","","NA"
"-113.54","54.82","ISLAND LAKE SOUTH","3063600","2023-01-18 04:00","2023","01","18","04:00","-8.4","","-9.2","","94","","0.0","","9","","3","","","","93.44","","","","-10","","NA"
"-113.54","54.82","ISLAND LAKE SOUTH","3063600","2023-01-18 05:00","2023","01","18","05:00","-8.6","","-9.5","","93","","0.0","","7","","2","","","","93.41","","","","-10","","NA"
"-113.54","54.82","ISLAND LAKE SOUTH","3063600","2023-01-18 06:00","2023","01","18","06:00","-8.9","","-9.8","","93","","0.0","","9","","2","","","","93.42","","","","-10","","NA"
"-113.54","54.82","ISLAND LAKE SOUTH","3063600","2023-01-18 07:00","2023","01","18","07:00","-9.0","","-10.0","","93","","0.0","","8","","2","","","","93.39","","","","-10","","NA"
"-113.54","54.82","ISLAND LAKE SOUTH","3063600","2023-01-18 08:00","2023","01","18","08:00","-9.4","","-10.5","","92","","0.0","","8","","1","","","","93.41","","","","-10","","NA"
"-113.54","54.82","ISLAND LAKE SOUTH","3063600","2023-01-18 09:00","2023","01","18","09:00","-9.5","","-10.6","","92","","0.0","","9","","1","","","","93.41","","","","-10","","NA"
"-113.54","54.82","ISLAND LAKE SOUTH","3063600","2023-01-18 10:00","2023","01","18","10:00","-9.6","","-10.7","","91","","0.0","","9","","2","","","","93.41","","","","-11","","NA"
"-113.54","54.82","ISLAND LAKE SOUTH","3063600","2023-01-18 11:00","2023","01","18","11:00","-9.2","","-10.3","","92","","0.0","","9","","2","","","","93.41","","","","-10","","NA"
"-113.54","54.82","ISLAND LAKE SOUTH","3063600","2023-01-18 12:00","2023","01","18","12:00","-8.7","","-9.8","","92","","0.0","","9","","2","","","","93.38","","","","-10","","NA"
"-113.54","54.82","ISLAND LAKE SOUTH","3063600","2023-01-18 13:00","2023","01","18","13:00","-8.5","","-9.6","","92","","0.0","","9","","5","","","","93.33","","","","-11","","NA"
"-113.54","54.82","ISLAND LAKE SOUTH","3063600","2023-01-18 14:00","2023","01","18","14:00","-8.4","","-9.4","","92","","0.0","","8","","5","","","","93.28","","","","-11","","NA"
"-113.54","54.82","ISLAND LAKE SOUTH","3063600","2023-01-18 15:00","2023","01","18","15:00","-8.2","","-9.1","","93","","0.0","","7","","5","","","","93.30","","","","-11","","NA"
"-113.54","54.82","ISLAND LAKE SOUTH","3063600","2023-01-18 16:00","2023","01","18","16:00","-8.1","","-9.0","","93","","0.0","","8","","4","","","","93.32","","","","-10","","NA"
"-113.54","54.82","ISLAND LAKE SOUTH","3063600","2023-01-18 17:00","2023","01","18","17:00","-8.3","","-9.2","","94","","0.0","","6","","3","","","","93.30","","","","-10","","NA"
"-113.54","54.82","ISLAND LAKE SOUTH","3063600","2023-01-18 18:00","2023","01","18","18:00","-8.5","","-9.3","","93","","0.0","","8","","4","","","","93.32","","","","-11","","NA"
"-113.54","54.82","ISLAND LAKE SOUTH","3063600","2023-01-18 19:00","2023","01","18","19:00","-8.7","","-9.6","","93","","0.0","","7","","4","","","","93.33","","","","-11","","NA"
"-113.54","54.82","ISLAND LAKE SOUTH","3063600","2023-01-18 20:00","2023","01","18","20:00","-9.2","","-10.2","","92","","0.0","","7","","4","","","","93.33","","","","-11","","NA"
"-113.54","54.82","ISLAND LAKE SOUTH","3063600","2023-01-18 21:00","2023","01","18","21:00","-9.5","","-10.6","","92","","0.0","","9","","4","","","","93.33","","","","-12","","NA"
"-113.54","54.82","ISLAND LAKE SOUTH","3063600","2023-01-18 22:00","2023","01","18","22:00","-9.6","","-10.6","","92","","0.0","","8","","4","","","","93.35","","","","-12","","NA"
"-113.54","54.82","ISLAND LAKE SOUTH","3063600","2023-01-18 23:00","2023","01","18","23:00","-9.8","","-10.9","","92","","0.0","","8","","4","","","","93.37","","","","-12","","NA"
"-113.54","54.82","ISLAND LAKE SOUTH","3063600","2023-01-19 00:00","2023","01","19","00:00","-10.1","","-11.3","","91","","0.0","","","","0","","","","93.41","","","","","","NA"
"-113.54","54.82","ISLAND LAKE SOUTH","3063600","2023-01-19 01:00","2023","01","19","01:00","-10.6","","-11.8","","90","","0.0","","8","","4","","","","93.42","","","","-13","","NA"
"-113.54","54.82","ISLAND LAKE SOUTH","3063600","2023-01-19 02:00","2023","01","19","02:00","-11.7","","-13.2","","89","","0.0","","","","0","","","","93.52","","","","","","NA"
"-113.54","54.82","ISLAND LAKE SOUTH","3063600","2023-01-19 03:00","2023","01","19","03:00","-12.4","","-13.8","","89","","0.0","","","","0","","","","93.60","","","","","","NA"
"-113.54","54.82","ISLAND LAKE SOUTH","3063600","2023-01-19 04:00","2023","01","19","04:00","-12.1","","-13.5","","89","","0.0","","","","0","","","","93.63","","","","","","NA"
"-113.54","54.82","ISLAND LAKE SOUTH","3063600","2023-01-19 05:00","2023","01","19","05:00","-12.5","","-13.9","","89","","0.0","","","","0","","","","93.69","","","","","","NA"
"-113.54","54.82","ISLAND LAKE SOUTH","3063600","2023-01-19 06:00","2023","01","19","06:00","-11.9","","-13.3","","89","","0.0","","","","0","","","","93.77","","","","","","NA"
"-113.54","54.82","ISLAND LAKE SOUTH","3063600","2023-01-19 07:00","2023","01","19","07:00","-11.6","","-13.0","","89","","0.0","","18","","2","","","","93.81","","","","-13","","NA"
"-113.54","54.82","ISLAND LAKE SOUTH","3063600","2023-01-19 08:00","2023","01","19","08:00","-11.5","","-12.9","","89","","0.0","","","","0","","","","93.88","","","","","","NA"
"-113.54","54.82","ISLAND LAKE SOUTH","3063600","2023-01-19 09:00","2023","01","19","09:00","-11.5","","-12.9","","89","","0.0","","","","0","","","","93.93","","","","","","NA"
"-113.54","54.82","ISLAND LAKE SOUTH","3063600","2023-01-19 10:00","2023","01","19","10:00","-10.7","","-12.1","","89","","0.0","","","","0","","","","93.97","","","","","","NA"
"-113.54","54.82","ISLAND LAKE SOUTH","3063600","2023-01-19 11:00","2023","01","19","11:00","-8.5","","-9.9","","89","","0.0","","","","0","","","","94.02","","","","","","NA"
"-113.54","54.82","ISLAND LAKE SOUTH","3063600","2023-01-19 12:00","2023","01","19","12:00","-6.7","","-7.9","","91","","0.0","","","","0","","","","94.04","","","","","","NA"
"-113.54","54.82","ISLAND LAKE SOUTH","3063600","2023-01-19 13:00","2023","01","19","13:00","-4.4","","-5.3","","93","","0.0","","","","0","","","","94.03","","","","","","NA"
"-113.54","54.82","ISLAND LAKE SOUTH","3063600","2023-01-19 14:00","2023","01","19","14:00","-2.2","","-2.8","","96","","0.0","","10","","1","","","","94.05","","","","-3","","NA"
"-113.54","54.82","ISLAND LAKE SOUTH","3063600","2023-01-19 15:00","2023","01","19","15:00","-3.0","","-3.8","","95","","0.0","","18","","8","","","","94.10","","","","-6","","NA"
"-113.54","54.82","ISLAND LAKE SOUTH","3063600","2023-01-19 16:00","2023","01","19","16:00","-3.6","","-4.2","","96","","0.0","","17","","7","","","","94.16","","","","-7","","NA"
"-113.54","54.82","ISLAND LAKE SOUTH","3063600","2023-01-19 17:00","2023","01","19","17:00","-5.2","","-5.8","","96","","0.0","","18","","9","","","","94.19","","","","-9","","NA"
"-113.54","54.82","ISLAND LAKE SOUTH","3063600","2023-01-19 18:00","2023","01","19","18:00","-5.2","","-5.7","","96","","0.0","","18","","9","","","","94.19","","","","-9","","NA"
"-113.54","54.82","ISLAND LAKE SOUTH","3063600","2023-01-19 19:00","2023","01","19","19:00","-6.2","","-7.3","","92","","0.0","","18","","11","","","","94.16","","","","-11","","NA"
"-113.54","54.82","ISLAND LAKE SOUTH","3063600","2023-01-19 20:00","2023","01","19","20:00","-5.8","","-7.1","","91","","0.0","","18","","12","","","","94.16","","","","-11","","NA"
"-113.54","54.82","ISLAND LAKE SOUTH","3063600","2023-01-19 21:00","2023","01","19","21:00","-4.2","","-6.2","","86","","0.0","","17","","10","","","","94.14","","","","-8","","NA"
"-113.54","54.82","ISLAND LAKE SOUTH","3063600","2023-01-19 22:00","2023","01","19","22:00","-4.0","","-6.3","","84","","0.0","","17","","10","","","","94.12","","","","-8","","NA"
"-113.54","54.82","ISLAND LAKE SOUTH","3063600","2023-01-19 23:00","2023","01","19","23:00","-3.6","","-6.6","","80","","0.0","","18","","12","","","","94.13","","","","-8","","NA"
"-113.54","54.82","ISLAND LAKE SOUTH","3063600","2023-01-20 00:00","2023","01","20","00:00","-3.7","","-6.7","","79","","0.0","","18","","12","","","","94.12","","","","-8","","NA"
"-113.54","54.82","ISLAND LAKE SOUTH","3063600","2023-01-20 01:00","2023","01","20","01:00","-3.5","","-7.5","","74","","0.0","","18","","16","","","","94.10","","","","-9","","NA"
"-113.54","54.82","ISLAND LAKE SOUTH","3063600","2023-01-20 02:00","2023","01","20","02:00","-4.2","","-7.8","","76","","0.0","","18","","12","","","","94.11","","","","-9","","NA"
"-113.54","54.82","ISLAND LAKE SOUTH","3063600","2023-01-20 03:00","2023","01","20","03:00","-4.4","","-8.0","","76","","0.0","","18","","15","","","","94.12","","","","-10","","NA"
"-113.54","54.82","ISLAND LAKE SOUTH","3063600","2023-01-20 04:00","2023","01","20","04:00","-5.4","","-8.9","","76","","0.0","","19","","12","","","","94.16","","","","-10","","NA"
"-113.54","54.82","ISLAND LAKE SOUTH","3063600","2023-01-20 05:00","2023","01","20","05:00","-5.3","","-8.8","","76","","0.0","","19","","17","","","","94.17","","","","-11","","NA"
"-113.54","54.82","ISLAND LAKE SOUTH","3063600","2023-01-20 06:00","2023","01","20","06:00","-7.7","","-11.0","","77","","0.0","","18","","8","","","","94.16","","","","-12","","NA"
"-113.54","54.82","ISLAND LAKE SOUTH","3063600","2023-01-20 07:00","2023","01","20","07:00","-9.1","","-12.3","","77","","0.0","","18","","10","","","","94.17","","","","-14","","NA"
"-113.54","54.82","ISLAND LAKE SOUTH","3063600","2023-01-20 08:00","2023","01","20","08:00","-6.7","","-10.1","","77","","0.0","","19","","16","","","","94.15","","","","-13","","NA"
"-113.54","54.82","ISLAND LAKE SOUTH","3063600","2023-01-20 09:00","2023","01","20","09:00","-5.7","","-9.4","","75","","0.0","","19","","15","","","","94.18","","","","-11","","NA"
"-113.54","54.82","ISLAND LAKE SOUTH","3063600","2023-01-20 10:00","2023","01","20","10:00","-4.8","","-8.4","","75","","0.0","","19","","18","","","","94.19","","","","-11","","NA"
"-113.54","54.82","ISLAND LAKE SOUTH","3063600","2023-01-20 11:00","2023","01","20","11:00","-3.5","","-7.8","","72","","0.0","","20","","20","","","","94.19","","","","-10","","NA"
"-113.54","54.82","ISLAND LAKE SOUTH","3063600","2023-01-20 12:00","2023","01","20","12:00","-1.4","","-6.3","","69","","0.0","","21","","16","","","","94.17","","","","-6","","NA"
"-113.54","54.82","ISLAND LAKE SOUTH","3063600","2023-01-20 13:00","2023","01","20","13:00","-0.9","","-5.6","","70","","0.0","","22","","15","","","","94.18","","","","-6","","NA"
"-113.54","54.82","ISLAND LAKE SOUTH","3063600","2023-01-20 14:00","2023","01","20","14:00","0.0","","-4.5","","72","","0.0","","22","","14","","","","94.14","","","","-4","","NA"
"-113.54","54.82","ISLAND LAKE SOUTH","3063600","2023-01-20 15:00","2023","01","20","15:00","0.3","","-4.0","","73","","0.0","","22","","16","","","","94.17","","","","","","NA"
"-113.54","54.82","ISLAND LAKE SOUTH","3063600","2023-01-20 16:00","2023","01","20","16:00","0.7","","-3.9","","71","","0.0","","21","","13","","","","94.18","","","","","","NA"
"-113.54","54.82","ISLAND LAKE SOUTH","3063600","2023-01-20 17:00","2023","01","20","17:00","-1.3","","-4.9","","76","","0.0","","21","","13","","","","94.20","","","","-6","","NA"
"-113.54","54.82","ISLAND LAKE SOUTH","3063600","2023-01-20 18:00","2023","01","20","18:00","-2.3","","-5.3","","80","","0.0","","21","","9","","","","94.21","","","","-6","","NA"
"-113.54","54.82","ISLAND LAKE SOUTH","3063600","2023-01-20 19:00","2023","01","20","19:00","-1.0","","-4.8","","75","","0.0","","22","","11","","","","94.18","","","","-5","","NA"
"-113.54","54.82","ISLAND LAKE SOUTH","3063600","2023-01-20 20:00","2023","01","20","20:00","-1.0","","-5.2","","73","","0.0","","19","","11","","","","94.16","","","","-5","","NA"
"-113.54","54.82","ISLAND LAKE SOUTH","3063600","2023-01-20 21:00","2023","01","20","21:00","0.4","","-3.9","","73","","0.0","","19","","13","","","","94.13","","","","","","NA"
"-113.54","54.82","ISLAND LAKE SOUTH","3063600","2023-01-20 22:00","2023","01","20","22:00","-0.6","","-4.0","","77","","0.0","","19","","12","","","","94.08","","","","-5","","NA"
"-113.54","54.82","ISLAND LAKE SOUTH","3063600","2023-01-20 23:00","2023","01","20","23:00","-1.7","","-4.4","","82","","0.0","","20","","14","","","","94.09","","","","-6","","NA"
"-113.54","54.82","ISLAND LAKE SOUTH","3063600","2023-01-21 00:00","2023","01","21","00:00","-0.5","","-3.0","","83","","0.0","","21","","12","","","","94.07","","","","-4","","NA"
"-113.54","54.82","ISLAND LAKE SOUTH","3063600","2023-01-21 01:00","2023","01","21","01:00","1.1","","-1.7","","81","","0.0","","21","","11","","","","94.05","","","","","","NA"
"-113.54","54.82","ISLAND LAKE SOUTH","3063600","2023-01-21 02:00","2023","01","21","02:00","1.3","","-1.4","","82","","0.0","","19","","10","","","","94.03","","","","","","NA"
"-113.54","54.82","ISLAND LAKE SOUTH","3063600","2023-01-21 03:00","2023","01","21","03:00","1.7","","-0.7","","84","","0.0","","20","","13","","","","94.04","","","","","","NA"
"-113.54","54.82","ISLAND LAKE SOUTH","3063600","2023-01-21 04:00","2023","01","21","04:00","0.8","","-1.3","","86","","0.0","","20","","11","","","","94.00","","","","","","NA"
"-113.54","54.82","ISLAND LAKE SOUTH","3063600","2023-01-21 05:00","2023","01","21","05:00","-0.4","","-2.0","","89","","0.0","","18","","11","","","","93.96","","","","-4","","NA"
"-113.54","54.82","ISLAND LAKE SOUTH","3063600","2023-01-21 06:00","2023","01","21","06:00","-2.3","","-3.0","","95","","0.0","","18","","6","","","","93.94","","","","-5","","NA"
"-113.54","54.82","ISLAND LAKE SOUTH","3063600","2023-01-21 07:00","2023","01","21","07:00","-1.7","","-2.5","","94","","0.0","","21","","11","","","","93.88","","","","-6","","NA"
"-113.54","54.82","ISLAND LAKE SOUTH","3063600","2023-01-21 08:00","2023","01","21","08:00","-1.4","","-1.8","","97","","0.0","","26","","5","","","","93.81","","","","-3","","NA"
"-113.54","54.82","ISLAND LAKE SOUTH","3063600","2023-01-21 09:00","2023","01","21","09:00","-2.9","","-3.2","","97","","0.0","","17","","5","","","","93.79","","","","-5","","NA"
"-113.54","54.82","ISLAND LAKE SOUTH","3063600","2023-01-21 10:00","2023","01","21","10:00","-1.0","","-1.7","","95","","0.0","","13","","2","","","","93.79","","","","-2","","NA"
"-113.54","54.82","ISLAND LAKE SOUTH","3063600","2023-01-21 11:00","2023","01","21","11:00","2.0","","-1.8","","76","","0.0","","10","","2","","","","93.73","","","","","","NA"
"-113.54","54.82","ISLAND LAKE SOUTH","3063600","2023-01-21 12:00","2023","01","21","12:00","3.0","","-1.1","","74","","0.0","","13","","1","","","","93.69","","","","","","NA"
"-113.54","54.82","ISLAND LAKE SOUTH","3063600","2023-01-21 13:00","2023","01","21","13:00","3.4","","-1.0","","73","","0.0","","18","","6","","","","93.65","","","","","","NA"
"-113.54","54.82","ISLAND LAKE SOUTH","3063600","2023-01-21 14:00","2023","01","21","14:00","6.1","","0.3","","66","","0.0","","18","","5","","","","93.57","","","","","","NA"
"-113.54","54.82","ISLAND LAKE SOUTH","3063600","2023-01-21 15:00","2023","01","21","15:00","6.2","","-0.4","","63","","0.0","","8","","3","","","","93.50","","","","","","NA"
"-113.54","54.82","ISLAND LAKE SOUTH","3063600","2023-01-21 16:00","2023","01","21","16:00","5.5","","0.0","","67","","0.0","","11","","5","","","","93.46","","","","","","NA"
"-113.54","54.82","ISLAND LAKE SOUTH","3063600","2023-01-21 17:00","2023","01","21","17:00","1.0","","-1.8","","81","","0.0","","7","","2","","","","93.42","","","","","","NA"
"-113.54","54.82","ISLAND LAKE SOUTH","3063600","2023-01-21 18:00","2023","01","21","18:00","0.7","","-0.8","","90","","0.0","","17","","5","","","","93.39","","","","","","NA"
"-113.54","54.82","ISLAND LAKE SOUTH","3063600","2023-01-21 19:00","2023","01","21","19:00","-0.4","","-1.0","","96","","0.0","","19","","3","","","","93.32","","","","-1","","NA"
"-113.54","54.82","ISLAND LAKE SOUTH","3063600","2023-01-21 20:00","2023","01","21","20:00","-1.0","","-2.1","","93","","0.0","","17","","4","","","","93.29","","","","-2","","NA"
"-113.54","54.82","ISLAND LAKE SOUTH","3063600","2023-01-21 21:00","2023","01","21","21:00","1.4","","-1.2","","83","","0.0","","24","","6","","","","93.26","","","","","","NA"
"-113.54","54.82","ISLAND LAKE SOUTH","3063600","2023-01-21 22:00","2023","01","21","22:00","3.1","","-0.3","","78","","0.0","","25","","7","","","","93.24","","","","","","NA"
"-113.54","54.82","ISLAND LAKE SOUTH","3063600","2023-01-21 23:00","2023","01","21","23:00","3.8","","-0.2","","75","","0.0","","24","","15","","","","93.26","","","","","","NA"
"-113.54","54.82","ISLAND LAKE SOUTH","3063600","2023-01-22 00:00","2023","01","22","00:00","3.7","","0.0","","77","","0.0","","21","","12","","","","93.27","","","","","","NA"
"-113.54","54.82","ISLAND LAKE SOUTH","3063600","2023-01-22 01:00","2023","01","22","01:00","3.1","","-0.5","","77","","0.0","","23","","14","","","","93.31","","","","","","NA"
"-113.54","54.82","ISLAND LAKE SOUTH","3063600","2023-01-22 02:00","2023","01","22","02:00","3.1","","-1.2","","74","","0.0","","24","","18","","","","93.36","","","","","","NA"
"-113.54","54.82","ISLAND LAKE SOUTH","3063600","2023-01-22 03:00","2023","01","22","03:00","2.5","","-1.6","","74","","0.0","","22","","17","","","","93.38","","","","","","NA"
"-113.54","54.82","ISLAND LAKE SOUTH","3063600","2023-01-22 04:00","2023","01","22","04:00","2.0","","-1.5","","78","","0.0","","24","","15","","","","93.48","","","","","","NA"
"-113.54","54.82","ISLAND LAKE SOUTH","3063600","2023-01-22 05:00","2023","01","22","05:00","1.8","","-1.2","","81","","0.0","","25","","21","","","","93.55","","","","","","NA"
"-113.54","54.82","ISLAND LAKE SOUTH","3063600","2023-01-22 06:00","2023","01","22","06:00","1.0","","-0.8","","88","","0.0","","25","","22","","","","93.66","","","","","","NA"
"-113.54","54.82","ISLAND LAKE SOUTH","3063600","2023-01-22 07:00","2023","01","22","07:00","0.4","","-1.3","","89","","0.0","","24","","16","","","","93.70","","","","","","NA"
"-113.54","54.82","ISLAND LAKE SOUTH","3063600","2023-01-22 08:00","2023","01","22","08:00","-0.3","","-2.6","","85","","0.0","","22","","18","","","","93.78","","","","-5","","NA"
"-113.54","54.82","ISLAND LAKE SOUTH","3063600","2023-01-22 09:00","2023","01","22","09:00","-0.6","","-2.6","","87","","0.0","","23","","13","","","","93.84","","","","-5","","NA"
"-113.54","54.82","ISLAND LAKE SOUTH","3063600","2023-01-22 10:00","2023","01","22","10:00","0.2","","-3.0","","79","","0.0","","24","","27","","","","93.89","","","","","","NA"
"-113.54","54.82","ISLAND LAKE SOUTH","3063600","2023-01-22 11:00","2023","01","22","11:00","1.0","","-3.5","","72","","0.0","","24","","28","","","","93.97","","","","","","NA"
"-113.54","54.82","ISLAND LAKE SOUTH","3063600","2023-01-22 12:00","2023","01","22","12:00","0.7","","-4.2","","70","","0.0","","24","","35","","","","93.99","","","","","","NA"
"-113.54","54.82","ISLAND LAKE SOUTH","3063600","2023-01-22 13:00","2023","01","22","13:00","0.7","","-4.6","","68","","0.0","","24","","35","","","","94.04","","","","","","NA"
"-113.54","54.82","ISLAND LAKE SOUTH","3063600","2023-01-22 14:00","2023","01","22","14:00","0.9","","-5.0","","65","","0.0","","24","","33","","","","94.07","","","","","","NA"
"-113.54","54.82","ISLAND LAKE SOUTH","3063600","2023-01-22 15:00","2023","01","22","15:00","0.3","","-5.2","","66","","0.0","","23","","31","","","","94.15","","","","","","NA"
"-113.54","54.82","ISLAND LAKE SOUTH","3063600","2023-01-22 16:00","2023","01","22","16:00","0.3","","-5.0","","68","","0.0","","24","","30","","","","94.25","","","","","","NA"
"-113.54","54.82","ISLAND LAKE SOUTH","3063600","2023-01-22 17:00","2023","01","22","17:00","-0.1","","-5.0","","70","","0.0","","24","","23","","","","94.35","","","","-6","","NA"
"-113.54","54.82","ISLAND LAKE SOUTH","3063600","2023-01-22 18:00","2023","01","22","18:00","-1.0","","-5.2","","73","","0.0","","24","","18","","","","94.40","","","","-6","","NA"
"-113.54","54.82","ISLAND LAKE SOUTH","3063600","2023-01-22 19:00","2023","01","22","19:00","-1.6","","-5.5","","75","","0.0","","24","","15","","","","94.42","","","","-6","","NA"
"-113.54","54.82","ISLAND LAKE SOUTH","3063600","2023-01-22 20:00","2023","01","22","20:00","-1.3","","-5.4","","74","","0.0","","23","","16","","","","94.46","","","","-6","","NA"
"-113.54","54.82","ISLAND LAKE SOUTH","3063600","2023-01-22 21:00","2023","01","22","21:00","-1.4","","-5.4","","75","","0.0","","22","","10","","","","94.47","","","","-5","","NA"
"-113.54","54.82","ISLAND LAKE SOUTH","3063600","2023-01-22 22:00","2023","01","22","22:00","-4.1","","-6.9","","81","","0.0","","17","","6","","","","94.42","","","","-7","","NA"
"-113.54","54.82","ISLAND LAKE SOUTH","3063600","2023-01-22 23:00","2023","01","22","23:00","-5.2","","-8.1","","80","","0.0","","18","","10","","","","94.40","","","","-10","","NA"
"-113.54","54.82","ISLAND LAKE SOUTH","3063600","2023-01-23 00:00","2023","01","23","00:00","-5.9","","-7.9","","86","","0.0","","19","","8","","","","94.37","","","","-10","","NA"
"-113.54","54.82","ISLAND LAKE SOUTH","3063600","2023-01-23 01:00","2023","01","23","01:00","-6.4","","-8.6","","84","","0.0","","17","","2","","","","94.25","","","","-7","","NA"
"-113.54","54.82","ISLAND LAKE SOUTH","3063600","2023-01-23 02:00","2023","01","23","02:00","-7.1","","-9.0","","87","","0.0","","19","","5","","","","94.16","","","","-10","","NA"
"-113.54","54.82","ISLAND LAKE SOUTH","3063600","2023-01-23 03:00","2023","01","23","03:00","-7.7","","-9.0","","90","","0.0","","8","","4","","","","94.10","","","","-10","","NA"
"-113.54","54.82","ISLAND LAKE SOUTH","3063600","2023-01-23 04:00","2023","01","23","04:00","-6.5","","-9.2","","81","","0.0","","0","","1","","","","94.00","","","","-7","","NA"
"-113.54","54.82","ISLAND LAKE SOUTH","3063600","2023-01-23 05:00","2023","01","23","05:00","-5.7","","-9.0","","78","","0.0","","","","0","","","","93.92","","","","","","NA"
"-113.54","54.82","ISLAND LAKE SOUTH","3063600","2023-01-23 06:00","2023","01","23","06:00","-5.1","","-8.7","","76","","0.0","","13","","5","","","","93.82","","","","-7","","NA"
"-113.54","54.82","ISLAND LAKE SOUTH","3063600","2023-01-23 07:00","2023","01","23","07:00","-4.0","","-8.3","","72","","0.0","","19","","13","","","","93.76","","","","-9","","NA"
"-113.54","54.82","ISLAND LAKE SOUTH","3063600","2023-01-23 08:00","2023","01","23","08:00","-5.2","","-6.5","","91","","0.1","","12","","5","","","","93.62","","","","-7","","NA"
"-113.54","54.82","ISLAND LAKE SOUTH","3063600","2023-01-23 09:00","2023","01","23","09:00","-4.6","","-5.9","","91","","0.0","","14","","5","","","","93.51","","","","-7","","NA"
"-113.54","54.82","ISLAND LAKE SOUTH","3063600","2023-01-23 10:00","2023","01","23","10:00","-3.7","","-4.5","","94","","0.3","","13","","6","","","","93.40","","","","-6","","NA"
"-113.54","54.82","ISLAND LAKE SOUTH","3063600","2023-01-23 11:00","2023","01","23","11:00","-2.8","","-4.1","","91","","0.4","","17","","9","","","","93.34","","","","-6","","NA"
"-113.54","54.82","ISLAND LAKE SOUTH","3063600","2023-01-23 12:00","2023","01","23","12:00","-2.0","","-3.9","","87","","0.1","","20","","16","","","","93.26","","","","-7","","NA"
"-113.54","54.82","ISLAND LAKE SOUTH","3063600","2023-01-23 13:00","2023","01","23","13:00","-1.4","","-2.4","","93","","0.1","","20","","16","","","","93.26","","","","-6","","NA"
"-113.54","54.82","ISLAND LAKE SOUTH","3063600","2023-01-23 14:00","2023","01","23","14:00","-1.2","","-2.5","","91","","0.1","","20","","13","","","","93.27","","","","-5","","NA"
"-113.54","54.82","ISLAND LAKE SOUTH","3063600","2023-01-23 15:00","2023","01","23","15:00","-0.4","","-2.1","","88","","0.0","","23","","15","","","","93.35","","","","-5","","NA"
"-113.54","54.82","ISLAND LAKE SOUTH","3063600","2023-01-23 16:00","2023","01","23","16:00","0.1","","-2.2","","84","","0.0","","24","","28","","","","93.42","","","","","","NA"
"-113.54","54.82","ISLAND LAKE SOUTH","3063600","2023-01-23 17:00","2023","01","23","17:00","0.1","","-2.6","","82","","0.0","","24","","34","","","","93.53","","","","","","NA"
"-113.54","54.82","ISLAND LAKE SOUTH","3063600","2023-01-23 18:00","2023","01","23","18:00","-0.3","","-2.2","","87","","0.0","","25","","24","","","","93.60","","","","-6","","NA"
"-113.54","54.82","ISLAND LAKE SOUTH","3063600","2023-01-23 19:00","2023","01","23","19:00","-0.6","","-2.3","","88","","0.0","","26","","19","","","","93.64","","","","-6","","NA"
"-113.54","54.82","ISLAND LAKE SOUTH","3063600","2023-01-23 20:00","2023","01","23","20:00","-1.7","","-2.9","","91","","0.0","","25","","10","","","","93.65","","","","-5","","NA"
"-113.54","54.82","ISLAND LAKE SOUTH","3063600","2023-01-23 21:00","2023","01","23","21:00","-1.5","","-1.8","","98","","0.2","","25","","7","","","","93.69","","","","-4","","NA"
"-113.54","54.82","ISLAND LAKE SOUTH","3063600","2023-01-23 22:00","2023","01","23","22:00","-3.0","","-4.1","","92","","0.1","","26","","5","","","","93.71","","","","-5","","NA"
"-113.54","54.82","ISLAND LAKE SOUTH","3063600","2023-01-23 23:00","2023","01","23","23:00","-3.3","","-3.4","","99","","0.0","","18","","5","","","","93.73","","","","-5","","NA"
"-113.54","54.82","ISLAND LAKE SOUTH","3063600","2023-01-24 00:00","2023","01","24","00:00","-4.8","","-4.8","","100","","0.0","","18","","4","","","","93.75","","","","-7","","NA"
"-113.54","54.82","ISLAND LAKE SOUTH","3063600","2023-01-24 01:00","2023","01","24","01:00","-5.2","","-5.2","","100","","0.0","","15","","4","","","","93.77","","","","-7","","NA"
"-113.54","54.82","ISLAND LAKE SOUTH","3063600","2023-01-24 02:00","2023","01","24","02:00","-5.0","","-5.1","","99","","0.0","","7","","2","","","","93.77","","","","-6","","NA"
"-113.54","54.82","ISLAND LAKE SOUTH","3063600","2023-01-24 03:00","2023","01","24","03:00","-5.1","","-5.2","","99","","0.0","","9","","4","","","","93.80","","","","-7","","NA"
"-113.54","54.82","ISLAND LAKE SOUTH","3063600","2023-01-24 04:00","2023","01","24","04:00","-5.7","","-6.4","","94","","0.0","","15","","2","","","","93.80","","","","-7","","NA"
"-113.54","54.82","ISLAND LAKE SOUTH","3063600","2023-01-24 05:00","2023","01","24","05:00","-7.1","","-7.8","","94","","0.0","","","","0","","","","93.80","","","","","","NA"
"-113.54","54.82","ISLAND LAKE SOUTH","3063600","2023-01-24 06:00","2023","01","24","06:00","-4.6","","-4.9","","98","","0.0","","18","","11","","","","93.77","","","","-9","","NA"
"-113.54","54.82","ISLAND LAKE SOUTH","3063600","2023-01-24 07:00","2023","01","24","07:00","-4.0","","-4.4","","97","","0.0","","22","","7","","","","93.88","","","","-7","","NA"
"-113.54","54.82","ISLAND LAKE SOUTH","3063600","2023-01-24 08:00","2023","01","24","08:00","-2.6","","-2.9","","98","","0.0","","23","","6","","","","93.93","","","","-5","","NA"
"-113.54","54.82","ISLAND LAKE SOUTH","3063600","2023-01-24 09:00","2023","01","24","09:00","-3.0","","-3.6","","96","","0.0","","25","","10","","","","94.00","","","","-7","","NA"
"-113.54","54.82","ISLAND LAKE SOUTH","3063600","2023-01-24 10:00","2023","01","24","10:00","-1.9","","-4.0","","85","","0.0","","24","","18","","","","94.11","","","","-7","","NA"
"-113.54","54.82","ISLAND LAKE SOUTH","3063600","2023-01-24 11:00","2023","01","24","11:00","-1.0","","-3.7","","82","","0.0","","25","","18","","","","94.21","","","","-6","","NA"
"-113.54","54.82","ISLAND LAKE SOUTH","3063600","2023-01-24 12:00","2023","01","24","12:00","-0.4","","-3.5","","79","","0.0","","24","","16","","","","94.23","","","","-5","","NA"
"-113.54","54.82","ISLAND LAKE SOUTH","3063600","2023-01-24 13:00","2023","01","24","13:00","0.6","","-2.7","","79","","0.0","","23","","12","","","","94.29","","","","","","NA"
"-113.54","54.82","ISLAND LAKE SOUTH","3063600","2023-01-24 14:00","2023","01","24","14:00","1.8","","-2.6","","73","","0.0","","24","","16","","","","94.31","","","","","","NA"
"-113.54","54.82","ISLAND LAKE SOUTH","3063600","2023-01-24 15:00","2023","01","24","15:00","2.3","","-2.3","","72","","0.0","","22","","18","","","","94.34","","","","","","NA"
"-113.54","54.82","ISLAND LAKE SOUTH","3063600","2023-01-24 16:00","2023","01","24","16:00","2.6","","-2.1","","71","","0.0","","22","","16","","","","94.39","","","","","","NA"
"-113.54","54.82","ISLAND LAKE SOUTH","3063600","2023-01-24 17:00","2023","01","24","17:00","0.7","","-2.9","","77","","0.0","","23","","8","","","","94.44","","","","","","NA"
"-113.54","54.82","ISLAND LAKE SOUTH","3063600","2023-01-24 18:00","2023","01","24","18:00","-1.6","","-3.6","","86","","0.0","","20","","9","","","","94.47","","","","-5","","NA"
"-113.54","54.82","ISLAND LAKE SOUTH","3063600","2023-01-24 19:00","2023","01","24","19:00","-1.2","","-5.1","","75","","0.0","","22","","14","","","","94.52","","","","-6","","NA"
"-113.54","54.82","ISLAND LAKE SOUTH","3063600","2023-01-24 20:00","2023","01","24","20:00","-1.3","","-5.6","","72","","0.0","","22","","16","","","","94.53","","","","-6","","NA"
"-113.54","54.82","ISLAND LAKE SOUTH","3063600","2023-01-24 21:00","2023","01","24","21:00","-2.3","","-6.3","","74","","0.0","","22","","14","","","","94.54","","","","-7","","NA"
"-113.54","54.82","ISLAND LAKE SOUTH","3063600","2023-01-24 22:00","2023","01","24","22:00","-4.2","","-7.1","","81","","0.0","","26","","8","","","","94.55","","","","-8","","NA"
"-113.54","54.82","ISLAND LAKE SOUTH","3063600","2023-01-24 23:00","2023","01","24","23:00","-4.5","","-7.3","","81","","0.0","","24","","11","","","","94.57","","","","-9","","NA"
"-113.54","54.82","ISLAND LAKE SOUTH","3063600","2023-01-25 00:00","2023","01","25","00:00","-3.5","","-7.0","","77","","0.0","","23","","12","","","","94.60","","","","-8","","NA"
"-113.54","54.82","ISLAND LAKE SOUTH","3063600","2023-01-25 01:00","2023","01","25","01:00","-5.6","","-7.9","","84","","0.0","","24","","10","","","","94.63","","","","-10","","NA"
"-113.54","54.82","ISLAND LAKE SOUTH","3063600","2023-01-25 02:00","2023","01","25","02:00","-5.2","","-7.0","","87","","0.0","","25","","7","","","","94.68","","","","-8","","NA"
"-113.54","54.82","ISLAND LAKE SOUTH","3063600","2023-01-25 03:00","2023","01","25","03:00","-7.2","","-9.2","","86","","0.0","","24","","11","","","","94.72","","","","-12","","NA"
"-113.54","54.82","ISLAND LAKE SOUTH","3063600","2023-01-25 04:00","2023","01","25","04:00","-6.6","","-7.9","","91","","0.0","","22","","7","","","","94.74","","","","-10","","NA"
"-113.54","54.82","ISLAND LAKE SOUTH","3063600","2023-01-25 05:00","2023","01","25","05:00","-5.0","","-7.2","","84","","0.0","","23","","5","","","","94.76","","","","-7","","NA"
"-113.54","54.82","ISLAND LAKE SOUTH","3063600","2023-01-25 06:00","2023","01","25","06:00","-4.6","","-7.3","","81","","0.0","","23","","7","","","","94.76","","","","-8","","NA"
"-113.54","54.82","ISLAND LAKE SOUTH","3063600","2023-01-25 07:00","2023","01","25","07:00","-3.4","","-6.6","","79","","0.0","","23","","10","","","","94.80","","","","-7","","NA"
"-113.54","54.82","ISLAND LAKE SOUTH","3063600","2023-01-25 08:00","2023","01","25","08:00","-2.8","","-6.1","","78","","0.0","","22","","10","","","","94.79","","","","-7","","NA"
"-113.54","54.82","ISLAND LAKE SOUTH","3063600","2023-01-25 09:00","2023","01","25","09:00","-2.0","","-5.6","","77","","0.0","","23","","16","","","","94.82","","","","-7","","NA"
"-113.54","54.82","ISLAND LAKE SOUTH","3063600","2023-01-25 10:00","2023","01","25","10:00","-2.9","","-6.4","","76","","0.0","","22","","9","","","","94.82","","","","-6","","NA"
"-113.54","54.82","ISLAND LAKE SOUTH","3063600","2023-01-25 11:00","2023","01","25","11:00","-1.5","","-5.3","","75","","0.0","","7","","2","","","","94.80","","","","-2","","NA"
"-113.54","54.82","ISLAND LAKE SOUTH","3063600","2023-01-25 12:00","2023","01","25","12:00","0.7","","-3.6","","73","","0.0","","23","","14","","","","94.77","","","","","","NA"
"-113.54","54.82","ISLAND LAKE SOUTH","3063600","2023-01-25 13:00","2023","01","25","13:00","2.6","","-3.1","","66","","0.0","","22","","6","","","","94.75","","","","","","NA"
"-113.54","54.82","ISLAND LAKE SOUTH","3063600","2023-01-25 14:00","2023","01","25","14:00","4.6","","-3.3","","56","","0.0","","","","0","","","","94.71","","","","","","NA"
"-113.54","54.82","ISLAND LAKE SOUTH","3063600","2023-01-25 15:00","2023","01","25","15:00","3.3","","-2.8","","64","","0.0","","24","","15","","","","94.70","","","","","","NA"
"-113.54","54.82","ISLAND LAKE SOUTH","3063600","2023-01-25 16:00","2023","01","25","16:00","2.5","","-2.4","","70","","0.0","","23","","9","","","","94.66","","","","","","NA"
"-113.54","54.82","ISLAND LAKE SOUTH","3063600","2023-01-25 17:00","2023","01","25","17:00","0.2","","-3.2","","78","","0.0","","15","","2","","","","94.59","","","","","","NA"
"-113.54","54.82","ISLAND LAKE SOUTH","3063600","2023-01-25 18:00","2023","01","25","18:00","-0.4","","-3.3","","81","","0.0","","24","","5","","","","94.51","","","","-2","","NA"
"-113.54","54.82","ISLAND LAKE SOUTH","3063600","2023-01-25 19:00","2023","01","25","19:00","0.9","","-1.2","","86","","0.0","","16","","5","","","","94.36","","","","","","NA"
"-113.54","54.82","ISLAND LAKE SOUTH","3063600","2023-01-25 20:00","2023","01","25","20:00","1.0","","-0.3","","91","","0.1","","14","","5","","","","94.16","","","","","","NA"
"-113.54","54.82","ISLAND LAKE SOUTH","3063600","2023-01-25 21:00","2023","01","25","21:00","2.0","","-0.3","","85","","0.0","","17","","5","","","","94.08","","","","","","NA"
"-113.54","54.82","ISLAND LAKE SOUTH","3063600","2023-01-25 22:00","2023","01","25","22:00","1.7","","-0.3","","87","","0.0","","14","","7","","","","93.86","","","","","","NA"
"-113.54","54.82","ISLAND LAKE SOUTH","3063600","2023-01-25 23:00","2023","01","25","23:00","2.8","","0.0","","81","","0.0","","15","","8","","","","93.70","","","","","","NA"
"-113.54","54.82","ISLAND LAKE SOUTH","3063600","2023-01-26 00:00","2023","01","26","00:00","3.9","","0.4","","78","","0.0","","23","","8","","","","93.52","","","","","","NA"
"-113.54","54.82","ISLAND LAKE SOUTH","3063600","2023-01-26 01:00","2023","01","26","01:00","6.5","","0.6","","66","","0.0","","22","","30","","","","93.39","","","","","","NA"
"-113.54","54.82","ISLAND LAKE SOUTH","3063600","2023-01-26 02:00","2023","01","26","02:00","6.9","","0.0","","61","","0.0","","25","","36","","","","93.39","","","","","","NA"
"-113.54","54.82","ISLAND LAKE SOUTH","3063600","2023-01-26 03:00","2023","01","26","03:00","6.5","","-0.3","","62","","0.0","","25","","42","","","","93.41","","","","","","NA"
"-113.54","54.82","ISLAND LAKE SOUTH","3063600","2023-01-26 04:00","2023","01","26","04:00","5.6","","-0.5","","65","","0.0","","24","","29","","","","93.44","","","","","","NA"
"-113.54","54.82","ISLAND LAKE SOUTH","3063600","2023-01-26 05:00","2023","01","26","05:00","5.6","","0.0","","67","","0.0","","25","","45","","","","93.49","","","","","","NA"
"-113.54","54.82","ISLAND LAKE SOUTH","3063600","2023-01-26 06:00","2023","01","26","06:00","4.7","","0.7","","75","","0.0","","24","","31","","","","93.43","","","","","","NA"
"-113.54","54.82","ISLAND LAKE SOUTH","3063600","2023-01-26 07:00","2023","01","26","07:00","5.5","","-0.9","","63","","0.0","","24","","36","","","","93.37","","","","","","NA"
"-113.54","54.82","ISLAND LAKE SOUTH","3063600","2023-01-26 08:00","2023","01","26","08:00","5.3","","-1.3","","62","","0.0","","24","","34","","","","93.42","","","","","","NA"
"-113.54","54.82","ISLAND LAKE SOUTH","3063600","2023-01-26 09:00","2023","01","26","09:00","5.3","","-1.4","","62","","0.0","","25","","39","","","","93.50","","","","","","NA"
"-113.54","54.82","ISLAND LAKE SOUTH","3063600","2023-01-26 10:00","2023","01","26","10:00","4.4","","-0.1","","73","","0.0","","25","","42","","","","93.61","","","","","","NA"
"-113.54","54.82","ISLAND LAKE SOUTH","3063600","2023-01-26 11:00","2023","01","26","11:00","4.0","","0.2","","76","","0.0","","25","","40","","","","93.70","","","","","","NA"
"-113.54","54.82","ISLAND LAKE SOUTH","3063600","2023-01-26 12:00","2023","01","26","12:00","3.7","","0.1","","77","","0.0","","26","","39","","","","93.78","","","","","","NA"
"-113.54","54.82","ISLAND LAKE SOUTH","3063600","2023-01-26 13:00","2023","01","26","13:00","3.0","","0.6","","84","","0.0","","26","","25","","","","93.85","","","","","","NA"
"-113.54","54.82","ISLAND LAKE SOUTH","3063600","2023-01-26 14:00","2023","01","26","14:00","1.8","","0.7","","92","","0.3","","28","","18","","","","93.90","","","","","","NA"
"-113.54","54.82","ISLAND LAKE SOUTH","3063600","2023-01-26 15:00","2023","01","26","15:00","2.3","","0.9","","90","","0.0","","27","","12","","","","93.92","","","","","","NA"
"-113.54","54.82","ISLAND LAKE SOUTH","3063600","2023-01-26 16:00","2023","01","26","16:00","1.9","","0.6","","91","","0.0","","29","","5","","","","93.92","","","","","","NA"
"-113.54","54.82","ISLAND LAKE SOUTH","3063600","2023-01-26 17:00","2023","01","26","17:00","2.7","","-0.2","","81","","0.0","","27","","14","","","","93.92","","","","","","NA"
"-113.54","54.82","ISLAND LAKE SOUTH","3063600","2023-01-26 18:00","2023","01","26","18:00","1.8","","0.1","","88","","0.0","","26","","7","","","","93.86","","","","","","NA"
"-113.54","54.82","ISLAND LAKE SOUTH","3063600","2023-01-26 19:00","2023","01","26","19:00","1.3","","0.2","","92","","0.0","","27","","2","","","","93.80","","","","","","NA"
"-113.54","54.82","ISLAND LAKE SOUTH","3063600","2023-01-26 20:00","2023","01","26","20:00","1.9","","0.2","","89","","0.0","","32","","6","","","","93.80","","","","","","NA"
"-113.54","54.82","ISLAND LAKE SOUTH","3063600","2023-01-26 21:00","2023","01","26","21:00","1.1","","-0.1","","92","","0.0","","32","","4","","","","93.78","","","","","","NA"
"-113.54","54.82","ISLAND LAKE SOUTH","3063600","2023-01-26 22:00","2023","01","26","22:00","0.6","","-1.0","","89","","0.0","","30","","9","","","","93.80","","","","","","NA"
"-113.54","54.82","ISLAND LAKE SOUTH","3063600","2023-01-26 23:00","2023","01","26","23:00","-0.1","","-1.8","","89","","0.0","","30","","12","","","","93.84","","","","-4","","NA"
"-113.54","54.82","ISLAND LAKE SOUTH","3063600","2023-01-27 00:00","2023","01","27","00:00","-1.9","","-3.0","","92","","0.3","","33","","5","","","","93.89","","","","-4","","NA"
"-113.54","54.82","ISLAND LAKE SOUTH","3063600","2023-01-27 01:00","2023","01","27","01:00","-2.4","","-4.6","","85","","0.0","","32","","5","","","","93.94","","","","-4","","NA"
"-113.54","54.82","ISLAND LAKE SOUTH","3063600","2023-01-27 02:00","2023","01","27","02:00","-3.8","","-6.3","","83","","0.0","","33","","8","","","","94.03","","","","-7","","NA"
"-113.54","54.82","ISLAND LAKE SOUTH","3063600","2023-01-27 03:00","2023","01","27","03:00","-5.8","","-8.0","","84","","0.0","","34","","11","","","","94.14","","","","-11","","NA"
"-113.54","54.82","ISLAND LAKE SOUTH","3063600","2023-01-27 04:00","2023","01","27","04:00","-7.5","","-9.8","","84","","0.0","","34","","8","","","","94.27","","","","-12","","NA"
"-113.54","54.82","ISLAND LAKE SOUTH","3063600","2023-01-27 05:00","2023","01","27","05:00","-9.9","","-13.4","","76","","0.1","","32","","9","","","","94.35","","","","-15","","NA"
"-113.54","54.82","ISLAND LAKE SOUTH","3063600","2023-01-27 06:00","2023","01","27","06:00","-11.0","","-13.8","","80","","0.0","","30","","15","","","","94.42","","","","-18","","NA"
"-113.54","54.82","ISLAND LAKE SOUTH","3063600","2023-01-27 07:00","2023","01","27","07:00","-12.1","","-15.4","","77","","0.0","","32","","9","","","","94.52","","","","-17","","NA"
"-113.54","54.82","ISLAND LAKE SOUTH","3063600","2023-01-27 08:00","2023","01","27","08:00","-13.1","","-16.2","","78","","0.0","","31","","8","","","","94.60","","","","-18","","NA"
"-113.54","54.82","ISLAND LAKE SOUTH","3063600","2023-01-27 09:00","2023","01","27","09:00","-13.7","","-16.9","","76","","0.0","","31","","7","","","","94.72","","","","-18","","NA"
"-113.54","54.82","ISLAND LAKE SOUTH","3063600","2023-01-27 10:00","2023","01","27","10:00","-14.0","","-17.3","","76","","0.0","","31","","6","","","","94.79","","","","-18","","NA"
"-113.54","54.82","ISLAND LAKE SOUTH","3063600","2023-01-27 11:00","2023","01","27","11:00","-13.7","","-17.7","","72","","0.0","","31","","6","","","","94.85","","","","-18","","NA"
"-113.54","54.82","ISLAND LAKE SOUTH","3063600","2023-01-27 12:00","2023","01","27","12:00","-13.5","","-18.1","","68","","0.0","","31","","6","","","","94.89","","","","-18","","NA"
"-113.54","54.82","ISLAND LAKE SOUTH","3063600","2023-01-27 13:00","2023","01","27","13:00","-13.2","","-18.2","","66","","0.0","","31","","6","","","","94.88","","","","-17","","NA"
"-113.54","54.82","ISLAND LAKE SOUTH","3063600","2023-01-27 14:00","2023","01","27","14:00","-13.1","","-18.5","","64","","0.0","","29","","9","","","","94.95","","","","-19","","NA"
"-113.54","54.82","ISLAND LAKE SOUTH","3063600","2023-01-27 15:00","2023","01","27","15:00","-13.7","","-19.4","","62","","0.0","","29","","9","","","","95.02","","","","-19","","NA"
"-113.54","54.82","ISLAND LAKE SOUTH","3063600","2023-01-27 16:00","2023","01","27","16:00","-13.5","","-19.5","","61","","0.0","","27","","10","","","","95.09","","","","-19","","NA"
"-113.54","54.82","ISLAND LAKE SOUTH","3063600","2023-01-27 17:00","2023","01","27","17:00","-13.5","","-17.9","","69","","0.0","","28","","14","","","","95.15","","","","-21","","NA"
"-113.54","54.82","ISLAND LAKE SOUTH","3063600","2023-01-27 18:00","2023","01","27","18:00","-13.5","","-18.0","","69","","0.0","","27","","13","","","","95.23","","","","-20","","NA"
"-113.54","54.82","ISLAND LAKE SOUTH","3063600","2023-01-27 19:00","2023","01","27","19:00","-14.6","","-19.5","","66","","0.0","","28","","26","","","","95.29","","","","-25","","NA"
"-113.54","54.82","ISLAND LAKE SOUTH","3063600","2023-01-27 20:00","2023","01","27","20:00","-15.0","","-19.5","","69","","0.0","","27","","20","","","","95.41","","","","-24","","NA"
"-113.54","54.82","ISLAND LAKE SOUTH","3063600","2023-01-27 21:00","2023","01","27","21:00","-15.2","","-20.3","","65","","0.0","","28","","19","","","","95.48","","","","-24","","NA"
"-113.54","54.82","ISLAND LAKE SOUTH","3063600","2023-01-27 22:00","2023","01","27","22:00","-15.1","","-19.7","","68","","0.0","","28","","19","","","","95.51","","","","-24","","NA"
"-113.54","54.82","ISLAND LAKE SOUTH","3063600","2023-01-27 23:00","2023","01","27","23:00","-15.3","","-19.4","","71","","0.0","","28","","14","","","","95.55","","","","-23","","NA"
"-113.54","54.82","ISLAND LAKE SOUTH","3063600","2023-01-28 00:00","2023","01","28","00:00","-15.5","","-18.9","","75","","0.0","","27","","12","","","","95.58","","","","-23","","NA"
"-113.54","54.82","ISLAND LAKE SOUTH","3063600","2023-01-28 01:00","2023","01","28","01:00","-16.1","","-20.4","","69","","0.0","","25","","25","","","","95.63","","","","-27","","NA"
"-113.54","54.82","ISLAND LAKE SOUTH","3063600","2023-01-28 02:00","2023","01","28","02:00","-17.5","","-22.0","","68","","0.0","","27","","29","","","","95.73","","","","-29","","NA"
"-113.54","54.82","ISLAND LAKE SOUTH","3063600","2023-01-28 03:00","2023","01","28","03:00","-17.5","","-21.7","","70","","0.0","","26","","23","","","","95.76","","","","-28","","NA"
"-113.54","54.82","ISLAND LAKE SOUTH","3063600","2023-01-28 04:00","2023","01","28","04:00","-18.1","","-23.0","","65","","0.0","","27","","24","","","","95.80","","","","-29","","NA"
"-113.54","54.82","ISLAND LAKE SOUTH","3063600","2023-01-28 05:00","2023","01","28","05:00","-19.5","","-24.7","","63","","0.0","","26","","25","","","","95.81","","","","-31","","NA"
"-113.54","54.82","ISLAND LAKE SOUTH","3063600","2023-01-28 06:00","2023","01","28","06:00","-20.1","","-24.8","","66","","0.0","","26","","21","","","","95.83","","","","-31","","NA"
"-113.54","54.82","ISLAND LAKE SOUTH","3063600","2023-01-28 07:00","2023","01","28","07:00","-20.5","","-24.8","","68","","0.0","","25","","23","","","","95.85","","","","-32","","NA"
"-113.54","54.82","ISLAND LAKE SOUTH","3063600","2023-01-28 08:00","2023","01","28","08:00","-20.7","","-24.9","","69","","0.0","","24","","25","","","","95.85","","","","-33","","NA"
"-113.54","54.82","ISLAND LAKE SOUTH","3063600","2023-01-28 09:00","2023","01","28","09:00","-20.3","","-24.1","","71","","0.0","","24","","32","","","","95.89","","","","-33","","NA"
"-113.54","54.82","ISLAND LAKE SOUTH","3063600","2023-01-28 10:00","2023","01","28","10:00","-19.9","","-24.0","","70","","0.0","","24","","28","","","","95.92","","","","-32","","NA"
"-113.54","54.82","ISLAND LAKE SOUTH","3063600","2023-01-28 11:00","2023","01","28","11:00","-19.0","","-23.8","","66","","0.0","","23","","28","","","","95.90","","","","-31","","NA"
"-113.54","54.82","ISLAND LAKE SOUTH","3063600","2023-01-28 12:00","2023","01","28","12:00","-17.8","","-23.2","","63","","0.0","","23","","26","","","","95.84","","","","-29","","NA"
"-113.54","54.82","ISLAND LAKE SOUTH","3063600","2023-01-28 13:00","2023","01","28","13:00","-17.1","","-22.6","","62","","0.0","","23","","28","","","","95.79","","","","-28","","NA"
"-113.54","54.82","ISLAND LAKE SOUTH","3063600","2023-01-28 14:00","2023","01","28","14:00","-16.0","","-22.4","","58","","0.0","","24","","29","","","","95.71","","","","-27","","NA"
"-113.54","54.82","ISLAND LAKE SOUTH","3063600","2023-01-28 15:00","2023","01","28","15:00","-15.7","","-22.8","","55","","0.0","","25","","30","","","","95.71","","","","-27","","NA"
"-113.54","54.82","ISLAND LAKE SOUTH","3063600","2023-01-28 16:00","2023","01","28","16:00","-16.4","","-23.5","","54","","0.0","","25","","28","","","","95.67","","","","-28","","NA"
"-113.54","54.82","ISLAND LAKE SOUTH","3063600","2023-01-28 17:00","2023","01","28","17:00","-17.3","","-23.6","","58","","0.0","","24","","25","","","","95.68","","","","-28","","NA"
"-113.54","54.82","ISLAND LAKE SOUTH","3063600","2023-01-28 18:00","2023","01","28","18:00","-17.6","","-23.6","","60","","0.0","","25","","29","","","","95.66","","","","-29","","NA"
"-113.54","54.82","ISLAND LAKE SOUTH","3063600","2023-01-28 19:00","2023","01","28","19:00","-18.4","","-23.7","","63","","0.0","","24","","26","","","","95.69","","","","-30","","NA"
"-113.54","54.82","ISLAND LAKE SOUTH","3063600","2023-01-28 20:00","2023","01","28","20:00","-18.7","","-23.3","","67","","0.0","","24","","24","","","","95.69","","","","-30","","NA"
"-113.54","54.82","ISLAND LAKE SOUTH","3063600","2023-01-28 21:00","2023","01","28","21:00","-18.4","","-23.0","","67","","0.0","","25","","24","","","","95.72","","","","-29","","NA"
"-113.54","54.82","ISLAND LAKE SOUTH","3063600","2023-01-28 22:00","2023","01","28","22:00","-19.0","","-23.1","","70","","0.0","","26","","21","","","","95.78","","","","-29","","NA"
"-113.54","54.82","ISLAND LAKE SOUTH","3063600","2023-01-28 23:00","2023","01","28","23:00","-19.3","","-23.8","","67","","0.0","","26","","23","","","","95.79","","","","-30","","NA"
"-113.54","54.82","ISLAND LAKE SOUTH","3063600","2023-01-29 00:00","2023","01","29","00:00","-19.9","","-24.1","","69","","0.0","","27","","15","","","","95.86","","","","-29","","NA"
"-113.54","54.82","ISLAND LAKE SOUTH","3063600","2023-01-29 01:00","2023","01","29","01:00","-21.4","","-25.0","","72","","0.0","","26","","9","","","","95.90","","","","-28","","NA"
"-113.54","54.82","ISLAND LAKE SOUTH","3063600","2023-01-29 02:00","2023","01","29","02:00","-22.5","","-25.8","","74","","0.0","","24","","8","","","","95.91","","","","-29","","NA"
"-113.54","54.82","ISLAND LAKE SOUTH","3063600","2023-01-29 03:00","2023","01","29","03:00","-23.5","","-26.6","","76","","0.0","","25","","9","","","","95.92","","","","-31","","NA"
"-113.54","54.82","ISLAND LAKE SOUTH","3063600","2023-01-29 04:00","2023","01","29","04:00","-23.2","","-26.1","","77","","0.0","","22","","9","","","","95.91","","","","-31","","NA"
"-113.54","54.82","ISLAND LAKE SOUTH","3063600","2023-01-29 05:00","2023","01","29","05:00","-23.8","","-26.4","","79","","0.0","","23","","10","","","","95.84","","","","-32","","NA"
"-113.54","54.82","ISLAND LAKE SOUTH","3063600","2023-01-29 06:00","2023","01","29","06:00","-23.8","","-26.4","","79","","0.0","","22","","8","","","","95.76","","","","-31","","NA"
"-113.54","54.82","ISLAND LAKE SOUTH","3063600","2023-01-29 07:00","2023","01","29","07:00","-24.3","","-26.8","","80","","0.0","","17","","4","","","","95.71","","","","-28","","NA"
"-113.54","54.82","ISLAND LAKE SOUTH","3063600","2023-01-29 08:00","2023","01","29","08:00","-24.9","","-27.3","","80","","0.0","","14","","5","","","","95.63","","","","-30","","NA"
"-113.54","54.82","ISLAND LAKE SOUTH","3063600","2023-01-29 09:00","2023","01","29","09:00","-23.9","","-26.6","","78","","0.0","","14","","4","","","","95.55","","","","-28","","NA"
"-113.54","54.82","ISLAND LAKE SOUTH","3063600","2023-01-29 10:00","2023","01","29","10:00","-21.9","","-25.4","","73","","0.0","","9","","4","","","","95.43","","","","-26","","NA"
"-113.54","54.82","ISLAND LAKE SOUTH","3063600","2023-01-29 11:00","2023","01","29","11:00","-20.5","","-24.5","","70","","0.0","","11","","3","","","","95.35","","","","-23","","NA"
"-113.54","54.82","ISLAND LAKE SOUTH","3063600","2023-01-29 12:00","2023","01","29","12:00","-19.1","","-23.4","","68","","0.0","","11","","2","","","","95.25","","","","-21","","NA"
"-113.54","54.82","ISLAND LAKE SOUTH","3063600","2023-01-29 13:00","2023","01","29","13:00","-15.1","","-21.6","","57","","0.0","","14","","4","","","","95.07","","","","-18","","NA"
"-113.54","54.82","ISLAND LAKE SOUTH","3063600","2023-01-29 14:00","2023","01","29","14:00","-14.9","","-22.0","","55","","0.0","","14","","6","","","","94.86","","","","-19","","NA"
"-113.54","54.82","ISLAND LAKE SOUTH","3063600","2023-01-29 15:00","2023","01","29","15:00","-15.5","","-22.3","","56","","0.0","","11","","8","","","","94.74","","","","-21","","NA"
"-113.54","54.82","ISLAND LAKE SOUTH","3063600","2023-01-29 16:00","2023","01","29","16:00","-15.6","","-22.1","","57","","0.0","","14","","7","","","","94.66","","","","-21","","NA"
"-113.54","54.82","ISLAND LAKE SOUTH","3063600","2023-01-29 17:00","2023","01","29","17:00","-16.6","","-22.1","","62","","0.0","","16","","8","","","","94.54","","","","-22","","NA"
"-113.54","54.82","ISLAND LAKE SOUTH","3063600","2023-01-29 18:00","2023","01","29","18:00","-17.1","","-22.4","","63","","0.0","","21","","9","","","","94.45","","","","-23","","NA"
"-113.54","54.82","ISLAND LAKE SOUTH","3063600","2023-01-29 19:00","2023","01","29","19:00","-16.9","","-21.0","","70","","0.0","","22","","4","","","","94.44","","","","-20","","NA"
"-113.54","54.82","ISLAND LAKE SOUTH","3063600","2023-01-29 20:00","2023","01","29","20:00","-14.3","","-17.6","","76","","0.0","","25","","19","","","","94.45","","","","-23","","NA"
"-113.54","54.82","ISLAND LAKE SOUTH","3063600","2023-01-29 21:00","2023","01","29","21:00","-12.5","","-16.4","","72","","0.0","","25","","26","","","","94.46","","","","-22","","NA"
"-113.54","54.82","ISLAND LAKE SOUTH","3063600","2023-01-29 22:00","2023","01","29","22:00","-12.3","","-16.5","","71","","0.0","","26","","29","","","","94.51","","","","-22","","NA"
"-113.54","54.82","ISLAND LAKE SOUTH","3063600","2023-01-29 23:00","2023","01","29","23:00","-12.5","","-16.2","","74","","0.0","","27","","24","","","","94.59","","","","-22","","NA"
"-113.54","54.82","ISLAND LAKE SOUTH","3063600","2023-01-30 00:00","2023","01","30","00:00","-12.7","","-17.0","","70","","0.0","","27","","26","","","","94.65","","","","-22","","NA"
"-113.54","54.82","ISLAND LAKE SOUTH","3063600","2023-01-30 01:00","2023","01","30","01:00","-13.0","","-17.7","","67","","0.0","","27","","23","","","","94.68","","","","-22","","NA"
"-113.54","54.82","ISLAND LAKE SOUTH","3063600","2023-01-30 02:00","2023","01","30","02:00","-12.9","","-17.5","","68","","0.0","","28","","20","","","","94.71","","","","-22","","NA"
"-113.54","54.82","ISLAND LAKE SOUTH","3063600","2023-01-30 03:00","2023","01","30","03:00","-12.9","","-17.2","","71","","0.0","","27","","15","","","","94.74","","","","-20","","NA"
"-113.54","54.82","ISLAND LAKE SOUTH","3063600","2023-01-30 04:00","2023","01","30","04:00","-13.2","","-18.0","","67","","0.0","","27","","25","","","","94.76","","","","-23","","NA"
"-113.54","54.82","ISLAND LAKE SOUTH","3063600","2023-01-30 05:00","2023","01","30","05:00","-14.9","","-19.0","","71","","0.0","","27","","10","","","","94.77","","","","-21","","NA"
"-113.54","54.82","ISLAND LAKE SOUTH","3063600","2023-01-30 06:00","2023","01","30","06:00","-17.0","","-20.1","","77","","0.0","","24","","10","","","","94.73","","","","-24","","NA"
"-113.54","54.82","ISLAND LAKE SOUTH","3063600","2023-01-30 07:00","2023","01","30","07:00","-17.9","","-20.5","","80","","0.0","","22","","7","","","","94.68","","","","-23","","NA"
"-113.54","54.82","ISLAND LAKE SOUTH","3063600","2023-01-30 08:00","2023","01","30","08:00","-17.4","","-20.2","","79","","0.0","","22","","7","","","","94.69","","","","-23","","NA"
"-113.54","54.82","ISLAND LAKE SOUTH","3063600","2023-01-30 09:00","2023","01","30","09:00","-16.3","","-18.8","","81","","0.0","","25","","11","","","","94.66","","","","-23","","NA"
"-113.54","54.82","ISLAND LAKE SOUTH","3063600","2023-01-30 10:00","2023","01","30","10:00","-15.6","","-18.1","","81","","0.0","","14","","3","","","","94.60","","","","-18","","NA"
"-113.54","54.82","ISLAND LAKE SOUTH","3063600","2023-01-30 11:00","2023","01","30","11:00","-14.1","","-17.0","","79","","0.0","","13","","3","","","","94.56","","","","-16","","NA"
"-113.54","54.82","ISLAND LAKE SOUTH","3063600","2023-01-30 12:00","2023","01","30","12:00","-12.8","","-16.2","","76","","0.0","","12","","3","","","","94.51","","","","-15","","NA"
"-113.54","54.82","ISLAND LAKE SOUTH","3063600","2023-01-30 13:00","2023","01","30","13:00","-11.5","","-15.3","","74","","0.0","","10","","5","","","","94.40","","","","-15","","NA"
"-113.54","54.82","ISLAND LAKE SOUTH","3063600","2023-01-30 14:00","2023","01","30","14:00","-10.0","","-14.6","","69","","0.0","","14","","2","","","","94.30","","","","-11","","NA"
"-113.54","54.82","ISLAND LAKE SOUTH","3063600","2023-01-30 15:00","2023","01","30","15:00","-9.8","","-14.6","","68","","0.0","","13","","4","","","","94.21","","","","-12","","NA"
"-113.54","54.82","ISLAND LAKE SOUTH","3063600","2023-01-30 16:00","2023","01","30","16:00","-10.3","","-14.7","","70","","0.0","","13","","5","","","","94.15","","","","-13","","NA"
"-113.54","54.82","ISLAND LAKE SOUTH","3063600","2023-01-30 17:00","2023","01","30","17:00","-11.3","","-15.3","","73","","0.0","","10","","4","","","","94.09","","","","-14","","NA"
"-113.54","54.82","ISLAND LAKE SOUTH","3063600","2023-01-30 18:00","2023","01","30","18:00","-11.7","","-15.4","","74","","0.0","","9","","4","","","","94.00","","","","-14","","NA"
"-113.54","54.82","ISLAND LAKE SOUTH","3063600","2023-01-30 19:00","2023","01","30","19:00","-12.0","","-15.1","","78","","0.0","","13","","3","","","","93.95","","","","-14","","NA"
"-113.54","54.82","ISLAND LAKE SOUTH","3063600","2023-01-30 20:00","2023","01","30","20:00","-11.8","","-14.8","","78","","0.0","","12","","2","","","","93.92","","","","-13","","NA"
"-113.54","54.82","ISLAND LAKE SOUTH","3063600","2023-01-30 21:00","2023","01","30","21:00","-11.7","","-14.1","","82","","0.1","","8","","3","","","","93.89","","","","-14","","NA"
"-113.54","54.82","ISLAND LAKE SOUTH","3063600","2023-01-30 22:00","2023","01","30","22:00","-11.8","","-13.8","","85","","0.1","","3","","4","","","","93.85","","","","-14","","NA"
"-113.54","54.82","ISLAND LAKE SOUTH","3063600","2023-01-30 23:00","2023","01","30","23:00","-11.9","","-13.5","","87","","0.3","","36","","4","","","","93.84","","","","-14","","NA"
"-113.54","54.82","ISLAND LAKE SOUTH","3063600","2023-01-31 00:00","2023","01","31","00:00","-11.9","","-13.5","","87","","0.2","","36","","3","","","","93.83","","","","-14","","NA"
"-113.54","54.82","ISLAND LAKE SOUTH","3063600","2023-01-31 01:00","2023","01","31","01:00","-12.0","","-13.7","","87","","0.4","","35","","2","","","","93.81","","","","-13","","NA"
"-113.54","54.82","ISLAND LAKE SOUTH","3063600","2023-01-31 02:00","2023","01","31","02:00","-12.2","","-13.8","","88","","0.2","","31","","2","","","","93.82","","","","-13","","NA"
"-113.54","54.82","ISLAND LAKE SOUTH","3063600","2023-01-31 03:00","2023","01","31","03:00","-12.9","","-14.6","","87","","0.1","","28","","3","","","","93.85","","","","-15","","NA"
"-113.54","54.82","ISLAND LAKE SOUTH","3063600","2023-01-31 04:00","2023","01","31","04:00","-12.7","","-14.4","","87","","0.1","","29","","4","","","","93.90","","","","-15","","NA"
"-113.54","54.82","ISLAND LAKE SOUTH","3063600","2023-01-31 05:00","2023","01","31","05:00","-12.5","","-14.5","","85","","0.0","","31","","3","","","","93.96","","","","-14","","NA"
"-113.54","54.82","ISLAND LAKE SOUTH","3063600","2023-01-31 06:00","2023","01","31","06:00","-13.0","","-15.5","","81","","0.0","","31","","5","","","","93.99","","","","-16","","NA"
"-113.54","54.82","ISLAND LAKE SOUTH","3063600","2023-01-31 07:00","2023","01","31","07:00","-13.9","","-16.7","","79","","0.0","","31","","3","","","","93.97","","","","-16","","NA"
"-113.54","54.82","ISLAND LAKE SOUTH","3063600","2023-01-31 08:00","2023","01","31","08:00","-15.1","","-17.5","","82","","0.0","","29","","2","","","","93.99","","","","-17","","NA"
"-113.54","54.82","ISLAND LAKE SOUTH","3063600","2023-01-31 09:00","2023","01","31","09:00","-14.3","","-16.5","","83","","0.0","","0","","1","","","","94.01","","","","-15","","NA"
"-113.54","54.82","ISLAND LAKE SOUTH","3063600","2023-01-31 10:00","2023","01","31","10:00","-13.5","","-16.4","","79","","0.0","","","","0","","","","94.04","","","","","","NA"
"-113.54","54.82","ISLAND LAKE SOUTH","3063600","2023-01-31 11:00","2023","01","31","11:00","-12.7","","-16.2","","75","","0.0","","","","0","","","","94.03","","","","","","NA"
"-113.54","54.82","ISLAND LAKE SOUTH","3063600","2023-01-31 12:00","2023","01","31","12:00","-12.9","","-16.0","","77","","0.0","","3","","5","","","","94.01","","","","-16","","NA"
"-113.54","54.82","ISLAND LAKE SOUTH","3063600","2023-01-31 13:00","2023","01","31","13:00","-12.3","","-15.4","","77","","0.0","","11","","2","","","","93.97","","","","-14","","NA"
"-113.54","54.82","ISLAND LAKE SOUTH","3063600","2023-01-31 14:00","2023","01","31","14:00","-12.4","","-15.4","","79","","0.0","","11","","5","","","","93.94","","","","-16","","NA"
"-113.54","54.82","ISLAND LAKE SOUTH","3063600","2023-01-31 15:00","2023","01","31","15:00","-12.2","","-15.1","","79","","0.0","","10","","4","","","","93.91","","","","-15","","NA"
"-113.54","54.82","ISLAND LAKE SOUTH","3063600","2023-01-31 16:00","2023","01","31","16:00","-12.3","","-15.0","","80","","0.0","","11","","4","","","","93.91","","","","-15","","NA"
"-113.54","54.82","ISLAND LAKE SOUTH","3063600","2023-01-31 17:00","2023","01","31","17:00","-12.9","","-15.3","","82","","0.0","","8","","4","","","","93.89","","","","-16","","NA"
"-113.54","54.82","ISLAND LAKE SOUTH","3063600","2023-01-31 18:00","2023","01","31","18:00","-13.5","","-15.5","","85","","0.0","","7","","4","","","","93.88","","","","-16","","NA"
"-113.54","54.82","ISLAND LAKE SOUTH","3063600","2023-01-31 19:00","2023","01","31","19:00","-13.8","","-15.7","","86","","0.0","","9","","4","","","","93.86","","","","-17","","NA"
"-113.54","54.82","ISLAND LAKE SOUTH","3063600","2023-01-31 20:00","2023","01","31","20:00","-14.2","","-16.0","","86","","0.1","","8","","3","","","","93.86","","","","-16","","NA"
"-113.54","54.82","ISLAND LAKE SOUTH","3063600","2023-01-31 21:00","2023","01","31","21:00","-14.5","","-16.0","","88","","0.0","","4","","3","","","","93.86","","","","-17","","NA"
"-113.54","54.82","ISLAND LAKE SOUTH","3063600","2023-01-31 22:00","2023","01","31","22:00","-14.4","","-16.2","","87","","0.0","","3","","3","","","","93.85","","","","-17","","NA"
"-113.54","54.82","ISLAND LAKE SOUTH","3063600","2023-01-31 23:00","2023","01","31","23:00","-14.5","","-16.3","","86","","0.1","","0","","1","","","","93.85","","","","-15","","NA"
