"Longitude (x)","Latitude (y)","Station Name","Climate ID","Date/Time (LST)","Year","Month","Day","Time (LST)","Temp (°C)","Temp Flag","Dew Point Temp (°C)","Dew Point Temp Flag","Rel Hum (%)","Rel Hum Flag","Precip. Amount (mm)","Precip. Amount Flag","Wind Dir (10s deg)","Wind Dir Flag","Wind Spd (km/h)","Wind Spd Flag","Visibility (km)","Visibility Flag","Stn Press (kPa)","Stn Press Flag","Hmdx","Hmdx Flag","Wind Chill","Wind Chill Flag","Weather"
"-121.49","49.37","HOPE AIRPORT","1113543","2021-08-01 00:00","2021","08","01","00:00","24.2","","15.4","","58","","","M","7","","10","","","","101.04","","28","","","","NA"
"-121.49","49.37","HOPE AIRPORT","1113543","2021-08-01 01:00","2021","08","01","01:00","23.7","","15.2","","59","","","M","9","","14","","","","101.02","","28","","","","NA"
"-121.49","49.37","HOPE AIRPORT","1113543","2021-08-01 02:00","2021","08","01","02:00","23.1","","15.5","","62","","","M","7","","8","","","","101.07","","27","","","","NA"
"-121.49","49.37","HOPE AIRPORT","1113543","2021-08-01 03:00","2021","08","01","03:00","21.6","","16.7","","74","","","M","26","","14","","","","101.16","","27","","","","NA"
"-121.49","49.37","HOPE AIRPORT","1113543","2021-08-01 04:00","2021","08","01","04:00","20.8","","16.6","","77","","","M","23","","10","","","","101.18","","26","","","","NA"
"-121.49","49.37","HOPE AIRPORT","1113543","2021-08-01 05:00","2021","08","01","05:00","20.3","","17.0","","81","","","M","23","","6","","","","101.29","","26","","","","NA"
"-121.49","49.37","HOPE AIRPORT","1113543","2021-08-01 06:00","2021","08","01","06:00","19.4","","17.9","","91","","","M","6","","4","","","","101.41","","","","","","NA"
"-121.49","49.37","HOPE AIRPORT","1113543","2021-08-01 07:00","2021","08","01","07:00","19.2","","18.4","","95","","","M","10","","14","","","","101.46","","","","","","NA"
"-121.49","49.37","HOPE AIRPORT","1113543","2021-08-01 08:00","2021","08","01","08:00","19.3","","18.6","","96","","","M","8","","11","","","","101.49","","","","","","NA"
"-121.49","49.37","HOPE AIRPORT","1113543","2021-08-01 09:00","2021","08","01","09:00","19.6","","18.6","","94","","","M","8","","12","","","","101.51","","","","","","NA"
"-121.49","49.37","HOPE AIRPORT","1113543","2021-08-01 10:00","2021","08","01","10:00","19.7","","18.7","","94","","","M","8","","8","","","","101.50","","","","","","NA"
"-121.49","49.37","HOPE AIRPORT","1113543","2021-08-01 11:00","2021","08","01","11:00","20.1","","18.9","","93","","","M","9","","12","","","","101.46","","27","","","","NA"
"-121.49","49.37","HOPE AIRPORT","1113543","2021-08-01 12:00","2021","08","01","12:00","20.8","","19.2","","91","","","M","11","","19","","","","101.44","","28","","","","NA"
"-121.49","49.37","HOPE AIRPORT","1113543","2021-08-01 13:00","2021","08","01","13:00","21.2","","19.0","","87","","","M","9","","16","","","","101.42","","28","","","","NA"
"-121.49","49.37","HOPE AIRPORT","1113543","2021-08-01 14:00","2021","08","01","14:00","21.2","","19.3","","89","","","M","10","","16","","","","101.39","","28","","","","NA"
"-121.49","49.37","HOPE AIRPORT","1113543","2021-08-01 15:00","2021","08","01","15:00","21.5","","19.2","","86","","","M","11","","21","","","","101.37","","28","","","","NA"
"-121.49","49.37","HOPE AIRPORT","1113543","2021-08-01 16:00","2021","08","01","16:00","21.7","","19.0","","85","","","M","10","","19","","","","101.36","","28","","","","NA"
"-121.49","49.37","HOPE AIRPORT","1113543","2021-08-01 17:00","2021","08","01","17:00","21.9","","19.1","","84","","","M","10","","16","","","","101.33","","29","","","","NA"
"-121.49","49.37","HOPE AIRPORT","1113543","2021-08-01 18:00","2021","08","01","18:00","21.7","","19.2","","86","","","M","10","","15","","","","101.28","","29","","","","NA"
"-121.49","49.37","HOPE AIRPORT","1113543","2021-08-01 19:00","2021","08","01","19:00","21.2","","19.1","","87","","","M","9","","13","","","","101.28","","28","","","","NA"
"-121.49","49.37","HOPE AIRPORT","1113543","2021-08-01 20:00","2021","08","01","20:00","20.9","","19.1","","90","","","M","8","","10","","","","101.29","","28","","","","NA"
"-121.49","49.37","HOPE AIRPORT","1113543","2021-08-01 21:00","2021","08","01","21:00","20.3","","18.9","","92","","","M","9","","11","","","","101.36","","27","","","","NA"
"-121.49","49.37","HOPE AIRPORT","1113543","2021-08-01 22:00","2021","08","01","22:00","19.9","","18.8","","94","","","M","8","","8","","","","101.39","","","","","","NA"
"-121.49","49.37","HOPE AIRPORT","1113543","2021-08-01 23:00","2021","08","01","23:00","19.4","","18.6","","95","","","M","9","","8","","","","101.41","","","","","","NA"
"-121.49","49.37","HOPE AIRPORT","1113543","2021-08-02 00:00","2021","08","02","00:00","18.9","","18.2","","96","","","M","8","","3","","","","101.43","","","","","","NA"
"-121.49","49.37","HOPE AIRPORT","1113543","2021-08-02 01:00","2021","08","02","01:00","18.7","","18.1","","97","","","M","8","","5","","","","101.44","","","","","","NA"
"-121.49","49.37","HOPE AIRPORT","1113543","2021-08-02 02:00","2021","08","02","02:00","18.3","","17.9","","97","","","M","9","","7","","","","101.44","","","","","","NA"
"-121.49","49.37","HOPE AIRPORT","1113543","2021-08-02 03:00","2021","08","02","03:00","18.1","","17.7","","97","","","M","8","","7","","","","101.49","","","","","","NA"
"-121.49","49.37","HOPE AIRPORT","1113543","2021-08-02 04:00","2021","08","02","04:00","18.0","","17.6","","98","","","M","8","","4","","","","101.51","","","","","","NA"
"-121.49","49.37","HOPE AIRPORT","1113543","2021-08-02 05:00","2021","08","02","05:00","17.8","","17.4","","98","","","M","10","","8","","","","101.55","","","","","","NA"
"-121.49","49.37","HOPE AIRPORT","1113543","2021-08-02 06:00","2021","08","02","06:00","18.1","","17.7","","97","","","M","9","","6","","","","101.61","","","","","","NA"
"-121.49","49.37","HOPE AIRPORT","1113543","2021-08-02 07:00","2021","08","02","07:00","18.6","","17.6","","94","","","M","6","","3","","","","101.64","","","","","","NA"
"-121.49","49.37","HOPE AIRPORT","1113543","2021-08-02 08:00","2021","08","02","08:00","19.7","","18.0","","90","","","M","26","","3","","","","101.65","","","","","","NA"
"-121.49","49.37","HOPE AIRPORT","1113543","2021-08-02 09:00","2021","08","02","09:00","21.2","","17.7","","80","","","M","29","","4","","","","101.59","","27","","","","NA"
"-121.49","49.37","HOPE AIRPORT","1113543","2021-08-02 10:00","2021","08","02","10:00","23.1","","17.5","","71","","","M","25","","7","","","","101.54","","29","","","","NA"
"-121.49","49.37","HOPE AIRPORT","1113543","2021-08-02 11:00","2021","08","02","11:00","25.5","","18.2","","64","","","M","26","","16","","","","101.50","","32","","","","NA"
"-121.49","49.37","HOPE AIRPORT","1113543","2021-08-02 12:00","2021","08","02","12:00","27.1","","17.4","","55","","","M","28","","12","","","","101.42","","33","","","","NA"
"-121.49","49.37","HOPE AIRPORT","1113543","2021-08-02 13:00","2021","08","02","13:00","28.0","","13.9","","42","","","M","29","","11","","","","101.37","","31","","","","NA"
"-121.49","49.37","HOPE AIRPORT","1113543","2021-08-02 14:00","2021","08","02","14:00","29.3","","14.1","","39","","","M","29","","15","","","","101.31","","33","","","","NA"
"-121.49","49.37","HOPE AIRPORT","1113543","2021-08-02 15:00","2021","08","02","15:00","29.5","","16.6","","46","","","M","29","","16","","","","101.25","","35","","","","NA"
"-121.49","49.37","HOPE AIRPORT","1113543","2021-08-02 16:00","2021","08","02","16:00","29.7","","16.1","","44","","","M","29","","15","","","","101.21","","34","","","","NA"
"-121.49","49.37","HOPE AIRPORT","1113543","2021-08-02 17:00","2021","08","02","17:00","29.8","","15.9","","43","","","M","29","","13","","","","101.20","","34","","","","NA"
"-121.49","49.37","HOPE AIRPORT","1113543","2021-08-02 18:00","2021","08","02","18:00","29.2","","16.4","","46","","","M","28","","11","","","","101.19","","34","","","","NA"
"-121.49","49.37","HOPE AIRPORT","1113543","2021-08-02 19:00","2021","08","02","19:00","27.6","","16.6","","51","","","M","24","","12","","","","101.21","","33","","","","NA"
"-121.49","49.37","HOPE AIRPORT","1113543","2021-08-02 20:00","2021","08","02","20:00","25.6","","16.8","","58","","","M","20","","10","","","","101.24","","31","","","","NA"
"-121.49","49.37","HOPE AIRPORT","1113543","2021-08-02 21:00","2021","08","02","21:00","22.5","","17.0","","71","","","M","35","","1","","","","101.28","","28","","","","NA"
"-121.49","49.37","HOPE AIRPORT","1113543","2021-08-02 22:00","2021","08","02","22:00","19.1","","16.2","","83","","","M","0","","1","","","","101.32","","","","","","NA"
"-121.49","49.37","HOPE AIRPORT","1113543","2021-08-02 23:00","2021","08","02","23:00","19.1","","17.3","","89","","","M","3","","1","","","","101.35","","","","","","NA"
"-121.49","49.37","HOPE AIRPORT","1113543","2021-08-03 00:00","2021","08","03","00:00","17.7","","16.5","","93","","","M","9","","2","","","","101.36","","","","","","NA"
"-121.49","49.37","HOPE AIRPORT","1113543","2021-08-03 01:00","2021","08","03","01:00","20.2","","14.8","","71","","","M","8","","10","","","","101.36","","","","","","NA"
"-121.49","49.37","HOPE AIRPORT","1113543","2021-08-03 02:00","2021","08","03","02:00","19.3","","14.7","","75","","","M","8","","11","","","","101.36","","","","","","NA"
"-121.49","49.37","HOPE AIRPORT","1113543","2021-08-03 03:00","2021","08","03","03:00","18.3","","14.6","","79","","","M","9","","12","","","","101.37","","","","","","NA"
"-121.49","49.37","HOPE AIRPORT","1113543","2021-08-03 04:00","2021","08","03","04:00","17.5","","14.8","","84","","","M","9","","13","","","","101.36","","","","","","NA"
"-121.49","49.37","HOPE AIRPORT","1113543","2021-08-03 05:00","2021","08","03","05:00","16.8","","14.9","","89","","","M","10","","15","","","","101.39","","","","","","NA"
"-121.49","49.37","HOPE AIRPORT","1113543","2021-08-03 06:00","2021","08","03","06:00","18.2","","13.0","","72","","","M","8","","12","","","","101.41","","","","","","NA"
"-121.49","49.37","HOPE AIRPORT","1113543","2021-08-03 07:00","2021","08","03","07:00","19.6","","13.5","","68","","","M","8","","10","","","","101.42","","","","","","NA"
"-121.49","49.37","HOPE AIRPORT","1113543","2021-08-03 08:00","2021","08","03","08:00","21.4","","13.3","","60","","","M","9","","14","","","","101.35","","","","","","NA"
"-121.49","49.37","HOPE AIRPORT","1113543","2021-08-03 09:00","2021","08","03","09:00","25.1","","11.8","","44","","","M","10","","14","","","","101.26","","27","","","","NA"
"-121.49","49.37","HOPE AIRPORT","1113543","2021-08-03 10:00","2021","08","03","10:00","27.0","","12.9","","42","","","M","31","","3","","","","101.18","","30","","","","NA"
"-121.49","49.37","HOPE AIRPORT","1113543","2021-08-03 11:00","2021","08","03","11:00","27.8","","13.3","","41","","","M","26","","19","","","","101.11","","31","","","","NA"
"-121.49","49.37","HOPE AIRPORT","1113543","2021-08-03 12:00","2021","08","03","12:00","27.9","","15.1","","45","","","M","28","","20","","","","101.05","","32","","","","NA"
"-121.49","49.37","HOPE AIRPORT","1113543","2021-08-03 13:00","2021","08","03","13:00","29.2","","15.4","","43","","","M","28","","20","","","","100.99","","33","","","","NA"
"-121.49","49.37","HOPE AIRPORT","1113543","2021-08-03 14:00","2021","08","03","14:00","30.2","","14.9","","40","","","M","28","","15","","","","100.93","","34","","","","NA"
"-121.49","49.37","HOPE AIRPORT","1113543","2021-08-03 15:00","2021","08","03","15:00","30.4","","15.8","","41","","","M","28","","18","","","","100.90","","35","","","","NA"
"-121.49","49.37","HOPE AIRPORT","1113543","2021-08-03 16:00","2021","08","03","16:00","30.7","","16.6","","43","","","M","27","","23","","","","100.85","","36","","","","NA"
"-121.49","49.37","HOPE AIRPORT","1113543","2021-08-03 17:00","2021","08","03","17:00","30.1","","17.4","","47","","","M","28","","18","","","","100.81","","36","","","","NA"
"-121.49","49.37","HOPE AIRPORT","1113543","2021-08-03 18:00","2021","08","03","18:00","28.8","","15.8","","45","","","M","29","","17","","","","100.84","","33","","","","NA"
"-121.49","49.37","HOPE AIRPORT","1113543","2021-08-03 19:00","2021","08","03","19:00","27.6","","14.7","","45","","","M","28","","17","","","","100.89","","31","","","","NA"
"-121.49","49.37","HOPE AIRPORT","1113543","2021-08-03 20:00","2021","08","03","20:00","26.7","","13.4","","44","","","M","27","","11","","","","100.93","","30","","","","NA"
"-121.49","49.37","HOPE AIRPORT","1113543","2021-08-03 21:00","2021","08","03","21:00","24.7","","14.3","","52","","","M","20","","9","","","","101.01","","28","","","","NA"
"-121.49","49.37","HOPE AIRPORT","1113543","2021-08-03 22:00","2021","08","03","22:00","22.7","","14.9","","61","","","M","26","","13","","","","101.03","","27","","","","NA"
"-121.49","49.37","HOPE AIRPORT","1113543","2021-08-03 23:00","2021","08","03","23:00","23.2","","14.8","","60","","","M","22","","14","","","","101.06","","27","","","","NA"
"-121.49","49.37","HOPE AIRPORT","1113543","2021-08-04 00:00","2021","08","04","00:00","22.3","","14.7","","62","","","M","21","","11","","","","101.08","","26","","","","NA"
"-121.49","49.37","HOPE AIRPORT","1113543","2021-08-04 01:00","2021","08","04","01:00","19.7","","14.1","","70","","","M","25","","10","","","","101.08","","","","","","NA"
"-121.49","49.37","HOPE AIRPORT","1113543","2021-08-04 02:00","2021","08","04","02:00","19.5","","14.1","","71","","","M","27","","3","","","","101.12","","","","","","NA"
"-121.49","49.37","HOPE AIRPORT","1113543","2021-08-04 03:00","2021","08","04","03:00","17.8","","14.4","","80","","","M","","","0","","","","101.12","","","","","","NA"
"-121.49","49.37","HOPE AIRPORT","1113543","2021-08-04 04:00","2021","08","04","04:00","16.2","","13.8","","86","","","M","","","0","","","","101.14","","","","","","NA"
"-121.49","49.37","HOPE AIRPORT","1113543","2021-08-04 05:00","2021","08","04","05:00","16.1","","14.5","","90","","","M","0","","1","","","","101.17","","","","","","NA"
"-121.49","49.37","HOPE AIRPORT","1113543","2021-08-04 06:00","2021","08","04","06:00","16.5","","15.1","","92","","","M","0","","1","","","","101.19","","","","","","NA"
"-121.49","49.37","HOPE AIRPORT","1113543","2021-08-04 07:00","2021","08","04","07:00","19.0","","14.7","","76","","","M","26","","2","","","","101.21","","","","","","NA"
"-121.49","49.37","HOPE AIRPORT","1113543","2021-08-04 08:00","2021","08","04","08:00","21.0","","14.6","","67","","","M","27","","6","","","","101.19","","25","","","","NA"
"-121.49","49.37","HOPE AIRPORT","1113543","2021-08-04 09:00","2021","08","04","09:00","22.1","","14.8","","63","","","M","25","","11","","","","101.11","","26","","","","NA"
"-121.49","49.37","HOPE AIRPORT","1113543","2021-08-04 10:00","2021","08","04","10:00","24.7","","14.2","","52","","","M","25","","15","","","","101.05","","28","","","","NA"
"-121.49","49.37","HOPE AIRPORT","1113543","2021-08-04 11:00","2021","08","04","11:00","27.3","","12.9","","41","","","M","26","","21","","","","100.96","","30","","","","NA"
"-121.49","49.37","HOPE AIRPORT","1113543","2021-08-04 12:00","2021","08","04","12:00","28.1","","12.6","","38","","","M","29","","16","","","","100.88","","31","","","","NA"
"-121.49","49.37","HOPE AIRPORT","1113543","2021-08-04 13:00","2021","08","04","13:00","29.8","","12.7","","35","","","M","28","","17","","","","100.83","","32","","","","NA"
"-121.49","49.37","HOPE AIRPORT","1113543","2021-08-04 14:00","2021","08","04","14:00","30.7","","12.6","","33","","","M","29","","18","","","","100.77","","33","","","","NA"
"-121.49","49.37","HOPE AIRPORT","1113543","2021-08-04 15:00","2021","08","04","15:00","31.2","","13.2","","34","","","M","29","","15","","","","100.70","","34","","","","NA"
"-121.49","49.37","HOPE AIRPORT","1113543","2021-08-04 16:00","2021","08","04","16:00","31.3","","12.5","","32","","","M","29","","14","","","","100.63","","34","","","","NA"
"-121.49","49.37","HOPE AIRPORT","1113543","2021-08-04 17:00","2021","08","04","17:00","31.4","","12.4","","31","","","M","29","","14","","","","100.60","","34","","","","NA"
"-121.49","49.37","HOPE AIRPORT","1113543","2021-08-04 18:00","2021","08","04","18:00","31.0","","12.0","","31","","","M","28","","13","","","","100.58","","33","","","","NA"
"-121.49","49.37","HOPE AIRPORT","1113543","2021-08-04 19:00","2021","08","04","19:00","29.5","","13.3","","37","","","M","29","","11","","","","100.60","","32","","","","NA"
"-121.49","49.37","HOPE AIRPORT","1113543","2021-08-04 20:00","2021","08","04","20:00","26.7","","14.0","","46","","","M","24","","11","","","","100.64","","30","","","","NA"
"-121.49","49.37","HOPE AIRPORT","1113543","2021-08-04 21:00","2021","08","04","21:00","25.7","","13.6","","47","","","M","22","","12","","","","100.69","","29","","","","NA"
"-121.49","49.37","HOPE AIRPORT","1113543","2021-08-04 22:00","2021","08","04","22:00","22.1","","13.3","","57","","","M","23","","6","","","","100.71","","25","","","","NA"
"-121.49","49.37","HOPE AIRPORT","1113543","2021-08-04 23:00","2021","08","04","23:00","19.6","","12.9","","65","","","M","23","","6","","","","100.74","","","","","","NA"
"-121.49","49.37","HOPE AIRPORT","1113543","2021-08-05 00:00","2021","08","05","00:00","17.9","","13.3","","74","","","M","0","","1","","","","100.76","","","","","","NA"
"-121.49","49.37","HOPE AIRPORT","1113543","2021-08-05 01:00","2021","08","05","01:00","16.8","","14.1","","84","","","M","","","0","","","","100.75","","","","","","NA"
"-121.49","49.37","HOPE AIRPORT","1113543","2021-08-05 02:00","2021","08","05","02:00","16.9","","14.1","","83","","","M","9","","3","","","","100.76","","","","","","NA"
"-121.49","49.37","HOPE AIRPORT","1113543","2021-08-05 03:00","2021","08","05","03:00","16.4","","13.6","","84","","","M","7","","2","","","","100.77","","","","","","NA"
"-121.49","49.37","HOPE AIRPORT","1113543","2021-08-05 04:00","2021","08","05","04:00","16.3","","13.5","","83","","","M","7","","4","","","","100.79","","","","","","NA"
"-121.49","49.37","HOPE AIRPORT","1113543","2021-08-05 05:00","2021","08","05","05:00","16.6","","13.3","","81","","","M","8","","6","","","","100.82","","","","","","NA"
"-121.49","49.37","HOPE AIRPORT","1113543","2021-08-05 06:00","2021","08","05","06:00","18.2","","13.3","","73","","","M","9","","8","","","","100.85","","","","","","NA"
"-121.49","49.37","HOPE AIRPORT","1113543","2021-08-05 07:00","2021","08","05","07:00","20.6","","13.2","","62","","","M","8","","7","","","","100.82","","","","","","NA"
"-121.49","49.37","HOPE AIRPORT","1113543","2021-08-05 08:00","2021","08","05","08:00","23.3","","10.9","","46","","","M","9","","4","","","","100.77","","25","","","","NA"
"-121.49","49.37","HOPE AIRPORT","1113543","2021-08-05 09:00","2021","08","05","09:00","23.8","","11.1","","45","","","M","26","","14","","","","100.71","","26","","","","NA"
"-121.49","49.37","HOPE AIRPORT","1113543","2021-08-05 10:00","2021","08","05","10:00","25.6","","11.8","","42","","","M","28","","15","","","","100.64","","28","","","","NA"
"-121.49","49.37","HOPE AIRPORT","1113543","2021-08-05 11:00","2021","08","05","11:00","27.3","","11.3","","37","","","M","29","","16","","","","100.59","","29","","","","NA"
"-121.49","49.37","HOPE AIRPORT","1113543","2021-08-05 12:00","2021","08","05","12:00","29.2","","11.2","","33","","","M","31","","12","","","","100.49","","31","","","","NA"
"-121.49","49.37","HOPE AIRPORT","1113543","2021-08-05 13:00","2021","08","05","13:00","30.7","","12.9","","34","","","M","28","","22","","","","100.46","","33","","","","NA"
"-121.49","49.37","HOPE AIRPORT","1113543","2021-08-05 14:00","2021","08","05","14:00","31.0","","13.2","","34","","","M","28","","25","","","","100.45","","34","","","","NA"
"-121.49","49.37","HOPE AIRPORT","1113543","2021-08-05 15:00","2021","08","05","15:00","30.3","","13.5","","36","","","M","28","","24","","","","100.46","","33","","","","NA"
"-121.49","49.37","HOPE AIRPORT","1113543","2021-08-05 16:00","2021","08","05","16:00","30.2","","13.0","","35","","","M","28","","20","","","","100.46","","33","","","","NA"
"-121.49","49.37","HOPE AIRPORT","1113543","2021-08-05 17:00","2021","08","05","17:00","29.6","","12.6","","35","","","M","28","","21","","","","100.47","","32","","","","NA"
"-121.49","49.37","HOPE AIRPORT","1113543","2021-08-05 18:00","2021","08","05","18:00","28.3","","12.1","","37","","","M","29","","21","","","","100.51","","31","","","","NA"
"-121.49","49.37","HOPE AIRPORT","1113543","2021-08-05 19:00","2021","08","05","19:00","27.4","","12.7","","40","","","M","28","","17","","","","100.60","","30","","","","NA"
"-121.49","49.37","HOPE AIRPORT","1113543","2021-08-05 20:00","2021","08","05","20:00","25.9","","14.3","","49","","","M","29","","17","","","","100.67","","29","","","","NA"
"-121.49","49.37","HOPE AIRPORT","1113543","2021-08-05 21:00","2021","08","05","21:00","25.5","","14.6","","51","","","M","29","","17","","","","100.73","","29","","","","NA"
"-121.49","49.37","HOPE AIRPORT","1113543","2021-08-05 22:00","2021","08","05","22:00","24.7","","15.1","","55","","","M","29","","16","","","","100.75","","29","","","","NA"
"-121.49","49.37","HOPE AIRPORT","1113543","2021-08-05 23:00","2021","08","05","23:00","23.7","","15.8","","61","","","M","28","","20","","","","100.74","","28","","","","NA"
"-121.49","49.37","HOPE AIRPORT","1113543","2021-08-06 00:00","2021","08","06","00:00","23.2","","16.0","","64","","","M","27","","23","","","","100.78","","28","","","","NA"
"-121.49","49.37","HOPE AIRPORT","1113543","2021-08-06 01:00","2021","08","06","01:00","22.3","","16.2","","68","","","M","29","","21","","","","100.77","","27","","","","NA"
"-121.49","49.37","HOPE AIRPORT","1113543","2021-08-06 02:00","2021","08","06","02:00","20.6","","17.0","","80","","","M","29","","20","","","","100.81","","26","","","","NA"
"-121.49","49.37","HOPE AIRPORT","1113543","2021-08-06 03:00","2021","08","06","03:00","20.1","","16.9","","82","","","M","26","","18","","","","100.81","","25","","","","NA"
"-121.49","49.37","HOPE AIRPORT","1113543","2021-08-06 04:00","2021","08","06","04:00","19.5","","16.8","","84","","","M","25","","18","","","","100.84","","","","","","NA"
"-121.49","49.37","HOPE AIRPORT","1113543","2021-08-06 05:00","2021","08","06","05:00","19.3","","16.6","","85","","","M","27","","18","","","","100.86","","","","","","NA"
"-121.49","49.37","HOPE AIRPORT","1113543","2021-08-06 06:00","2021","08","06","06:00","18.7","","16.8","","89","","","M","27","","18","","","","100.90","","","","","","NA"
"-121.49","49.37","HOPE AIRPORT","1113543","2021-08-06 07:00","2021","08","06","07:00","19.1","","16.7","","86","","","M","25","","20","","","","100.95","","","","","","NA"
"-121.49","49.37","HOPE AIRPORT","1113543","2021-08-06 08:00","2021","08","06","08:00","19.8","","16.4","","81","","","M","28","","17","","","","101.01","","","","","","NA"
"-121.49","49.37","HOPE AIRPORT","1113543","2021-08-06 09:00","2021","08","06","09:00","20.4","","16.3","","77","","","M","28","","17","","","","100.98","","25","","","","NA"
"-121.49","49.37","HOPE AIRPORT","1113543","2021-08-06 10:00","2021","08","06","10:00","21.5","","15.8","","70","","","M","29","","14","","","","101.00","","26","","","","NA"
"-121.49","49.37","HOPE AIRPORT","1113543","2021-08-06 11:00","2021","08","06","11:00","24.2","","14.4","","54","","","M","27","","22","","","","100.99","","28","","","","NA"
"-121.49","49.37","HOPE AIRPORT","1113543","2021-08-06 12:00","2021","08","06","12:00","25.1","","14.4","","52","","","M","27","","28","","","","100.99","","29","","","","NA"
"-121.49","49.37","HOPE AIRPORT","1113543","2021-08-06 13:00","2021","08","06","13:00","24.9","","12.5","","46","","","M","27","","31","","","","100.97","","27","","","","NA"
"-121.49","49.37","HOPE AIRPORT","1113543","2021-08-06 14:00","2021","08","06","14:00","24.9","","11.0","","42","","","M","28","","22","","","","100.97","","27","","","","NA"
"-121.49","49.37","HOPE AIRPORT","1113543","2021-08-06 15:00","2021","08","06","15:00","24.1","","6.6","","32","","","M","27","","33","","","","100.98","","","","","","NA"
"-121.49","49.37","HOPE AIRPORT","1113543","2021-08-06 16:00","2021","08","06","16:00","23.3","","9.2","","41","","","M","28","","19","","","","100.98","","","","","","NA"
"-121.49","49.37","HOPE AIRPORT","1113543","2021-08-06 17:00","2021","08","06","17:00","22.8","","10.8","","47","","","M","28","","20","","","","100.99","","","","","","NA"
"-121.49","49.37","HOPE AIRPORT","1113543","2021-08-06 18:00","2021","08","06","18:00","21.9","","13.9","","61","","","M","29","","15","","","","100.97","","25","","","","NA"
"-121.49","49.37","HOPE AIRPORT","1113543","2021-08-06 19:00","2021","08","06","19:00","21.1","","14.6","","67","","","M","28","","16","","","","100.97","","25","","","","NA"
"-121.49","49.37","HOPE AIRPORT","1113543","2021-08-06 20:00","2021","08","06","20:00","20.5","","14.5","","68","","","M","28","","14","","","","101.02","","","","","","NA"
"-121.49","49.37","HOPE AIRPORT","1113543","2021-08-06 21:00","2021","08","06","21:00","20.1","","14.2","","69","","","M","29","","13","","","","101.01","","","","","","NA"
"-121.49","49.37","HOPE AIRPORT","1113543","2021-08-06 22:00","2021","08","06","22:00","19.7","","14.0","","70","","","M","28","","14","","","","101.02","","","","","","NA"
"-121.49","49.37","HOPE AIRPORT","1113543","2021-08-06 23:00","2021","08","06","23:00","19.3","","14.0","","71","","","M","28","","15","","","","101.03","","","","","","NA"
"-121.49","49.37","HOPE AIRPORT","1113543","2021-08-07 00:00","2021","08","07","00:00","19.1","","13.4","","70","","","M","27","","15","","","","101.02","","","","","","NA"
"-121.49","49.37","HOPE AIRPORT","1113543","2021-08-07 01:00","2021","08","07","01:00","18.3","","12.7","","70","","","M","29","","11","","","","100.98","","","","","","NA"
"-121.49","49.37","HOPE AIRPORT","1113543","2021-08-07 02:00","2021","08","07","02:00","16.6","","13.0","","80","","","M","29","","10","","","","101.00","","","","","","NA"
"-121.49","49.37","HOPE AIRPORT","1113543","2021-08-07 03:00","2021","08","07","03:00","15.3","","13.4","","88","","","M","29","","7","","","","100.97","","","","","","NA"
"-121.49","49.37","HOPE AIRPORT","1113543","2021-08-07 04:00","2021","08","07","04:00","14.8","","13.8","","94","","","M","26","","10","","","","100.94","","","","","","NA"
"-121.49","49.37","HOPE AIRPORT","1113543","2021-08-07 05:00","2021","08","07","05:00","14.8","","13.8","","94","","","M","26","","5","","","","100.89","","","","","","NA"
"-121.49","49.37","HOPE AIRPORT","1113543","2021-08-07 06:00","2021","08","07","06:00","14.8","","14.0","","95","","","M","25","","6","","","","100.85","","","","","","NA"
"-121.49","49.37","HOPE AIRPORT","1113543","2021-08-07 07:00","2021","08","07","07:00","15.0","","14.3","","95","","","M","26","","8","","","","100.84","","","","","","NA"
"-121.49","49.37","HOPE AIRPORT","1113543","2021-08-07 08:00","2021","08","07","08:00","15.2","","14.2","","94","","","M","28","","9","","","","100.85","","","","","","NA"
"-121.49","49.37","HOPE AIRPORT","1113543","2021-08-07 09:00","2021","08","07","09:00","15.6","","14.6","","94","","","M","27","","8","","","","100.81","","","","","","NA"
"-121.49","49.37","HOPE AIRPORT","1113543","2021-08-07 10:00","2021","08","07","10:00","16.5","","14.7","","89","","","M","27","","10","","","","100.75","","","","","","NA"
"-121.49","49.37","HOPE AIRPORT","1113543","2021-08-07 11:00","2021","08","07","11:00","16.8","","15.0","","89","","","M","27","","8","","","","100.73","","","","","","NA"
"-121.49","49.37","HOPE AIRPORT","1113543","2021-08-07 12:00","2021","08","07","12:00","16.4","","15.1","","92","","","M","26","","15","","","","100.69","","","","","","NA"
"-121.49","49.37","HOPE AIRPORT","1113543","2021-08-07 13:00","2021","08","07","13:00","16.8","","15.5","","92","","","M","28","","12","","","","100.66","","","","","","NA"
"-121.49","49.37","HOPE AIRPORT","1113543","2021-08-07 14:00","2021","08","07","14:00","17.2","","15.8","","92","","","M","27","","14","","","","100.65","","","","","","NA"
"-121.49","49.37","HOPE AIRPORT","1113543","2021-08-07 15:00","2021","08","07","15:00","17.3","","15.6","","90","","","M","26","","16","","","","100.61","","","","","","NA"
"-121.49","49.37","HOPE AIRPORT","1113543","2021-08-07 16:00","2021","08","07","16:00","17.6","","15.8","","89","","","M","23","","10","","","","100.58","","","","","","NA"
"-121.49","49.37","HOPE AIRPORT","1113543","2021-08-07 17:00","2021","08","07","17:00","18.3","","16.2","","88","","","M","22","","6","","","","100.52","","","","","","NA"
"-121.49","49.37","HOPE AIRPORT","1113543","2021-08-07 18:00","2021","08","07","18:00","18.7","","15.9","","84","","","M","19","","2","","","","100.44","","","","","","NA"
"-121.49","49.37","HOPE AIRPORT","1113543","2021-08-07 19:00","2021","08","07","19:00","18.1","","16.3","","89","","","M","20","","4","","","","100.38","","","","","","NA"
"-121.49","49.37","HOPE AIRPORT","1113543","2021-08-07 20:00","2021","08","07","20:00","18.0","","15.7","","87","","","M","23","","7","","","","100.41","","","","","","NA"
"-121.49","49.37","HOPE AIRPORT","1113543","2021-08-07 21:00","2021","08","07","21:00","17.9","","13.9","","78","","","M","28","","17","","","","100.51","","","","","","NA"
"-121.49","49.37","HOPE AIRPORT","1113543","2021-08-07 22:00","2021","08","07","22:00","17.2","","12.2","","73","","","M","25","","11","","","","100.60","","","","","","NA"
"-121.49","49.37","HOPE AIRPORT","1113543","2021-08-07 23:00","2021","08","07","23:00","16.8","","11.4","","70","","","M","26","","11","","","","100.62","","","","","","NA"
"-121.49","49.37","HOPE AIRPORT","1113543","2021-08-08 00:00","2021","08","08","00:00","16.1","","11.4","","73","","","M","28","","13","","","","100.66","","","","","","NA"
"-121.49","49.37","HOPE AIRPORT","1113543","2021-08-08 01:00","2021","08","08","01:00","15.1","","11.7","","80","","","M","26","","10","","","","100.69","","","","","","NA"
"-121.49","49.37","HOPE AIRPORT","1113543","2021-08-08 02:00","2021","08","08","02:00","14.6","","12.0","","85","","","M","23","","13","","","","100.76","","","","","","NA"
"-121.49","49.37","HOPE AIRPORT","1113543","2021-08-08 03:00","2021","08","08","03:00","14.9","","11.8","","81","","","M","27","","9","","","","100.80","","","","","","NA"
"-121.49","49.37","HOPE AIRPORT","1113543","2021-08-08 04:00","2021","08","08","04:00","14.7","","12.0","","84","","","M","28","","9","","","","100.86","","","","","","NA"
"-121.49","49.37","HOPE AIRPORT","1113543","2021-08-08 05:00","2021","08","08","05:00","14.4","","12.2","","87","","","M","25","","12","","","","100.90","","","","","","NA"
"-121.49","49.37","HOPE AIRPORT","1113543","2021-08-08 06:00","2021","08","08","06:00","14.2","","12.6","","90","","","M","28","","10","","","","100.95","","","","","","NA"
"-121.49","49.37","HOPE AIRPORT","1113543","2021-08-08 07:00","2021","08","08","07:00","14.1","","12.9","","92","","","M","25","","7","","","","101.03","","","","","","NA"
"-121.49","49.37","HOPE AIRPORT","1113543","2021-08-08 08:00","2021","08","08","08:00","14.3","","13.0","","92","","","M","27","","13","","","","101.04","","","","","","NA"
"-121.49","49.37","HOPE AIRPORT","1113543","2021-08-08 09:00","2021","08","08","09:00","14.7","","12.9","","89","","","M","28","","15","","","","101.08","","","","","","NA"
"-121.49","49.37","HOPE AIRPORT","1113543","2021-08-08 10:00","2021","08","08","10:00","15.3","","13.2","","87","","","M","27","","11","","","","101.10","","","","","","NA"
"-121.49","49.37","HOPE AIRPORT","1113543","2021-08-08 11:00","2021","08","08","11:00","16.3","","13.3","","82","","","M","27","","14","","","","101.15","","","","","","NA"
"-121.49","49.37","HOPE AIRPORT","1113543","2021-08-08 12:00","2021","08","08","12:00","16.5","","12.9","","79","","","M","29","","14","","","","101.19","","","","","","NA"
"-121.49","49.37","HOPE AIRPORT","1113543","2021-08-08 13:00","2021","08","08","13:00","16.8","","13.1","","79","","","M","29","","11","","","","101.23","","","","","","NA"
"-121.49","49.37","HOPE AIRPORT","1113543","2021-08-08 14:00","2021","08","08","14:00","17.5","","13.2","","76","","","M","30","","6","","","","101.27","","","","","","NA"
"-121.49","49.37","HOPE AIRPORT","1113543","2021-08-08 15:00","2021","08","08","15:00","17.4","","13.5","","78","","","M","29","","11","","","","101.30","","","","","","NA"
"-121.49","49.37","HOPE AIRPORT","1113543","2021-08-08 16:00","2021","08","08","16:00","17.8","","13.3","","75","","","M","27","","11","","","","101.32","","","","","","NA"
"-121.49","49.37","HOPE AIRPORT","1113543","2021-08-08 17:00","2021","08","08","17:00","17.7","","13.4","","76","","","M","23","","9","","","","101.34","","","","","","NA"
"-121.49","49.37","HOPE AIRPORT","1113543","2021-08-08 18:00","2021","08","08","18:00","17.5","","13.5","","77","","","M","23","","8","","","","101.33","","","","","","NA"
"-121.49","49.37","HOPE AIRPORT","1113543","2021-08-08 19:00","2021","08","08","19:00","17.2","","13.7","","80","","","M","22","","7","","","","101.36","","","","","","NA"
"-121.49","49.37","HOPE AIRPORT","1113543","2021-08-08 20:00","2021","08","08","20:00","16.5","","13.9","","85","","","M","11","","1","","","","101.39","","","","","","NA"
"-121.49","49.37","HOPE AIRPORT","1113543","2021-08-08 21:00","2021","08","08","21:00","16.0","","14.2","","89","","","M","20","","2","","","","101.44","","","","","","NA"
"-121.49","49.37","HOPE AIRPORT","1113543","2021-08-08 22:00","2021","08","08","22:00","15.8","","14.2","","90","","","M","","","0","","","","101.48","","","","","","NA"
"-121.49","49.37","HOPE AIRPORT","1113543","2021-08-08 23:00","2021","08","08","23:00","15.7","","14.3","","91","","","M","","","0","","","","101.50","","","","","","NA"
"-121.49","49.37","HOPE AIRPORT","1113543","2021-08-09 00:00","2021","08","09","00:00","15.6","","14.3","","92","","","M","","","0","","","","101.50","","","","","","NA"
"-121.49","49.37","HOPE AIRPORT","1113543","2021-08-09 01:00","2021","08","09","01:00","15.6","","14.4","","93","","","M","15","","2","","","","101.52","","","","","","NA"
"-121.49","49.37","HOPE AIRPORT","1113543","2021-08-09 02:00","2021","08","09","02:00","16.1","","14.2","","88","","","M","9","","2","","","","101.52","","","","","","NA"
"-121.49","49.37","HOPE AIRPORT","1113543","2021-08-09 03:00","2021","08","09","03:00","15.6","","14.2","","91","","","M","14","","2","","","","101.52","","","","","","NA"
"-121.49","49.37","HOPE AIRPORT","1113543","2021-08-09 04:00","2021","08","09","04:00","15.3","","14.2","","94","","","M","20","","2","","","","101.54","","","","","","NA"
"-121.49","49.37","HOPE AIRPORT","1113543","2021-08-09 05:00","2021","08","09","05:00","15.7","","14.5","","93","","","M","10","","5","","","","101.54","","","","","","NA"
"-121.49","49.37","HOPE AIRPORT","1113543","2021-08-09 06:00","2021","08","09","06:00","15.7","","14.4","","92","","","M","","","0","","","","101.54","","","","","","NA"
"-121.49","49.37","HOPE AIRPORT","1113543","2021-08-09 07:00","2021","08","09","07:00","16.3","","14.8","","91","","","M","10","","5","","","","101.56","","","","","","NA"
"-121.49","49.37","HOPE AIRPORT","1113543","2021-08-09 08:00","2021","08","09","08:00","17.0","","14.3","","84","","","M","8","","5","","","","101.55","","","","","","NA"
"-121.49","49.37","HOPE AIRPORT","1113543","2021-08-09 09:00","2021","08","09","09:00","17.9","","13.2","","74","","","M","27","","2","","","","101.55","","","","","","NA"
"-121.49","49.37","HOPE AIRPORT","1113543","2021-08-09 10:00","2021","08","09","10:00","18.7","","14.0","","74","","","M","24","","8","","","","101.55","","","","","","NA"
"-121.49","49.37","HOPE AIRPORT","1113543","2021-08-09 11:00","2021","08","09","11:00","19.8","","14.4","","71","","","M","26","","9","","","","101.51","","","","","","NA"
"-121.49","49.37","HOPE AIRPORT","1113543","2021-08-09 12:00","2021","08","09","12:00","19.9","","13.1","","65","","","M","29","","9","","","","101.49","","","","","","NA"
"-121.49","49.37","HOPE AIRPORT","1113543","2021-08-09 13:00","2021","08","09","13:00","20.5","","13.3","","64","","","M","29","","9","","","","101.46","","","","","","NA"
"-121.49","49.37","HOPE AIRPORT","1113543","2021-08-09 14:00","2021","08","09","14:00","21.1","","12.8","","59","","","M","30","","7","","","","101.45","","","","","","NA"
"-121.49","49.37","HOPE AIRPORT","1113543","2021-08-09 15:00","2021","08","09","15:00","21.2","","12.6","","58","","","M","30","","6","","","","101.41","","","","","","NA"
"-121.49","49.37","HOPE AIRPORT","1113543","2021-08-09 16:00","2021","08","09","16:00","21.9","","12.6","","56","","","M","31","","4","","","","101.39","","","","","","NA"
"-121.49","49.37","HOPE AIRPORT","1113543","2021-08-09 17:00","2021","08","09","17:00","21.4","","12.5","","57","","","M","30","","4","","","","101.33","","","","","","NA"
"-121.49","49.37","HOPE AIRPORT","1113543","2021-08-09 18:00","2021","08","09","18:00","21.2","","13.2","","61","","","M","29","","9","","","","101.34","","","","","","NA"
"-121.49","49.37","HOPE AIRPORT","1113543","2021-08-09 19:00","2021","08","09","19:00","19.8","","13.6","","67","","","M","21","","8","","","","101.31","","","","","","NA"
"-121.49","49.37","HOPE AIRPORT","1113543","2021-08-09 20:00","2021","08","09","20:00","18.2","","13.5","","74","","","M","19","","5","","","","101.33","","","","","","NA"
"-121.49","49.37","HOPE AIRPORT","1113543","2021-08-09 21:00","2021","08","09","21:00","16.4","","13.3","","82","","","M","8","","2","","","","101.38","","","","","","NA"
"-121.49","49.37","HOPE AIRPORT","1113543","2021-08-09 22:00","2021","08","09","22:00","17.2","","14.2","","83","","","M","6","","2","","","","101.37","","","","","","NA"
"-121.49","49.37","HOPE AIRPORT","1113543","2021-08-09 23:00","2021","08","09","23:00","16.9","","13.9","","82","","","M","7","","1","","","","101.36","","","","","","NA"
"-121.49","49.37","HOPE AIRPORT","1113543","2021-08-10 00:00","2021","08","10","00:00","16.8","","14.1","","84","","","M","28","","2","","","","101.39","","","","","","NA"
"-121.49","49.37","HOPE AIRPORT","1113543","2021-08-10 01:00","2021","08","10","01:00","16.5","","14.2","","86","","","M","0","","1","","","","101.39","","","","","","NA"
"-121.49","49.37","HOPE AIRPORT","1113543","2021-08-10 02:00","2021","08","10","02:00","16.6","","14.0","","84","","","M","10","","2","","","","101.39","","","","","","NA"
"-121.49","49.37","HOPE AIRPORT","1113543","2021-08-10 03:00","2021","08","10","03:00","16.5","","13.9","","85","","","M","10","","1","","","","101.41","","","","","","NA"
"-121.49","49.37","HOPE AIRPORT","1113543","2021-08-10 04:00","2021","08","10","04:00","17.3","","13.8","","80","","","M","8","","6","","","","101.45","","","","","","NA"
"-121.49","49.37","HOPE AIRPORT","1113543","2021-08-10 05:00","2021","08","10","05:00","17.2","","13.9","","81","","","M","5","","5","","","","101.44","","","","","","NA"
"-121.49","49.37","HOPE AIRPORT","1113543","2021-08-10 06:00","2021","08","10","06:00","17.5","","14.0","","80","","","M","5","","5","","","","101.44","","","","","","NA"
"-121.49","49.37","HOPE AIRPORT","1113543","2021-08-10 07:00","2021","08","10","07:00","18.8","","14.0","","73","","","M","6","","3","","","","101.49","","","","","","NA"
"-121.49","49.37","HOPE AIRPORT","1113543","2021-08-10 08:00","2021","08","10","08:00","19.7","","13.5","","68","","","M","9","","6","","","","101.52","","","","","","NA"
"-121.49","49.37","HOPE AIRPORT","1113543","2021-08-10 09:00","2021","08","10","09:00","21.0","","13.6","","63","","","M","14","","3","","","","101.52","","","","","","NA"
"-121.49","49.37","HOPE AIRPORT","1113543","2021-08-10 10:00","2021","08","10","10:00","23.3","","14.0","","56","","","M","29","","5","","","","101.50","","27","","","","NA"
"-121.49","49.37","HOPE AIRPORT","1113543","2021-08-10 11:00","2021","08","10","11:00","24.3","","14.4","","54","","","M","28","","13","","","","101.43","","28","","","","NA"
"-121.49","49.37","HOPE AIRPORT","1113543","2021-08-10 12:00","2021","08","10","12:00","25.4","","14.2","","50","","","M","30","","10","","","","101.39","","29","","","","NA"
"-121.49","49.37","HOPE AIRPORT","1113543","2021-08-10 13:00","2021","08","10","13:00","27.4","","14.4","","45","","","M","26","","19","","","","101.32","","31","","","","NA"
"-121.49","49.37","HOPE AIRPORT","1113543","2021-08-10 14:00","2021","08","10","14:00","28.2","","14.7","","44","","","M","28","","17","","","","101.28","","32","","","","NA"
"-121.49","49.37","HOPE AIRPORT","1113543","2021-08-10 15:00","2021","08","10","15:00","27.9","","14.1","","43","","","M","28","","13","","","","101.23","","31","","","","NA"
"-121.49","49.37","HOPE AIRPORT","1113543","2021-08-10 16:00","2021","08","10","16:00","27.9","","14.8","","45","","","M","29","","15","","","","101.19","","32","","","","NA"
"-121.49","49.37","HOPE AIRPORT","1113543","2021-08-10 17:00","2021","08","10","17:00","27.3","","15.2","","48","","","M","29","","14","","","","101.17","","31","","","","NA"
"-121.49","49.37","HOPE AIRPORT","1113543","2021-08-10 18:00","2021","08","10","18:00","26.9","","15.3","","49","","","M","28","","12","","","","101.14","","31","","","","NA"
"-121.49","49.37","HOPE AIRPORT","1113543","2021-08-10 19:00","2021","08","10","19:00","25.8","","15.7","","54","","","M","27","","9","","","","101.15","","30","","","","NA"
"-121.49","49.37","HOPE AIRPORT","1113543","2021-08-10 20:00","2021","08","10","20:00","23.9","","16.2","","62","","","M","22","","9","","","","101.21","","29","","","","NA"
"-121.49","49.37","HOPE AIRPORT","1113543","2021-08-10 21:00","2021","08","10","21:00","21.5","","16.2","","72","","","M","23","","9","","","","101.29","","26","","","","NA"
"-121.49","49.37","HOPE AIRPORT","1113543","2021-08-10 22:00","2021","08","10","22:00","21.7","","16.4","","72","","","M","22","","12","","","","101.32","","27","","","","NA"
"-121.49","49.37","HOPE AIRPORT","1113543","2021-08-10 23:00","2021","08","10","23:00","20.2","","16.3","","78","","","M","26","","2","","","","101.34","","25","","","","NA"
"-121.49","49.37","HOPE AIRPORT","1113543","2021-08-11 00:00","2021","08","11","00:00","18.6","","15.8","","84","","","M","8","","3","","","","101.35","","","","","","NA"
"-121.49","49.37","HOPE AIRPORT","1113543","2021-08-11 01:00","2021","08","11","01:00","17.5","","15.5","","88","","","M","3","","1","","","","101.34","","","","","","NA"
"-121.49","49.37","HOPE AIRPORT","1113543","2021-08-11 02:00","2021","08","11","02:00","16.7","","15.4","","92","","","M","6","","1","","","","101.35","","","","","","NA"
"-121.49","49.37","HOPE AIRPORT","1113543","2021-08-11 03:00","2021","08","11","03:00","16.6","","15.7","","94","","","M","0","","1","","","","101.34","","","","","","NA"
"-121.49","49.37","HOPE AIRPORT","1113543","2021-08-11 04:00","2021","08","11","04:00","18.4","","16.4","","88","","","M","8","","8","","","","101.32","","","","","","NA"
"-121.49","49.37","HOPE AIRPORT","1113543","2021-08-11 05:00","2021","08","11","05:00","18.3","","15.9","","86","","","M","8","","9","","","","101.32","","","","","","NA"
"-121.49","49.37","HOPE AIRPORT","1113543","2021-08-11 06:00","2021","08","11","06:00","18.5","","15.9","","85","","","M","8","","11","","","","101.35","","","","","","NA"
"-121.49","49.37","HOPE AIRPORT","1113543","2021-08-11 07:00","2021","08","11","07:00","20.0","","15.8","","77","","","M","9","","11","","","","101.34","","","","","","NA"
"-121.49","49.37","HOPE AIRPORT","1113543","2021-08-11 08:00","2021","08","11","08:00","22.1","","15.9","","68","","","M","8","","7","","","","101.32","","27","","","","NA"
"-121.49","49.37","HOPE AIRPORT","1113543","2021-08-11 09:00","2021","08","11","09:00","24.7","","15.5","","56","","","M","11","","6","","","","101.23","","29","","","","NA"
"-121.49","49.37","HOPE AIRPORT","1113543","2021-08-11 10:00","2021","08","11","10:00","26.8","","15.5","","50","","","M","30","","2","","","","101.18","","31","","","","NA"
"-121.49","49.37","HOPE AIRPORT","1113543","2021-08-11 11:00","2021","08","11","11:00","28.1","","16.5","","49","","","M","27","","16","","","","101.10","","33","","","","NA"
"-121.49","49.37","HOPE AIRPORT","1113543","2021-08-11 12:00","2021","08","11","12:00","28.8","","16.3","","47","","","M","28","","17","","","","101.04","","34","","","","NA"
"-121.49","49.37","HOPE AIRPORT","1113543","2021-08-11 13:00","2021","08","11","13:00","30.5","","15.8","","41","","","M","28","","18","","","","100.95","","35","","","","NA"
"-121.49","49.37","HOPE AIRPORT","1113543","2021-08-11 14:00","2021","08","11","14:00","31.1","","17.4","","44","","","M","28","","17","","","","100.89","","37","","","","NA"
"-121.49","49.37","HOPE AIRPORT","1113543","2021-08-11 15:00","2021","08","11","15:00","31.3","","17.3","","43","","","M","28","","19","","","","100.82","","37","","","","NA"
"-121.49","49.37","HOPE AIRPORT","1113543","2021-08-11 16:00","2021","08","11","16:00","31.6","","17.5","","43","","","M","28","","16","","","","100.77","","37","","","","NA"
"-121.49","49.37","HOPE AIRPORT","1113543","2021-08-11 17:00","2021","08","11","17:00","31.2","","17.4","","44","","","M","28","","16","","","","100.75","","37","","","","NA"
"-121.49","49.37","HOPE AIRPORT","1113543","2021-08-11 18:00","2021","08","11","18:00","30.6","","17.2","","45","","","M","27","","13","","","","100.74","","36","","","","NA"
"-121.49","49.37","HOPE AIRPORT","1113543","2021-08-11 19:00","2021","08","11","19:00","28.6","","17.9","","52","","","M","25","","10","","","","100.81","","35","","","","NA"
"-121.49","49.37","HOPE AIRPORT","1113543","2021-08-11 20:00","2021","08","11","20:00","25.2","","18.2","","65","","","M","21","","4","","","","100.92","","31","","","","NA"
"-121.49","49.37","HOPE AIRPORT","1113543","2021-08-11 21:00","2021","08","11","21:00","23.8","","18.9","","74","","","M","0","","1","","","","100.98","","30","","","","NA"
"-121.49","49.37","HOPE AIRPORT","1113543","2021-08-11 22:00","2021","08","11","22:00","24.2","","18.6","","71","","","M","7","","7","","","","101.04","","31","","","","NA"
"-121.49","49.37","HOPE AIRPORT","1113543","2021-08-11 23:00","2021","08","11","23:00","24.0","","17.9","","69","","","M","6","","8","","","","101.09","","30","","","","NA"
"-121.49","49.37","HOPE AIRPORT","1113543","2021-08-12 00:00","2021","08","12","00:00","24.2","","17.4","","66","","","M","7","","11","","","","101.12","","30","","","","NA"
"-121.49","49.37","HOPE AIRPORT","1113543","2021-08-12 01:00","2021","08","12","01:00","23.4","","17.0","","67","","","M","8","","13","","","","101.20","","29","","","","NA"
"-121.49","49.37","HOPE AIRPORT","1113543","2021-08-12 02:00","2021","08","12","02:00","21.7","","17.7","","78","","","M","8","","13","","","","101.26","","27","","","","NA"
"-121.49","49.37","HOPE AIRPORT","1113543","2021-08-12 03:00","2021","08","12","03:00","22.1","","16.8","","72","","","M","7","","10","","","","101.33","","27","","","","NA"
"-121.49","49.37","HOPE AIRPORT","1113543","2021-08-12 04:00","2021","08","12","04:00","22.0","","15.5","","66","","","M","8","","14","","","","101.38","","26","","","","NA"
"-121.49","49.37","HOPE AIRPORT","1113543","2021-08-12 05:00","2021","08","12","05:00","21.4","","15.0","","67","","","M","7","","11","","","","101.45","","25","","","","NA"
"-121.49","49.37","HOPE AIRPORT","1113543","2021-08-12 06:00","2021","08","12","06:00","20.8","","14.4","","67","","","M","6","","9","","","","101.53","","","","","","NA"
"-121.49","49.37","HOPE AIRPORT","1113543","2021-08-12 07:00","2021","08","12","07:00","22.7","","11.9","","51","","","M","6","","9","","","","101.56","","25","","","","NA"
"-121.49","49.37","HOPE AIRPORT","1113543","2021-08-12 08:00","2021","08","12","08:00","24.7","","11.8","","44","","","M","8","","11","","","","101.57","","27","","","","NA"
"-121.49","49.37","HOPE AIRPORT","1113543","2021-08-12 09:00","2021","08","12","09:00","28.6","","9.2","","30","","","M","10","","18","","","","101.54","","30","","","","NA"
"-121.49","49.37","HOPE AIRPORT","1113543","2021-08-12 10:00","2021","08","12","10:00","31.7","","9.1","","25","","","M","11","","22","","","","101.47","","33","","","","NA"
"-121.49","49.37","HOPE AIRPORT","1113543","2021-08-12 11:00","2021","08","12","11:00","33.4","","7.6","","20","","","M","11","","19","","","","101.38","","34","","","","NA"
"-121.49","49.37","HOPE AIRPORT","1113543","2021-08-12 12:00","2021","08","12","12:00","35.1","","7.3","","18","","","M","11","","15","","","","101.26","","35","","","","NA"
"-121.49","49.37","HOPE AIRPORT","1113543","2021-08-12 13:00","2021","08","12","13:00","36.3","","8.3","","18","","","M","12","","17","","","","101.16","","37","","","","NA"
"-121.49","49.37","HOPE AIRPORT","1113543","2021-08-12 14:00","2021","08","12","14:00","37.0","","7.6","","17","","","M","11","","16","","","","101.07","","37","","","","NA"
"-121.49","49.37","HOPE AIRPORT","1113543","2021-08-12 15:00","2021","08","12","15:00","37.4","","7.5","","16","","","M","10","","14","","","","101.00","","38","","","","NA"
"-121.49","49.37","HOPE AIRPORT","1113543","2021-08-12 16:00","2021","08","12","16:00","37.0","","8.5","","18","","","M","12","","12","","","","100.95","","38","","","","NA"
"-121.49","49.37","HOPE AIRPORT","1113543","2021-08-12 17:00","2021","08","12","17:00","34.0","","10.5","","24","","","M","1","","2","","","","100.92","","36","","","","NA"
"-121.49","49.37","HOPE AIRPORT","1113543","2021-08-12 18:00","2021","08","12","18:00","31.1","","13.2","","33","","","M","8","","6","","","","100.87","","34","","","","NA"
"-121.49","49.37","HOPE AIRPORT","1113543","2021-08-12 19:00","2021","08","12","19:00","29.2","","12.4","","35","","","M","10","","11","","","","100.90","","32","","","","NA"
"-121.49","49.37","HOPE AIRPORT","1113543","2021-08-12 20:00","2021","08","12","20:00","29.2","","12.1","","35","","","M","9","","14","","","","100.99","","32","","","","NA"
"-121.49","49.37","HOPE AIRPORT","1113543","2021-08-12 21:00","2021","08","12","21:00","27.6","","11.9","","38","","","M","8","","11","","","","101.05","","30","","","","NA"
"-121.49","49.37","HOPE AIRPORT","1113543","2021-08-12 22:00","2021","08","12","22:00","26.9","","11.6","","39","","","M","7","","10","","","","101.10","","29","","","","NA"
"-121.49","49.37","HOPE AIRPORT","1113543","2021-08-12 23:00","2021","08","12","23:00","25.8","","11.2","","40","","","M","8","","14","","","","101.14","","28","","","","NA"
"-121.49","49.37","HOPE AIRPORT","1113543","2021-08-13 00:00","2021","08","13","00:00","24.4","","11.8","","45","","","M","7","","10","","","","101.17","","27","","","","NA"
"-121.49","49.37","HOPE AIRPORT","1113543","2021-08-13 01:00","2021","08","13","01:00","24.0","","11.9","","47","","","M","7","","9","","","","101.18","","26","","","","NA"
"-121.49","49.37","HOPE AIRPORT","1113543","2021-08-13 02:00","2021","08","13","02:00","24.1","","11.4","","45","","","M","6","","10","","","","101.19","","26","","","","NA"
"-121.49","49.37","HOPE AIRPORT","1113543","2021-08-13 03:00","2021","08","13","03:00","24.1","","10.8","","43","","","M","8","","15","","","","101.23","","26","","","","NA"
"-121.49","49.37","HOPE AIRPORT","1113543","2021-08-13 04:00","2021","08","13","04:00","22.2","","11.8","","52","","","M","7","","11","","","","101.25","","","","","","NA"
"-121.49","49.37","HOPE AIRPORT","1113543","2021-08-13 05:00","2021","08","13","05:00","21.3","","11.7","","54","","","M","7","","11","","","","101.28","","","","","","NA"
"-121.49","49.37","HOPE AIRPORT","1113543","2021-08-13 06:00","2021","08","13","06:00","21.3","","11.5","","54","","","M","8","","13","","","","101.32","","","","","","NA"
"-121.49","49.37","HOPE AIRPORT","1113543","2021-08-13 07:00","2021","08","13","07:00","21.5","","11.8","","54","","","M","7","","11","","","","101.35","","","","","","NA"
"-121.49","49.37","HOPE AIRPORT","1113543","2021-08-13 08:00","2021","08","13","08:00","22.5","","11.7","","51","","","M","7","","13","","","","101.34","","25","","","","NA"
"-121.49","49.37","HOPE AIRPORT","1113543","2021-08-13 09:00","2021","08","13","09:00","24.4","","11.2","","44","","","M","8","","12","","","","101.31","","26","","","","NA"
"-121.49","49.37","HOPE AIRPORT","1113543","2021-08-13 10:00","2021","08","13","10:00","26.3","","11.2","","39","","","M","8","","12","","","","101.25","","28","","","","NA"
"-121.49","49.37","HOPE AIRPORT","1113543","2021-08-13 11:00","2021","08","13","11:00","27.5","","11.3","","36","","","M","8","","11","","","","101.19","","29","","","","NA"
"-121.49","49.37","HOPE AIRPORT","1113543","2021-08-13 12:00","2021","08","13","12:00","28.5","","10.8","","33","","","M","9","","10","","","","101.12","","30","","","","NA"
"-121.49","49.37","HOPE AIRPORT","1113543","2021-08-13 13:00","2021","08","13","13:00","30.1","","10.6","","30","","","M","10","","12","","","","101.04","","32","","","","NA"
"-121.49","49.37","HOPE AIRPORT","1113543","2021-08-13 14:00","2021","08","13","14:00","31.1","","10.4","","28","","","M","10","","5","","","","100.98","","33","","","","NA"
"-121.49","49.37","HOPE AIRPORT","1113543","2021-08-13 15:00","2021","08","13","15:00","31.2","","12.6","","32","","","M","27","","11","","","","100.94","","34","","","","NA"
"-121.49","49.37","HOPE AIRPORT","1113543","2021-08-13 16:00","2021","08","13","16:00","30.4","","13.2","","35","","","M","26","","15","","","","100.91","","33","","","","NA"
"-121.49","49.37","HOPE AIRPORT","1113543","2021-08-13 17:00","2021","08","13","17:00","29.7","","14.2","","39","","","M","26","","16","","","","100.91","","33","","","","NA"
"-121.49","49.37","HOPE AIRPORT","1113543","2021-08-13 18:00","2021","08","13","18:00","28.2","","15.2","","45","","","M","22","","11","","","","100.91","","32","","","","NA"
"-121.49","49.37","HOPE AIRPORT","1113543","2021-08-13 19:00","2021","08","13","19:00","25.9","","15.0","","51","","","M","23","","5","","","","100.93","","30","","","","NA"
"-121.49","49.37","HOPE AIRPORT","1113543","2021-08-13 20:00","2021","08","13","20:00","21.7","","15.7","","69","","","M","8","","2","","","","101.00","","26","","","","NA"
"-121.49","49.37","HOPE AIRPORT","1113543","2021-08-13 21:00","2021","08","13","21:00","19.9","","15.6","","76","","","M","","","0","","","","101.05","","","","","","NA"
"-121.49","49.37","HOPE AIRPORT","1113543","2021-08-13 22:00","2021","08","13","22:00","18.9","","15.6","","81","","","M","14","","1","","","","101.08","","","","","","NA"
"-121.49","49.37","HOPE AIRPORT","1113543","2021-08-13 23:00","2021","08","13","23:00","18.6","","15.3","","81","","","M","3","","2","","","","101.12","","","","","","NA"
"-121.49","49.37","HOPE AIRPORT","1113543","2021-08-14 00:00","2021","08","14","00:00","18.3","","15.7","","85","","","M","10","","7","","","","101.15","","","","","","NA"
"-121.49","49.37","HOPE AIRPORT","1113543","2021-08-14 01:00","2021","08","14","01:00","18.7","","16.0","","84","","","M","9","","5","","","","101.15","","","","","","NA"
"-121.49","49.37","HOPE AIRPORT","1113543","2021-08-14 02:00","2021","08","14","02:00","18.7","","15.0","","79","","","M","8","","5","","","","101.17","","","","","","NA"
"-121.49","49.37","HOPE AIRPORT","1113543","2021-08-14 03:00","2021","08","14","03:00","16.6","","13.7","","83","","","M","","","0","","","","101.20","","","","","","NA"
"-121.49","49.37","HOPE AIRPORT","1113543","2021-08-14 04:00","2021","08","14","04:00","16.2","","14.6","","90","","","M","19","","2","","","","101.25","","","","","","NA"
"-121.49","49.37","HOPE AIRPORT","1113543","2021-08-14 05:00","2021","08","14","05:00","16.7","","15.1","","90","","","M","8","","6","","","","101.28","","","","","","NA"
"-121.49","49.37","HOPE AIRPORT","1113543","2021-08-14 06:00","2021","08","14","06:00","17.6","","14.5","","82","","","M","7","","7","","","","101.34","","","","","","NA"
"-121.49","49.37","HOPE AIRPORT","1113543","2021-08-14 07:00","2021","08","14","07:00","19.0","","14.7","","76","","","M","9","","7","","","","101.34","","","","","","NA"
"-121.49","49.37","HOPE AIRPORT","1113543","2021-08-14 08:00","2021","08","14","08:00","21.1","","13.9","","63","","","M","7","","3","","","","101.33","","","","","","NA"
"-121.49","49.37","HOPE AIRPORT","1113543","2021-08-14 09:00","2021","08","14","09:00","22.6","","13.9","","58","","","M","26","","11","","","","101.34","","26","","","","NA"
"-121.49","49.37","HOPE AIRPORT","1113543","2021-08-14 10:00","2021","08","14","10:00","25.6","","14.9","","52","","","M","23","","13","","","","101.30","","30","","","","NA"
"-121.49","49.37","HOPE AIRPORT","1113543","2021-08-14 11:00","2021","08","14","11:00","28.0","","14.6","","44","","","M","28","","15","","","","101.23","","32","","","","NA"
"-121.49","49.37","HOPE AIRPORT","1113543","2021-08-14 12:00","2021","08","14","12:00","28.7","","14.9","","43","","","M","30","","14","","","","101.20","","33","","","","NA"
"-121.49","49.37","HOPE AIRPORT","1113543","2021-08-14 13:00","2021","08","14","13:00","29.6","","15.4","","42","","","M","30","","17","","","","101.20","","34","","","","NA"
"-121.49","49.37","HOPE AIRPORT","1113543","2021-08-14 14:00","2021","08","14","14:00","30.2","","15.7","","41","","","M","29","","17","","","","101.16","","35","","","","NA"
"-121.49","49.37","HOPE AIRPORT","1113543","2021-08-14 15:00","2021","08","14","15:00","30.2","","15.3","","40","","","M","29","","17","","","","101.10","","34","","","","NA"
"-121.49","49.37","HOPE AIRPORT","1113543","2021-08-14 16:00","2021","08","14","16:00","29.9","","15.8","","43","","","M","30","","15","","","","101.06","","34","","","","NA"
"-121.49","49.37","HOPE AIRPORT","1113543","2021-08-14 17:00","2021","08","14","17:00","30.0","","15.7","","42","","","M","32","","9","","","","101.04","","34","","","","NA"
"-121.49","49.37","HOPE AIRPORT","1113543","2021-08-14 18:00","2021","08","14","18:00","29.3","","15.7","","44","","","M","31","","12","","","","101.02","","34","","","","NA"
"-121.49","49.37","HOPE AIRPORT","1113543","2021-08-14 19:00","2021","08","14","19:00","28.2","","17.1","","51","","","M","30","","16","","","","101.07","","34","","","","NA"
"-121.49","49.37","HOPE AIRPORT","1113543","2021-08-14 20:00","2021","08","14","20:00","27.0","","17.6","","56","","","M","29","","10","","","","101.12","","33","","","","NA"
"-121.49","49.37","HOPE AIRPORT","1113543","2021-08-14 21:00","2021","08","14","21:00","24.4","","17.0","","63","","","M","24","","8","","","","101.13","","30","","","","NA"
"-121.49","49.37","HOPE AIRPORT","1113543","2021-08-14 22:00","2021","08","14","22:00","23.3","","17.5","","70","","","M","21","","9","","","","101.13","","29","","","","NA"
"-121.49","49.37","HOPE AIRPORT","1113543","2021-08-14 23:00","2021","08","14","23:00","21.2","","17.0","","77","","","M","25","","4","","","","101.18","","26","","","","NA"
"-121.49","49.37","HOPE AIRPORT","1113543","2021-08-15 00:00","2021","08","15","00:00","20.1","","16.3","","79","","","M","21","","9","","","","101.21","","25","","","","NA"
"-121.49","49.37","HOPE AIRPORT","1113543","2021-08-15 01:00","2021","08","15","01:00","19.5","","17.2","","87","","","M","9","","3","","","","101.17","","","","","","NA"
"-121.49","49.37","HOPE AIRPORT","1113543","2021-08-15 02:00","2021","08","15","02:00","18.6","","16.6","","88","","","M","22","","2","","","","101.13","","","","","","NA"
"-121.49","49.37","HOPE AIRPORT","1113543","2021-08-15 03:00","2021","08","15","03:00","17.1","","15.6","","91","","","M","25","","4","","","","101.16","","","","","","NA"
"-121.49","49.37","HOPE AIRPORT","1113543","2021-08-15 04:00","2021","08","15","04:00","16.7","","15.7","","94","","","M","","","0","","","","101.19","","","","","","NA"
"-121.49","49.37","HOPE AIRPORT","1113543","2021-08-15 05:00","2021","08","15","05:00","16.4","","16.0","","97","","","M","30","","2","","","","101.21","","","","","","NA"
"-121.49","49.37","HOPE AIRPORT","1113543","2021-08-15 06:00","2021","08","15","06:00","17.0","","16.5","","97","","","M","9","","2","","","","101.25","","","","","","NA"
"-121.49","49.37","HOPE AIRPORT","1113543","2021-08-15 07:00","2021","08","15","07:00","19.5","","17.0","","86","","","M","26","","12","","","","101.27","","","","","","NA"
"-121.49","49.37","HOPE AIRPORT","1113543","2021-08-15 08:00","2021","08","15","08:00","21.1","","16.6","","75","","","M","27","","14","","","","101.27","","26","","","","NA"
"-121.49","49.37","HOPE AIRPORT","1113543","2021-08-15 09:00","2021","08","15","09:00","22.7","","16.3","","67","","","M","25","","12","","","","101.17","","28","","","","NA"
"-121.49","49.37","HOPE AIRPORT","1113543","2021-08-15 10:00","2021","08","15","10:00","25.2","","16.7","","59","","","M","28","","19","","","","101.10","","30","","","","NA"
"-121.49","49.37","HOPE AIRPORT","1113543","2021-08-15 11:00","2021","08","15","11:00","26.7","","16.4","","53","","","M","29","","18","","","","101.02","","32","","","","NA"
"-121.49","49.37","HOPE AIRPORT","1113543","2021-08-15 12:00","2021","08","15","12:00","29.1","","17.0","","48","","","M","29","","18","","","","100.93","","34","","","","NA"
"-121.49","49.37","HOPE AIRPORT","1113543","2021-08-15 13:00","2021","08","15","13:00","30.0","","15.0","","40","","","M","27","","32","","","","100.89","","34","","","","NA"
"-121.49","49.37","HOPE AIRPORT","1113543","2021-08-15 14:00","2021","08","15","14:00","30.8","","15.0","","38","","","M","26","","33","","","","100.84","","35","","","","NA"
"-121.49","49.37","HOPE AIRPORT","1113543","2021-08-15 15:00","2021","08","15","15:00","28.1","","17.1","","51","","","M","29","","21","","","","100.79","","33","","","","NA"
"-121.49","49.37","HOPE AIRPORT","1113543","2021-08-15 16:00","2021","08","15","16:00","28.3","","14.9","","44","","","M","28","","21","","","","100.74","","32","","","","NA"
"-121.49","49.37","HOPE AIRPORT","1113543","2021-08-15 17:00","2021","08","15","17:00","27.8","","14.4","","44","","","M","29","","15","","","","100.74","","31","","","","NA"
"-121.49","49.37","HOPE AIRPORT","1113543","2021-08-15 18:00","2021","08","15","18:00","26.9","","14.7","","47","","","M","27","","16","","","","100.70","","31","","","","NA"
"-121.49","49.37","HOPE AIRPORT","1113543","2021-08-15 19:00","2021","08","15","19:00","26.0","","14.7","","50","","","M","28","","9","","","","100.70","","30","","","","NA"
"-121.49","49.37","HOPE AIRPORT","1113543","2021-08-15 20:00","2021","08","15","20:00","25.6","","13.2","","46","","","M","27","","10","","","","100.72","","29","","","","NA"
"-121.49","49.37","HOPE AIRPORT","1113543","2021-08-15 21:00","2021","08","15","21:00","24.2","","13.9","","53","","","M","22","","6","","","","100.71","","28","","","","NA"
"-121.49","49.37","HOPE AIRPORT","1113543","2021-08-15 22:00","2021","08","15","22:00","23.4","","14.0","","55","","","M","22","","9","","","","100.66","","27","","","","NA"
"-121.49","49.37","HOPE AIRPORT","1113543","2021-08-15 23:00","2021","08","15","23:00","23.4","","12.9","","52","","","M","26","","15","","","","100.66","","26","","","","NA"
"-121.49","49.37","HOPE AIRPORT","1113543","2021-08-16 00:00","2021","08","16","00:00","22.2","","12.7","","55","","","M","26","","11","","","","100.64","","25","","","","NA"
"-121.49","49.37","HOPE AIRPORT","1113543","2021-08-16 01:00","2021","08","16","01:00","21.8","","13.1","","58","","","M","27","","13","","","","100.65","","25","","","","NA"
"-121.49","49.37","HOPE AIRPORT","1113543","2021-08-16 02:00","2021","08","16","02:00","21.2","","13.3","","61","","","M","26","","21","","","","100.65","","","","","","NA"
"-121.49","49.37","HOPE AIRPORT","1113543","2021-08-16 03:00","2021","08","16","03:00","20.8","","13.5","","63","","","M","25","","10","","","","100.68","","","","","","NA"
"-121.49","49.37","HOPE AIRPORT","1113543","2021-08-16 04:00","2021","08","16","04:00","20.4","","13.7","","65","","","M","20","","10","","","","100.68","","","","","","NA"
"-121.49","49.37","HOPE AIRPORT","1113543","2021-08-16 05:00","2021","08","16","05:00","19.8","","13.8","","68","","","M","26","","7","","","","100.65","","","","","","NA"
"-121.49","49.37","HOPE AIRPORT","1113543","2021-08-16 06:00","2021","08","16","06:00","19.3","","14.2","","72","","","M","22","","12","","","","100.64","","","","","","NA"
"-121.49","49.37","HOPE AIRPORT","1113543","2021-08-16 07:00","2021","08","16","07:00","20.3","","13.5","","65","","","M","26","","13","","","","100.62","","","","","","NA"
"-121.49","49.37","HOPE AIRPORT","1113543","2021-08-16 08:00","2021","08","16","08:00","20.5","","13.6","","64","","","M","29","","13","","","","100.61","","","","","","NA"
"-121.49","49.37","HOPE AIRPORT","1113543","2021-08-16 09:00","2021","08","16","09:00","21.3","","13.9","","63","","","M","29","","12","","","","100.57","","25","","","","NA"
"-121.49","49.37","HOPE AIRPORT","1113543","2021-08-16 10:00","2021","08","16","10:00","21.4","","14.6","","65","","","M","28","","17","","","","100.55","","25","","","","NA"
"-121.49","49.37","HOPE AIRPORT","1113543","2021-08-16 11:00","2021","08","16","11:00","21.1","","15.0","","68","","","M","29","","18","","","","100.54","","25","","","","NA"
"-121.49","49.37","HOPE AIRPORT","1113543","2021-08-16 12:00","2021","08","16","12:00","21.1","","15.2","","69","","","M","29","","18","","","","100.52","","25","","","","NA"
"-121.49","49.37","HOPE AIRPORT","1113543","2021-08-16 13:00","2021","08","16","13:00","21.2","","14.9","","68","","","M","30","","17","","","","100.51","","25","","","","NA"
"-121.49","49.37","HOPE AIRPORT","1113543","2021-08-16 14:00","2021","08","16","14:00","21.5","","14.2","","63","","","M","28","","20","","","","100.50","","25","","","","NA"
"-121.49","49.37","HOPE AIRPORT","1113543","2021-08-16 15:00","2021","08","16","15:00","18.4","","16.5","","88","","","M","28","","14","","","","100.49","","","","","","NA"
"-121.49","49.37","HOPE AIRPORT","1113543","2021-08-16 16:00","2021","08","16","16:00","19.0","","15.8","","82","","","M","26","","19","","","","100.46","","","","","","NA"
"-121.49","49.37","HOPE AIRPORT","1113543","2021-08-16 17:00","2021","08","16","17:00","19.4","","15.3","","77","","","M","27","","16","","","","100.40","","","","","","NA"
"-121.49","49.37","HOPE AIRPORT","1113543","2021-08-16 18:00","2021","08","16","18:00","18.1","","16.1","","88","","","M","26","","16","","","","100.38","","","","","","NA"
"-121.49","49.37","HOPE AIRPORT","1113543","2021-08-16 19:00","2021","08","16","19:00","18.3","","15.7","","85","","","M","28","","10","","","","100.37","","","","","","NA"
"-121.49","49.37","HOPE AIRPORT","1113543","2021-08-16 20:00","2021","08","16","20:00","18.5","","15.5","","83","","","M","29","","13","","","","100.35","","","","","","NA"
"-121.49","49.37","HOPE AIRPORT","1113543","2021-08-16 21:00","2021","08","16","21:00","17.9","","15.8","","88","","","M","25","","18","","","","100.33","","","","","","NA"
"-121.49","49.37","HOPE AIRPORT","1113543","2021-08-16 22:00","2021","08","16","22:00","17.6","","15.2","","86","","","M","28","","11","","","","100.38","","","","","","NA"
"-121.49","49.37","HOPE AIRPORT","1113543","2021-08-16 23:00","2021","08","16","23:00","17.6","","14.8","","84","","","M","29","","7","","","","100.43","","","","","","NA"
"-121.49","49.37","HOPE AIRPORT","1113543","2021-08-17 00:00","2021","08","17","00:00","17.1","","12.9","","76","","","M","30","","9","","","","100.49","","","","","","NA"
"-121.49","49.37","HOPE AIRPORT","1113543","2021-08-17 01:00","2021","08","17","01:00","16.3","","13.1","","81","","","M","24","","4","","","","100.57","","","","","","NA"
"-121.49","49.37","HOPE AIRPORT","1113543","2021-08-17 02:00","2021","08","17","02:00","15.7","","13.7","","88","","","M","24","","10","","","","100.61","","","","","","NA"
"-121.49","49.37","HOPE AIRPORT","1113543","2021-08-17 03:00","2021","08","17","03:00","15.1","","13.6","","91","","","M","23","","8","","","","100.65","","","","","","NA"
"-121.49","49.37","HOPE AIRPORT","1113543","2021-08-17 04:00","2021","08","17","04:00","14.7","","13.4","","92","","","M","23","","8","","","","100.67","","","","","","NA"
"-121.49","49.37","HOPE AIRPORT","1113543","2021-08-17 05:00","2021","08","17","05:00","14.5","","13.5","","93","","","M","23","","8","","","","100.71","","","","","","NA"
"-121.49","49.37","HOPE AIRPORT","1113543","2021-08-17 06:00","2021","08","17","06:00","14.8","","13.2","","90","","","M","26","","10","","","","100.78","","","","","","NA"
"-121.49","49.37","HOPE AIRPORT","1113543","2021-08-17 07:00","2021","08","17","07:00","15.3","","13.0","","86","","","M","26","","9","","","","100.87","","","","","","NA"
"-121.49","49.37","HOPE AIRPORT","1113543","2021-08-17 08:00","2021","08","17","08:00","15.4","","12.8","","84","","","M","28","","8","","","","100.93","","","","","","NA"
"-121.49","49.37","HOPE AIRPORT","1113543","2021-08-17 09:00","2021","08","17","09:00","15.7","","12.7","","83","","","M","29","","7","","","","100.99","","","","","","NA"
"-121.49","49.37","HOPE AIRPORT","1113543","2021-08-17 10:00","2021","08","17","10:00","16.2","","13.6","","85","","","M","27","","8","","","","100.99","","","","","","NA"
"-121.49","49.37","HOPE AIRPORT","1113543","2021-08-17 11:00","2021","08","17","11:00","17.9","","12.6","","71","","","M","26","","13","","","","100.96","","","","","","NA"
"-121.49","49.37","HOPE AIRPORT","1113543","2021-08-17 12:00","2021","08","17","12:00","18.6","","12.6","","68","","","M","28","","15","","","","100.97","","","","","","NA"
"-121.49","49.37","HOPE AIRPORT","1113543","2021-08-17 13:00","2021","08","17","13:00","18.9","","12.2","","65","","","M","28","","13","","","","100.96","","","","","","NA"
"-121.49","49.37","HOPE AIRPORT","1113543","2021-08-17 14:00","2021","08","17","14:00","20.0","","11.9","","59","","","M","28","","15","","","","100.96","","","","","","NA"
"-121.49","49.37","HOPE AIRPORT","1113543","2021-08-17 15:00","2021","08","17","15:00","19.1","","12.5","","65","","","M","29","","10","","","","100.95","","","","","","NA"
"-121.49","49.37","HOPE AIRPORT","1113543","2021-08-17 16:00","2021","08","17","16:00","18.8","","13.0","","69","","","M","22","","8","","","","101.01","","","","","","NA"
"-121.49","49.37","HOPE AIRPORT","1113543","2021-08-17 17:00","2021","08","17","17:00","18.8","","13.4","","71","","","M","34","","2","","","","101.07","","","","","","NA"
"-121.49","49.37","HOPE AIRPORT","1113543","2021-08-17 18:00","2021","08","17","18:00","18.7","","13.8","","73","","","M","0","","1","","","","101.11","","","","","","NA"
"-121.49","49.37","HOPE AIRPORT","1113543","2021-08-17 19:00","2021","08","17","19:00","17.3","","14.5","","84","","","M","0","","1","","","","101.15","","","","","","NA"
"-121.49","49.37","HOPE AIRPORT","1113543","2021-08-17 20:00","2021","08","17","20:00","14.9","","13.1","","89","","","M","0","","1","","","","101.23","","","","","","NA"
"-121.49","49.37","HOPE AIRPORT","1113543","2021-08-17 21:00","2021","08","17","21:00","15.0","","13.8","","92","","","M","2","","2","","","","101.29","","","","","","NA"
"-121.49","49.37","HOPE AIRPORT","1113543","2021-08-17 22:00","2021","08","17","22:00","15.3","","13.3","","88","","","M","7","","6","","","","101.35","","","","","","NA"
"-121.49","49.37","HOPE AIRPORT","1113543","2021-08-17 23:00","2021","08","17","23:00","15.0","","12.9","","87","","","M","9","","10","","","","101.36","","","","","","NA"
"-121.49","49.37","HOPE AIRPORT","1113543","2021-08-18 00:00","2021","08","18","00:00","14.2","","12.8","","91","","","M","5","","6","","","","101.37","","","","","","NA"
"-121.49","49.37","HOPE AIRPORT","1113543","2021-08-18 01:00","2021","08","18","01:00","14.1","","12.2","","88","","","M","7","","8","","","","101.41","","","","","","NA"
"-121.49","49.37","HOPE AIRPORT","1113543","2021-08-18 02:00","2021","08","18","02:00","13.6","","12.2","","91","","","M","8","","8","","","","101.44","","","","","","NA"
"-121.49","49.37","HOPE AIRPORT","1113543","2021-08-18 03:00","2021","08","18","03:00","13.2","","11.8","","91","","","M","8","","7","","","","101.47","","","","","","NA"
"-121.49","49.37","HOPE AIRPORT","1113543","2021-08-18 04:00","2021","08","18","04:00","12.7","","11.7","","93","","","M","9","","8","","","","101.50","","","","","","NA"
"-121.49","49.37","HOPE AIRPORT","1113543","2021-08-18 05:00","2021","08","18","05:00","11.9","","11.1","","95","","","M","10","","8","","","","101.56","","","","","","NA"
"-121.49","49.37","HOPE AIRPORT","1113543","2021-08-18 06:00","2021","08","18","06:00","12.2","","11.6","","96","","","M","10","","14","","","","101.56","","","","","","NA"
"-121.49","49.37","HOPE AIRPORT","1113543","2021-08-18 07:00","2021","08","18","07:00","13.8","","11.9","","89","","","M","9","","11","","","","101.59","","","","","","NA"
"-121.49","49.37","HOPE AIRPORT","1113543","2021-08-18 08:00","2021","08","18","08:00","15.7","","11.5","","76","","","M","9","","9","","","","101.53","","","","","","NA"
"-121.49","49.37","HOPE AIRPORT","1113543","2021-08-18 09:00","2021","08","18","09:00","17.9","","11.3","","65","","","M","13","","2","","","","101.45","","","","","","NA"
"-121.49","49.37","HOPE AIRPORT","1113543","2021-08-18 10:00","2021","08","18","10:00","19.9","","12.2","","61","","","M","27","","15","","","","101.43","","","","","","NA"
"-121.49","49.37","HOPE AIRPORT","1113543","2021-08-18 11:00","2021","08","18","11:00","21.5","","11.7","","54","","","M","27","","18","","","","101.35","","","","","","NA"
"-121.49","49.37","HOPE AIRPORT","1113543","2021-08-18 12:00","2021","08","18","12:00","22.8","","12.6","","53","","","M","27","","22","","","","101.29","","25","","","","NA"
"-121.49","49.37","HOPE AIRPORT","1113543","2021-08-18 13:00","2021","08","18","13:00","23.1","","12.8","","52","","","M","28","","17","","","","101.22","","26","","","","NA"
"-121.49","49.37","HOPE AIRPORT","1113543","2021-08-18 14:00","2021","08","18","14:00","23.0","","12.7","","52","","","M","28","","17","","","","101.18","","26","","","","NA"
"-121.49","49.37","HOPE AIRPORT","1113543","2021-08-18 15:00","2021","08","18","15:00","23.4","","13.1","","52","","","M","27","","26","","","","101.11","","26","","","","NA"
"-121.49","49.37","HOPE AIRPORT","1113543","2021-08-18 16:00","2021","08","18","16:00","23.5","","12.8","","51","","","M","28","","21","","","","101.08","","26","","","","NA"
"-121.49","49.37","HOPE AIRPORT","1113543","2021-08-18 17:00","2021","08","18","17:00","22.7","","13.1","","55","","","M","29","","15","","","","101.04","","26","","","","NA"
"-121.49","49.37","HOPE AIRPORT","1113543","2021-08-18 18:00","2021","08","18","18:00","22.7","","12.9","","54","","","M","28","","19","","","","101.09","","25","","","","NA"
"-121.49","49.37","HOPE AIRPORT","1113543","2021-08-18 19:00","2021","08","18","19:00","21.4","","12.9","","58","","","M","25","","8","","","","101.11","","","","","","NA"
"-121.49","49.37","HOPE AIRPORT","1113543","2021-08-18 20:00","2021","08","18","20:00","20.5","","12.1","","58","","","M","29","","12","","","","101.21","","","","","","NA"
"-121.49","49.37","HOPE AIRPORT","1113543","2021-08-18 21:00","2021","08","18","21:00","19.9","","11.5","","58","","","M","26","","11","","","","101.28","","","","","","NA"
"-121.49","49.37","HOPE AIRPORT","1113543","2021-08-18 22:00","2021","08","18","22:00","19.5","","12.2","","62","","","M","21","","12","","","","101.29","","","","","","NA"
"-121.49","49.37","HOPE AIRPORT","1113543","2021-08-18 23:00","2021","08","18","23:00","16.8","","12.6","","76","","","M","24","","4","","","","101.29","","","","","","NA"
"-121.49","49.37","HOPE AIRPORT","1113543","2021-08-19 00:00","2021","08","19","00:00","17.0","","12.8","","76","","","M","29","","2","","","","101.31","","","","","","NA"
"-121.49","49.37","HOPE AIRPORT","1113543","2021-08-19 01:00","2021","08","19","01:00","15.2","","12.7","","85","","","M","34","","1","","","","101.29","","","","","","NA"
"-121.49","49.37","HOPE AIRPORT","1113543","2021-08-19 02:00","2021","08","19","02:00","13.6","","11.7","","89","","","M","7","","2","","","","101.29","","","","","","NA"
"-121.49","49.37","HOPE AIRPORT","1113543","2021-08-19 03:00","2021","08","19","03:00","13.4","","11.7","","89","","","M","25","","2","","","","101.29","","","","","","NA"
"-121.49","49.37","HOPE AIRPORT","1113543","2021-08-19 04:00","2021","08","19","04:00","15.5","","13.1","","86","","","M","6","","4","","","","101.28","","","","","","NA"
"-121.49","49.37","HOPE AIRPORT","1113543","2021-08-19 05:00","2021","08","19","05:00","14.9","","12.4","","85","","","M","17","","3","","","","101.24","","","","","","NA"
"-121.49","49.37","HOPE AIRPORT","1113543","2021-08-19 06:00","2021","08","19","06:00","15.5","","13.0","","85","","","M","25","","3","","","","101.29","","","","","","NA"
"-121.49","49.37","HOPE AIRPORT","1113543","2021-08-19 07:00","2021","08","19","07:00","16.4","","13.2","","81","","","M","25","","1","","","","101.30","","","","","","NA"
"-121.49","49.37","HOPE AIRPORT","1113543","2021-08-19 08:00","2021","08","19","08:00","17.8","","12.7","","72","","","M","23","","7","","","","101.29","","","","","","NA"
"-121.49","49.37","HOPE AIRPORT","1113543","2021-08-19 09:00","2021","08","19","09:00","19.9","","12.6","","63","","","M","25","","14","","","","101.24","","","","","","NA"
"-121.49","49.37","HOPE AIRPORT","1113543","2021-08-19 10:00","2021","08","19","10:00","20.7","","12.4","","59","","","M","28","","13","","","","101.21","","","","","","NA"
"-121.49","49.37","HOPE AIRPORT","1113543","2021-08-19 11:00","2021","08","19","11:00","22.7","","12.4","","52","","","M","29","","10","","","","101.14","","25","","","","NA"
"-121.49","49.37","HOPE AIRPORT","1113543","2021-08-19 12:00","2021","08","19","12:00","23.9","","12.5","","49","","","M","29","","12","","","","101.08","","26","","","","NA"
"-121.49","49.37","HOPE AIRPORT","1113543","2021-08-19 13:00","2021","08","19","13:00","24.4","","12.8","","48","","","M","27","","17","","","","101.07","","27","","","","NA"
"-121.49","49.37","HOPE AIRPORT","1113543","2021-08-19 14:00","2021","08","19","14:00","23.0","","14.0","","57","","","M","29","","14","","","","101.05","","26","","","","NA"
"-121.49","49.37","HOPE AIRPORT","1113543","2021-08-19 15:00","2021","08","19","15:00","22.7","","13.7","","57","","","M","29","","14","","","","101.04","","26","","","","NA"
"-121.49","49.37","HOPE AIRPORT","1113543","2021-08-19 16:00","2021","08","19","16:00","22.8","","13.8","","57","","","M","29","","13","","","","101.02","","26","","","","NA"
"-121.49","49.37","HOPE AIRPORT","1113543","2021-08-19 17:00","2021","08","19","17:00","23.5","","14.2","","56","","","M","28","","12","","","","101.00","","27","","","","NA"
"-121.49","49.37","HOPE AIRPORT","1113543","2021-08-19 18:00","2021","08","19","18:00","23.0","","14.1","","57","","","M","28","","8","","","","100.95","","26","","","","NA"
"-121.49","49.37","HOPE AIRPORT","1113543","2021-08-19 19:00","2021","08","19","19:00","22.0","","14.2","","61","","","M","29","","10","","","","100.98","","25","","","","NA"
"-121.49","49.37","HOPE AIRPORT","1113543","2021-08-19 20:00","2021","08","19","20:00","21.0","","14.0","","65","","","M","27","","10","","","","101.00","","","","","","NA"
"-121.49","49.37","HOPE AIRPORT","1113543","2021-08-19 21:00","2021","08","19","21:00","19.4","","14.5","","73","","","M","23","","11","","","","101.02","","","","","","NA"
"-121.49","49.37","HOPE AIRPORT","1113543","2021-08-19 22:00","2021","08","19","22:00","18.6","","14.2","","75","","","M","23","","11","","","","101.05","","","","","","NA"
"-121.49","49.37","HOPE AIRPORT","1113543","2021-08-19 23:00","2021","08","19","23:00","17.7","","14.5","","81","","","M","29","","2","","","","101.03","","","","","","NA"
"-121.49","49.37","HOPE AIRPORT","1113543","2021-08-20 00:00","2021","08","20","00:00","16.6","","14.2","","86","","","M","0","","1","","","","101.01","","","","","","NA"
"-121.49","49.37","HOPE AIRPORT","1113543","2021-08-20 01:00","2021","08","20","01:00","16.2","","14.2","","88","","","M","","","0","","","","101.01","","","","","","NA"
"-121.49","49.37","HOPE AIRPORT","1113543","2021-08-20 02:00","2021","08","20","02:00","16.4","","14.6","","89","","","M","10","","1","","","","100.97","","","","","","NA"
"-121.49","49.37","HOPE AIRPORT","1113543","2021-08-20 03:00","2021","08","20","03:00","15.9","","14.4","","91","","","M","10","","1","","","","100.94","","","","","","NA"
"-121.49","49.37","HOPE AIRPORT","1113543","2021-08-20 04:00","2021","08","20","04:00","17.0","","14.7","","86","","","M","5","","2","","","","100.91","","","","","","NA"
"-121.49","49.37","HOPE AIRPORT","1113543","2021-08-20 05:00","2021","08","20","05:00","16.3","","14.5","","89","","","M","0","","1","","","","100.92","","","","","","NA"
"-121.49","49.37","HOPE AIRPORT","1113543","2021-08-20 06:00","2021","08","20","06:00","17.1","","14.8","","86","","","M","22","","10","","","","100.92","","","","","","NA"
"-121.49","49.37","HOPE AIRPORT","1113543","2021-08-20 07:00","2021","08","20","07:00","17.8","","14.3","","80","","","M","27","","9","","","","100.92","","","","","","NA"
"-121.49","49.37","HOPE AIRPORT","1113543","2021-08-20 08:00","2021","08","20","08:00","18.0","","13.6","","75","","","M","27","","13","","","","100.91","","","","","","NA"
"-121.49","49.37","HOPE AIRPORT","1113543","2021-08-20 09:00","2021","08","20","09:00","18.2","","13.8","","75","","","M","27","","11","","","","100.91","","","","","","NA"
"-121.49","49.37","HOPE AIRPORT","1113543","2021-08-20 10:00","2021","08","20","10:00","19.3","","13.8","","71","","","M","29","","8","","","","100.87","","","","","","NA"
"-121.49","49.37","HOPE AIRPORT","1113543","2021-08-20 11:00","2021","08","20","11:00","19.7","","13.5","","67","","","M","29","","10","","","","100.82","","","","","","NA"
"-121.49","49.37","HOPE AIRPORT","1113543","2021-08-20 12:00","2021","08","20","12:00","20.7","","13.4","","63","","","M","27","","18","","","","100.76","","","","","","NA"
"-121.49","49.37","HOPE AIRPORT","1113543","2021-08-20 13:00","2021","08","20","13:00","20.0","","13.9","","68","","","M","29","","12","","","","100.72","","","","","","NA"
"-121.49","49.37","HOPE AIRPORT","1113543","2021-08-20 14:00","2021","08","20","14:00","17.5","","15.0","","85","","","M","27","","12","","","","100.74","","","","","","NA"
"-121.49","49.37","HOPE AIRPORT","1113543","2021-08-20 15:00","2021","08","20","15:00","18.6","","15.5","","82","","","M","24","","6","","","","100.71","","","","","","NA"
"-121.49","49.37","HOPE AIRPORT","1113543","2021-08-20 16:00","2021","08","20","16:00","18.7","","14.9","","79","","","M","30","","7","","","","100.72","","","","","","NA"
"-121.49","49.37","HOPE AIRPORT","1113543","2021-08-20 17:00","2021","08","20","17:00","18.6","","14.5","","77","","","M","29","","5","","","","100.74","","","","","","NA"
"-121.49","49.37","HOPE AIRPORT","1113543","2021-08-20 18:00","2021","08","20","18:00","18.1","","14.4","","79","","","M","28","","6","","","","100.71","","","","","","NA"
"-121.49","49.37","HOPE AIRPORT","1113543","2021-08-20 19:00","2021","08","20","19:00","17.6","","14.5","","82","","","M","28","","4","","","","100.68","","","","","","NA"
"-121.49","49.37","HOPE AIRPORT","1113543","2021-08-20 20:00","2021","08","20","20:00","16.9","","14.8","","87","","","M","21","","3","","","","100.66","","","","","","NA"
"-121.49","49.37","HOPE AIRPORT","1113543","2021-08-20 21:00","2021","08","20","21:00","16.9","","14.1","","84","","","M","28","","7","","","","100.65","","","","","","NA"
"-121.49","49.37","HOPE AIRPORT","1113543","2021-08-20 22:00","2021","08","20","22:00","16.3","","14.1","","87","","","M","28","","6","","","","100.65","","","","","","NA"
"-121.49","49.37","HOPE AIRPORT","1113543","2021-08-20 23:00","2021","08","20","23:00","15.8","","14.4","","91","","","M","26","","8","","","","100.66","","","","","","NA"
"-121.49","49.37","HOPE AIRPORT","1113543","2021-08-21 00:00","2021","08","21","00:00","15.7","","14.4","","92","","","M","24","","7","","","","100.61","","","","","","NA"
"-121.49","49.37","HOPE AIRPORT","1113543","2021-08-21 01:00","2021","08","21","01:00","15.6","","14.4","","93","","","M","22","","8","","","","100.57","","","","","","NA"
"-121.49","49.37","HOPE AIRPORT","1113543","2021-08-21 02:00","2021","08","21","02:00","15.6","","14.2","","91","","","M","26","","2","","","","100.55","","","","","","NA"
"-121.49","49.37","HOPE AIRPORT","1113543","2021-08-21 03:00","2021","08","21","03:00","15.5","","14.3","","93","","","M","","","0","","","","100.55","","","","","","NA"
"-121.49","49.37","HOPE AIRPORT","1113543","2021-08-21 04:00","2021","08","21","04:00","15.3","","14.2","","93","","","M","","","0","","","","100.55","","","","","","NA"
"-121.49","49.37","HOPE AIRPORT","1113543","2021-08-21 05:00","2021","08","21","05:00","15.1","","14.4","","96","","","M","28","","2","","","","100.57","","","","","","NA"
"-121.49","49.37","HOPE AIRPORT","1113543","2021-08-21 06:00","2021","08","21","06:00","15.2","","14.6","","96","","","M","0","","1","","","","100.57","","","","","","NA"
"-121.49","49.37","HOPE AIRPORT","1113543","2021-08-21 07:00","2021","08","21","07:00","15.8","","14.6","","93","","","M","","","0","","","","100.56","","","","","","NA"
"-121.49","49.37","HOPE AIRPORT","1113543","2021-08-21 08:00","2021","08","21","08:00","16.5","","14.6","","89","","","M","24","","10","","","","100.54","","","","","","NA"
"-121.49","49.37","HOPE AIRPORT","1113543","2021-08-21 09:00","2021","08","21","09:00","17.2","","13.9","","81","","","M","25","","9","","","","100.51","","","","","","NA"
"-121.49","49.37","HOPE AIRPORT","1113543","2021-08-21 10:00","2021","08","21","10:00","17.9","","13.8","","77","","","M","27","","9","","","","100.48","","","","","","NA"
"-121.49","49.37","HOPE AIRPORT","1113543","2021-08-21 11:00","2021","08","21","11:00","18.7","","13.0","","70","","","M","28","","12","","","","100.46","","","","","","NA"
"-121.49","49.37","HOPE AIRPORT","1113543","2021-08-21 12:00","2021","08","21","12:00","18.9","","13.1","","69","","","M","29","","14","","","","100.42","","","","","","NA"
"-121.49","49.37","HOPE AIRPORT","1113543","2021-08-21 13:00","2021","08","21","13:00","19.5","","13.5","","68","","","M","29","","15","","","","100.38","","","","","","NA"
"-121.49","49.37","HOPE AIRPORT","1113543","2021-08-21 14:00","2021","08","21","14:00","19.4","","13.5","","69","","","M","29","","15","","","","100.36","","","","","","NA"
"-121.49","49.37","HOPE AIRPORT","1113543","2021-08-21 15:00","2021","08","21","15:00","19.3","","13.5","","69","","","M","30","","16","","","","100.32","","","","","","NA"
"-121.49","49.37","HOPE AIRPORT","1113543","2021-08-21 16:00","2021","08","21","16:00","19.2","","13.6","","70","","","M","29","","16","","","","100.31","","","","","","NA"
"-121.49","49.37","HOPE AIRPORT","1113543","2021-08-21 17:00","2021","08","21","17:00","19.7","","13.4","","67","","","M","29","","14","","","","100.31","","","","","","NA"
"-121.49","49.37","HOPE AIRPORT","1113543","2021-08-21 18:00","2021","08","21","18:00","19.4","","13.1","","67","","","M","29","","15","","","","100.30","","","","","","NA"
"-121.49","49.37","HOPE AIRPORT","1113543","2021-08-21 19:00","2021","08","21","19:00","19.4","","12.9","","66","","","M","29","","12","","","","100.28","","","","","","NA"
"-121.49","49.37","HOPE AIRPORT","1113543","2021-08-21 20:00","2021","08","21","20:00","19.2","","13.0","","67","","","M","28","","14","","","","100.28","","","","","","NA"
"-121.49","49.37","HOPE AIRPORT","1113543","2021-08-21 21:00","2021","08","21","21:00","18.7","","12.9","","69","","","M","29","","17","","","","100.29","","","","","","NA"
"-121.49","49.37","HOPE AIRPORT","1113543","2021-08-21 22:00","2021","08","21","22:00","18.4","","12.9","","70","","","M","29","","16","","","","100.30","","","","","","NA"
"-121.49","49.37","HOPE AIRPORT","1113543","2021-08-21 23:00","2021","08","21","23:00","17.8","","12.9","","73","","","M","29","","16","","","","100.28","","","","","","NA"
"-121.49","49.37","HOPE AIRPORT","1113543","2021-08-22 00:00","2021","08","22","00:00","18.0","","12.6","","71","","","M","28","","14","","","","100.27","","","","","","NA"
"-121.49","49.37","HOPE AIRPORT","1113543","2021-08-22 01:00","2021","08","22","01:00","18.1","","12.5","","70","","","M","28","","15","","","","100.26","","","","","","NA"
"-121.49","49.37","HOPE AIRPORT","1113543","2021-08-22 02:00","2021","08","22","02:00","18.0","","12.4","","70","","","M","28","","15","","","","100.26","","","","","","NA"
"-121.49","49.37","HOPE AIRPORT","1113543","2021-08-22 03:00","2021","08","22","03:00","17.3","","12.7","","74","","","M","28","","17","","","","100.23","","","","","","NA"
"-121.49","49.37","HOPE AIRPORT","1113543","2021-08-22 04:00","2021","08","22","04:00","16.6","","12.8","","78","","","M","29","","18","","","","100.20","","","","","","NA"
"-121.49","49.37","HOPE AIRPORT","1113543","2021-08-22 05:00","2021","08","22","05:00","16.4","","12.3","","77","","","M","29","","21","","","","100.19","","","","","","NA"
"-121.49","49.37","HOPE AIRPORT","1113543","2021-08-22 06:00","2021","08","22","06:00","15.6","","12.1","","80","","","M","29","","22","","","","100.22","","","","","","NA"
"-121.49","49.37","HOPE AIRPORT","1113543","2021-08-22 07:00","2021","08","22","07:00","14.8","","12.9","","88","","","M","28","","16","","","","100.28","","","","","","NA"
"-121.49","49.37","HOPE AIRPORT","1113543","2021-08-22 08:00","2021","08","22","08:00","14.3","","12.7","","91","","","M","29","","21","","","","100.28","","","","","","NA"
"-121.49","49.37","HOPE AIRPORT","1113543","2021-08-22 09:00","2021","08","22","09:00","13.9","","11.6","","86","","","M","29","","21","","","","100.33","","","","","","NA"
"-121.49","49.37","HOPE AIRPORT","1113543","2021-08-22 10:00","2021","08","22","10:00","13.9","","11.6","","86","","","M","28","","19","","","","100.40","","","","","","NA"
"-121.49","49.37","HOPE AIRPORT","1113543","2021-08-22 11:00","2021","08","22","11:00","14.8","","11.1","","79","","","M","28","","17","","","","100.46","","","","","","NA"
"-121.49","49.37","HOPE AIRPORT","1113543","2021-08-22 12:00","2021","08","22","12:00","15.0","","10.7","","76","","","M","28","","12","","","","100.51","","","","","","NA"
"-121.49","49.37","HOPE AIRPORT","1113543","2021-08-22 13:00","2021","08","22","13:00","16.1","","11.0","","72","","","M","26","","14","","","","100.54","","","","","","NA"
"-121.49","49.37","HOPE AIRPORT","1113543","2021-08-22 14:00","2021","08","22","14:00","16.5","","10.0","","65","","","M","28","","9","","","","100.55","","","","","","NA"
"-121.49","49.37","HOPE AIRPORT","1113543","2021-08-22 15:00","2021","08","22","15:00","17.5","","9.7","","60","","","M","28","","10","","","","100.52","","","","","","NA"
"-121.49","49.37","HOPE AIRPORT","1113543","2021-08-22 16:00","2021","08","22","16:00","18.3","","7.7","","50","","","M","28","","19","","","","100.51","","","","","","NA"
"-121.49","49.37","HOPE AIRPORT","1113543","2021-08-22 17:00","2021","08","22","17:00","17.8","","8.7","","55","","","M","29","","12","","","","100.52","","","","","","NA"
"-121.49","49.37","HOPE AIRPORT","1113543","2021-08-22 18:00","2021","08","22","18:00","17.2","","8.5","","57","","","M","27","","14","","","","100.54","","","","","","NA"
"-121.49","49.37","HOPE AIRPORT","1113543","2021-08-22 19:00","2021","08","22","19:00","15.9","","9.0","","64","","","M","25","","10","","","","100.58","","","","","","NA"
"-121.49","49.37","HOPE AIRPORT","1113543","2021-08-22 20:00","2021","08","22","20:00","15.2","","9.4","","68","","","M","22","","4","","","","100.62","","","","","","NA"
"-121.49","49.37","HOPE AIRPORT","1113543","2021-08-22 21:00","2021","08","22","21:00","15.7","","9.5","","66","","","M","25","","8","","","","100.67","","","","","","NA"
"-121.49","49.37","HOPE AIRPORT","1113543","2021-08-22 22:00","2021","08","22","22:00","15.3","","9.2","","67","","","M","22","","4","","","","100.71","","","","","","NA"
"-121.49","49.37","HOPE AIRPORT","1113543","2021-08-22 23:00","2021","08","22","23:00","15.0","","9.3","","69","","","M","22","","9","","","","100.72","","","","","","NA"
"-121.49","49.37","HOPE AIRPORT","1113543","2021-08-23 00:00","2021","08","23","00:00","13.5","","10.1","","80","","","M","24","","4","","","","100.76","","","","","","NA"
"-121.49","49.37","HOPE AIRPORT","1113543","2021-08-23 01:00","2021","08","23","01:00","13.1","","9.5","","79","","","M","21","","6","","","","100.76","","","","","","NA"
"-121.49","49.37","HOPE AIRPORT","1113543","2021-08-23 02:00","2021","08","23","02:00","12.8","","9.9","","82","","","M","0","","1","","","","100.80","","","","","","NA"
"-121.49","49.37","HOPE AIRPORT","1113543","2021-08-23 03:00","2021","08","23","03:00","13.6","","9.7","","77","","","M","","","0","","","","100.83","","","","","","NA"
"-121.49","49.37","HOPE AIRPORT","1113543","2021-08-23 04:00","2021","08","23","04:00","13.3","","10.0","","80","","","M","23","","8","","","","100.84","","","","","","NA"
"-121.49","49.37","HOPE AIRPORT","1113543","2021-08-23 05:00","2021","08","23","05:00","13.4","","9.5","","78","","","M","24","","8","","","","100.87","","","","","","NA"
"-121.49","49.37","HOPE AIRPORT","1113543","2021-08-23 06:00","2021","08","23","06:00","13.3","","9.7","","79","","","M","23","","10","","","","100.95","","","","","","NA"
"-121.49","49.37","HOPE AIRPORT","1113543","2021-08-23 07:00","2021","08","23","07:00","14.1","","9.2","","73","","","M","24","","12","","","","101.00","","","","","","NA"
"-121.49","49.37","HOPE AIRPORT","1113543","2021-08-23 08:00","2021","08","23","08:00","15.2","","8.7","","65","","","M","25","","6","","","","101.07","","","","","","NA"
"-121.49","49.37","HOPE AIRPORT","1113543","2021-08-23 09:00","2021","08","23","09:00","13.9","","9.6","","75","","","M","29","","9","","","","101.14","","","","","","NA"
"-121.49","49.37","HOPE AIRPORT","1113543","2021-08-23 10:00","2021","08","23","10:00","15.1","","9.7","","70","","","M","28","","9","","","","101.19","","","","","","NA"
"-121.49","49.37","HOPE AIRPORT","1113543","2021-08-23 11:00","2021","08","23","11:00","16.5","","9.4","","63","","","M","28","","10","","","","101.20","","","","","","NA"
"-121.49","49.37","HOPE AIRPORT","1113543","2021-08-23 12:00","2021","08","23","12:00","17.4","","9.1","","58","","","M","29","","6","","","","101.19","","","","","","NA"
"-121.49","49.37","HOPE AIRPORT","1113543","2021-08-23 13:00","2021","08","23","13:00","19.9","","8.9","","49","","","M","27","","18","","","","101.16","","","","","","NA"
"-121.49","49.37","HOPE AIRPORT","1113543","2021-08-23 14:00","2021","08","23","14:00","20.6","","8.1","","45","","","M","27","","18","","","","101.13","","","","","","NA"
"-121.49","49.37","HOPE AIRPORT","1113543","2021-08-23 15:00","2021","08","23","15:00","21.3","","7.8","","42","","","M","27","","20","","","","101.11","","","","","","NA"
"-121.49","49.37","HOPE AIRPORT","1113543","2021-08-23 16:00","2021","08","23","16:00","21.2","","7.2","","40","","","M","28","","16","","","","101.12","","","","","","NA"
"-121.49","49.37","HOPE AIRPORT","1113543","2021-08-23 17:00","2021","08","23","17:00","20.6","","7.7","","43","","","M","29","","8","","","","101.15","","","","","","NA"
"-121.49","49.37","HOPE AIRPORT","1113543","2021-08-23 18:00","2021","08","23","18:00","19.3","","8.9","","51","","","M","8","","5","","","","101.17","","","","","","NA"
"-121.49","49.37","HOPE AIRPORT","1113543","2021-08-23 19:00","2021","08","23","19:00","17.1","","9.4","","61","","","M","9","","7","","","","101.22","","","","","","NA"
"-121.49","49.37","HOPE AIRPORT","1113543","2021-08-23 20:00","2021","08","23","20:00","15.8","","11.0","","73","","","M","9","","8","","","","101.32","","","","","","NA"
"-121.49","49.37","HOPE AIRPORT","1113543","2021-08-23 21:00","2021","08","23","21:00","15.0","","9.9","","72","","","M","9","","10","","","","101.35","","","","","","NA"
"-121.49","49.37","HOPE AIRPORT","1113543","2021-08-23 22:00","2021","08","23","22:00","14.3","","10.1","","76","","","M","9","","11","","","","101.38","","","","","","NA"
"-121.49","49.37","HOPE AIRPORT","1113543","2021-08-23 23:00","2021","08","23","23:00","13.8","","10.1","","78","","","M","9","","15","","","","101.42","","","","","","NA"
"-121.49","49.37","HOPE AIRPORT","1113543","2021-08-24 00:00","2021","08","24","00:00","13.6","","9.6","","77","","","M","7","","10","","","","101.43","","","","","","NA"
"-121.49","49.37","HOPE AIRPORT","1113543","2021-08-24 01:00","2021","08","24","01:00","13.2","","9.4","","78","","","M","7","","9","","","","101.43","","","","","","NA"
"-121.49","49.37","HOPE AIRPORT","1113543","2021-08-24 02:00","2021","08","24","02:00","12.8","","9.5","","81","","","M","7","","8","","","","101.42","","","","","","NA"
"-121.49","49.37","HOPE AIRPORT","1113543","2021-08-24 03:00","2021","08","24","03:00","12.7","","9.1","","78","","","M","7","","11","","","","101.45","","","","","","NA"
"-121.49","49.37","HOPE AIRPORT","1113543","2021-08-24 04:00","2021","08","24","04:00","11.8","","9.3","","85","","","M","7","","10","","","","101.47","","","","","","NA"
"-121.49","49.37","HOPE AIRPORT","1113543","2021-08-24 05:00","2021","08","24","05:00","11.7","","9.1","","84","","","M","8","","11","","","","101.49","","","","","","NA"
"-121.49","49.37","HOPE AIRPORT","1113543","2021-08-24 06:00","2021","08","24","06:00","11.9","","8.7","","81","","","M","8","","11","","","","101.53","","","","","","NA"
"-121.49","49.37","HOPE AIRPORT","1113543","2021-08-24 07:00","2021","08","24","07:00","13.1","","8.3","","73","","","M","7","","9","","","","101.55","","","","","","NA"
"-121.49","49.37","HOPE AIRPORT","1113543","2021-08-24 08:00","2021","08","24","08:00","15.2","","7.5","","60","","","M","10","","15","","","","101.50","","","","","","NA"
"-121.49","49.37","HOPE AIRPORT","1113543","2021-08-24 09:00","2021","08","24","09:00","17.4","","7.4","","52","","","M","10","","16","","","","101.43","","","","","","NA"
"-121.49","49.37","HOPE AIRPORT","1113543","2021-08-24 10:00","2021","08","24","10:00","19.3","","7.3","","46","","","M","10","","12","","","","101.37","","","","","","NA"
"-121.49","49.37","HOPE AIRPORT","1113543","2021-08-24 11:00","2021","08","24","11:00","21.5","","6.6","","38","","","M","11","","13","","","","101.25","","","","","","NA"
"-121.49","49.37","HOPE AIRPORT","1113543","2021-08-24 12:00","2021","08","24","12:00","24.2","","7.0","","33","","","M","11","","11","","","","101.14","","","","","","NA"
"-121.49","49.37","HOPE AIRPORT","1113543","2021-08-24 13:00","2021","08","24","13:00","25.5","","5.5","","28","","","M","15","","7","","","","101.05","","25","","","","NA"
"-121.49","49.37","HOPE AIRPORT","1113543","2021-08-24 14:00","2021","08","24","14:00","26.5","","5.6","","26","","","M","22","","6","","","","100.97","","26","","","","NA"
"-121.49","49.37","HOPE AIRPORT","1113543","2021-08-24 15:00","2021","08","24","15:00","26.8","","6.2","","27","","","M","23","","11","","","","100.90","","27","","","","NA"
"-121.49","49.37","HOPE AIRPORT","1113543","2021-08-24 16:00","2021","08","24","16:00","27.3","","6.0","","26","","","M","26","","13","","","","100.85","","27","","","","NA"
"-121.49","49.37","HOPE AIRPORT","1113543","2021-08-24 17:00","2021","08","24","17:00","26.4","","6.4","","28","","","M","30","","4","","","","100.82","","26","","","","NA"
"-121.49","49.37","HOPE AIRPORT","1113543","2021-08-24 18:00","2021","08","24","18:00","24.2","","7.9","","35","","","M","23","","10","","","","100.82","","25","","","","NA"
"-121.49","49.37","HOPE AIRPORT","1113543","2021-08-24 19:00","2021","08","24","19:00","20.7","","9.3","","48","","","M","22","","9","","","","100.86","","","","","","NA"
"-121.49","49.37","HOPE AIRPORT","1113543","2021-08-24 20:00","2021","08","24","20:00","16.9","","9.7","","63","","","M","10","","7","","","","100.95","","","","","","NA"
"-121.49","49.37","HOPE AIRPORT","1113543","2021-08-24 21:00","2021","08","24","21:00","18.0","","9.9","","59","","","M","7","","7","","","","101.01","","","","","","NA"
"-121.49","49.37","HOPE AIRPORT","1113543","2021-08-24 22:00","2021","08","24","22:00","17.2","","10.3","","64","","","M","9","","11","","","","101.03","","","","","","NA"
"-121.49","49.37","HOPE AIRPORT","1113543","2021-08-24 23:00","2021","08","24","23:00","16.5","","10.2","","66","","","M","8","","9","","","","101.06","","","","","","NA"
"-121.49","49.37","HOPE AIRPORT","1113543","2021-08-25 00:00","2021","08","25","00:00","15.7","","10.0","","69","","","M","7","","12","","","","101.06","","","","","","NA"
"-121.49","49.37","HOPE AIRPORT","1113543","2021-08-25 01:00","2021","08","25","01:00","14.4","","10.0","","75","","","M","8","","11","","","","101.08","","","","","","NA"
"-121.49","49.37","HOPE AIRPORT","1113543","2021-08-25 02:00","2021","08","25","02:00","14.1","","9.8","","76","","","M","7","","8","","","","101.09","","","","","","NA"
"-121.49","49.37","HOPE AIRPORT","1113543","2021-08-25 03:00","2021","08","25","03:00","13.3","","9.8","","79","","","M","7","","9","","","","101.13","","","","","","NA"
"-121.49","49.37","HOPE AIRPORT","1113543","2021-08-25 04:00","2021","08","25","04:00","12.7","","9.7","","82","","","M","8","","10","","","","101.15","","","","","","NA"
"-121.49","49.37","HOPE AIRPORT","1113543","2021-08-25 05:00","2021","08","25","05:00","12.7","","9.7","","82","","","M","7","","9","","","","101.15","","","","","","NA"
"-121.49","49.37","HOPE AIRPORT","1113543","2021-08-25 06:00","2021","08","25","06:00","12.7","","9.2","","79","","","M","8","","11","","","","101.18","","","","","","NA"
"-121.49","49.37","HOPE AIRPORT","1113543","2021-08-25 07:00","2021","08","25","07:00","13.4","","9.6","","78","","","M","9","","13","","","","101.21","","","","","","NA"
"-121.49","49.37","HOPE AIRPORT","1113543","2021-08-25 08:00","2021","08","25","08:00","15.9","","9.3","","65","","","M","9","","14","","","","101.17","","","","","","NA"
"-121.49","49.37","HOPE AIRPORT","1113543","2021-08-25 09:00","2021","08","25","09:00","18.1","","8.9","","55","","","M","9","","13","","","","101.12","","","","","","NA"
"-121.49","49.37","HOPE AIRPORT","1113543","2021-08-25 10:00","2021","08","25","10:00","20.2","","8.0","","45","","","M","9","","7","","","","101.06","","","","","","NA"
"-121.49","49.37","HOPE AIRPORT","1113543","2021-08-25 11:00","2021","08","25","11:00","23.1","","8.9","","41","","","M","25","","2","","","","100.98","","","","","","NA"
"-121.49","49.37","HOPE AIRPORT","1113543","2021-08-25 12:00","2021","08","25","12:00","22.7","","9.0","","42","","","M","29","","11","","","","100.94","","","","","","NA"
"-121.49","49.37","HOPE AIRPORT","1113543","2021-08-25 13:00","2021","08","25","13:00","24.1","","9.2","","39","","","M","30","","15","","","","100.89","","25","","","","NA"
"-121.49","49.37","HOPE AIRPORT","1113543","2021-08-25 14:00","2021","08","25","14:00","26.7","","6.3","","27","","","M","27","","23","","","","100.84","","26","","","","NA"
"-121.49","49.37","HOPE AIRPORT","1113543","2021-08-25 15:00","2021","08","25","15:00","26.8","","7.5","","29","","","M","26","","28","","","","100.80","","27","","","","NA"
"-121.49","49.37","HOPE AIRPORT","1113543","2021-08-25 16:00","2021","08","25","16:00","25.7","","7.3","","31","","","M","27","","27","","","","100.78","","26","","","","NA"
"-121.49","49.37","HOPE AIRPORT","1113543","2021-08-25 17:00","2021","08","25","17:00","24.2","","8.7","","37","","","M","26","","19","","","","100.81","","25","","","","NA"
"-121.49","49.37","HOPE AIRPORT","1113543","2021-08-25 18:00","2021","08","25","18:00","23.0","","8.2","","39","","","M","27","","17","","","","100.85","","","","","","NA"
"-121.49","49.37","HOPE AIRPORT","1113543","2021-08-25 19:00","2021","08","25","19:00","22.1","","8.4","","42","","","M","28","","12","","","","100.90","","","","","","NA"
"-121.49","49.37","HOPE AIRPORT","1113543","2021-08-25 20:00","2021","08","25","20:00","21.4","","8.2","","43","","","M","28","","10","","","","100.99","","","","","","NA"
"-121.49","49.37","HOPE AIRPORT","1113543","2021-08-25 21:00","2021","08","25","21:00","19.7","","8.9","","50","","","M","23","","12","","","","101.04","","","","","","NA"
"-121.49","49.37","HOPE AIRPORT","1113543","2021-08-25 22:00","2021","08","25","22:00","18.3","","9.2","","55","","","M","21","","14","","","","101.06","","","","","","NA"
"-121.49","49.37","HOPE AIRPORT","1113543","2021-08-25 23:00","2021","08","25","23:00","18.0","","9.4","","57","","","M","21","","13","","","","101.09","","","","","","NA"
"-121.49","49.37","HOPE AIRPORT","1113543","2021-08-26 00:00","2021","08","26","00:00","16.2","","9.7","","65","","","M","27","","3","","","","101.13","","","","","","NA"
"-121.49","49.37","HOPE AIRPORT","1113543","2021-08-26 01:00","2021","08","26","01:00","15.8","","10.3","","70","","","M","0","","1","","","","101.15","","","","","","NA"
"-121.49","49.37","HOPE AIRPORT","1113543","2021-08-26 02:00","2021","08","26","02:00","15.3","","10.1","","71","","","M","21","","10","","","","101.18","","","","","","NA"
"-121.49","49.37","HOPE AIRPORT","1113543","2021-08-26 03:00","2021","08","26","03:00","17.3","","9.6","","61","","","M","23","","11","","","","101.19","","","","","","NA"
"-121.49","49.37","HOPE AIRPORT","1113543","2021-08-26 04:00","2021","08","26","04:00","17.1","","8.8","","58","","","M","24","","9","","","","101.22","","","","","","NA"
"-121.49","49.37","HOPE AIRPORT","1113543","2021-08-26 05:00","2021","08","26","05:00","16.6","","9.1","","61","","","M","24","","14","","","","101.24","","","","","","NA"
"-121.49","49.37","HOPE AIRPORT","1113543","2021-08-26 06:00","2021","08","26","06:00","16.2","","9.4","","64","","","M","21","","7","","","","101.25","","","","","","NA"
"-121.49","49.37","HOPE AIRPORT","1113543","2021-08-26 07:00","2021","08","26","07:00","17.4","","9.5","","60","","","M","28","","9","","","","101.26","","","","","","NA"
"-121.49","49.37","HOPE AIRPORT","1113543","2021-08-26 08:00","2021","08","26","08:00","17.7","","9.9","","60","","","M","27","","7","","","","101.29","","","","","","NA"
"-121.49","49.37","HOPE AIRPORT","1113543","2021-08-26 09:00","2021","08","26","09:00","18.0","","9.9","","59","","","M","28","","9","","","","101.30","","","","","","NA"
"-121.49","49.37","HOPE AIRPORT","1113543","2021-08-26 10:00","2021","08","26","10:00","18.1","","10.4","","61","","","M","29","","5","","","","101.29","","","","","","NA"
"-121.49","49.37","HOPE AIRPORT","1113543","2021-08-26 11:00","2021","08","26","11:00","19.6","","9.4","","52","","","M","29","","9","","","","101.21","","","","","","NA"
"-121.49","49.37","HOPE AIRPORT","1113543","2021-08-26 12:00","2021","08","26","12:00"
"-121.49","49.37","HOPE AIRPORT","1113543","2021-08-26 13:00","2021","08","26","13:00"
"-121.49","49.37","HOPE AIRPORT","1113543","2021-08-26 14:00","2021","08","26","14:00"
"-121.49","49.37","HOPE AIRPORT","1113543","2021-08-26 15:00","2021","08","26","15:00"
"-121.49","49.37","HOPE AIRPORT","1113543","2021-08-26 16:00","2021","08","26","16:00"
"-121.49","49.37","HOPE AIRPORT","1113543","2021-08-26 17:00","2021","08","26","17:00","15.6","","14.6","","93","","","M","26","","12","","","","101.18","","","","","","NA"
"-121.49","49.37","HOPE AIRPORT","1113543","2021-08-26 18:00","2021","08","26","18:00","15.5","","14.6","","95","","","M","27","","7","","","","101.16","","","","","","NA"
"-121.49","49.37","HOPE AIRPORT","1113543","2021-08-26 19:00","2021","08","26","19:00","15.4","","14.6","","95","","","M","20","","5","","","","101.12","","","","","","NA"
"-121.49","49.37","HOPE AIRPORT","1113543","2021-08-26 20:00","2021","08","26","20:00","15.4","","14.6","","95","","","M","21","","5","","","","101.14","","","","","","NA"
"-121.49","49.37","HOPE AIRPORT","1113543","2021-08-26 21:00","2021","08","26","21:00","15.5","","14.6","","94","","","M","26","","9","","","","101.13","","","","","","NA"
"-121.49","49.37","HOPE AIRPORT","1113543","2021-08-26 22:00","2021","08","26","22:00","15.5","","14.8","","95","","","M","27","","7","","","","101.13","","","","","","NA"
"-121.49","49.37","HOPE AIRPORT","1113543","2021-08-26 23:00","2021","08","26","23:00","15.6","","14.1","","91","","","M","26","","9","","","","101.16","","","","","","NA"
"-121.49","49.37","HOPE AIRPORT","1113543","2021-08-27 00:00","2021","08","27","00:00","15.2","","13.9","","92","","","M","25","","12","","","","101.18","","","","","","NA"
"-121.49","49.37","HOPE AIRPORT","1113543","2021-08-27 01:00","2021","08","27","01:00","15.2","","13.9","","91","","","M","25","","10","","","","101.20","","","","","","NA"
"-121.49","49.37","HOPE AIRPORT","1113543","2021-08-27 02:00","2021","08","27","02:00","14.6","","13.4","","93","","","M","22","","9","","","","101.21","","","","","","NA"
"-121.49","49.37","HOPE AIRPORT","1113543","2021-08-27 03:00","2021","08","27","03:00","14.8","","13.2","","90","","","M","23","","9","","","","101.26","","","","","","NA"
"-121.49","49.37","HOPE AIRPORT","1113543","2021-08-27 04:00","2021","08","27","04:00","14.8","","13.3","","91","","","M","23","","8","","","","101.27","","","","","","NA"
"-121.49","49.37","HOPE AIRPORT","1113543","2021-08-27 05:00","2021","08","27","05:00","14.8","","13.3","","90","","","M","23","","10","","","","101.31","","","","","","NA"
"-121.49","49.37","HOPE AIRPORT","1113543","2021-08-27 06:00","2021","08","27","06:00","14.9","","13.1","","89","","","M","25","","11","","","","101.35","","","","","","NA"
"-121.49","49.37","HOPE AIRPORT","1113543","2021-08-27 07:00","2021","08","27","07:00","14.9","","13.5","","91","","","M","23","","7","","","","101.40","","","","","","NA"
"-121.49","49.37","HOPE AIRPORT","1113543","2021-08-27 08:00","2021","08","27","08:00"
"-121.49","49.37","HOPE AIRPORT","1113543","2021-08-27 09:00","2021","08","27","09:00"
"-121.49","49.37","HOPE AIRPORT","1113543","2021-08-27 10:00","2021","08","27","10:00"
"-121.49","49.37","HOPE AIRPORT","1113543","2021-08-27 11:00","2021","08","27","11:00","18.2","","13.8","","75","","0.0","","29","","8","","","","101.48","","","","","","NA"
"-121.49","49.37","HOPE AIRPORT","1113543","2021-08-27 12:00","2021","08","27","12:00","18.1","","12.6","","70","","0.0","","29","","14","","","","101.49","","","","","","NA"
"-121.49","49.37","HOPE AIRPORT","1113543","2021-08-27 13:00","2021","08","27","13:00","18.4","","12.3","","67","","0.0","","29","","19","","","","101.49","","","","","","NA"
"-121.49","49.37","HOPE AIRPORT","1113543","2021-08-27 14:00","2021","08","27","14:00","18.8","","11.9","","64","","0.0","","29","","17","","","","101.50","","","","","","NA"
"-121.49","49.37","HOPE AIRPORT","1113543","2021-08-27 15:00","2021","08","27","15:00","19.0","","13.1","","68","","0.0","","29","","19","","","","101.51","","","","","","NA"
"-121.49","49.37","HOPE AIRPORT","1113543","2021-08-27 16:00","2021","08","27","16:00","18.6","","12.9","","69","","0.0","","27","","14","","","","101.52","","","","","","NA"
"-121.49","49.37","HOPE AIRPORT","1113543","2021-08-27 17:00","2021","08","27","17:00","19.0","","12.8","","67","","0.0","","29","","10","","","","101.51","","","","","","NA"
"-121.49","49.37","HOPE AIRPORT","1113543","2021-08-27 18:00","2021","08","27","18:00","18.2","","12.4","","69","","0.0","","28","","10","","","","101.51","","","","","","NA"
"-121.49","49.37","HOPE AIRPORT","1113543","2021-08-27 19:00","2021","08","27","19:00","16.3","","13.0","","81","","0.0","","21","","8","","","","101.55","","","","","","NA"
"-121.49","49.37","HOPE AIRPORT","1113543","2021-08-27 20:00","2021","08","27","20:00","15.5","","12.9","","84","","0.0","","22","","9","","","","101.60","","","","","","NA"
"-121.49","49.37","HOPE AIRPORT","1113543","2021-08-27 21:00","2021","08","27","21:00","15.1","","13.0","","87","","0.0","","36","","1","","","","101.64","","","","","","NA"
"-121.49","49.37","HOPE AIRPORT","1113543","2021-08-27 22:00","2021","08","27","22:00","14.5","","13.0","","91","","0.0","","26","","3","","","","101.65","","","","","","NA"
"-121.49","49.37","HOPE AIRPORT","1113543","2021-08-27 23:00","2021","08","27","23:00","14.9","","13.0","","89","","0.0","","25","","2","","","","101.65","","","","","","NA"
"-121.49","49.37","HOPE AIRPORT","1113543","2021-08-28 00:00","2021","08","28","00:00","15.8","","10.3","","69","","0.0","","10","","19","","","","101.64","","","","","","NA"
"-121.49","49.37","HOPE AIRPORT","1113543","2021-08-28 01:00","2021","08","28","01:00","15.2","","10.0","","71","","0.0","","11","","13","","","","101.66","","","","","","NA"
"-121.49","49.37","HOPE AIRPORT","1113543","2021-08-28 02:00","2021","08","28","02:00","14.1","","10.5","","79","","0.0","","6","","7","","","","101.66","","","","","","NA"
"-121.49","49.37","HOPE AIRPORT","1113543","2021-08-28 03:00","2021","08","28","03:00","13.2","","10.1","","81","","0.0","","5","","7","","","","101.65","","","","","","NA"
"-121.49","49.37","HOPE AIRPORT","1113543","2021-08-28 04:00","2021","08","28","04:00","12.6","","10.1","","85","","0.0","","6","","5","","","","101.67","","","","","","NA"
"-121.49","49.37","HOPE AIRPORT","1113543","2021-08-28 05:00","2021","08","28","05:00","12.8","","9.6","","81","","0.0","","6","","7","","","","101.66","","","","","","NA"
"-121.49","49.37","HOPE AIRPORT","1113543","2021-08-28 06:00","2021","08","28","06:00","12.7","","9.7","","82","","0.0","","5","","6","","","","101.69","","","","","","NA"
"-121.49","49.37","HOPE AIRPORT","1113543","2021-08-28 07:00","2021","08","28","07:00","14.8","","9.0","","68","","0.0","","8","","9","","","","101.67","","","","","","NA"
"-121.49","49.37","HOPE AIRPORT","1113543","2021-08-28 08:00","2021","08","28","08:00","16.2","","9.2","","63","","0.0","","8","","9","","","","101.65","","","","","","NA"
"-121.49","49.37","HOPE AIRPORT","1113543","2021-08-28 09:00","2021","08","28","09:00","18.6","","10.4","","59","","0.0","","8","","6","","","","101.59","","","","","","NA"
"-121.49","49.37","HOPE AIRPORT","1113543","2021-08-28 10:00","2021","08","28","10:00","20.6","","9.9","","50","","0.0","","21","","1","","","","101.52","","","","","","NA"
"-121.49","49.37","HOPE AIRPORT","1113543","2021-08-28 11:00","2021","08","28","11:00","21.1","","10.4","","51","","0.0","","29","","10","","","","101.48","","","","","","NA"
"-121.49","49.37","HOPE AIRPORT","1113543","2021-08-28 12:00","2021","08","28","12:00","22.7","","10.8","","47","","0.0","","28","","15","","","","101.42","","","","","","NA"
"-121.49","49.37","HOPE AIRPORT","1113543","2021-08-28 13:00","2021","08","28","13:00","23.4","","10.9","","45","","0.0","","30","","11","","","","101.38","","25","","","","NA"
"-121.49","49.37","HOPE AIRPORT","1113543","2021-08-28 14:00","2021","08","28","14:00","22.1","","11.6","","51","","0.0","","29","","17","","","","101.35","","","","","","NA"
"-121.49","49.37","HOPE AIRPORT","1113543","2021-08-28 15:00","2021","08","28","15:00","23.3","","11.1","","46","","0.0","","28","","15","","","","101.30","","25","","","","NA"
"-121.49","49.37","HOPE AIRPORT","1113543","2021-08-28 16:00","2021","08","28","16:00","23.0","","11.0","","47","","0.0","","29","","18","","","","101.25","","25","","","","NA"
"-121.49","49.37","HOPE AIRPORT","1113543","2021-08-28 17:00","2021","08","28","17:00","23.5","","11.6","","47","","0.0","","29","","13","","","","101.25","","26","","","","NA"
"-121.49","49.37","HOPE AIRPORT","1113543","2021-08-28 18:00","2021","08","28","18:00","23.0","","11.6","","49","","0.0","","29","","13","","","","101.20","","25","","","","NA"
"-121.49","49.37","HOPE AIRPORT","1113543","2021-08-28 19:00","2021","08","28","19:00","19.6","","12.5","","64","","0.0","","21","","8","","","","101.21","","","","","","NA"
"-121.49","49.37","HOPE AIRPORT","1113543","2021-08-28 20:00","2021","08","28","20:00","17.3","","12.7","","74","","0.0","","24","","3","","","","101.24","","","","","","NA"
"-121.49","49.37","HOPE AIRPORT","1113543","2021-08-28 21:00","2021","08","28","21:00","15.1","","12.1","","82","","0.0","","11","","2","","","","101.25","","","","","","NA"
"-121.49","49.37","HOPE AIRPORT","1113543","2021-08-28 22:00","2021","08","28","22:00","14.3","","12.8","","91","","0.0","","0","","1","","","","101.26","","","","","","NA"
"-121.49","49.37","HOPE AIRPORT","1113543","2021-08-28 23:00","2021","08","28","23:00","13.6","","12.8","","95","","0.0","","8","","2","","","","101.25","","","","","","NA"
"-121.49","49.37","HOPE AIRPORT","1113543","2021-08-29 00:00","2021","08","29","00:00","12.8","","11.9","","94","","0.0","","15","","3","","","","101.25","","","","","","NA"
"-121.49","49.37","HOPE AIRPORT","1113543","2021-08-29 01:00","2021","08","29","01:00","13.8","","12.7","","93","","0.0","","7","","3","","","","101.25","","","","","","NA"
"-121.49","49.37","HOPE AIRPORT","1113543","2021-08-29 02:00","2021","08","29","02:00","13.8","","12.5","","92","","0.0","","6","","3","","","","101.23","","","","","","NA"
"-121.49","49.37","HOPE AIRPORT","1113543","2021-08-29 03:00","2021","08","29","03:00","13.0","","11.3","","89","","0.0","","8","","5","","","","101.23","","","","","","NA"
"-121.49","49.37","HOPE AIRPORT","1113543","2021-08-29 04:00","2021","08","29","04:00","12.6","","11.6","","93","","0.0","","9","","10","","","","101.24","","","","","","NA"
"-121.49","49.37","HOPE AIRPORT","1113543","2021-08-29 05:00","2021","08","29","05:00","12.2","","11.2","","94","","0.0","","10","","11","","","","101.20","","","","","","NA"
"-121.49","49.37","HOPE AIRPORT","1113543","2021-08-29 06:00","2021","08","29","06:00","12.4","","11.3","","93","","0.0","","10","","12","","","","101.21","","","","","","NA"
"-121.49","49.37","HOPE AIRPORT","1113543","2021-08-29 07:00","2021","08","29","07:00","14.1","","11.6","","85","","0.0","","10","","12","","","","101.20","","","","","","NA"
"-121.49","49.37","HOPE AIRPORT","1113543","2021-08-29 08:00","2021","08","29","08:00","16.3","","10.9","","70","","0.0","","8","","9","","","","101.14","","","","","","NA"
"-121.49","49.37","HOPE AIRPORT","1113543","2021-08-29 09:00","2021","08","29","09:00","18.7","","10.4","","58","","0.0","","10","","4","","","","101.06","","","","","","NA"
"-121.49","49.37","HOPE AIRPORT","1113543","2021-08-29 10:00","2021","08","29","10:00","20.7","","10.8","","53","","0.0","","25","","12","","","","100.99","","","","","","NA"
"-121.49","49.37","HOPE AIRPORT","1113543","2021-08-29 11:00","2021","08","29","11:00","22.2","","12.4","","54","","0.0","","29","","13","","","","100.92","","25","","","","NA"
"-121.49","49.37","HOPE AIRPORT","1113543","2021-08-29 12:00","2021","08","29","12:00","24.0","","12.1","","47","","0.0","","29","","15","","","","100.82","","26","","","","NA"
"-121.49","49.37","HOPE AIRPORT","1113543","2021-08-29 13:00","2021","08","29","13:00","24.5","","12.2","","46","","0.0","","29","","19","","","","100.76","","27","","","","NA"
"-121.49","49.37","HOPE AIRPORT","1113543","2021-08-29 14:00","2021","08","29","14:00","25.7","","12.5","","44","","0.0","","29","","18","","","","100.72","","28","","","","NA"
"-121.49","49.37","HOPE AIRPORT","1113543","2021-08-29 15:00","2021","08","29","15:00","26.4","","12.8","","43","","0.0","","28","","14","","","","100.68","","29","","","","NA"
"-121.49","49.37","HOPE AIRPORT","1113543","2021-08-29 16:00","2021","08","29","16:00","26.4","","13.0","","44","","0.0","","29","","14","","","","100.63","","29","","","","NA"
"-121.49","49.37","HOPE AIRPORT","1113543","2021-08-29 17:00","2021","08","29","17:00","25.8","","12.8","","44","","0.0","","28","","11","","","","100.59","","28","","","","NA"
"-121.49","49.37","HOPE AIRPORT","1113543","2021-08-29 18:00","2021","08","29","18:00","24.6","","13.2","","49","","0.0","","28","","13","","","","100.58","","28","","","","NA"
"-121.49","49.37","HOPE AIRPORT","1113543","2021-08-29 19:00","2021","08","29","19:00","23.1","","13.4","","54","","0.0","","27","","11","","","","100.56","","26","","","","NA"
"-121.49","49.37","HOPE AIRPORT","1113543","2021-08-29 20:00","2021","08","29","20:00","21.2","","13.4","","61","","0.0","","24","","9","","","","100.61","","","","","","NA"
"-121.49","49.37","HOPE AIRPORT","1113543","2021-08-29 21:00","2021","08","29","21:00","21.2","","12.9","","59","","0.0","","28","","13","","","","100.63","","","","","","NA"
"-121.49","49.37","HOPE AIRPORT","1113543","2021-08-29 22:00","2021","08","29","22:00","20.2","","12.8","","63","","0.0","","27","","10","","","","100.63","","","","","","NA"
"-121.49","49.37","HOPE AIRPORT","1113543","2021-08-29 23:00","2021","08","29","23:00","16.9","","12.8","","77","","0.0","","22","","8","","","","100.63","","","","","","NA"
"-121.49","49.37","HOPE AIRPORT","1113543","2021-08-30 00:00","2021","08","30","00:00","15.8","","12.6","","81","","0.0","","","","0","","","","100.64","","","","","","NA"
"-121.49","49.37","HOPE AIRPORT","1113543","2021-08-30 01:00","2021","08","30","01:00","15.9","","13.6","","86","","0.0","","8","","4","","","","100.62","","","","","","NA"
"-121.49","49.37","HOPE AIRPORT","1113543","2021-08-30 02:00","2021","08","30","02:00","14.1","","12.3","","89","","0.0","","7","","2","","","","100.61","","","","","","NA"
"-121.49","49.37","HOPE AIRPORT","1113543","2021-08-30 03:00","2021","08","30","03:00","13.3","","12.4","","95","","0.0","","27","","2","","","","100.63","","","","","","NA"
"-121.49","49.37","HOPE AIRPORT","1113543","2021-08-30 04:00","2021","08","30","04:00","13.8","","13.0","","95","","0.0","","24","","9","","","","100.64","","","","","","NA"
"-121.49","49.37","HOPE AIRPORT","1113543","2021-08-30 05:00","2021","08","30","05:00","14.0","","12.6","","91","","0.0","","23","","11","","","","100.64","","","","","","NA"
"-121.49","49.37","HOPE AIRPORT","1113543","2021-08-30 06:00","2021","08","30","06:00","14.4","","12.6","","89","","0.0","","26","","14","","","","100.68","","","","","","NA"
"-121.49","49.37","HOPE AIRPORT","1113543","2021-08-30 07:00","2021","08","30","07:00","14.9","","11.5","","80","","0.0","","26","","17","","","","100.69","","","","","","NA"
"-121.49","49.37","HOPE AIRPORT","1113543","2021-08-30 08:00","2021","08","30","08:00","15.6","","10.1","","70","","0.0","","27","","15","","","","100.70","","","","","","NA"
"-121.49","49.37","HOPE AIRPORT","1113543","2021-08-30 09:00","2021","08","30","09:00","15.9","","8.9","","63","","0.0","","30","","19","","","","100.68","","","","","","NA"
"-121.49","49.37","HOPE AIRPORT","1113543","2021-08-30 10:00","2021","08","30","10:00","15.7","","9.5","","66","","0.0","","30","","16","","","","100.74","","","","","","NA"
"-121.49","49.37","HOPE AIRPORT","1113543","2021-08-30 11:00","2021","08","30","11:00","15.9","","8.4","","61","","0.0","","27","","24","","","","100.79","","","","","","NA"
"-121.49","49.37","HOPE AIRPORT","1113543","2021-08-30 12:00","2021","08","30","12:00","15.6","","9.0","","65","","0.0","","29","","17","","","","100.83","","","","","","NA"
"-121.49","49.37","HOPE AIRPORT","1113543","2021-08-30 13:00","2021","08","30","13:00","14.9","","8.3","","65","","0.0","","29","","21","","","","100.87","","","","","","NA"
"-121.49","49.37","HOPE AIRPORT","1113543","2021-08-30 14:00","2021","08","30","14:00","15.7","","8.3","","62","","0.0","","30","","18","","","","100.86","","","","","","NA"
"-121.49","49.37","HOPE AIRPORT","1113543","2021-08-30 15:00","2021","08","30","15:00","17.6","","8.7","","56","","0.0","","28","","15","","","","100.81","","","","","","NA"
"-121.49","49.37","HOPE AIRPORT","1113543","2021-08-30 16:00","2021","08","30","16:00","15.9","","8.0","","59","","0.0","","27","","15","","","","100.80","","","","","","NA"
"-121.49","49.37","HOPE AIRPORT","1113543","2021-08-30 17:00","2021","08","30","17:00","15.9","","8.1","","60","","0.0","","28","","14","","","","100.79","","","","","","NA"
"-121.49","49.37","HOPE AIRPORT","1113543","2021-08-30 18:00","2021","08","30","18:00","15.8","","7.7","","58","","0.0","","27","","13","","","","100.77","","","","","","NA"
"-121.49","49.37","HOPE AIRPORT","1113543","2021-08-30 19:00","2021","08","30","19:00","14.4","","9.1","","71","","0.0","","26","","10","","","","100.78","","","","","","NA"
"-121.49","49.37","HOPE AIRPORT","1113543","2021-08-30 20:00","2021","08","30","20:00","14.0","","9.2","","73","","0.0","","24","","12","","","","100.77","","","","","","NA"
"-121.49","49.37","HOPE AIRPORT","1113543","2021-08-30 21:00","2021","08","30","21:00","14.2","","8.0","","66","","0.0","","25","","12","","","","100.76","","","","","","NA"
"-121.49","49.37","HOPE AIRPORT","1113543","2021-08-30 22:00","2021","08","30","22:00","14.8","","6.5","","58","","0.0","","28","","12","","","","100.71","","","","","","NA"
"-121.49","49.37","HOPE AIRPORT","1113543","2021-08-30 23:00","2021","08","30","23:00","14.5","","6.3","","58","","0.0","","28","","11","","","","100.70","","","","","","NA"
"-121.49","49.37","HOPE AIRPORT","1113543","2021-08-31 00:00","2021","08","31","00:00","14.1","","6.5","","60","","0.0","","29","","11","","","","100.72","","","","","","NA"
"-121.49","49.37","HOPE AIRPORT","1113543","2021-08-31 01:00","2021","08","31","01:00","13.9","","6.1","","60","","0.0","","28","","15","","","","100.71","","","","","","NA"
"-121.49","49.37","HOPE AIRPORT","1113543","2021-08-31 02:00","2021","08","31","02:00","13.9","","5.3","","56","","0.0","","29","","13","","","","100.72","","","","","","NA"
"-121.49","49.37","HOPE AIRPORT","1113543","2021-08-31 03:00","2021","08","31","03:00","13.5","","5.3","","58","","0.0","","27","","12","","","","100.75","","","","","","NA"
"-121.49","49.37","HOPE AIRPORT","1113543","2021-08-31 04:00","2021","08","31","04:00","13.3","","5.9","","61","","0.0","","28","","13","","","","100.75","","","","","","NA"
"-121.49","49.37","HOPE AIRPORT","1113543","2021-08-31 05:00","2021","08","31","05:00","12.3","","7.4","","72","","0.0","","28","","11","","","","100.80","","","","","","NA"
"-121.49","49.37","HOPE AIRPORT","1113543","2021-08-31 06:00","2021","08","31","06:00","10.8","","9.5","","92","","0.0","","25","","9","","","","100.85","","","","","","NA"
"-121.49","49.37","HOPE AIRPORT","1113543","2021-08-31 07:00","2021","08","31","07:00","10.7","","9.4","","92","","0.0","","25","","11","","","","100.89","","","","","","NA"
"-121.49","49.37","HOPE AIRPORT","1113543","2021-08-31 08:00","2021","08","31","08:00","11.0","","9.6","","91","","1.7","","26","","8","","","","100.90","","","","","","NA"
"-121.49","49.37","HOPE AIRPORT","1113543","2021-08-31 09:00","2021","08","31","09:00","11.6","","10.1","","91","","0.0","","26","","10","","","","100.94","","","","","","NA"
"-121.49","49.37","HOPE AIRPORT","1113543","2021-08-31 10:00","2021","08","31","10:00","12.2","","9.6","","85","","0.0","","27","","11","","","","100.99","","","","","","NA"
"-121.49","49.37","HOPE AIRPORT","1113543","2021-08-31 11:00","2021","08","31","11:00","13.1","","10.3","","83","","0.0","","26","","13","","","","101.01","","","","","","NA"
"-121.49","49.37","HOPE AIRPORT","1113543","2021-08-31 12:00","2021","08","31","12:00","14.2","","9.0","","71","","0.0","","27","","12","","","","101.02","","","","","","NA"
"-121.49","49.37","HOPE AIRPORT","1113543","2021-08-31 13:00","2021","08","31","13:00","15.8","","9.5","","66","","0.0","","29","","14","","","","101.02","","","","","","NA"
"-121.49","49.37","HOPE AIRPORT","1113543","2021-08-31 14:00","2021","08","31","14:00","15.5","","8.7","","64","","0.0","","29","","14","","","","101.04","","","","","","NA"
"-121.49","49.37","HOPE AIRPORT","1113543","2021-08-31 15:00","2021","08","31","15:00","16.0","","8.6","","61","","0.0","","29","","11","","","","101.05","","","","","","NA"
"-121.49","49.37","HOPE AIRPORT","1113543","2021-08-31 16:00","2021","08","31","16:00","15.7","","8.5","","62","","0.0","","29","","12","","","","101.07","","","","","","NA"
"-121.49","49.37","HOPE AIRPORT","1113543","2021-08-31 17:00","2021","08","31","17:00","16.5","","6.6","","52","","0.0","","27","","12","","","","101.08","","","","","","NA"
"-121.49","49.37","HOPE AIRPORT","1113543","2021-08-31 18:00","2021","08","31","18:00","14.9","","8.0","","63","","0.0","","23","","9","","","","101.11","","","","","","NA"
"-121.49","49.37","HOPE AIRPORT","1113543","2021-08-31 19:00","2021","08","31","19:00","13.1","","8.2","","72","","0.0","","23","","10","","","","101.11","","","","","","NA"
"-121.49","49.37","HOPE AIRPORT","1113543","2021-08-31 20:00","2021","08","31","20:00","12.5","","8.9","","79","","0.0","","24","","10","","","","101.17","","","","","","NA"
"-121.49","49.37","HOPE AIRPORT","1113543","2021-08-31 21:00","2021","08","31","21:00","12.3","","9.0","","80","","0.0","","26","","3","","","","101.19","","","","","","NA"
"-121.49","49.37","HOPE AIRPORT","1113543","2021-08-31 22:00","2021","08","31","22:00","12.2","","9.0","","81","","0.0","","30","","1","","","","101.18","","","","","","NA"
"-121.49","49.37","HOPE AIRPORT","1113543","2021-08-31 23:00","2021","08","31","23:00","11.6","","9.5","","86","","0.0","","23","","3","","","","101.20","","","","","","NA"
