"Longitude (x)","Latitude (y)","Station Name","Climate ID","Date/Time (LST)","Year","Month","Day","Time (LST)","Temp (°C)","Temp Flag","Dew Point Temp (°C)","Dew Point Temp Flag","Rel Hum (%)","Rel Hum Flag","Precip. Amount (mm)","Precip. Amount Flag","Wind Dir (10s deg)","Wind Dir Flag","Wind Spd (km/h)","Wind Spd Flag","Visibility (km)","Visibility Flag","Stn Press (kPa)","Stn Press Flag","Hmdx","Hmdx Flag","Wind Chill","Wind Chill Flag","Weather"
"-60.41","46.66","INGONISH BEACH RCS","8202502","2022-07-01 00:00","2022","07","01","00:00","12.0","","11.3","","95","","0.0","","0","","1","","","","101.37","","","","","","NA"
"-60.41","46.66","INGONISH BEACH RCS","8202502","2022-07-01 01:00","2022","07","01","01:00","11.6","","11.0","","96","","0.0","","","","0","","","","101.33","","","","","","NA"
"-60.41","46.66","INGONISH BEACH RCS","8202502","2022-07-01 02:00","2022","07","01","02:00","11.3","","10.8","","97","","0.0","","24","","4","","","","101.31","","","","","","NA"
"-60.41","46.66","INGONISH BEACH RCS","8202502","2022-07-01 03:00","2022","07","01","03:00","11.1","","10.8","","98","","0.0","","24","","4","","","","101.33","","","","","","NA"
"-60.41","46.66","INGONISH BEACH RCS","8202502","2022-07-01 04:00","2022","07","01","04:00","10.9","","10.5","","97","","0.0","","32","","3","","","","101.36","","","","","","NA"
"-60.41","46.66","INGONISH BEACH RCS","8202502","2022-07-01 05:00","2022","07","01","05:00","10.5","","10.2","","98","","0.0","","24","","2","","","","101.38","","","","","","NA"
"-60.41","46.66","INGONISH BEACH RCS","8202502","2022-07-01 06:00","2022","07","01","06:00","14.6","","13.6","","94","","0.0","","","","0","","","","101.42","","","","","","NA"
"-60.41","46.66","INGONISH BEACH RCS","8202502","2022-07-01 07:00","2022","07","01","07:00","17.1","","13.7","","81","","0.0","","5","","2","","","","101.42","","","","","","NA"
"-60.41","46.66","INGONISH BEACH RCS","8202502","2022-07-01 08:00","2022","07","01","08:00","18.1","","14.7","","81","","0.0","","4","","6","","","","101.43","","","","","","NA"
"-60.41","46.66","INGONISH BEACH RCS","8202502","2022-07-01 09:00","2022","07","01","09:00","19.9","","14.6","","71","","0.0","","5","","4","","","","101.41","","","","","","NA"
"-60.41","46.66","INGONISH BEACH RCS","8202502","2022-07-01 10:00","2022","07","01","10:00","21.1","","13.8","","63","","0.0","","6","","6","","","","101.38","","","","","","NA"
"-60.41","46.66","INGONISH BEACH RCS","8202502","2022-07-01 11:00","2022","07","01","11:00","23.1","","14.5","","58","","0.0","","10","","9","","","","101.32","","27","","","","NA"
"-60.41","46.66","INGONISH BEACH RCS","8202502","2022-07-01 12:00","2022","07","01","12:00","19.4","","15.1","","76","","0.0","","1","","6","","","","101.35","","","","","","NA"
"-60.41","46.66","INGONISH BEACH RCS","8202502","2022-07-01 13:00","2022","07","01","13:00","21.3","","15.0","","67","","0.0","","4","","6","","","","101.32","","25","","","","NA"
"-60.41","46.66","INGONISH BEACH RCS","8202502","2022-07-01 14:00","2022","07","01","14:00","20.9","","14.4","","66","","0.0","","7","","5","","","","101.33","","25","","","","NA"
"-60.41","46.66","INGONISH BEACH RCS","8202502","2022-07-01 15:00","2022","07","01","15:00","19.1","","14.3","","74","","0.0","","8","","7","","","","101.37","","","","","","NA"
"-60.41","46.66","INGONISH BEACH RCS","8202502","2022-07-01 16:00","2022","07","01","16:00","19.0","","15.5","","80","","0.0","","5","","3","","","","101.35","","","","","","NA"
"-60.41","46.66","INGONISH BEACH RCS","8202502","2022-07-01 17:00","2022","07","01","17:00","18.7","","15.1","","79","","0.0","","6","","4","","","","101.30","","","","","","NA"
"-60.41","46.66","INGONISH BEACH RCS","8202502","2022-07-01 18:00","2022","07","01","18:00","17.5","","15.4","","88","","0.0","","4","","3","","","","101.31","","","","","","NA"
"-60.41","46.66","INGONISH BEACH RCS","8202502","2022-07-01 19:00","2022","07","01","19:00","17.1","","15.0","","87","","0.0","","5","","1","","","","101.31","","","","","","NA"
"-60.41","46.66","INGONISH BEACH RCS","8202502","2022-07-01 20:00","2022","07","01","20:00","16.6","","14.7","","88","","0.0","","","","0","","","","101.27","","","","","","NA"
"-60.41","46.66","INGONISH BEACH RCS","8202502","2022-07-01 21:00","2022","07","01","21:00","16.2","","14.6","","90","","0.0","","30","","2","","","","101.27","","","","","","NA"
"-60.41","46.66","INGONISH BEACH RCS","8202502","2022-07-01 22:00","2022","07","01","22:00","15.9","","14.7","","92","","0.0","","0","","1","","","","101.21","","","","","","NA"
"-60.41","46.66","INGONISH BEACH RCS","8202502","2022-07-01 23:00","2022","07","01","23:00","15.6","","14.2","","92","","0.0","","31","","2","","","","101.19","","","","","","NA"
"-60.41","46.66","INGONISH BEACH RCS","8202502","2022-07-02 00:00","2022","07","02","00:00","14.6","","13.7","","94","","0.0","","24","","2","","","","101.15","","","","","","NA"
"-60.41","46.66","INGONISH BEACH RCS","8202502","2022-07-02 01:00","2022","07","02","01:00","14.2","","13.5","","96","","0.0","","27","","2","","","","101.05","","","","","","NA"
"-60.41","46.66","INGONISH BEACH RCS","8202502","2022-07-02 02:00","2022","07","02","02:00","14.3","","13.7","","96","","0.0","","22","","3","","","","101.01","","","","","","NA"
"-60.41","46.66","INGONISH BEACH RCS","8202502","2022-07-02 03:00","2022","07","02","03:00","14.9","","14.2","","95","","0.0","","25","","1","","","","100.93","","","","","","NA"
"-60.41","46.66","INGONISH BEACH RCS","8202502","2022-07-02 04:00","2022","07","02","04:00","14.6","","14.1","","97","","0.0","","17","","1","","","","100.86","","","","","","NA"
"-60.41","46.66","INGONISH BEACH RCS","8202502","2022-07-02 05:00","2022","07","02","05:00","15.9","","15.0","","95","","0.0","","16","","2","","","","100.82","","","","","","NA"
"-60.41","46.66","INGONISH BEACH RCS","8202502","2022-07-02 06:00","2022","07","02","06:00","21.5","","15.7","","70","","0.0","","25","","10","","","","100.89","","26","","","","NA"
"-60.41","46.66","INGONISH BEACH RCS","8202502","2022-07-02 07:00","2022","07","02","07:00","21.4","","15.7","","70","","0.0","","24","","10","","","","100.91","","26","","","","NA"
"-60.41","46.66","INGONISH BEACH RCS","8202502","2022-07-02 08:00","2022","07","02","08:00","23.5","","16.7","","65","","0.0","","7","","5","","","","100.90","","29","","","","NA"
"-60.41","46.66","INGONISH BEACH RCS","8202502","2022-07-02 09:00","2022","07","02","09:00","23.3","","16.2","","64","","0.0","","3","","7","","","","100.89","","28","","","","NA"
"-60.41","46.66","INGONISH BEACH RCS","8202502","2022-07-02 10:00","2022","07","02","10:00","22.6","","17.4","","72","","0.0","","5","","5","","","","100.85","","28","","","","NA"
"-60.41","46.66","INGONISH BEACH RCS","8202502","2022-07-02 11:00","2022","07","02","11:00","25.6","","17.8","","62","","0.0","","13","","6","","","","100.81","","31","","","","NA"
"-60.41","46.66","INGONISH BEACH RCS","8202502","2022-07-02 12:00","2022","07","02","12:00","24.1","","18.0","","69","","0.0","","3","","8","","","","100.80","","30","","","","NA"
"-60.41","46.66","INGONISH BEACH RCS","8202502","2022-07-02 13:00","2022","07","02","13:00","25.2","","18.2","","65","","0.0","","10","","7","","","","100.74","","31","","","","NA"
"-60.41","46.66","INGONISH BEACH RCS","8202502","2022-07-02 14:00","2022","07","02","14:00","27.4","","19.5","","62","","0.0","","2","","2","","","","100.66","","35","","","","NA"
"-60.41","46.66","INGONISH BEACH RCS","8202502","2022-07-02 15:00","2022","07","02","15:00","27.5","","19.1","","60","","0.0","","25","","11","","","","100.67","","34","","","","NA"
"-60.41","46.66","INGONISH BEACH RCS","8202502","2022-07-02 16:00","2022","07","02","16:00","24.4","","19.1","","72","","0.0","","26","","13","","","","100.66","","31","","","","NA"
"-60.41","46.66","INGONISH BEACH RCS","8202502","2022-07-02 17:00","2022","07","02","17:00","23.3","","18.7","","76","","0.0","","16","","3","","","","100.68","","30","","","","NA"
"-60.41","46.66","INGONISH BEACH RCS","8202502","2022-07-02 18:00","2022","07","02","18:00","20.2","","17.3","","84","","0.0","","1","","6","","","","100.62","","26","","","","NA"
"-60.41","46.66","INGONISH BEACH RCS","8202502","2022-07-02 19:00","2022","07","02","19:00","20.0","","18.5","","91","","0.0","","19","","5","","","","100.58","","26","","","","NA"
"-60.41","46.66","INGONISH BEACH RCS","8202502","2022-07-02 20:00","2022","07","02","20:00","19.4","","18.1","","92","","0.0","","20","","3","","","","100.53","","","","","","NA"
"-60.41","46.66","INGONISH BEACH RCS","8202502","2022-07-02 21:00","2022","07","02","21:00","20.0","","17.9","","88","","0.0","","24","","8","","","","100.58","","26","","","","NA"
"-60.41","46.66","INGONISH BEACH RCS","8202502","2022-07-02 22:00","2022","07","02","22:00","20.0","","17.7","","87","","0.0","","25","","9","","","","100.60","","26","","","","NA"
"-60.41","46.66","INGONISH BEACH RCS","8202502","2022-07-02 23:00","2022","07","02","23:00","20.3","","17.5","","84","","0.0","","26","","10","","","","100.63","","26","","","","NA"
"-60.41","46.66","INGONISH BEACH RCS","8202502","2022-07-03 00:00","2022","07","03","00:00","20.3","","17.3","","83","","0.0","","25","","7","","","","100.67","","26","","","","NA"
"-60.41","46.66","INGONISH BEACH RCS","8202502","2022-07-03 01:00","2022","07","03","01:00","20.0","","17.1","","83","","0.0","","25","","7","","","","100.67","","25","","","","NA"
"-60.41","46.66","INGONISH BEACH RCS","8202502","2022-07-03 02:00","2022","07","03","02:00","18.6","","16.8","","89","","0.0","","21","","3","","","","100.69","","","","","","NA"
"-60.41","46.66","INGONISH BEACH RCS","8202502","2022-07-03 03:00","2022","07","03","03:00","19.2","","17.3","","89","","0.0","","24","","6","","","","100.71","","","","","","NA"
"-60.41","46.66","INGONISH BEACH RCS","8202502","2022-07-03 04:00","2022","07","03","04:00","19.9","","17.1","","84","","0.0","","24","","8","","","","100.79","","","","","","NA"
"-60.41","46.66","INGONISH BEACH RCS","8202502","2022-07-03 05:00","2022","07","03","05:00","19.8","","16.8","","82","","0.0","","25","","9","","","","100.81","","","","","","NA"
"-60.41","46.66","INGONISH BEACH RCS","8202502","2022-07-03 06:00","2022","07","03","06:00","20.9","","16.8","","78","","0.0","","25","","14","","","","100.84","","26","","","","NA"
"-60.41","46.66","INGONISH BEACH RCS","8202502","2022-07-03 07:00","2022","07","03","07:00","22.1","","16.0","","69","","0.0","","25","","14","","","","100.84","","27","","","","NA"
"-60.41","46.66","INGONISH BEACH RCS","8202502","2022-07-03 08:00","2022","07","03","08:00","23.3","","16.4","","65","","0.0","","25","","12","","","","100.87","","28","","","","NA"
"-60.41","46.66","INGONISH BEACH RCS","8202502","2022-07-03 09:00","2022","07","03","09:00","24.2","","16.9","","64","","0.0","","25","","10","","","","100.90","","29","","","","NA"
"-60.41","46.66","INGONISH BEACH RCS","8202502","2022-07-03 10:00","2022","07","03","10:00","25.4","","17.8","","63","","0.0","","26","","9","","","","100.88","","31","","","","NA"
"-60.41","46.66","INGONISH BEACH RCS","8202502","2022-07-03 11:00","2022","07","03","11:00","25.8","","13.7","","47","","0.0","","26","","8","","","","100.91","","29","","","","NA"
"-60.41","46.66","INGONISH BEACH RCS","8202502","2022-07-03 12:00","2022","07","03","12:00","25.9","","12.5","","43","","0.0","","25","","10","","","","100.91","","28","","","","NA"
"-60.41","46.66","INGONISH BEACH RCS","8202502","2022-07-03 13:00","2022","07","03","13:00","25.9","","13.0","","45","","0.0","","26","","9","","","","100.88","","29","","","","NA"
"-60.41","46.66","INGONISH BEACH RCS","8202502","2022-07-03 14:00","2022","07","03","14:00","26.5","","12.4","","42","","0.0","","25","","9","","","","100.87","","29","","","","NA"
"-60.41","46.66","INGONISH BEACH RCS","8202502","2022-07-03 15:00","2022","07","03","15:00","26.2","","11.9","","41","","0.0","","24","","8","","","","100.86","","28","","","","NA"
"-60.41","46.66","INGONISH BEACH RCS","8202502","2022-07-03 16:00","2022","07","03","16:00","26.3","","12.5","","42","","0.0","","25","","8","","","","100.85","","29","","","","NA"
"-60.41","46.66","INGONISH BEACH RCS","8202502","2022-07-03 17:00","2022","07","03","17:00","24.4","","13.4","","51","","0.0","","28","","5","","","","100.88","","27","","","","NA"
"-60.41","46.66","INGONISH BEACH RCS","8202502","2022-07-03 18:00","2022","07","03","18:00","20.4","","13.9","","66","","0.0","","7","","5","","","","100.89","","","","","","NA"
"-60.41","46.66","INGONISH BEACH RCS","8202502","2022-07-03 19:00","2022","07","03","19:00","18.7","","14.9","","78","","0.0","","0","","1","","","","100.93","","","","","","NA"
"-60.41","46.66","INGONISH BEACH RCS","8202502","2022-07-03 20:00","2022","07","03","20:00","18.8","","13.8","","73","","0.0","","26","","4","","","","100.90","","","","","","NA"
"-60.41","46.66","INGONISH BEACH RCS","8202502","2022-07-03 21:00","2022","07","03","21:00","17.3","","13.8","","80","","0.0","","19","","3","","","","100.93","","","","","","NA"
"-60.41","46.66","INGONISH BEACH RCS","8202502","2022-07-03 22:00","2022","07","03","22:00","16.3","","13.5","","83","","0.0","","23","","2","","","","100.95","","","","","","NA"
"-60.41","46.66","INGONISH BEACH RCS","8202502","2022-07-03 23:00","2022","07","03","23:00","15.1","","12.8","","86","","0.0","","29","","2","","","","100.92","","","","","","NA"
"-60.41","46.66","INGONISH BEACH RCS","8202502","2022-07-04 00:00","2022","07","04","00:00","15.0","","12.8","","87","","0.0","","28","","2","","","","100.90","","","","","","NA"
"-60.41","46.66","INGONISH BEACH RCS","8202502","2022-07-04 01:00","2022","07","04","01:00","14.8","","12.8","","88","","0.0","","0","","1","","","","100.86","","","","","","NA"
"-60.41","46.66","INGONISH BEACH RCS","8202502","2022-07-04 02:00","2022","07","04","02:00","14.0","","12.8","","92","","0.0","","0","","1","","","","100.84","","","","","","NA"
"-60.41","46.66","INGONISH BEACH RCS","8202502","2022-07-04 03:00","2022","07","04","03:00","13.6","","12.5","","93","","0.0","","30","","3","","","","100.82","","","","","","NA"
"-60.41","46.66","INGONISH BEACH RCS","8202502","2022-07-04 04:00","2022","07","04","04:00","12.5","","11.6","","94","","0.0","","24","","3","","","","100.81","","","","","","NA"
"-60.41","46.66","INGONISH BEACH RCS","8202502","2022-07-04 05:00","2022","07","04","05:00","12.5","","11.6","","94","","0.0","","22","","6","","","","100.78","","","","","","NA"
"-60.41","46.66","INGONISH BEACH RCS","8202502","2022-07-04 06:00","2022","07","04","06:00","15.0","","13.0","","88","","0.0","","21","","2","","","","100.76","","","","","","NA"
"-60.41","46.66","INGONISH BEACH RCS","8202502","2022-07-04 07:00","2022","07","04","07:00","20.3","","13.8","","66","","0.0","","24","","8","","","","100.76","","","","","","NA"
"-60.41","46.66","INGONISH BEACH RCS","8202502","2022-07-04 08:00","2022","07","04","08:00","20.5","","13.6","","65","","0.0","","25","","9","","","","100.77","","","","","","NA"
"-60.41","46.66","INGONISH BEACH RCS","8202502","2022-07-04 09:00","2022","07","04","09:00","20.7","","11.6","","56","","0.0","","25","","10","","","","100.81","","","","","","NA"
"-60.41","46.66","INGONISH BEACH RCS","8202502","2022-07-04 10:00","2022","07","04","10:00","20.5","","8.8","","47","","0.0","","28","","8","","","","100.85","","","","","","NA"
"-60.41","46.66","INGONISH BEACH RCS","8202502","2022-07-04 11:00","2022","07","04","11:00","20.9","","9.7","","49","","0.0","","27","","8","","","","100.88","","","","","","NA"
"-60.41","46.66","INGONISH BEACH RCS","8202502","2022-07-04 12:00","2022","07","04","12:00","20.9","","8.6","","45","","0.0","","25","","12","","","","100.90","","","","","","NA"
"-60.41","46.66","INGONISH BEACH RCS","8202502","2022-07-04 13:00","2022","07","04","13:00","19.3","","9.5","","53","","0.0","","25","","9","","","","100.92","","","","","","NA"
"-60.41","46.66","INGONISH BEACH RCS","8202502","2022-07-04 14:00","2022","07","04","14:00","20.2","","7.4","","44","","0.0","","29","","9","","","","100.93","","","","","","NA"
"-60.41","46.66","INGONISH BEACH RCS","8202502","2022-07-04 15:00","2022","07","04","15:00","19.2","","4.9","","39","","0.0","","26","","13","","","","100.98","","","","","","NA"
"-60.41","46.66","INGONISH BEACH RCS","8202502","2022-07-04 16:00","2022","07","04","16:00","19.0","","4.2","","38","","0.0","","28","","10","","","","101.02","","","","","","NA"
"-60.41","46.66","INGONISH BEACH RCS","8202502","2022-07-04 17:00","2022","07","04","17:00","18.8","","5.1","","40","","0.0","","27","","10","","","","101.01","","","","","","NA"
"-60.41","46.66","INGONISH BEACH RCS","8202502","2022-07-04 18:00","2022","07","04","18:00","18.5","","5.8","","43","","0.0","","28","","8","","","","101.01","","","","","","NA"
"-60.41","46.66","INGONISH BEACH RCS","8202502","2022-07-04 19:00","2022","07","04","19:00","17.2","","6.2","","48","","0.0","","28","","3","","","","101.03","","","","","","NA"
"-60.41","46.66","INGONISH BEACH RCS","8202502","2022-07-04 20:00","2022","07","04","20:00","14.1","","7.6","","65","","0.0","","25","","5","","","","101.12","","","","","","NA"
"-60.41","46.66","INGONISH BEACH RCS","8202502","2022-07-04 21:00","2022","07","04","21:00","11.4","","8.1","","80","","0.0","","24","","4","","","","101.17","","","","","","NA"
"-60.41","46.66","INGONISH BEACH RCS","8202502","2022-07-04 22:00","2022","07","04","22:00","11.7","","8.2","","79","","0.0","","25","","6","","","","101.15","","","","","","NA"
"-60.41","46.66","INGONISH BEACH RCS","8202502","2022-07-04 23:00","2022","07","04","23:00","10.2","","8.0","","86","","0.0","","8","","1","","","","101.13","","","","","","NA"
"-60.41","46.66","INGONISH BEACH RCS","8202502","2022-07-05 00:00","2022","07","05","00:00","9.6","","7.8","","88","","0.0","","2","","1","","","","101.11","","","","","","NA"
"-60.41","46.66","INGONISH BEACH RCS","8202502","2022-07-05 01:00","2022","07","05","01:00","10.6","","8.3","","86","","0.0","","18","","1","","","","101.06","","","","","","NA"
"-60.41","46.66","INGONISH BEACH RCS","8202502","2022-07-05 02:00","2022","07","05","02:00","12.3","","9.4","","82","","0.0","","25","","7","","","","101.04","","","","","","NA"
"-60.41","46.66","INGONISH BEACH RCS","8202502","2022-07-05 03:00","2022","07","05","03:00","10.3","","8.5","","89","","0.0","","15","","2","","","","101.07","","","","","","NA"
"-60.41","46.66","INGONISH BEACH RCS","8202502","2022-07-05 04:00","2022","07","05","04:00","11.3","","9.1","","86","","0.0","","26","","6","","","","101.05","","","","","","NA"
"-60.41","46.66","INGONISH BEACH RCS","8202502","2022-07-05 05:00","2022","07","05","05:00","13.7","","9.7","","77","","0.0","","25","","9","","","","101.09","","","","","","NA"
"-60.41","46.66","INGONISH BEACH RCS","8202502","2022-07-05 06:00","2022","07","05","06:00","15.8","","10.5","","71","","0.0","","24","","9","","","","101.14","","","","","","NA"
"-60.41","46.66","INGONISH BEACH RCS","8202502","2022-07-05 07:00","2022","07","05","07:00","18.3","","9.9","","58","","0.0","","23","","8","","","","101.16","","","","","","NA"
"-60.41","46.66","INGONISH BEACH RCS","8202502","2022-07-05 08:00","2022","07","05","08:00","20.6","","8.9","","47","","0.0","","23","","7","","","","101.15","","","","","","NA"
"-60.41","46.66","INGONISH BEACH RCS","8202502","2022-07-05 09:00","2022","07","05","09:00","21.6","","10.0","","47","","0.0","","25","","9","","","","101.13","","","","","","NA"
"-60.41","46.66","INGONISH BEACH RCS","8202502","2022-07-05 10:00","2022","07","05","10:00","22.3","","10.6","","48","","0.0","","24","","11","","","","101.12","","","","","","NA"
"-60.41","46.66","INGONISH BEACH RCS","8202502","2022-07-05 11:00","2022","07","05","11:00","22.2","","10.1","","46","","0.0","","25","","6","","","","101.15","","","","","","NA"
"-60.41","46.66","INGONISH BEACH RCS","8202502","2022-07-05 12:00","2022","07","05","12:00"
"-60.41","46.66","INGONISH BEACH RCS","8202502","2022-07-05 13:00","2022","07","05","13:00"
"-60.41","46.66","INGONISH BEACH RCS","8202502","2022-07-05 14:00","2022","07","05","14:00"
"-60.41","46.66","INGONISH BEACH RCS","8202502","2022-07-05 15:00","2022","07","05","15:00","22.2","","7.4","","38","","0.0","","26","","12","","","","101.12","","","","","","NA"
"-60.41","46.66","INGONISH BEACH RCS","8202502","2022-07-05 16:00","2022","07","05","16:00","22.1","","5.7","","34","","0.0","","25","","12","","","","101.17","","","","","","NA"
"-60.41","46.66","INGONISH BEACH RCS","8202502","2022-07-05 17:00","2022","07","05","17:00","21.4","","5.2","","35","","0.0","","24","","9","","","","101.19","","","","","","NA"
"-60.41","46.66","INGONISH BEACH RCS","8202502","2022-07-05 18:00","2022","07","05","18:00","21.0","","5.9","","37","","0.0","","30","","2","","","","101.20","","","","","","NA"
"-60.41","46.66","INGONISH BEACH RCS","8202502","2022-07-05 19:00","2022","07","05","19:00","19.3","","6.0","","42","","0.0","","25","","3","","","","101.21","","","","","","NA"
"-60.41","46.66","INGONISH BEACH RCS","8202502","2022-07-05 20:00","2022","07","05","20:00","15.2","","8.2","","63","","0.0","","23","","6","","","","101.23","","","","","","NA"
"-60.41","46.66","INGONISH BEACH RCS","8202502","2022-07-05 21:00","2022","07","05","21:00","13.7","","8.2","","70","","0.0","","24","","5","","","","101.25","","","","","","NA"
"-60.41","46.66","INGONISH BEACH RCS","8202502","2022-07-05 22:00","2022","07","05","22:00","14.1","","8.0","","66","","0.0","","23","","4","","","","101.22","","","","","","NA"
"-60.41","46.66","INGONISH BEACH RCS","8202502","2022-07-05 23:00","2022","07","05","23:00","16.0","","9.0","","63","","0.0","","24","","7","","","","101.16","","","","","","NA"
"-60.41","46.66","INGONISH BEACH RCS","8202502","2022-07-06 00:00","2022","07","06","00:00","18.3","","8.8","","54","","0.0","","25","","10","","","","101.14","","","","","","NA"
"-60.41","46.66","INGONISH BEACH RCS","8202502","2022-07-06 01:00","2022","07","06","01:00","18.9","","9.2","","54","","0.0","","27","","8","","","","101.09","","","","","","NA"
"-60.41","46.66","INGONISH BEACH RCS","8202502","2022-07-06 02:00","2022","07","06","02:00","18.1","","9.8","","58","","0.0","","25","","9","","","","101.06","","","","","","NA"
"-60.41","46.66","INGONISH BEACH RCS","8202502","2022-07-06 03:00","2022","07","06","03:00","18.6","","9.7","","56","","0.0","","26","","9","","","","101.07","","","","","","NA"
"-60.41","46.66","INGONISH BEACH RCS","8202502","2022-07-06 04:00","2022","07","06","04:00","18.8","","10.0","","56","","0.0","","25","","10","","","","101.09","","","","","","NA"
"-60.41","46.66","INGONISH BEACH RCS","8202502","2022-07-06 05:00","2022","07","06","05:00","17.9","","11.6","","67","","0.0","","25","","9","","","","101.13","","","","","","NA"
"-60.41","46.66","INGONISH BEACH RCS","8202502","2022-07-06 06:00","2022","07","06","06:00","16.1","","13.2","","83","","0.0","","25","","6","","","","101.18","","","","","","NA"
"-60.41","46.66","INGONISH BEACH RCS","8202502","2022-07-06 07:00","2022","07","06","07:00","15.6","","13.8","","89","","0.4","","21","","1","","","","101.23","","","","","","NA"
"-60.41","46.66","INGONISH BEACH RCS","8202502","2022-07-06 08:00","2022","07","06","08:00"
"-60.41","46.66","INGONISH BEACH RCS","8202502","2022-07-06 09:00","2022","07","06","09:00"
"-60.41","46.66","INGONISH BEACH RCS","8202502","2022-07-06 10:00","2022","07","06","10:00"
"-60.41","46.66","INGONISH BEACH RCS","8202502","2022-07-06 11:00","2022","07","06","11:00","16.9","","14.7","","87","","0.4","","23","","7","","","","100.97","","","","","","NA"
"-60.41","46.66","INGONISH BEACH RCS","8202502","2022-07-06 12:00","2022","07","06","12:00","16.3","","14.4","","88","","0.0","","20","","6","","","","100.95","","","","","","NA"
"-60.41","46.66","INGONISH BEACH RCS","8202502","2022-07-06 13:00","2022","07","06","13:00","16.3","","13.9","","86","","0.0","","20","","11","","","","100.85","","","","","","NA"
"-60.41","46.66","INGONISH BEACH RCS","8202502","2022-07-06 14:00","2022","07","06","14:00","15.7","","14.2","","91","","0.5","","20","","9","","","","100.78","","","","","","NA"
"-60.41","46.66","INGONISH BEACH RCS","8202502","2022-07-06 15:00","2022","07","06","15:00","15.4","","14.4","","94","","1.5","","17","","8","","","","100.66","","","","","","NA"
"-60.41","46.66","INGONISH BEACH RCS","8202502","2022-07-06 16:00","2022","07","06","16:00","15.5","","14.6","","95","","4.5","","18","","15","","","","100.53","","","","","","NA"
"-60.41","46.66","INGONISH BEACH RCS","8202502","2022-07-06 17:00","2022","07","06","17:00","15.3","","14.3","","94","","5.5","","18","","13","","","","100.37","","","","","","NA"
"-60.41","46.66","INGONISH BEACH RCS","8202502","2022-07-06 18:00","2022","07","06","18:00","14.8","","13.8","","94","","3.7","","19","","14","","","","100.26","","","","","","NA"
"-60.41","46.66","INGONISH BEACH RCS","8202502","2022-07-06 19:00","2022","07","06","19:00","14.9","","14.1","","95","","1.6","","20","","6","","","","100.11","","","","","","NA"
"-60.41","46.66","INGONISH BEACH RCS","8202502","2022-07-06 20:00","2022","07","06","20:00","15.3","","14.5","","95","","1.4","","12","","2","","","","99.98","","","","","","NA"
"-60.41","46.66","INGONISH BEACH RCS","8202502","2022-07-06 21:00","2022","07","06","21:00","15.8","","15.1","","95","","0.3","","18","","4","","","","99.88","","","","","","NA"
"-60.41","46.66","INGONISH BEACH RCS","8202502","2022-07-06 22:00","2022","07","06","22:00","15.1","","14.6","","97","","0.0","","","","0","","","","99.78","","","","","","NA"
"-60.41","46.66","INGONISH BEACH RCS","8202502","2022-07-06 23:00","2022","07","06","23:00","14.6","","14.1","","97","","0.0","","25","","2","","","","99.73","","","","","","NA"
"-60.41","46.66","INGONISH BEACH RCS","8202502","2022-07-07 00:00","2022","07","07","00:00","15.3","","14.7","","96","","0.0","","6","","2","","","","99.69","","","","","","NA"
"-60.41","46.66","INGONISH BEACH RCS","8202502","2022-07-07 01:00","2022","07","07","01:00","15.1","","14.4","","96","","0.0","","32","","2","","","","99.66","","","","","","NA"
"-60.41","46.66","INGONISH BEACH RCS","8202502","2022-07-07 02:00","2022","07","07","02:00","15.2","","14.1","","93","","0.0","","6","","2","","","","99.72","","","","","","NA"
"-60.41","46.66","INGONISH BEACH RCS","8202502","2022-07-07 03:00","2022","07","07","03:00","15.2","","13.2","","88","","0.0","","28","","6","","","","99.83","","","","","","NA"
"-60.41","46.66","INGONISH BEACH RCS","8202502","2022-07-07 04:00","2022","07","07","04:00","14.8","","12.9","","89","","0.0","","30","","6","","","","99.95","","","","","","NA"
"-60.41","46.66","INGONISH BEACH RCS","8202502","2022-07-07 05:00","2022","07","07","05:00","14.5","","12.4","","87","","0.0","","30","","8","","","","100.13","","","","","","NA"
"-60.41","46.66","INGONISH BEACH RCS","8202502","2022-07-07 06:00","2022","07","07","06:00","14.0","","11.9","","88","","0.0","","31","","8","","","","100.26","","","","","","NA"
"-60.41","46.66","INGONISH BEACH RCS","8202502","2022-07-07 07:00","2022","07","07","07:00","14.1","","11.0","","81","","0.0","","31","","9","","","","100.37","","","","","","NA"
"-60.41","46.66","INGONISH BEACH RCS","8202502","2022-07-07 08:00","2022","07","07","08:00","15.7","","11.1","","74","","0.0","","30","","9","","","","100.45","","","","","","NA"
"-60.41","46.66","INGONISH BEACH RCS","8202502","2022-07-07 09:00","2022","07","07","09:00","17.0","","10.6","","66","","0.0","","32","","8","","","","100.51","","","","","","NA"
"-60.41","46.66","INGONISH BEACH RCS","8202502","2022-07-07 10:00","2022","07","07","10:00","18.0","","10.8","","63","","0.0","","30","","10","","","","100.61","","","","","","NA"
"-60.41","46.66","INGONISH BEACH RCS","8202502","2022-07-07 11:00","2022","07","07","11:00","18.7","","10.4","","59","","0.0","","31","","11","","","","100.71","","","","","","NA"
"-60.41","46.66","INGONISH BEACH RCS","8202502","2022-07-07 12:00","2022","07","07","12:00","19.2","","11.6","","61","","0.0","","30","","8","","","","100.81","","","","","","NA"
"-60.41","46.66","INGONISH BEACH RCS","8202502","2022-07-07 13:00","2022","07","07","13:00","18.7","","10.5","","59","","0.0","","32","","11","","","","100.93","","","","","","NA"
"-60.41","46.66","INGONISH BEACH RCS","8202502","2022-07-07 14:00","2022","07","07","14:00","19.4","","11.0","","58","","0.0","","33","","8","","","","100.98","","","","","","NA"
"-60.41","46.66","INGONISH BEACH RCS","8202502","2022-07-07 15:00","2022","07","07","15:00","19.8","","10.7","","56","","0.0","","30","","7","","","","101.03","","","","","","NA"
"-60.41","46.66","INGONISH BEACH RCS","8202502","2022-07-07 16:00","2022","07","07","16:00","19.5","","9.4","","52","","0.0","","32","","9","","","","101.12","","","","","","NA"
"-60.41","46.66","INGONISH BEACH RCS","8202502","2022-07-07 17:00","2022","07","07","17:00","19.4","","8.5","","49","","0.0","","31","","5","","","","101.14","","","","","","NA"
"-60.41","46.66","INGONISH BEACH RCS","8202502","2022-07-07 18:00","2022","07","07","18:00","18.2","","7.3","","49","","0.0","","29","","7","","","","101.23","","","","","","NA"
"-60.41","46.66","INGONISH BEACH RCS","8202502","2022-07-07 19:00","2022","07","07","19:00","16.1","","7.3","","56","","0.0","","29","","5","","","","101.29","","","","","","NA"
"-60.41","46.66","INGONISH BEACH RCS","8202502","2022-07-07 20:00","2022","07","07","20:00","14.4","","8.1","","66","","0.0","","26","","7","","","","101.36","","","","","","NA"
"-60.41","46.66","INGONISH BEACH RCS","8202502","2022-07-07 21:00","2022","07","07","21:00","14.1","","7.7","","65","","0.0","","26","","9","","","","101.42","","","","","","NA"
"-60.41","46.66","INGONISH BEACH RCS","8202502","2022-07-07 22:00","2022","07","07","22:00","14.1","","6.7","","61","","0.0","","27","","8","","","","101.40","","","","","","NA"
"-60.41","46.66","INGONISH BEACH RCS","8202502","2022-07-07 23:00","2022","07","07","23:00","12.4","","6.8","","68","","0.0","","16","","2","","","","101.42","","","","","","NA"
"-60.41","46.66","INGONISH BEACH RCS","8202502","2022-07-08 00:00","2022","07","08","00:00","11.0","","6.3","","73","","0.0","","25","","3","","","","101.44","","","","","","NA"
"-60.41","46.66","INGONISH BEACH RCS","8202502","2022-07-08 01:00","2022","07","08","01:00","10.0","","5.9","","76","","0.0","","23","","2","","","","101.45","","","","","","NA"
"-60.41","46.66","INGONISH BEACH RCS","8202502","2022-07-08 02:00","2022","07","08","02:00","10.3","","6.1","","75","","0.0","","20","","3","","","","101.47","","","","","","NA"
"-60.41","46.66","INGONISH BEACH RCS","8202502","2022-07-08 03:00","2022","07","08","03:00","9.6","","6.8","","83","","0.0","","34","","2","","","","101.48","","","","","","NA"
"-60.41","46.66","INGONISH BEACH RCS","8202502","2022-07-08 04:00","2022","07","08","04:00","9.6","","6.8","","83","","0.0","","1","","1","","","","101.49","","","","","","NA"
"-60.41","46.66","INGONISH BEACH RCS","8202502","2022-07-08 05:00","2022","07","08","05:00","13.2","","5.5","","59","","0.0","","26","","6","","","","101.50","","","","","","NA"
"-60.41","46.66","INGONISH BEACH RCS","8202502","2022-07-08 06:00","2022","07","08","06:00","13.2","","6.8","","65","","0.0","","19","","7","","","","101.50","","","","","","NA"
"-60.41","46.66","INGONISH BEACH RCS","8202502","2022-07-08 07:00","2022","07","08","07:00","16.9","","8.1","","56","","0.0","","14","","3","","","","101.48","","","","","","NA"
"-60.41","46.66","INGONISH BEACH RCS","8202502","2022-07-08 08:00","2022","07","08","08:00","18.6","","9.8","","57","","0.0","","11","","4","","","","101.45","","","","","","NA"
"-60.41","46.66","INGONISH BEACH RCS","8202502","2022-07-08 09:00","2022","07","08","09:00","19.3","","12.1","","63","","0.0","","7","","4","","","","101.40","","","","","","NA"
"-60.41","46.66","INGONISH BEACH RCS","8202502","2022-07-08 10:00","2022","07","08","10:00","21.6","","11.3","","52","","0.0","","18","","10","","","","101.35","","","","","","NA"
"-60.41","46.66","INGONISH BEACH RCS","8202502","2022-07-08 11:00","2022","07","08","11:00","21.5","","12.0","","55","","0.0","","19","","9","","","","101.34","","","","","","NA"
"-60.41","46.66","INGONISH BEACH RCS","8202502","2022-07-08 12:00","2022","07","08","12:00","24.1","","12.4","","48","","0.0","","21","","14","","","","101.29","","27","","","","NA"
"-60.41","46.66","INGONISH BEACH RCS","8202502","2022-07-08 13:00","2022","07","08","13:00","24.0","","11.8","","46","","0.0","","23","","8","","","","101.23","","26","","","","NA"
"-60.41","46.66","INGONISH BEACH RCS","8202502","2022-07-08 14:00","2022","07","08","14:00","22.1","","13.4","","58","","0.0","","18","","9","","","","101.22","","25","","","","NA"
"-60.41","46.66","INGONISH BEACH RCS","8202502","2022-07-08 15:00","2022","07","08","15:00","22.3","","12.9","","55","","0.0","","21","","12","","","","101.25","","25","","","","NA"
"-60.41","46.66","INGONISH BEACH RCS","8202502","2022-07-08 16:00","2022","07","08","16:00","21.6","","12.1","","55","","0.0","","21","","11","","","","101.23","","","","","","NA"
"-60.41","46.66","INGONISH BEACH RCS","8202502","2022-07-08 17:00","2022","07","08","17:00","22.1","","11.9","","52","","0.0","","22","","9","","","","101.19","","","","","","NA"
"-60.41","46.66","INGONISH BEACH RCS","8202502","2022-07-08 18:00","2022","07","08","18:00","22.1","","11.4","","50","","0.0","","22","","6","","","","101.18","","","","","","NA"
"-60.41","46.66","INGONISH BEACH RCS","8202502","2022-07-08 19:00","2022","07","08","19:00","20.5","","10.5","","53","","0.0","","23","","6","","","","101.19","","","","","","NA"
"-60.41","46.66","INGONISH BEACH RCS","8202502","2022-07-08 20:00","2022","07","08","20:00","19.5","","10.5","","56","","0.0","","23","","7","","","","101.17","","","","","","NA"
"-60.41","46.66","INGONISH BEACH RCS","8202502","2022-07-08 21:00","2022","07","08","21:00","18.8","","10.5","","58","","0.0","","23","","5","","","","101.18","","","","","","NA"
"-60.41","46.66","INGONISH BEACH RCS","8202502","2022-07-08 22:00","2022","07","08","22:00","17.6","","11.0","","65","","0.0","","23","","5","","","","101.11","","","","","","NA"
"-60.41","46.66","INGONISH BEACH RCS","8202502","2022-07-08 23:00","2022","07","08","23:00","17.8","","10.1","","61","","0.0","","22","","6","","","","101.07","","","","","","NA"
"-60.41","46.66","INGONISH BEACH RCS","8202502","2022-07-09 00:00","2022","07","09","00:00","18.4","","9.0","","54","","0.0","","24","","12","","","","101.01","","","","","","NA"
"-60.41","46.66","INGONISH BEACH RCS","8202502","2022-07-09 01:00","2022","07","09","01:00","18.0","","8.8","","55","","0.0","","24","","10","","","","100.97","","","","","","NA"
"-60.41","46.66","INGONISH BEACH RCS","8202502","2022-07-09 02:00","2022","07","09","02:00","18.1","","8.2","","53","","0.0","","25","","13","","","","100.92","","","","","","NA"
"-60.41","46.66","INGONISH BEACH RCS","8202502","2022-07-09 03:00","2022","07","09","03:00","17.1","","8.0","","55","","0.0","","26","","10","","","","100.90","","","","","","NA"
"-60.41","46.66","INGONISH BEACH RCS","8202502","2022-07-09 04:00","2022","07","09","04:00","16.8","","8.6","","58","","0.0","","24","","10","","","","100.86","","","","","","NA"
"-60.41","46.66","INGONISH BEACH RCS","8202502","2022-07-09 05:00","2022","07","09","05:00","16.2","","9.5","","64","","0.0","","24","","9","","","","100.86","","","","","","NA"
"-60.41","46.66","INGONISH BEACH RCS","8202502","2022-07-09 06:00","2022","07","09","06:00","16.4","","10.2","","67","","0.0","","24","","12","","","","100.86","","","","","","NA"
"-60.41","46.66","INGONISH BEACH RCS","8202502","2022-07-09 07:00","2022","07","09","07:00","18.1","","12.0","","68","","0.0","","25","","13","","","","100.90","","","","","","NA"
"-60.41","46.66","INGONISH BEACH RCS","8202502","2022-07-09 08:00","2022","07","09","08:00","18.1","","12.7","","71","","0.0","","25","","10","","","","100.91","","","","","","NA"
"-60.41","46.66","INGONISH BEACH RCS","8202502","2022-07-09 09:00","2022","07","09","09:00","20.0","","13.4","","66","","0.0","","27","","11","","","","100.93","","","","","","NA"
"-60.41","46.66","INGONISH BEACH RCS","8202502","2022-07-09 10:00","2022","07","09","10:00","21.2","","13.5","","61","","0.0","","25","","10","","","","100.91","","","","","","NA"
"-60.41","46.66","INGONISH BEACH RCS","8202502","2022-07-09 11:00","2022","07","09","11:00","21.5","","10.3","","49","","0.0","","25","","6","","","","100.92","","","","","","NA"
"-60.41","46.66","INGONISH BEACH RCS","8202502","2022-07-09 12:00","2022","07","09","12:00","20.9","","9.7","","49","","0.0","","24","","12","","","","100.94","","","","","","NA"
"-60.41","46.66","INGONISH BEACH RCS","8202502","2022-07-09 13:00","2022","07","09","13:00","21.1","","9.9","","49","","0.0","","24","","10","","","","100.96","","","","","","NA"
"-60.41","46.66","INGONISH BEACH RCS","8202502","2022-07-09 14:00","2022","07","09","14:00","20.1","","7.9","","45","","0.0","","25","","7","","","","100.97","","","","","","NA"
"-60.41","46.66","INGONISH BEACH RCS","8202502","2022-07-09 15:00","2022","07","09","15:00","19.4","","7.0","","45","","0.0","","25","","12","","","","101.00","","","","","","NA"
"-60.41","46.66","INGONISH BEACH RCS","8202502","2022-07-09 16:00","2022","07","09","16:00","18.5","","5.9","","44","","0.0","","25","","12","","","","101.03","","","","","","NA"
"-60.41","46.66","INGONISH BEACH RCS","8202502","2022-07-09 17:00","2022","07","09","17:00","17.5","","6.2","","47","","0.0","","27","","7","","","","101.06","","","","","","NA"
"-60.41","46.66","INGONISH BEACH RCS","8202502","2022-07-09 18:00","2022","07","09","18:00","16.6","","6.6","","52","","0.0","","28","","8","","","","101.09","","","","","","NA"
"-60.41","46.66","INGONISH BEACH RCS","8202502","2022-07-09 19:00","2022","07","09","19:00","14.7","","7.5","","62","","0.0","","28","","4","","","","101.13","","","","","","NA"
"-60.41","46.66","INGONISH BEACH RCS","8202502","2022-07-09 20:00","2022","07","09","20:00","12.9","","7.8","","71","","0.0","","28","","5","","","","101.15","","","","","","NA"
"-60.41","46.66","INGONISH BEACH RCS","8202502","2022-07-09 21:00","2022","07","09","21:00","11.3","","7.8","","79","","0.0","","25","","7","","","","101.18","","","","","","NA"
"-60.41","46.66","INGONISH BEACH RCS","8202502","2022-07-09 22:00","2022","07","09","22:00","11.7","","7.6","","76","","0.0","","26","","9","","","","101.16","","","","","","NA"
"-60.41","46.66","INGONISH BEACH RCS","8202502","2022-07-09 23:00","2022","07","09","23:00","11.8","","7.3","","74","","0.0","","25","","13","","","","101.13","","","","","","NA"
"-60.41","46.66","INGONISH BEACH RCS","8202502","2022-07-10 00:00","2022","07","10","00:00","11.0","","7.1","","77","","0.0","","24","","11","","","","101.10","","","","","","NA"
"-60.41","46.66","INGONISH BEACH RCS","8202502","2022-07-10 01:00","2022","07","10","01:00","11.2","","7.3","","77","","0.0","","24","","11","","","","101.04","","","","","","NA"
"-60.41","46.66","INGONISH BEACH RCS","8202502","2022-07-10 02:00","2022","07","10","02:00","10.6","","7.7","","82","","0.0","","24","","10","","","","100.97","","","","","","NA"
"-60.41","46.66","INGONISH BEACH RCS","8202502","2022-07-10 03:00","2022","07","10","03:00","10.6","","8.3","","86","","0.0","","24","","9","","","","100.95","","","","","","NA"
"-60.41","46.66","INGONISH BEACH RCS","8202502","2022-07-10 04:00","2022","07","10","04:00","9.9","","8.3","","90","","0.0","","25","","8","","","","100.98","","","","","","NA"
"-60.41","46.66","INGONISH BEACH RCS","8202502","2022-07-10 05:00","2022","07","10","05:00","9.9","","8.8","","93","","0.0","","24","","4","","","","101.02","","","","","","NA"
"-60.41","46.66","INGONISH BEACH RCS","8202502","2022-07-10 06:00","2022","07","10","06:00","14.2","","10.8","","80","","0.0","","23","","3","","","","101.05","","","","","","NA"
"-60.41","46.66","INGONISH BEACH RCS","8202502","2022-07-10 07:00","2022","07","10","07:00","17.4","","9.9","","61","","0.0","","23","","7","","","","101.05","","","","","","NA"
"-60.41","46.66","INGONISH BEACH RCS","8202502","2022-07-10 08:00","2022","07","10","08:00","19.4","","8.1","","48","","0.0","","28","","10","","","","101.07","","","","","","NA"
"-60.41","46.66","INGONISH BEACH RCS","8202502","2022-07-10 09:00","2022","07","10","09:00","20.4","","8.0","","45","","0.0","","30","","9","","","","101.06","","","","","","NA"
"-60.41","46.66","INGONISH BEACH RCS","8202502","2022-07-10 10:00","2022","07","10","10:00","20.8","","7.8","","43","","0.0","","25","","7","","","","101.05","","","","","","NA"
"-60.41","46.66","INGONISH BEACH RCS","8202502","2022-07-10 11:00","2022","07","10","11:00","21.1","","7.4","","41","","0.0","","25","","12","","","","101.04","","","","","","NA"
"-60.41","46.66","INGONISH BEACH RCS","8202502","2022-07-10 12:00","2022","07","10","12:00","21.3","","8.8","","45","","0.0","","27","","10","","","","101.05","","","","","","NA"
"-60.41","46.66","INGONISH BEACH RCS","8202502","2022-07-10 13:00","2022","07","10","13:00","21.0","","8.5","","44","","0.0","","26","","15","","","","101.05","","","","","","NA"
"-60.41","46.66","INGONISH BEACH RCS","8202502","2022-07-10 14:00","2022","07","10","14:00","20.6","","8.3","","45","","0.0","","24","","13","","","","101.08","","","","","","NA"
"-60.41","46.66","INGONISH BEACH RCS","8202502","2022-07-10 15:00","2022","07","10","15:00","20.2","","7.9","","45","","0.0","","25","","12","","","","101.08","","","","","","NA"
"-60.41","46.66","INGONISH BEACH RCS","8202502","2022-07-10 16:00","2022","07","10","16:00","20.4","","7.3","","43","","0.0","","26","","8","","","","101.07","","","","","","NA"
"-60.41","46.66","INGONISH BEACH RCS","8202502","2022-07-10 17:00","2022","07","10","17:00","20.0","","7.0","","43","","0.0","","27","","4","","","","101.07","","","","","","NA"
"-60.41","46.66","INGONISH BEACH RCS","8202502","2022-07-10 18:00","2022","07","10","18:00","19.2","","5.6","","41","","0.0","","30","","3","","","","101.10","","","","","","NA"
"-60.41","46.66","INGONISH BEACH RCS","8202502","2022-07-10 19:00","2022","07","10","19:00","17.0","","5.8","","48","","0.0","","26","","3","","","","101.13","","","","","","NA"
"-60.41","46.66","INGONISH BEACH RCS","8202502","2022-07-10 20:00","2022","07","10","20:00","15.3","","6.1","","54","","0.0","","26","","10","","","","101.13","","","","","","NA"
"-60.41","46.66","INGONISH BEACH RCS","8202502","2022-07-10 21:00","2022","07","10","21:00","13.8","","6.8","","63","","0.0","","24","","9","","","","101.19","","","","","","NA"
"-60.41","46.66","INGONISH BEACH RCS","8202502","2022-07-10 22:00","2022","07","10","22:00","11.5","","7.1","","74","","0.0","","18","","6","","","","101.19","","","","","","NA"
"-60.41","46.66","INGONISH BEACH RCS","8202502","2022-07-10 23:00","2022","07","10","23:00","10.3","","7.2","","81","","0.0","","23","","3","","","","101.18","","","","","","NA"
"-60.41","46.66","INGONISH BEACH RCS","8202502","2022-07-11 00:00","2022","07","11","00:00","12.7","","7.0","","68","","0.0","","26","","6","","","","101.12","","","","","","NA"
"-60.41","46.66","INGONISH BEACH RCS","8202502","2022-07-11 01:00","2022","07","11","01:00","14.2","","6.5","","60","","0.0","","25","","16","","","","101.10","","","","","","NA"
"-60.41","46.66","INGONISH BEACH RCS","8202502","2022-07-11 02:00","2022","07","11","02:00","14.4","","7.1","","61","","0.0","","24","","15","","","","101.05","","","","","","NA"
"-60.41","46.66","INGONISH BEACH RCS","8202502","2022-07-11 03:00","2022","07","11","03:00","14.6","","7.6","","63","","0.0","","23","","13","","","","101.02","","","","","","NA"
"-60.41","46.66","INGONISH BEACH RCS","8202502","2022-07-11 04:00","2022","07","11","04:00","13.3","","8.1","","71","","0.0","","23","","8","","","","101.02","","","","","","NA"
"-60.41","46.66","INGONISH BEACH RCS","8202502","2022-07-11 05:00","2022","07","11","05:00","12.8","","8.8","","76","","0.0","","23","","8","","","","101.06","","","","","","NA"
"-60.41","46.66","INGONISH BEACH RCS","8202502","2022-07-11 06:00","2022","07","11","06:00","15.8","","10.4","","70","","0.0","","21","","5","","","","101.08","","","","","","NA"
"-60.41","46.66","INGONISH BEACH RCS","8202502","2022-07-11 07:00","2022","07","11","07:00","19.9","","9.3","","50","","0.0","","22","","11","","","","101.09","","","","","","NA"
"-60.41","46.66","INGONISH BEACH RCS","8202502","2022-07-11 08:00","2022","07","11","08:00","20.0","","9.9","","52","","0.0","","22","","8","","","","101.09","","","","","","NA"
"-60.41","46.66","INGONISH BEACH RCS","8202502","2022-07-11 09:00","2022","07","11","09:00","20.0","","10.4","","54","","0.0","","22","","7","","","","101.08","","","","","","NA"
"-60.41","46.66","INGONISH BEACH RCS","8202502","2022-07-11 10:00","2022","07","11","10:00","21.0","","10.3","","51","","0.0","","22","","11","","","","101.03","","","","","","NA"
"-60.41","46.66","INGONISH BEACH RCS","8202502","2022-07-11 11:00","2022","07","11","11:00","23.0","","11.2","","47","","0.0","","23","","12","","","","100.97","","25","","","","NA"
"-60.41","46.66","INGONISH BEACH RCS","8202502","2022-07-11 12:00","2022","07","11","12:00","23.9","","11.2","","45","","0.0","","23","","10","","","","100.93","","26","","","","NA"
"-60.41","46.66","INGONISH BEACH RCS","8202502","2022-07-11 13:00","2022","07","11","13:00","25.3","","10.9","","40","","0.0","","25","","11","","","","100.87","","27","","","","NA"
"-60.41","46.66","INGONISH BEACH RCS","8202502","2022-07-11 14:00","2022","07","11","14:00","26.4","","10.2","","36","","0.0","","23","","10","","","","100.83","","28","","","","NA"
"-60.41","46.66","INGONISH BEACH RCS","8202502","2022-07-11 15:00","2022","07","11","15:00","27.0","","9.2","","33","","0.0","","25","","9","","","","100.83","","28","","","","NA"
"-60.41","46.66","INGONISH BEACH RCS","8202502","2022-07-11 16:00","2022","07","11","16:00","26.4","","10.4","","37","","0.0","","24","","12","","","","100.84","","28","","","","NA"
"-60.41","46.66","INGONISH BEACH RCS","8202502","2022-07-11 17:00","2022","07","11","17:00","25.7","","9.6","","36","","0.0","","23","","9","","","","100.85","","27","","","","NA"
"-60.41","46.66","INGONISH BEACH RCS","8202502","2022-07-11 18:00","2022","07","11","18:00","24.8","","10.3","","40","","0.0","","23","","4","","","","100.86","","26","","","","NA"
"-60.41","46.66","INGONISH BEACH RCS","8202502","2022-07-11 19:00","2022","07","11","19:00","22.8","","11.7","","50","","0.0","","21","","7","","","","100.89","","25","","","","NA"
"-60.41","46.66","INGONISH BEACH RCS","8202502","2022-07-11 20:00","2022","07","11","20:00","20.9","","11.1","","54","","0.0","","23","","8","","","","100.90","","","","","","NA"
"-60.41","46.66","INGONISH BEACH RCS","8202502","2022-07-11 21:00","2022","07","11","21:00","19.8","","10.5","","55","","0.0","","21","","6","","","","100.97","","","","","","NA"
"-60.41","46.66","INGONISH BEACH RCS","8202502","2022-07-11 22:00","2022","07","11","22:00","18.8","","9.7","","55","","0.0","","24","","8","","","","100.96","","","","","","NA"
"-60.41","46.66","INGONISH BEACH RCS","8202502","2022-07-11 23:00","2022","07","11","23:00","18.5","","8.9","","53","","0.0","","25","","13","","","","100.96","","","","","","NA"
"-60.41","46.66","INGONISH BEACH RCS","8202502","2022-07-12 00:00","2022","07","12","00:00","18.2","","8.3","","52","","0.0","","25","","11","","","","100.96","","","","","","NA"
"-60.41","46.66","INGONISH BEACH RCS","8202502","2022-07-12 01:00","2022","07","12","01:00","17.9","","8.5","","54","","0.0","","23","","10","","","","100.95","","","","","","NA"
"-60.41","46.66","INGONISH BEACH RCS","8202502","2022-07-12 02:00","2022","07","12","02:00","17.6","","8.2","","54","","0.0","","24","","11","","","","100.94","","","","","","NA"
"-60.41","46.66","INGONISH BEACH RCS","8202502","2022-07-12 03:00","2022","07","12","03:00","17.4","","8.4","","56","","0.0","","23","","11","","","","100.93","","","","","","NA"
"-60.41","46.66","INGONISH BEACH RCS","8202502","2022-07-12 04:00","2022","07","12","04:00","16.7","","8.9","","60","","0.0","","24","","10","","","","100.94","","","","","","NA"
"-60.41","46.66","INGONISH BEACH RCS","8202502","2022-07-12 05:00","2022","07","12","05:00","15.3","","9.8","","70","","0.0","","22","","5","","","","100.97","","","","","","NA"
"-60.41","46.66","INGONISH BEACH RCS","8202502","2022-07-12 06:00","2022","07","12","06:00","18.0","","10.6","","62","","0.0","","24","","9","","","","100.97","","","","","","NA"
"-60.41","46.66","INGONISH BEACH RCS","8202502","2022-07-12 07:00","2022","07","12","07:00","20.5","","12.1","","59","","0.0","","24","","9","","","","100.96","","","","","","NA"
"-60.41","46.66","INGONISH BEACH RCS","8202502","2022-07-12 08:00","2022","07","12","08:00","23.1","","12.6","","51","","0.0","","22","","8","","","","100.97","","26","","","","NA"
"-60.41","46.66","INGONISH BEACH RCS","8202502","2022-07-12 09:00","2022","07","12","09:00","24.3","","11.0","","43","","0.0","","22","","12","","","","100.97","","26","","","","NA"
"-60.41","46.66","INGONISH BEACH RCS","8202502","2022-07-12 10:00","2022","07","12","10:00","23.4","","13.6","","54","","0.0","","15","","12","","","","100.97","","27","","","","NA"
"-60.41","46.66","INGONISH BEACH RCS","8202502","2022-07-12 11:00","2022","07","12","11:00","24.6","","13.9","","51","","0.0","","17","","11","","","","100.96","","28","","","","NA"
"-60.41","46.66","INGONISH BEACH RCS","8202502","2022-07-12 12:00","2022","07","12","12:00","23.8","","11.1","","45","","0.0","","18","","15","","","","100.96","","26","","","","NA"
"-60.41","46.66","INGONISH BEACH RCS","8202502","2022-07-12 13:00","2022","07","12","13:00","24.3","","10.4","","41","","0.0","","17","","16","","","","100.92","","26","","","","NA"
"-60.41","46.66","INGONISH BEACH RCS","8202502","2022-07-12 14:00","2022","07","12","14:00","24.1","","9.7","","40","","0.0","","18","","14","","","","100.89","","25","","","","NA"
"-60.41","46.66","INGONISH BEACH RCS","8202502","2022-07-12 15:00","2022","07","12","15:00","23.3","","9.5","","42","","0.0","","19","","16","","","","100.88","","","","","","NA"
"-60.41","46.66","INGONISH BEACH RCS","8202502","2022-07-12 16:00","2022","07","12","16:00","23.4","","5.6","","32","","0.0","","22","","16","","","","100.90","","","","","","NA"
"-60.41","46.66","INGONISH BEACH RCS","8202502","2022-07-12 17:00","2022","07","12","17:00","23.4","","3.7","","28","","0.0","","18","","13","","","","100.86","","","","","","NA"
"-60.41","46.66","INGONISH BEACH RCS","8202502","2022-07-12 18:00","2022","07","12","18:00","21.9","","4.5","","32","","0.0","","19","","14","","","","100.84","","","","","","NA"
"-60.41","46.66","INGONISH BEACH RCS","8202502","2022-07-12 19:00","2022","07","12","19:00","20.0","","6.8","","42","","0.0","","19","","11","","","","100.87","","","","","","NA"
"-60.41","46.66","INGONISH BEACH RCS","8202502","2022-07-12 20:00","2022","07","12","20:00","18.4","","8.0","","51","","0.0","","19","","11","","","","100.86","","","","","","NA"
"-60.41","46.66","INGONISH BEACH RCS","8202502","2022-07-12 21:00","2022","07","12","21:00","17.3","","8.0","","55","","0.0","","19","","8","","","","100.85","","","","","","NA"
"-60.41","46.66","INGONISH BEACH RCS","8202502","2022-07-12 22:00","2022","07","12","22:00","16.9","","9.7","","63","","0.0","","20","","11","","","","100.85","","","","","","NA"
"-60.41","46.66","INGONISH BEACH RCS","8202502","2022-07-12 23:00","2022","07","12","23:00","16.6","","10.8","","68","","0.0","","20","","8","","","","100.85","","","","","","NA"
"-60.41","46.66","INGONISH BEACH RCS","8202502","2022-07-13 00:00","2022","07","13","00:00","16.7","","11.2","","70","","0.0","","21","","6","","","","100.79","","","","","","NA"
"-60.41","46.66","INGONISH BEACH RCS","8202502","2022-07-13 01:00","2022","07","13","01:00","17.0","","11.9","","72","","0.0","","21","","11","","","","100.74","","","","","","NA"
"-60.41","46.66","INGONISH BEACH RCS","8202502","2022-07-13 02:00","2022","07","13","02:00","17.3","","12.7","","74","","0.0","","23","","13","","","","100.67","","","","","","NA"
"-60.41","46.66","INGONISH BEACH RCS","8202502","2022-07-13 03:00","2022","07","13","03:00","17.7","","13.7","","78","","0.0","","22","","10","","","","100.62","","","","","","NA"
"-60.41","46.66","INGONISH BEACH RCS","8202502","2022-07-13 04:00","2022","07","13","04:00","18.4","","14.5","","78","","0.0","","23","","15","","","","100.54","","","","","","NA"
"-60.41","46.66","INGONISH BEACH RCS","8202502","2022-07-13 05:00","2022","07","13","05:00","18.8","","14.8","","78","","0.0","","22","","15","","","","100.55","","","","","","NA"
"-60.41","46.66","INGONISH BEACH RCS","8202502","2022-07-13 06:00","2022","07","13","06:00","19.3","","15.6","","79","","0.0","","21","","12","","","","100.52","","","","","","NA"
"-60.41","46.66","INGONISH BEACH RCS","8202502","2022-07-13 07:00","2022","07","13","07:00","21.2","","16.4","","74","","0.0","","21","","17","","","","100.50","","26","","","","NA"
"-60.41","46.66","INGONISH BEACH RCS","8202502","2022-07-13 08:00","2022","07","13","08:00","22.9","","17.5","","72","","0.0","","21","","11","","","","100.51","","29","","","","NA"
"-60.41","46.66","INGONISH BEACH RCS","8202502","2022-07-13 09:00","2022","07","13","09:00","22.7","","17.7","","73","","0.0","","21","","11","","","","100.53","","28","","","","NA"
"-60.41","46.66","INGONISH BEACH RCS","8202502","2022-07-13 10:00","2022","07","13","10:00","23.7","","18.0","","70","","0.0","","22","","8","","","","100.55","","30","","","","NA"
"-60.41","46.66","INGONISH BEACH RCS","8202502","2022-07-13 11:00","2022","07","13","11:00","23.4","","17.4","","69","","0.0","","25","","12","","","","100.59","","29","","","","NA"
"-60.41","46.66","INGONISH BEACH RCS","8202502","2022-07-13 12:00","2022","07","13","12:00","24.4","","17.9","","67","","0.0","","22","","9","","","","100.59","","30","","","","NA"
"-60.41","46.66","INGONISH BEACH RCS","8202502","2022-07-13 13:00","2022","07","13","13:00","27.0","","17.8","","57","","0.0","","24","","9","","","","100.56","","33","","","","NA"
"-60.41","46.66","INGONISH BEACH RCS","8202502","2022-07-13 14:00","2022","07","13","14:00","28.1","","17.4","","52","","0.0","","26","","13","","","","100.59","","34","","","","NA"
"-60.41","46.66","INGONISH BEACH RCS","8202502","2022-07-13 15:00","2022","07","13","15:00","27.5","","17.3","","54","","0.0","","26","","11","","","","100.63","","33","","","","NA"
"-60.41","46.66","INGONISH BEACH RCS","8202502","2022-07-13 16:00","2022","07","13","16:00","26.1","","16.4","","55","","0.0","","26","","11","","","","100.70","","31","","","","NA"
"-60.41","46.66","INGONISH BEACH RCS","8202502","2022-07-13 17:00","2022","07","13","17:00","26.0","","17.0","","57","","0.0","","26","","7","","","","100.72","","31","","","","NA"
"-60.41","46.66","INGONISH BEACH RCS","8202502","2022-07-13 18:00","2022","07","13","18:00","24.8","","16.7","","61","","0.0","","30","","3","","","","100.80","","30","","","","NA"
"-60.41","46.66","INGONISH BEACH RCS","8202502","2022-07-13 19:00","2022","07","13","19:00","22.6","","15.7","","65","","0.0","","31","","2","","","","100.84","","27","","","","NA"
"-60.41","46.66","INGONISH BEACH RCS","8202502","2022-07-13 20:00","2022","07","13","20:00","20.2","","16.0","","77","","0.0","","22","","3","","","","100.89","","25","","","","NA"
"-60.41","46.66","INGONISH BEACH RCS","8202502","2022-07-13 21:00","2022","07","13","21:00","18.2","","14.4","","78","","0.0","","8","","1","","","","101.00","","","","","","NA"
"-60.41","46.66","INGONISH BEACH RCS","8202502","2022-07-13 22:00","2022","07","13","22:00","16.7","","14.2","","85","","0.0","","0","","1","","","","101.03","","","","","","NA"
"-60.41","46.66","INGONISH BEACH RCS","8202502","2022-07-13 23:00","2022","07","13","23:00","16.4","","14.6","","89","","0.0","","26","","3","","","","101.09","","","","","","NA"
"-60.41","46.66","INGONISH BEACH RCS","8202502","2022-07-14 00:00","2022","07","14","00:00","16.3","","14.5","","89","","0.0","","3","","5","","","","101.11","","","","","","NA"
"-60.41","46.66","INGONISH BEACH RCS","8202502","2022-07-14 01:00","2022","07","14","01:00","15.8","","14.1","","90","","0.0","","23","","4","","","","101.17","","","","","","NA"
"-60.41","46.66","INGONISH BEACH RCS","8202502","2022-07-14 02:00","2022","07","14","02:00","15.0","","13.7","","92","","0.0","","24","","3","","","","101.19","","","","","","NA"
"-60.41","46.66","INGONISH BEACH RCS","8202502","2022-07-14 03:00","2022","07","14","03:00","13.9","","12.6","","92","","0.0","","35","","3","","","","101.24","","","","","","NA"
"-60.41","46.66","INGONISH BEACH RCS","8202502","2022-07-14 04:00","2022","07","14","04:00","13.1","","12.2","","95","","0.0","","24","","5","","","","101.28","","","","","","NA"
"-60.41","46.66","INGONISH BEACH RCS","8202502","2022-07-14 05:00","2022","07","14","05:00","12.3","","11.5","","95","","0.0","","29","","1","","","","101.34","","","","","","NA"
"-60.41","46.66","INGONISH BEACH RCS","8202502","2022-07-14 06:00","2022","07","14","06:00","15.6","","12.6","","83","","0.0","","0","","1","","","","101.40","","","","","","NA"
"-60.41","46.66","INGONISH BEACH RCS","8202502","2022-07-14 07:00","2022","07","14","07:00","18.7","","12.6","","67","","0.0","","19","","3","","","","101.46","","","","","","NA"
"-60.41","46.66","INGONISH BEACH RCS","8202502","2022-07-14 08:00","2022","07","14","08:00","18.3","","12.0","","66","","0.0","","7","","7","","","","101.54","","","","","","NA"
"-60.41","46.66","INGONISH BEACH RCS","8202502","2022-07-14 09:00","2022","07","14","09:00","18.1","","12.9","","72","","0.0","","10","","6","","","","101.58","","","","","","NA"
"-60.41","46.66","INGONISH BEACH RCS","8202502","2022-07-14 10:00","2022","07","14","10:00","17.9","","12.9","","73","","0.0","","12","","8","","","","101.64","","","","","","NA"
"-60.41","46.66","INGONISH BEACH RCS","8202502","2022-07-14 11:00","2022","07","14","11:00","17.6","","13.0","","74","","0.0","","12","","6","","","","101.66","","","","","","NA"
"-60.41","46.66","INGONISH BEACH RCS","8202502","2022-07-14 12:00","2022","07","14","12:00","17.7","","13.0","","74","","0.0","","9","","8","","","","101.69","","","","","","NA"
"-60.41","46.66","INGONISH BEACH RCS","8202502","2022-07-14 13:00","2022","07","14","13:00","18.0","","12.8","","72","","0.0","","9","","5","","","","101.69","","","","","","NA"
"-60.41","46.66","INGONISH BEACH RCS","8202502","2022-07-14 14:00","2022","07","14","14:00","18.2","","12.3","","68","","0.0","","9","","6","","","","101.68","","","","","","NA"
"-60.41","46.66","INGONISH BEACH RCS","8202502","2022-07-14 15:00","2022","07","14","15:00","18.2","","12.0","","67","","0.0","","8","","6","","","","101.67","","","","","","NA"
"-60.41","46.66","INGONISH BEACH RCS","8202502","2022-07-14 16:00","2022","07","14","16:00","18.0","","12.5","","70","","0.0","","5","","4","","","","101.67","","","","","","NA"
"-60.41","46.66","INGONISH BEACH RCS","8202502","2022-07-14 17:00","2022","07","14","17:00","17.8","","12.1","","69","","0.0","","7","","4","","","","101.67","","","","","","NA"
"-60.41","46.66","INGONISH BEACH RCS","8202502","2022-07-14 18:00","2022","07","14","18:00","17.9","","12.3","","70","","0.0","","6","","3","","","","101.65","","","","","","NA"
"-60.41","46.66","INGONISH BEACH RCS","8202502","2022-07-14 19:00","2022","07","14","19:00","16.2","","12.3","","77","","0.0","","3","","1","","","","101.63","","","","","","NA"
"-60.41","46.66","INGONISH BEACH RCS","8202502","2022-07-14 20:00","2022","07","14","20:00","13.5","","11.0","","85","","0.0","","30","","3","","","","101.66","","","","","","NA"
"-60.41","46.66","INGONISH BEACH RCS","8202502","2022-07-14 21:00","2022","07","14","21:00","13.6","","10.7","","83","","0.0","","27","","3","","","","101.66","","","","","","NA"
"-60.41","46.66","INGONISH BEACH RCS","8202502","2022-07-14 22:00","2022","07","14","22:00","13.4","","10.4","","82","","0.0","","33","","2","","","","101.60","","","","","","NA"
"-60.41","46.66","INGONISH BEACH RCS","8202502","2022-07-14 23:00","2022","07","14","23:00","13.4","","10.7","","84","","0.0","","24","","3","","","","101.54","","","","","","NA"
"-60.41","46.66","INGONISH BEACH RCS","8202502","2022-07-15 00:00","2022","07","15","00:00","12.2","","10.1","","87","","0.0","","26","","3","","","","101.49","","","","","","NA"
"-60.41","46.66","INGONISH BEACH RCS","8202502","2022-07-15 01:00","2022","07","15","01:00","11.7","","9.8","","88","","0.0","","24","","4","","","","101.44","","","","","","NA"
"-60.41","46.66","INGONISH BEACH RCS","8202502","2022-07-15 02:00","2022","07","15","02:00","11.9","","9.9","","87","","0.0","","31","","2","","","","101.42","","","","","","NA"
"-60.41","46.66","INGONISH BEACH RCS","8202502","2022-07-15 03:00","2022","07","15","03:00","12.3","","10.4","","88","","0.0","","32","","2","","","","101.38","","","","","","NA"
"-60.41","46.66","INGONISH BEACH RCS","8202502","2022-07-15 04:00","2022","07","15","04:00","12.5","","10.2","","86","","0.0","","0","","1","","","","101.37","","","","","","NA"
"-60.41","46.66","INGONISH BEACH RCS","8202502","2022-07-15 05:00","2022","07","15","05:00","12.7","","11.4","","92","","0.0","","31","","2","","","","101.39","","","","","","NA"
"-60.41","46.66","INGONISH BEACH RCS","8202502","2022-07-15 06:00","2022","07","15","06:00","13.5","","12.6","","94","","0.0","","26","","3","","","","101.42","","","","","","NA"
"-60.41","46.66","INGONISH BEACH RCS","8202502","2022-07-15 07:00","2022","07","15","07:00","14.5","","13.2","","92","","0.0","","11","","1","","","","101.35","","","","","","NA"
"-60.41","46.66","INGONISH BEACH RCS","8202502","2022-07-15 08:00","2022","07","15","08:00","15.6","","13.5","","87","","0.0","","6","","2","","","","101.35","","","","","","NA"
"-60.41","46.66","INGONISH BEACH RCS","8202502","2022-07-15 09:00","2022","07","15","09:00","16.2","","13.6","","85","","0.6","","24","","2","","","","101.34","","","","","","NA"
"-60.41","46.66","INGONISH BEACH RCS","8202502","2022-07-15 10:00","2022","07","15","10:00","16.3","","14.2","","87","","0.0","","8","","6","","","","101.31","","","","","","NA"
"-60.41","46.66","INGONISH BEACH RCS","8202502","2022-07-15 11:00","2022","07","15","11:00","16.5","","12.6","","78","","0.0","","9","","14","","","","101.31","","","","","","NA"
"-60.41","46.66","INGONISH BEACH RCS","8202502","2022-07-15 12:00","2022","07","15","12:00","16.6","","12.5","","76","","0.0","","8","","11","","","","101.32","","","","","","NA"
"-60.41","46.66","INGONISH BEACH RCS","8202502","2022-07-15 13:00","2022","07","15","13:00","16.9","","11.9","","72","","0.0","","8","","13","","","","101.27","","","","","","NA"
"-60.41","46.66","INGONISH BEACH RCS","8202502","2022-07-15 14:00","2022","07","15","14:00","15.9","","12.6","","81","","0.0","","8","","6","","","","101.29","","","","","","NA"
"-60.41","46.66","INGONISH BEACH RCS","8202502","2022-07-15 15:00","2022","07","15","15:00","15.3","","12.8","","85","","0.0","","9","","4","","","","101.23","","","","","","NA"
"-60.41","46.66","INGONISH BEACH RCS","8202502","2022-07-15 16:00","2022","07","15","16:00","16.2","","13.1","","82","","0.0","","8","","6","","","","101.20","","","","","","NA"
"-60.41","46.66","INGONISH BEACH RCS","8202502","2022-07-15 17:00","2022","07","15","17:00","16.5","","12.9","","79","","0.0","","8","","5","","","","101.17","","","","","","NA"
"-60.41","46.66","INGONISH BEACH RCS","8202502","2022-07-15 18:00","2022","07","15","18:00","15.9","","12.7","","81","","0.0","","5","","2","","","","101.23","","","","","","NA"
"-60.41","46.66","INGONISH BEACH RCS","8202502","2022-07-15 19:00","2022","07","15","19:00","15.7","","11.9","","78","","0.0","","0","","1","","","","101.25","","","","","","NA"
"-60.41","46.66","INGONISH BEACH RCS","8202502","2022-07-15 20:00","2022","07","15","20:00","15.6","","12.4","","81","","0.0","","27","","4","","","","101.33","","","","","","NA"
"-60.41","46.66","INGONISH BEACH RCS","8202502","2022-07-15 21:00","2022","07","15","21:00","13.9","","11.3","","85","","0.0","","4","","1","","","","101.36","","","","","","NA"
"-60.41","46.66","INGONISH BEACH RCS","8202502","2022-07-15 22:00","2022","07","15","22:00","12.7","","10.4","","86","","0.0","","1","","1","","","","101.34","","","","","","NA"
"-60.41","46.66","INGONISH BEACH RCS","8202502","2022-07-15 23:00","2022","07","15","23:00","12.0","","9.6","","85","","0.0","","33","","1","","","","101.33","","","","","","NA"
"-60.41","46.66","INGONISH BEACH RCS","8202502","2022-07-16 00:00","2022","07","16","00:00","10.8","","9.3","","91","","0.0","","26","","3","","","","101.32","","","","","","NA"
"-60.41","46.66","INGONISH BEACH RCS","8202502","2022-07-16 01:00","2022","07","16","01:00","9.8","","8.7","","93","","0.0","","26","","3","","","","101.27","","","","","","NA"
"-60.41","46.66","INGONISH BEACH RCS","8202502","2022-07-16 02:00","2022","07","16","02:00","10.7","","9.7","","94","","0.0","","29","","4","","","","101.23","","","","","","NA"
"-60.41","46.66","INGONISH BEACH RCS","8202502","2022-07-16 03:00","2022","07","16","03:00","14.5","","11.0","","79","","0.0","","25","","12","","","","101.20","","","","","","NA"
"-60.41","46.66","INGONISH BEACH RCS","8202502","2022-07-16 04:00","2022","07","16","04:00","15.6","","12.2","","80","","0.0","","25","","14","","","","101.22","","","","","","NA"
"-60.41","46.66","INGONISH BEACH RCS","8202502","2022-07-16 05:00","2022","07","16","05:00","16.2","","12.9","","81","","0.0","","25","","13","","","","101.27","","","","","","NA"
"-60.41","46.66","INGONISH BEACH RCS","8202502","2022-07-16 06:00","2022","07","16","06:00","17.7","","13.8","","78","","0.0","","25","","12","","","","101.29","","","","","","NA"
"-60.41","46.66","INGONISH BEACH RCS","8202502","2022-07-16 07:00","2022","07","16","07:00","19.5","","14.5","","73","","0.0","","25","","13","","","","101.32","","","","","","NA"
"-60.41","46.66","INGONISH BEACH RCS","8202502","2022-07-16 08:00","2022","07","16","08:00","21.6","","14.4","","63","","0.0","","26","","11","","","","101.35","","25","","","","NA"
"-60.41","46.66","INGONISH BEACH RCS","8202502","2022-07-16 09:00","2022","07","16","09:00","21.6","","13.2","","59","","0.0","","26","","11","","","","101.38","","25","","","","NA"
"-60.41","46.66","INGONISH BEACH RCS","8202502","2022-07-16 10:00","2022","07","16","10:00","24.1","","13.3","","51","","0.0","","24","","11","","","","101.36","","27","","","","NA"
"-60.41","46.66","INGONISH BEACH RCS","8202502","2022-07-16 11:00","2022","07","16","11:00","23.7","","12.3","","49","","0.0","","26","","8","","","","101.37","","26","","","","NA"
"-60.41","46.66","INGONISH BEACH RCS","8202502","2022-07-16 12:00","2022","07","16","12:00","24.4","","12.9","","49","","0.0","","25","","7","","","","101.36","","27","","","","NA"
"-60.41","46.66","INGONISH BEACH RCS","8202502","2022-07-16 13:00","2022","07","16","13:00","25.6","","10.8","","39","","0.0","","30","","8","","","","101.35","","27","","","","NA"
"-60.41","46.66","INGONISH BEACH RCS","8202502","2022-07-16 14:00","2022","07","16","14:00","26.2","","10.7","","38","","0.0","","27","","6","","","","101.36","","28","","","","NA"
"-60.41","46.66","INGONISH BEACH RCS","8202502","2022-07-16 15:00","2022","07","16","15:00","25.6","","11.1","","40","","0.0","","26","","8","","","","101.41","","27","","","","NA"
"-60.41","46.66","INGONISH BEACH RCS","8202502","2022-07-16 16:00","2022","07","16","16:00","24.6","","11.0","","42","","0.0","","25","","11","","","","101.41","","26","","","","NA"
"-60.41","46.66","INGONISH BEACH RCS","8202502","2022-07-16 17:00","2022","07","16","17:00","24.8","","10.5","","41","","0.0","","26","","10","","","","101.37","","26","","","","NA"
"-60.41","46.66","INGONISH BEACH RCS","8202502","2022-07-16 18:00","2022","07","16","18:00","25.4","","11.8","","42","","0.0","","27","","6","","","","101.38","","28","","","","NA"
"-60.41","46.66","INGONISH BEACH RCS","8202502","2022-07-16 19:00","2022","07","16","19:00","22.4","","12.5","","54","","0.0","","1","","3","","","","101.42","","25","","","","NA"
"-60.41","46.66","INGONISH BEACH RCS","8202502","2022-07-16 20:00","2022","07","16","20:00","19.1","","12.7","","67","","0.0","","24","","3","","","","101.46","","","","","","NA"
"-60.41","46.66","INGONISH BEACH RCS","8202502","2022-07-16 21:00","2022","07","16","21:00","16.2","","12.1","","76","","0.0","","25","","4","","","","101.47","","","","","","NA"
"-60.41","46.66","INGONISH BEACH RCS","8202502","2022-07-16 22:00","2022","07","16","22:00","14.7","","11.9","","83","","0.0","","23","","4","","","","101.44","","","","","","NA"
"-60.41","46.66","INGONISH BEACH RCS","8202502","2022-07-16 23:00","2022","07","16","23:00","15.5","","11.8","","79","","0.0","","0","","1","","","","101.42","","","","","","NA"
"-60.41","46.66","INGONISH BEACH RCS","8202502","2022-07-17 00:00","2022","07","17","00:00","14.4","","11.4","","82","","0.0","","25","","3","","","","101.44","","","","","","NA"
"-60.41","46.66","INGONISH BEACH RCS","8202502","2022-07-17 01:00","2022","07","17","01:00","13.4","","11.2","","86","","0.0","","24","","4","","","","101.43","","","","","","NA"
"-60.41","46.66","INGONISH BEACH RCS","8202502","2022-07-17 02:00","2022","07","17","02:00","18.6","","10.7","","60","","0.0","","26","","9","","","","101.39","","","","","","NA"
"-60.41","46.66","INGONISH BEACH RCS","8202502","2022-07-17 03:00","2022","07","17","03:00","18.5","","10.6","","60","","0.0","","25","","10","","","","101.36","","","","","","NA"
"-60.41","46.66","INGONISH BEACH RCS","8202502","2022-07-17 04:00","2022","07","17","04:00","18.8","","10.4","","58","","0.0","","24","","15","","","","101.35","","","","","","NA"
"-60.41","46.66","INGONISH BEACH RCS","8202502","2022-07-17 05:00","2022","07","17","05:00","18.9","","10.6","","59","","0.0","","25","","15","","","","101.36","","","","","","NA"
"-60.41","46.66","INGONISH BEACH RCS","8202502","2022-07-17 06:00","2022","07","17","06:00","20.2","","11.8","","58","","0.0","","25","","12","","","","101.36","","","","","","NA"
"-60.41","46.66","INGONISH BEACH RCS","8202502","2022-07-17 07:00","2022","07","17","07:00","22.0","","13.0","","57","","0.0","","24","","13","","","","101.35","","25","","","","NA"
"-60.41","46.66","INGONISH BEACH RCS","8202502","2022-07-17 08:00","2022","07","17","08:00","24.5","","15.1","","56","","0.0","","24","","9","","","","101.35","","29","","","","NA"
"-60.41","46.66","INGONISH BEACH RCS","8202502","2022-07-17 09:00","2022","07","17","09:00","23.8","","15.4","","60","","0.0","","20","","4","","","","101.31","","28","","","","NA"
"-60.41","46.66","INGONISH BEACH RCS","8202502","2022-07-17 10:00","2022","07","17","10:00","27.0","","14.1","","45","","0.0","","14","","5","","","","101.27","","30","","","","NA"
"-60.41","46.66","INGONISH BEACH RCS","8202502","2022-07-17 11:00","2022","07","17","11:00","27.3","","13.1","","42","","0.0","","20","","17","","","","101.24","","30","","","","NA"
"-60.41","46.66","INGONISH BEACH RCS","8202502","2022-07-17 12:00","2022","07","17","12:00","28.2","","14.2","","42","","0.0","","23","","10","","","","101.19","","32","","","","NA"
"-60.41","46.66","INGONISH BEACH RCS","8202502","2022-07-17 13:00","2022","07","17","13:00","28.6","","13.4","","39","","0.0","","23","","14","","","","101.16","","32","","","","NA"
"-60.41","46.66","INGONISH BEACH RCS","8202502","2022-07-17 14:00","2022","07","17","14:00","27.5","","13.8","","43","","0.0","","23","","11","","","","101.12","","31","","","","NA"
"-60.41","46.66","INGONISH BEACH RCS","8202502","2022-07-17 15:00","2022","07","17","15:00","28.4","","13.3","","39","","0.0","","25","","10","","","","101.11","","31","","","","NA"
"-60.41","46.66","INGONISH BEACH RCS","8202502","2022-07-17 16:00","2022","07","17","16:00","26.6","","12.9","","43","","0.0","","25","","8","","","","101.10","","29","","","","NA"
"-60.41","46.66","INGONISH BEACH RCS","8202502","2022-07-17 17:00","2022","07","17","17:00","25.0","","14.1","","51","","0.0","","25","","10","","","","101.10","","28","","","","NA"
"-60.41","46.66","INGONISH BEACH RCS","8202502","2022-07-17 18:00","2022","07","17","18:00","25.8","","12.7","","44","","0.0","","25","","7","","","","101.11","","28","","","","NA"
"-60.41","46.66","INGONISH BEACH RCS","8202502","2022-07-17 19:00","2022","07","17","19:00","24.0","","12.2","","48","","0.0","","24","","8","","","","101.10","","26","","","","NA"
"-60.41","46.66","INGONISH BEACH RCS","8202502","2022-07-17 20:00","2022","07","17","20:00","24.1","","12.3","","48","","0.0","","26","","10","","","","101.14","","27","","","","NA"
"-60.41","46.66","INGONISH BEACH RCS","8202502","2022-07-17 21:00","2022","07","17","21:00","22.3","","13.7","","58","","0.0","","26","","8","","","","101.19","","25","","","","NA"
"-60.41","46.66","INGONISH BEACH RCS","8202502","2022-07-17 22:00","2022","07","17","22:00","21.2","","14.4","","65","","0.0","","25","","9","","","","101.14","","25","","","","NA"
"-60.41","46.66","INGONISH BEACH RCS","8202502","2022-07-17 23:00","2022","07","17","23:00","21.7","","13.9","","61","","0.0","","26","","10","","","","101.13","","25","","","","NA"
"-60.41","46.66","INGONISH BEACH RCS","8202502","2022-07-18 00:00","2022","07","18","00:00","20.0","","13.1","","64","","0.0","","23","","6","","","","101.12","","","","","","NA"
"-60.41","46.66","INGONISH BEACH RCS","8202502","2022-07-18 01:00","2022","07","18","01:00","19.8","","13.9","","69","","0.0","","24","","12","","","","101.11","","","","","","NA"
"-60.41","46.66","INGONISH BEACH RCS","8202502","2022-07-18 02:00","2022","07","18","02:00","19.7","","14.8","","73","","0.0","","24","","13","","","","101.09","","","","","","NA"
"-60.41","46.66","INGONISH BEACH RCS","8202502","2022-07-18 03:00","2022","07","18","03:00","20.0","","15.4","","75","","0.0","","24","","16","","","","101.08","","","","","","NA"
"-60.41","46.66","INGONISH BEACH RCS","8202502","2022-07-18 04:00","2022","07","18","04:00","19.9","","15.5","","76","","0.0","","24","","16","","","","101.11","","","","","","NA"
"-60.41","46.66","INGONISH BEACH RCS","8202502","2022-07-18 05:00","2022","07","18","05:00","19.9","","15.6","","76","","0.0","","24","","17","","","","101.13","","","","","","NA"
"-60.41","46.66","INGONISH BEACH RCS","8202502","2022-07-18 06:00","2022","07","18","06:00","20.5","","15.7","","74","","0.0","","24","","17","","","","101.14","","25","","","","NA"
"-60.41","46.66","INGONISH BEACH RCS","8202502","2022-07-18 07:00","2022","07","18","07:00","23.5","","16.0","","63","","0.0","","25","","13","","","","101.13","","28","","","","NA"
"-60.41","46.66","INGONISH BEACH RCS","8202502","2022-07-18 08:00","2022","07","18","08:00","24.6","","17.2","","63","","0.0","","24","","6","","","","101.10","","30","","","","NA"
"-60.41","46.66","INGONISH BEACH RCS","8202502","2022-07-18 09:00","2022","07","18","09:00","27.3","","16.5","","52","","0.0","","24","","7","","","","101.05","","32","","","","NA"
"-60.41","46.66","INGONISH BEACH RCS","8202502","2022-07-18 10:00","2022","07","18","10:00","27.6","","15.6","","48","","0.0","","24","","10","","","","101.02","","32","","","","NA"
"-60.41","46.66","INGONISH BEACH RCS","8202502","2022-07-18 11:00","2022","07","18","11:00","26.8","","15.1","","49","","0.0","","26","","9","","","","100.99","","31","","","","NA"
"-60.41","46.66","INGONISH BEACH RCS","8202502","2022-07-18 12:00","2022","07","18","12:00","27.8","","14.3","","44","","0.0","","26","","9","","","","100.98","","31","","","","NA"
"-60.41","46.66","INGONISH BEACH RCS","8202502","2022-07-18 13:00","2022","07","18","13:00","29.2","","14.8","","42","","0.0","","26","","11","","","","100.96","","33","","","","NA"
"-60.41","46.66","INGONISH BEACH RCS","8202502","2022-07-18 14:00","2022","07","18","14:00","29.6","","14.4","","40","","0.0","","26","","10","","","","100.94","","33","","","","NA"
"-60.41","46.66","INGONISH BEACH RCS","8202502","2022-07-18 15:00","2022","07","18","15:00","29.2","","15.1","","42","","0.0","","26","","13","","","","100.94","","33","","","","NA"
"-60.41","46.66","INGONISH BEACH RCS","8202502","2022-07-18 16:00","2022","07","18","16:00","28.9","","16.2","","46","","0.0","","25","","13","","","","100.92","","34","","","","NA"
"-60.41","46.66","INGONISH BEACH RCS","8202502","2022-07-18 17:00","2022","07","18","17:00","28.4","","16.0","","47","","0.0","","26","","13","","","","100.87","","33","","","","NA"
"-60.41","46.66","INGONISH BEACH RCS","8202502","2022-07-18 18:00","2022","07","18","18:00","27.8","","16.4","","50","","0.0","","26","","9","","","","100.81","","33","","","","NA"
"-60.41","46.66","INGONISH BEACH RCS","8202502","2022-07-18 19:00","2022","07","18","19:00","26.9","","17.4","","56","","0.0","","26","","10","","","","100.81","","32","","","","NA"
"-60.41","46.66","INGONISH BEACH RCS","8202502","2022-07-18 20:00","2022","07","18","20:00","25.9","","17.5","","60","","0.0","","26","","10","","","","100.80","","32","","","","NA"
"-60.41","46.66","INGONISH BEACH RCS","8202502","2022-07-18 21:00","2022","07","18","21:00","25.0","","17.4","","63","","0.0","","23","","6","","","","100.82","","31","","","","NA"
"-60.41","46.66","INGONISH BEACH RCS","8202502","2022-07-18 22:00","2022","07","18","22:00","24.8","","16.7","","61","","0.0","","25","","11","","","","100.77","","30","","","","NA"
"-60.41","46.66","INGONISH BEACH RCS","8202502","2022-07-18 23:00","2022","07","18","23:00","24.0","","16.6","","63","","0.0","","24","","15","","","","100.76","","29","","","","NA"
"-60.41","46.66","INGONISH BEACH RCS","8202502","2022-07-19 00:00","2022","07","19","00:00","23.2","","17.7","","71","","0.0","","23","","6","","","","100.74","","29","","","","NA"
"-60.41","46.66","INGONISH BEACH RCS","8202502","2022-07-19 01:00","2022","07","19","01:00","23.1","","17.6","","71","","0.0","","26","","10","","","","100.73","","29","","","","NA"
"-60.41","46.66","INGONISH BEACH RCS","8202502","2022-07-19 02:00","2022","07","19","02:00","22.3","","17.7","","75","","0.0","","25","","8","","","","100.72","","28","","","","NA"
"-60.41","46.66","INGONISH BEACH RCS","8202502","2022-07-19 03:00","2022","07","19","03:00","21.7","","17.4","","76","","0.0","","25","","10","","","","100.69","","27","","","","NA"
"-60.41","46.66","INGONISH BEACH RCS","8202502","2022-07-19 04:00","2022","07","19","04:00","21.9","","16.8","","72","","0.0","","25","","13","","","","100.67","","27","","","","NA"
"-60.41","46.66","INGONISH BEACH RCS","8202502","2022-07-19 05:00","2022","07","19","05:00","21.8","","17.3","","76","","0.0","","25","","13","","","","100.63","","27","","","","NA"
"-60.41","46.66","INGONISH BEACH RCS","8202502","2022-07-19 06:00","2022","07","19","06:00","22.0","","17.9","","78","","0.0","","24","","12","","","","100.59","","28","","","","NA"
"-60.41","46.66","INGONISH BEACH RCS","8202502","2022-07-19 07:00","2022","07","19","07:00","21.2","","18.7","","86","","0.0","","22","","3","","","","100.53","","28","","","","NA"
"-60.41","46.66","INGONISH BEACH RCS","8202502","2022-07-19 08:00","2022","07","19","08:00","20.5","","19.0","","91","","0.5","","13","","4","","","","100.51","","27","","","","NA"
"-60.41","46.66","INGONISH BEACH RCS","8202502","2022-07-19 09:00","2022","07","19","09:00","20.4","","18.9","","91","","0.7","","11","","3","","","","100.40","","27","","","","NA"
"-60.41","46.66","INGONISH BEACH RCS","8202502","2022-07-19 10:00","2022","07","19","10:00","20.5","","19.1","","92","","2.7","","9","","1","","","","100.28","","27","","","","NA"
"-60.41","46.66","INGONISH BEACH RCS","8202502","2022-07-19 11:00","2022","07","19","11:00","19.6","","18.4","","93","","0.3","","17","","9","","","","100.15","","","","","","NA"
"-60.41","46.66","INGONISH BEACH RCS","8202502","2022-07-19 12:00","2022","07","19","12:00","19.8","","18.9","","94","","0.0","","18","","4","","","","99.99","","","","","","NA"
"-60.41","46.66","INGONISH BEACH RCS","8202502","2022-07-19 13:00","2022","07","19","13:00","20.9","","19.7","","93","","0.4","","16","","6","","","","99.83","","28","","","","NA"
"-60.41","46.66","INGONISH BEACH RCS","8202502","2022-07-19 14:00","2022","07","19","14:00","22.6","","20.4","","87","","0.0","","13","","7","","","","99.65","","31","","","","NA"
"-60.41","46.66","INGONISH BEACH RCS","8202502","2022-07-19 15:00","2022","07","19","15:00","22.7","","20.5","","88","","0.0","","15","","6","","","","99.46","","31","","","","NA"
"-60.41","46.66","INGONISH BEACH RCS","8202502","2022-07-19 16:00","2022","07","19","16:00","24.4","","20.4","","78","","0.0","","21","","13","","","","99.31","","32","","","","NA"
"-60.41","46.66","INGONISH BEACH RCS","8202502","2022-07-19 17:00","2022","07","19","17:00","24.2","","20.6","","80","","0.0","","20","","14","","","","99.20","","32","","","","NA"
"-60.41","46.66","INGONISH BEACH RCS","8202502","2022-07-19 18:00","2022","07","19","18:00","24.1","","20.0","","78","","0.0","","21","","11","","","","99.10","","32","","","","NA"
"-60.41","46.66","INGONISH BEACH RCS","8202502","2022-07-19 19:00","2022","07","19","19:00","22.7","","19.2","","81","","0.0","","21","","10","","","","99.03","","30","","","","NA"
"-60.41","46.66","INGONISH BEACH RCS","8202502","2022-07-19 20:00","2022","07","19","20:00","21.8","","19.1","","84","","0.0","","20","","6","","","","98.97","","29","","","","NA"
"-60.41","46.66","INGONISH BEACH RCS","8202502","2022-07-19 21:00","2022","07","19","21:00","21.0","","19.0","","88","","0.0","","9","","2","","","","98.93","","28","","","","NA"
"-60.41","46.66","INGONISH BEACH RCS","8202502","2022-07-19 22:00","2022","07","19","22:00","21.5","","19.4","","88","","0.0","","28","","2","","","","98.90","","29","","","","NA"
"-60.41","46.66","INGONISH BEACH RCS","8202502","2022-07-19 23:00","2022","07","19","23:00","19.6","","16.0","","80","","0.0","","25","","17","","","","98.85","","","","","","NA"
"-60.41","46.66","INGONISH BEACH RCS","8202502","2022-07-20 00:00","2022","07","20","00:00","19.3","","15.7","","80","","0.0","","26","","18","","","","98.87","","","","","","NA"
"-60.41","46.66","INGONISH BEACH RCS","8202502","2022-07-20 01:00","2022","07","20","01:00","20.0","","15.5","","75","","0.0","","26","","16","","","","98.92","","","","","","NA"
"-60.41","46.66","INGONISH BEACH RCS","8202502","2022-07-20 02:00","2022","07","20","02:00","20.5","","15.8","","75","","0.0","","26","","13","","","","99.01","","25","","","","NA"
"-60.41","46.66","INGONISH BEACH RCS","8202502","2022-07-20 03:00","2022","07","20","03:00","19.6","","15.5","","78","","0.0","","26","","13","","","","99.07","","","","","","NA"
"-60.41","46.66","INGONISH BEACH RCS","8202502","2022-07-20 04:00","2022","07","20","04:00","19.2","","15.1","","77","","0.0","","27","","8","","","","99.18","","","","","","NA"
"-60.41","46.66","INGONISH BEACH RCS","8202502","2022-07-20 05:00","2022","07","20","05:00","19.4","","15.2","","76","","0.0","","27","","8","","","","99.19","","","","","","NA"
"-60.41","46.66","INGONISH BEACH RCS","8202502","2022-07-20 06:00","2022","07","20","06:00","18.9","","16.3","","85","","0.0","","24","","7","","","","99.20","","","","","","NA"
"-60.41","46.66","INGONISH BEACH RCS","8202502","2022-07-20 07:00","2022","07","20","07:00","19.4","","16.1","","81","","0.0","","25","","7","","","","99.20","","","","","","NA"
"-60.41","46.66","INGONISH BEACH RCS","8202502","2022-07-20 08:00","2022","07","20","08:00","19.2","","15.5","","79","","0.0","","25","","11","","","","99.23","","","","","","NA"
"-60.41","46.66","INGONISH BEACH RCS","8202502","2022-07-20 09:00","2022","07","20","09:00","19.1","","14.5","","75","","0.0","","26","","17","","","","99.19","","","","","","NA"
"-60.41","46.66","INGONISH BEACH RCS","8202502","2022-07-20 10:00","2022","07","20","10:00","18.2","","13.8","","75","","0.0","","26","","17","","","","99.30","","","","","","NA"
"-60.41","46.66","INGONISH BEACH RCS","8202502","2022-07-20 11:00","2022","07","20","11:00","19.5","","14.2","","72","","0.0","","26","","16","","","","99.35","","","","","","NA"
"-60.41","46.66","INGONISH BEACH RCS","8202502","2022-07-20 12:00","2022","07","20","12:00","18.9","","14.2","","74","","0.0","","25","","12","","","","99.37","","","","","","NA"
"-60.41","46.66","INGONISH BEACH RCS","8202502","2022-07-20 13:00","2022","07","20","13:00","19.1","","15.7","","81","","0.0","","26","","13","","","","99.40","","","","","","NA"
"-60.41","46.66","INGONISH BEACH RCS","8202502","2022-07-20 14:00","2022","07","20","14:00","18.6","","14.5","","77","","0.0","","27","","10","","","","99.48","","","","","","NA"
"-60.41","46.66","INGONISH BEACH RCS","8202502","2022-07-20 15:00","2022","07","20","15:00","19.9","","14.4","","71","","0.0","","27","","10","","","","99.47","","","","","","NA"
"-60.41","46.66","INGONISH BEACH RCS","8202502","2022-07-20 16:00","2022","07","20","16:00","21.0","","14.8","","68","","0.0","","28","","10","","","","99.55","","25","","","","NA"
"-60.41","46.66","INGONISH BEACH RCS","8202502","2022-07-20 17:00","2022","07","20","17:00","19.9","","14.1","","70","","0.0","","27","","14","","","","99.62","","","","","","NA"
"-60.41","46.66","INGONISH BEACH RCS","8202502","2022-07-20 18:00","2022","07","20","18:00","20.6","","13.9","","65","","0.0","","27","","10","","","","99.64","","","","","","NA"
"-60.41","46.66","INGONISH BEACH RCS","8202502","2022-07-20 19:00","2022","07","20","19:00","20.1","","13.6","","66","","0.0","","27","","10","","","","99.77","","","","","","NA"
"-60.41","46.66","INGONISH BEACH RCS","8202502","2022-07-20 20:00","2022","07","20","20:00","19.3","","13.2","","68","","0.0","","27","","9","","","","99.82","","","","","","NA"
"-60.41","46.66","INGONISH BEACH RCS","8202502","2022-07-20 21:00","2022","07","20","21:00","19.0","","13.0","","68","","0.0","","26","","8","","","","99.92","","","","","","NA"
"-60.41","46.66","INGONISH BEACH RCS","8202502","2022-07-20 22:00","2022","07","20","22:00","18.7","","13.0","","69","","0.0","","26","","7","","","","99.99","","","","","","NA"
"-60.41","46.66","INGONISH BEACH RCS","8202502","2022-07-20 23:00","2022","07","20","23:00","17.1","","12.9","","76","","0.0","","25","","6","","","","100.04","","","","","","NA"
"-60.41","46.66","INGONISH BEACH RCS","8202502","2022-07-21 00:00","2022","07","21","00:00","18.6","","12.7","","69","","0.0","","26","","9","","","","100.09","","","","","","NA"
"-60.41","46.66","INGONISH BEACH RCS","8202502","2022-07-21 01:00","2022","07","21","01:00","19.2","","12.5","","65","","0.0","","27","","7","","","","100.10","","","","","","NA"
"-60.41","46.66","INGONISH BEACH RCS","8202502","2022-07-21 02:00","2022","07","21","02:00","18.7","","12.6","","67","","0.0","","22","","5","","","","100.16","","","","","","NA"
"-60.41","46.66","INGONISH BEACH RCS","8202502","2022-07-21 03:00","2022","07","21","03:00","18.8","","12.4","","66","","0.0","","24","","5","","","","100.22","","","","","","NA"
"-60.41","46.66","INGONISH BEACH RCS","8202502","2022-07-21 04:00","2022","07","21","04:00","18.7","","12.2","","66","","0.0","","26","","7","","","","100.28","","","","","","NA"
"-60.41","46.66","INGONISH BEACH RCS","8202502","2022-07-21 05:00","2022","07","21","05:00","19.4","","12.3","","64","","0.0","","27","","7","","","","100.35","","","","","","NA"
"-60.41","46.66","INGONISH BEACH RCS","8202502","2022-07-21 06:00","2022","07","21","06:00","20.9","","13.0","","61","","0.0","","24","","5","","","","100.43","","","","","","NA"
"-60.41","46.66","INGONISH BEACH RCS","8202502","2022-07-21 07:00","2022","07","21","07:00","21.7","","13.7","","60","","0.0","","19","","5","","","","100.53","","25","","","","NA"
"-60.41","46.66","INGONISH BEACH RCS","8202502","2022-07-21 08:00","2022","07","21","08:00","23.8","","13.6","","53","","0.0","","11","","4","","","","100.58","","27","","","","NA"
"-60.41","46.66","INGONISH BEACH RCS","8202502","2022-07-21 09:00","2022","07","21","09:00","24.9","","12.1","","45","","0.0","","27","","11","","","","100.62","","27","","","","NA"
"-60.41","46.66","INGONISH BEACH RCS","8202502","2022-07-21 10:00","2022","07","21","10:00","26.8","","13.2","","43","","0.0","","27","","6","","","","100.63","","30","","","","NA"
"-60.41","46.66","INGONISH BEACH RCS","8202502","2022-07-21 11:00","2022","07","21","11:00","27.5","","13.5","","42","","0.0","","26","","7","","","","100.68","","31","","","","NA"
"-60.41","46.66","INGONISH BEACH RCS","8202502","2022-07-21 12:00","2022","07","21","12:00","27.8","","13.5","","41","","0.0","","23","","9","","","","100.72","","31","","","","NA"
"-60.41","46.66","INGONISH BEACH RCS","8202502","2022-07-21 13:00","2022","07","21","13:00","23.4","","15.3","","60","","0.0","","7","","7","","","","100.78","","28","","","","NA"
"-60.41","46.66","INGONISH BEACH RCS","8202502","2022-07-21 14:00","2022","07","21","14:00","23.1","","14.6","","59","","0.0","","3","","6","","","","100.80","","27","","","","NA"
"-60.41","46.66","INGONISH BEACH RCS","8202502","2022-07-21 15:00","2022","07","21","15:00","22.4","","15.4","","65","","0.0","","5","","4","","","","100.83","","27","","","","NA"
"-60.41","46.66","INGONISH BEACH RCS","8202502","2022-07-21 16:00","2022","07","21","16:00","22.2","","13.8","","59","","0.0","","3","","3","","","","100.85","","25","","","","NA"
"-60.41","46.66","INGONISH BEACH RCS","8202502","2022-07-21 17:00","2022","07","21","17:00","22.2","","14.0","","60","","0.0","","2","","4","","","","100.86","","26","","","","NA"
"-60.41","46.66","INGONISH BEACH RCS","8202502","2022-07-21 18:00","2022","07","21","18:00","21.7","","12.9","","58","","0.0","","7","","3","","","","100.88","","","","","","NA"
"-60.41","46.66","INGONISH BEACH RCS","8202502","2022-07-21 19:00","2022","07","21","19:00","19.7","","13.9","","69","","0.0","","35","","2","","","","100.90","","","","","","NA"
"-60.41","46.66","INGONISH BEACH RCS","8202502","2022-07-21 20:00","2022","07","21","20:00","17.1","","13.4","","79","","0.0","","25","","3","","","","100.93","","","","","","NA"
"-60.41","46.66","INGONISH BEACH RCS","8202502","2022-07-21 21:00","2022","07","21","21:00","16.2","","13.0","","81","","0.0","","32","","1","","","","100.92","","","","","","NA"
"-60.41","46.66","INGONISH BEACH RCS","8202502","2022-07-21 22:00","2022","07","21","22:00","15.8","","13.0","","84","","0.0","","24","","4","","","","100.88","","","","","","NA"
"-60.41","46.66","INGONISH BEACH RCS","8202502","2022-07-21 23:00","2022","07","21","23:00","15.3","","12.8","","85","","0.0","","28","","2","","","","100.82","","","","","","NA"
"-60.41","46.66","INGONISH BEACH RCS","8202502","2022-07-22 00:00","2022","07","22","00:00","15.0","","12.8","","87","","0.0","","30","","1","","","","100.82","","","","","","NA"
"-60.41","46.66","INGONISH BEACH RCS","8202502","2022-07-22 01:00","2022","07","22","01:00","14.6","","13.1","","91","","0.0","","","","0","","","","100.76","","","","","","NA"
"-60.41","46.66","INGONISH BEACH RCS","8202502","2022-07-22 02:00","2022","07","22","02:00","14.4","","13.2","","93","","0.0","","14","","2","","","","100.71","","","","","","NA"
"-60.41","46.66","INGONISH BEACH RCS","8202502","2022-07-22 03:00","2022","07","22","03:00","14.1","","13.2","","94","","0.0","","28","","2","","","","100.71","","","","","","NA"
"-60.41","46.66","INGONISH BEACH RCS","8202502","2022-07-22 04:00","2022","07","22","04:00","17.0","","16.8","","99","","0.0","","21","","6","","","","100.71","","","","","","NA"
"-60.41","46.66","INGONISH BEACH RCS","8202502","2022-07-22 05:00","2022","07","22","05:00","20.3","","18.5","","89","","0.0","","21","","3","","","","100.69","","27","","","","NA"
"-60.41","46.66","INGONISH BEACH RCS","8202502","2022-07-22 06:00","2022","07","22","06:00","22.1","","19.2","","84","","0.0","","22","","4","","","","100.71","","29","","","","NA"
"-60.41","46.66","INGONISH BEACH RCS","8202502","2022-07-22 07:00","2022","07","22","07:00","23.6","","19.7","","79","","0.0","","23","","13","","","","100.73","","31","","","","NA"
"-60.41","46.66","INGONISH BEACH RCS","8202502","2022-07-22 08:00","2022","07","22","08:00","25.0","","20.2","","75","","0.0","","23","","14","","","","100.74","","33","","","","NA"
"-60.41","46.66","INGONISH BEACH RCS","8202502","2022-07-22 09:00","2022","07","22","09:00","27.3","","21.2","","69","","0.0","","24","","14","","","","100.73","","36","","","","NA"
"-60.41","46.66","INGONISH BEACH RCS","8202502","2022-07-22 10:00","2022","07","22","10:00","27.8","","21.7","","69","","0.0","","22","","18","","","","100.72","","37","","","","NA"
"-60.41","46.66","INGONISH BEACH RCS","8202502","2022-07-22 11:00","2022","07","22","11:00","28.0","","21.5","","68","","0.0","","23","","15","","","","100.70","","37","","","","NA"
"-60.41","46.66","INGONISH BEACH RCS","8202502","2022-07-22 12:00","2022","07","22","12:00","29.4","","21.8","","64","","0.0","","21","","15","","","","100.67","","39","","","","NA"
"-60.41","46.66","INGONISH BEACH RCS","8202502","2022-07-22 13:00","2022","07","22","13:00","30.4","","21.6","","60","","0.0","","22","","12","","","","100.63","","39","","","","NA"
"-60.41","46.66","INGONISH BEACH RCS","8202502","2022-07-22 14:00","2022","07","22","14:00","28.8","","21.9","","66","","0.0","","17","","10","","","","100.63","","38","","","","NA"
"-60.41","46.66","INGONISH BEACH RCS","8202502","2022-07-22 15:00","2022","07","22","15:00","28.4","","22.0","","68","","0.0","","18","","13","","","","100.60","","38","","","","NA"
"-60.41","46.66","INGONISH BEACH RCS","8202502","2022-07-22 16:00","2022","07","22","16:00","26.8","","22.2","","76","","0.0","","18","","10","","","","100.60","","36","","","","NA"
"-60.41","46.66","INGONISH BEACH RCS","8202502","2022-07-22 17:00","2022","07","22","17:00","27.4","","22.5","","75","","0.0","","17","","9","","","","100.58","","37","","","","NA"
"-60.41","46.66","INGONISH BEACH RCS","8202502","2022-07-22 18:00","2022","07","22","18:00","27.6","","22.2","","73","","0.0","","18","","4","","","","100.57","","37","","","","NA"
"-60.41","46.66","INGONISH BEACH RCS","8202502","2022-07-22 19:00","2022","07","22","19:00","26.8","","22.0","","75","","0.0","","24","","7","","","","100.62","","36","","","","NA"
"-60.41","46.66","INGONISH BEACH RCS","8202502","2022-07-22 20:00","2022","07","22","20:00","23.0","","20.5","","86","","0.0","","1","","1","","","","100.68","","31","","","","NA"
"-60.41","46.66","INGONISH BEACH RCS","8202502","2022-07-22 21:00","2022","07","22","21:00","21.5","","20.4","","93","","0.0","","24","","3","","","","100.74","","29","","","","NA"
"-60.41","46.66","INGONISH BEACH RCS","8202502","2022-07-22 22:00","2022","07","22","22:00","20.8","","20.1","","95","","0.0","","24","","3","","","","100.76","","28","","","","NA"
"-60.41","46.66","INGONISH BEACH RCS","8202502","2022-07-22 23:00","2022","07","22","23:00","20.4","","19.8","","97","","0.0","","2","","1","","","","100.78","","28","","","","NA"
"-60.41","46.66","INGONISH BEACH RCS","8202502","2022-07-23 00:00","2022","07","23","00:00","22.1","","20.4","","90","","0.0","","29","","5","","","","100.80","","30","","","","NA"
"-60.41","46.66","INGONISH BEACH RCS","8202502","2022-07-23 01:00","2022","07","23","01:00","22.6","","20.5","","88","","0.0","","25","","10","","","","100.84","","31","","","","NA"
"-60.41","46.66","INGONISH BEACH RCS","8202502","2022-07-23 02:00","2022","07","23","02:00","22.6","","20.1","","86","","0.0","","26","","9","","","","100.85","","30","","","","NA"
"-60.41","46.66","INGONISH BEACH RCS","8202502","2022-07-23 03:00","2022","07","23","03:00","23.0","","19.1","","79","","0.0","","25","","13","","","","100.84","","30","","","","NA"
"-60.41","46.66","INGONISH BEACH RCS","8202502","2022-07-23 04:00","2022","07","23","04:00","22.2","","18.5","","80","","0.0","","26","","9","","","","100.88","","29","","","","NA"
"-60.41","46.66","INGONISH BEACH RCS","8202502","2022-07-23 05:00","2022","07","23","05:00","22.0","","18.3","","80","","0.0","","26","","10","","","","100.93","","28","","","","NA"
"-60.41","46.66","INGONISH BEACH RCS","8202502","2022-07-23 06:00","2022","07","23","06:00","23.6","","19.0","","75","","0.0","","29","","5","","","","100.97","","30","","","","NA"
"-60.41","46.66","INGONISH BEACH RCS","8202502","2022-07-23 07:00","2022","07","23","07:00","26.0","","19.5","","67","","0.0","","25","","6","","","","100.99","","33","","","","NA"
"-60.41","46.66","INGONISH BEACH RCS","8202502","2022-07-23 08:00","2022","07","23","08:00","28.0","","19.0","","58","","0.0","","24","","9","","","","101.05","","35","","","","NA"
"-60.41","46.66","INGONISH BEACH RCS","8202502","2022-07-23 09:00","2022","07","23","09:00","29.3","","18.7","","53","","0.0","","23","","7","","","","101.07","","36","","","","NA"
"-60.41","46.66","INGONISH BEACH RCS","8202502","2022-07-23 10:00","2022","07","23","10:00","29.5","","16.8","","46","","0.0","","29","","5","","","","101.10","","35","","","","NA"
"-60.41","46.66","INGONISH BEACH RCS","8202502","2022-07-23 11:00","2022","07","23","11:00","31.2","","16.7","","42","","0.0","","27","","6","","","","101.10","","36","","","","NA"
"-60.41","46.66","INGONISH BEACH RCS","8202502","2022-07-23 12:00","2022","07","23","12:00","24.3","","19.2","","73","","0.0","","4","","8","","","","101.10","","31","","","","NA"
"-60.41","46.66","INGONISH BEACH RCS","8202502","2022-07-23 13:00","2022","07","23","13:00","22.9","","19.3","","80","","0.0","","4","","7","","","","101.14","","30","","","","NA"
"-60.41","46.66","INGONISH BEACH RCS","8202502","2022-07-23 14:00","2022","07","23","14:00","22.2","","19.0","","82","","0.0","","7","","4","","","","101.14","","29","","","","NA"
"-60.41","46.66","INGONISH BEACH RCS","8202502","2022-07-23 15:00","2022","07","23","15:00","21.9","","18.8","","83","","0.0","","8","","5","","","","101.12","","29","","","","NA"
"-60.41","46.66","INGONISH BEACH RCS","8202502","2022-07-23 16:00","2022","07","23","16:00","21.6","","18.7","","83","","0.0","","8","","7","","","","101.16","","28","","","","NA"
"-60.41","46.66","INGONISH BEACH RCS","8202502","2022-07-23 17:00","2022","07","23","17:00","21.5","","18.7","","84","","0.0","","9","","5","","","","101.13","","28","","","","NA"
"-60.41","46.66","INGONISH BEACH RCS","8202502","2022-07-23 18:00","2022","07","23","18:00","21.2","","18.5","","85","","0.0","","8","","3","","","","101.14","","28","","","","NA"
"-60.41","46.66","INGONISH BEACH RCS","8202502","2022-07-23 19:00","2022","07","23","19:00","20.0","","18.4","","91","","0.0","","6","","1","","","","101.16","","26","","","","NA"
"-60.41","46.66","INGONISH BEACH RCS","8202502","2022-07-23 20:00","2022","07","23","20:00","18.6","","17.3","","92","","0.0","","0","","1","","","","101.18","","","","","","NA"
"-60.41","46.66","INGONISH BEACH RCS","8202502","2022-07-23 21:00","2022","07","23","21:00","17.4","","16.8","","96","","0.0","","24","","2","","","","101.20","","","","","","NA"
"-60.41","46.66","INGONISH BEACH RCS","8202502","2022-07-23 22:00","2022","07","23","22:00","16.4","","15.6","","95","","0.0","","24","","2","","","","101.21","","","","","","NA"
"-60.41","46.66","INGONISH BEACH RCS","8202502","2022-07-23 23:00","2022","07","23","23:00","16.4","","15.8","","96","","0.0","","25","","1","","","","101.22","","","","","","NA"
"-60.41","46.66","INGONISH BEACH RCS","8202502","2022-07-24 00:00","2022","07","24","00:00","16.7","","15.9","","95","","0.0","","34","","2","","","","101.17","","","","","","NA"
"-60.41","46.66","INGONISH BEACH RCS","8202502","2022-07-24 01:00","2022","07","24","01:00","20.9","","16.9","","78","","0.0","","25","","11","","","","101.14","","26","","","","NA"
"-60.41","46.66","INGONISH BEACH RCS","8202502","2022-07-24 02:00","2022","07","24","02:00","22.4","","16.6","","70","","0.0","","25","","13","","","","101.12","","27","","","","NA"
"-60.41","46.66","INGONISH BEACH RCS","8202502","2022-07-24 03:00","2022","07","24","03:00","22.5","","15.9","","66","","0.0","","25","","12","","","","101.14","","27","","","","NA"
"-60.41","46.66","INGONISH BEACH RCS","8202502","2022-07-24 04:00","2022","07","24","04:00","22.5","","15.6","","65","","0.0","","25","","13","","","","101.15","","27","","","","NA"
"-60.41","46.66","INGONISH BEACH RCS","8202502","2022-07-24 05:00","2022","07","24","05:00","22.6","","15.6","","65","","0.0","","25","","15","","","","101.18","","27","","","","NA"
"-60.41","46.66","INGONISH BEACH RCS","8202502","2022-07-24 06:00","2022","07","24","06:00","23.5","","16.4","","64","","0.0","","24","","15","","","","101.19","","28","","","","NA"
"-60.41","46.66","INGONISH BEACH RCS","8202502","2022-07-24 07:00","2022","07","24","07:00","25.8","","17.1","","59","","0.0","","25","","14","","","","101.20","","31","","","","NA"
"-60.41","46.66","INGONISH BEACH RCS","8202502","2022-07-24 08:00","2022","07","24","08:00","25.9","","17.9","","61","","0.0","","24","","14","","","","101.22","","32","","","","NA"
"-60.41","46.66","INGONISH BEACH RCS","8202502","2022-07-24 09:00","2022","07","24","09:00","29.0","","18.9","","54","","0.0","","23","","8","","","","101.18","","36","","","","NA"
"-60.41","46.66","INGONISH BEACH RCS","8202502","2022-07-24 10:00","2022","07","24","10:00","31.6","","16.5","","40","","0.0","","24","","10","","","","101.20","","37","","","","NA"
"-60.41","46.66","INGONISH BEACH RCS","8202502","2022-07-24 11:00","2022","07","24","11:00","32.6","","15.7","","36","","0.0","","27","","10","","","","101.16","","37","","","","NA"
"-60.41","46.66","INGONISH BEACH RCS","8202502","2022-07-24 12:00","2022","07","24","12:00","32.7","","15.1","","35","","0.0","","24","","12","","","","101.20","","37","","","","NA"
"-60.41","46.66","INGONISH BEACH RCS","8202502","2022-07-24 13:00","2022","07","24","13:00","32.9","","15.0","","34","","0.0","","26","","10","","","","101.19","","37","","","","NA"
"-60.41","46.66","INGONISH BEACH RCS","8202502","2022-07-24 14:00","2022","07","24","14:00","32.5","","16.0","","37","","0.0","","25","","8","","","","101.19","","37","","","","NA"
"-60.41","46.66","INGONISH BEACH RCS","8202502","2022-07-24 15:00","2022","07","24","15:00","32.5","","15.8","","37","","0.0","","26","","9","","","","101.18","","37","","","","NA"
"-60.41","46.66","INGONISH BEACH RCS","8202502","2022-07-24 16:00","2022","07","24","16:00","32.5","","16.7","","39","","0.0","","25","","9","","","","101.14","","38","","","","NA"
"-60.41","46.66","INGONISH BEACH RCS","8202502","2022-07-24 17:00","2022","07","24","17:00","31.7","","17.1","","42","","0.0","","26","","8","","","","101.12","","37","","","","NA"
"-60.41","46.66","INGONISH BEACH RCS","8202502","2022-07-24 18:00","2022","07","24","18:00","24.8","","16.9","","62","","0.0","","8","","6","","","","101.12","","30","","","","NA"
"-60.41","46.66","INGONISH BEACH RCS","8202502","2022-07-24 19:00","2022","07","24","19:00","21.7","","18.4","","81","","0.0","","0","","1","","","","101.12","","28","","","","NA"
"-60.41","46.66","INGONISH BEACH RCS","8202502","2022-07-24 20:00","2022","07","24","20:00","21.2","","18.2","","83","","0.0","","1","","3","","","","101.13","","27","","","","NA"
"-60.41","46.66","INGONISH BEACH RCS","8202502","2022-07-24 21:00","2022","07","24","21:00","20.9","","18.5","","86","","0.0","","18","","2","","","","101.16","","27","","","","NA"
"-60.41","46.66","INGONISH BEACH RCS","8202502","2022-07-24 22:00","2022","07","24","22:00","20.8","","18.5","","87","","0.0","","25","","2","","","","101.15","","27","","","","NA"
"-60.41","46.66","INGONISH BEACH RCS","8202502","2022-07-24 23:00","2022","07","24","23:00","20.8","","18.7","","88","","0.0","","22","","3","","","","101.11","","27","","","","NA"
"-60.41","46.66","INGONISH BEACH RCS","8202502","2022-07-25 00:00","2022","07","25","00:00","22.5","","17.9","","75","","0.0","","22","","6","","","","101.07","","28","","","","NA"
"-60.41","46.66","INGONISH BEACH RCS","8202502","2022-07-25 01:00","2022","07","25","01:00","22.4","","17.6","","74","","0.0","","2","","2","","","","101.02","","28","","","","NA"
"-60.41","46.66","INGONISH BEACH RCS","8202502","2022-07-25 02:00","2022","07","25","02:00","20.1","","17.5","","85","","0.0","","0","","1","","","","100.96","","26","","","","NA"
"-60.41","46.66","INGONISH BEACH RCS","8202502","2022-07-25 03:00","2022","07","25","03:00","19.8","","17.4","","86","","0.0","","5","","2","","","","100.92","","","","","","NA"
"-60.41","46.66","INGONISH BEACH RCS","8202502","2022-07-25 04:00","2022","07","25","04:00","24.6","","16.4","","60","","0.0","","25","","13","","","","100.87","","29","","","","NA"
"-60.41","46.66","INGONISH BEACH RCS","8202502","2022-07-25 05:00","2022","07","25","05:00","24.1","","16.1","","61","","0.0","","24","","15","","","","100.85","","29","","","","NA"
"-60.41","46.66","INGONISH BEACH RCS","8202502","2022-07-25 06:00","2022","07","25","06:00","25.2","","16.1","","57","","0.0","","24","","14","","","","100.79","","30","","","","NA"
"-60.41","46.66","INGONISH BEACH RCS","8202502","2022-07-25 07:00","2022","07","25","07:00","26.8","","17.8","","58","","0.0","","23","","10","","","","100.75","","33","","","","NA"
"-60.41","46.66","INGONISH BEACH RCS","8202502","2022-07-25 08:00","2022","07","25","08:00","26.7","","17.8","","58","","0.0","","24","","12","","","","100.73","","33","","","","NA"
"-60.41","46.66","INGONISH BEACH RCS","8202502","2022-07-25 09:00","2022","07","25","09:00","27.0","","18.5","","60","","0.0","","24","","8","","","","100.70","","33","","","","NA"
"-60.41","46.66","INGONISH BEACH RCS","8202502","2022-07-25 10:00","2022","07","25","10:00","28.9","","20.0","","59","","0.0","","20","","3","","","","100.70","","36","","","","NA"
"-60.41","46.66","INGONISH BEACH RCS","8202502","2022-07-25 11:00","2022","07","25","11:00","31.9","","20.8","","52","","0.0","","22","","11","","","","100.67","","40","","","","NA"
"-60.41","46.66","INGONISH BEACH RCS","8202502","2022-07-25 12:00","2022","07","25","12:00","31.1","","20.5","","53","","0.0","","22","","11","","","","100.64","","39","","","","NA"
"-60.41","46.66","INGONISH BEACH RCS","8202502","2022-07-25 13:00","2022","07","25","13:00","32.1","","20.4","","50","","0.0","","23","","9","","","","100.61","","40","","","","NA"
"-60.41","46.66","INGONISH BEACH RCS","8202502","2022-07-25 14:00","2022","07","25","14:00","33.4","","19.5","","44","","0.0","","22","","13","","","","100.57","","41","","","","NA"
"-60.41","46.66","INGONISH BEACH RCS","8202502","2022-07-25 15:00","2022","07","25","15:00","35.2","","18.9","","38","","0.0","","24","","10","","","","100.57","","42","","","","NA"
"-60.41","46.66","INGONISH BEACH RCS","8202502","2022-07-25 16:00","2022","07","25","16:00","33.6","","18.0","","40","","0.0","","26","","14","","","","100.62","","40","","","","NA"
"-60.41","46.66","INGONISH BEACH RCS","8202502","2022-07-25 17:00","2022","07","25","17:00","33.3","","19.4","","44","","0.0","","25","","10","","","","100.61","","40","","","","NA"
"-60.41","46.66","INGONISH BEACH RCS","8202502","2022-07-25 18:00","2022","07","25","18:00","31.7","","19.2","","48","","0.0","","24","","15","","","","100.61","","39","","","","NA"
"-60.41","46.66","INGONISH BEACH RCS","8202502","2022-07-25 19:00","2022","07","25","19:00","29.9","","19.2","","53","","0.0","","22","","7","","","","100.66","","37","","","","NA"
"-60.41","46.66","INGONISH BEACH RCS","8202502","2022-07-25 20:00","2022","07","25","20:00","27.7","","19.7","","62","","0.0","","23","","6","","","","100.65","","35","","","","NA"
"-60.41","46.66","INGONISH BEACH RCS","8202502","2022-07-25 21:00","2022","07","25","21:00","27.1","","20.2","","66","","0.0","","23","","9","","","","100.69","","35","","","","NA"
"-60.41","46.66","INGONISH BEACH RCS","8202502","2022-07-25 22:00","2022","07","25","22:00","22.5","","20.0","","86","","0.4","","26","","15","","","","100.71","","30","","","","NA"
"-60.41","46.66","INGONISH BEACH RCS","8202502","2022-07-25 23:00","2022","07","25","23:00","21.5","","20.3","","93","","0.0","","26","","5","","","","100.71","","29","","","","NA"
"-60.41","46.66","INGONISH BEACH RCS","8202502","2022-07-26 00:00","2022","07","26","00:00","22.7","","20.3","","87","","0.0","","25","","9","","","","100.69","","31","","","","NA"
"-60.41","46.66","INGONISH BEACH RCS","8202502","2022-07-26 01:00","2022","07","26","01:00","22.6","","19.5","","83","","0.0","","25","","12","","","","100.66","","30","","","","NA"
"-60.41","46.66","INGONISH BEACH RCS","8202502","2022-07-26 02:00","2022","07","26","02:00","23.0","","19.7","","82","","0.0","","25","","10","","","","100.66","","30","","","","NA"
"-60.41","46.66","INGONISH BEACH RCS","8202502","2022-07-26 03:00","2022","07","26","03:00","23.0","","19.9","","83","","0.0","","25","","6","","","","100.52","","30","","","","NA"
"-60.41","46.66","INGONISH BEACH RCS","8202502","2022-07-26 04:00","2022","07","26","04:00","23.0","","20.1","","84","","0.0","","24","","8","","","","100.63","","31","","","","NA"
"-60.41","46.66","INGONISH BEACH RCS","8202502","2022-07-26 05:00","2022","07","26","05:00","22.9","","20.2","","85","","0.0","","23","","5","","","","100.62","","31","","","","NA"
"-60.41","46.66","INGONISH BEACH RCS","8202502","2022-07-26 06:00","2022","07","26","06:00","23.1","","20.5","","85","","0.0","","19","","3","","","","100.71","","31","","","","NA"
"-60.41","46.66","INGONISH BEACH RCS","8202502","2022-07-26 07:00","2022","07","26","07:00","24.0","","20.5","","81","","0.0","","25","","2","","","","100.72","","32","","","","NA"
"-60.41","46.66","INGONISH BEACH RCS","8202502","2022-07-26 08:00","2022","07","26","08:00","23.0","","20.3","","85","","0.0","","28","","6","","","","100.75","","31","","","","NA"
"-60.41","46.66","INGONISH BEACH RCS","8202502","2022-07-26 09:00","2022","07","26","09:00","24.2","","19.7","","76","","0.0","","25","","9","","","","100.74","","32","","","","NA"
"-60.41","46.66","INGONISH BEACH RCS","8202502","2022-07-26 10:00","2022","07","26","10:00","25.3","","19.3","","69","","0.0","","25","","10","","","","100.75","","32","","","","NA"
"-60.41","46.66","INGONISH BEACH RCS","8202502","2022-07-26 11:00","2022","07","26","11:00","25.5","","17.9","","63","","0.0","","26","","11","","","","100.76","","31","","","","NA"
"-60.41","46.66","INGONISH BEACH RCS","8202502","2022-07-26 12:00","2022","07","26","12:00","26.7","","16.9","","55","","0.0","","25","","10","","","","100.77","","32","","","","NA"
"-60.41","46.66","INGONISH BEACH RCS","8202502","2022-07-26 13:00","2022","07","26","13:00","","M","","M","","M","","M","","","0","","","","","M","","","","","NA"
"-60.41","46.66","INGONISH BEACH RCS","8202502","2022-07-26 14:00","2022","07","26","14:00","27.4","","16.1","","50","","0.0","","26","","9","","","","100.79","","32","","","","NA"
"-60.41","46.66","INGONISH BEACH RCS","8202502","2022-07-26 15:00","2022","07","26","15:00","27.7","","14.6","","45","","0.0","","26","","10","","","","100.80","","31","","","","NA"
"-60.41","46.66","INGONISH BEACH RCS","8202502","2022-07-26 16:00","2022","07","26","16:00","27.1","","12.5","","40","","0.0","","26","","12","","","","100.84","","30","","","","NA"
"-60.41","46.66","INGONISH BEACH RCS","8202502","2022-07-26 17:00","2022","07","26","17:00","26.5","","13.8","","46","","0.0","","26","","9","","","","100.87","","30","","","","NA"
"-60.41","46.66","INGONISH BEACH RCS","8202502","2022-07-26 18:00","2022","07","26","18:00","25.4","","14.2","","50","","0.0","","26","","8","","","","100.89","","29","","","","NA"
"-60.41","46.66","INGONISH BEACH RCS","8202502","2022-07-26 19:00","2022","07","26","19:00","20.0","","16.9","","82","","0.0","","3","","3","","","","100.94","","25","","","","NA"
"-60.41","46.66","INGONISH BEACH RCS","8202502","2022-07-26 20:00","2022","07","26","20:00","18.7","","16.7","","88","","0.0","","35","","4","","","","100.97","","","","","","NA"
"-60.41","46.66","INGONISH BEACH RCS","8202502","2022-07-26 21:00","2022","07","26","21:00","17.2","","15.7","","91","","0.0","","25","","3","","","","101.01","","","","","","NA"
"-60.41","46.66","INGONISH BEACH RCS","8202502","2022-07-26 22:00","2022","07","26","22:00","16.4","","15.3","","93","","0.0","","28","","2","","","","101.00","","","","","","NA"
"-60.41","46.66","INGONISH BEACH RCS","8202502","2022-07-26 23:00","2022","07","26","23:00","15.7","","14.5","","92","","0.0","","35","","1","","","","100.95","","","","","","NA"
"-60.41","46.66","INGONISH BEACH RCS","8202502","2022-07-27 00:00","2022","07","27","00:00","15.6","","14.5","","94","","0.0","","35","","1","","","","100.91","","","","","","NA"
"-60.41","46.66","INGONISH BEACH RCS","8202502","2022-07-27 01:00","2022","07","27","01:00","15.4","","14.8","","96","","0.0","","22","","2","","","","100.89","","","","","","NA"
"-60.41","46.66","INGONISH BEACH RCS","8202502","2022-07-27 02:00","2022","07","27","02:00","14.7","","14.2","","97","","0.0","","25","","2","","","","100.82","","","","","","NA"
"-60.41","46.66","INGONISH BEACH RCS","8202502","2022-07-27 03:00","2022","07","27","03:00","15.0","","14.5","","97","","0.0","","25","","3","","","","100.79","","","","","","NA"
"-60.41","46.66","INGONISH BEACH RCS","8202502","2022-07-27 04:00","2022","07","27","04:00","15.2","","14.6","","96","","0.0","","","","0","","","","100.75","","","","","","NA"
"-60.41","46.66","INGONISH BEACH RCS","8202502","2022-07-27 05:00","2022","07","27","05:00","16.5","","15.2","","92","","0.0","","34","","3","","","","100.74","","","","","","NA"
"-60.41","46.66","INGONISH BEACH RCS","8202502","2022-07-27 06:00","2022","07","27","06:00","18.1","","16.2","","89","","0.0","","2","","3","","","","100.74","","","","","","NA"
"-60.41","46.66","INGONISH BEACH RCS","8202502","2022-07-27 07:00","2022","07","27","07:00","21.7","","16.5","","72","","0.0","","20","","5","","","","100.73","","27","","","","NA"
"-60.41","46.66","INGONISH BEACH RCS","8202502","2022-07-27 08:00","2022","07","27","08:00","24.2","","16.0","","60","","0.0","","33","","4","","","","100.70","","29","","","","NA"
"-60.41","46.66","INGONISH BEACH RCS","8202502","2022-07-27 09:00","2022","07","27","09:00","23.8","","16.7","","65","","0.0","","8","","2","","","","100.67","","29","","","","NA"
"-60.41","46.66","INGONISH BEACH RCS","8202502","2022-07-27 10:00","2022","07","27","10:00","25.8","","14.4","","49","","0.0","","24","","8","","","","100.68","","29","","","","NA"
"-60.41","46.66","INGONISH BEACH RCS","8202502","2022-07-27 11:00","2022","07","27","11:00","26.2","","12.6","","43","","0.0","","24","","12","","","","100.69","","29","","","","NA"
"-60.41","46.66","INGONISH BEACH RCS","8202502","2022-07-27 12:00","2022","07","27","12:00","26.8","","12.9","","42","","0.0","","23","","11","","","","100.66","","30","","","","NA"
"-60.41","46.66","INGONISH BEACH RCS","8202502","2022-07-27 13:00","2022","07","27","13:00","23.1","","18.5","","75","","0.0","","5","","3","","","","100.67","","29","","","","NA"
"-60.41","46.66","INGONISH BEACH RCS","8202502","2022-07-27 14:00","2022","07","27","14:00","21.1","","18.2","","84","","0.0","","9","","7","","","","100.70","","27","","","","NA"
"-60.41","46.66","INGONISH BEACH RCS","8202502","2022-07-27 15:00","2022","07","27","15:00","21.9","","17.0","","74","","0.0","","8","","3","","","","100.73","","27","","","","NA"
"-60.41","46.66","INGONISH BEACH RCS","8202502","2022-07-27 16:00","2022","07","27","16:00","21.5","","16.8","","75","","0.0","","9","","4","","","","100.73","","27","","","","NA"
"-60.41","46.66","INGONISH BEACH RCS","8202502","2022-07-27 17:00","2022","07","27","17:00","21.1","","17.6","","80","","0.0","","8","","6","","","","100.74","","27","","","","NA"
"-60.41","46.66","INGONISH BEACH RCS","8202502","2022-07-27 18:00","2022","07","27","18:00","20.3","","17.6","","84","","0.0","","12","","2","","","","100.78","","26","","","","NA"
"-60.41","46.66","INGONISH BEACH RCS","8202502","2022-07-27 19:00","2022","07","27","19:00","20.0","","17.2","","84","","0.0","","7","","4","","","","100.82","","25","","","","NA"
"-60.41","46.66","INGONISH BEACH RCS","8202502","2022-07-27 20:00","2022","07","27","20:00","19.0","","16.9","","88","","0.0","","35","","2","","","","100.85","","","","","","NA"
"-60.41","46.66","INGONISH BEACH RCS","8202502","2022-07-27 21:00","2022","07","27","21:00","18.4","","16.9","","91","","0.0","","24","","2","","","","100.88","","","","","","NA"
"-60.41","46.66","INGONISH BEACH RCS","8202502","2022-07-27 22:00","2022","07","27","22:00","18.4","","16.8","","90","","0.0","","23","","2","","","","100.86","","","","","","NA"
"-60.41","46.66","INGONISH BEACH RCS","8202502","2022-07-27 23:00","2022","07","27","23:00","18.5","","16.8","","90","","0.0","","35","","1","","","","100.85","","","","","","NA"
"-60.41","46.66","INGONISH BEACH RCS","8202502","2022-07-28 00:00","2022","07","28","00:00","18.1","","16.2","","88","","0.0","","5","","2","","","","100.84","","","","","","NA"
"-60.41","46.66","INGONISH BEACH RCS","8202502","2022-07-28 01:00","2022","07","28","01:00","16.6","","14.1","","85","","0.0","","25","","4","","","","100.82","","","","","","NA"
"-60.41","46.66","INGONISH BEACH RCS","8202502","2022-07-28 02:00","2022","07","28","02:00","16.7","","14.4","","86","","0.0","","19","","5","","","","100.85","","","","","","NA"
"-60.41","46.66","INGONISH BEACH RCS","8202502","2022-07-28 03:00","2022","07","28","03:00","15.0","","13.4","","90","","0.0","","27","","3","","","","100.84","","","","","","NA"
"-60.41","46.66","INGONISH BEACH RCS","8202502","2022-07-28 04:00","2022","07","28","04:00","13.6","","12.6","","93","","0.0","","23","","2","","","","100.86","","","","","","NA"
"-60.41","46.66","INGONISH BEACH RCS","8202502","2022-07-28 05:00","2022","07","28","05:00","13.7","","12.4","","92","","0.0","","0","","1","","","","100.91","","","","","","NA"
"-60.41","46.66","INGONISH BEACH RCS","8202502","2022-07-28 06:00","2022","07","28","06:00","16.0","","14.2","","89","","0.0","","26","","2","","","","100.94","","","","","","NA"
"-60.41","46.66","INGONISH BEACH RCS","8202502","2022-07-28 07:00","2022","07","28","07:00","19.4","","14.4","","73","","0.0","","4","","2","","","","100.97","","","","","","NA"
"-60.41","46.66","INGONISH BEACH RCS","8202502","2022-07-28 08:00","2022","07","28","08:00","20.5","","13.2","","63","","0.0","","8","","4","","","","101.01","","","","","","NA"
"-60.41","46.66","INGONISH BEACH RCS","8202502","2022-07-28 09:00","2022","07","28","09:00","20.0","","14.6","","71","","0.0","","8","","6","","","","101.05","","","","","","NA"
"-60.41","46.66","INGONISH BEACH RCS","8202502","2022-07-28 10:00","2022","07","28","10:00","20.4","","15.8","","75","","0.0","","9","","4","","","","101.07","","25","","","","NA"
"-60.41","46.66","INGONISH BEACH RCS","8202502","2022-07-28 11:00","2022","07","28","11:00","19.9","","16.1","","78","","0.0","","8","","7","","","","101.07","","","","","","NA"
"-60.41","46.66","INGONISH BEACH RCS","8202502","2022-07-28 12:00","2022","07","28","12:00","20.9","","16.3","","75","","0.0","","9","","9","","","","101.09","","26","","","","NA"
"-60.41","46.66","INGONISH BEACH RCS","8202502","2022-07-28 13:00","2022","07","28","13:00","20.8","","16.3","","75","","0.0","","9","","10","","","","101.08","","26","","","","NA"
"-60.41","46.66","INGONISH BEACH RCS","8202502","2022-07-28 14:00","2022","07","28","14:00","21.5","","16.5","","73","","0.0","","9","","8","","","","101.11","","26","","","","NA"
"-60.41","46.66","INGONISH BEACH RCS","8202502","2022-07-28 15:00","2022","07","28","15:00","21.2","","16.3","","73","","0.0","","10","","7","","","","101.13","","26","","","","NA"
"-60.41","46.66","INGONISH BEACH RCS","8202502","2022-07-28 16:00","2022","07","28","16:00","21.2","","14.9","","67","","0.0","","9","","6","","","","101.14","","25","","","","NA"
"-60.41","46.66","INGONISH BEACH RCS","8202502","2022-07-28 17:00","2022","07","28","17:00","20.8","","15.3","","71","","0.0","","8","","7","","","","101.16","","25","","","","NA"
"-60.41","46.66","INGONISH BEACH RCS","8202502","2022-07-28 18:00","2022","07","28","18:00","20.2","","14.7","","71","","0.0","","8","","3","","","","101.17","","","","","","NA"
"-60.41","46.66","INGONISH BEACH RCS","8202502","2022-07-28 19:00","2022","07","28","19:00","18.7","","14.9","","79","","0.0","","0","","1","","","","101.20","","","","","","NA"
"-60.41","46.66","INGONISH BEACH RCS","8202502","2022-07-28 20:00","2022","07","28","20:00","18.2","","14.9","","81","","0.0","","29","","1","","","","101.26","","","","","","NA"
"-60.41","46.66","INGONISH BEACH RCS","8202502","2022-07-28 21:00","2022","07","28","21:00","17.6","","14.9","","84","","0.0","","24","","3","","","","101.28","","","","","","NA"
"-60.41","46.66","INGONISH BEACH RCS","8202502","2022-07-28 22:00","2022","07","28","22:00","16.3","","14.3","","88","","0.0","","24","","3","","","","101.23","","","","","","NA"
"-60.41","46.66","INGONISH BEACH RCS","8202502","2022-07-28 23:00","2022","07","28","23:00","15.0","","13.3","","90","","0.0","","24","","4","","","","101.23","","","","","","NA"
"-60.41","46.66","INGONISH BEACH RCS","8202502","2022-07-29 00:00","2022","07","29","00:00","14.0","","12.5","","91","","0.0","","23","","4","","","","101.27","","","","","","NA"
"-60.41","46.66","INGONISH BEACH RCS","8202502","2022-07-29 01:00","2022","07","29","01:00","13.4","","12.5","","94","","0.0","","22","","3","","","","101.26","","","","","","NA"
"-60.41","46.66","INGONISH BEACH RCS","8202502","2022-07-29 02:00","2022","07","29","02:00","13.9","","13.2","","95","","0.0","","3","","1","","","","101.22","","","","","","NA"
"-60.41","46.66","INGONISH BEACH RCS","8202502","2022-07-29 03:00","2022","07","29","03:00","13.4","","12.7","","96","","0.0","","24","","3","","","","101.19","","","","","","NA"
"-60.41","46.66","INGONISH BEACH RCS","8202502","2022-07-29 04:00","2022","07","29","04:00","13.7","","13.0","","96","","0.0","","34","","1","","","","101.15","","","","","","NA"
"-60.41","46.66","INGONISH BEACH RCS","8202502","2022-07-29 05:00","2022","07","29","05:00","13.9","","13.3","","96","","0.0","","23","","2","","","","101.16","","","","","","NA"
"-60.41","46.66","INGONISH BEACH RCS","8202502","2022-07-29 06:00","2022","07","29","06:00","16.9","","15.7","","93","","0.0","","16","","1","","","","101.15","","","","","","NA"
"-60.41","46.66","INGONISH BEACH RCS","8202502","2022-07-29 07:00","2022","07","29","07:00","18.2","","15.8","","86","","0.0","","4","","2","","","","101.16","","","","","","NA"
"-60.41","46.66","INGONISH BEACH RCS","8202502","2022-07-29 08:00","2022","07","29","08:00","19.5","","16.0","","80","","0.0","","7","","5","","","","101.14","","","","","","NA"
"-60.41","46.66","INGONISH BEACH RCS","8202502","2022-07-29 09:00","2022","07","29","09:00","21.3","","17.3","","78","","0.0","","9","","10","","","","101.15","","27","","","","NA"
"-60.41","46.66","INGONISH BEACH RCS","8202502","2022-07-29 10:00","2022","07","29","10:00","20.9","","16.8","","77","","0.0","","14","","7","","","","101.17","","26","","","","NA"
"-60.41","46.66","INGONISH BEACH RCS","8202502","2022-07-29 11:00","2022","07","29","11:00","21.9","","15.9","","69","","0.0","","19","","6","","","","101.17","","26","","","","NA"
"-60.41","46.66","INGONISH BEACH RCS","8202502","2022-07-29 12:00","2022","07","29","12:00","22.4","","13.8","","58","","0.0","","20","","13","","","","101.08","","26","","","","NA"
"-60.41","46.66","INGONISH BEACH RCS","8202502","2022-07-29 13:00","2022","07","29","13:00","22.2","","15.1","","64","","0.0","","19","","15","","","","101.04","","26","","","","NA"
"-60.41","46.66","INGONISH BEACH RCS","8202502","2022-07-29 14:00","2022","07","29","14:00","20.1","","16.6","","80","","0.0","","19","","8","","","","101.04","","25","","","","NA"
"-60.41","46.66","INGONISH BEACH RCS","8202502","2022-07-29 15:00","2022","07","29","15:00","20.1","","17.7","","86","","0.0","","20","","9","","","","100.97","","26","","","","NA"
"-60.41","46.66","INGONISH BEACH RCS","8202502","2022-07-29 16:00","2022","07","29","16:00","19.7","","17.6","","88","","0.9","","20","","11","","","","100.93","","","","","","NA"
"-60.41","46.66","INGONISH BEACH RCS","8202502","2022-07-29 17:00","2022","07","29","17:00","20.0","","17.4","","85","","0.0","","21","","10","","","","100.87","","26","","","","NA"
"-60.41","46.66","INGONISH BEACH RCS","8202502","2022-07-29 18:00","2022","07","29","18:00","19.7","","17.5","","88","","0.0","","22","","10","","","","100.85","","","","","","NA"
"-60.41","46.66","INGONISH BEACH RCS","8202502","2022-07-29 19:00","2022","07","29","19:00","19.6","","17.2","","86","","0.0","","22","","9","","","","100.85","","","","","","NA"
"-60.41","46.66","INGONISH BEACH RCS","8202502","2022-07-29 20:00","2022","07","29","20:00","19.6","","17.5","","88","","0.0","","21","","8","","","","100.84","","","","","","NA"
"-60.41","46.66","INGONISH BEACH RCS","8202502","2022-07-29 21:00","2022","07","29","21:00","20.0","","17.9","","88","","0.0","","22","","8","","","","100.81","","26","","","","NA"
"-60.41","46.66","INGONISH BEACH RCS","8202502","2022-07-29 22:00","2022","07","29","22:00","20.0","","18.1","","89","","0.0","","23","","10","","","","100.82","","26","","","","NA"
"-60.41","46.66","INGONISH BEACH RCS","8202502","2022-07-29 23:00","2022","07","29","23:00","19.8","","17.8","","88","","0.0","","24","","12","","","","100.74","","","","","","NA"
"-60.41","46.66","INGONISH BEACH RCS","8202502","2022-07-30 00:00","2022","07","30","00:00","19.6","","17.5","","87","","0.0","","26","","2","","","","100.73","","","","","","NA"
"-60.41","46.66","INGONISH BEACH RCS","8202502","2022-07-30 01:00","2022","07","30","01:00","19.1","","17.6","","91","","0.0","","32","","4","","","","100.70","","","","","","NA"
"-60.41","46.66","INGONISH BEACH RCS","8202502","2022-07-30 02:00","2022","07","30","02:00","19.5","","17.8","","90","","0.0","","34","","3","","","","100.68","","","","","","NA"
"-60.41","46.66","INGONISH BEACH RCS","8202502","2022-07-30 03:00","2022","07","30","03:00","20.4","","18.2","","87","","0.0","","26","","11","","","","100.67","","27","","","","NA"
"-60.41","46.66","INGONISH BEACH RCS","8202502","2022-07-30 04:00","2022","07","30","04:00","20.5","","17.6","","84","","0.0","","25","","14","","","","100.69","","26","","","","NA"
"-60.41","46.66","INGONISH BEACH RCS","8202502","2022-07-30 05:00","2022","07","30","05:00","20.0","","17.4","","85","","0.0","","25","","14","","","","100.74","","26","","","","NA"
"-60.41","46.66","INGONISH BEACH RCS","8202502","2022-07-30 06:00","2022","07","30","06:00","20.9","","17.6","","82","","0.0","","25","","14","","","","100.74","","27","","","","NA"
"-60.41","46.66","INGONISH BEACH RCS","8202502","2022-07-30 07:00","2022","07","30","07:00","22.2","","18.1","","78","","0.0","","23","","11","","","","100.74","","28","","","","NA"
"-60.41","46.66","INGONISH BEACH RCS","8202502","2022-07-30 08:00","2022","07","30","08:00","21.7","","17.3","","76","","0.0","","23","","10","","","","100.72","","27","","","","NA"
"-60.41","46.66","INGONISH BEACH RCS","8202502","2022-07-30 09:00","2022","07","30","09:00","21.8","","17.2","","75","","0.0","","24","","6","","","","100.74","","27","","","","NA"
"-60.41","46.66","INGONISH BEACH RCS","8202502","2022-07-30 10:00","2022","07","30","10:00","22.6","","16.9","","70","","0.0","","21","","5","","","","100.75","","28","","","","NA"
"-60.41","46.66","INGONISH BEACH RCS","8202502","2022-07-30 11:00","2022","07","30","11:00","24.2","","16.0","","60","","0.0","","23","","6","","","","100.73","","29","","","","NA"
"-60.41","46.66","INGONISH BEACH RCS","8202502","2022-07-30 12:00","2022","07","30","12:00","24.2","","13.8","","52","","0.0","","26","","9","","","","100.73","","27","","","","NA"
"-60.41","46.66","INGONISH BEACH RCS","8202502","2022-07-30 13:00","2022","07","30","13:00","25.0","","14.3","","52","","0.0","","23","","6","","","","100.72","","29","","","","NA"
"-60.41","46.66","INGONISH BEACH RCS","8202502","2022-07-30 14:00","2022","07","30","14:00","24.0","","13.0","","50","","0.0","","22","","7","","","","100.73","","27","","","","NA"
"-60.41","46.66","INGONISH BEACH RCS","8202502","2022-07-30 15:00","2022","07","30","15:00","23.0","","13.3","","55","","0.0","","23","","4","","","","100.70","","26","","","","NA"
"-60.41","46.66","INGONISH BEACH RCS","8202502","2022-07-30 16:00","2022","07","30","16:00","24.9","","12.9","","47","","0.0","","22","","7","","","","100.63","","28","","","","NA"
"-60.41","46.66","INGONISH BEACH RCS","8202502","2022-07-30 17:00","2022","07","30","17:00","25.4","","13.5","","48","","0.0","","25","","7","","","","100.61","","28","","","","NA"
"-60.41","46.66","INGONISH BEACH RCS","8202502","2022-07-30 18:00","2022","07","30","18:00","24.1","","12.6","","49","","0.0","","25","","9","","","","100.61","","27","","","","NA"
"-60.41","46.66","INGONISH BEACH RCS","8202502","2022-07-30 19:00","2022","07","30","19:00","21.5","","13.6","","61","","0.0","","24","","6","","","","100.61","","25","","","","NA"
"-60.41","46.66","INGONISH BEACH RCS","8202502","2022-07-30 20:00","2022","07","30","20:00","20.4","","15.0","","71","","0.0","","25","","7","","","","100.63","","","","","","NA"
"-60.41","46.66","INGONISH BEACH RCS","8202502","2022-07-30 21:00","2022","07","30","21:00","20.2","","16.1","","77","","0.0","","24","","9","","","","100.65","","25","","","","NA"
"-60.41","46.66","INGONISH BEACH RCS","8202502","2022-07-30 22:00","2022","07","30","22:00","19.0","","16.1","","84","","0.0","","24","","9","","","","100.67","","","","","","NA"
"-60.41","46.66","INGONISH BEACH RCS","8202502","2022-07-30 23:00","2022","07","30","23:00","18.7","","17.0","","90","","0.3","","25","","9","","","","100.67","","","","","","NA"
"-60.41","46.66","INGONISH BEACH RCS","8202502","2022-07-31 00:00","2022","07","31","00:00","19.4","","16.3","","83","","0.0","","27","","7","","","","100.72","","","","","","NA"
"-60.41","46.66","INGONISH BEACH RCS","8202502","2022-07-31 01:00","2022","07","31","01:00","18.8","","15.0","","79","","0.0","","28","","5","","","","100.73","","","","","","NA"
"-60.41","46.66","INGONISH BEACH RCS","8202502","2022-07-31 02:00","2022","07","31","02:00","18.7","","15.0","","79","","0.0","","26","","5","","","","100.74","","","","","","NA"
"-60.41","46.66","INGONISH BEACH RCS","8202502","2022-07-31 03:00","2022","07","31","03:00","18.6","","15.3","","81","","0.0","","24","","7","","","","100.78","","","","","","NA"
"-60.41","46.66","INGONISH BEACH RCS","8202502","2022-07-31 04:00","2022","07","31","04:00","17.6","","15.2","","86","","0.0","","24","","3","","","","100.77","","","","","","NA"
"-60.41","46.66","INGONISH BEACH RCS","8202502","2022-07-31 05:00","2022","07","31","05:00","19.3","","15.5","","79","","0.0","","25","","8","","","","100.81","","","","","","NA"
"-60.41","46.66","INGONISH BEACH RCS","8202502","2022-07-31 06:00","2022","07","31","06:00","20.3","","16.0","","76","","0.0","","25","","6","","","","100.86","","25","","","","NA"
"-60.41","46.66","INGONISH BEACH RCS","8202502","2022-07-31 07:00","2022","07","31","07:00","22.1","","17.1","","73","","0.0","","24","","4","","","","100.91","","27","","","","NA"
"-60.41","46.66","INGONISH BEACH RCS","8202502","2022-07-31 08:00","2022","07","31","08:00","22.8","","15.9","","65","","0.0","","25","","8","","","","100.98","","27","","","","NA"
"-60.41","46.66","INGONISH BEACH RCS","8202502","2022-07-31 09:00","2022","07","31","09:00","22.5","","15.4","","64","","0.0","","30","","7","","","","101.01","","27","","","","NA"
"-60.41","46.66","INGONISH BEACH RCS","8202502","2022-07-31 10:00","2022","07","31","10:00","23.4","","15.2","","60","","0.0","","29","","8","","","","101.06","","27","","","","NA"
"-60.41","46.66","INGONISH BEACH RCS","8202502","2022-07-31 11:00","2022","07","31","11:00","24.4","","15.9","","59","","0.0","","24","","6","","","","101.05","","29","","","","NA"
"-60.41","46.66","INGONISH BEACH RCS","8202502","2022-07-31 12:00","2022","07","31","12:00","24.4","","15.7","","58","","0.0","","23","","8","","","","101.09","","29","","","","NA"
"-60.41","46.66","INGONISH BEACH RCS","8202502","2022-07-31 13:00","2022","07","31","13:00","25.5","","15.8","","55","","0.0","","25","","11","","","","101.10","","30","","","","NA"
"-60.41","46.66","INGONISH BEACH RCS","8202502","2022-07-31 14:00","2022","07","31","14:00","25.8","","15.2","","52","","0.0","","24","","10","","","","101.10","","30","","","","NA"
"-60.41","46.66","INGONISH BEACH RCS","8202502","2022-07-31 15:00","2022","07","31","15:00","25.1","","15.4","","55","","0.0","","25","","11","","","","101.13","","29","","","","NA"
"-60.41","46.66","INGONISH BEACH RCS","8202502","2022-07-31 16:00","2022","07","31","16:00","24.7","","14.4","","53","","0.0","","25","","9","","","","101.17","","28","","","","NA"
"-60.41","46.66","INGONISH BEACH RCS","8202502","2022-07-31 17:00","2022","07","31","17:00","23.5","","13.6","","54","","0.0","","27","","9","","","","101.14","","27","","","","NA"
"-60.41","46.66","INGONISH BEACH RCS","8202502","2022-07-31 18:00","2022","07","31","18:00","22.4","","13.6","","57","","0.0","","27","","13","","","","101.22","","26","","","","NA"
"-60.41","46.66","INGONISH BEACH RCS","8202502","2022-07-31 19:00","2022","07","31","19:00","21.2","","13.9","","63","","0.0","","26","","9","","","","101.28","","25","","","","NA"
"-60.41","46.66","INGONISH BEACH RCS","8202502","2022-07-31 20:00","2022","07","31","20:00","19.4","","13.9","","71","","0.0","","25","","4","","","","101.31","","","","","","NA"
"-60.41","46.66","INGONISH BEACH RCS","8202502","2022-07-31 21:00","2022","07","31","21:00","17.2","","13.4","","79","","0.0","","24","","3","","","","101.34","","","","","","NA"
"-60.41","46.66","INGONISH BEACH RCS","8202502","2022-07-31 22:00","2022","07","31","22:00","15.6","","13.0","","84","","0.0","","0","","1","","","","101.31","","","","","","NA"
"-60.41","46.66","INGONISH BEACH RCS","8202502","2022-07-31 23:00","2022","07","31","23:00","14.9","","13.0","","88","","0.0","","0","","1","","","","101.31","","","","","","NA"
