"Longitude (x)","Latitude (y)","Station Name","Climate ID","Date/Time","Year","Month","Day","Data Quality","Max Temp (°C)","Max Temp Flag","Min Temp (°C)","Min Temp Flag","Mean Temp (°C)","Mean Temp Flag","Heat Deg Days (°C)","Heat Deg Days Flag","Cool Deg Days (°C)","Cool Deg Days Flag","Total Rain (mm)","Total Rain Flag","Total Snow (cm)","Total Snow Flag","Total Precip (mm)","Total Precip Flag","Snow on Grnd (cm)","Snow on Grnd Flag","Dir of Max Gust (10s deg)","Dir of Max Gust Flag","Spd of Max Gust (km/h)","Spd of Max Gust Flag"
"-78.17","43.95","COBOURG (AUT)","6151684","2021-01-01","2021","01","01","","2.5","","-4.3","","-0.9","","18.9","","0.0","","","","","","4.6","","1","","12","","51",""
"-78.17","43.95","COBOURG (AUT)","6151684","2021-01-02","2021","01","02","","2.2","","-2.7","","-0.3","","18.3","","0.0","","","","","","11.1","","5","","10","","32",""
"-78.17","43.95","COBOURG (AUT)","6151684","2021-01-03","2021","01","03","","1.6","","-1.9","","-0.1","","18.1","","0.0","","","","","","2.2","","4","","","","",""
"-78.17","43.95","COBOURG (AUT)","6151684","2021-01-04","2021","01","04","","1.0","","-3.5","","-1.2","","19.2","","0.0","","","","","","0.2","","2","","","","",""
"-78.17","43.95","COBOURG (AUT)","6151684","2021-01-05","2021","01","05","","0.8","","-0.7","","0.0","","18.0","","0.0","","","","","","0.0","","5","","","","",""
"-78.17","43.95","COBOURG (AUT)","6151684","2021-01-06","2021","01","06","","0.7","","-1.0","","-0.1","","18.1","","0.0","","","","","","0.0","","5","","","","",""
"-78.17","43.95","COBOURG (AUT)","6151684","2021-01-07","2021","01","07","","-1.0","","-8.8","","-4.9","","22.9","","0.0","","","","","","0.0","","5","","","","",""
"-78.17","43.95","COBOURG (AUT)","6151684","2021-01-08","2021","01","08","","-2.0","","-9.2","","-5.6","","23.6","","0.0","","","","","","0.2","","5","","","","",""
"-78.17","43.95","COBOURG (AUT)","6151684","2021-01-09","2021","01","09","","1.5","","-5.1","","-1.8","","19.8","","0.0","","","","","","0.0","","5","","","","",""
"-78.17","43.95","COBOURG (AUT)","6151684","2021-01-10","2021","01","10","","0.8","","-8.4","","-3.8","","21.8","","0.0","","","","","","0.0","","5","","","","",""
"-78.17","43.95","COBOURG (AUT)","6151684","2021-01-11","2021","01","11","","1.7","","-5.1","","-1.7","","19.7","","0.0","","","","","","0.0","","5","","25","","48",""
"-78.17","43.95","COBOURG (AUT)","6151684","2021-01-12","2021","01","12","","0.6","","-0.8","","-0.1","","18.1","","0.0","","","","","","0.0","","4","","26","","34",""
"-78.17","43.95","COBOURG (AUT)","6151684","2021-01-13","2021","01","13","","3.1","","-0.8","","1.1","","16.9","","0.0","","","","","","0.0","","4","","24","","45",""
"-78.17","43.95","COBOURG (AUT)","6151684","2021-01-14","2021","01","14","","3.3","","1.1","","2.2","","15.8","","0.0","","","","","","0.0","","1","","","","",""
"-78.17","43.95","COBOURG (AUT)","6151684","2021-01-15","2021","01","15","","4.1","","1.4","","2.7","","15.3","","0.0","","","","","","5.6","","1","","8","","43",""
"-78.17","43.95","COBOURG (AUT)","6151684","2021-01-16","2021","01","16","","4.1","","0.6","","2.4","","15.6","","0.0","","","","","","0.2","","0","","28","","50",""
"-78.17","43.95","COBOURG (AUT)","6151684","2021-01-17","2021","01","17","","2.3","","-2.7","","-0.2","","18.2","","0.0","","","","","","0.2","","0","","27","","50",""
"-78.17","43.95","COBOURG (AUT)","6151684","2021-01-18","2021","01","18","","0.1","","-4.8","","-2.4","","20.4","","0.0","","","","","","0.0","","1","","","","",""
"-78.17","43.95","COBOURG (AUT)","6151684","2021-01-19","2021","01","19","","1.9","","-4.3","","-1.2","","19.2","","0.0","","","","","","1.2","","1","","24","","54",""
"-78.17","43.95","COBOURG (AUT)","6151684","2021-01-20","2021","01","20","","-1.0","","-8.2","","-4.6","","22.6","","0.0","","","","","","0.0","","1","","21","","47",""
"-78.17","43.95","COBOURG (AUT)","6151684","2021-01-21","2021","01","21","","3.2","","-1.6","","0.8","","17.2","","0.0","","","","","","0.4","","2","","25","","59",""
"-78.17","43.95","COBOURG (AUT)","6151684","2021-01-22","2021","01","22","","2.6","","-8.3","","-2.9","","20.9","","0.0","","","","","","0.5","","1","","28","","35",""
"-78.17","43.95","COBOURG (AUT)","6151684","2021-01-23","2021","01","23","","-6.4","","-13.8","","-10.1","","28.1","","0.0","","","","","","0.0","","2","","32","","35",""
"-78.17","43.95","COBOURG (AUT)","6151684","2021-01-24","2021","01","24","","-3.6","","-13.4","","-8.5","","26.5","","0.0","","","","","","0.0","","2","","","","",""
"-78.17","43.95","COBOURG (AUT)","6151684","2021-01-25","2021","01","25","","1.2","","-3.6","","-1.2","","19.2","","0.0","","","","","","0.0","","2","","","","",""
"-78.17","43.95","COBOURG (AUT)","6151684","2021-01-26","2021","01","26","","-0.9","","-4.8","","-2.9","","20.9","","0.0","","","","","","4.9","","2","","5","","46",""
"-78.17","43.95","COBOURG (AUT)","6151684","2021-01-27","2021","01","27","","-2.9","","-10.3","","-6.6","","24.6","","0.0","","","","","","0.2","","6","","","","",""
"-78.17","43.95","COBOURG (AUT)","6151684","2021-01-28","2021","01","28","","-8.7","","-14.9","","-11.8","","29.8","","0.0","","","","","","0.0","","5","","36","","47",""
"-78.17","43.95","COBOURG (AUT)","6151684","2021-01-29","2021","01","29","","-8.6","","-15.6","","-12.1","","30.1","","0.0","","","","","","0.2","","3","","34","","34",""
"-78.17","43.95","COBOURG (AUT)","6151684","2021-01-30","2021","01","30","","-4.3","","-17.2","","-10.7","","28.7","","0.0","","","","","","0.0","","3","","","","",""
"-78.17","43.95","COBOURG (AUT)","6151684","2021-01-31","2021","01","31","","-5.6","","-12.5","","-9.1","","27.1","","0.0","","","","","","0.0","","3","","","","",""
"-78.17","43.95","COBOURG (AUT)","6151684","2021-02-01","2021","02","01","","-2.8","","-12.5","","-7.7","","25.7","","0.0","","","","","","0.0","","3","","","","",""
"-78.17","43.95","COBOURG (AUT)","6151684","2021-02-02","2021","02","02","","2.5","","-7.8","","-2.6","","20.6","","0.0","","","","","","0.0","","2","","2","","32",""
"-78.17","43.95","COBOURG (AUT)","6151684","2021-02-03","2021","02","03","","2.3","","-7.0","","-2.3","","20.3","","0.0","","","","","","0.0","","3","","33","","54",""
"-78.17","43.95","COBOURG (AUT)","6151684","2021-02-04","2021","02","04","","1.9","","-6.3","","-2.2","","20.2","","0.0","","","","","","0.0","","2","","35","","35",""
"-78.17","43.95","COBOURG (AUT)","6151684","2021-02-05","2021","02","05","","2.4","","-5.5","","-1.6","","19.6","","0.0","","","","","","5.9","","2","","25","","80",""
"-78.17","43.95","COBOURG (AUT)","6151684","2021-02-06","2021","02","06","","-4.0","","-7.0","","-5.5","","23.5","","0.0","","","","","","0.0","","2","","25","","58",""
"-78.17","43.95","COBOURG (AUT)","6151684","2021-02-07","2021","02","07","","-3.6","","-12.2","","-7.9","","25.9","","0.0","","","","","","0.9","","2","","28","","37",""
"-78.17","43.95","COBOURG (AUT)","6151684","2021-02-08","2021","02","08","","-4.5","","-16.7","","-10.6","","28.6","","0.0","","","","","","0.2","","3","","24","","41",""
"-78.17","43.95","COBOURG (AUT)","6151684","2021-02-09","2021","02","09","","-2.6","","-9.4","","-6.0","","24.0","","0.0","","","","","","0.9","","3","","","","",""
"-78.17","43.95","COBOURG (AUT)","6151684","2021-02-10","2021","02","10","","-4.1","","-13.1","","-8.6","","26.6","","0.0","","","","","","0.0","","3","","26","","39",""
"-78.17","43.95","COBOURG (AUT)","6151684","2021-02-11","2021","02","11","","-3.8","","-12.1","","-7.9","","25.9","","0.0","","","","","","0.0","","3","","","","",""
"-78.17","43.95","COBOURG (AUT)","6151684","2021-02-12","2021","02","12","","-9.8","","-16.0","","-12.9","","30.9","","0.0","","","","","","0.0","","3","","","","",""
"-78.17","43.95","COBOURG (AUT)","6151684","2021-02-13","2021","02","13","","-9.7","","-15.0","","-12.4","","30.4","","0.0","","","","","","1.0","","3","","","","",""
"-78.17","43.95","COBOURG (AUT)","6151684","2021-02-14","2021","02","14","","-2.9","","-11.1","","-7.0","","25.0","","0.0","","","","","","0.2","","2","","","","",""
"-78.17","43.95","COBOURG (AUT)","6151684","2021-02-15","2021","02","15","","-3.1","","-8.6","","-5.8","","23.8","","0.0","","","","","","4.3","","4","","","","",""
"-78.17","43.95","COBOURG (AUT)","6151684","2021-02-16","2021","02","16","","-5.5","","-13.5","","-9.5","","27.5","","0.0","","","","","","5.5","","12","","36","","38",""
"-78.17","43.95","COBOURG (AUT)","6151684","2021-02-17","2021","02","17","","-3.2","","-19.1","","-11.1","","29.1","","0.0","","","","","","0.2","","8","","24","","33",""
"-78.17","43.95","COBOURG (AUT)","6151684","2021-02-18","2021","02","18","","-3.0","","-8.5","","-5.8","","23.8","","0.0","","","","","","0.0","","7","","","","",""
"-78.17","43.95","COBOURG (AUT)","6151684","2021-02-19","2021","02","19","","-2.0","","-9.7","","-5.8","","23.8","","0.0","","","","","","1.8","","5","","","","",""
"-78.17","43.95","COBOURG (AUT)","6151684","2021-02-20","2021","02","20","","-1.6","","-10.1","","-5.9","","23.9","","0.0","","","","","","0.0","","7","","32","","36",""
"-78.17","43.95","COBOURG (AUT)","6151684","2021-02-21","2021","02","21","","0.8","","-9.8","","-4.5","","22.5","","0.0","","","","","","0.0","","7","","26","","36",""
"-78.17","43.95","COBOURG (AUT)","6151684","2021-02-22","2021","02","22","","2.5","","-0.8","","0.8","","17.2","","0.0","","","","","","6.3","","8","","24","","55",""
"-78.17","43.95","COBOURG (AUT)","6151684","2021-02-23","2021","02","23","","3.5","","0.3","","1.9","","16.1","","0.0","","","","","","2.1","","8","","26","","54",""
"-78.17","43.95","COBOURG (AUT)","6151684","2021-02-24","2021","02","24","","5.2","","-2.4","","1.4","","16.6","","0.0","","","","","","0.2","","6","","30","","52",""
"-78.17","43.95","COBOURG (AUT)","6151684","2021-02-25","2021","02","25","","0.6","","-3.3","","-1.3","","19.3","","0.0","","","","","","0.0","","3","","31","","39",""
"-78.17","43.95","COBOURG (AUT)","6151684","2021-02-26","2021","02","26","","1.7","","-7.4","","-2.9","","20.9","","0.0","","","","","","0.0","","2","","","","",""
"-78.17","43.95","COBOURG (AUT)","6151684","2021-02-27","2021","02","27","","6.1","","-2.2","","1.9","","16.1","","0.0","","","","","","7.8","","1","","25","","47",""
"-78.17","43.95","COBOURG (AUT)","6151684","2021-02-28","2021","02","28","","3.9","","-2.6","","0.6","","17.4","","0.0","","","","","","1.5","","2","","11","","40",""
"-78.17","43.95","COBOURG (AUT)","6151684","2021-03-01","2021","03","01","","4.6","","-13.1","","-4.2","","22.2","","0.0","","","","","","0.8","","2","","32","","70",""
"-78.17","43.95","COBOURG (AUT)","6151684","2021-03-02","2021","03","02","","1.5","","-15.1","","-6.8","","24.8","","0.0","","","","","","0.2","","2","","26","","59",""
"-78.17","43.95","COBOURG (AUT)","6151684","2021-03-03","2021","03","03","","4.6","","-1.1","","1.7","","16.3","","0.0","","","","","","0.0","","2","","26","","44",""
"-78.17","43.95","COBOURG (AUT)","6151684","2021-03-04","2021","03","04","","-1.0","","-8.8","","-4.9","","22.9","","0.0","","","","","","0.0","","2","","34","","40",""
"-78.17","43.95","COBOURG (AUT)","6151684","2021-03-05","2021","03","05","","-0.5","","-11.7","","-6.1","","24.1","","0.0","","","","","","0.0","","2","","30","","57",""
"-78.17","43.95","COBOURG (AUT)","6151684","2021-03-06","2021","03","06","","-2.1","","-9.8","","-5.9","","23.9","","0.0","","","","","","0.0","","1","","32","","35",""
"-78.17","43.95","COBOURG (AUT)","6151684","2021-03-07","2021","03","07","","-2.0","","-10.9","","-6.4","","24.4","","0.0","","","","","","0.0","","2","","","","",""
"-78.17","43.95","COBOURG (AUT)","6151684","2021-03-08","2021","03","08","","2.1","","-11.1","","-4.5","","22.5","","0.0","","","","","","0.0","","2","","","","",""
"-78.17","43.95","COBOURG (AUT)","6151684","2021-03-09","2021","03","09","","8.0","","-3.0","","2.5","","15.5","","0.0","","","","","","0.0","","1","","","","",""
"-78.17","43.95","COBOURG (AUT)","6151684","2021-03-10","2021","03","10","","10.7","","0.8","","5.8","","12.2","","0.0","","","","","","0.0","","2","","18","","33",""
"-78.17","43.95","COBOURG (AUT)","6151684","2021-03-11","2021","03","11","","13.3","","5.3","","9.3","","8.7","","0.0","","","","","","0.0","","1","","25","","61",""
"-78.17","43.95","COBOURG (AUT)","6151684","2021-03-12","2021","03","12","","8.0","","-3.4","","2.3","","15.7","","0.0","","","","","","0.2","","1","","31","","62",""
"-78.17","43.95","COBOURG (AUT)","6151684","2021-03-13","2021","03","13","","3.2","","-6.8","","-1.8","","19.8","","0.0","","","","","","0.0","","1","","25","","55",""
"-78.17","43.95","COBOURG (AUT)","6151684","2021-03-14","2021","03","14","","2.7","","-6.9","","-2.1","","20.1","","0.0","","","","","","0.0","","1","","34","","53",""
"-78.17","43.95","COBOURG (AUT)","6151684","2021-03-15","2021","03","15","","-1.3","","-10.0","","-5.6","","23.6","","0.0","","","","","","0.2","","1","","33","","34",""
"-78.17","43.95","COBOURG (AUT)","6151684","2021-03-16","2021","03","16","","1.6","","-2.8","","-0.6","","18.6","","0.0","","","","","","0.0","","1","","9","","38",""
"-78.17","43.95","COBOURG (AUT)","6151684","2021-03-17","2021","03","17","","4.7","","-0.9","","1.9","","16.1","","0.0","","","","","","0.0","","2","","","","",""
"-78.17","43.95","COBOURG (AUT)","6151684","2021-03-18","2021","03","18","","7.1","","-2.4","","2.4","","15.6","","0.0","","","","","","0.5","","1","","3","","39",""
"-78.17","43.95","COBOURG (AUT)","6151684","2021-03-19","2021","03","19","","2.1","","-6.0","","-1.9","","19.9","","0.0","","","","","","0.2","","1","","25","","33",""
"-78.17","43.95","COBOURG (AUT)","6151684","2021-03-20","2021","03","20","","8.5","","-4.0","","2.2","","15.8","","0.0","","","","","","0.0","","1","","","","",""
"-78.17","43.95","COBOURG (AUT)","6151684","2021-03-21","2021","03","21","","9.0","","-4.3","","2.3","","15.7","","0.0","","","","","","0.0","","1","","","","",""
"-78.17","43.95","COBOURG (AUT)","6151684","2021-03-22","2021","03","22","","11.4","","-2.0","","4.7","","13.3","","0.0","","","","","","0.0","","1","","","","",""
"-78.17","43.95","COBOURG (AUT)","6151684","2021-03-23","2021","03","23","","14.1","","0.0","","7.0","","11.0","","0.0","","","","","","0.0","","1","","","","",""
"-78.17","43.95","COBOURG (AUT)","6151684","2021-03-24","2021","03","24","","13.2","","6.0","","9.6","","8.4","","0.0","","","","","","4.9","","1","","8","","31",""
"-78.17","43.95","COBOURG (AUT)","6151684","2021-03-25","2021","03","25","","15.1","","4.2","","9.7","","8.3","","0.0","","","","","","0.4","","1","","","","",""
"-78.17","43.95","COBOURG (AUT)","6151684","2021-03-26","2021","03","26","","11.1","","2.5","","6.8","","11.2","","0.0","","","","","","18.9","","1","","35","","46",""
"-78.17","43.95","COBOURG (AUT)","6151684","2021-03-27","2021","03","27","","7.1","","2.5","","4.8","","13.2","","0.0","","","","","","0.0","","1","","","","",""
"-78.17","43.95","COBOURG (AUT)","6151684","2021-03-28","2021","03","28","","8.2","","2.3","","5.2","","12.8","","0.0","","","","","","13.1","","1","","31","","57",""
"-78.17","43.95","COBOURG (AUT)","6151684","2021-03-29","2021","03","29","","5.7","","-0.2","","2.8","","15.2","","0.0","","","","","","0.2","","1","","32","","62",""
"-78.17","43.95","COBOURG (AUT)","6151684","2021-03-30","2021","03","30","","14.6","","2.1","","8.4","","9.6","","0.0","","","","","","0.0","","1","","","","",""
"-78.17","43.95","COBOURG (AUT)","6151684","2021-03-31","2021","03","31","","11.6","","2.1","","6.8","","11.2","","0.0","","","","","","0.0","","1","","33","","35",""
"-78.17","43.95","COBOURG (AUT)","6151684","2021-04-01","2021","04","01","","3.8","","-2.5","","0.7","","17.3","","0.0","","","","","","0.0","","","","35","","42",""
"-78.17","43.95","COBOURG (AUT)","6151684","2021-04-02","2021","04","02","","5.0","","-4.4","","0.3","","17.7","","0.0","","","","","","0.0","","","","31","","38",""
"-78.17","43.95","COBOURG (AUT)","6151684","2021-04-03","2021","04","03","","5.0","","-4.2","","0.4","","17.6","","0.0","","","","","","0.0","","","","24","","51",""
"-78.17","43.95","COBOURG (AUT)","6151684","2021-04-04","2021","04","04","","7.9","","0.3","","4.1","","13.9","","0.0","","","","","","0.0","","","","","","",""
"-78.17","43.95","COBOURG (AUT)","6151684","2021-04-05","2021","04","05","","7.8","","2.0","","4.9","","13.1","","0.0","","","","","","0.0","","","","","","",""
"-78.17","43.95","COBOURG (AUT)","6151684","2021-04-06","2021","04","06","","9.7","","1.3","","5.5","","12.5","","0.0","","","","","","0.0","","","","","","",""
"-78.17","43.95","COBOURG (AUT)","6151684","2021-04-07","2021","04","07","","14.6","","6.7","","10.7","","7.3","","0.0","","","","","","0.0","","","","","","",""
"-78.17","43.95","COBOURG (AUT)","6151684","2021-04-08","2021","04","08","","21.3","","9.5","","15.4","","2.6","","0.0","","","","","","0.0","","","","9","","38",""
"-78.17","43.95","COBOURG (AUT)","6151684","2021-04-09","2021","04","09","","14.9","","9.6","","12.3","","5.7","","0.0","","","","","","0.2","","","","12","","31",""
"-78.17","43.95","COBOURG (AUT)","6151684","2021-04-10","2021","04","10","","19.8","","9.2","","14.5","","3.5","","0.0","","","","","","0.0","","","","","","",""
"-78.17","43.95","COBOURG (AUT)","6151684","2021-04-11","2021","04","11","","14.8","","10.4","","12.6","","5.4","","0.0","","","","","","30.4","","","","10","","37",""
"-78.17","43.95","COBOURG (AUT)","6151684","2021-04-12","2021","04","12","","11.1","","7.4","","9.3","","8.7","","0.0","","","","","","9.5","","","","9","","53",""
"-78.17","43.95","COBOURG (AUT)","6151684","2021-04-13","2021","04","13","","8.8","","3.5","","6.1","","11.9","","0.0","","","","","","0.4","","","","","","",""
"-78.17","43.95","COBOURG (AUT)","6151684","2021-04-14","2021","04","14","","10.7","","3.4","","7.1","","10.9","","0.0","","","","","","0.2","","","","","","",""
"-78.17","43.95","COBOURG (AUT)","6151684","2021-04-15","2021","04","15","","7.9","","4.4","","6.2","","11.8","","0.0","","","","","","6.8","","","","25","","35",""
"-78.17","43.95","COBOURG (AUT)","6151684","2021-04-16","2021","04","16","","7.8","","4.2","","6.0","","12.0","","0.0","","","","","","1.8","","","","33","","31",""
"-78.17","43.95","COBOURG (AUT)","6151684","2021-04-17","2021","04","17","","7.5","","2.8","","5.1","","12.9","","0.0","","","","","","0.0","","","","","","",""
"-78.17","43.95","COBOURG (AUT)","6151684","2021-04-18","2021","04","18","","10.5","","3.4","","6.9","","11.1","","0.0","","","","","","0.0","","","","","","",""
"-78.17","43.95","COBOURG (AUT)","6151684","2021-04-19","2021","04","19","","10.5","","1.7","","6.1","","11.9","","0.0","","","","","","2.4","","","","25","","35",""
"-78.17","43.95","COBOURG (AUT)","6151684","2021-04-20","2021","04","20","","6.0","","-0.5","","2.8","","15.2","","0.0","","","","","","1.7","","","","25","","48",""
"-78.17","43.95","COBOURG (AUT)","6151684","2021-04-21","2021","04","21","","4.8","","-1.2","","1.8","","16.2","","0.0","","","","","","6.4","","","","31","","36",""
"-78.17","43.95","COBOURG (AUT)","6151684","2021-04-22","2021","04","22","","5.6","","-1.1","","2.3","","15.7","","0.0","","","","","","0.0","","0","","32","","45",""
"-78.17","43.95","COBOURG (AUT)","6151684","2021-04-23","2021","04","23","","10.2","","-0.2","","5.0","","13.0","","0.0","","","","","","0.0","","","","25","","40",""
"-78.17","43.95","COBOURG (AUT)","6151684","2021-04-24","2021","04","24","","12.7","","2.9","","7.8","","10.2","","0.0","","","","","","0.0","","","","","","",""
"-78.17","43.95","COBOURG (AUT)","6151684","2021-04-25","2021","04","25","","12.1","","0.7","","6.4","","11.6","","0.0","","","","","","0.5","","","","31","","46",""
"-78.17","43.95","COBOURG (AUT)","6151684","2021-04-26","2021","04","26","","6.7","","-0.8","","2.9","","15.1","","0.0","","","","","","0.2","","","","24","","35",""
"-78.17","43.95","COBOURG (AUT)","6151684","2021-04-27","2021","04","27","","12.9","","4.2","","8.6","","9.4","","0.0","","","","","","2.8","","","","8","","35",""
"-78.17","43.95","COBOURG (AUT)","6151684","2021-04-28","2021","04","28","","12.1","","8.7","","10.4","","7.6","","0.0","","","","","","6.4","","","","32","","35",""
"-78.17","43.95","COBOURG (AUT)","6151684","2021-04-29","2021","04","29","","9.5","","6.6","","8.1","","9.9","","0.0","","","","","","10.1","","","","","","",""
"-78.17","43.95","COBOURG (AUT)","6151684","2021-04-30","2021","04","30","","9.7","","2.1","","5.9","","12.1","","0.0","","","","","","1.0","","","","1","","69",""
"-78.17","43.95","COBOURG (AUT)","6151684","2021-05-01","2021","05","01","","8.1","","-0.4","","3.8","","14.2","","0.0","","","","","","0.7","","","","32","","32",""
"-78.17","43.95","COBOURG (AUT)","6151684","2021-05-02","2021","05","02","","10.8","","3.1","","6.9","","11.1","","0.0","","","","","","12.1","","","","","","",""
"-78.17","43.95","COBOURG (AUT)","6151684","2021-05-03","2021","05","03","","15.3","","7.4","","11.3","","6.7","","0.0","","","","","","1.4","","","","7","","32",""
"-78.17","43.95","COBOURG (AUT)","6151684","2021-05-04","2021","05","04","","9.3","","6.7","","8.0","","10.0","","0.0","","","","","","2.5","","","","","","",""
"-78.17","43.95","COBOURG (AUT)","6151684","2021-05-05","2021","05","05","","13.0","","5.9","","9.5","","8.5","","0.0","","","","","","0.0","","","","31","","37",""
"-78.17","43.95","COBOURG (AUT)","6151684","2021-05-06","2021","05","06","","10.3","","3.3","","6.8","","11.2","","0.0","","","","","","0.4","","","","","","",""
"-78.17","43.95","COBOURG (AUT)","6151684","2021-05-07","2021","05","07","","8.4","","1.8","","5.1","","12.9","","0.0","","","","","","0.0","","","","","","",""
"-78.17","43.95","COBOURG (AUT)","6151684","2021-05-08","2021","05","08","","10.6","","2.1","","6.4","","11.6","","0.0","","","","","","0.9","","","","24","","37",""
"-78.17","43.95","COBOURG (AUT)","6151684","2021-05-09","2021","05","09","","8.6","","4.2","","6.4","","11.6","","0.0","","","","","","0.0","","","","","","",""
"-78.17","43.95","COBOURG (AUT)","6151684","2021-05-10","2021","05","10","","9.9","","4.8","","7.4","","10.6","","0.0","","","","","","0.0","","","","25","","46",""
"-78.17","43.95","COBOURG (AUT)","6151684","2021-05-11","2021","05","11","","11.2","","3.3","","7.2","","10.8","","0.0","","","","","","0.0","","","","25","","48",""
"-78.17","43.95","COBOURG (AUT)","6151684","2021-05-12","2021","05","12","","18.2","","5.6","","11.9","","6.1","","0.0","","","","","","0.2","","","","32","","42",""
"-78.17","43.95","COBOURG (AUT)","6151684","2021-05-13","2021","05","13","","16.4","","8.2","","12.3","","5.7","","0.0","","","","","","0.2","","","","26","","32",""
"-78.17","43.95","COBOURG (AUT)","6151684","2021-05-14","2021","05","14","","16.1","","7.3","","11.7","","6.3","","0.0","","","","","","0.0","","","","","","",""
"-78.17","43.95","COBOURG (AUT)","6151684","2021-05-15","2021","05","15","","14.2","","5.3","","9.8","","8.2","","0.0","","","","","","0.0","","","","","","",""
"-78.17","43.95","COBOURG (AUT)","6151684","2021-05-16","2021","05","16","","16.7","","6.8","","11.7","","6.3","","0.0","","","","","","0.0","","","","","","",""
"-78.17","43.95","COBOURG (AUT)","6151684","2021-05-17","2021","05","17","","17.6","","7.2","","12.4","","5.6","","0.0","","","","","","0.4","","","","","","",""
"-78.17","43.95","COBOURG (AUT)","6151684","2021-05-18","2021","05","18","","21.2","","8.8","","15.0","","3.0","","0.0","","","","","","0.2","","","","","","",""
"-78.17","43.95","COBOURG (AUT)","6151684","2021-05-19","2021","05","19","","24.3","","10.1","","17.2","","0.8","","0.0","","","","","","0.0","","","","","","",""
"-78.17","43.95","COBOURG (AUT)","6151684","2021-05-20","2021","05","20","","21.5","","13.1","","17.3","","0.7","","0.0","","","","","","0.2","","","","","","",""
"-78.17","43.95","COBOURG (AUT)","6151684","2021-05-21","2021","05","21","","22.7","","14.0","","18.3","","0.0","","0.3","","","","","","0.0","","","","","","",""
"-78.17","43.95","COBOURG (AUT)","6151684","2021-05-22","2021","05","22","","20.4","","10.8","","15.6","","2.4","","0.0","","","","","","0.0","","","","28","","32",""
"-78.17","43.95","COBOURG (AUT)","6151684","2021-05-23","2021","05","23","","24.8","","10.1","","17.5","","0.5","","0.0","","","","","","0.0","","","","34","","35",""
"-78.17","43.95","COBOURG (AUT)","6151684","2021-05-24","2021","05","24","","16.8","","10.4","","13.6","","4.4","","0.0","","","","","","0.0","","","","","","",""
"-78.17","43.95","COBOURG (AUT)","6151684","2021-05-25","2021","05","25","","21.9","","10.8","","16.4","","1.6","","0.0","","","","","","0.2","","","","28","","31",""
"-78.17","43.95","COBOURG (AUT)","6151684","2021-05-26","2021","05","26","","22.2","","11.8","","17.0","","1.0","","0.0","","","","","","0.5","","","","32","","35",""
"-78.17","43.95","COBOURG (AUT)","6151684","2021-05-27","2021","05","27","","17.4","","8.5","","12.9","","5.1","","0.0","","","","","","0.2","","","","28","","35",""
"-78.17","43.95","COBOURG (AUT)","6151684","2021-05-28","2021","05","28","","9.7","","2.9","","6.3","","11.7","","0.0","","","","","","5.3","","","","","","",""
"-78.17","43.95","COBOURG (AUT)","6151684","2021-05-29","2021","05","29","","14.8","","6.3","","10.6","","7.4","","0.0","","","","","","0.0","","","","11","","31",""
"-78.17","43.95","COBOURG (AUT)","6151684","2021-05-30","2021","05","30","","14.2","","6.5","","10.3","","7.7","","0.0","","","","","","0.0","","","","","","",""
"-78.17","43.95","COBOURG (AUT)","6151684","2021-05-31","2021","05","31","","17.3","","4.7","","11.0","","7.0","","0.0","","","","","","0.0","","","","","","",""
"-78.17","43.95","COBOURG (AUT)","6151684","2021-06-01","2021","06","01","","18.8","","8.9","","13.9","","4.1","","0.0","","","","","","0.0","","","","23","","32",""
"-78.17","43.95","COBOURG (AUT)","6151684","2021-06-02","2021","06","02","","18.0","","8.6","","13.3","","4.7","","0.0","","","","","","2.3","","","","","","",""
"-78.17","43.95","COBOURG (AUT)","6151684","2021-06-03","2021","06","03","","16.2","","11.7","","14.0","","4.0","","0.0","","","","","","11.3","","","","","","",""
"-78.17","43.95","COBOURG (AUT)","6151684","2021-06-04","2021","06","04","","19.8","","10.9","","15.4","","2.6","","0.0","","","","","","0.2","","","","","","",""
"-78.17","43.95","COBOURG (AUT)","6151684","2021-06-05","2021","06","05","","20.8","","13.6","","17.2","","0.8","","0.0","","","","","","0.0","","","","26","","38",""
"-78.17","43.95","COBOURG (AUT)","6151684","2021-06-06","2021","06","06","","23.5","","13.1","","18.3","","0.0","","0.3","","","","","","0.4","","","","","","",""
"-78.17","43.95","COBOURG (AUT)","6151684","2021-06-07","2021","06","07","","23.9","","12.2","","18.0","","0.0","","0.0","","","","","","0.0","","","","","","",""
"-78.17","43.95","COBOURG (AUT)","6151684","2021-06-08","2021","06","08","","21.2","","14.0","","17.6","","0.4","","0.0","","","","","","1.1","","","","","","",""
"-78.17","43.95","COBOURG (AUT)","6151684","2021-06-09","2021","06","09","","","M","","M","","M","","M","","M","","","","","","M","","","","M","","M"
"-78.17","43.95","COBOURG (AUT)","6151684","2021-06-10","2021","06","10","","21.2","","15.7","","18.5","","0.0","","0.5","","","","","","0.0","","","","","","",""
"-78.17","43.95","COBOURG (AUT)","6151684","2021-06-11","2021","06","11","","20.4","","16.1","","18.3","","0.0","","0.3","","","","","","0.2","","","","","","",""
"-78.17","43.95","COBOURG (AUT)","6151684","2021-06-12","2021","06","12","","21.5","","14.7","","18.1","","0.0","","0.1","","","","","","0.0","","","","","","",""
"-78.17","43.95","COBOURG (AUT)","6151684","2021-06-13","2021","06","13","","22.0","","14.3","","18.1","","0.0","","0.1","","","","","","0.2","","","","","","",""
"-78.17","43.95","COBOURG (AUT)","6151684","2021-06-14","2021","06","14","","20.5","","14.7","","17.6","","0.4","","0.0","","","","","","0.0","","","","","","",""
"-78.17","43.95","COBOURG (AUT)","6151684","2021-06-15","2021","06","15","","24.8","","12.9","","18.9","","0.0","","0.9","","","","","","0.8","","","","31","","32",""
"-78.17","43.95","COBOURG (AUT)","6151684","2021-06-16","2021","06","16","","22.1","","10.3","","16.2","","1.8","","0.0","","","","","","0.0","","","","31","","34",""
"-78.17","43.95","COBOURG (AUT)","6151684","2021-06-17","2021","06","17","","19.2","","10.8","","15.0","","3.0","","0.0","","","","","","0.0","","","","","","",""
"-78.17","43.95","COBOURG (AUT)","6151684","2021-06-18","2021","06","18","","19.0","","10.6","","14.8","","3.2","","0.0","","","","","","4.6","","","","21","","33",""
"-78.17","43.95","COBOURG (AUT)","6151684","2021-06-19","2021","06","19","","25.1","","10.5","","17.8","","0.2","","0.0","","","","","","0.0","","","","","","",""
"-78.17","43.95","COBOURG (AUT)","6151684","2021-06-20","2021","06","20","","21.9","","11.6","","16.7","","1.3","","0.0","","","","","","0.3","","","","","","",""
"-78.17","43.95","COBOURG (AUT)","6151684","2021-06-21","2021","06","21","","25.0","","13.7","","19.3","","0.0","","1.3","","","","","","0.2","","","","31","","48",""
"-78.17","43.95","COBOURG (AUT)","6151684","2021-06-22","2021","06","22","","18.3","","8.4","","13.3","","4.7","","0.0","","","","","","0.0","","","","32","","33",""
"-78.17","43.95","COBOURG (AUT)","6151684","2021-06-23","2021","06","23","","18.4","","6.5","","12.4","","5.6","","0.0","","","","","","0.5","","","","","","",""
"-78.17","43.95","COBOURG (AUT)","6151684","2021-06-24","2021","06","24","","20.3","","12.5","","16.4","","1.6","","0.0","","","","","","0.5","","","","","","",""
"-78.17","43.95","COBOURG (AUT)","6151684","2021-06-25","2021","06","25","","21.7","","14.8","","18.3","","0.0","","0.3","","","","","","2.7","","","","","","",""
"-78.17","43.95","COBOURG (AUT)","6151684","2021-06-26","2021","06","26","","21.3","","15.9","","18.6","","0.0","","0.6","","","","","","13.2","","","","","","",""
"-78.17","43.95","COBOURG (AUT)","6151684","2021-06-27","2021","06","27","","22.8","","18.4","","20.6","","0.0","","2.6","","","","","","0.0","","","","24","","40",""
"-78.17","43.95","COBOURG (AUT)","6151684","2021-06-28","2021","06","28","","26.7","","16.9","","21.8","","0.0","","3.8","","","","","","0.2","","","","","","",""
"-78.17","43.95","COBOURG (AUT)","6151684","2021-06-29","2021","06","29","","23.5","","17.9","","20.7","","0.0","","2.7","","","","","","2.8","","","","","","",""
"-78.17","43.95","COBOURG (AUT)","6151684","2021-06-30","2021","06","30","","26.5","","17.5","","22.0","","0.0","","4.0","","","","","","0.0","","","","","","",""
"-78.17","43.95","COBOURG (AUT)","6151684","2021-07-01","2021","07","01","","21.8","","15.5","","18.7","","0.0","","0.7","","","","","","3.6","","","","","","",""
"-78.17","43.95","COBOURG (AUT)","6151684","2021-07-02","2021","07","02","","23.3","","16.4","","19.9","","0.0","","1.9","","","","","","29.5","","","","","","",""
"-78.17","43.95","COBOURG (AUT)","6151684","2021-07-03","2021","07","03","","20.3","","14.3","","17.3","","0.7","","0.0","","","","","","3.5","","","","","","",""
"-78.17","43.95","COBOURG (AUT)","6151684","2021-07-04","2021","07","04","","21.0","","15.9","","18.4","","0.0","","0.4","","","","","","0.9","","","","","","",""
"-78.17","43.95","COBOURG (AUT)","6151684","2021-07-05","2021","07","05","","24.6","","16.8","","20.7","","0.0","","2.7","","","","","","4.9","","","","34","","42",""
"-78.17","43.95","COBOURG (AUT)","6151684","2021-07-06","2021","07","06","","30.3","","19.2","","24.7","","0.0","","6.7","","","","","","0.0","","","","25","","35",""
"-78.17","43.95","COBOURG (AUT)","6151684","2021-07-07","2021","07","07","","21.4","","14.1","","17.7","","0.3","","0.0","","","","","","1.5","","","","","","",""
"-78.17","43.95","COBOURG (AUT)","6151684","2021-07-08","2021","07","08","","19.3","","13.8","","16.6","","1.4","","0.0","","","","","","24.8","","","","","","",""
"-78.17","43.95","COBOURG (AUT)","6151684","2021-07-09","2021","07","09","","20.4","","15.9","","18.1","","0.0","","0.1","","","","","","0.9","","","","","","",""
"-78.17","43.95","COBOURG (AUT)","6151684","2021-07-10","2021","07","10","","21.6","","14.7","","18.1","","0.0","","0.1","","","","","","0.8","","","","","","",""
"-78.17","43.95","COBOURG (AUT)","6151684","2021-07-11","2021","07","11","","22.1","","13.9","","18.0","","0.0","","0.0","","","","","","0.2","","","","","","",""
"-78.17","43.95","COBOURG (AUT)","6151684","2021-07-12","2021","07","12","","24.0","","18.5","","21.3","","0.0","","3.3","","","","","","1.4","","","","","","",""
"-78.17","43.95","COBOURG (AUT)","6151684","2021-07-13","2021","07","13","","25.1","","20.8","","22.9","","0.0","","4.9","","","","","","3.2","","","","","","",""
"-78.17","43.95","COBOURG (AUT)","6151684","2021-07-14","2021","07","14","","23.7","","20.0","","21.8","","0.0","","3.8","","","","","","0.0","","","","","","",""
"-78.17","43.95","COBOURG (AUT)","6151684","2021-07-15","2021","07","15","","25.2","","18.3","","21.7","","0.0","","3.7","","","","","","31.1","","","","28","","54",""
"-78.17","43.95","COBOURG (AUT)","6151684","2021-07-16","2021","07","16","","22.7","","18.3","","20.5","","0.0","","2.5","","","","","","0.0","","","","","","",""
"-78.17","43.95","COBOURG (AUT)","6151684","2021-07-17","2021","07","17","","21.2","","18.5","","19.8","","0.0","","1.8","","","","","","1.4","","","","","","",""
"-78.17","43.95","COBOURG (AUT)","6151684","2021-07-18","2021","07","18","","22.7","","17.2","","19.9","","0.0","","1.9","","","","","","0.9","","","","","","",""
"-78.17","43.95","COBOURG (AUT)","6151684","2021-07-19","2021","07","19","","28.1","","19.8","","23.9","","0.0","","5.9","","","","","","0.0","","","","","","",""
"-78.17","43.95","COBOURG (AUT)","6151684","2021-07-20","2021","07","20","","24.4","","16.9","","20.7","","0.0","","2.7","","","","","","11.8","","","","","","",""
"-78.17","43.95","COBOURG (AUT)","6151684","2021-07-21","2021","07","21","","25.3","","14.3","","19.8","","0.0","","1.8","","","","","","0.0","","","","","","",""
"-78.17","43.95","COBOURG (AUT)","6151684","2021-07-22","2021","07","22","","23.8","","14.4","","19.1","","0.0","","1.1","","","","","","0.0","","","","22","","35",""
"-78.17","43.95","COBOURG (AUT)","6151684","2021-07-23","2021","07","23","","23.7","","14.5","","19.1","","0.0","","1.1","","","","","","0.0","","","","","","",""
"-78.17","43.95","COBOURG (AUT)","6151684","2021-07-24","2021","07","24","","22.0","","14.0","","18.0","","0.0","","0.0","","","","","","5.8","","","","25","","42",""
"-78.17","43.95","COBOURG (AUT)","6151684","2021-07-25","2021","07","25","","24.3","","18.1","","21.2","","0.0","","3.2","","","","","","0.0","","","","27","","32",""
"-78.17","43.95","COBOURG (AUT)","6151684","2021-07-26","2021","07","26","","25.5","","15.1","","20.3","","0.0","","2.3","","","","","","0.5","","","","","","",""
"-78.17","43.95","COBOURG (AUT)","6151684","2021-07-27","2021","07","27","","22.3","","14.9","","18.6","","0.0","","0.6","","","","","","3.8","","","","","","",""
"-78.17","43.95","COBOURG (AUT)","6151684","2021-07-28","2021","07","28","","22.5","","14.2","","18.3","","0.0","","0.3","","","","","","1.1","","","","","","",""
"-78.17","43.95","COBOURG (AUT)","6151684","2021-07-29","2021","07","29","","21.7","","15.7","","18.7","","0.0","","0.7","","","","","","8.5","","","","","","",""
"-78.17","43.95","COBOURG (AUT)","6151684","2021-07-30","2021","07","30","","21.5","","11.1","","16.3","","1.7","","0.0","","","","","","0.0","","","","33","","34",""
"-78.17","43.95","COBOURG (AUT)","6151684","2021-07-31","2021","07","31","","19.1","","10.6","","14.9","","3.1","","0.0","","","","","","4.6","","","","","","",""
"-78.17","43.95","COBOURG (AUT)","6151684","2021-08-01","2021","08","01","","20.9","","16.1","","18.5","","0.0","","0.5","","","","","","5.1","","","","","","",""
"-78.17","43.95","COBOURG (AUT)","6151684","2021-08-02","2021","08","02","","23.8","","13.4","","18.6","","0.0","","0.6","","","","","","0.0","","","","25","","33",""
"-78.17","43.95","COBOURG (AUT)","6151684","2021-08-03","2021","08","03","","22.3","","11.8","","17.0","","1.0","","0.0","","","","","","0.0","","","","","","",""
"-78.17","43.95","COBOURG (AUT)","6151684","2021-08-04","2021","08","04","","24.7","","14.8","","19.7","","0.0","","1.7","","","","","","1.0","","","","","","",""
"-78.17","43.95","COBOURG (AUT)","6151684","2021-08-05","2021","08","05","","24.6","","14.2","","19.4","","0.0","","1.4","","","","","","1.2","","","","","","",""
"-78.17","43.95","COBOURG (AUT)","6151684","2021-08-06","2021","08","06","","26.5","","15.9","","21.2","","0.0","","3.2","","","","","","1.0","","","","","","",""
"-78.17","43.95","COBOURG (AUT)","6151684","2021-08-07","2021","08","07","","25.4","","19.1","","22.2","","0.0","","4.2","","","","","","1.2","","","","","","",""
"-78.17","43.95","COBOURG (AUT)","6151684","2021-08-08","2021","08","08","","25.2","","19.2","","22.2","","0.0","","4.2","","","","","","0.2","","","","","","",""
"-78.17","43.95","COBOURG (AUT)","6151684","2021-08-09","2021","08","09","","27.2","","20.6","","23.9","","0.0","","5.9","","","","","","0.6","","","","","","",""
"-78.17","43.95","COBOURG (AUT)","6151684","2021-08-10","2021","08","10","","27.6","","23.3","","25.5","","0.0","","7.5","","","","","","2.1","","","","","","",""
"-78.17","43.95","COBOURG (AUT)","6151684","2021-08-11","2021","08","11","","26.3","","22.4","","24.4","","0.0","","6.4","","","","","","0.0","","","","27","","46",""
"-78.17","43.95","COBOURG (AUT)","6151684","2021-08-12","2021","08","12","","25.2","","20.3","","22.7","","0.0","","4.7","","","","","","0.3","","","","25","","39",""
"-78.17","43.95","COBOURG (AUT)","6151684","2021-08-13","2021","08","13","","25.1","","20.2","","22.7","","0.0","","4.7","","","","","","0.2","","","","","","",""
"-78.17","43.95","COBOURG (AUT)","6151684","2021-08-14","2021","08","14","","24.4","","14.8","","19.6","","0.0","","1.6","","","","","","0.7","","","","34","","32",""
"-78.17","43.95","COBOURG (AUT)","6151684","2021-08-15","2021","08","15","","22.2","","13.2","","17.7","","0.3","","0.0","","","","","","0.8","","","","","","",""
"-78.17","43.95","COBOURG (AUT)","6151684","2021-08-16","2021","08","16","","23.5","","13.1","","18.3","","0.0","","0.3","","","","","","0.6","","","","","","",""
"-78.17","43.95","COBOURG (AUT)","6151684","2021-08-17","2021","08","17","","25.6","","20.5","","23.1","","0.0","","5.1","","","","","","0.0","","","","","","",""
"-78.17","43.95","COBOURG (AUT)","6151684","2021-08-18","2021","08","18","","25.4","","19.7","","22.5","","0.0","","4.5","","","","","","0.6","","","","","","",""
"-78.17","43.95","COBOURG (AUT)","6151684","2021-08-19","2021","08","19","","28.0","","21.6","","24.8","","0.0","","6.8","","","","","","0.0","","","","","","",""
"-78.17","43.95","COBOURG (AUT)","6151684","2021-08-20","2021","08","20","","25.7","","19.8","","22.8","","0.0","","4.8","","","","","","0.9","","","","","","",""
"-78.17","43.95","COBOURG (AUT)","6151684","2021-08-21","2021","08","21","","28.1","","21.4","","24.8","","0.0","","6.8","","","","","","1.1","","","","","","",""
"-78.17","43.95","COBOURG (AUT)","6151684","2021-08-22","2021","08","22","","26.5","","21.9","","24.2","","0.0","","6.2","","","","","","0.0","","","","","","",""
"-78.17","43.95","COBOURG (AUT)","6151684","2021-08-23","2021","08","23","","28.4","","21.2","","24.8","","0.0","","6.8","","","","","","0.7","","","","","","",""
"-78.17","43.95","COBOURG (AUT)","6151684","2021-08-24","2021","08","24","","26.6","","19.2","","22.9","","0.0","","4.9","","","","","","0.6","","","","","","",""
"-78.17","43.95","COBOURG (AUT)","6151684","2021-08-25","2021","08","25","","27.3","","19.8","","23.6","","0.0","","5.6","","","","","","1.1","","","","","","",""
"-78.17","43.95","COBOURG (AUT)","6151684","2021-08-26","2021","08","26","","27.3","","21.8","","24.6","","0.0","","6.6","","","","","","0.0","","","","","","",""
"-78.17","43.95","COBOURG (AUT)","6151684","2021-08-27","2021","08","27","","27.2","","18.8","","23.0","","0.0","","5.0","","","","","","0.0","","","","","","",""
"-78.17","43.95","COBOURG (AUT)","6151684","2021-08-28","2021","08","28","","26.7","","18.3","","22.5","","0.0","","4.5","","","","","","0.3","","","","","","",""
"-78.17","43.95","COBOURG (AUT)","6151684","2021-08-29","2021","08","29","","28.3","","21.6","","25.0","","0.0","","7.0","","","","","","1.3","","","","26","","42",""
"-78.17","43.95","COBOURG (AUT)","6151684","2021-08-30","2021","08","30","","27.5","","19.2","","23.3","","0.0","","5.3","","","","","","2.8","","","","25","","47",""
"-78.17","43.95","COBOURG (AUT)","6151684","2021-08-31","2021","08","31","","25.9","","15.8","","20.8","","0.0","","2.8","","","","","","0.0","","","","","","",""
"-78.17","43.95","COBOURG (AUT)","6151684","2021-09-01","2021","09","01","","23.7","","14.2","","19.0","","0.0","","1.0","","","","","","0.6","","","","","","",""
"-78.17","43.95","COBOURG (AUT)","6151684","2021-09-02","2021","09","02","","19.7","","10.2","","14.9","","3.1","","0.0","","","","","","0.0","","","","30","","33",""
"-78.17","43.95","COBOURG (AUT)","6151684","2021-09-03","2021","09","03","","21.0","","12.8","","16.9","","1.1","","0.0","","","","","","0.0","","","","","","",""
"-78.17","43.95","COBOURG (AUT)","6151684","2021-09-04","2021","09","04","","22.4","","12.6","","17.5","","0.5","","0.0","","","","","","0.8","","","","","","",""
"-78.17","43.95","COBOURG (AUT)","6151684","2021-09-05","2021","09","05","","25.9","","18.3","","22.1","","0.0","","4.1","","","","","","1.1","","","","24","","42",""
"-78.17","43.95","COBOURG (AUT)","6151684","2021-09-06","2021","09","06","","23.4","","12.6","","18.0","","0.0","","0.0","","","","","","0.7","","","","29","","41",""
"-78.17","43.95","COBOURG (AUT)","6151684","2021-09-07","2021","09","07","","20.8","","11.5","","16.1","","1.9","","0.0","","","","","","21.0","","","","22","","54",""
"-78.17","43.95","COBOURG (AUT)","6151684","2021-09-08","2021","09","08","","21.6","","14.3","","17.9","","0.1","","0.0","","","","","","29.1","","","","16","","47",""
"-78.17","43.95","COBOURG (AUT)","6151684","2021-09-09","2021","09","09","","20.6","","12.2","","16.4","","1.6","","0.0","","","","","","1.1","","","","27","","32",""
"-78.17","43.95","COBOURG (AUT)","6151684","2021-09-10","2021","09","10","","20.0","","11.3","","15.6","","2.4","","0.0","","","","","","1.0","","","","","","",""
"-78.17","43.95","COBOURG (AUT)","6151684","2021-09-11","2021","09","11","","21.0","","10.1","","15.5","","2.5","","0.0","","","","","","0.3","","","","","","",""
"-78.17","43.95","COBOURG (AUT)","6151684","2021-09-12","2021","09","12","","20.2","","14.2","","17.2","","0.8","","0.0","","","","","","0.0","","","","27","","34",""
"-78.17","43.95","COBOURG (AUT)","6151684","2021-09-13","2021","09","13","","19.3","","11.5","","15.4","","2.6","","0.0","","","","","","0.0","","","","","","",""
"-78.17","43.95","COBOURG (AUT)","6151684","2021-09-14","2021","09","14","","22.9","","13.4","","18.2","","0.0","","0.2","","","","","","13.6","","","","31","","36",""
"-78.17","43.95","COBOURG (AUT)","6151684","2021-09-15","2021","09","15","","22.1","","13.1","","17.6","","0.4","","0.0","","","","","","1.5","","","","","","",""
"-78.17","43.95","COBOURG (AUT)","6151684","2021-09-16","2021","09","16","","22.6","","11.3","","17.0","","1.0","","0.0","","","","","","0.0","","","","","","",""
"-78.17","43.95","COBOURG (AUT)","6151684","2021-09-17","2021","09","17","","23.9","","16.5","","20.2","","0.0","","2.2","","","","","","0.0","","","","","","",""
"-78.17","43.95","COBOURG (AUT)","6151684","2021-09-18","2021","09","18","","24.2","","13.8","","19.0","","0.0","","1.0","","","","","","0.0","","","","","","",""
"-78.17","43.95","COBOURG (AUT)","6151684","2021-09-19","2021","09","19","","21.0","","10.9","","15.9","","2.1","","0.0","","","","","","0.2","","","","","","",""
"-78.17","43.95","COBOURG (AUT)","6151684","2021-09-20","2021","09","20","","23.7","","12.1","","17.9","","0.1","","0.0","","","","","","0.0","","","","","","",""
"-78.17","43.95","COBOURG (AUT)","6151684","2021-09-21","2021","09","21","","24.3","","19.6","","21.9","","0.0","","3.9","","","","","","0.7","","","","","","",""
"-78.17","43.95","COBOURG (AUT)","6151684","2021-09-22","2021","09","22","","21.3","","19.6","","20.4","","0.0","","2.4","","","","","","21.5","","","","17","","42",""
"-78.17","43.95","COBOURG (AUT)","6151684","2021-09-23","2021","09","23","","21.4","","15.9","","18.6","","0.0","","0.6","","","","","","40.5","","","","23","","54",""
"-78.17","43.95","COBOURG (AUT)","6151684","2021-09-24","2021","09","24","","17.4","","9.1","","13.3","","4.7","","0.0","","","","","","0.6","","","","22","","58",""
"-78.17","43.95","COBOURG (AUT)","6151684","2021-09-25","2021","09","25","","20.9","","9.2","","15.1","","2.9","","0.0","","","","","","0.9","","","","25","","53",""
"-78.17","43.95","COBOURG (AUT)","6151684","2021-09-26","2021","09","26","","19.1","","8.6","","13.8","","4.2","","0.0","","","","","","0.0","","","","25","","43",""
"-78.17","43.95","COBOURG (AUT)","6151684","2021-09-27","2021","09","27","","19.1","","15.3","","17.2","","0.8","","0.0","","","","","","6.4","","","","26","","38",""
"-78.17","43.95","COBOURG (AUT)","6151684","2021-09-28","2021","09","28","","16.4","","8.7","","12.5","","5.5","","0.0","","","","","","0.0","","","","","","",""
"-78.17","43.95","COBOURG (AUT)","6151684","2021-09-29","2021","09","29","","19.4","","7.3","","13.4","","4.6","","0.0","","","","","","0.0","","","","","","",""
"-78.17","43.95","COBOURG (AUT)","6151684","2021-09-30","2021","09","30","","14.9","","10.2","","12.6","","5.4","","0.0","","","","","","0.0","","","","","","",""
"-78.17","43.95","COBOURG (AUT)","6151684","2021-10-01","2021","10","01","","16.3","","10.5","","13.4","","4.6","","0.0","","","","","","0.0","","","","","","",""
"-78.17","43.95","COBOURG (AUT)","6151684","2021-10-02","2021","10","02","","19.8","","14.5","","17.1","","0.9","","0.0","","","","","","0.0","","","","","","",""
"-78.17","43.95","COBOURG (AUT)","6151684","2021-10-03","2021","10","03","","17.5","","14.3","","15.9","","2.1","","0.0","","","","","","10.6","","","","","","",""
"-78.17","43.95","COBOURG (AUT)","6151684","2021-10-04","2021","10","04","","15.4","","13.4","","14.4","","3.6","","0.0","","","","","","4.4","","","","","","",""
"-78.17","43.95","COBOURG (AUT)","6151684","2021-10-05","2021","10","05","","18.4","","11.7","","15.0","","3.0","","0.0","","","","","","0.3","","","","","","",""
"-78.17","43.95","COBOURG (AUT)","6151684","2021-10-06","2021","10","06","","18.5","","11.7","","15.1","","2.9","","0.0","","","","","","0.0","","","","","","",""
"-78.17","43.95","COBOURG (AUT)","6151684","2021-10-07","2021","10","07","","20.1","","15.1","","17.6","","0.4","","0.0","","","","","","0.0","","","","","","",""
"-78.17","43.95","COBOURG (AUT)","6151684","2021-10-08","2021","10","08","","20.8","","15.2","","18.0","","0.0","","0.0","","","","","","0.0","","","","","","",""
"-78.17","43.95","COBOURG (AUT)","6151684","2021-10-09","2021","10","09","","18.6","","17.5","","18.0","","0.0","","0.0","","","","","","2.6","","","","15","","41",""
"-78.17","43.95","COBOURG (AUT)","6151684","2021-10-10","2021","10","10","","20.3","","17.2","","18.8","","0.0","","0.8","","","","","","0.8","","","","16","","31",""
"-78.17","43.95","COBOURG (AUT)","6151684","2021-10-11","2021","10","11","","21.5","","16.8","","19.2","","0.0","","1.2","","","","","","0.2","","","","","","",""
"-78.17","43.95","COBOURG (AUT)","6151684","2021-10-12","2021","10","12","","21.9","","15.9","","18.9","","0.0","","0.9","","","","","","4.1","","","","","","",""
"-78.17","43.95","COBOURG (AUT)","6151684","2021-10-13","2021","10","13","","19.3","","16.4","","17.8","","0.2","","0.0","","","","","","0.2","","","","","","",""
"-78.17","43.95","COBOURG (AUT)","6151684","2021-10-14","2021","10","14","","20.5","","14.1","","17.3","","0.7","","0.0","","","","","","2.0","","","","","","",""
"-78.17","43.95","COBOURG (AUT)","6151684","2021-10-15","2021","10","15","","19.6","","14.5","","17.0","","1.0","","0.0","","","","","","6.3","","","","","","",""
"-78.17","43.95","COBOURG (AUT)","6151684","2021-10-16","2021","10","16","","18.2","","9.9","","14.0","","4.0","","0.0","","","","","","5.0","","","","27","","37",""
"-78.17","43.95","COBOURG (AUT)","6151684","2021-10-17","2021","10","17","","14.1","","7.9","","11.0","","7.0","","0.0","","","","","","0.2","","","","31","","45",""
"-78.17","43.95","COBOURG (AUT)","6151684","2021-10-18","2021","10","18","","12.5","","4.2","","8.3","","9.7","","0.0","","","","","","0.0","","","","","","",""
"-78.17","43.95","COBOURG (AUT)","6151684","2021-10-19","2021","10","19","","15.8","","3.6","","9.7","","8.3","","0.0","","","","","","0.2","","","","27","","32",""
"-78.17","43.95","COBOURG (AUT)","6151684","2021-10-20","2021","10","20","","14.9","","8.7","","11.8","","6.2","","0.0","","","","","","0.0","","","","","","",""
"-78.17","43.95","COBOURG (AUT)","6151684","2021-10-21","2021","10","21","","15.5","","9.0","","12.2","","5.8","","0.0","","","","","","11.4","","","","31","","32",""
"-78.17","43.95","COBOURG (AUT)","6151684","2021-10-22","2021","10","22","","11.1","","2.3","","6.7","","11.3","","0.0","","","","","","0.3","","","","31","","38",""
"-78.17","43.95","COBOURG (AUT)","6151684","2021-10-23","2021","10","23","","9.9","","2.4","","6.1","","11.9","","0.0","","","","","","0.8","","","","","","",""
"-78.17","43.95","COBOURG (AUT)","6151684","2021-10-24","2021","10","24","","13.6","","2.2","","7.9","","10.1","","0.0","","","","","","1.0","","","","","","",""
"-78.17","43.95","COBOURG (AUT)","6151684","2021-10-25","2021","10","25","","9.4","","6.0","","7.7","","10.3","","0.0","","","","","","12.9","","","","7","","39",""
"-78.17","43.95","COBOURG (AUT)","6151684","2021-10-26","2021","10","26","","10.4","","5.9","","8.2","","9.8","","0.0","","","","","","10.1","","","","5","","40",""
"-78.17","43.95","COBOURG (AUT)","6151684","2021-10-27","2021","10","27","","15.8","","5.6","","10.7","","7.3","","0.0","","","","","","0.4","","","","","","",""
"-78.17","43.95","COBOURG (AUT)","6151684","2021-10-28","2021","10","28","","12.0","","6.2","","9.1","","8.9","","0.0","","","","","","0.0","","","","","","",""
"-78.17","43.95","COBOURG (AUT)","6151684","2021-10-29","2021","10","29","","","M","","M","","M","","M","","M","","","","","","M","","","","M","","M"
"-78.17","43.95","COBOURG (AUT)","6151684","2021-10-30","2021","10","30","","10.0","","7.3","","8.6","","9.4","","0.0","","","","","","9.0","","","","2","","35",""
"-78.17","43.95","COBOURG (AUT)","6151684","2021-10-31","2021","10","31","","15.1","","8.9","","12.0","","6.0","","0.0","","","","","","0.3","","","","29","","40",""
"-78.17","43.95","COBOURG (AUT)","6151684","2021-11-01","2021","11","01","","11.1","","1.7","","6.4","","11.6","","0.0","","","","","","0.0","","","","25","","52",""
"-78.17","43.95","COBOURG (AUT)","6151684","2021-11-02","2021","11","02","","9.1","","0.2","","4.7","","13.3","","0.0","","","","","","0.4","","","","28","","53",""
"-78.17","43.95","COBOURG (AUT)","6151684","2021-11-03","2021","11","03","","7.8","","-2.1","","2.9","","15.1","","0.0","","","","","","0.0","","","","26","","32",""
"-78.17","43.95","COBOURG (AUT)","6151684","2021-11-04","2021","11","04","","7.9","","-2.2","","2.9","","15.1","","0.0","","","","","","0.2","","","","","","",""
"-78.17","43.95","COBOURG (AUT)","6151684","2021-11-05","2021","11","05","","8.2","","-1.4","","3.4","","14.6","","0.0","","","","","","0.6","","","","","","",""
"-78.17","43.95","COBOURG (AUT)","6151684","2021-11-06","2021","11","06","","11.7","","1.0","","6.3","","11.7","","0.0","","","","","","0.0","","","","","","",""
"-78.17","43.95","COBOURG (AUT)","6151684","2021-11-07","2021","11","07","","11.3","","-0.1","","5.6","","12.4","","0.0","","","","","","0.0","","","","","","",""
"-78.17","43.95","COBOURG (AUT)","6151684","2021-11-08","2021","11","08","","12.7","","1.8","","7.3","","10.7","","0.0","","","","","","1.2","","","","","","",""
"-78.17","43.95","COBOURG (AUT)","6151684","2021-11-09","2021","11","09","","13.8","","5.5","","9.7","","8.3","","0.0","","","","","","4.1","","","","","","",""
"-78.17","43.95","COBOURG (AUT)","6151684","2021-11-10","2021","11","10","","10.2","","1.2","","5.7","","12.3","","0.0","","","","","","0.2","","","","","","",""
"-78.17","43.95","COBOURG (AUT)","6151684","2021-11-11","2021","11","11","","12.4","","2.0","","7.2","","10.8","","0.0","","","","","","1.4","","","","10","","44",""
"-78.17","43.95","COBOURG (AUT)","6151684","2021-11-12","2021","11","12","","12.7","","5.9","","9.3","","8.7","","0.0","","","","","","3.5","","","","18","","63",""
"-78.17","43.95","COBOURG (AUT)","6151684","2021-11-13","2021","11","13","","8.7","","3.4","","6.0","","12.0","","0.0","","","","","","3.9","","","","25","","55",""
"-78.17","43.95","COBOURG (AUT)","6151684","2021-11-14","2021","11","14","","6.3","","0.9","","3.6","","14.4","","0.0","","","","","","17.0","","","","22","","47",""
"-78.17","43.95","COBOURG (AUT)","6151684","2021-11-15","2021","11","15","","5.7","","-2.2","","1.8","","16.2","","0.0","","","","","","0.7","","","","31","","35",""
"-78.17","43.95","COBOURG (AUT)","6151684","2021-11-16","2021","11","16","","6.1","","-1.8","","2.2","","15.8","","0.0","","","","","","0.0","","","","","","",""
"-78.17","43.95","COBOURG (AUT)","6151684","2021-11-17","2021","11","17","","13.6","","-0.1","","6.8","","11.2","","0.0","","","","","","0.5","","","","12","","35",""
"-78.17","43.95","COBOURG (AUT)","6151684","2021-11-18","2021","11","18","","12.7","","3.0","","7.8","","10.2","","0.0","","","","","","2.7","","","","25","","48",""
"-78.17","43.95","COBOURG (AUT)","6151684","2021-11-19","2021","11","19","","4.9","","-2.9","","1.0","","17.0","","0.0","","","","","","0.0","","","","32","","42",""
"-78.17","43.95","COBOURG (AUT)","6151684","2021-11-20","2021","11","20","","6.7","","-2.8","","1.9","","16.1","","0.0","","","","","","0.2","","","","19","","42",""
"-78.17","43.95","COBOURG (AUT)","6151684","2021-11-21","2021","11","21","","8.8","","1.7","","5.3","","12.7","","0.0","","","","","","4.4","","","","21","","47",""
"-78.17","43.95","COBOURG (AUT)","6151684","2021-11-22","2021","11","22","","7.4","","-1.8","","2.8","","15.2","","0.0","","","","","","0.4","","","","25","","60",""
"-78.17","43.95","COBOURG (AUT)","6151684","2021-11-23","2021","11","23","","0.9","","-6.4","","-2.7","","20.7","","0.0","","","","","","0.2","","","","","","",""
"-78.17","43.95","COBOURG (AUT)","6151684","2021-11-24","2021","11","24","","9.4","","-6.3","","1.6","","16.4","","0.0","","","","","","0.0","","","","22","","33",""
"-78.17","43.95","COBOURG (AUT)","6151684","2021-11-25","2021","11","25","","6.4","","4.8","","5.6","","12.4","","0.0","","","","","","3.4","","","","","","",""
"-78.17","43.95","COBOURG (AUT)","6151684","2021-11-26","2021","11","26","","5.0","","-4.3","","0.3","","17.7","","0.0","","","","","","0.8","","","","31","","43",""
"-78.17","43.95","COBOURG (AUT)","6151684","2021-11-27","2021","11","27","","1.2","","-6.1","","-2.5","","20.5","","0.0","","","","","","0.2","","","","31","","38",""
"-78.17","43.95","COBOURG (AUT)","6151684","2021-11-28","2021","11","28","","-1.2","","-4.4","","-2.8","","20.8","","0.0","","","","","","2.7","","1","","","","",""
"-78.17","43.95","COBOURG (AUT)","6151684","2021-11-29","2021","11","29","","0.7","","-9.1","","-4.2","","22.2","","0.0","","","","","","0.2","","4","","","","",""
"-78.17","43.95","COBOURG (AUT)","6151684","2021-11-30","2021","11","30","","3.5","","-3.6","","0.0","","18.0","","0.0","","","","","","2.9","","3","","27","","33",""
"-78.17","43.95","COBOURG (AUT)","6151684","2021-12-01","2021","12","01","","5.9","","0.2","","3.1","","14.9","","0.0","","","","","","1.0","","1","","30","","41",""
"-78.17","43.95","COBOURG (AUT)","6151684","2021-12-02","2021","12","02","","9.4","","0.2","","4.8","","13.2","","0.0","","","","","","1.8","","","","21","","53",""
"-78.17","43.95","COBOURG (AUT)","6151684","2021-12-03","2021","12","03","","1.0","","-2.3","","-0.7","","18.7","","0.0","","","","","","0.2","","","","32","","35",""
"-78.17","43.95","COBOURG (AUT)","6151684","2021-12-04","2021","12","04","","5.2","","-2.0","","1.6","","16.4","","0.0","","","","","","0.0","","","","25","","58",""
"-78.17","43.95","COBOURG (AUT)","6151684","2021-12-05","2021","12","05","","4.5","","-4.2","","0.2","","17.8","","0.0","","","","","","16.7","","","","12","","42",""
"-78.17","43.95","COBOURG (AUT)","6151684","2021-12-06","2021","12","06","","","M","","M","","M","","M","","M","","","","","","M","","","","M","","M"
"-78.17","43.95","COBOURG (AUT)","6151684","2021-12-07","2021","12","07","","-0.2","","-5.0","","-2.6","","20.6","","0.0","","","","","","0.0","","","","33","","33",""
"-78.17","43.95","COBOURG (AUT)","6151684","2021-12-08","2021","12","08","","-1.6","","-6.1","","-3.9","","21.9","","0.0","","","","","","2.4","","3","","","","",""
"-78.17","43.95","COBOURG (AUT)","6151684","2021-12-09","2021","12","09","","2.5","","-8.4","","-2.9","","20.9","","0.0","","","","","","0.4","","3","","16","","44",""
"-78.17","43.95","COBOURG (AUT)","6151684","2021-12-10","2021","12","10","","5.1","","-0.2","","2.4","","15.6","","0.0","","","","","","0.2","","2","","5","","37",""
"-78.17","43.95","COBOURG (AUT)","6151684","2021-12-11","2021","12","11","","12.2","","2.7","","7.4","","10.6","","0.0","","","","","","17.2","","1","","24","","95",""
"-78.17","43.95","COBOURG (AUT)","6151684","2021-12-12","2021","12","12","","5.5","","1.0","","3.2","","14.8","","0.0","","","","","","0.0","","1","","25","","60",""
"-78.17","43.95","COBOURG (AUT)","6151684","2021-12-13","2021","12","13","","6.6","","2.3","","4.5","","13.5","","0.0","","","","","","0.0","","1","","25","","41",""
"-78.17","43.95","COBOURG (AUT)","6151684","2021-12-14","2021","12","14","","5.9","","-1.2","","2.4","","15.6","","0.0","","","","","","1.0","","1","","","","",""
"-78.17","43.95","COBOURG (AUT)","6151684","2021-12-15","2021","12","15","","7.7","","1.4","","4.6","","13.4","","0.0","","","","","","2.1","","1","","17","","36",""
"-78.17","43.95","COBOURG (AUT)","6151684","2021-12-16","2021","12","16","","11.7","","5.2","","8.5","","9.5","","0.0","","","","","","0.2","","","","25","","57",""
"-78.17","43.95","COBOURG (AUT)","6151684","2021-12-17","2021","12","17","","5.8","","-1.1","","2.4","","15.6","","0.0","","","","","","0.0","","0","","28","","50",""
"-78.17","43.95","COBOURG (AUT)","6151684","2021-12-18","2021","12","18","","0.2","","-4.9","","-2.4","","20.4","","0.0","","","","","","6.4","","0","","4","","33",""
"-78.17","43.95","COBOURG (AUT)","6151684","2021-12-19","2021","12","19","","-4.1","","-11.9","","-8.0","","26.0","","0.0","","","","","","0.2","","8","","","","",""
"-78.17","43.95","COBOURG (AUT)","6151684","2021-12-20","2021","12","20","","3.8","","-12.7","","-4.4","","22.4","","0.0","","","","","","0.3","","7","","25","","57",""
"-78.17","43.95","COBOURG (AUT)","6151684","2021-12-21","2021","12","21","","4.0","","-1.9","","1.1","","16.9","","0.0","","","","","","0.0","","0","","27","","40",""
"-78.17","43.95","COBOURG (AUT)","6151684","2021-12-22","2021","12","22","","4.6","","-6.5","","-0.9","","18.9","","0.0","","","","","","0.0","","","","25","","60",""
"-78.17","43.95","COBOURG (AUT)","6151684","2021-12-23","2021","12","23","","0.4","","-8.1","","-3.8","","21.8","","0.0","","","","","","0.0","","0","","14","","40",""
"-78.17","43.95","COBOURG (AUT)","6151684","2021-12-24","2021","12","24","","2.0","","-2.4","","-0.2","","18.2","","0.0","","","","","","1.3","","3","","10","","39",""
"-78.17","43.95","COBOURG (AUT)","6151684","2021-12-25","2021","12","25","","4.5","","2.0","","3.3","","14.7","","0.0","","","","","","10.1","","1","","","","",""
"-78.17","43.95","COBOURG (AUT)","6151684","2021-12-26","2021","12","26","","3.4","","-6.5","","-1.5","","19.5","","0.0","","","","","","0.2","","1","","31","","32",""
"-78.17","43.95","COBOURG (AUT)","6151684","2021-12-27","2021","12","27","","-2.1","","-8.1","","-5.1","","23.1","","0.0","","","","","","0.4","","1","","8","","39",""
"-78.17","43.95","COBOURG (AUT)","6151684","2021-12-28","2021","12","28","","3.0","","-3.3","","-0.2","","18.2","","0.0","","","","","","0.4","","1","","29","","34",""
"-78.17","43.95","COBOURG (AUT)","6151684","2021-12-29","2021","12","29","","2.0","","-1.1","","0.5","","17.5","","0.0","","","","","","0.4","","0","","","","",""
"-78.17","43.95","COBOURG (AUT)","6151684","2021-12-30","2021","12","30","","3.1","","-1.2","","1.0","","17.0","","0.0","","","","","","0.2","","","","","","",""
"-78.17","43.95","COBOURG (AUT)","6151684","2021-12-31","2021","12","31","","4.0","","1.1","","2.6","","15.4","","0.0","","","","","","0.0","","0","","","","",""
