"Longitude (x)","Latitude (y)","Station Name","Climate ID","Date/Time (LST)","Year","Month","Day","Time (LST)","Temp (°C)","Temp Flag","Dew Point Temp (°C)","Dew Point Temp Flag","Rel Hum (%)","Rel Hum Flag","Precip. Amount (mm)","Precip. Amount Flag","Wind Dir (10s deg)","Wind Dir Flag","Wind Spd (km/h)","Wind Spd Flag","Visibility (km)","Visibility Flag","Stn Press (kPa)","Stn Press Flag","Hmdx","Hmdx Flag","Wind Chill","Wind Chill Flag","Weather"
"-109.17","62.71","FORT RELIANCE (AUT)","2201903","2022-12-01 00:00","2022","12","01","00:00","-24.1","","-27.6","","72","","","M","19","","25","","","","99.78","","","","-37","","NA"
"-109.17","62.71","FORT RELIANCE (AUT)","2201903","2022-12-01 01:00","2022","12","01","01:00","-23.8","","-27.3","","73","","","M","19","","20","","","","99.73","","","","-35","","NA"
"-109.17","62.71","FORT RELIANCE (AUT)","2201903","2022-12-01 02:00","2022","12","01","02:00","-24.0","","-27.4","","73","","","M","19","","24","","","","99.67","","","","-37","","NA"
"-109.17","62.71","FORT RELIANCE (AUT)","2201903","2022-12-01 03:00","2022","12","01","03:00","-24.7","","-28.0","","74","","","M","19","","14","","","","99.67","","","","-35","","NA"
"-109.17","62.71","FORT RELIANCE (AUT)","2201903","2022-12-01 04:00","2022","12","01","04:00","-25.3","","-28.6","","74","","","M","19","","25","","","","99.63","","","","-38","","NA"
"-109.17","62.71","FORT RELIANCE (AUT)","2201903","2022-12-01 05:00","2022","12","01","05:00","-25.4","","-28.5","","75","","","M","18","","26","","","","99.58","","","","-39","","NA"
"-109.17","62.71","FORT RELIANCE (AUT)","2201903","2022-12-01 06:00","2022","12","01","06:00","-25.5","","-28.7","","75","","","M","19","","17","","","","99.52","","","","-37","","NA"
"-109.17","62.71","FORT RELIANCE (AUT)","2201903","2022-12-01 07:00","2022","12","01","07:00","-24.6","","-27.8","","75","","","M","17","","25","","","","99.42","","","","-38","","NA"
"-109.17","62.71","FORT RELIANCE (AUT)","2201903","2022-12-01 08:00","2022","12","01","08:00","-24.1","","-27.3","","75","","","M","18","","22","","","","99.39","","","","-36","","NA"
"-109.17","62.71","FORT RELIANCE (AUT)","2201903","2022-12-01 09:00","2022","12","01","09:00","-24.4","","-28.2","","71","","","M","17","","24","","","","99.35","","","","-37","","NA"
"-109.17","62.71","FORT RELIANCE (AUT)","2201903","2022-12-01 10:00","2022","12","01","10:00","-24.2","","-27.9","","71","","","M","18","","24","","","","99.34","","","","-37","","NA"
"-109.17","62.71","FORT RELIANCE (AUT)","2201903","2022-12-01 11:00","2022","12","01","11:00","-24.2","","-28.0","","70","","","M","17","","19","","","","99.30","","","","-36","","NA"
"-109.17","62.71","FORT RELIANCE (AUT)","2201903","2022-12-01 12:00","2022","12","01","12:00","-23.8","","-27.6","","71","","","M","17","","20","","","","99.26","","","","-35","","NA"
"-109.17","62.71","FORT RELIANCE (AUT)","2201903","2022-12-01 13:00","2022","12","01","13:00","-23.3","","-26.9","","72","","","M","19","","15","","","","99.20","","","","-33","","NA"
"-109.17","62.71","FORT RELIANCE (AUT)","2201903","2022-12-01 14:00","2022","12","01","14:00","-23.8","","-27.8","","70","","","M","19","","13","","","","99.18","","","","-33","","NA"
"-109.17","62.71","FORT RELIANCE (AUT)","2201903","2022-12-01 15:00","2022","12","01","15:00","-24.2","","-28.1","","70","","","M","18","","21","","","","99.16","","","","-36","","NA"
"-109.17","62.71","FORT RELIANCE (AUT)","2201903","2022-12-01 16:00","2022","12","01","16:00","-24.8","","-28.9","","69","","","M","18","","20","","","","99.13","","","","-37","","NA"
"-109.17","62.71","FORT RELIANCE (AUT)","2201903","2022-12-01 17:00","2022","12","01","17:00","-24.9","","-28.8","","70","","","M","17","","20","","","","99.13","","","","-37","","NA"
"-109.17","62.71","FORT RELIANCE (AUT)","2201903","2022-12-01 18:00","2022","12","01","18:00","-24.7","","-28.5","","70","","","M","18","","15","","","","99.11","","","","-35","","NA"
"-109.17","62.71","FORT RELIANCE (AUT)","2201903","2022-12-01 19:00","2022","12","01","19:00","-24.6","","-28.6","","69","","","M","18","","16","","","","99.08","","","","-35","","NA"
"-109.17","62.71","FORT RELIANCE (AUT)","2201903","2022-12-01 20:00","2022","12","01","20:00","-24.6","","-28.6","","69","","","M","18","","17","","","","99.05","","","","-35","","NA"
"-109.17","62.71","FORT RELIANCE (AUT)","2201903","2022-12-01 21:00","2022","12","01","21:00","-24.7","","-28.6","","70","","","M","18","","18","","","","99.03","","","","-36","","NA"
"-109.17","62.71","FORT RELIANCE (AUT)","2201903","2022-12-01 22:00","2022","12","01","22:00","-24.6","","-28.4","","71","","","M","19","","15","","","","99.01","","","","-35","","NA"
"-109.17","62.71","FORT RELIANCE (AUT)","2201903","2022-12-01 23:00","2022","12","01","23:00","-24.3","","-28.0","","71","","","M","18","","17","","","","99.02","","","","-35","","NA"
"-109.17","62.71","FORT RELIANCE (AUT)","2201903","2022-12-02 00:00","2022","12","02","00:00","-24.1","","-27.9","","71","","","M","18","","15","","","","99.00","","","","-34","","NA"
"-109.17","62.71","FORT RELIANCE (AUT)","2201903","2022-12-02 01:00","2022","12","02","01:00","-23.5","","-27.1","","73","","","M","17","","14","","","","98.96","","","","-33","","NA"
"-109.17","62.71","FORT RELIANCE (AUT)","2201903","2022-12-02 02:00","2022","12","02","02:00","-23.4","","-26.9","","73","","","M","18","","8","","","","98.92","","","","-30","","NA"
"-109.17","62.71","FORT RELIANCE (AUT)","2201903","2022-12-02 03:00","2022","12","02","03:00","-23.1","","-26.4","","74","","","M","17","","10","","","","98.88","","","","-31","","NA"
"-109.17","62.71","FORT RELIANCE (AUT)","2201903","2022-12-02 04:00","2022","12","02","04:00","-22.5","","-25.7","","75","","","M","16","","10","","","","98.84","","","","-30","","NA"
"-109.17","62.71","FORT RELIANCE (AUT)","2201903","2022-12-02 05:00","2022","12","02","05:00","-22.2","","-25.6","","74","","","M","18","","12","","","","98.81","","","","-31","","NA"
"-109.17","62.71","FORT RELIANCE (AUT)","2201903","2022-12-02 06:00","2022","12","02","06:00","-22.6","","-26.1","","74","","","M","18","","13","","","","98.79","","","","-32","","NA"
"-109.17","62.71","FORT RELIANCE (AUT)","2201903","2022-12-02 07:00","2022","12","02","07:00","-25.0","","-28.4","","73","","","M","3","","9","","","","98.80","","","","-33","","NA"
"-109.17","62.71","FORT RELIANCE (AUT)","2201903","2022-12-02 08:00","2022","12","02","08:00","-25.3","","-28.8","","72","","","M","3","","8","","","","98.79","","","","-32","","NA"
"-109.17","62.71","FORT RELIANCE (AUT)","2201903","2022-12-02 09:00","2022","12","02","09:00","-25.3","","-28.9","","72","","","M","4","","8","","","","98.82","","","","-32","","NA"
"-109.17","62.71","FORT RELIANCE (AUT)","2201903","2022-12-02 10:00","2022","12","02","10:00","-25.5","","-29.1","","72","","","M","4","","7","","","","98.83","","","","-32","","NA"
"-109.17","62.71","FORT RELIANCE (AUT)","2201903","2022-12-02 11:00","2022","12","02","11:00","-25.8","","-29.9","","69","","","M","3","","6","","","","98.88","","","","-32","","NA"
"-109.17","62.71","FORT RELIANCE (AUT)","2201903","2022-12-02 12:00","2022","12","02","12:00","-26.4","","-30.3","","70","","","M","1","","14","","","","98.90","","","","-37","","NA"
"-109.17","62.71","FORT RELIANCE (AUT)","2201903","2022-12-02 13:00","2022","12","02","13:00","-29.0","","-33.5","","65","","","M","1","","9","","","","98.99","","","","-37","","NA"
"-109.17","62.71","FORT RELIANCE (AUT)","2201903","2022-12-02 14:00","2022","12","02","14:00","-30.7","","-35.1","","65","","","M","3","","5","","","","99.03","","","","-36","","NA"
"-109.17","62.71","FORT RELIANCE (AUT)","2201903","2022-12-02 15:00","2022","12","02","15:00","-31.5","","-35.9","","65","","","M","2","","12","","","","99.09","","","","-42","","NA"
"-109.17","62.71","FORT RELIANCE (AUT)","2201903","2022-12-02 16:00","2022","12","02","16:00","-32.2","","-36.5","","65","","","M","4","","7","","","","99.13","","","","-40","","NA"
"-109.17","62.71","FORT RELIANCE (AUT)","2201903","2022-12-02 17:00","2022","12","02","17:00","-33.0","","-37.6","","63","","","M","4","","10","","","","99.16","","","","-43","","NA"
"-109.17","62.71","FORT RELIANCE (AUT)","2201903","2022-12-02 18:00","2022","12","02","18:00","-33.7","","-38.2","","64","","","M","4","","9","","","","99.14","","","","-43","","NA"
"-109.17","62.71","FORT RELIANCE (AUT)","2201903","2022-12-02 19:00","2022","12","02","19:00","-34.0","","-38.2","","65","","","M","3","","8","","","","99.18","","","","-43","","NA"
"-109.17","62.71","FORT RELIANCE (AUT)","2201903","2022-12-02 20:00","2022","12","02","20:00","-34.3","","-38.5","","66","","","M","4","","8","","","","99.15","","","","-43","","NA"
"-109.17","62.71","FORT RELIANCE (AUT)","2201903","2022-12-02 21:00","2022","12","02","21:00","-35.2","","-39.3","","66","","","M","5","","7","","","","99.13","","","","-43","","NA"
"-109.17","62.71","FORT RELIANCE (AUT)","2201903","2022-12-02 22:00","2022","12","02","22:00","-35.0","","-39.3","","65","","","M","7","","5","","","","99.17","","","","-41","","NA"
"-109.17","62.71","FORT RELIANCE (AUT)","2201903","2022-12-02 23:00","2022","12","02","23:00","-34.6","","-38.6","","67","","","M","7","","6","","","","99.12","","","","-42","","NA"
"-109.17","62.71","FORT RELIANCE (AUT)","2201903","2022-12-03 00:00","2022","12","03","00:00","-35.0","","-38.7","","69","","","M","8","","6","","","","99.12","","","","-42","","NA"
"-109.17","62.71","FORT RELIANCE (AUT)","2201903","2022-12-03 01:00","2022","12","03","01:00","-35.0","","-38.7","","69","","","M","8","","9","","","","99.13","","","","-45","","NA"
"-109.17","62.71","FORT RELIANCE (AUT)","2201903","2022-12-03 02:00","2022","12","03","02:00","-35.0","","-38.8","","68","","","M","8","","8","","","","99.14","","","","-44","","NA"
"-109.17","62.71","FORT RELIANCE (AUT)","2201903","2022-12-03 03:00","2022","12","03","03:00","-35.1","","-38.9","","68","","","M","8","","9","","","","99.10","","","","-45","","NA"
"-109.17","62.71","FORT RELIANCE (AUT)","2201903","2022-12-03 04:00","2022","12","03","04:00","-35.3","","-39.1","","68","","","M","8","","8","","","","99.02","","","","-44","","NA"
"-109.17","62.71","FORT RELIANCE (AUT)","2201903","2022-12-03 05:00","2022","12","03","05:00","-34.9","","-38.8","","68","","","M","8","","8","","","","98.99","","","","-44","","NA"
"-109.17","62.71","FORT RELIANCE (AUT)","2201903","2022-12-03 06:00","2022","12","03","06:00","-34.9","","-38.7","","68","","","M","8","","9","","","","98.99","","","","-44","","NA"
"-109.17","62.71","FORT RELIANCE (AUT)","2201903","2022-12-03 07:00","2022","12","03","07:00","-34.2","","-37.9","","69","","","M","8","","6","","","","98.96","","","","-41","","NA"
"-109.17","62.71","FORT RELIANCE (AUT)","2201903","2022-12-03 08:00","2022","12","03","08:00","-33.2","","-37.0","","69","","","M","10","","7","","","","98.88","","","","-41","","NA"
"-109.17","62.71","FORT RELIANCE (AUT)","2201903","2022-12-03 09:00","2022","12","03","09:00","-32.5","","-36.2","","69","","","M","8","","6","","","","98.81","","","","-39","","NA"
"-109.17","62.71","FORT RELIANCE (AUT)","2201903","2022-12-03 10:00","2022","12","03","10:00","-30.0","","-33.5","","71","","","M","16","","13","","","","98.74","","","","-41","","NA"
"-109.17","62.71","FORT RELIANCE (AUT)","2201903","2022-12-03 11:00","2022","12","03","11:00","-29.0","","-33.1","","68","","","M","16","","14","","","","98.67","","","","-40","","NA"
"-109.17","62.71","FORT RELIANCE (AUT)","2201903","2022-12-03 12:00","2022","12","03","12:00","-28.1","","-32.3","","67","","","M","16","","14","","","","98.59","","","","-39","","NA"
"-109.17","62.71","FORT RELIANCE (AUT)","2201903","2022-12-03 13:00","2022","12","03","13:00","-27.0","","-31.0","","69","","","M","17","","18","","","","98.44","","","","-39","","NA"
"-109.17","62.71","FORT RELIANCE (AUT)","2201903","2022-12-03 14:00","2022","12","03","14:00","-26.4","","-30.5","","68","","","M","16","","17","","","","98.32","","","","-38","","NA"
"-109.17","62.71","FORT RELIANCE (AUT)","2201903","2022-12-03 15:00","2022","12","03","15:00","-25.4","","-29.1","","71","","","M","16","","20","","","","98.15","","","","-37","","NA"
"-109.17","62.71","FORT RELIANCE (AUT)","2201903","2022-12-03 16:00","2022","12","03","16:00","-24.4","","-28.1","","71","","","M","17","","22","","","","97.97","","","","-37","","NA"
"-109.17","62.71","FORT RELIANCE (AUT)","2201903","2022-12-03 17:00","2022","12","03","17:00","-23.0","","-26.5","","72","","","M","15","","20","","","","97.73","","","","-34","","NA"
"-109.17","62.71","FORT RELIANCE (AUT)","2201903","2022-12-03 18:00","2022","12","03","18:00","-22.3","","-25.7","","74","","","M","17","","22","","","","97.56","","","","-34","","NA"
"-109.17","62.71","FORT RELIANCE (AUT)","2201903","2022-12-03 19:00","2022","12","03","19:00","-22.4","","-25.6","","75","","","M","15","","23","","","","97.43","","","","-34","","NA"
"-109.17","62.71","FORT RELIANCE (AUT)","2201903","2022-12-03 20:00","2022","12","03","20:00","-22.0","","-25.3","","75","","","M","17","","14","","","","97.38","","","","-31","","NA"
"-109.17","62.71","FORT RELIANCE (AUT)","2201903","2022-12-03 21:00","2022","12","03","21:00","-21.8","","-25.6","","71","","","M","15","","17","","","","97.27","","","","-32","","NA"
"-109.17","62.71","FORT RELIANCE (AUT)","2201903","2022-12-03 22:00","2022","12","03","22:00","-22.2","","-26.3","","70","","","M","13","","22","","","","97.26","","","","-34","","NA"
"-109.17","62.71","FORT RELIANCE (AUT)","2201903","2022-12-03 23:00","2022","12","03","23:00","-22.1","","-25.7","","73","","","M","13","","20","","","","97.29","","","","-33","","NA"
"-109.17","62.71","FORT RELIANCE (AUT)","2201903","2022-12-04 00:00","2022","12","04","00:00","-21.9","","-25.3","","74","","","M","9","","7","","","","97.43","","","","-28","","NA"
"-109.17","62.71","FORT RELIANCE (AUT)","2201903","2022-12-04 01:00","2022","12","04","01:00","-22.3","","-26.2","","71","","","M","9","","7","","","","97.56","","","","-28","","NA"
"-109.17","62.71","FORT RELIANCE (AUT)","2201903","2022-12-04 02:00","2022","12","04","02:00","-23.0","","-27.1","","69","","","M","6","","9","","","","97.77","","","","-30","","NA"
"-109.17","62.71","FORT RELIANCE (AUT)","2201903","2022-12-04 03:00","2022","12","04","03:00","-23.2","","-27.0","","71","","","M","4","","6","","","","97.97","","","","-29","","NA"
"-109.17","62.71","FORT RELIANCE (AUT)","2201903","2022-12-04 04:00","2022","12","04","04:00","-24.4","","-28.6","","68","","","M","2","","11","","","","98.26","","","","-33","","NA"
"-109.17","62.71","FORT RELIANCE (AUT)","2201903","2022-12-04 05:00","2022","12","04","05:00","-26.5","","-30.9","","67","","","M","3","","9","","","","98.56","","","","-34","","NA"
"-109.17","62.71","FORT RELIANCE (AUT)","2201903","2022-12-04 06:00","2022","12","04","06:00","-27.2","","-31.8","","65","","","M","4","","11","","","","98.85","","","","-36","","NA"
"-109.17","62.71","FORT RELIANCE (AUT)","2201903","2022-12-04 07:00","2022","12","04","07:00","-28.3","","-32.8","","65","","","M","4","","9","","","","99.07","","","","-37","","NA"
"-109.17","62.71","FORT RELIANCE (AUT)","2201903","2022-12-04 08:00","2022","12","04","08:00","-29.4","","-33.7","","66","","","M","35","","3","","","","99.34","","","","-33","","NA"
"-109.17","62.71","FORT RELIANCE (AUT)","2201903","2022-12-04 09:00","2022","12","04","09:00","-29.4","","-33.7","","66","","","M","1","","6","","","","99.53","","","","-36","","NA"
"-109.17","62.71","FORT RELIANCE (AUT)","2201903","2022-12-04 10:00","2022","12","04","10:00","-29.6","","-34.1","","65","","","M","4","","8","","","","99.69","","","","-38","","NA"
"-109.17","62.71","FORT RELIANCE (AUT)","2201903","2022-12-04 11:00","2022","12","04","11:00","-29.3","","-34.1","","63","","","M","3","","6","","","","99.86","","","","-36","","NA"
"-109.17","62.71","FORT RELIANCE (AUT)","2201903","2022-12-04 12:00","2022","12","04","12:00","-30.1","","-34.8","","63","","","M","5","","9","","","","99.95","","","","-39","","NA"
"-109.17","62.71","FORT RELIANCE (AUT)","2201903","2022-12-04 13:00","2022","12","04","13:00","-30.7","","-35.2","","64","","","M","5","","5","","","","100.02","","","","-36","","NA"
"-109.17","62.71","FORT RELIANCE (AUT)","2201903","2022-12-04 14:00","2022","12","04","14:00","-31.4","","-35.8","","65","","","M","3","","3","","","","100.10","","","","-35","","NA"
"-109.17","62.71","FORT RELIANCE (AUT)","2201903","2022-12-04 15:00","2022","12","04","15:00","-32.1","","-36.4","","65","","","M","1","","6","","","","100.17","","","","-39","","NA"
"-109.17","62.71","FORT RELIANCE (AUT)","2201903","2022-12-04 16:00","2022","12","04","16:00","-32.5","","-36.6","","67","","","M","3","","4","","","","100.24","","","","-37","","NA"
"-109.17","62.71","FORT RELIANCE (AUT)","2201903","2022-12-04 17:00","2022","12","04","17:00","-32.1","","-36.0","","68","","","M","8","","6","","","","100.24","","","","-39","","NA"
"-109.17","62.71","FORT RELIANCE (AUT)","2201903","2022-12-04 18:00","2022","12","04","18:00","-33.4","","-37.3","","68","","","M","4","","9","","","","100.26","","","","-43","","NA"
"-109.17","62.71","FORT RELIANCE (AUT)","2201903","2022-12-04 19:00","2022","12","04","19:00","-32.6","","-36.4","","69","","","M","7","","4","","","","100.27","","","","-37","","NA"
"-109.17","62.71","FORT RELIANCE (AUT)","2201903","2022-12-04 20:00","2022","12","04","20:00","-33.2","","-37.2","","67","","","M","6","","6","","","","100.28","","","","-40","","NA"
"-109.17","62.71","FORT RELIANCE (AUT)","2201903","2022-12-04 21:00","2022","12","04","21:00","-33.2","","-37.2","","67","","","M","2","","6","","","","100.25","","","","-40","","NA"
"-109.17","62.71","FORT RELIANCE (AUT)","2201903","2022-12-04 22:00","2022","12","04","22:00","-33.2","","-37.2","","68","","","M","5","","4","","","","100.28","","","","-38","","NA"
"-109.17","62.71","FORT RELIANCE (AUT)","2201903","2022-12-04 23:00","2022","12","04","23:00","-33.1","","-37.0","","68","","","M","3","","6","","","","100.27","","","","-40","","NA"
"-109.17","62.71","FORT RELIANCE (AUT)","2201903","2022-12-05 00:00","2022","12","05","00:00","-33.1","","-37.0","","67","","","M","2","","4","","","","100.30","","","","-38","","NA"
"-109.17","62.71","FORT RELIANCE (AUT)","2201903","2022-12-05 01:00","2022","12","05","01:00","-32.9","","-36.8","","68","","","M","2","","6","","","","100.35","","","","-40","","NA"
"-109.17","62.71","FORT RELIANCE (AUT)","2201903","2022-12-05 02:00","2022","12","05","02:00","-32.3","","-36.1","","69","","","M","1","","4","","","","100.37","","","","-37","","NA"
"-109.17","62.71","FORT RELIANCE (AUT)","2201903","2022-12-05 03:00","2022","12","05","03:00","-32.1","","-35.9","","69","","","M","3","","4","","","","100.38","","","","-37","","NA"
"-109.17","62.71","FORT RELIANCE (AUT)","2201903","2022-12-05 04:00","2022","12","05","04:00","-31.3","","-35.2","","69","","","M","2","","6","","","","100.40","","","","-38","","NA"
"-109.17","62.71","FORT RELIANCE (AUT)","2201903","2022-12-05 05:00","2022","12","05","05:00","-31.2","","-35.0","","69","","","M","1","","5","","","","100.42","","","","-37","","NA"
"-109.17","62.71","FORT RELIANCE (AUT)","2201903","2022-12-05 06:00","2022","12","05","06:00","-31.2","","-35.1","","69","","","M","1","","5","","","","100.47","","","","-37","","NA"
"-109.17","62.71","FORT RELIANCE (AUT)","2201903","2022-12-05 07:00","2022","12","05","07:00","-30.2","","-33.9","","70","","","M","1","","3","","","","100.51","","","","-34","","NA"
"-109.17","62.71","FORT RELIANCE (AUT)","2201903","2022-12-05 08:00","2022","12","05","08:00","-29.7","","-33.4","","70","","","M","2","","2","","","","100.52","","","","-32","","NA"
"-109.17","62.71","FORT RELIANCE (AUT)","2201903","2022-12-05 09:00","2022","12","05","09:00","-29.9","","-33.7","","70","","","M","35","","3","","","","100.54","","","","-33","","NA"
"-109.17","62.71","FORT RELIANCE (AUT)","2201903","2022-12-05 10:00","2022","12","05","10:00","-30.1","","-34.0","","69","","","M","2","","5","","","","100.59","","","","-36","","NA"
"-109.17","62.71","FORT RELIANCE (AUT)","2201903","2022-12-05 11:00","2022","12","05","11:00","-29.5","","-34.2","","63","","","M","36","","6","","","","100.61","","","","-36","","NA"
"-109.17","62.71","FORT RELIANCE (AUT)","2201903","2022-12-05 12:00","2022","12","05","12:00","-28.9","","-33.4","","65","","","M","32","","9","","","","100.58","","","","-37","","NA"
"-109.17","62.71","FORT RELIANCE (AUT)","2201903","2022-12-05 13:00","2022","12","05","13:00","-29.1","","-33.4","","66","","","M","31","","9","","","","100.56","","","","-38","","NA"
"-109.17","62.71","FORT RELIANCE (AUT)","2201903","2022-12-05 14:00","2022","12","05","14:00","-28.8","","-33.2","","66","","","M","32","","12","","","","100.52","","","","-39","","NA"
"-109.17","62.71","FORT RELIANCE (AUT)","2201903","2022-12-05 15:00","2022","12","05","15:00","-28.5","","-32.8","","67","","","M","31","","15","","","","100.49","","","","-40","","NA"
"-109.17","62.71","FORT RELIANCE (AUT)","2201903","2022-12-05 16:00","2022","12","05","16:00","-28.5","","-32.9","","66","","","M","31","","17","","","","100.44","","","","-40","","NA"
"-109.17","62.71","FORT RELIANCE (AUT)","2201903","2022-12-05 17:00","2022","12","05","17:00","-29.0","","-33.4","","66","","","M","31","","20","","","","100.37","","","","-42","","NA"
"-109.17","62.71","FORT RELIANCE (AUT)","2201903","2022-12-05 18:00","2022","12","05","18:00","-29.1","","-33.4","","67","","","M","30","","18","","","","100.29","","","","-41","","NA"
"-109.17","62.71","FORT RELIANCE (AUT)","2201903","2022-12-05 19:00","2022","12","05","19:00","-28.9","","-33.1","","67","","","M","30","","18","","","","100.20","","","","-41","","NA"
"-109.17","62.71","FORT RELIANCE (AUT)","2201903","2022-12-05 20:00","2022","12","05","20:00","-28.9","","-33.1","","67","","","M","30","","18","","","","100.12","","","","-41","","NA"
"-109.17","62.71","FORT RELIANCE (AUT)","2201903","2022-12-05 21:00","2022","12","05","21:00","-28.5","","-32.6","","67","","","M","29","","21","","","","100.04","","","","-41","","NA"
"-109.17","62.71","FORT RELIANCE (AUT)","2201903","2022-12-05 22:00","2022","12","05","22:00","-28.3","","-32.4","","68","","","M","29","","21","","","","99.96","","","","-41","","NA"
"-109.17","62.71","FORT RELIANCE (AUT)","2201903","2022-12-05 23:00","2022","12","05","23:00","-28.0","","-32.2","","67","","","M","29","","20","","","","99.88","","","","-41","","NA"
"-109.17","62.71","FORT RELIANCE (AUT)","2201903","2022-12-06 00:00","2022","12","06","00:00","-27.6","","-31.8","","68","","","M","30","","23","","","","99.81","","","","-41","","NA"
"-109.17","62.71","FORT RELIANCE (AUT)","2201903","2022-12-06 01:00","2022","12","06","01:00","-27.0","","-31.2","","68","","","M","30","","22","","","","99.73","","","","-40","","NA"
"-109.17","62.71","FORT RELIANCE (AUT)","2201903","2022-12-06 02:00","2022","12","06","02:00","-26.6","","-30.9","","67","","","M","30","","22","","","","99.67","","","","-39","","NA"
"-109.17","62.71","FORT RELIANCE (AUT)","2201903","2022-12-06 03:00","2022","12","06","03:00","-26.5","","-30.6","","68","","","M","30","","25","","","","99.59","","","","-40","","NA"
"-109.17","62.71","FORT RELIANCE (AUT)","2201903","2022-12-06 04:00","2022","12","06","04:00","-25.9","","-29.9","","69","","","M","30","","23","","","","99.53","","","","-39","","NA"
"-109.17","62.71","FORT RELIANCE (AUT)","2201903","2022-12-06 05:00","2022","12","06","05:00","-25.3","","-29.1","","70","","","M","29","","22","","","","99.47","","","","-38","","NA"
"-109.17","62.71","FORT RELIANCE (AUT)","2201903","2022-12-06 06:00","2022","12","06","06:00","-25.1","","-28.6","","72","","","M","30","","23","","","","99.40","","","","-38","","NA"
"-109.17","62.71","FORT RELIANCE (AUT)","2201903","2022-12-06 07:00","2022","12","06","07:00","-24.7","","-28.2","","73","","","M","29","","28","","","","99.35","","","","-38","","NA"
"-109.17","62.71","FORT RELIANCE (AUT)","2201903","2022-12-06 08:00","2022","12","06","08:00","-24.5","","-28.0","","73","","","M","30","","25","","","","99.33","","","","-37","","NA"
"-109.17","62.71","FORT RELIANCE (AUT)","2201903","2022-12-06 09:00","2022","12","06","09:00","-24.1","","-27.5","","73","","","M","29","","22","","","","99.27","","","","-36","","NA"
"-109.17","62.71","FORT RELIANCE (AUT)","2201903","2022-12-06 10:00","2022","12","06","10:00","-23.9","","-27.4","","73","","","M","28","","19","","","","99.23","","","","-35","","NA"
"-109.17","62.71","FORT RELIANCE (AUT)","2201903","2022-12-06 11:00","2022","12","06","11:00","-24.3","","-28.1","","71","","","M","25","","10","","","","99.21","","","","-32","","NA"
"-109.17","62.71","FORT RELIANCE (AUT)","2201903","2022-12-06 12:00","2022","12","06","12:00","-24.1","","-27.7","","72","","","M","25","","9","","","","99.19","","","","-32","","NA"
"-109.17","62.71","FORT RELIANCE (AUT)","2201903","2022-12-06 13:00","2022","12","06","13:00","-23.7","","-27.1","","74","","","M","27","","10","","","","99.18","","","","-32","","NA"
"-109.17","62.71","FORT RELIANCE (AUT)","2201903","2022-12-06 14:00","2022","12","06","14:00","-23.9","","-27.6","","71","","","M","25","","8","","","","99.15","","","","-31","","NA"
"-109.17","62.71","FORT RELIANCE (AUT)","2201903","2022-12-06 15:00","2022","12","06","15:00","-24.0","","-27.6","","72","","","M","25","","10","","","","99.17","","","","-32","","NA"
"-109.17","62.71","FORT RELIANCE (AUT)","2201903","2022-12-06 16:00","2022","12","06","16:00","-24.2","","-27.8","","72","","","M","24","","9","","","","99.14","","","","-32","","NA"
"-109.17","62.71","FORT RELIANCE (AUT)","2201903","2022-12-06 17:00","2022","12","06","17:00","-24.3","","-28.1","","71","","","M","25","","9","","","","99.12","","","","-32","","NA"
"-109.17","62.71","FORT RELIANCE (AUT)","2201903","2022-12-06 18:00","2022","12","06","18:00","-24.2","","-27.8","","72","","","M","26","","9","","","","99.12","","","","-32","","NA"
"-109.17","62.71","FORT RELIANCE (AUT)","2201903","2022-12-06 19:00","2022","12","06","19:00","-24.3","","-27.8","","72","","","M","23","","6","","","","99.10","","","","-30","","NA"
"-109.17","62.71","FORT RELIANCE (AUT)","2201903","2022-12-06 20:00","2022","12","06","20:00","-23.9","","-27.4","","73","","","M","25","","8","","","","99.09","","","","-31","","NA"
"-109.17","62.71","FORT RELIANCE (AUT)","2201903","2022-12-06 21:00","2022","12","06","21:00","-23.5","","-26.9","","74","","","M","21","","4","","","","99.08","","","","-27","","NA"
"-109.17","62.71","FORT RELIANCE (AUT)","2201903","2022-12-06 22:00","2022","12","06","22:00","-23.5","","-26.6","","75","","","M","19","","11","","","","99.09","","","","-32","","NA"
"-109.17","62.71","FORT RELIANCE (AUT)","2201903","2022-12-06 23:00","2022","12","06","23:00","-23.6","","-26.9","","74","","","M","19","","8","","","","99.08","","","","-30","","NA"
"-109.17","62.71","FORT RELIANCE (AUT)","2201903","2022-12-07 00:00","2022","12","07","00:00","-23.7","","-27.2","","73","","","M","20","","6","","","","99.10","","","","-29","","NA"
"-109.17","62.71","FORT RELIANCE (AUT)","2201903","2022-12-07 01:00","2022","12","07","01:00","-23.6","","-26.8","","74","","","M","20","","5","","","","99.08","","","","-28","","NA"
"-109.17","62.71","FORT RELIANCE (AUT)","2201903","2022-12-07 02:00","2022","12","07","02:00","-23.7","","-27.1","","73","","","M","20","","5","","","","99.12","","","","-28","","NA"
"-109.17","62.71","FORT RELIANCE (AUT)","2201903","2022-12-07 03:00","2022","12","07","03:00","-23.8","","-27.4","","73","","","M","19","","9","","","","99.10","","","","-31","","NA"
"-109.17","62.71","FORT RELIANCE (AUT)","2201903","2022-12-07 04:00","2022","12","07","04:00","-24.3","","-27.9","","72","","","M","18","","13","","","","99.11","","","","-34","","NA"
"-109.17","62.71","FORT RELIANCE (AUT)","2201903","2022-12-07 05:00","2022","12","07","05:00","-24.7","","-28.3","","72","","","M","17","","9","","","","99.12","","","","-32","","NA"
"-109.17","62.71","FORT RELIANCE (AUT)","2201903","2022-12-07 06:00","2022","12","07","06:00","-25.7","","-29.5","","70","","","M","17","","9","","","","99.14","","","","-33","","NA"
"-109.17","62.71","FORT RELIANCE (AUT)","2201903","2022-12-07 07:00","2022","12","07","07:00","-26.4","","-29.9","","72","","","M","16","","5","","","","99.14","","","","-32","","NA"
"-109.17","62.71","FORT RELIANCE (AUT)","2201903","2022-12-07 08:00","2022","12","07","08:00","-26.6","","-30.2","","71","","","M","3","","5","","","","99.19","","","","-32","","NA"
"-109.17","62.71","FORT RELIANCE (AUT)","2201903","2022-12-07 09:00","2022","12","07","09:00","-27.2","","-30.7","","72","","","M","6","","5","","","","99.22","","","","-32","","NA"
"-109.17","62.71","FORT RELIANCE (AUT)","2201903","2022-12-07 10:00","2022","12","07","10:00","-28.6","","-32.3","","71","","","M","4","","7","","","","99.31","","","","-36","","NA"
"-109.17","62.71","FORT RELIANCE (AUT)","2201903","2022-12-07 11:00","2022","12","07","11:00","-28.2","","-32.4","","68","","","M","3","","2","","","","99.34","","","","-30","","NA"
"-109.17","62.71","FORT RELIANCE (AUT)","2201903","2022-12-07 12:00","2022","12","07","12:00","-27.4","","-32.1","","65","","","M","3","","2","","","","99.40","","","","-30","","NA"
"-109.17","62.71","FORT RELIANCE (AUT)","2201903","2022-12-07 13:00","2022","12","07","13:00","-28.5","","-32.7","","68","","","M","4","","8","","","","99.45","","","","-36","","NA"
"-109.17","62.71","FORT RELIANCE (AUT)","2201903","2022-12-07 14:00","2022","12","07","14:00","-28.5","","-32.9","","66","","","M","0","","1","","","","99.52","","","","-30","","NA"
"-109.17","62.71","FORT RELIANCE (AUT)","2201903","2022-12-07 15:00","2022","12","07","15:00","-30.2","","-34.1","","69","","","M","4","","9","","","","99.57","","","","-39","","NA"
"-109.17","62.71","FORT RELIANCE (AUT)","2201903","2022-12-07 16:00","2022","12","07","16:00","-30.5","","-34.1","","71","","","M","3","","6","","","","99.61","","","","-37","","NA"
"-109.17","62.71","FORT RELIANCE (AUT)","2201903","2022-12-07 17:00","2022","12","07","17:00","-28.9","","-32.4","","72","","","M","12","","3","","","","99.65","","","","-32","","NA"
"-109.17","62.71","FORT RELIANCE (AUT)","2201903","2022-12-07 18:00","2022","12","07","18:00","-27.9","","-31.5","","71","","","M","16","","2","","","","99.72","","","","-30","","NA"
"-109.17","62.71","FORT RELIANCE (AUT)","2201903","2022-12-07 19:00","2022","12","07","19:00","-27.1","","-30.6","","73","","","M","19","","3","","","","99.77","","","","-30","","NA"
"-109.17","62.71","FORT RELIANCE (AUT)","2201903","2022-12-07 20:00","2022","12","07","20:00","-26.8","","-30.3","","72","","","M","19","","6","","","","99.83","","","","-33","","NA"
"-109.17","62.71","FORT RELIANCE (AUT)","2201903","2022-12-07 21:00","2022","12","07","21:00","-26.9","","-30.5","","72","","","M","17","","6","","","","99.87","","","","-33","","NA"
"-109.17","62.71","FORT RELIANCE (AUT)","2201903","2022-12-07 22:00","2022","12","07","22:00","-26.8","","-30.5","","71","","","M","17","","6","","","","99.91","","","","-33","","NA"
"-109.17","62.71","FORT RELIANCE (AUT)","2201903","2022-12-07 23:00","2022","12","07","23:00","-26.4","","-30.0","","71","","","M","19","","8","","","","99.96","","","","-34","","NA"
"-109.17","62.71","FORT RELIANCE (AUT)","2201903","2022-12-08 00:00","2022","12","08","00:00","-28.0","","-31.6","","71","","","M","8","","8","","","","99.98","","","","-36","","NA"
"-109.17","62.71","FORT RELIANCE (AUT)","2201903","2022-12-08 01:00","2022","12","08","01:00","-28.5","","-31.9","","73","","","M","11","","6","","","","100.06","","","","-35","","NA"
"-109.17","62.71","FORT RELIANCE (AUT)","2201903","2022-12-08 02:00","2022","12","08","02:00","-28.1","","-31.7","","71","","","M","9","","9","","","","100.07","","","","-36","","NA"
"-109.17","62.71","FORT RELIANCE (AUT)","2201903","2022-12-08 03:00","2022","12","08","03:00","-27.1","","-30.7","","72","","","M","7","","6","","","","100.06","","","","-33","","NA"
"-109.17","62.71","FORT RELIANCE (AUT)","2201903","2022-12-08 04:00","2022","12","08","04:00","-26.6","","-30.4","","70","","","M","8","","5","","","","100.07","","","","-32","","NA"
"-109.17","62.71","FORT RELIANCE (AUT)","2201903","2022-12-08 05:00","2022","12","08","05:00","-26.2","","-29.5","","73","","","M","6","","5","","","","100.04","","","","-31","","NA"
"-109.17","62.71","FORT RELIANCE (AUT)","2201903","2022-12-08 06:00","2022","12","08","06:00","-26.3","","-29.5","","74","","","M","5","","6","","","","100.01","","","","-32","","NA"
"-109.17","62.71","FORT RELIANCE (AUT)","2201903","2022-12-08 07:00","2022","12","08","07:00","-26.4","","-29.8","","73","","","M","7","","7","","","","99.97","","","","-33","","NA"
"-109.17","62.71","FORT RELIANCE (AUT)","2201903","2022-12-08 08:00","2022","12","08","08:00","-25.1","","-28.9","","71","","","M","13","","18","","","","99.96","","","","-36","","NA"
"-109.17","62.71","FORT RELIANCE (AUT)","2201903","2022-12-08 09:00","2022","12","08","09:00","-26.9","","-30.4","","72","","","M","12","","18","","","","99.95","","","","-39","","NA"
"-109.17","62.71","FORT RELIANCE (AUT)","2201903","2022-12-08 10:00","2022","12","08","10:00","-26.7","","-30.4","","71","","","M","10","","10","","","","99.89","","","","-35","","NA"
"-109.17","62.71","FORT RELIANCE (AUT)","2201903","2022-12-08 11:00","2022","12","08","11:00","-27.3","","-31.0","","71","","","M","5","","8","","","","99.81","","","","-35","","NA"
"-109.17","62.71","FORT RELIANCE (AUT)","2201903","2022-12-08 12:00","2022","12","08","12:00","-26.2","","-29.5","","74","","","M","13","","10","","","","99.79","","","","-35","","NA"
"-109.17","62.71","FORT RELIANCE (AUT)","2201903","2022-12-08 13:00","2022","12","08","13:00","-25.5","","-29.3","","71","","","M","10","","7","","","","99.66","","","","-32","","NA"
"-109.17","62.71","FORT RELIANCE (AUT)","2201903","2022-12-08 14:00","2022","12","08","14:00","-25.5","","-29.4","","70","","","M","10","","13","","","","99.53","","","","-35","","NA"
"-109.17","62.71","FORT RELIANCE (AUT)","2201903","2022-12-08 15:00","2022","12","08","15:00","-25.5","","-29.4","","70","","","M","7","","15","","","","99.34","","","","-36","","NA"
"-109.17","62.71","FORT RELIANCE (AUT)","2201903","2022-12-08 16:00","2022","12","08","16:00","-23.8","","-28.1","","68","","","M","9","","14","","","","99.21","","","","-33","","NA"
"-109.17","62.71","FORT RELIANCE (AUT)","2201903","2022-12-08 17:00","2022","12","08","17:00","-22.5","","-27.8","","62","","","M","9","","14","","","","99.08","","","","-32","","NA"
"-109.17","62.71","FORT RELIANCE (AUT)","2201903","2022-12-08 18:00","2022","12","08","18:00","-21.8","","-27.2","","62","","","M","10","","13","","","","98.98","","","","-31","","NA"
"-109.17","62.71","FORT RELIANCE (AUT)","2201903","2022-12-08 19:00","2022","12","08","19:00","-22.0","","-26.4","","67","","","M","10","","20","","","","98.82","","","","-33","","NA"
"-109.17","62.71","FORT RELIANCE (AUT)","2201903","2022-12-08 20:00","2022","12","08","20:00","-21.7","","-25.9","","69","","","M","7","","13","","","","98.70","","","","-30","","NA"
"-109.17","62.71","FORT RELIANCE (AUT)","2201903","2022-12-08 21:00","2022","12","08","21:00","-21.0","","-24.7","","72","","","M","9","","11","","","","98.60","","","","-29","","NA"
"-109.17","62.71","FORT RELIANCE (AUT)","2201903","2022-12-08 22:00","2022","12","08","22:00","-20.7","","-24.8","","70","","","M","9","","15","","","","98.53","","","","-30","","NA"
"-109.17","62.71","FORT RELIANCE (AUT)","2201903","2022-12-08 23:00","2022","12","08","23:00","-20.6","","-24.2","","73","","","M","10","","15","","","","98.46","","","","-30","","NA"
"-109.17","62.71","FORT RELIANCE (AUT)","2201903","2022-12-09 00:00","2022","12","09","00:00","-20.3","","-23.7","","74","","","M","8","","8","","","","98.38","","","","-27","","NA"
"-109.17","62.71","FORT RELIANCE (AUT)","2201903","2022-12-09 01:00","2022","12","09","01:00","-20.1","","-23.9","","72","","","M","8","","9","","","","98.32","","","","-27","","NA"
"-109.17","62.71","FORT RELIANCE (AUT)","2201903","2022-12-09 02:00","2022","12","09","02:00","-19.9","","-23.6","","72","","","M","9","","11","","","","98.29","","","","-28","","NA"
"-109.17","62.71","FORT RELIANCE (AUT)","2201903","2022-12-09 03:00","2022","12","09","03:00","-19.5","","-22.7","","75","","","M","9","","9","","","","98.22","","","","-26","","NA"
"-109.17","62.71","FORT RELIANCE (AUT)","2201903","2022-12-09 04:00","2022","12","09","04:00","-19.1","","-22.3","","76","","","M","7","","6","","","","98.18","","","","-24","","NA"
"-109.17","62.71","FORT RELIANCE (AUT)","2201903","2022-12-09 05:00","2022","12","09","05:00","-18.4","","-21.6","","76","","","M","10","","6","","","","98.18","","","","-23","","NA"
"-109.17","62.71","FORT RELIANCE (AUT)","2201903","2022-12-09 06:00","2022","12","09","06:00","-18.1","","-21.0","","78","","","M","7","","7","","","","98.13","","","","-23","","NA"
"-109.17","62.71","FORT RELIANCE (AUT)","2201903","2022-12-09 07:00","2022","12","09","07:00","-17.8","","-20.4","","79","","","M","6","","6","","","","98.13","","","","-22","","NA"
"-109.17","62.71","FORT RELIANCE (AUT)","2201903","2022-12-09 08:00","2022","12","09","08:00","-17.3","","-20.2","","78","","","M","6","","6","","","","98.12","","","","-22","","NA"
"-109.17","62.71","FORT RELIANCE (AUT)","2201903","2022-12-09 09:00","2022","12","09","09:00","-16.7","","-19.9","","76","","","M","5","","6","","","","98.14","","","","-21","","NA"
"-109.17","62.71","FORT RELIANCE (AUT)","2201903","2022-12-09 10:00","2022","12","09","10:00","-16.0","","-19.2","","76","","","M","6","","5","","","","98.19","","","","-20","","NA"
"-109.17","62.71","FORT RELIANCE (AUT)","2201903","2022-12-09 11:00","2022","12","09","11:00","-15.5","","-18.7","","76","","","M","4","","6","","","","98.23","","","","-20","","NA"
"-109.17","62.71","FORT RELIANCE (AUT)","2201903","2022-12-09 12:00","2022","12","09","12:00","-14.6","","-17.7","","77","","","M","4","","5","","","","98.24","","","","-18","","NA"
"-109.17","62.71","FORT RELIANCE (AUT)","2201903","2022-12-09 13:00","2022","12","09","13:00","-14.4","","-17.7","","76","","","M","4","","7","","","","98.25","","","","-19","","NA"
"-109.17","62.71","FORT RELIANCE (AUT)","2201903","2022-12-09 14:00","2022","12","09","14:00","-14.1","","-17.4","","76","","","M","5","","7","","","","98.31","","","","-19","","NA"
"-109.17","62.71","FORT RELIANCE (AUT)","2201903","2022-12-09 15:00","2022","12","09","15:00","-14.1","","-17.3","","77","","","M","6","","9","","","","98.35","","","","-20","","NA"
"-109.17","62.71","FORT RELIANCE (AUT)","2201903","2022-12-09 16:00","2022","12","09","16:00","-14.3","","-17.4","","77","","","M","4","","9","","","","98.43","","","","-20","","NA"
"-109.17","62.71","FORT RELIANCE (AUT)","2201903","2022-12-09 17:00","2022","12","09","17:00","-14.3","","-17.1","","79","","","M","3","","11","","","","98.49","","","","-21","","NA"
"-109.17","62.71","FORT RELIANCE (AUT)","2201903","2022-12-09 18:00","2022","12","09","18:00","-14.2","","-17.1","","78","","","M","4","","10","","","","98.52","","","","-20","","NA"
"-109.17","62.71","FORT RELIANCE (AUT)","2201903","2022-12-09 19:00","2022","12","09","19:00","-14.1","","-16.9","","79","","","M","5","","11","","","","98.55","","","","-21","","NA"
"-109.17","62.71","FORT RELIANCE (AUT)","2201903","2022-12-09 20:00","2022","12","09","20:00","-14.3","","-17.1","","79","","","M","3","","9","","","","98.63","","","","-20","","NA"
"-109.17","62.71","FORT RELIANCE (AUT)","2201903","2022-12-09 21:00","2022","12","09","21:00","-13.8","","-16.6","","80","","","M","4","","7","","","","98.68","","","","-18","","NA"
"-109.17","62.71","FORT RELIANCE (AUT)","2201903","2022-12-09 22:00","2022","12","09","22:00","-13.9","","-16.9","","78","","","M","6","","16","","","","98.70","","","","-22","","NA"
"-109.17","62.71","FORT RELIANCE (AUT)","2201903","2022-12-09 23:00","2022","12","09","23:00","-14.0","","-17.1","","77","","","M","8","","16","","","","98.75","","","","-22","","NA"
"-109.17","62.71","FORT RELIANCE (AUT)","2201903","2022-12-10 00:00","2022","12","10","00:00","-14.0","","-16.7","","80","","","M","8","","15","","","","98.83","","","","-22","","NA"
"-109.17","62.71","FORT RELIANCE (AUT)","2201903","2022-12-10 01:00","2022","12","10","01:00","-14.2","","-17.2","","78","","","M","6","","12","","","","98.88","","","","-21","","NA"
"-109.17","62.71","FORT RELIANCE (AUT)","2201903","2022-12-10 02:00","2022","12","10","02:00","-14.2","","-16.9","","80","","","M","6","","11","","","","98.94","","","","-21","","NA"
"-109.17","62.71","FORT RELIANCE (AUT)","2201903","2022-12-10 03:00","2022","12","10","03:00","-14.1","","-16.8","","80","","","M","8","","13","","","","99.04","","","","-21","","NA"
"-109.17","62.71","FORT RELIANCE (AUT)","2201903","2022-12-10 04:00","2022","12","10","04:00","-14.2","","-17.0","","79","","","M","7","","10","","","","99.09","","","","-20","","NA"
"-109.17","62.71","FORT RELIANCE (AUT)","2201903","2022-12-10 05:00","2022","12","10","05:00","-14.3","","-17.0","","80","","","M","5","","8","","","","99.15","","","","-20","","NA"
"-109.17","62.71","FORT RELIANCE (AUT)","2201903","2022-12-10 06:00","2022","12","10","06:00","-14.3","","-17.0","","79","","","M","7","","6","","","","99.25","","","","-18","","NA"
"-109.17","62.71","FORT RELIANCE (AUT)","2201903","2022-12-10 07:00","2022","12","10","07:00","-14.9","","-17.7","","79","","","M","10","","6","","","","99.33","","","","-19","","NA"
"-109.17","62.71","FORT RELIANCE (AUT)","2201903","2022-12-10 08:00","2022","12","10","08:00","-15.5","","-18.0","","81","","","M","3","","2","","","","99.40","","","","-17","","NA"
"-109.17","62.71","FORT RELIANCE (AUT)","2201903","2022-12-10 09:00","2022","12","10","09:00","-16.0","","-18.3","","82","","","M","17","","5","","","","99.48","","","","-20","","NA"
"-109.17","62.71","FORT RELIANCE (AUT)","2201903","2022-12-10 10:00","2022","12","10","10:00","-15.4","","-17.6","","83","","","M","12","","4","","","","99.54","","","","-18","","NA"
"-109.17","62.71","FORT RELIANCE (AUT)","2201903","2022-12-10 11:00","2022","12","10","11:00","-14.9","","-17.3","","82","","","M","19","","7","","","","99.60","","","","-20","","NA"
"-109.17","62.71","FORT RELIANCE (AUT)","2201903","2022-12-10 12:00","2022","12","10","12:00","-15.7","","-18.4","","80","","","M","22","","2","","","","99.66","","","","-17","","NA"
"-109.17","62.71","FORT RELIANCE (AUT)","2201903","2022-12-10 13:00","2022","12","10","13:00","-15.9","","-18.7","","79","","","M","21","","2","","","","99.73","","","","-17","","NA"
"-109.17","62.71","FORT RELIANCE (AUT)","2201903","2022-12-10 14:00","2022","12","10","14:00","-16.3","","-18.9","","80","","","M","20","","2","","","","99.79","","","","-18","","NA"
"-109.17","62.71","FORT RELIANCE (AUT)","2201903","2022-12-10 15:00","2022","12","10","15:00","-16.3","","-19.0","","79","","","M","20","","3","","","","99.86","","","","-19","","NA"
"-109.17","62.71","FORT RELIANCE (AUT)","2201903","2022-12-10 16:00","2022","12","10","16:00","-16.3","","-18.9","","81","","","M","19","","7","","","","99.91","","","","-21","","NA"
"-109.17","62.71","FORT RELIANCE (AUT)","2201903","2022-12-10 17:00","2022","12","10","17:00","-16.7","","-19.2","","81","","","M","19","","8","","","","99.97","","","","-22","","NA"
"-109.17","62.71","FORT RELIANCE (AUT)","2201903","2022-12-10 18:00","2022","12","10","18:00","-16.8","","-19.4","","80","","","M","21","","3","","","","100.03","","","","-19","","NA"
"-109.17","62.71","FORT RELIANCE (AUT)","2201903","2022-12-10 19:00","2022","12","10","19:00","-16.9","","-19.7","","79","","","M","20","","3","","","","100.05","","","","-19","","NA"
"-109.17","62.71","FORT RELIANCE (AUT)","2201903","2022-12-10 20:00","2022","12","10","20:00","-17.3","","-19.9","","80","","","M","19","","2","","","","100.07","","","","-19","","NA"
"-109.17","62.71","FORT RELIANCE (AUT)","2201903","2022-12-10 21:00","2022","12","10","21:00","-17.3","","-19.9","","80","","","M","20","","2","","","","100.09","","","","-19","","NA"
"-109.17","62.71","FORT RELIANCE (AUT)","2201903","2022-12-10 22:00","2022","12","10","22:00","-17.5","","-20.1","","81","","","M","20","","2","","","","100.13","","","","-19","","NA"
"-109.17","62.71","FORT RELIANCE (AUT)","2201903","2022-12-10 23:00","2022","12","10","23:00","-17.6","","-20.1","","81","","","M","19","","5","","","","100.17","","","","-22","","NA"
"-109.17","62.71","FORT RELIANCE (AUT)","2201903","2022-12-11 00:00","2022","12","11","00:00","-18.6","","-21.3","","80","","","M","20","","4","","","","100.20","","","","-22","","NA"
"-109.17","62.71","FORT RELIANCE (AUT)","2201903","2022-12-11 01:00","2022","12","11","01:00","-18.2","","-21.0","","79","","","M","21","","1","","","","100.24","","","","-19","","NA"
"-109.17","62.71","FORT RELIANCE (AUT)","2201903","2022-12-11 02:00","2022","12","11","02:00","-18.9","","-21.5","","79","","","M","","","0","","","","100.27","","","","","","NA"
"-109.17","62.71","FORT RELIANCE (AUT)","2201903","2022-12-11 03:00","2022","12","11","03:00","-18.5","","-21.1","","80","","","M","20","","1","","","","100.32","","","","-19","","NA"
"-109.17","62.71","FORT RELIANCE (AUT)","2201903","2022-12-11 04:00","2022","12","11","04:00","-18.4","","-21.3","","78","","","M","22","","2","","","","100.34","","","","-20","","NA"
"-109.17","62.71","FORT RELIANCE (AUT)","2201903","2022-12-11 05:00","2022","12","11","05:00","-18.3","","-21.2","","78","","","M","21","","2","","","","100.35","","","","-20","","NA"
"-109.17","62.71","FORT RELIANCE (AUT)","2201903","2022-12-11 06:00","2022","12","11","06:00","-18.4","","-21.5","","77","","","M","23","","2","","","","100.37","","","","-20","","NA"
"-109.17","62.71","FORT RELIANCE (AUT)","2201903","2022-12-11 07:00","2022","12","11","07:00","-20.1","","-23.2","","76","","","M","0","","1","","","","100.41","","","","-21","","NA"
"-109.17","62.71","FORT RELIANCE (AUT)","2201903","2022-12-11 08:00","2022","12","11","08:00","-19.6","","-22.2","","80","","","M","19","","1","","","","100.43","","","","-20","","NA"
"-109.17","62.71","FORT RELIANCE (AUT)","2201903","2022-12-11 09:00","2022","12","11","09:00","-19.4","","-22.2","","79","","","M","20","","3","","","","100.46","","","","-22","","NA"
"-109.17","62.71","FORT RELIANCE (AUT)","2201903","2022-12-11 10:00","2022","12","11","10:00","-19.3","","-22.1","","78","","","M","21","","2","","","","100.47","","","","-21","","NA"
"-109.17","62.71","FORT RELIANCE (AUT)","2201903","2022-12-11 11:00","2022","12","11","11:00","-19.7","","-22.8","","77","","","M","19","","6","","","","100.48","","","","-25","","NA"
"-109.17","62.71","FORT RELIANCE (AUT)","2201903","2022-12-11 12:00","2022","12","11","12:00","-19.3","","-22.3","","77","","","M","20","","3","","","","100.51","","","","-22","","NA"
"-109.17","62.71","FORT RELIANCE (AUT)","2201903","2022-12-11 13:00","2022","12","11","13:00","-19.4","","-22.6","","76","","","M","20","","3","","","","100.51","","","","-22","","NA"
"-109.17","62.71","FORT RELIANCE (AUT)","2201903","2022-12-11 14:00","2022","12","11","14:00","-20.8","","-23.9","","76","","","M","18","","2","","","","100.51","","","","-23","","NA"
"-109.17","62.71","FORT RELIANCE (AUT)","2201903","2022-12-11 15:00","2022","12","11","15:00","-22.3","","-25.0","","79","","","M","15","","3","","","","100.54","","","","-25","","NA"
"-109.17","62.71","FORT RELIANCE (AUT)","2201903","2022-12-11 16:00","2022","12","11","16:00","-23.0","","-25.6","","79","","","M","19","","2","","","","100.55","","","","-25","","NA"
"-109.17","62.71","FORT RELIANCE (AUT)","2201903","2022-12-11 17:00","2022","12","11","17:00","-23.8","","-26.7","","77","","","M","13","","2","","","","100.55","","","","-26","","NA"
"-109.17","62.71","FORT RELIANCE (AUT)","2201903","2022-12-11 18:00","2022","12","11","18:00","-24.8","","-27.6","","78","","","M","12","","2","","","","100.56","","","","-27","","NA"
"-109.17","62.71","FORT RELIANCE (AUT)","2201903","2022-12-11 19:00","2022","12","11","19:00","-24.2","","-27.0","","77","","","M","11","","5","","","","100.54","","","","-29","","NA"
"-109.17","62.71","FORT RELIANCE (AUT)","2201903","2022-12-11 20:00","2022","12","11","20:00","-23.0","","-25.7","","79","","","M","16","","2","","","","100.51","","","","-25","","NA"
"-109.17","62.71","FORT RELIANCE (AUT)","2201903","2022-12-11 21:00","2022","12","11","21:00","-22.7","","-25.5","","78","","","M","28","","3","","","","100.48","","","","-25","","NA"
"-109.17","62.71","FORT RELIANCE (AUT)","2201903","2022-12-11 22:00","2022","12","11","22:00","-22.1","","-24.8","","79","","","M","30","","5","","","","100.46","","","","-27","","NA"
"-109.17","62.71","FORT RELIANCE (AUT)","2201903","2022-12-11 23:00","2022","12","11","23:00","-21.0","","-23.6","","79","","","M","30","","8","","","","100.47","","","","-27","","NA"
"-109.17","62.71","FORT RELIANCE (AUT)","2201903","2022-12-12 00:00","2022","12","12","00:00","-20.1","","-22.8","","79","","","M","30","","10","","","","100.46","","","","-27","","NA"
"-109.17","62.71","FORT RELIANCE (AUT)","2201903","2022-12-12 01:00","2022","12","12","01:00","-19.9","","-22.5","","79","","","M","30","","5","","","","100.43","","","","-24","","NA"
"-109.17","62.71","FORT RELIANCE (AUT)","2201903","2022-12-12 02:00","2022","12","12","02:00","-20.2","","-22.9","","79","","","M","","","0","","","","100.39","","","","","","NA"
"-109.17","62.71","FORT RELIANCE (AUT)","2201903","2022-12-12 03:00","2022","12","12","03:00","-19.8","","-22.4","","80","","","M","36","","4","","","","100.32","","","","-23","","NA"
"-109.17","62.71","FORT RELIANCE (AUT)","2201903","2022-12-12 04:00","2022","12","12","04:00","-20.6","","-23.3","","78","","","M","34","","6","","","","100.30","","","","-26","","NA"
"-109.17","62.71","FORT RELIANCE (AUT)","2201903","2022-12-12 05:00","2022","12","12","05:00","-20.3","","-22.9","","79","","","M","35","","7","","","","100.29","","","","-26","","NA"
"-109.17","62.71","FORT RELIANCE (AUT)","2201903","2022-12-12 06:00","2022","12","12","06:00","-19.5","","-22.5","","77","","","M","36","","7","","","","100.27","","","","-25","","NA"
"-109.17","62.71","FORT RELIANCE (AUT)","2201903","2022-12-12 07:00","2022","12","12","07:00","-19.4","","-22.5","","77","","","M","35","","9","","","","100.27","","","","-26","","NA"
"-109.17","62.71","FORT RELIANCE (AUT)","2201903","2022-12-12 08:00","2022","12","12","08:00","-19.4","","-22.6","","76","","","M","36","","8","","","","100.20","","","","-26","","NA"
"-109.17","62.71","FORT RELIANCE (AUT)","2201903","2022-12-12 09:00","2022","12","12","09:00","-19.4","","-22.6","","76","","","M","2","","5","","","","100.16","","","","-24","","NA"
"-109.17","62.71","FORT RELIANCE (AUT)","2201903","2022-12-12 10:00","2022","12","12","10:00","-19.1","","-22.3","","76","","","M","34","","6","","","","100.16","","","","-24","","NA"
"-109.17","62.71","FORT RELIANCE (AUT)","2201903","2022-12-12 11:00","2022","12","12","11:00","-19.5","","-22.3","","78","","","M","29","","12","","","","100.12","","","","-27","","NA"
"-109.17","62.71","FORT RELIANCE (AUT)","2201903","2022-12-12 12:00","2022","12","12","12:00","-19.3","","-22.4","","77","","","M","29","","12","","","","100.09","","","","-27","","NA"
"-109.17","62.71","FORT RELIANCE (AUT)","2201903","2022-12-12 13:00","2022","12","12","13:00","-19.7","","-22.7","","77","","","M","29","","12","","","","100.06","","","","-28","","NA"
"-109.17","62.71","FORT RELIANCE (AUT)","2201903","2022-12-12 14:00","2022","12","12","14:00","-19.6","","-22.5","","78","","","M","29","","10","","","","100.03","","","","-27","","NA"
"-109.17","62.71","FORT RELIANCE (AUT)","2201903","2022-12-12 15:00","2022","12","12","15:00","-19.5","","-22.3","","78","","","M","31","","5","","","","100.02","","","","-24","","NA"
"-109.17","62.71","FORT RELIANCE (AUT)","2201903","2022-12-12 16:00","2022","12","12","16:00","-19.2","","-22.0","","78","","","M","30","","7","","","","100.05","","","","-25","","NA"
"-109.17","62.71","FORT RELIANCE (AUT)","2201903","2022-12-12 17:00","2022","12","12","17:00","-19.3","","-22.2","","78","","","M","31","","4","","","","100.00","","","","-23","","NA"
"-109.17","62.71","FORT RELIANCE (AUT)","2201903","2022-12-12 18:00","2022","12","12","18:00","-19.4","","-22.2","","79","","","M","34","","4","","","","99.93","","","","-23","","NA"
"-109.17","62.71","FORT RELIANCE (AUT)","2201903","2022-12-12 19:00","2022","12","12","19:00","-19.1","","-21.9","","79","","","M","33","","4","","","","99.90","","","","-22","","NA"
"-109.17","62.71","FORT RELIANCE (AUT)","2201903","2022-12-12 20:00","2022","12","12","20:00","-18.7","","-21.4","","80","","","M","32","","4","","","","99.80","","","","-22","","NA"
"-109.17","62.71","FORT RELIANCE (AUT)","2201903","2022-12-12 21:00","2022","12","12","21:00","-18.2","","-20.9","","79","","","M","32","","4","","","","99.73","","","","-21","","NA"
"-109.17","62.71","FORT RELIANCE (AUT)","2201903","2022-12-12 22:00","2022","12","12","22:00","-18.3","","-21.0","","79","","","M","30","","5","","","","99.70","","","","-22","","NA"
"-109.17","62.71","FORT RELIANCE (AUT)","2201903","2022-12-12 23:00","2022","12","12","23:00","-17.6","","-19.8","","83","","","M","9","","3","","","","99.62","","","","-20","","NA"
"-109.17","62.71","FORT RELIANCE (AUT)","2201903","2022-12-13 00:00","2022","12","13","00:00","-17.1","","-19.4","","82","","","M","0","","1","","","","99.56","","","","-18","","NA"
"-109.17","62.71","FORT RELIANCE (AUT)","2201903","2022-12-13 01:00","2022","12","13","01:00","-14.3","","-17.3","","77","","","M","11","","12","","","","99.50","","","","-21","","NA"
"-109.17","62.71","FORT RELIANCE (AUT)","2201903","2022-12-13 02:00","2022","12","13","02:00","-13.5","","-16.5","","78","","","M","12","","16","","","","99.37","","","","-21","","NA"
"-109.17","62.71","FORT RELIANCE (AUT)","2201903","2022-12-13 03:00","2022","12","13","03:00","-13.1","","-16.0","","79","","","M","15","","13","","","","99.32","","","","-20","","NA"
"-109.17","62.71","FORT RELIANCE (AUT)","2201903","2022-12-13 04:00","2022","12","13","04:00","-12.7","","-15.9","","77","","","M","16","","14","","","","99.19","","","","-20","","NA"
"-109.17","62.71","FORT RELIANCE (AUT)","2201903","2022-12-13 05:00","2022","12","13","05:00","-12.2","","-15.3","","78","","","M","14","","9","","","","99.06","","","","-17","","NA"
"-109.17","62.71","FORT RELIANCE (AUT)","2201903","2022-12-13 06:00","2022","12","13","06:00","-11.6","","-14.9","","76","","","M","15","","15","","","","98.93","","","","-19","","NA"
"-109.17","62.71","FORT RELIANCE (AUT)","2201903","2022-12-13 07:00","2022","12","13","07:00","-11.1","","-14.5","","76","","","M","16","","18","","","","98.85","","","","-19","","NA"
"-109.17","62.71","FORT RELIANCE (AUT)","2201903","2022-12-13 08:00","2022","12","13","08:00","-10.8","","-13.8","","79","","","M","17","","20","","","","98.79","","","","-19","","NA"
"-109.17","62.71","FORT RELIANCE (AUT)","2201903","2022-12-13 09:00","2022","12","13","09:00","-10.2","","-13.3","","78","","","M","17","","19","","","","98.73","","","","-18","","NA"
"-109.17","62.71","FORT RELIANCE (AUT)","2201903","2022-12-13 10:00","2022","12","13","10:00","-10.1","","-13.3","","78","","","M","19","","11","","","","98.71","","","","-16","","NA"
"-109.17","62.71","FORT RELIANCE (AUT)","2201903","2022-12-13 11:00","2022","12","13","11:00","-10.1","","-13.2","","78","","","M","19","","18","","","","98.71","","","","-18","","NA"
"-109.17","62.71","FORT RELIANCE (AUT)","2201903","2022-12-13 12:00","2022","12","13","12:00","-10.4","","-13.4","","78","","","M","19","","15","","","","98.72","","","","-17","","NA"
"-109.17","62.71","FORT RELIANCE (AUT)","2201903","2022-12-13 13:00","2022","12","13","13:00","-10.4","","-13.3","","79","","","M","21","","5","","","","98.75","","","","-13","","NA"
"-109.17","62.71","FORT RELIANCE (AUT)","2201903","2022-12-13 14:00","2022","12","13","14:00","-10.5","","-13.4","","79","","","M","23","","6","","","","98.83","","","","-14","","NA"
"-109.17","62.71","FORT RELIANCE (AUT)","2201903","2022-12-13 15:00","2022","12","13","15:00","-10.6","","-13.2","","81","","","M","22","","4","","","","98.89","","","","-13","","NA"
"-109.17","62.71","FORT RELIANCE (AUT)","2201903","2022-12-13 16:00","2022","12","13","16:00","-10.7","","-13.1","","82","","","M","25","","5","","","","98.96","","","","-14","","NA"
"-109.17","62.71","FORT RELIANCE (AUT)","2201903","2022-12-13 17:00","2022","12","13","17:00","-11.0","","-13.7","","80","","","M","25","","10","","","","99.07","","","","-16","","NA"
"-109.17","62.71","FORT RELIANCE (AUT)","2201903","2022-12-13 18:00","2022","12","13","18:00","-11.6","","-14.2","","80","","","M","24","","7","","","","99.13","","","","-16","","NA"
"-109.17","62.71","FORT RELIANCE (AUT)","2201903","2022-12-13 19:00","2022","12","13","19:00","-12.0","","-14.7","","80","","","M","25","","7","","","","99.23","","","","-16","","NA"
"-109.17","62.71","FORT RELIANCE (AUT)","2201903","2022-12-13 20:00","2022","12","13","20:00","-12.7","","-15.3","","81","","","M","29","","19","","","","99.30","","","","-21","","NA"
"-109.17","62.71","FORT RELIANCE (AUT)","2201903","2022-12-13 21:00","2022","12","13","21:00","-14.3","","-17.0","","80","","","M","30","","21","","","","99.40","","","","-24","","NA"
"-109.17","62.71","FORT RELIANCE (AUT)","2201903","2022-12-13 22:00","2022","12","13","22:00","-16.2","","-19.0","","79","","","M","29","","28","","","","99.57","","","","-27","","NA"
"-109.17","62.71","FORT RELIANCE (AUT)","2201903","2022-12-13 23:00","2022","12","13","23:00","-18.5","","-21.3","","79","","","M","29","","10","","","","99.69","","","","-25","","NA"
"-109.17","62.71","FORT RELIANCE (AUT)","2201903","2022-12-14 00:00","2022","12","14","00:00","-18.7","","-21.6","","78","","","M","21","","3","","","","99.75","","","","-21","","NA"
"-109.17","62.71","FORT RELIANCE (AUT)","2201903","2022-12-14 01:00","2022","12","14","01:00","-19.7","","-22.3","","80","","","M","20","","6","","","","99.84","","","","-25","","NA"
"-109.17","62.71","FORT RELIANCE (AUT)","2201903","2022-12-14 02:00","2022","12","14","02:00","-20.4","","-23.1","","79","","","M","19","","3","","","","99.93","","","","-23","","NA"
"-109.17","62.71","FORT RELIANCE (AUT)","2201903","2022-12-14 03:00","2022","12","14","03:00","-21.2","","-23.8","","80","","","M","20","","5","","","","99.98","","","","-26","","NA"
"-109.17","62.71","FORT RELIANCE (AUT)","2201903","2022-12-14 04:00","2022","12","14","04:00","-20.7","","-23.3","","80","","","M","21","","9","","","","100.03","","","","-28","","NA"
"-109.17","62.71","FORT RELIANCE (AUT)","2201903","2022-12-14 05:00","2022","12","14","05:00","-21.6","","-24.4","","78","","","M","20","","5","","","","100.06","","","","-26","","NA"
"-109.17","62.71","FORT RELIANCE (AUT)","2201903","2022-12-14 06:00","2022","12","14","06:00","-21.5","","-24.1","","79","","","M","20","","9","","","","100.09","","","","-29","","NA"
"-109.17","62.71","FORT RELIANCE (AUT)","2201903","2022-12-14 07:00","2022","12","14","07:00","-21.5","","-24.2","","79","","","M","21","","6","","","","100.15","","","","-27","","NA"
"-109.17","62.71","FORT RELIANCE (AUT)","2201903","2022-12-14 08:00","2022","12","14","08:00","-21.4","","-24.1","","79","","","M","20","","5","","","","100.22","","","","-26","","NA"
"-109.17","62.71","FORT RELIANCE (AUT)","2201903","2022-12-14 09:00","2022","12","14","09:00","-21.3","","-24.2","","78","","","M","18","","6","","","","100.27","","","","-27","","NA"
"-109.17","62.71","FORT RELIANCE (AUT)","2201903","2022-12-14 10:00","2022","12","14","10:00","-19.6","","-22.3","","79","","","M","19","","7","","","","100.29","","","","-25","","NA"
"-109.17","62.71","FORT RELIANCE (AUT)","2201903","2022-12-14 11:00","2022","12","14","11:00","-17.5","","-20.1","","80","","","M","21","","6","","","","100.26","","","","-22","","NA"
"-109.17","62.71","FORT RELIANCE (AUT)","2201903","2022-12-14 12:00","2022","12","14","12:00","-16.1","","-18.9","","79","","","M","20","","4","","","","100.27","","","","-19","","NA"
"-109.17","62.71","FORT RELIANCE (AUT)","2201903","2022-12-14 13:00","2022","12","14","13:00","-16.1","","-18.8","","80","","","M","15","","7","","","","100.32","","","","-21","","NA"
"-109.17","62.71","FORT RELIANCE (AUT)","2201903","2022-12-14 14:00","2022","12","14","14:00","-14.9","","-17.8","","78","","","M","18","","8","","","","100.37","","","","-20","","NA"
"-109.17","62.71","FORT RELIANCE (AUT)","2201903","2022-12-14 15:00","2022","12","14","15:00","-13.8","","-16.7","","79","","","M","17","","13","","","","100.38","","","","-21","","NA"
"-109.17","62.71","FORT RELIANCE (AUT)","2201903","2022-12-14 16:00","2022","12","14","16:00","-13.9","","-17.1","","77","","","M","20","","9","","","","100.45","","","","-20","","NA"
"-109.17","62.71","FORT RELIANCE (AUT)","2201903","2022-12-14 17:00","2022","12","14","17:00","-14.5","","-17.6","","77","","","M","12","","5","","","","100.39","","","","-18","","NA"
"-109.17","62.71","FORT RELIANCE (AUT)","2201903","2022-12-14 18:00","2022","12","14","18:00","-14.4","","-17.9","","75","","","M","14","","3","","","","100.39","","","","-17","","NA"
"-109.17","62.71","FORT RELIANCE (AUT)","2201903","2022-12-14 19:00","2022","12","14","19:00","-14.5","","-18.1","","74","","","M","21","","2","","","","100.42","","","","-16","","NA"
"-109.17","62.71","FORT RELIANCE (AUT)","2201903","2022-12-14 20:00","2022","12","14","20:00","-16.2","","-20.0","","73","","","M","19","","6","","","","100.46","","","","-21","","NA"
"-109.17","62.71","FORT RELIANCE (AUT)","2201903","2022-12-14 21:00","2022","12","14","21:00","-17.0","","-20.1","","77","","","M","10","","9","","","","100.47","","","","-23","","NA"
"-109.17","62.71","FORT RELIANCE (AUT)","2201903","2022-12-14 22:00","2022","12","14","22:00","-15.8","","-19.2","","75","","","M","13","","16","","","","100.42","","","","-24","","NA"
"-109.17","62.71","FORT RELIANCE (AUT)","2201903","2022-12-14 23:00","2022","12","14","23:00","-15.5","","-18.4","","78","","","M","18","","11","","","","100.45","","","","-22","","NA"
"-109.17","62.71","FORT RELIANCE (AUT)","2201903","2022-12-15 00:00","2022","12","15","00:00","-15.0","","-17.4","","82","","","M","20","","5","","","","100.48","","","","-19","","NA"
"-109.17","62.71","FORT RELIANCE (AUT)","2201903","2022-12-15 01:00","2022","12","15","01:00","-14.8","","-17.1","","83","","","M","20","","4","","","","100.51","","","","-18","","NA"
"-109.17","62.71","FORT RELIANCE (AUT)","2201903","2022-12-15 02:00","2022","12","15","02:00","-14.4","","-16.5","","84","","","M","20","","2","","","","100.57","","","","-16","","NA"
"-109.17","62.71","FORT RELIANCE (AUT)","2201903","2022-12-15 03:00","2022","12","15","03:00","-14.3","","-16.4","","84","","","M","0","","1","","","","100.63","","","","-15","","NA"
"-109.17","62.71","FORT RELIANCE (AUT)","2201903","2022-12-15 04:00","2022","12","15","04:00","-13.8","","-16.3","","82","","","M","0","","1","","","","100.68","","","","-14","","NA"
"-109.17","62.71","FORT RELIANCE (AUT)","2201903","2022-12-15 05:00","2022","12","15","05:00","-13.8","","-16.5","","80","","","M","32","","8","","","","100.74","","","","-19","","NA"
"-109.17","62.71","FORT RELIANCE (AUT)","2201903","2022-12-15 06:00","2022","12","15","06:00","-13.9","","-16.6","","80","","","M","32","","5","","","","100.78","","","","-17","","NA"
"-109.17","62.71","FORT RELIANCE (AUT)","2201903","2022-12-15 07:00","2022","12","15","07:00","-14.0","","-16.2","","83","","","M","31","","8","","","","100.80","","","","-19","","NA"
"-109.17","62.71","FORT RELIANCE (AUT)","2201903","2022-12-15 08:00","2022","12","15","08:00","-14.5","","-16.8","","83","","","M","33","","10","","","","100.79","","","","-21","","NA"
"-109.17","62.71","FORT RELIANCE (AUT)","2201903","2022-12-15 09:00","2022","12","15","09:00","-15.6","","-17.7","","84","","","M","32","","10","","","","100.88","","","","-22","","NA"
"-109.17","62.71","FORT RELIANCE (AUT)","2201903","2022-12-15 10:00","2022","12","15","10:00","-17.1","","-19.5","","81","","","M","34","","12","","","","100.94","","","","-25","","NA"
"-109.17","62.71","FORT RELIANCE (AUT)","2201903","2022-12-15 11:00","2022","12","15","11:00","-17.3","","-19.6","","82","","","M","34","","5","","","","100.99","","","","-21","","NA"
"-109.17","62.71","FORT RELIANCE (AUT)","2201903","2022-12-15 12:00","2022","12","15","12:00","-17.7","","-20.3","","80","","","M","2","","7","","","","100.99","","","","-23","","NA"
"-109.17","62.71","FORT RELIANCE (AUT)","2201903","2022-12-15 13:00","2022","12","15","13:00","-17.8","","-20.5","","79","","","M","2","","4","","","","100.98","","","","-21","","NA"
"-109.17","62.71","FORT RELIANCE (AUT)","2201903","2022-12-15 14:00","2022","12","15","14:00","-17.8","","-21.0","","76","","","M","6","","3","","","","101.07","","","","-20","","NA"
"-109.17","62.71","FORT RELIANCE (AUT)","2201903","2022-12-15 15:00","2022","12","15","15:00","-18.2","","-21.2","","78","","","M","7","","2","","","","101.07","","","","-20","","NA"
"-109.17","62.71","FORT RELIANCE (AUT)","2201903","2022-12-15 16:00","2022","12","15","16:00","-18.5","","-21.3","","79","","","M","3","","4","","","","101.13","","","","-22","","NA"
"-109.17","62.71","FORT RELIANCE (AUT)","2201903","2022-12-15 17:00","2022","12","15","17:00","-18.5","","-21.4","","78","","","M","36","","3","","","","101.19","","","","-21","","NA"
"-109.17","62.71","FORT RELIANCE (AUT)","2201903","2022-12-15 18:00","2022","12","15","18:00","-18.5","","-21.5","","77","","","M","3","","5","","","","101.17","","","","-23","","NA"
"-109.17","62.71","FORT RELIANCE (AUT)","2201903","2022-12-15 19:00","2022","12","15","19:00","-18.3","","-21.6","","76","","","M","5","","4","","","","101.19","","","","-22","","NA"
"-109.17","62.71","FORT RELIANCE (AUT)","2201903","2022-12-15 20:00","2022","12","15","20:00","-18.1","","-21.5","","75","","","M","2","","3","","","","101.18","","","","-21","","NA"
"-109.17","62.71","FORT RELIANCE (AUT)","2201903","2022-12-15 21:00","2022","12","15","21:00","-18.0","","-21.4","","75","","","M","36","","3","","","","101.19","","","","-20","","NA"
"-109.17","62.71","FORT RELIANCE (AUT)","2201903","2022-12-15 22:00","2022","12","15","22:00","-17.5","","-21.2","","73","","","M","2","","6","","","","101.23","","","","-22","","NA"
"-109.17","62.71","FORT RELIANCE (AUT)","2201903","2022-12-15 23:00","2022","12","15","23:00","-17.7","","-21.2","","74","","","M","1","","2","","","","101.24","","","","-19","","NA"
"-109.17","62.71","FORT RELIANCE (AUT)","2201903","2022-12-16 00:00","2022","12","16","00:00","-17.1","","-20.9","","72","","","M","3","","8","","","","101.26","","","","-23","","NA"
"-109.17","62.71","FORT RELIANCE (AUT)","2201903","2022-12-16 01:00","2022","12","16","01:00","-17.1","","-21.0","","72","","","M","1","","6","","","","101.30","","","","-22","","NA"
"-109.17","62.71","FORT RELIANCE (AUT)","2201903","2022-12-16 02:00","2022","12","16","02:00","-17.4","","-21.0","","74","","","M","4","","4","","","","101.31","","","","-21","","NA"
"-109.17","62.71","FORT RELIANCE (AUT)","2201903","2022-12-16 03:00","2022","12","16","03:00","-17.4","","-21.0","","74","","","M","2","","6","","","","101.40","","","","-22","","NA"
"-109.17","62.71","FORT RELIANCE (AUT)","2201903","2022-12-16 04:00","2022","12","16","04:00","-17.7","","-21.2","","74","","","M","3","","7","","","","101.40","","","","-23","","NA"
"-109.17","62.71","FORT RELIANCE (AUT)","2201903","2022-12-16 05:00","2022","12","16","05:00","-18.6","","-22.1","","74","","","M","2","","6","","","","101.43","","","","-23","","NA"
"-109.17","62.71","FORT RELIANCE (AUT)","2201903","2022-12-16 06:00","2022","12","16","06:00","-19.1","","-22.5","","74","","","M","2","","6","","","","101.48","","","","-24","","NA"
"-109.17","62.71","FORT RELIANCE (AUT)","2201903","2022-12-16 07:00","2022","12","16","07:00","-19.3","","-22.6","","75","","","M","4","","5","","","","101.53","","","","-23","","NA"
"-109.17","62.71","FORT RELIANCE (AUT)","2201903","2022-12-16 08:00","2022","12","16","08:00","-20.3","","-23.2","","78","","","M","4","","4","","","","101.56","","","","-24","","NA"
"-109.17","62.71","FORT RELIANCE (AUT)","2201903","2022-12-16 09:00","2022","12","16","09:00","-20.5","","-23.1","","79","","","M","5","","7","","","","101.60","","","","-26","","NA"
"-109.17","62.71","FORT RELIANCE (AUT)","2201903","2022-12-16 10:00","2022","12","16","10:00","-21.4","","-24.0","","79","","","M","8","","4","","","","101.62","","","","-25","","NA"
"-109.17","62.71","FORT RELIANCE (AUT)","2201903","2022-12-16 11:00","2022","12","16","11:00","-22.3","","-24.9","","79","","","M","26","","2","","","","101.61","","","","-24","","NA"
"-109.17","62.71","FORT RELIANCE (AUT)","2201903","2022-12-16 12:00","2022","12","16","12:00","-22.5","","-25.4","","77","","","M","34","","5","","","","101.65","","","","-27","","NA"
"-109.17","62.71","FORT RELIANCE (AUT)","2201903","2022-12-16 13:00","2022","12","16","13:00","-21.6","","-24.4","","78","","","M","36","","8","","","","101.68","","","","-28","","NA"
"-109.17","62.71","FORT RELIANCE (AUT)","2201903","2022-12-16 14:00","2022","12","16","14:00","-22.0","","-24.8","","78","","","M","2","","6","","","","101.69","","","","-27","","NA"
"-109.17","62.71","FORT RELIANCE (AUT)","2201903","2022-12-16 15:00","2022","12","16","15:00","-22.2","","-25.2","","76","","","M","29","","4","","","","101.72","","","","-26","","NA"
"-109.17","62.71","FORT RELIANCE (AUT)","2201903","2022-12-16 16:00","2022","12","16","16:00","-22.5","","-25.1","","79","","","M","2","","1","","","","101.73","","","","-23","","NA"
"-109.17","62.71","FORT RELIANCE (AUT)","2201903","2022-12-16 17:00","2022","12","16","17:00","-22.4","","-25.1","","79","","","M","12","","1","","","","101.72","","","","-23","","NA"
"-109.17","62.71","FORT RELIANCE (AUT)","2201903","2022-12-16 18:00","2022","12","16","18:00","-22.6","","-25.6","","77","","","M","28","","8","","","","101.70","","","","-29","","NA"
"-109.17","62.71","FORT RELIANCE (AUT)","2201903","2022-12-16 19:00","2022","12","16","19:00","-23.9","","-26.7","","78","","","M","25","","5","","","","101.72","","","","-29","","NA"
"-109.17","62.71","FORT RELIANCE (AUT)","2201903","2022-12-16 20:00","2022","12","16","20:00","-25.2","","-27.9","","78","","","M","28","","5","","","","101.77","","","","-30","","NA"
"-109.17","62.71","FORT RELIANCE (AUT)","2201903","2022-12-16 21:00","2022","12","16","21:00","-24.4","","-27.3","","77","","","M","25","","6","","","","101.79","","","","-30","","NA"
"-109.17","62.71","FORT RELIANCE (AUT)","2201903","2022-12-16 22:00","2022","12","16","22:00","-25.2","","-28.0","","77","","","M","20","","2","","","","101.77","","","","-27","","NA"
"-109.17","62.71","FORT RELIANCE (AUT)","2201903","2022-12-16 23:00","2022","12","16","23:00","-23.2","","-26.0","","78","","","M","21","","1","","","","101.73","","","","-24","","NA"
"-109.17","62.71","FORT RELIANCE (AUT)","2201903","2022-12-17 00:00","2022","12","17","00:00","-22.7","","-25.5","","78","","","M","21","","4","","","","101.75","","","","-26","","NA"
"-109.17","62.71","FORT RELIANCE (AUT)","2201903","2022-12-17 01:00","2022","12","17","01:00","-22.3","","-24.9","","79","","","M","23","","3","","","","101.74","","","","-25","","NA"
"-109.17","62.71","FORT RELIANCE (AUT)","2201903","2022-12-17 02:00","2022","12","17","02:00","-21.7","","-24.4","","79","","","M","20","","6","","","","101.73","","","","-27","","NA"
"-109.17","62.71","FORT RELIANCE (AUT)","2201903","2022-12-17 03:00","2022","12","17","03:00","-21.2","","-23.9","","79","","","M","20","","5","","","","101.74","","","","-26","","NA"
"-109.17","62.71","FORT RELIANCE (AUT)","2201903","2022-12-17 04:00","2022","12","17","04:00","-21.0","","-23.7","","78","","","M","22","","4","","","","101.69","","","","-25","","NA"
"-109.17","62.71","FORT RELIANCE (AUT)","2201903","2022-12-17 05:00","2022","12","17","05:00","-20.1","","-22.9","","78","","","M","25","","8","","","","101.71","","","","-26","","NA"
"-109.17","62.71","FORT RELIANCE (AUT)","2201903","2022-12-17 06:00","2022","12","17","06:00","-21.0","","-24.3","","75","","","M","31","","15","","","","101.76","","","","-30","","NA"
"-109.17","62.71","FORT RELIANCE (AUT)","2201903","2022-12-17 07:00","2022","12","17","07:00","-23.4","","-26.9","","72","","","M","30","","11","","","","101.78","","","","-32","","NA"
"-109.17","62.71","FORT RELIANCE (AUT)","2201903","2022-12-17 08:00","2022","12","17","08:00","-23.4","","-27.0","","72","","","M","31","","15","","","","101.78","","","","-33","","NA"
"-109.17","62.71","FORT RELIANCE (AUT)","2201903","2022-12-17 09:00","2022","12","17","09:00","-26.0","","-29.4","","73","","","M","30","","15","","","","101.84","","","","-36","","NA"
"-109.17","62.71","FORT RELIANCE (AUT)","2201903","2022-12-17 10:00","2022","12","17","10:00","-23.5","","-26.9","","74","","","M","25","","6","","","","101.89","","","","-29","","NA"
"-109.17","62.71","FORT RELIANCE (AUT)","2201903","2022-12-17 11:00","2022","12","17","11:00","-24.8","","-28.3","","72","","","M","23","","4","","","","101.89","","","","-29","","NA"
"-109.17","62.71","FORT RELIANCE (AUT)","2201903","2022-12-17 12:00","2022","12","17","12:00","-25.9","","-29.2","","74","","","M","19","","4","","","","101.87","","","","-30","","NA"
"-109.17","62.71","FORT RELIANCE (AUT)","2201903","2022-12-17 13:00","2022","12","17","13:00","-25.6","","-28.9","","74","","","M","19","","4","","","","101.89","","","","-30","","NA"
"-109.17","62.71","FORT RELIANCE (AUT)","2201903","2022-12-17 14:00","2022","12","17","14:00","-24.5","","-27.9","","73","","","M","24","","6","","","","101.93","","","","-30","","NA"
"-109.17","62.71","FORT RELIANCE (AUT)","2201903","2022-12-17 15:00","2022","12","17","15:00","-24.5","","-28.1","","72","","","M","25","","6","","","","101.97","","","","-30","","NA"
"-109.17","62.71","FORT RELIANCE (AUT)","2201903","2022-12-17 16:00","2022","12","17","16:00","-25.1","","-28.6","","73","","","M","26","","10","","","","102.02","","","","-33","","NA"
"-109.17","62.71","FORT RELIANCE (AUT)","2201903","2022-12-17 17:00","2022","12","17","17:00","-25.4","","-29.1","","71","","","M","26","","9","","","","102.00","","","","-33","","NA"
"-109.17","62.71","FORT RELIANCE (AUT)","2201903","2022-12-17 18:00","2022","12","17","18:00","-27.4","","-31.1","","71","","","M","29","","12","","","","102.01","","","","-37","","NA"
"-109.17","62.71","FORT RELIANCE (AUT)","2201903","2022-12-17 19:00","2022","12","17","19:00","-27.1","","-30.5","","73","","","M","28","","9","","","","101.98","","","","-35","","NA"
"-109.17","62.71","FORT RELIANCE (AUT)","2201903","2022-12-17 20:00","2022","12","17","20:00","-28.1","","-31.6","","72","","","M","22","","3","","","","101.98","","","","-31","","NA"
"-109.17","62.71","FORT RELIANCE (AUT)","2201903","2022-12-17 21:00","2022","12","17","21:00","-29.2","","-32.5","","73","","","M","23","","6","","","","102.01","","","","-36","","NA"
"-109.17","62.71","FORT RELIANCE (AUT)","2201903","2022-12-17 22:00","2022","12","17","22:00","-29.1","","-32.4","","73","","","M","18","","2","","","","102.01","","","","-31","","NA"
"-109.17","62.71","FORT RELIANCE (AUT)","2201903","2022-12-17 23:00","2022","12","17","23:00","-30.9","","-34.4","","72","","","M","20","","3","","","","102.04","","","","-34","","NA"
"-109.17","62.71","FORT RELIANCE (AUT)","2201903","2022-12-18 00:00","2022","12","18","00:00","-30.5","","-33.8","","73","","","M","20","","2","","","","102.04","","","","-33","","NA"
"-109.17","62.71","FORT RELIANCE (AUT)","2201903","2022-12-18 01:00","2022","12","18","01:00","-30.7","","-34.1","","72","","","M","19","","8","","","","102.04","","","","-39","","NA"
"-109.17","62.71","FORT RELIANCE (AUT)","2201903","2022-12-18 02:00","2022","12","18","02:00","-31.1","","-34.5","","72","","","M","19","","4","","","","102.06","","","","-36","","NA"
"-109.17","62.71","FORT RELIANCE (AUT)","2201903","2022-12-18 03:00","2022","12","18","03:00","-31.3","","-34.7","","72","","","M","19","","4","","","","102.05","","","","-36","","NA"
"-109.17","62.71","FORT RELIANCE (AUT)","2201903","2022-12-18 04:00","2022","12","18","04:00","-31.3","","-34.7","","72","","","M","19","","5","","","","102.05","","","","-37","","NA"
"-109.17","62.71","FORT RELIANCE (AUT)","2201903","2022-12-18 05:00","2022","12","18","05:00","-30.8","","-34.1","","73","","","M","19","","5","","","","102.01","","","","-37","","NA"
"-109.17","62.71","FORT RELIANCE (AUT)","2201903","2022-12-18 06:00","2022","12","18","06:00","-31.0","","-34.5","","71","","","M","20","","5","","","","102.01","","","","-37","","NA"
"-109.17","62.71","FORT RELIANCE (AUT)","2201903","2022-12-18 07:00","2022","12","18","07:00","-31.0","","-34.5","","71","","","M","19","","3","","","","102.03","","","","-34","","NA"
"-109.17","62.71","FORT RELIANCE (AUT)","2201903","2022-12-18 08:00","2022","12","18","08:00","-31.3","","-34.9","","71","","","M","21","","5","","","","102.00","","","","-37","","NA"
"-109.17","62.71","FORT RELIANCE (AUT)","2201903","2022-12-18 09:00","2022","12","18","09:00","-31.1","","-34.6","","71","","","M","20","","7","","","","102.03","","","","-39","","NA"
"-109.17","62.71","FORT RELIANCE (AUT)","2201903","2022-12-18 10:00","2022","12","18","10:00","-30.5","","-34.0","","71","","","M","19","","12","","","","102.05","","","","-41","","NA"
"-109.17","62.71","FORT RELIANCE (AUT)","2201903","2022-12-18 11:00","2022","12","18","11:00","-30.2","","-33.8","","71","","","M","20","","6","","","","102.06","","","","-37","","NA"
"-109.17","62.71","FORT RELIANCE (AUT)","2201903","2022-12-18 12:00","2022","12","18","12:00","-29.7","","-33.4","","70","","","M","20","","6","","","","102.07","","","","-36","","NA"
"-109.17","62.71","FORT RELIANCE (AUT)","2201903","2022-12-18 13:00","2022","12","18","13:00","-29.7","","-33.4","","70","","","M","20","","7","","","","102.07","","","","-37","","NA"
"-109.17","62.71","FORT RELIANCE (AUT)","2201903","2022-12-18 14:00","2022","12","18","14:00","-30.0","","-33.8","","70","","","M","19","","12","","","","102.11","","","","-40","","NA"
"-109.17","62.71","FORT RELIANCE (AUT)","2201903","2022-12-18 15:00","2022","12","18","15:00","-30.4","","-34.0","","70","","","M","19","","9","","","","102.10","","","","-39","","NA"
"-109.17","62.71","FORT RELIANCE (AUT)","2201903","2022-12-18 16:00","2022","12","18","16:00","-31.0","","-34.7","","70","","","M","20","","5","","","","102.12","","","","-37","","NA"
"-109.17","62.71","FORT RELIANCE (AUT)","2201903","2022-12-18 17:00","2022","12","18","17:00","-30.9","","-34.4","","71","","","M","19","","11","","","","102.13","","","","-41","","NA"
"-109.17","62.71","FORT RELIANCE (AUT)","2201903","2022-12-18 18:00","2022","12","18","18:00","-30.8","","-34.5","","70","","","M","18","","14","","","","102.12","","","","-42","","NA"
"-109.17","62.71","FORT RELIANCE (AUT)","2201903","2022-12-18 19:00","2022","12","18","19:00","-30.8","","-34.6","","69","","","M","19","","16","","","","102.14","","","","-43","","NA"
"-109.17","62.71","FORT RELIANCE (AUT)","2201903","2022-12-18 20:00","2022","12","18","20:00","-31.2","","-34.9","","69","","","M","19","","8","","","","102.13","","","","-39","","NA"
"-109.17","62.71","FORT RELIANCE (AUT)","2201903","2022-12-18 21:00","2022","12","18","21:00","-31.6","","-35.3","","70","","","M","19","","7","","","","102.18","","","","-39","","NA"
"-109.17","62.71","FORT RELIANCE (AUT)","2201903","2022-12-18 22:00","2022","12","18","22:00","-31.8","","-35.5","","70","","","M","20","","8","","","","102.18","","","","-40","","NA"
"-109.17","62.71","FORT RELIANCE (AUT)","2201903","2022-12-18 23:00","2022","12","18","23:00","-32.3","","-36.0","","69","","","M","20","","6","","","","102.22","","","","-39","","NA"
"-109.17","62.71","FORT RELIANCE (AUT)","2201903","2022-12-19 00:00","2022","12","19","00:00","-32.4","","-36.2","","69","","","M","19","","6","","","","102.25","","","","-39","","NA"
"-109.17","62.71","FORT RELIANCE (AUT)","2201903","2022-12-19 01:00","2022","12","19","01:00","-32.9","","-36.7","","69","","","M","20","","5","","","","102.23","","","","-39","","NA"
"-109.17","62.71","FORT RELIANCE (AUT)","2201903","2022-12-19 02:00","2022","12","19","02:00","-32.8","","-36.6","","69","","","M","20","","7","","","","102.27","","","","-41","","NA"
"-109.17","62.71","FORT RELIANCE (AUT)","2201903","2022-12-19 03:00","2022","12","19","03:00","-32.8","","-36.5","","69","","","M","18","","12","","","","102.30","","","","-44","","NA"
"-109.17","62.71","FORT RELIANCE (AUT)","2201903","2022-12-19 04:00","2022","12","19","04:00","-32.6","","-36.2","","70","","","M","21","","6","","","","102.34","","","","-40","","NA"
"-109.17","62.71","FORT RELIANCE (AUT)","2201903","2022-12-19 05:00","2022","12","19","05:00","-32.1","","-36.0","","69","","","M","18","","13","","","","102.36","","","","-43","","NA"
"-109.17","62.71","FORT RELIANCE (AUT)","2201903","2022-12-19 06:00","2022","12","19","06:00","-32.3","","-36.1","","69","","","M","19","","7","","","","102.36","","","","-40","","NA"
"-109.17","62.71","FORT RELIANCE (AUT)","2201903","2022-12-19 07:00","2022","12","19","07:00","-32.3","","-36.1","","69","","","M","20","","6","","","","102.38","","","","-39","","NA"
"-109.17","62.71","FORT RELIANCE (AUT)","2201903","2022-12-19 08:00","2022","12","19","08:00","-32.4","","-36.2","","69","","","M","19","","7","","","","102.38","","","","-40","","NA"
"-109.17","62.71","FORT RELIANCE (AUT)","2201903","2022-12-19 09:00","2022","12","19","09:00","-32.2","","-35.9","","70","","","M","21","","5","","","","102.42","","","","-38","","NA"
"-109.17","62.71","FORT RELIANCE (AUT)","2201903","2022-12-19 10:00","2022","12","19","10:00","-31.7","","-35.6","","68","","","M","19","","4","","","","102.49","","","","-36","","NA"
"-109.17","62.71","FORT RELIANCE (AUT)","2201903","2022-12-19 11:00","2022","12","19","11:00","-30.9","","-35.0","","68","","","M","18","","11","","","","102.50","","","","-41","","NA"
"-109.17","62.71","FORT RELIANCE (AUT)","2201903","2022-12-19 12:00","2022","12","19","12:00","-30.5","","-34.7","","67","","","M","0","","1","","","","102.51","","","","-32","","NA"
"-109.17","62.71","FORT RELIANCE (AUT)","2201903","2022-12-19 13:00","2022","12","19","13:00","-31.3","","-35.3","","68","","","M","15","","5","","","","102.54","","","","-37","","NA"
"-109.17","62.71","FORT RELIANCE (AUT)","2201903","2022-12-19 14:00","2022","12","19","14:00","-31.2","","-35.0","","69","","","M","21","","5","","","","102.53","","","","-37","","NA"
"-109.17","62.71","FORT RELIANCE (AUT)","2201903","2022-12-19 15:00","2022","12","19","15:00","-32.1","","-36.0","","68","","","M","21","","2","","","","102.59","","","","-34","","NA"
"-109.17","62.71","FORT RELIANCE (AUT)","2201903","2022-12-19 16:00","2022","12","19","16:00","-31.5","","-35.0","","71","","","M","15","","4","","","","102.61","","","","-36","","NA"
"-109.17","62.71","FORT RELIANCE (AUT)","2201903","2022-12-19 17:00","2022","12","19","17:00","-31.8","","-35.2","","71","","","M","11","","7","","","","102.65","","","","-39","","NA"
"-109.17","62.71","FORT RELIANCE (AUT)","2201903","2022-12-19 18:00","2022","12","19","18:00","-32.2","","-35.6","","71","","","M","16","","5","","","","102.65","","","","-38","","NA"
"-109.17","62.71","FORT RELIANCE (AUT)","2201903","2022-12-19 19:00","2022","12","19","19:00","-32.5","","-36.0","","70","","","M","14","","6","","","","102.68","","","","-39","","NA"
"-109.17","62.71","FORT RELIANCE (AUT)","2201903","2022-12-19 20:00","2022","12","19","20:00","-31.9","","-35.4","","71","","","M","19","","11","","","","102.69","","","","-42","","NA"
"-109.17","62.71","FORT RELIANCE (AUT)","2201903","2022-12-19 21:00","2022","12","19","21:00","-31.8","","-35.5","","69","","","M","17","","8","","","","102.75","","","","-40","","NA"
"-109.17","62.71","FORT RELIANCE (AUT)","2201903","2022-12-19 22:00","2022","12","19","22:00","-32.7","","-36.4","","70","","","M","13","","7","","","","102.77","","","","-40","","NA"
"-109.17","62.71","FORT RELIANCE (AUT)","2201903","2022-12-19 23:00","2022","12","19","23:00","-32.5","","-36.2","","70","","","M","16","","7","","","","102.79","","","","-40","","NA"
"-109.17","62.71","FORT RELIANCE (AUT)","2201903","2022-12-20 00:00","2022","12","20","00:00","-34.0","","-38.0","","68","","","M","15","","7","","","","102.82","","","","-42","","NA"
"-109.17","62.71","FORT RELIANCE (AUT)","2201903","2022-12-20 01:00","2022","12","20","01:00","-33.8","","-37.4","","70","","","M","14","","6","","","","102.82","","","","-41","","NA"
"-109.17","62.71","FORT RELIANCE (AUT)","2201903","2022-12-20 02:00","2022","12","20","02:00","-33.9","","-37.6","","69","","","M","10","","7","","","","102.85","","","","-42","","NA"
"-109.17","62.71","FORT RELIANCE (AUT)","2201903","2022-12-20 03:00","2022","12","20","03:00","-33.8","","-37.5","","70","","","M","11","","6","","","","102.87","","","","-41","","NA"
"-109.17","62.71","FORT RELIANCE (AUT)","2201903","2022-12-20 04:00","2022","12","20","04:00","-34.3","","-38.0","","69","","","M","11","","6","","","","102.88","","","","-41","","NA"
"-109.17","62.71","FORT RELIANCE (AUT)","2201903","2022-12-20 05:00","2022","12","20","05:00","-34.4","","-38.0","","69","","","M","10","","7","","","","102.86","","","","-42","","NA"
"-109.17","62.71","FORT RELIANCE (AUT)","2201903","2022-12-20 06:00","2022","12","20","06:00","-34.3","","-38.0","","69","","","M","9","","5","","","","102.85","","","","-41","","NA"
"-109.17","62.71","FORT RELIANCE (AUT)","2201903","2022-12-20 07:00","2022","12","20","07:00","-35.0","","-38.8","","69","","","M","10","","7","","","","102.85","","","","-43","","NA"
"-109.17","62.71","FORT RELIANCE (AUT)","2201903","2022-12-20 08:00","2022","12","20","08:00","-34.8","","-38.5","","69","","","M","10","","6","","","","102.88","","","","-42","","NA"
"-109.17","62.71","FORT RELIANCE (AUT)","2201903","2022-12-20 09:00","2022","12","20","09:00","-35.2","","-39.0","","69","","","M","11","","9","","","","102.89","","","","-45","","NA"
"-109.17","62.71","FORT RELIANCE (AUT)","2201903","2022-12-20 10:00","2022","12","20","10:00","-35.1","","-38.8","","69","","","M","11","","7","","","","102.90","","","","-43","","NA"
"-109.17","62.71","FORT RELIANCE (AUT)","2201903","2022-12-20 11:00","2022","12","20","11:00","-34.7","","-38.5","","68","","","M","13","","5","","","","102.89","","","","-41","","NA"
"-109.17","62.71","FORT RELIANCE (AUT)","2201903","2022-12-20 12:00","2022","12","20","12:00","-33.7","","-37.8","","67","","","M","12","","4","","","","102.89","","","","-39","","NA"
"-109.17","62.71","FORT RELIANCE (AUT)","2201903","2022-12-20 13:00","2022","12","20","13:00","-33.9","","-37.8","","68","","","M","12","","5","","","","102.88","","","","-40","","NA"
"-109.17","62.71","FORT RELIANCE (AUT)","2201903","2022-12-20 14:00","2022","12","20","14:00","-33.2","","-37.1","","68","","","M","13","","2","","","","102.87","","","","-36","","NA"
"-109.17","62.71","FORT RELIANCE (AUT)","2201903","2022-12-20 15:00","2022","12","20","15:00","-33.6","","-37.4","","68","","","M","9","","3","","","","102.86","","","","-37","","NA"
"-109.17","62.71","FORT RELIANCE (AUT)","2201903","2022-12-20 16:00","2022","12","20","16:00","-34.7","","-38.6","","68","","","M","18","","3","","","","102.84","","","","-38","","NA"
"-109.17","62.71","FORT RELIANCE (AUT)","2201903","2022-12-20 17:00","2022","12","20","17:00","-34.9","","-38.6","","69","","","M","0","","1","","","","102.86","","","","-36","","NA"
"-109.17","62.71","FORT RELIANCE (AUT)","2201903","2022-12-20 18:00","2022","12","20","18:00","-35.1","","-38.9","","68","","","M","20","","2","","","","102.83","","","","-38","","NA"
"-109.17","62.71","FORT RELIANCE (AUT)","2201903","2022-12-20 19:00","2022","12","20","19:00","-35.0","","-38.8","","68","","","M","14","","3","","","","102.81","","","","-39","","NA"
"-109.17","62.71","FORT RELIANCE (AUT)","2201903","2022-12-20 20:00","2022","12","20","20:00","-35.2","","-38.9","","68","","","M","19","","2","","","","102.81","","","","-38","","NA"
"-109.17","62.71","FORT RELIANCE (AUT)","2201903","2022-12-20 21:00","2022","12","20","21:00","-35.6","","-39.3","","69","","","M","19","","3","","","","102.81","","","","-39","","NA"
"-109.17","62.71","FORT RELIANCE (AUT)","2201903","2022-12-20 22:00","2022","12","20","22:00","-35.8","","-39.6","","68","","","M","0","","1","","","","102.83","","","","-37","","NA"
"-109.17","62.71","FORT RELIANCE (AUT)","2201903","2022-12-20 23:00","2022","12","20","23:00","-35.7","","-39.5","","68","","","M","17","","5","","","","102.84","","","","-42","","NA"
"-109.17","62.71","FORT RELIANCE (AUT)","2201903","2022-12-21 00:00","2022","12","21","00:00","-35.7","","-39.4","","69","","","M","15","","2","","","","102.85","","","","-38","","NA"
"-109.17","62.71","FORT RELIANCE (AUT)","2201903","2022-12-21 01:00","2022","12","21","01:00","-35.5","","-39.3","","68","","","M","10","","7","","","","102.86","","","","-44","","NA"
"-109.17","62.71","FORT RELIANCE (AUT)","2201903","2022-12-21 02:00","2022","12","21","02:00","-35.7","","-39.5","","68","","","M","15","","4","","","","102.86","","","","-41","","NA"
"-109.17","62.71","FORT RELIANCE (AUT)","2201903","2022-12-21 03:00","2022","12","21","03:00","-35.5","","-39.2","","69","","","M","12","","7","","","","102.89","","","","-44","","NA"
"-109.17","62.71","FORT RELIANCE (AUT)","2201903","2022-12-21 04:00","2022","12","21","04:00","-36.0","","-39.8","","68","","","M","12","","6","","","","102.87","","","","-43","","NA"
"-109.17","62.71","FORT RELIANCE (AUT)","2201903","2022-12-21 05:00","2022","12","21","05:00","-36.1","","-40.0","","67","","","M","13","","3","","","","102.86","","","","-40","","NA"
"-109.17","62.71","FORT RELIANCE (AUT)","2201903","2022-12-21 06:00","2022","12","21","06:00","-35.7","","-39.4","","69","","","M","10","","5","","","","102.86","","","","-42","","NA"
"-109.17","62.71","FORT RELIANCE (AUT)","2201903","2022-12-21 07:00","2022","12","21","07:00","-35.8","","-39.6","","68","","","M","12","","6","","","","102.85","","","","-43","","NA"
"-109.17","62.71","FORT RELIANCE (AUT)","2201903","2022-12-21 08:00","2022","12","21","08:00","-36.1","","-39.9","","68","","","M","17","","7","","","","102.86","","","","-44","","NA"
"-109.17","62.71","FORT RELIANCE (AUT)","2201903","2022-12-21 09:00","2022","12","21","09:00","-36.7","","-40.6","","67","","","M","15","","5","","","","102.88","","","","-43","","NA"
"-109.17","62.71","FORT RELIANCE (AUT)","2201903","2022-12-21 10:00","2022","12","21","10:00","-36.3","","-40.2","","67","","","M","14","","5","","","","102.90","","","","-43","","NA"
"-109.17","62.71","FORT RELIANCE (AUT)","2201903","2022-12-21 11:00","2022","12","21","11:00","-34.7","","-38.7","","67","","","M","13","","5","","","","102.91","","","","-41","","NA"
"-109.17","62.71","FORT RELIANCE (AUT)","2201903","2022-12-21 12:00","2022","12","21","12:00","-34.1","","-38.3","","66","","","M","12","","7","","","","102.90","","","","-42","","NA"
"-109.17","62.71","FORT RELIANCE (AUT)","2201903","2022-12-21 13:00","2022","12","21","13:00","-34.5","","-38.4","","68","","","M","14","","7","","","","102.88","","","","-43","","NA"
"-109.17","62.71","FORT RELIANCE (AUT)","2201903","2022-12-21 14:00","2022","12","21","14:00","-33.8","","-37.8","","68","","","M","12","","5","","","","102.89","","","","-40","","NA"
"-109.17","62.71","FORT RELIANCE (AUT)","2201903","2022-12-21 15:00","2022","12","21","15:00","-34.4","","-38.2","","68","","","M","14","","8","","","","102.90","","","","-43","","NA"
"-109.17","62.71","FORT RELIANCE (AUT)","2201903","2022-12-21 16:00","2022","12","21","16:00","-34.3","","-38.0","","69","","","M","15","","6","","","","102.89","","","","-41","","NA"
"-109.17","62.71","FORT RELIANCE (AUT)","2201903","2022-12-21 17:00","2022","12","21","17:00","-34.2","","-37.9","","69","","","M","15","","5","","","","102.88","","","","-40","","NA"
"-109.17","62.71","FORT RELIANCE (AUT)","2201903","2022-12-21 18:00","2022","12","21","18:00","-33.5","","-37.1","","69","","","M","19","","9","","","","102.86","","","","-43","","NA"
"-109.17","62.71","FORT RELIANCE (AUT)","2201903","2022-12-21 19:00","2022","12","21","19:00","-33.2","","-36.9","","69","","","M","18","","4","","","","102.85","","","","-38","","NA"
"-109.17","62.71","FORT RELIANCE (AUT)","2201903","2022-12-21 20:00","2022","12","21","20:00","-34.6","","-38.5","","68","","","M","17","","7","","","","102.80","","","","-43","","NA"
"-109.17","62.71","FORT RELIANCE (AUT)","2201903","2022-12-21 21:00","2022","12","21","21:00","-34.2","","-37.8","","70","","","M","17","","3","","","","102.77","","","","-38","","NA"
"-109.17","62.71","FORT RELIANCE (AUT)","2201903","2022-12-21 22:00","2022","12","21","22:00","-34.5","","-38.2","","69","","","M","15","","4","","","","102.77","","","","-39","","NA"
"-109.17","62.71","FORT RELIANCE (AUT)","2201903","2022-12-21 23:00","2022","12","21","23:00","-35.0","","-38.8","","68","","","M","17","","3","","","","102.75","","","","-39","","NA"
"-109.17","62.71","FORT RELIANCE (AUT)","2201903","2022-12-22 00:00","2022","12","22","00:00","-34.1","","-37.8","","69","","","M","17","","7","","","","102.71","","","","-42","","NA"
"-109.17","62.71","FORT RELIANCE (AUT)","2201903","2022-12-22 01:00","2022","12","22","01:00","-33.5","","-37.2","","69","","","M","18","","10","","","","102.70","","","","-43","","NA"
"-109.17","62.71","FORT RELIANCE (AUT)","2201903","2022-12-22 02:00","2022","12","22","02:00","-33.4","","-37.2","","69","","","M","18","","12","","","","102.64","","","","-44","","NA"
"-109.17","62.71","FORT RELIANCE (AUT)","2201903","2022-12-22 03:00","2022","12","22","03:00","-33.3","","-37.0","","69","","","M","20","","7","","","","102.63","","","","-41","","NA"
"-109.17","62.71","FORT RELIANCE (AUT)","2201903","2022-12-22 04:00","2022","12","22","04:00","-33.7","","-37.4","","69","","","M","19","","5","","","","102.58","","","","-40","","NA"
"-109.17","62.71","FORT RELIANCE (AUT)","2201903","2022-12-22 05:00","2022","12","22","05:00","-33.3","","-37.1","","69","","","M","19","","12","","","","102.54","","","","-44","","NA"
"-109.17","62.71","FORT RELIANCE (AUT)","2201903","2022-12-22 06:00","2022","12","22","06:00","-33.5","","-37.1","","70","","","M","20","","6","","","","102.52","","","","-41","","NA"
"-109.17","62.71","FORT RELIANCE (AUT)","2201903","2022-12-22 07:00","2022","12","22","07:00","-33.4","","-37.0","","70","","","M","19","","4","","","","102.48","","","","-38","","NA"
"-109.17","62.71","FORT RELIANCE (AUT)","2201903","2022-12-22 08:00","2022","12","22","08:00","-32.6","","-36.1","","71","","","M","20","","5","","","","102.43","","","","-39","","NA"
"-109.17","62.71","FORT RELIANCE (AUT)","2201903","2022-12-22 09:00","2022","12","22","09:00","-32.1","","-35.6","","71","","","M","19","","10","","","","102.42","","","","-42","","NA"
"-109.17","62.71","FORT RELIANCE (AUT)","2201903","2022-12-22 10:00","2022","12","22","10:00","-32.9","","-36.5","","70","","","M","19","","4","","","","102.39","","","","-38","","NA"
"-109.17","62.71","FORT RELIANCE (AUT)","2201903","2022-12-22 11:00","2022","12","22","11:00","-32.4","","-36.1","","70","","","M","18","","10","","","","102.38","","","","-42","","NA"
"-109.17","62.71","FORT RELIANCE (AUT)","2201903","2022-12-22 12:00","2022","12","22","12:00","-33.1","","-36.9","","69","","","M","19","","7","","","","102.34","","","","-41","","NA"
"-109.17","62.71","FORT RELIANCE (AUT)","2201903","2022-12-22 13:00","2022","12","22","13:00","-32.5","","-36.3","","69","","","M","19","","13","","","","102.30","","","","-44","","NA"
"-109.17","62.71","FORT RELIANCE (AUT)","2201903","2022-12-22 14:00","2022","12","22","14:00","-33.6","","-37.4","","68","","","M","19","","9","","","","102.28","","","","-43","","NA"
"-109.17","62.71","FORT RELIANCE (AUT)","2201903","2022-12-22 15:00","2022","12","22","15:00","-34.8","","-38.7","","68","","","M","16","","7","","","","102.27","","","","-43","","NA"
"-109.17","62.71","FORT RELIANCE (AUT)","2201903","2022-12-22 16:00","2022","12","22","16:00","-34.7","","-38.5","","69","","","M","9","","6","","","","102.24","","","","-42","","NA"
"-109.17","62.71","FORT RELIANCE (AUT)","2201903","2022-12-22 17:00","2022","12","22","17:00","-35.0","","-38.9","","68","","","M","8","","6","","","","102.24","","","","-42","","NA"
"-109.17","62.71","FORT RELIANCE (AUT)","2201903","2022-12-22 18:00","2022","12","22","18:00","-35.5","","-39.4","","68","","","M","8","","7","","","","102.20","","","","-44","","NA"
"-109.17","62.71","FORT RELIANCE (AUT)","2201903","2022-12-22 19:00","2022","12","22","19:00","-35.7","","-39.6","","67","","","M","8","","6","","","","102.16","","","","-43","","NA"
"-109.17","62.71","FORT RELIANCE (AUT)","2201903","2022-12-22 20:00","2022","12","22","20:00","-36.0","","-39.8","","67","","","M","9","","6","","","","102.15","","","","-43","","NA"
"-109.17","62.71","FORT RELIANCE (AUT)","2201903","2022-12-22 21:00","2022","12","22","21:00","-36.2","","-40.1","","67","","","M","9","","7","","","","102.14","","","","-44","","NA"
"-109.17","62.71","FORT RELIANCE (AUT)","2201903","2022-12-22 22:00","2022","12","22","22:00","-36.2","","-40.1","","67","","","M","10","","6","","","","102.12","","","","-44","","NA"
"-109.17","62.71","FORT RELIANCE (AUT)","2201903","2022-12-22 23:00","2022","12","22","23:00","-36.8","","-40.8","","66","","","M","10","","3","","","","102.12","","","","-41","","NA"
"-109.17","62.71","FORT RELIANCE (AUT)","2201903","2022-12-23 00:00","2022","12","23","00:00","-36.7","","-40.7","","67","","","M","8","","7","","","","102.12","","","","-45","","NA"
"-109.17","62.71","FORT RELIANCE (AUT)","2201903","2022-12-23 01:00","2022","12","23","01:00","-36.8","","-40.8","","67","","","M","10","","5","","","","102.11","","","","-43","","NA"
"-109.17","62.71","FORT RELIANCE (AUT)","2201903","2022-12-23 02:00","2022","12","23","02:00","-36.4","","-40.3","","67","","","M","7","","6","","","","102.09","","","","-44","","NA"
"-109.17","62.71","FORT RELIANCE (AUT)","2201903","2022-12-23 03:00","2022","12","23","03:00","-36.5","","-40.5","","67","","","M","4","","3","","","","102.07","","","","-40","","NA"
"-109.17","62.71","FORT RELIANCE (AUT)","2201903","2022-12-23 04:00","2022","12","23","04:00","-36.0","","-39.9","","68","","","M","5","","5","","","","102.02","","","","-42","","NA"
"-109.17","62.71","FORT RELIANCE (AUT)","2201903","2022-12-23 05:00","2022","12","23","05:00","-36.3","","-40.2","","67","","","M","3","","3","","","","102.02","","","","-40","","NA"
"-109.17","62.71","FORT RELIANCE (AUT)","2201903","2022-12-23 06:00","2022","12","23","06:00","-35.5","","-39.3","","68","","","M","6","","5","","","","102.02","","","","-42","","NA"
"-109.17","62.71","FORT RELIANCE (AUT)","2201903","2022-12-23 07:00","2022","12","23","07:00","-35.9","","-39.8","","68","","","M","6","","6","","","","102.00","","","","-43","","NA"
"-109.17","62.71","FORT RELIANCE (AUT)","2201903","2022-12-23 08:00","2022","12","23","08:00","-35.3","","-39.2","","68","","","M","6","","7","","","","101.95","","","","-43","","NA"
"-109.17","62.71","FORT RELIANCE (AUT)","2201903","2022-12-23 09:00","2022","12","23","09:00","-35.4","","-39.4","","67","","","M","3","","6","","","","101.97","","","","-43","","NA"
"-109.17","62.71","FORT RELIANCE (AUT)","2201903","2022-12-23 10:00","2022","12","23","10:00","-34.8","","-38.7","","68","","","M","4","","5","","","","101.95","","","","-41","","NA"
"-109.17","62.71","FORT RELIANCE (AUT)","2201903","2022-12-23 11:00","2022","12","23","11:00","-33.9","","-37.7","","68","","","M","6","","9","","","","101.93","","","","-43","","NA"
"-109.17","62.71","FORT RELIANCE (AUT)","2201903","2022-12-23 12:00","2022","12","23","12:00","-33.1","","-37.1","","68","","","M","4","","4","","","","101.91","","","","-38","","NA"
"-109.17","62.71","FORT RELIANCE (AUT)","2201903","2022-12-23 13:00","2022","12","23","13:00","-32.1","","-36.0","","68","","","M","","M","","M","","","","M","","","","","NA"
"-109.17","62.71","FORT RELIANCE (AUT)","2201903","2022-12-23 14:00","2022","12","23","14:00","-32.2","","-36.0","","69","","","M","4","","6","","","","101.82","","","","-39","","NA"
"-109.17","62.71","FORT RELIANCE (AUT)","2201903","2022-12-23 15:00","2022","12","23","15:00","-32.2","","-36.0","","69","","","M","2","","5","","","","101.78","","","","-38","","NA"
"-109.17","62.71","FORT RELIANCE (AUT)","2201903","2022-12-23 16:00","2022","12","23","16:00","-30.7","","-34.4","","70","","","M","6","","12","","","","101.75","","","","-41","","NA"
"-109.17","62.71","FORT RELIANCE (AUT)","2201903","2022-12-23 17:00","2022","12","23","17:00","-30.0","","-33.7","","70","","","M","1","","7","","","","101.71","","","","-37","","NA"
"-109.17","62.71","FORT RELIANCE (AUT)","2201903","2022-12-23 18:00","2022","12","23","18:00","-29.7","","-33.5","","70","","","M","2","","7","","","","101.67","","","","-37","","NA"
"-109.17","62.71","FORT RELIANCE (AUT)","2201903","2022-12-23 19:00","2022","12","23","19:00","-29.3","","-33.2","","69","","","M","3","","5","","","","101.62","","","","-35","","NA"
"-109.17","62.71","FORT RELIANCE (AUT)","2201903","2022-12-23 20:00","2022","12","23","20:00","-30.0","","-33.9","","69","","","M","2","","9","","","","101.61","","","","-39","","NA"
"-109.17","62.71","FORT RELIANCE (AUT)","2201903","2022-12-23 21:00","2022","12","23","21:00","-29.1","","-32.9","","69","","","M","5","","10","","","","101.56","","","","-38","","NA"
"-109.17","62.71","FORT RELIANCE (AUT)","2201903","2022-12-23 22:00","2022","12","23","22:00","-28.2","","-32.2","","69","","","M","7","","12","","","","101.53","","","","-38","","NA"
"-109.17","62.71","FORT RELIANCE (AUT)","2201903","2022-12-23 23:00","2022","12","23","23:00","-28.6","","-32.6","","69","","","M","5","","14","","","","101.51","","","","-39","","NA"
"-109.17","62.71","FORT RELIANCE (AUT)","2201903","2022-12-24 00:00","2022","12","24","00:00","-28.8","","-32.8","","68","","","M","6","","10","","","","101.52","","","","-38","","NA"
"-109.17","62.71","FORT RELIANCE (AUT)","2201903","2022-12-24 01:00","2022","12","24","01:00","-29.3","","-33.4","","68","","","M","8","","16","","","","101.49","","","","-41","","NA"
"-109.17","62.71","FORT RELIANCE (AUT)","2201903","2022-12-24 02:00","2022","12","24","02:00","-29.8","","-33.9","","67","","","M","6","","5","","","","101.54","","","","-35","","NA"
"-109.17","62.71","FORT RELIANCE (AUT)","2201903","2022-12-24 03:00","2022","12","24","03:00","-29.9","","-33.9","","68","","","M","6","","6","","","","101.52","","","","-36","","NA"
"-109.17","62.71","FORT RELIANCE (AUT)","2201903","2022-12-24 04:00","2022","12","24","04:00","-30.2","","-34.1","","69","","","M","5","","7","","","","101.49","","","","-38","","NA"
"-109.17","62.71","FORT RELIANCE (AUT)","2201903","2022-12-24 05:00","2022","12","24","05:00","-30.7","","-34.7","","67","","","M","5","","6","","","","101.47","","","","-37","","NA"
"-109.17","62.71","FORT RELIANCE (AUT)","2201903","2022-12-24 06:00","2022","12","24","06:00","-31.6","","-35.9","","66","","","M","6","","6","","","","101.49","","","","-38","","NA"
"-109.17","62.71","FORT RELIANCE (AUT)","2201903","2022-12-24 07:00","2022","12","24","07:00","-32.3","","-36.5","","66","","","M","6","","8","","","","101.48","","","","-41","","NA"
"-109.17","62.71","FORT RELIANCE (AUT)","2201903","2022-12-24 08:00","2022","12","24","08:00","-32.3","","-36.7","","65","","","M","6","","8","","","","101.47","","","","-41","","NA"
"-109.17","62.71","FORT RELIANCE (AUT)","2201903","2022-12-24 09:00","2022","12","24","09:00","-32.7","","-37.1","","65","","","M","8","","8","","","","101.48","","","","-41","","NA"
"-109.17","62.71","FORT RELIANCE (AUT)","2201903","2022-12-24 10:00","2022","12","24","10:00","-32.9","","-36.6","","69","","","M","4","","4","","","","101.50","","","","-38","","NA"
"-109.17","62.71","FORT RELIANCE (AUT)","2201903","2022-12-24 11:00","2022","12","24","11:00","-33.2","","-37.3","","66","","","M","3","","10","","","","101.46","","","","-43","","NA"
"-109.17","62.71","FORT RELIANCE (AUT)","2201903","2022-12-24 12:00","2022","12","24","12:00","-33.4","","-37.6","","66","","","M","2","","8","","","","101.39","","","","-42","","NA"
"-109.17","62.71","FORT RELIANCE (AUT)","2201903","2022-12-24 13:00","2022","12","24","13:00","-33.2","","-37.4","","66","","","M","3","","6","","","","101.41","","","","-40","","NA"
"-109.17","62.71","FORT RELIANCE (AUT)","2201903","2022-12-24 14:00","2022","12","24","14:00","-32.9","","-37.2","","66","","","M","5","","5","","","","101.37","","","","-39","","NA"
"-109.17","62.71","FORT RELIANCE (AUT)","2201903","2022-12-24 15:00","2022","12","24","15:00","-33.0","","-37.5","","64","","","M","4","","10","","","","101.25","","","","-43","","NA"
"-109.17","62.71","FORT RELIANCE (AUT)","2201903","2022-12-24 16:00","2022","12","24","16:00","-31.8","","-36.3","","64","","","M","8","","12","","","","101.31","","","","-42","","NA"
"-109.17","62.71","FORT RELIANCE (AUT)","2201903","2022-12-24 17:00","2022","12","24","17:00","-31.9","","-36.1","","67","","","M","35","","6","","","","101.25","","","","-39","","NA"
"-109.17","62.71","FORT RELIANCE (AUT)","2201903","2022-12-24 18:00","2022","12","24","18:00","-31.3","","-35.4","","67","","","M","3","","7","","","","101.18","","","","-39","","NA"
"-109.17","62.71","FORT RELIANCE (AUT)","2201903","2022-12-24 19:00","2022","12","24","19:00","-30.7","","-35.1","","65","","","M","6","","8","","","","101.14","","","","-39","","NA"
"-109.17","62.71","FORT RELIANCE (AUT)","2201903","2022-12-24 20:00","2022","12","24","20:00","-30.5","","-35.0","","65","","","M","8","","8","","","","101.08","","","","-39","","NA"
"-109.17","62.71","FORT RELIANCE (AUT)","2201903","2022-12-24 21:00","2022","12","24","21:00","-29.7","","-34.2","","65","","","M","8","","9","","","","101.08","","","","-38","","NA"
"-109.17","62.71","FORT RELIANCE (AUT)","2201903","2022-12-24 22:00","2022","12","24","22:00","-29.3","","-33.5","","67","","","M","6","","5","","","","101.04","","","","-35","","NA"
"-109.17","62.71","FORT RELIANCE (AUT)","2201903","2022-12-24 23:00","2022","12","24","23:00","-29.5","","-33.7","","67","","","M","4","","7","","","","101.03","","","","-37","","NA"
"-109.17","62.71","FORT RELIANCE (AUT)","2201903","2022-12-25 00:00","2022","12","25","00:00","-29.8","","-34.1","","66","","","M","5","","8","","","","101.06","","","","-38","","NA"
"-109.17","62.71","FORT RELIANCE (AUT)","2201903","2022-12-25 01:00","2022","12","25","01:00","-30.5","","-34.7","","67","","","M","2","","6","","","","101.05","","","","-37","","NA"
"-109.17","62.71","FORT RELIANCE (AUT)","2201903","2022-12-25 02:00","2022","12","25","02:00","-31.0","","-35.2","","67","","","M","2","","10","","","","101.07","","","","-40","","NA"
"-109.17","62.71","FORT RELIANCE (AUT)","2201903","2022-12-25 03:00","2022","12","25","03:00","-32.2","","-36.3","","67","","","M","1","","9","","","","101.11","","","","-41","","NA"
"-109.17","62.71","FORT RELIANCE (AUT)","2201903","2022-12-25 04:00","2022","12","25","04:00","-33.0","","-37.2","","66","","","M","2","","11","","","","101.11","","","","-43","","NA"
"-109.17","62.71","FORT RELIANCE (AUT)","2201903","2022-12-25 05:00","2022","12","25","05:00","-33.4","","-37.7","","66","","","M","4","","9","","","","101.15","","","","-43","","NA"
"-109.17","62.71","FORT RELIANCE (AUT)","2201903","2022-12-25 06:00","2022","12","25","06:00","-33.6","","-37.7","","66","","","M","3","","8","","","","101.19","","","","-42","","NA"
"-109.17","62.71","FORT RELIANCE (AUT)","2201903","2022-12-25 07:00","2022","12","25","07:00","-33.7","","-37.8","","67","","","M","2","","6","","","","101.22","","","","-41","","NA"
"-109.17","62.71","FORT RELIANCE (AUT)","2201903","2022-12-25 08:00","2022","12","25","08:00","-33.4","","-37.4","","67","","","M","1","","8","","","","101.30","","","","-42","","NA"
"-109.17","62.71","FORT RELIANCE (AUT)","2201903","2022-12-25 09:00","2022","12","25","09:00","-33.3","","-37.3","","67","","","M","2","","8","","","","101.31","","","","-42","","NA"
"-109.17","62.71","FORT RELIANCE (AUT)","2201903","2022-12-25 10:00","2022","12","25","10:00","-33.0","","-37.1","","67","","","M","3","","8","","","","101.33","","","","-41","","NA"
"-109.17","62.71","FORT RELIANCE (AUT)","2201903","2022-12-25 11:00","2022","12","25","11:00","-33.2","","-37.4","","66","","","M","2","","8","","","","101.39","","","","-42","","NA"
"-109.17","62.71","FORT RELIANCE (AUT)","2201903","2022-12-25 12:00","2022","12","25","12:00","-33.0","","-37.4","","65","","","M","2","","8","","","","101.39","","","","-41","","NA"
"-109.17","62.71","FORT RELIANCE (AUT)","2201903","2022-12-25 13:00","2022","12","25","13:00","-32.6","","-37.0","","65","","","M","3","","7","","","","101.36","","","","-40","","NA"
"-109.17","62.71","FORT RELIANCE (AUT)","2201903","2022-12-25 14:00","2022","12","25","14:00","-33.2","","-37.6","","65","","","M","3","","7","","","","101.35","","","","-41","","NA"
"-109.17","62.71","FORT RELIANCE (AUT)","2201903","2022-12-25 15:00","2022","12","25","15:00","-34.1","","-38.3","","65","","","M","1","","7","","","","101.44","","","","-42","","NA"
"-109.17","62.71","FORT RELIANCE (AUT)","2201903","2022-12-25 16:00","2022","12","25","16:00","-34.4","","-38.6","","66","","","M","2","","7","","","","101.40","","","","-42","","NA"
"-109.17","62.71","FORT RELIANCE (AUT)","2201903","2022-12-25 17:00","2022","12","25","17:00","-34.7","","-38.8","","66","","","M","3","","8","","","","101.39","","","","-43","","NA"
"-109.17","62.71","FORT RELIANCE (AUT)","2201903","2022-12-25 18:00","2022","12","25","18:00","-33.9","","-38.0","","66","","","M","3","","6","","","","101.32","","","","-41","","NA"
"-109.17","62.71","FORT RELIANCE (AUT)","2201903","2022-12-25 19:00","2022","12","25","19:00","-33.4","","-37.6","","66","","","M","1","","4","","","","101.29","","","","-38","","NA"
"-109.17","62.71","FORT RELIANCE (AUT)","2201903","2022-12-25 20:00","2022","12","25","20:00","-32.9","","-37.1","","66","","","M","1","","5","","","","101.31","","","","-39","","NA"
"-109.17","62.71","FORT RELIANCE (AUT)","2201903","2022-12-25 21:00","2022","12","25","21:00","-32.2","","-36.3","","66","","","M","3","","5","","","","101.24","","","","-38","","NA"
"-109.17","62.71","FORT RELIANCE (AUT)","2201903","2022-12-25 22:00","2022","12","25","22:00","-31.6","","-35.7","","67","","","M","2","","5","","","","101.14","","","","-37","","NA"
"-109.17","62.71","FORT RELIANCE (AUT)","2201903","2022-12-25 23:00","2022","12","25","23:00","-30.9","","-34.8","","69","","","M","1","","6","","","","101.09","","","","-38","","NA"
"-109.17","62.71","FORT RELIANCE (AUT)","2201903","2022-12-26 00:00","2022","12","26","00:00","-30.4","","-34.4","","69","","","M","3","","7","","","","101.00","","","","-38","","NA"
"-109.17","62.71","FORT RELIANCE (AUT)","2201903","2022-12-26 01:00","2022","12","26","01:00","-30.1","","-34.2","","68","","","M","3","","7","","","","100.95","","","","-37","","NA"
"-109.17","62.71","FORT RELIANCE (AUT)","2201903","2022-12-26 02:00","2022","12","26","02:00","-30.1","","-34.2","","67","","","M","3","","8","","","","100.91","","","","-38","","NA"
"-109.17","62.71","FORT RELIANCE (AUT)","2201903","2022-12-26 03:00","2022","12","26","03:00","-29.7","","-33.6","","69","","","M","3","","6","","","","100.82","","","","-36","","NA"
"-109.17","62.71","FORT RELIANCE (AUT)","2201903","2022-12-26 04:00","2022","12","26","04:00","-29.5","","-33.5","","68","","","M","3","","7","","","","100.78","","","","-37","","NA"
"-109.17","62.71","FORT RELIANCE (AUT)","2201903","2022-12-26 05:00","2022","12","26","05:00","-29.3","","-33.3","","68","","","M","4","","8","","","","100.71","","","","-37","","NA"
"-109.17","62.71","FORT RELIANCE (AUT)","2201903","2022-12-26 06:00","2022","12","26","06:00","-29.3","","-33.3","","68","","","M","3","","5","","","","100.64","","","","-35","","NA"
"-109.17","62.71","FORT RELIANCE (AUT)","2201903","2022-12-26 07:00","2022","12","26","07:00","-29.0","","-33.1","","68","","","M","7","","7","","","","100.51","","","","-36","","NA"
"-109.17","62.71","FORT RELIANCE (AUT)","2201903","2022-12-26 08:00","2022","12","26","08:00","-28.8","","-32.8","","69","","","M","4","","6","","","","100.39","","","","-35","","NA"
"-109.17","62.71","FORT RELIANCE (AUT)","2201903","2022-12-26 09:00","2022","12","26","09:00","-28.7","","-32.6","","69","","","M","3","","6","","","","100.32","","","","-35","","NA"
"-109.17","62.71","FORT RELIANCE (AUT)","2201903","2022-12-26 10:00","2022","12","26","10:00","-28.7","","-32.8","","68","","","M","4","","4","","","","100.30","","","","-33","","NA"
"-109.17","62.71","FORT RELIANCE (AUT)","2201903","2022-12-26 11:00","2022","12","26","11:00","-29.3","","-33.4","","67","","","M","6","","7","","","","100.26","","","","-36","","NA"
"-109.17","62.71","FORT RELIANCE (AUT)","2201903","2022-12-26 12:00","2022","12","26","12:00","-29.0","","-33.1","","68","","","M","3","","4","","","","100.11","","","","-33","","NA"
"-109.17","62.71","FORT RELIANCE (AUT)","2201903","2022-12-26 13:00","2022","12","26","13:00","-28.7","","-32.8","","68","","","M","6","","19","","","","99.99","","","","-41","","NA"
"-109.17","62.71","FORT RELIANCE (AUT)","2201903","2022-12-26 14:00","2022","12","26","14:00","-27.9","","-31.9","","69","","","M","8","","13","","","","99.94","","","","-38","","NA"
"-109.17","62.71","FORT RELIANCE (AUT)","2201903","2022-12-26 15:00","2022","12","26","15:00","-28.3","","-32.4","","68","","","M","7","","10","","","","99.88","","","","-37","","NA"
"-109.17","62.71","FORT RELIANCE (AUT)","2201903","2022-12-26 16:00","2022","12","26","16:00","-28.1","","-32.2","","68","","","M","5","","10","","","","99.86","","","","-37","","NA"
"-109.17","62.71","FORT RELIANCE (AUT)","2201903","2022-12-26 17:00","2022","12","26","17:00","-28.8","","-33.1","","67","","","M","4","","11","","","","99.84","","","","-38","","NA"
"-109.17","62.71","FORT RELIANCE (AUT)","2201903","2022-12-26 18:00","2022","12","26","18:00","-30.0","","-34.3","","66","","","M","7","","16","","","","99.79","","","","-42","","NA"
"-109.17","62.71","FORT RELIANCE (AUT)","2201903","2022-12-26 19:00","2022","12","26","19:00","-29.6","","-33.8","","67","","","M","6","","16","","","","99.75","","","","-41","","NA"
"-109.17","62.71","FORT RELIANCE (AUT)","2201903","2022-12-26 20:00","2022","12","26","20:00","-29.0","","-33.3","","66","","","M","8","","15","","","","99.57","","","","-40","","NA"
"-109.17","62.71","FORT RELIANCE (AUT)","2201903","2022-12-26 21:00","2022","12","26","21:00","-27.8","","-32.0","","67","","","M","5","","10","","","","99.58","","","","-37","","NA"
"-109.17","62.71","FORT RELIANCE (AUT)","2201903","2022-12-26 22:00","2022","12","26","22:00","-28.2","","-32.6","","66","","","M","8","","16","","","","99.48","","","","-40","","NA"
"-109.17","62.71","FORT RELIANCE (AUT)","2201903","2022-12-26 23:00","2022","12","26","23:00","-28.7","","-33.1","","66","","","M","5","","9","","","","99.47","","","","-37","","NA"
"-109.17","62.71","FORT RELIANCE (AUT)","2201903","2022-12-27 00:00","2022","12","27","00:00","-28.4","","-32.7","","67","","","M","4","","10","","","","99.45","","","","-37","","NA"
"-109.17","62.71","FORT RELIANCE (AUT)","2201903","2022-12-27 01:00","2022","12","27","01:00","-27.6","","-31.8","","67","","","M","5","","7","","","","99.45","","","","-34","","NA"
"-109.17","62.71","FORT RELIANCE (AUT)","2201903","2022-12-27 02:00","2022","12","27","02:00","-27.6","","-31.8","","67","","","M","4","","8","","","","99.48","","","","-35","","NA"
"-109.17","62.71","FORT RELIANCE (AUT)","2201903","2022-12-27 03:00","2022","12","27","03:00","-27.8","","-31.9","","68","","","M","6","","11","","","","99.45","","","","-37","","NA"
"-109.17","62.71","FORT RELIANCE (AUT)","2201903","2022-12-27 04:00","2022","12","27","04:00","-27.3","","-31.6","","67","","","M","7","","15","","","","99.39","","","","-38","","NA"
"-109.17","62.71","FORT RELIANCE (AUT)","2201903","2022-12-27 05:00","2022","12","27","05:00","-26.5","","-30.9","","66","","","M","5","","10","","","","99.27","","","","-35","","NA"
"-109.17","62.71","FORT RELIANCE (AUT)","2201903","2022-12-27 06:00","2022","12","27","06:00","-26.3","","-30.7","","67","","","M","8","","15","","","","99.17","","","","-37","","NA"
"-109.17","62.71","FORT RELIANCE (AUT)","2201903","2022-12-27 07:00","2022","12","27","07:00","-26.0","","-30.6","","66","","","M","7","","12","","","","99.11","","","","-35","","NA"
"-109.17","62.71","FORT RELIANCE (AUT)","2201903","2022-12-27 08:00","2022","12","27","08:00","-25.8","","-30.3","","66","","","M","8","","16","","","","99.15","","","","-37","","NA"
"-109.17","62.71","FORT RELIANCE (AUT)","2201903","2022-12-27 09:00","2022","12","27","09:00","-25.0","","-29.7","","65","","","M","8","","14","","","","99.13","","","","-35","","NA"
"-109.17","62.71","FORT RELIANCE (AUT)","2201903","2022-12-27 10:00","2022","12","27","10:00","-23.9","","-28.4","","67","","","M","5","","8","","","","99.12","","","","-31","","NA"
"-109.17","62.71","FORT RELIANCE (AUT)","2201903","2022-12-27 11:00","2022","12","27","11:00","-22.7","","-27.2","","66","","","M","8","","8","","","","99.04","","","","-29","","NA"
"-109.17","62.71","FORT RELIANCE (AUT)","2201903","2022-12-27 12:00","2022","12","27","12:00","-22.7","","-27.0","","68","","","M","10","","22","","","","98.96","","","","-34","","NA"
"-109.17","62.71","FORT RELIANCE (AUT)","2201903","2022-12-27 13:00","2022","12","27","13:00","-23.0","","-28.0","","64","","","M","8","","14","","","","98.96","","","","-32","","NA"
"-109.17","62.71","FORT RELIANCE (AUT)","2201903","2022-12-27 14:00","2022","12","27","14:00","-21.9","","-26.8","","64","","","M","7","","12","","","","99.00","","","","-30","","NA"
"-109.17","62.71","FORT RELIANCE (AUT)","2201903","2022-12-27 15:00","2022","12","27","15:00","-21.4","","-25.8","","67","","","M","7","","11","","","","98.93","","","","-29","","NA"
"-109.17","62.71","FORT RELIANCE (AUT)","2201903","2022-12-27 16:00","2022","12","27","16:00","-21.0","","-25.1","","70","","","M","8","","13","","","","98.93","","","","-30","","NA"
"-109.17","62.71","FORT RELIANCE (AUT)","2201903","2022-12-27 17:00","2022","12","27","17:00","-20.4","","-24.1","","72","","","M","9","","16","","","","98.86","","","","-30","","NA"
"-109.17","62.71","FORT RELIANCE (AUT)","2201903","2022-12-27 18:00","2022","12","27","18:00","-20.3","","-23.9","","73","","","M","9","","19","","","","98.81","","","","-31","","NA"
"-109.17","62.71","FORT RELIANCE (AUT)","2201903","2022-12-27 19:00","2022","12","27","19:00","-19.7","","-23.5","","72","","","M","10","","19","","","","98.82","","","","-30","","NA"
"-109.17","62.71","FORT RELIANCE (AUT)","2201903","2022-12-27 20:00","2022","12","27","20:00","-19.2","","-23.0","","72","","","M","10","","26","","","","98.75","","","","-31","","NA"
"-109.17","62.71","FORT RELIANCE (AUT)","2201903","2022-12-27 21:00","2022","12","27","21:00","-18.8","","-22.5","","73","","","M","10","","26","","","","98.73","","","","-30","","NA"
"-109.17","62.71","FORT RELIANCE (AUT)","2201903","2022-12-27 22:00","2022","12","27","22:00","-18.3","","-22.2","","72","","","M","10","","21","","","","98.76","","","","-29","","NA"
"-109.17","62.71","FORT RELIANCE (AUT)","2201903","2022-12-27 23:00","2022","12","27","23:00","-17.7","","-21.4","","73","","","M","10","","30","","","","98.73","","","","-30","","NA"
"-109.17","62.71","FORT RELIANCE (AUT)","2201903","2022-12-28 00:00","2022","12","28","00:00","-17.3","","-21.1","","72","","","M","10","","21","","","","98.77","","","","-27","","NA"
"-109.17","62.71","FORT RELIANCE (AUT)","2201903","2022-12-28 01:00","2022","12","28","01:00","-16.7","","-20.3","","74","","","M","11","","26","","","","98.80","","","","-28","","NA"
"-109.17","62.71","FORT RELIANCE (AUT)","2201903","2022-12-28 02:00","2022","12","28","02:00","-16.6","","-20.0","","75","","","M","10","","23","","","","98.79","","","","-27","","NA"
"-109.17","62.71","FORT RELIANCE (AUT)","2201903","2022-12-28 03:00","2022","12","28","03:00","-16.3","","-20.0","","73","","","M","10","","21","","","","98.78","","","","-26","","NA"
"-109.17","62.71","FORT RELIANCE (AUT)","2201903","2022-12-28 04:00","2022","12","28","04:00","-15.8","","-19.4","","74","","","M","12","","29","","","","98.80","","","","-27","","NA"
"-109.17","62.71","FORT RELIANCE (AUT)","2201903","2022-12-28 05:00","2022","12","28","05:00","-15.5","","-18.9","","75","","","M","11","","27","","","","98.80","","","","-26","","NA"
"-109.17","62.71","FORT RELIANCE (AUT)","2201903","2022-12-28 06:00","2022","12","28","06:00","-15.3","","-18.9","","74","","","M","11","","26","","","","98.81","","","","-26","","NA"
"-109.17","62.71","FORT RELIANCE (AUT)","2201903","2022-12-28 07:00","2022","12","28","07:00","-15.0","","-18.8","","73","","","M","11","","25","","","","98.85","","","","-25","","NA"
"-109.17","62.71","FORT RELIANCE (AUT)","2201903","2022-12-28 08:00","2022","12","28","08:00","-14.7","","-18.2","","75","","","M","11","","24","","","","98.85","","","","-25","","NA"
"-109.17","62.71","FORT RELIANCE (AUT)","2201903","2022-12-28 09:00","2022","12","28","09:00","-14.5","","-18.0","","74","","","M","11","","19","","","","98.87","","","","-23","","NA"
"-109.17","62.71","FORT RELIANCE (AUT)","2201903","2022-12-28 10:00","2022","12","28","10:00","-14.2","","-17.6","","76","","","M","11","","23","","","","98.84","","","","-24","","NA"
"-109.17","62.71","FORT RELIANCE (AUT)","2201903","2022-12-28 11:00","2022","12","28","11:00","-14.1","","-17.6","","75","","","M","11","","26","","","","98.88","","","","-24","","NA"
"-109.17","62.71","FORT RELIANCE (AUT)","2201903","2022-12-28 12:00","2022","12","28","12:00","-13.5","","-17.1","","74","","","M","12","","24","","","","98.87","","","","-23","","NA"
"-109.17","62.71","FORT RELIANCE (AUT)","2201903","2022-12-28 13:00","2022","12","28","13:00","-13.5","","-17.0","","75","","","M","12","","26","","","","98.86","","","","-23","","NA"
"-109.17","62.71","FORT RELIANCE (AUT)","2201903","2022-12-28 14:00","2022","12","28","14:00","-13.8","","-17.5","","73","","","M","13","","25","","","","98.90","","","","-24","","NA"
"-109.17","62.71","FORT RELIANCE (AUT)","2201903","2022-12-28 15:00","2022","12","28","15:00","-13.9","","-17.5","","74","","","M","12","","15","","","","98.93","","","","-22","","NA"
"-109.17","62.71","FORT RELIANCE (AUT)","2201903","2022-12-28 16:00","2022","12","28","16:00","-14.0","","-17.7","","74","","","M","14","","16","","","","98.95","","","","-22","","NA"
"-109.17","62.71","FORT RELIANCE (AUT)","2201903","2022-12-28 17:00","2022","12","28","17:00","-14.0","","-18.1","","71","","","M","12","","19","","","","98.97","","","","-23","","NA"
"-109.17","62.71","FORT RELIANCE (AUT)","2201903","2022-12-28 18:00","2022","12","28","18:00","-14.0","","-18.3","","70","","","M","12","","16","","","","98.95","","","","-22","","NA"
"-109.17","62.71","FORT RELIANCE (AUT)","2201903","2022-12-28 19:00","2022","12","28","19:00","-14.0","","-18.0","","72","","","M","13","","16","","","","98.97","","","","-22","","NA"
"-109.17","62.71","FORT RELIANCE (AUT)","2201903","2022-12-28 20:00","2022","12","28","20:00","-14.1","","-17.8","","74","","","M","12","","25","","","","98.93","","","","-24","","NA"
"-109.17","62.71","FORT RELIANCE (AUT)","2201903","2022-12-28 21:00","2022","12","28","21:00","-14.2","","-18.2","","72","","","M","10","","8","","","","98.92","","","","-19","","NA"
"-109.17","62.71","FORT RELIANCE (AUT)","2201903","2022-12-28 22:00","2022","12","28","22:00","-14.2","","-18.1","","72","","","M","8","","7","","","","98.92","","","","-19","","NA"
"-109.17","62.71","FORT RELIANCE (AUT)","2201903","2022-12-28 23:00","2022","12","28","23:00","-14.0","","-18.0","","71","","","M","14","","21","","","","98.92","","","","-23","","NA"
"-109.17","62.71","FORT RELIANCE (AUT)","2201903","2022-12-29 00:00","2022","12","29","00:00","-14.5","","-18.7","","70","","","M","13","","20","","","","98.94","","","","-24","","NA"
"-109.17","62.71","FORT RELIANCE (AUT)","2201903","2022-12-29 01:00","2022","12","29","01:00","-14.8","","-19.0","","70","","","M","14","","22","","","","98.96","","","","-24","","NA"
"-109.17","62.71","FORT RELIANCE (AUT)","2201903","2022-12-29 02:00","2022","12","29","02:00","-15.1","","-19.2","","71","","","M","13","","19","","","","98.96","","","","-24","","NA"
"-109.17","62.71","FORT RELIANCE (AUT)","2201903","2022-12-29 03:00","2022","12","29","03:00","-15.4","","-19.1","","73","","","M","14","","14","","","","98.98","","","","-23","","NA"
"-109.17","62.71","FORT RELIANCE (AUT)","2201903","2022-12-29 04:00","2022","12","29","04:00","-15.8","","-18.7","","78","","","M","12","","16","","","","98.95","","","","-24","","NA"
"-109.17","62.71","FORT RELIANCE (AUT)","2201903","2022-12-29 05:00","2022","12","29","05:00","-15.8","","-19.2","","75","","","M","12","","16","","","","98.93","","","","-24","","NA"
"-109.17","62.71","FORT RELIANCE (AUT)","2201903","2022-12-29 06:00","2022","12","29","06:00","-15.7","","-19.3","","74","","","M","12","","15","","","","98.92","","","","-24","","NA"
"-109.17","62.71","FORT RELIANCE (AUT)","2201903","2022-12-29 07:00","2022","12","29","07:00","-15.7","","-19.4","","73","","","M","13","","16","","","","98.92","","","","-24","","NA"
"-109.17","62.71","FORT RELIANCE (AUT)","2201903","2022-12-29 08:00","2022","12","29","08:00","-15.7","","-19.1","","75","","","M","13","","13","","","","98.88","","","","-23","","NA"
"-109.17","62.71","FORT RELIANCE (AUT)","2201903","2022-12-29 09:00","2022","12","29","09:00","-15.6","","-18.9","","76","","","M","13","","18","","","","98.86","","","","-24","","NA"
"-109.17","62.71","FORT RELIANCE (AUT)","2201903","2022-12-29 10:00","2022","12","29","10:00","-15.5","","-19.3","","73","","","M","13","","15","","","","98.87","","","","-24","","NA"
"-109.17","62.71","FORT RELIANCE (AUT)","2201903","2022-12-29 11:00","2022","12","29","11:00","-15.5","","-19.4","","72","","","M","13","","18","","","","98.87","","","","-24","","NA"
"-109.17","62.71","FORT RELIANCE (AUT)","2201903","2022-12-29 12:00","2022","12","29","12:00","-15.3","","-19.2","","72","","","M","13","","20","","","","98.84","","","","-25","","NA"
"-109.17","62.71","FORT RELIANCE (AUT)","2201903","2022-12-29 13:00","2022","12","29","13:00","-15.1","","-19.2","","71","","","M","13","","14","","","","98.83","","","","-23","","NA"
"-109.17","62.71","FORT RELIANCE (AUT)","2201903","2022-12-29 14:00","2022","12","29","14:00","-14.9","","-18.8","","72","","","M","12","","18","","","","98.79","","","","-24","","NA"
"-109.17","62.71","FORT RELIANCE (AUT)","2201903","2022-12-29 15:00","2022","12","29","15:00","-14.6","","-18.3","","74","","","M","14","","16","","","","98.80","","","","-23","","NA"
"-109.17","62.71","FORT RELIANCE (AUT)","2201903","2022-12-29 16:00","2022","12","29","16:00","-14.3","","-18.0","","74","","","M","13","","14","","","","98.77","","","","-22","","NA"
"-109.17","62.71","FORT RELIANCE (AUT)","2201903","2022-12-29 17:00","2022","12","29","17:00","-14.1","","-17.7","","74","","","M","14","","15","","","","98.72","","","","-22","","NA"
"-109.17","62.71","FORT RELIANCE (AUT)","2201903","2022-12-29 18:00","2022","12","29","18:00","-14.1","","-18.1","","72","","","M","12","","15","","","","98.70","","","","-22","","NA"
"-109.17","62.71","FORT RELIANCE (AUT)","2201903","2022-12-29 19:00","2022","12","29","19:00","-14.2","","-18.0","","73","","","M","12","","12","","","","98.68","","","","-21","","NA"
"-109.17","62.71","FORT RELIANCE (AUT)","2201903","2022-12-29 20:00","2022","12","29","20:00","-14.3","","-18.3","","72","","","M","12","","11","","","","98.65","","","","-21","","NA"
"-109.17","62.71","FORT RELIANCE (AUT)","2201903","2022-12-29 21:00","2022","12","29","21:00","-14.1","","-18.0","","72","","","M","13","","17","","","","98.65","","","","-22","","NA"
"-109.17","62.71","FORT RELIANCE (AUT)","2201903","2022-12-29 22:00","2022","12","29","22:00","-13.9","","-17.7","","73","","","M","12","","15","","","","98.64","","","","-22","","NA"
"-109.17","62.71","FORT RELIANCE (AUT)","2201903","2022-12-29 23:00","2022","12","29","23:00","-13.8","","-17.1","","76","","","M","11","","12","","","","98.61","","","","-21","","NA"
"-109.17","62.71","FORT RELIANCE (AUT)","2201903","2022-12-30 00:00","2022","12","30","00:00","-13.5","","-16.9","","75","","","M","12","","11","","","","98.58","","","","-20","","NA"
"-109.17","62.71","FORT RELIANCE (AUT)","2201903","2022-12-30 01:00","2022","12","30","01:00","-13.3","","-16.4","","77","","","M","13","","6","","","","98.56","","","","-17","","NA"
"-109.17","62.71","FORT RELIANCE (AUT)","2201903","2022-12-30 02:00","2022","12","30","02:00","-12.8","","-16.2","","76","","","M","12","","9","","","","98.53","","","","-18","","NA"
"-109.17","62.71","FORT RELIANCE (AUT)","2201903","2022-12-30 03:00","2022","12","30","03:00","-12.6","","-16.0","","75","","","M","12","","10","","","","98.50","","","","-18","","NA"
"-109.17","62.71","FORT RELIANCE (AUT)","2201903","2022-12-30 04:00","2022","12","30","04:00","-12.5","","-15.8","","77","","","M","12","","11","","","","98.44","","","","-19","","NA"
"-109.17","62.71","FORT RELIANCE (AUT)","2201903","2022-12-30 05:00","2022","12","30","05:00","-12.7","","-15.9","","77","","","M","14","","7","","","","98.42","","","","-17","","NA"
"-109.17","62.71","FORT RELIANCE (AUT)","2201903","2022-12-30 06:00","2022","12","30","06:00","-12.8","","-15.9","","77","","","M","11","","3","","","","98.40","","","","-15","","NA"
"-109.17","62.71","FORT RELIANCE (AUT)","2201903","2022-12-30 07:00","2022","12","30","07:00","-12.5","","-15.5","","78","","","M","11","","5","","","","98.38","","","","-16","","NA"
"-109.17","62.71","FORT RELIANCE (AUT)","2201903","2022-12-30 08:00","2022","12","30","08:00","-12.4","","-15.5","","78","","","M","12","","14","","","","98.35","","","","-19","","NA"
"-109.17","62.71","FORT RELIANCE (AUT)","2201903","2022-12-30 09:00","2022","12","30","09:00","-12.6","","-15.5","","79","","","M","12","","14","","","","98.37","","","","-20","","NA"
"-109.17","62.71","FORT RELIANCE (AUT)","2201903","2022-12-30 10:00","2022","12","30","10:00","-12.4","","-15.7","","76","","","M","13","","13","","","","98.36","","","","-19","","NA"
"-109.17","62.71","FORT RELIANCE (AUT)","2201903","2022-12-30 11:00","2022","12","30","11:00","-12.4","","-15.4","","79","","","M","14","","13","","","","98.36","","","","-19","","NA"
"-109.17","62.71","FORT RELIANCE (AUT)","2201903","2022-12-30 12:00","2022","12","30","12:00","-12.4","","-15.8","","76","","","M","14","","13","","","","98.33","","","","-19","","NA"
"-109.17","62.71","FORT RELIANCE (AUT)","2201903","2022-12-30 13:00","2022","12","30","13:00","-12.4","","-15.7","","76","","","M","15","","13","","","","98.30","","","","-19","","NA"
"-109.17","62.71","FORT RELIANCE (AUT)","2201903","2022-12-30 14:00","2022","12","30","14:00","-12.3","","-15.6","","77","","","M","16","","10","","","","98.31","","","","-18","","NA"
"-109.17","62.71","FORT RELIANCE (AUT)","2201903","2022-12-30 15:00","2022","12","30","15:00","-12.5","","-15.7","","77","","","M","15","","11","","","","98.29","","","","-19","","NA"
"-109.17","62.71","FORT RELIANCE (AUT)","2201903","2022-12-30 16:00","2022","12","30","16:00","-12.6","","-15.4","","79","","","M","14","","7","","","","98.28","","","","-17","","NA"
"-109.17","62.71","FORT RELIANCE (AUT)","2201903","2022-12-30 17:00","2022","12","30","17:00","-12.6","","-15.7","","78","","","M","16","","6","","","","98.27","","","","-17","","NA"
"-109.17","62.71","FORT RELIANCE (AUT)","2201903","2022-12-30 18:00","2022","12","30","18:00","-12.6","","-15.9","","77","","","M","17","","8","","","","98.26","","","","-18","","NA"
"-109.17","62.71","FORT RELIANCE (AUT)","2201903","2022-12-30 19:00","2022","12","30","19:00","-12.7","","-15.7","","78","","","M","12","","6","","","","98.26","","","","-17","","NA"
"-109.17","62.71","FORT RELIANCE (AUT)","2201903","2022-12-30 20:00","2022","12","30","20:00","-12.8","","-15.6","","79","","","M","18","","6","","","","98.26","","","","-17","","NA"
"-109.17","62.71","FORT RELIANCE (AUT)","2201903","2022-12-30 21:00","2022","12","30","21:00","-12.7","","-15.7","","78","","","M","17","","11","","","","98.27","","","","-19","","NA"
"-109.17","62.71","FORT RELIANCE (AUT)","2201903","2022-12-30 22:00","2022","12","30","22:00","-12.7","","-16.1","","75","","","M","17","","8","","","","98.28","","","","-18","","NA"
"-109.17","62.71","FORT RELIANCE (AUT)","2201903","2022-12-30 23:00","2022","12","30","23:00","-12.5","","-16.1","","75","","","M","18","","6","","","","98.30","","","","-16","","NA"
"-109.17","62.71","FORT RELIANCE (AUT)","2201903","2022-12-31 00:00","2022","12","31","00:00","-13.7","","-16.6","","78","","","M","18","","10","","","","98.31","","","","-20","","NA"
"-109.17","62.71","FORT RELIANCE (AUT)","2201903","2022-12-31 01:00","2022","12","31","01:00","-13.8","","-16.5","","80","","","M","17","","8","","","","98.31","","","","-19","","NA"
"-109.17","62.71","FORT RELIANCE (AUT)","2201903","2022-12-31 02:00","2022","12","31","02:00","-13.4","","-16.5","","78","","","M","17","","9","","","","98.33","","","","-19","","NA"
"-109.17","62.71","FORT RELIANCE (AUT)","2201903","2022-12-31 03:00","2022","12","31","03:00","-13.4","","-16.7","","76","","","M","17","","9","","","","98.35","","","","-19","","NA"
"-109.17","62.71","FORT RELIANCE (AUT)","2201903","2022-12-31 04:00","2022","12","31","04:00","-13.7","","-17.0","","76","","","M","15","","11","","","","98.32","","","","-20","","NA"
"-109.17","62.71","FORT RELIANCE (AUT)","2201903","2022-12-31 05:00","2022","12","31","05:00","-13.9","","-17.1","","76","","","M","18","","10","","","","98.32","","","","-20","","NA"
"-109.17","62.71","FORT RELIANCE (AUT)","2201903","2022-12-31 06:00","2022","12","31","06:00","-14.0","","-17.3","","76","","","M","18","","6","","","","98.34","","","","-18","","NA"
"-109.17","62.71","FORT RELIANCE (AUT)","2201903","2022-12-31 07:00","2022","12","31","07:00","-14.0","","-17.3","","76","","","M","18","","5","","","","98.33","","","","-17","","NA"
"-109.17","62.71","FORT RELIANCE (AUT)","2201903","2022-12-31 08:00","2022","12","31","08:00","-14.0","","-17.1","","78","","","M","18","","8","","","","98.36","","","","-19","","NA"
"-109.17","62.71","FORT RELIANCE (AUT)","2201903","2022-12-31 09:00","2022","12","31","09:00","-14.1","","-17.4","","76","","","M","18","","10","","","","98.39","","","","-20","","NA"
"-109.17","62.71","FORT RELIANCE (AUT)","2201903","2022-12-31 10:00","2022","12","31","10:00","-14.6","","-17.6","","78","","","M","20","","3","","","","98.46","","","","-17","","NA"
"-109.17","62.71","FORT RELIANCE (AUT)","2201903","2022-12-31 11:00","2022","12","31","11:00","-14.8","","-18.0","","77","","","M","16","","9","","","","98.48","","","","-21","","NA"
"-109.17","62.71","FORT RELIANCE (AUT)","2201903","2022-12-31 12:00","2022","12","31","12:00","-14.7","","-18.6","","72","","","M","21","","3","","","","98.50","","","","-17","","NA"
"-109.17","62.71","FORT RELIANCE (AUT)","2201903","2022-12-31 13:00","2022","12","31","13:00","-14.8","","-18.4","","74","","","M","20","","4","","","","98.51","","","","-18","","NA"
"-109.17","62.71","FORT RELIANCE (AUT)","2201903","2022-12-31 14:00","2022","12","31","14:00","-14.5","","-18.5","","72","","","M","18","","5","","","","98.50","","","","-18","","NA"
"-109.17","62.71","FORT RELIANCE (AUT)","2201903","2022-12-31 15:00","2022","12","31","15:00","-15.0","","-18.6","","74","","","M","18","","2","","","","98.53","","","","-16","","NA"
"-109.17","62.71","FORT RELIANCE (AUT)","2201903","2022-12-31 16:00","2022","12","31","16:00","-16.2","","-19.4","","76","","","M","20","","3","","","","98.54","","","","-18","","NA"
"-109.17","62.71","FORT RELIANCE (AUT)","2201903","2022-12-31 17:00","2022","12","31","17:00","-17.6","","-20.4","","79","","","M","19","","2","","","","98.57","","","","-19","","NA"
"-109.17","62.71","FORT RELIANCE (AUT)","2201903","2022-12-31 18:00","2022","12","31","18:00","-21.1","","-24.0","","78","","","M","21","","2","","","","98.61","","","","-23","","NA"
"-109.17","62.71","FORT RELIANCE (AUT)","2201903","2022-12-31 19:00","2022","12","31","19:00","-21.3","","-24.3","","77","","","M","20","","6","","","","98.63","","","","-27","","NA"
"-109.17","62.71","FORT RELIANCE (AUT)","2201903","2022-12-31 20:00","2022","12","31","20:00","-21.6","","-24.3","","79","","","M","20","","4","","","","98.63","","","","-25","","NA"
"-109.17","62.71","FORT RELIANCE (AUT)","2201903","2022-12-31 21:00","2022","12","31","21:00","-21.3","","-24.5","","75","","","M","20","","3","","","","98.65","","","","-24","","NA"
"-109.17","62.71","FORT RELIANCE (AUT)","2201903","2022-12-31 22:00","2022","12","31","22:00","-20.5","","-23.3","","78","","","M","14","","7","","","","98.68","","","","-26","","NA"
"-109.17","62.71","FORT RELIANCE (AUT)","2201903","2022-12-31 23:00","2022","12","31","23:00","-20.9","","-23.5","","79","","","M","8","","1","","","","98.65","","","","-22","","NA"
