"Longitude (x)","Latitude (y)","Station Name","Climate ID","Date/Time (LST)","Year","Month","Day","Time (LST)","Temp (°C)","Temp Flag","Dew Point Temp (°C)","Dew Point Temp Flag","Rel Hum (%)","Rel Hum Flag","Precip. Amount (mm)","Precip. Amount Flag","Wind Dir (10s deg)","Wind Dir Flag","Wind Spd (km/h)","Wind Spd Flag","Visibility (km)","Visibility Flag","Stn Press (kPa)","Stn Press Flag","Hmdx","Hmdx Flag","Wind Chill","Wind Chill Flag","Weather"
"-111.55","53.05","KINSELLA RESEARC STATION","3013647","2018-08-01 00:00","2018","08","01","00:00","16.1","","9.2","","63","","0.0","","16","","17","","","","","M","","","","","NA"
"-111.55","53.05","KINSELLA RESEARC STATION","3013647","2018-08-01 01:00","2018","08","01","01:00","15.8","","8.9","","64","","0.0","","16","","19","","","","","M","","","","","NA"
"-111.55","53.05","KINSELLA RESEARC STATION","3013647","2018-08-01 02:00","2018","08","01","02:00","15.5","","8.2","","62","","0.0","","16","","21","","","","","M","","","","","NA"
"-111.55","53.05","KINSELLA RESEARC STATION","3013647","2018-08-01 03:00","2018","08","01","03:00","14.9","","8.0","","63","","0.0","","17","","18","","","","","M","","","","","NA"
"-111.55","53.05","KINSELLA RESEARC STATION","3013647","2018-08-01 04:00","2018","08","01","04:00","14.6","","8.2","","65","","0.0","","18","","10","","","","","M","","","","","NA"
"-111.55","53.05","KINSELLA RESEARC STATION","3013647","2018-08-01 05:00","2018","08","01","05:00","13.4","","8.3","","71","","0.0","","24","","8","","","","","M","","","","","NA"
"-111.55","53.05","KINSELLA RESEARC STATION","3013647","2018-08-01 06:00","2018","08","01","06:00","14.7","","8.4","","66","","0.0","","18","","16","","","","","M","","","","","NA"
"-111.55","53.05","KINSELLA RESEARC STATION","3013647","2018-08-01 07:00","2018","08","01","07:00","16.8","","9.2","","61","","0.0","","17","","21","","","","","M","","","","","NA"
"-111.55","53.05","KINSELLA RESEARC STATION","3013647","2018-08-01 08:00","2018","08","01","08:00","17.7","","9.7","","59","","0.0","","15","","23","","","","","M","","","","","NA"
"-111.55","53.05","KINSELLA RESEARC STATION","3013647","2018-08-01 09:00","2018","08","01","09:00","19.9","","10.9","","56","","0.0","","17","","23","","","","","M","","","","","NA"
"-111.55","53.05","KINSELLA RESEARC STATION","3013647","2018-08-01 10:00","2018","08","01","10:00","21.3","","11.8","","55","","0.0","","17","","30","","","","","M","","","","","NA"
"-111.55","53.05","KINSELLA RESEARC STATION","3013647","2018-08-01 11:00","2018","08","01","11:00","23.5","","12.7","","51","","0.0","","18","","22","","","","","M","26","","","","NA"
"-111.55","53.05","KINSELLA RESEARC STATION","3013647","2018-08-01 12:00","2018","08","01","12:00","25.9","","12.8","","44","","0.0","","19","","24","","","","","M","29","","","","NA"
"-111.55","53.05","KINSELLA RESEARC STATION","3013647","2018-08-01 13:00","2018","08","01","13:00","27.4","","11.1","","36","","0.0","","22","","18","","","","","M","29","","","","NA"
"-111.55","53.05","KINSELLA RESEARC STATION","3013647","2018-08-01 14:00","2018","08","01","14:00","28.3","","11.0","","34","","0.0","","25","","16","","","","","M","30","","","","NA"
"-111.55","53.05","KINSELLA RESEARC STATION","3013647","2018-08-01 15:00","2018","08","01","15:00","29.1","","10.2","","31","","0.0","","25","","20","","","","","M","30","","","","NA"
"-111.55","53.05","KINSELLA RESEARC STATION","3013647","2018-08-01 16:00","2018","08","01","16:00","29.5","","11.1","","32","","0.0","","25","","13","","","","","M","31","","","","NA"
"-111.55","53.05","KINSELLA RESEARC STATION","3013647","2018-08-01 17:00","2018","08","01","17:00","28.4","","11.0","","34","","0.0","","26","","4","","","","","M","30","","","","NA"
"-111.55","53.05","KINSELLA RESEARC STATION","3013647","2018-08-01 18:00","2018","08","01","18:00","27.2","","14.3","","45","","0.0","","26","","7","","","","","M","31","","","","NA"
"-111.55","53.05","KINSELLA RESEARC STATION","3013647","2018-08-01 19:00","2018","08","01","19:00","24.9","","14.7","","53","","0.0","","31","","7","","","","","M","29","","","","NA"
"-111.55","53.05","KINSELLA RESEARC STATION","3013647","2018-08-01 20:00","2018","08","01","20:00","22.5","","14.9","","62","","0.0","","29","","5","","","","","M","26","","","","NA"
"-111.55","53.05","KINSELLA RESEARC STATION","3013647","2018-08-01 21:00","2018","08","01","21:00","21.2","","16.1","","72","","0.0","","1","","18","","","","","M","26","","","","NA"
"-111.55","53.05","KINSELLA RESEARC STATION","3013647","2018-08-01 22:00","2018","08","01","22:00","18.7","","16.0","","84","","0.0","","1","","9","","","","","M","","","","","NA"
"-111.55","53.05","KINSELLA RESEARC STATION","3013647","2018-08-01 23:00","2018","08","01","23:00","17.2","","15.7","","91","","0.0","","2","","7","","","","","M","","","","","NA"
"-111.55","53.05","KINSELLA RESEARC STATION","3013647","2018-08-02 00:00","2018","08","02","00:00","15.6","","14.1","","91","","3.9","","33","","20","","","","","M","","","","","NA"
"-111.55","53.05","KINSELLA RESEARC STATION","3013647","2018-08-02 01:00","2018","08","02","01:00","14.0","","13.2","","95","","0.0","","27","","8","","","","","M","","","","","NA"
"-111.55","53.05","KINSELLA RESEARC STATION","3013647","2018-08-02 02:00","2018","08","02","02:00","13.1","","12.6","","97","","0.0","","25","","7","","","","","M","","","","","NA"
"-111.55","53.05","KINSELLA RESEARC STATION","3013647","2018-08-02 03:00","2018","08","02","03:00","12.5","","11.9","","96","","0.0","","29","","12","","","","","M","","","","","NA"
"-111.55","53.05","KINSELLA RESEARC STATION","3013647","2018-08-02 04:00","2018","08","02","04:00","12.4","","11.8","","96","","0.0","","30","","13","","","","","M","","","","","NA"
"-111.55","53.05","KINSELLA RESEARC STATION","3013647","2018-08-02 05:00","2018","08","02","05:00","12.5","","11.9","","96","","0.0","","30","","12","","","","","M","","","","","NA"
"-111.55","53.05","KINSELLA RESEARC STATION","3013647","2018-08-02 06:00","2018","08","02","06:00","12.2","","11.6","","97","","0.0","","28","","5","","","","","M","","","","","NA"
"-111.55","53.05","KINSELLA RESEARC STATION","3013647","2018-08-02 07:00","2018","08","02","07:00","14.6","","13.2","","92","","0.0","","30","","10","","","","","M","","","","","NA"
"-111.55","53.05","KINSELLA RESEARC STATION","3013647","2018-08-02 08:00","2018","08","02","08:00","16.6","","14.0","","85","","0.0","","30","","9","","","","","M","","","","","NA"
"-111.55","53.05","KINSELLA RESEARC STATION","3013647","2018-08-02 09:00","2018","08","02","09:00","18.1","","14.6","","80","","0.0","","28","","8","","","","","M","","","","","NA"
"-111.55","53.05","KINSELLA RESEARC STATION","3013647","2018-08-02 10:00","2018","08","02","10:00","20.1","","15.3","","74","","0.0","","28","","9","","","","","M","","","","","NA"
"-111.55","53.05","KINSELLA RESEARC STATION","3013647","2018-08-02 11:00","2018","08","02","11:00","21.9","","15.0","","65","","0.0","","28","","11","","","","","M","26","","","","NA"
"-111.55","53.05","KINSELLA RESEARC STATION","3013647","2018-08-02 12:00","2018","08","02","12:00","23.5","","13.6","","54","","0.0","","28","","11","","","","","M","27","","","","NA"
"-111.55","53.05","KINSELLA RESEARC STATION","3013647","2018-08-02 13:00","2018","08","02","13:00","24.7","","12.6","","47","","0.0","","28","","13","","","","","M","27","","","","NA"
"-111.55","53.05","KINSELLA RESEARC STATION","3013647","2018-08-02 14:00","2018","08","02","14:00","24.0","","12.7","","49","","0.0","","29","","12","","","","","M","27","","","","NA"
"-111.55","53.05","KINSELLA RESEARC STATION","3013647","2018-08-02 15:00","2018","08","02","15:00","25.8","","12.1","","43","","0.0","","29","","12","","","","","M","28","","","","NA"
"-111.55","53.05","KINSELLA RESEARC STATION","3013647","2018-08-02 16:00","2018","08","02","16:00","25.7","","11.4","","41","","0.0","","31","","11","","","","","M","28","","","","NA"
"-111.55","53.05","KINSELLA RESEARC STATION","3013647","2018-08-02 17:00","2018","08","02","17:00","23.9","","12.7","","49","","0.0","","30","","8","","","","","M","27","","","","NA"
"-111.55","53.05","KINSELLA RESEARC STATION","3013647","2018-08-02 18:00","2018","08","02","18:00","22.2","","13.2","","57","","0.0","","31","","24","","","","","M","25","","","","NA"
"-111.55","53.05","KINSELLA RESEARC STATION","3013647","2018-08-02 19:00","2018","08","02","19:00","19.2","","11.8","","62","","0.0","","36","","9","","","","","M","","","","","NA"
"-111.55","53.05","KINSELLA RESEARC STATION","3013647","2018-08-02 20:00","2018","08","02","20:00","18.2","","12.3","","68","","0.0","","34","","6","","","","","M","","","","","NA"
"-111.55","53.05","KINSELLA RESEARC STATION","3013647","2018-08-02 21:00","2018","08","02","21:00","17.8","","11.6","","67","","0.0","","28","","13","","","","","M","","","","","NA"
"-111.55","53.05","KINSELLA RESEARC STATION","3013647","2018-08-02 22:00","2018","08","02","22:00","15.7","","11.8","","78","","0.0","","19","","13","","","","","M","","","","","NA"
"-111.55","53.05","KINSELLA RESEARC STATION","3013647","2018-08-02 23:00","2018","08","02","23:00","13.9","","12.2","","90","","0.0","","16","","12","","","","","M","","","","","NA"
"-111.55","53.05","KINSELLA RESEARC STATION","3013647","2018-08-03 00:00","2018","08","03","00:00","12.9","","11.7","","93","","0.0","","33","","9","","","","","M","","","","","NA"
"-111.55","53.05","KINSELLA RESEARC STATION","3013647","2018-08-03 01:00","2018","08","03","01:00","11.6","","10.8","","95","","0.0","","20","","6","","","","","M","","","","","NA"
"-111.55","53.05","KINSELLA RESEARC STATION","3013647","2018-08-03 02:00","2018","08","03","02:00","13.6","","10.8","","83","","0.0","","25","","9","","","","","M","","","","","NA"
"-111.55","53.05","KINSELLA RESEARC STATION","3013647","2018-08-03 03:00","2018","08","03","03:00","12.7","","10.8","","88","","0.0","","23","","7","","","","","M","","","","","NA"
"-111.55","53.05","KINSELLA RESEARC STATION","3013647","2018-08-03 04:00","2018","08","03","04:00","13.0","","10.9","","88","","0.0","","23","","10","","","","","M","","","","","NA"
"-111.55","53.05","KINSELLA RESEARC STATION","3013647","2018-08-03 05:00","2018","08","03","05:00","13.0","","10.9","","87","","0.0","","27","","10","","","","","M","","","","","NA"
"-111.55","53.05","KINSELLA RESEARC STATION","3013647","2018-08-03 06:00","2018","08","03","06:00","13.9","","11.0","","83","","0.0","","26","","15","","","","","M","","","","","NA"
"-111.55","53.05","KINSELLA RESEARC STATION","3013647","2018-08-03 07:00","2018","08","03","07:00","15.3","","12.2","","82","","0.0","","26","","9","","","","","M","","","","","NA"
"-111.55","53.05","KINSELLA RESEARC STATION","3013647","2018-08-03 08:00","2018","08","03","08:00","17.4","","12.5","","73","","0.0","","29","","18","","","","","M","","","","","NA"
"-111.55","53.05","KINSELLA RESEARC STATION","3013647","2018-08-03 09:00","2018","08","03","09:00","17.0","","12.8","","76","","0.5","","29","","16","","","","","M","","","","","NA"
"-111.55","53.05","KINSELLA RESEARC STATION","3013647","2018-08-03 10:00","2018","08","03","10:00","18.4","","13.5","","73","","0.0","","30","","24","","","","","M","","","","","NA"
"-111.55","53.05","KINSELLA RESEARC STATION","3013647","2018-08-03 11:00","2018","08","03","11:00","18.5","","12.5","","68","","0.0","","29","","31","","","","","M","","","","","NA"
"-111.55","53.05","KINSELLA RESEARC STATION","3013647","2018-08-03 12:00","2018","08","03","12:00","17.3","","13.3","","77","","0.0","","30","","22","","","","","M","","","","","NA"
"-111.55","53.05","KINSELLA RESEARC STATION","3013647","2018-08-03 13:00","2018","08","03","13:00","16.4","","13.7","","85","","0.0","","28","","15","","","","","M","","","","","NA"
"-111.55","53.05","KINSELLA RESEARC STATION","3013647","2018-08-03 14:00","2018","08","03","14:00","17.8","","13.7","","77","","0.0","","27","","16","","","","","M","","","","","NA"
"-111.55","53.05","KINSELLA RESEARC STATION","3013647","2018-08-03 15:00","2018","08","03","15:00","18.7","","14.1","","75","","0.0","","29","","14","","","","","M","","","","","NA"
"-111.55","53.05","KINSELLA RESEARC STATION","3013647","2018-08-03 16:00","2018","08","03","16:00","19.6","","13.3","","67","","0.0","","29","","20","","","","","M","","","","","NA"
"-111.55","53.05","KINSELLA RESEARC STATION","3013647","2018-08-03 17:00","2018","08","03","17:00","20.0","","11.4","","58","","0.0","","29","","28","","","","","M","","","","","NA"
"-111.55","53.05","KINSELLA RESEARC STATION","3013647","2018-08-03 18:00","2018","08","03","18:00","19.3","","12.2","","63","","0.0","","28","","20","","","","","M","","","","","NA"
"-111.55","53.05","KINSELLA RESEARC STATION","3013647","2018-08-03 19:00","2018","08","03","19:00","18.2","","11.9","","67","","0.0","","28","","19","","","","","M","","","","","NA"
"-111.55","53.05","KINSELLA RESEARC STATION","3013647","2018-08-03 20:00","2018","08","03","20:00","17.1","","12.1","","73","","0.0","","27","","15","","","","","M","","","","","NA"
"-111.55","53.05","KINSELLA RESEARC STATION","3013647","2018-08-03 21:00","2018","08","03","21:00","15.7","","11.6","","77","","0.0","","26","","13","","","","","M","","","","","NA"
"-111.55","53.05","KINSELLA RESEARC STATION","3013647","2018-08-03 22:00","2018","08","03","22:00","16.8","","12.6","","77","","0.0","","29","","21","","","","","M","","","","","NA"
"-111.55","53.05","KINSELLA RESEARC STATION","3013647","2018-08-03 23:00","2018","08","03","23:00","14.6","","13.4","","92","","1.1","","32","","24","","","","","M","","","","","NA"
"-111.55","53.05","KINSELLA RESEARC STATION","3013647","2018-08-04 00:00","2018","08","04","00:00","15.1","","13.2","","88","","1.8","","1","","20","","","","","M","","","","","NA"
"-111.55","53.05","KINSELLA RESEARC STATION","3013647","2018-08-04 01:00","2018","08","04","01:00","14.4","","13.4","","94","","0.0","","30","","18","","","","","M","","","","","NA"
"-111.55","53.05","KINSELLA RESEARC STATION","3013647","2018-08-04 02:00","2018","08","04","02:00","14.2","","13.0","","93","","0.0","","30","","15","","","","","M","","","","","NA"
"-111.55","53.05","KINSELLA RESEARC STATION","3013647","2018-08-04 03:00","2018","08","04","03:00","13.9","","13.1","","95","","1.6","","32","","21","","","","","M","","","","","NA"
"-111.55","53.05","KINSELLA RESEARC STATION","3013647","2018-08-04 04:00","2018","08","04","04:00","13.7","","12.8","","95","","1.3","","29","","18","","","","","M","","","","","NA"
"-111.55","53.05","KINSELLA RESEARC STATION","3013647","2018-08-04 05:00","2018","08","04","05:00","13.8","","12.9","","94","","0.0","","30","","18","","","","","M","","","","","NA"
"-111.55","53.05","KINSELLA RESEARC STATION","3013647","2018-08-04 06:00","2018","08","04","06:00","14.3","","13.3","","94","","0.0","","29","","17","","","","","M","","","","","NA"
"-111.55","53.05","KINSELLA RESEARC STATION","3013647","2018-08-04 07:00","2018","08","04","07:00","14.8","","13.7","","93","","0.0","","31","","19","","","","","M","","","","","NA"
"-111.55","53.05","KINSELLA RESEARC STATION","3013647","2018-08-04 08:00","2018","08","04","08:00","15.4","","14.2","","93","","0.0","","31","","16","","","","","M","","","","","NA"
"-111.55","53.05","KINSELLA RESEARC STATION","3013647","2018-08-04 09:00","2018","08","04","09:00","16.0","","14.5","","91","","0.0","","32","","20","","","","","M","","","","","NA"
"-111.55","53.05","KINSELLA RESEARC STATION","3013647","2018-08-04 10:00","2018","08","04","10:00","17.5","","15.0","","85","","0.0","","33","","21","","","","","M","","","","","NA"
"-111.55","53.05","KINSELLA RESEARC STATION","3013647","2018-08-04 11:00","2018","08","04","11:00","18.2","","14.3","","78","","0.0","","34","","22","","","","","M","","","","","NA"
"-111.55","53.05","KINSELLA RESEARC STATION","3013647","2018-08-04 12:00","2018","08","04","12:00","18.9","","14.3","","75","","0.0","","34","","22","","","","","M","","","","","NA"
"-111.55","53.05","KINSELLA RESEARC STATION","3013647","2018-08-04 13:00","2018","08","04","13:00","20.8","","14.2","","66","","0.0","","32","","21","","","","","M","","","","","NA"
"-111.55","53.05","KINSELLA RESEARC STATION","3013647","2018-08-04 14:00","2018","08","04","14:00","19.7","","14.4","","71","","0.0","","33","","27","","","","","M","","","","","NA"
"-111.55","53.05","KINSELLA RESEARC STATION","3013647","2018-08-04 15:00","2018","08","04","15:00","16.9","","15.3","","90","","2.1","","30","","16","","","","","M","","","","","NA"
"-111.55","53.05","KINSELLA RESEARC STATION","3013647","2018-08-04 16:00","2018","08","04","16:00","18.3","","14.1","","77","","0.0","","34","","17","","","","","M","","","","","NA"
"-111.55","53.05","KINSELLA RESEARC STATION","3013647","2018-08-04 17:00","2018","08","04","17:00","19.2","","14.7","","75","","0.0","","32","","11","","","","","M","","","","","NA"
"-111.55","53.05","KINSELLA RESEARC STATION","3013647","2018-08-04 18:00","2018","08","04","18:00","19.9","","15.4","","75","","0.0","","31","","16","","","","","M","","","","","NA"
"-111.55","53.05","KINSELLA RESEARC STATION","3013647","2018-08-04 19:00","2018","08","04","19:00","19.0","","16.0","","83","","0.0","","34","","11","","","","","M","","","","","NA"
"-111.55","53.05","KINSELLA RESEARC STATION","3013647","2018-08-04 20:00","2018","08","04","20:00","17.1","","14.7","","86","","0.8","","34","","17","","","","","M","","","","","NA"
"-111.55","53.05","KINSELLA RESEARC STATION","3013647","2018-08-04 21:00","2018","08","04","21:00","15.7","","14.6","","93","","0.0","","30","","4","","","","","M","","","","","NA"
"-111.55","53.05","KINSELLA RESEARC STATION","3013647","2018-08-04 22:00","2018","08","04","22:00","14.6","","14.2","","97","","0.0","","27","","6","","","","","M","","","","","NA"
"-111.55","53.05","KINSELLA RESEARC STATION","3013647","2018-08-04 23:00","2018","08","04","23:00","13.5","","13.2","","98","","0.4","","28","","7","","","","","M","","","","","NA"
"-111.55","53.05","KINSELLA RESEARC STATION","3013647","2018-08-05 00:00","2018","08","05","00:00","13.1","","12.9","","99","","0.0","","29","","5","","","","","M","","","","","NA"
"-111.55","53.05","KINSELLA RESEARC STATION","3013647","2018-08-05 01:00","2018","08","05","01:00","12.3","","12.1","","99","","0.0","","30","","6","","","","","M","","","","","NA"
"-111.55","53.05","KINSELLA RESEARC STATION","3013647","2018-08-05 02:00","2018","08","05","02:00","13.6","","13.5","","99","","0.0","","29","","6","","","","","M","","","","","NA"
"-111.55","53.05","KINSELLA RESEARC STATION","3013647","2018-08-05 03:00","2018","08","05","03:00","13.9","","13.7","","98","","0.0","","29","","7","","","","","M","","","","","NA"
"-111.55","53.05","KINSELLA RESEARC STATION","3013647","2018-08-05 04:00","2018","08","05","04:00","13.8","","13.1","","96","","0.0","","31","","5","","","","","M","","","","","NA"
"-111.55","53.05","KINSELLA RESEARC STATION","3013647","2018-08-05 05:00","2018","08","05","05:00","12.6","","12.1","","97","","0.0","","30","","7","","","","","M","","","","","NA"
"-111.55","53.05","KINSELLA RESEARC STATION","3013647","2018-08-05 06:00","2018","08","05","06:00","12.6","","12.2","","97","","0.0","","30","","7","","","","","M","","","","","NA"
"-111.55","53.05","KINSELLA RESEARC STATION","3013647","2018-08-05 07:00","2018","08","05","07:00","14.2","","13.5","","96","","0.0","","31","","8","","","","","M","","","","","NA"
"-111.55","53.05","KINSELLA RESEARC STATION","3013647","2018-08-05 08:00","2018","08","05","08:00","16.5","","14.7","","89","","0.0","","35","","6","","","","","M","","","","","NA"
"-111.55","53.05","KINSELLA RESEARC STATION","3013647","2018-08-05 09:00","2018","08","05","09:00","18.5","","15.4","","82","","0.0","","29","","7","","","","","M","","","","","NA"
"-111.55","53.05","KINSELLA RESEARC STATION","3013647","2018-08-05 10:00","2018","08","05","10:00","19.6","","15.3","","76","","0.0","","30","","7","","","","","M","","","","","NA"
"-111.55","53.05","KINSELLA RESEARC STATION","3013647","2018-08-05 11:00","2018","08","05","11:00","21.5","","13.6","","61","","0.0","","30","","7","","","","","M","25","","","","NA"
"-111.55","53.05","KINSELLA RESEARC STATION","3013647","2018-08-05 12:00","2018","08","05","12:00","21.6","","13.4","","60","","0.0","","32","","8","","","","","M","25","","","","NA"
"-111.55","53.05","KINSELLA RESEARC STATION","3013647","2018-08-05 13:00","2018","08","05","13:00","22.6","","12.5","","53","","0.0","","31","","10","","","","","M","25","","","","NA"
"-111.55","53.05","KINSELLA RESEARC STATION","3013647","2018-08-05 14:00","2018","08","05","14:00","23.9","","12.9","","50","","0.0","","30","","8","","","","","M","27","","","","NA"
"-111.55","53.05","KINSELLA RESEARC STATION","3013647","2018-08-05 15:00","2018","08","05","15:00","23.3","","12.1","","50","","0.0","","34","","8","","","","","M","26","","","","NA"
"-111.55","53.05","KINSELLA RESEARC STATION","3013647","2018-08-05 16:00","2018","08","05","16:00","23.4","","12.4","","50","","0.0","","33","","9","","","","","M","26","","","","NA"
"-111.55","53.05","KINSELLA RESEARC STATION","3013647","2018-08-05 17:00","2018","08","05","17:00","23.9","","12.4","","48","","0.0","","31","","8","","","","","M","26","","","","NA"
"-111.55","53.05","KINSELLA RESEARC STATION","3013647","2018-08-05 18:00","2018","08","05","18:00","23.3","","13.1","","53","","0.0","","29","","6","","","","","M","26","","","","NA"
"-111.55","53.05","KINSELLA RESEARC STATION","3013647","2018-08-05 19:00","2018","08","05","19:00","22.0","","14.2","","61","","0.0","","35","","5","","","","","M","25","","","","NA"
"-111.55","53.05","KINSELLA RESEARC STATION","3013647","2018-08-05 20:00","2018","08","05","20:00","18.9","","15.1","","79","","0.0","","34","","2","","","","","M","","","","","NA"
"-111.55","53.05","KINSELLA RESEARC STATION","3013647","2018-08-05 21:00","2018","08","05","21:00","15.5","","13.9","","91","","0.0","","19","","1","","","","","M","","","","","NA"
"-111.55","53.05","KINSELLA RESEARC STATION","3013647","2018-08-05 22:00","2018","08","05","22:00","13.6","","13.0","","96","","0.0","","16","","1","","","","","M","","","","","NA"
"-111.55","53.05","KINSELLA RESEARC STATION","3013647","2018-08-05 23:00","2018","08","05","23:00","13.1","","12.6","","97","","0.0","","18","","4","","","","","M","","","","","NA"
"-111.55","53.05","KINSELLA RESEARC STATION","3013647","2018-08-06 00:00","2018","08","06","00:00","12.4","","12.1","","98","","0.0","","17","","1","","","","","M","","","","","NA"
"-111.55","53.05","KINSELLA RESEARC STATION","3013647","2018-08-06 01:00","2018","08","06","01:00","11.8","","11.5","","98","","0.0","","20","","3","","","","","M","","","","","NA"
"-111.55","53.05","KINSELLA RESEARC STATION","3013647","2018-08-06 02:00","2018","08","06","02:00","11.9","","11.6","","98","","0.0","","17","","4","","","","","M","","","","","NA"
"-111.55","53.05","KINSELLA RESEARC STATION","3013647","2018-08-06 03:00","2018","08","06","03:00","11.7","","11.4","","98","","0.0","","15","","5","","","","","M","","","","","NA"
"-111.55","53.05","KINSELLA RESEARC STATION","3013647","2018-08-06 04:00","2018","08","06","04:00","10.8","","10.6","","98","","0.0","","16","","5","","","","","M","","","","","NA"
"-111.55","53.05","KINSELLA RESEARC STATION","3013647","2018-08-06 05:00","2018","08","06","05:00","10.8","","10.6","","99","","0.0","","17","","6","","","","","M","","","","","NA"
"-111.55","53.05","KINSELLA RESEARC STATION","3013647","2018-08-06 06:00","2018","08","06","06:00","11.6","","11.3","","98","","0.0","","16","","6","","","","","M","","","","","NA"
"-111.55","53.05","KINSELLA RESEARC STATION","3013647","2018-08-06 07:00","2018","08","06","07:00","15.4","","12.7","","84","","0.0","","19","","6","","","","","M","","","","","NA"
"-111.55","53.05","KINSELLA RESEARC STATION","3013647","2018-08-06 08:00","2018","08","06","08:00","19.7","","14.0","","70","","0.0","","22","","7","","","","","M","","","","","NA"
"-111.55","53.05","KINSELLA RESEARC STATION","3013647","2018-08-06 09:00","2018","08","06","09:00","22.3","","13.5","","57","","0.0","","23","","8","","","","","M","25","","","","NA"
"-111.55","53.05","KINSELLA RESEARC STATION","3013647","2018-08-06 10:00","2018","08","06","10:00","24.8","","13.2","","48","","0.0","","24","","13","","","","","M","28","","","","NA"
"-111.55","53.05","KINSELLA RESEARC STATION","3013647","2018-08-06 11:00","2018","08","06","11:00","25.7","","13.3","","46","","0.0","","24","","20","","","","","M","29","","","","NA"
"-111.55","53.05","KINSELLA RESEARC STATION","3013647","2018-08-06 12:00","2018","08","06","12:00","26.8","","11.5","","38","","0.0","","28","","24","","","","","M","29","","","","NA"
"-111.55","53.05","KINSELLA RESEARC STATION","3013647","2018-08-06 13:00","2018","08","06","13:00","27.4","","9.1","","32","","0.0","","29","","21","","","","","M","28","","","","NA"
"-111.55","53.05","KINSELLA RESEARC STATION","3013647","2018-08-06 14:00","2018","08","06","14:00","27.7","","8.6","","30","","0.0","","29","","29","","","","","M","28","","","","NA"
"-111.55","53.05","KINSELLA RESEARC STATION","3013647","2018-08-06 15:00","2018","08","06","15:00","27.9","","7.4","","28","","0.0","","29","","28","","","","","M","28","","","","NA"
"-111.55","53.05","KINSELLA RESEARC STATION","3013647","2018-08-06 16:00","2018","08","06","16:00","27.8","","8.1","","29","","0.0","","28","","23","","","","","M","28","","","","NA"
"-111.55","53.05","KINSELLA RESEARC STATION","3013647","2018-08-06 17:00","2018","08","06","17:00","26.7","","9.6","","34","","0.0","","29","","19","","","","","M","28","","","","NA"
"-111.55","53.05","KINSELLA RESEARC STATION","3013647","2018-08-06 18:00","2018","08","06","18:00","26.3","","10.2","","36","","0.0","","29","","11","","","","","M","28","","","","NA"
"-111.55","53.05","KINSELLA RESEARC STATION","3013647","2018-08-06 19:00","2018","08","06","19:00","24.2","","12.8","","49","","0.0","","26","","7","","","","","M","27","","","","NA"
"-111.55","53.05","KINSELLA RESEARC STATION","3013647","2018-08-06 20:00","2018","08","06","20:00","20.9","","12.3","","58","","0.0","","22","","6","","","","","M","","","","","NA"
"-111.55","53.05","KINSELLA RESEARC STATION","3013647","2018-08-06 21:00","2018","08","06","21:00","18.5","","12.3","","67","","0.0","","23","","4","","","","","M","","","","","NA"
"-111.55","53.05","KINSELLA RESEARC STATION","3013647","2018-08-06 22:00","2018","08","06","22:00","17.1","","11.4","","69","","0.0","","22","","5","","","","","M","","","","","NA"
"-111.55","53.05","KINSELLA RESEARC STATION","3013647","2018-08-06 23:00","2018","08","06","23:00","16.5","","11.0","","70","","0.0","","29","","4","","","","","M","","","","","NA"
"-111.55","53.05","KINSELLA RESEARC STATION","3013647","2018-08-07 00:00","2018","08","07","00:00","14.3","","11.6","","84","","0.0","","28","","7","","","","","M","","","","","NA"
"-111.55","53.05","KINSELLA RESEARC STATION","3013647","2018-08-07 01:00","2018","08","07","01:00","14.6","","10.9","","79","","0.0","","27","","7","","","","","M","","","","","NA"
"-111.55","53.05","KINSELLA RESEARC STATION","3013647","2018-08-07 02:00","2018","08","07","02:00","12.4","","10.4","","88","","0.0","","28","","9","","","","","M","","","","","NA"
"-111.55","53.05","KINSELLA RESEARC STATION","3013647","2018-08-07 03:00","2018","08","07","03:00","12.3","","10.7","","90","","0.0","","28","","7","","","","","M","","","","","NA"
"-111.55","53.05","KINSELLA RESEARC STATION","3013647","2018-08-07 04:00","2018","08","07","04:00","12.5","","10.6","","88","","0.0","","26","","8","","","","","M","","","","","NA"
"-111.55","53.05","KINSELLA RESEARC STATION","3013647","2018-08-07 05:00","2018","08","07","05:00","13.5","","10.9","","84","","0.0","","26","","7","","","","","M","","","","","NA"
"-111.55","53.05","KINSELLA RESEARC STATION","3013647","2018-08-07 06:00","2018","08","07","06:00","14.4","","11.5","","83","","0.0","","28","","7","","","","","M","","","","","NA"
"-111.55","53.05","KINSELLA RESEARC STATION","3013647","2018-08-07 07:00","2018","08","07","07:00","16.9","","12.5","","75","","0.0","","28","","9","","","","","M","","","","","NA"
"-111.55","53.05","KINSELLA RESEARC STATION","3013647","2018-08-07 08:00","2018","08","07","08:00","20.1","","11.7","","59","","0.0","","28","","11","","","","","M","","","","","NA"
"-111.55","53.05","KINSELLA RESEARC STATION","3013647","2018-08-07 09:00","2018","08","07","09:00","21.6","","10.7","","50","","0.0","","28","","15","","","","","M","","","","","NA"
"-111.55","53.05","KINSELLA RESEARC STATION","3013647","2018-08-07 10:00","2018","08","07","10:00","23.8","","9.8","","41","","0.0","","28","","21","","","","","M","25","","","","NA"
"-111.55","53.05","KINSELLA RESEARC STATION","3013647","2018-08-07 11:00","2018","08","07","11:00","24.2","","9.1","","38","","0.0","","28","","30","","","","","M","25","","","","NA"
"-111.55","53.05","KINSELLA RESEARC STATION","3013647","2018-08-07 12:00","2018","08","07","12:00","25.0","","7.1","","32","","0.0","","29","","26","","","","","M","25","","","","NA"
"-111.55","53.05","KINSELLA RESEARC STATION","3013647","2018-08-07 13:00","2018","08","07","13:00","24.7","","6.5","","31","","0.0","","30","","25","","","","","M","25","","","","NA"
"-111.55","53.05","KINSELLA RESEARC STATION","3013647","2018-08-07 14:00","2018","08","07","14:00","25.0","","7.4","","33","","0.0","","29","","28","","","","","M","25","","","","NA"
"-111.55","53.05","KINSELLA RESEARC STATION","3013647","2018-08-07 15:00","2018","08","07","15:00","25.3","","8.5","","34","","0.0","","29","","20","","","","","M","26","","","","NA"
"-111.55","53.05","KINSELLA RESEARC STATION","3013647","2018-08-07 16:00","2018","08","07","16:00","25.3","","7.8","","33","","0.0","","29","","24","","","","","M","26","","","","NA"
"-111.55","53.05","KINSELLA RESEARC STATION","3013647","2018-08-07 17:00","2018","08","07","17:00","24.1","","8.0","","36","","0.0","","29","","26","","","","","M","25","","","","NA"
"-111.55","53.05","KINSELLA RESEARC STATION","3013647","2018-08-07 18:00","2018","08","07","18:00","22.6","","9.4","","43","","0.0","","30","","13","","","","","M","","","","","NA"
"-111.55","53.05","KINSELLA RESEARC STATION","3013647","2018-08-07 19:00","2018","08","07","19:00","19.7","","11.6","","59","","0.0","","28","","9","","","","","M","","","","","NA"
"-111.55","53.05","KINSELLA RESEARC STATION","3013647","2018-08-07 20:00","2018","08","07","20:00","19.0","","12.2","","65","","0.0","","29","","6","","","","","M","","","","","NA"
"-111.55","53.05","KINSELLA RESEARC STATION","3013647","2018-08-07 21:00","2018","08","07","21:00","15.8","","11.7","","77","","0.0","","26","","6","","","","","M","","","","","NA"
"-111.55","53.05","KINSELLA RESEARC STATION","3013647","2018-08-07 22:00","2018","08","07","22:00","13.6","","11.4","","87","","0.0","","28","","5","","","","","M","","","","","NA"
"-111.55","53.05","KINSELLA RESEARC STATION","3013647","2018-08-07 23:00","2018","08","07","23:00","13.3","","10.7","","85","","0.0","","28","","6","","","","","M","","","","","NA"
"-111.55","53.05","KINSELLA RESEARC STATION","3013647","2018-08-08 00:00","2018","08","08","00:00","11.4","","10.0","","91","","0.0","","28","","8","","","","","M","","","","","NA"
"-111.55","53.05","KINSELLA RESEARC STATION","3013647","2018-08-08 01:00","2018","08","08","01:00","12.7","","10.3","","85","","0.0","","29","","10","","","","","M","","","","","NA"
"-111.55","53.05","KINSELLA RESEARC STATION","3013647","2018-08-08 02:00","2018","08","08","02:00","12.6","","10.2","","85","","0.0","","28","","10","","","","","M","","","","","NA"
"-111.55","53.05","KINSELLA RESEARC STATION","3013647","2018-08-08 03:00","2018","08","08","03:00","11.8","","10.2","","90","","0.0","","26","","5","","","","","M","","","","","NA"
"-111.55","53.05","KINSELLA RESEARC STATION","3013647","2018-08-08 04:00","2018","08","08","04:00","10.4","","9.6","","95","","0.0","","28","","4","","","","","M","","","","","NA"
"-111.55","53.05","KINSELLA RESEARC STATION","3013647","2018-08-08 05:00","2018","08","08","05:00","9.9","","9.3","","96","","0.0","","28","","8","","","","","M","","","","","NA"
"-111.55","53.05","KINSELLA RESEARC STATION","3013647","2018-08-08 06:00","2018","08","08","06:00","11.1","","9.6","","90","","0.0","","27","","8","","","","","M","","","","","NA"
"-111.55","53.05","KINSELLA RESEARC STATION","3013647","2018-08-08 07:00","2018","08","08","07:00","14.7","","11.8","","83","","0.0","","28","","6","","","","","M","","","","","NA"
"-111.55","53.05","KINSELLA RESEARC STATION","3013647","2018-08-08 08:00","2018","08","08","08:00","18.1","","12.5","","70","","0.0","","27","","6","","","","","M","","","","","NA"
"-111.55","53.05","KINSELLA RESEARC STATION","3013647","2018-08-08 09:00","2018","08","08","09:00","21.3","","12.3","","56","","0.0","","26","","9","","","","","M","","","","","NA"
"-111.55","53.05","KINSELLA RESEARC STATION","3013647","2018-08-08 10:00","2018","08","08","10:00","23.6","","12.2","","49","","0.0","","26","","15","","","","","M","26","","","","NA"
"-111.55","53.05","KINSELLA RESEARC STATION","3013647","2018-08-08 11:00","2018","08","08","11:00","25.8","","10.0","","37","","0.0","","23","","13","","","","","M","27","","","","NA"
"-111.55","53.05","KINSELLA RESEARC STATION","3013647","2018-08-08 12:00","2018","08","08","12:00","27.0","","8.6","","31","","0.0","","24","","14","","","","","M","28","","","","NA"
"-111.55","53.05","KINSELLA RESEARC STATION","3013647","2018-08-08 13:00","2018","08","08","13:00","28.0","","8.6","","30","","0.0","","25","","11","","","","","M","29","","","","NA"
"-111.55","53.05","KINSELLA RESEARC STATION","3013647","2018-08-08 14:00","2018","08","08","14:00","28.7","","7.3","","26","","0.0","","27","","12","","","","","M","29","","","","NA"
"-111.55","53.05","KINSELLA RESEARC STATION","3013647","2018-08-08 15:00","2018","08","08","15:00","28.7","","7.8","","27","","0.0","","29","","14","","","","","M","29","","","","NA"
"-111.55","53.05","KINSELLA RESEARC STATION","3013647","2018-08-08 16:00","2018","08","08","16:00","28.8","","8.4","","28","","0.0","","30","","8","","","","","M","29","","","","NA"
"-111.55","53.05","KINSELLA RESEARC STATION","3013647","2018-08-08 17:00","2018","08","08","17:00","28.2","","9.0","","30","","0.0","","23","","7","","","","","M","29","","","","NA"
"-111.55","53.05","KINSELLA RESEARC STATION","3013647","2018-08-08 18:00","2018","08","08","18:00","27.3","","13.9","","44","","0.0","","29","","3","","","","","M","31","","","","NA"
"-111.55","53.05","KINSELLA RESEARC STATION","3013647","2018-08-08 19:00","2018","08","08","19:00","24.0","","12.6","","49","","0.0","","8","","8","","","","","M","27","","","","NA"
"-111.55","53.05","KINSELLA RESEARC STATION","3013647","2018-08-08 20:00","2018","08","08","20:00","21.6","","13.5","","60","","0.0","","11","","9","","","","","M","25","","","","NA"
"-111.55","53.05","KINSELLA RESEARC STATION","3013647","2018-08-08 21:00","2018","08","08","21:00","18.4","","13.3","","72","","0.0","","11","","10","","","","","M","","","","","NA"
"-111.55","53.05","KINSELLA RESEARC STATION","3013647","2018-08-08 22:00","2018","08","08","22:00","17.0","","12.3","","74","","0.0","","15","","5","","","","","M","","","","","NA"
"-111.55","53.05","KINSELLA RESEARC STATION","3013647","2018-08-08 23:00","2018","08","08","23:00","14.6","","13.4","","93","","0.0","","13","","6","","","","","M","","","","","NA"
"-111.55","53.05","KINSELLA RESEARC STATION","3013647","2018-08-09 00:00","2018","08","09","00:00","13.3","","12.5","","95","","0.0","","13","","4","","","","","M","","","","","NA"
"-111.55","53.05","KINSELLA RESEARC STATION","3013647","2018-08-09 01:00","2018","08","09","01:00","11.1","","10.6","","97","","0.0","","","","0","","","","","M","","","","","NA"
"-111.55","53.05","KINSELLA RESEARC STATION","3013647","2018-08-09 02:00","2018","08","09","02:00","12.3","","12.0","","98","","0.0","","14","","2","","","","","M","","","","","NA"
"-111.55","53.05","KINSELLA RESEARC STATION","3013647","2018-08-09 03:00","2018","08","09","03:00","10.5","","10.3","","98","","0.0","","16","","4","","","","","M","","","","","NA"
"-111.55","53.05","KINSELLA RESEARC STATION","3013647","2018-08-09 04:00","2018","08","09","04:00","11.1","","10.9","","98","","0.0","","16","","2","","","","","M","","","","","NA"
"-111.55","53.05","KINSELLA RESEARC STATION","3013647","2018-08-09 05:00","2018","08","09","05:00","10.9","","10.7","","99","","0.0","","15","","7","","","","","M","","","","","NA"
"-111.55","53.05","KINSELLA RESEARC STATION","3013647","2018-08-09 06:00","2018","08","09","06:00","11.4","","10.9","","97","","0.0","","15","","6","","","","","M","","","","","NA"
"-111.55","53.05","KINSELLA RESEARC STATION","3013647","2018-08-09 07:00","2018","08","09","07:00","14.9","","12.1","","84","","0.0","","17","","5","","","","","M","","","","","NA"
"-111.55","53.05","KINSELLA RESEARC STATION","3013647","2018-08-09 08:00","2018","08","09","08:00","19.3","","13.0","","67","","0.0","","19","","8","","","","","M","","","","","NA"
"-111.55","53.05","KINSELLA RESEARC STATION","3013647","2018-08-09 09:00","2018","08","09","09:00","23.9","","12.0","","47","","0.0","","21","","8","","","","","M","26","","","","NA"
"-111.55","53.05","KINSELLA RESEARC STATION","3013647","2018-08-09 10:00","2018","08","09","10:00","27.9","","10.5","","34","","0.0","","22","","12","","","","","M","29","","","","NA"
"-111.55","53.05","KINSELLA RESEARC STATION","3013647","2018-08-09 11:00","2018","08","09","11:00","30.7","","8.9","","26","","0.0","","20","","18","","","","","M","31","","","","NA"
"-111.55","53.05","KINSELLA RESEARC STATION","3013647","2018-08-09 12:00","2018","08","09","12:00","32.3","","7.8","","22","","0.0","","20","","16","","","","","M","33","","","","NA"
"-111.55","53.05","KINSELLA RESEARC STATION","3013647","2018-08-09 13:00","2018","08","09","13:00","32.7","","7.6","","21","","0.0","","20","","11","","","","","M","33","","","","NA"
"-111.55","53.05","KINSELLA RESEARC STATION","3013647","2018-08-09 14:00","2018","08","09","14:00","33.2","","9.1","","23","","0.0","","27","","10","","","","","M","34","","","","NA"
"-111.55","53.05","KINSELLA RESEARC STATION","3013647","2018-08-09 15:00","2018","08","09","15:00","33.5","","9.4","","23","","0.0","","28","","9","","","","","M","35","","","","NA"
"-111.55","53.05","KINSELLA RESEARC STATION","3013647","2018-08-09 16:00","2018","08","09","16:00","34.0","","6.6","","18","","0.0","","25","","7","","","","","M","34","","","","NA"
"-111.55","53.05","KINSELLA RESEARC STATION","3013647","2018-08-09 17:00","2018","08","09","17:00","33.9","","8.0","","20","","0.0","","25","","3","","","","","M","34","","","","NA"
"-111.55","53.05","KINSELLA RESEARC STATION","3013647","2018-08-09 18:00","2018","08","09","18:00","33.5","","8.9","","22","","0.0","","28","","2","","","","","M","34","","","","NA"
"-111.55","53.05","KINSELLA RESEARC STATION","3013647","2018-08-09 19:00","2018","08","09","19:00","30.4","","12.1","","33","","0.0","","12","","6","","","","","M","33","","","","NA"
"-111.55","53.05","KINSELLA RESEARC STATION","3013647","2018-08-09 20:00","2018","08","09","20:00","24.9","","11.8","","44","","0.0","","13","","6","","","","","M","27","","","","NA"
"-111.55","53.05","KINSELLA RESEARC STATION","3013647","2018-08-09 21:00","2018","08","09","21:00","20.2","","13.0","","63","","0.0","","15","","6","","","","","M","","","","","NA"
"-111.55","53.05","KINSELLA RESEARC STATION","3013647","2018-08-09 22:00","2018","08","09","22:00","17.8","","15.7","","87","","0.0","","12","","6","","","","","M","","","","","NA"
"-111.55","53.05","KINSELLA RESEARC STATION","3013647","2018-08-09 23:00","2018","08","09","23:00","17.1","","12.7","","76","","0.0","","13","","7","","","","","M","","","","","NA"
"-111.55","53.05","KINSELLA RESEARC STATION","3013647","2018-08-10 00:00","2018","08","10","00:00","15.7","","13.2","","85","","0.0","","14","","7","","","","","M","","","","","NA"
"-111.55","53.05","KINSELLA RESEARC STATION","3013647","2018-08-10 01:00","2018","08","10","01:00","16.6","","12.4","","76","","0.0","","15","","7","","","","","M","","","","","NA"
"-111.55","53.05","KINSELLA RESEARC STATION","3013647","2018-08-10 02:00","2018","08","10","02:00","15.0","","13.5","","91","","0.0","","12","","7","","","","","M","","","","","NA"
"-111.55","53.05","KINSELLA RESEARC STATION","3013647","2018-08-10 03:00","2018","08","10","03:00","14.4","","12.7","","90","","0.0","","12","","6","","","","","M","","","","","NA"
"-111.55","53.05","KINSELLA RESEARC STATION","3013647","2018-08-10 04:00","2018","08","10","04:00","14.4","","11.4","","82","","0.0","","15","","7","","","","","M","","","","","NA"
"-111.55","53.05","KINSELLA RESEARC STATION","3013647","2018-08-10 05:00","2018","08","10","05:00","15.4","","11.1","","75","","0.0","","14","","8","","","","","M","","","","","NA"
"-111.55","53.05","KINSELLA RESEARC STATION","3013647","2018-08-10 06:00","2018","08","10","06:00","15.6","","10.7","","73","","0.0","","17","","10","","","","","M","","","","","NA"
"-111.55","53.05","KINSELLA RESEARC STATION","3013647","2018-08-10 07:00","2018","08","10","07:00","17.4","","11.1","","66","","0.0","","18","","11","","","","","M","","","","","NA"
"-111.55","53.05","KINSELLA RESEARC STATION","3013647","2018-08-10 08:00","2018","08","10","08:00","19.0","","11.5","","62","","0.0","","21","","8","","","","","M","","","","","NA"
"-111.55","53.05","KINSELLA RESEARC STATION","3013647","2018-08-10 09:00","2018","08","10","09:00","22.5","","12.2","","52","","0.0","","25","","11","","","","","M","25","","","","NA"
"-111.55","53.05","KINSELLA RESEARC STATION","3013647","2018-08-10 10:00","2018","08","10","10:00","26.2","","13.9","","47","","0.0","","27","","10","","","","","M","30","","","","NA"
"-111.55","53.05","KINSELLA RESEARC STATION","3013647","2018-08-10 11:00","2018","08","10","11:00","29.0","","14.5","","41","","0.0","","26","","9","","","","","M","33","","","","NA"
"-111.55","53.05","KINSELLA RESEARC STATION","3013647","2018-08-10 12:00","2018","08","10","12:00","32.2","","11.7","","29","","0.0","","27","","11","","","","","M","34","","","","NA"
"-111.55","53.05","KINSELLA RESEARC STATION","3013647","2018-08-10 13:00","2018","08","10","13:00","34.5","","10.7","","23","","0.0","","30","","8","","","","","M","36","","","","NA"
"-111.55","53.05","KINSELLA RESEARC STATION","3013647","2018-08-10 14:00","2018","08","10","14:00","35.6","","7.7","","18","","0.0","","31","","9","","","","","M","36","","","","NA"
"-111.55","53.05","KINSELLA RESEARC STATION","3013647","2018-08-10 15:00","2018","08","10","15:00","35.1","","8.2","","19","","0.0","","31","","10","","","","","M","36","","","","NA"
"-111.55","53.05","KINSELLA RESEARC STATION","3013647","2018-08-10 16:00","2018","08","10","16:00","35.7","","8.1","","18","","0.0","","3","","4","","","","","M","36","","","","NA"
"-111.55","53.05","KINSELLA RESEARC STATION","3013647","2018-08-10 17:00","2018","08","10","17:00","34.4","","11.4","","25","","0.0","","8","","11","","","","","M","36","","","","NA"
"-111.55","53.05","KINSELLA RESEARC STATION","3013647","2018-08-10 18:00","2018","08","10","18:00","31.7","","14.2","","35","","0.0","","5","","14","","","","","M","35","","","","NA"
"-111.55","53.05","KINSELLA RESEARC STATION","3013647","2018-08-10 19:00","2018","08","10","19:00","27.7","","18.1","","56","","0.0","","6","","9","","","","","M","34","","","","NA"
"-111.55","53.05","KINSELLA RESEARC STATION","3013647","2018-08-10 20:00","2018","08","10","20:00","24.1","","17.6","","67","","0.0","","7","","8","","","","","M","30","","","","NA"
"-111.55","53.05","KINSELLA RESEARC STATION","3013647","2018-08-10 21:00","2018","08","10","21:00","21.9","","16.5","","72","","0.0","","7","","5","","","","","M","27","","","","NA"
"-111.55","53.05","KINSELLA RESEARC STATION","3013647","2018-08-10 22:00","2018","08","10","22:00","20.9","","16.5","","76","","0.0","","3","","7","","","","","M","26","","","","NA"
"-111.55","53.05","KINSELLA RESEARC STATION","3013647","2018-08-10 23:00","2018","08","10","23:00","22.8","","16.8","","69","","0.0","","5","","15","","","","","M","28","","","","NA"
"-111.55","53.05","KINSELLA RESEARC STATION","3013647","2018-08-11 00:00","2018","08","11","00:00","22.7","","16.0","","66","","0.0","","1","","28","","","","","M","27","","","","NA"
"-111.55","53.05","KINSELLA RESEARC STATION","3013647","2018-08-11 01:00","2018","08","11","01:00","21.8","","9.0","","44","","0.0","","2","","28","","","","","M","","","","","NA"
"-111.55","53.05","KINSELLA RESEARC STATION","3013647","2018-08-11 02:00","2018","08","11","02:00","21.7","","7.7","","40","","0.0","","6","","26","","","","","M","","","","","NA"
"-111.55","53.05","KINSELLA RESEARC STATION","3013647","2018-08-11 03:00","2018","08","11","03:00","20.6","","9.0","","47","","0.0","","36","","22","","","","","M","","","","","NA"
"-111.55","53.05","KINSELLA RESEARC STATION","3013647","2018-08-11 04:00","2018","08","11","04:00","19.5","","8.4","","49","","0.0","","3","","19","","","","","M","","","","","NA"
"-111.55","53.05","KINSELLA RESEARC STATION","3013647","2018-08-11 05:00","2018","08","11","05:00","18.3","","9.2","","55","","0.0","","7","","15","","","","","M","","","","","NA"
"-111.55","53.05","KINSELLA RESEARC STATION","3013647","2018-08-11 06:00","2018","08","11","06:00","17.1","","9.8","","62","","0.0","","36","","12","","","","","M","","","","","NA"
"-111.55","53.05","KINSELLA RESEARC STATION","3013647","2018-08-11 07:00","2018","08","11","07:00","18.8","","10.6","","59","","0.0","","35","","18","","","","","M","","","","","NA"
"-111.55","53.05","KINSELLA RESEARC STATION","3013647","2018-08-11 08:00","2018","08","11","08:00","17.8","","11.6","","67","","0.0","","36","","22","","","","","M","","","","","NA"
"-111.55","53.05","KINSELLA RESEARC STATION","3013647","2018-08-11 09:00","2018","08","11","09:00","18.6","","11.5","","63","","0.0","","4","","20","","","","","M","","","","","NA"
"-111.55","53.05","KINSELLA RESEARC STATION","3013647","2018-08-11 10:00","2018","08","11","10:00","19.3","","12.0","","63","","0.0","","1","","23","","","","","M","","","","","NA"
"-111.55","53.05","KINSELLA RESEARC STATION","3013647","2018-08-11 11:00","2018","08","11","11:00","20.9","","11.6","","55","","0.0","","4","","21","","","","","M","","","","","NA"
"-111.55","53.05","KINSELLA RESEARC STATION","3013647","2018-08-11 12:00","2018","08","11","12:00","20.8","","11.3","","55","","0.0","","5","","19","","","","","M","","","","","NA"
"-111.55","53.05","KINSELLA RESEARC STATION","3013647","2018-08-11 13:00","2018","08","11","13:00","21.3","","10.8","","51","","0.0","","4","","16","","","","","M","","","","","NA"
"-111.55","53.05","KINSELLA RESEARC STATION","3013647","2018-08-11 14:00","2018","08","11","14:00","21.6","","10.4","","49","","0.0","","5","","24","","","","","M","","","","","NA"
"-111.55","53.05","KINSELLA RESEARC STATION","3013647","2018-08-11 15:00","2018","08","11","15:00","21.0","","10.5","","51","","0.0","","6","","25","","","","","M","","","","","NA"
"-111.55","53.05","KINSELLA RESEARC STATION","3013647","2018-08-11 16:00","2018","08","11","16:00","21.4","","8.7","","44","","0.0","","5","","31","","","","","M","","","","","NA"
"-111.55","53.05","KINSELLA RESEARC STATION","3013647","2018-08-11 17:00","2018","08","11","17:00","19.9","","7.1","","43","","0.0","","5","","30","","","","","M","","","","","NA"
"-111.55","53.05","KINSELLA RESEARC STATION","3013647","2018-08-11 18:00","2018","08","11","18:00","19.0","","8.4","","50","","0.0","","3","","20","","","","","M","","","","","NA"
"-111.55","53.05","KINSELLA RESEARC STATION","3013647","2018-08-11 19:00","2018","08","11","19:00","17.3","","9.1","","58","","0.0","","3","","23","","","","","M","","","","","NA"
"-111.55","53.05","KINSELLA RESEARC STATION","3013647","2018-08-11 20:00","2018","08","11","20:00","16.6","","9.8","","64","","0.0","","2","","19","","","","","M","","","","","NA"
"-111.55","53.05","KINSELLA RESEARC STATION","3013647","2018-08-11 21:00","2018","08","11","21:00","15.6","","10.4","","71","","0.0","","36","","9","","","","","M","","","","","NA"
"-111.55","53.05","KINSELLA RESEARC STATION","3013647","2018-08-11 22:00","2018","08","11","22:00","14.6","","10.0","","74","","0.0","","3","","25","","","","","M","","","","","NA"
"-111.55","53.05","KINSELLA RESEARC STATION","3013647","2018-08-11 23:00","2018","08","11","23:00","14.0","","10.3","","78","","0.0","","6","","24","","","","","M","","","","","NA"
"-111.55","53.05","KINSELLA RESEARC STATION","3013647","2018-08-12 00:00","2018","08","12","00:00","13.7","","10.5","","81","","0.0","","8","","19","","","","","M","","","","","NA"
"-111.55","53.05","KINSELLA RESEARC STATION","3013647","2018-08-12 01:00","2018","08","12","01:00","13.0","","10.4","","84","","0.0","","4","","14","","","","","M","","","","","NA"
"-111.55","53.05","KINSELLA RESEARC STATION","3013647","2018-08-12 02:00","2018","08","12","02:00","12.3","","10.6","","89","","0.0","","36","","9","","","","","M","","","","","NA"
"-111.55","53.05","KINSELLA RESEARC STATION","3013647","2018-08-12 03:00","2018","08","12","03:00","11.3","","10.4","","94","","0.0","","3","","16","","","","","M","","","","","NA"
"-111.55","53.05","KINSELLA RESEARC STATION","3013647","2018-08-12 04:00","2018","08","12","04:00","11.4","","10.5","","94","","0.0","","4","","12","","","","","M","","","","","NA"
"-111.55","53.05","KINSELLA RESEARC STATION","3013647","2018-08-12 05:00","2018","08","12","05:00","11.2","","10.3","","94","","0.0","","4","","15","","","","","M","","","","","NA"
"-111.55","53.05","KINSELLA RESEARC STATION","3013647","2018-08-12 06:00","2018","08","12","06:00","11.8","","10.0","","89","","0.0","","6","","15","","","","","M","","","","","NA"
"-111.55","53.05","KINSELLA RESEARC STATION","3013647","2018-08-12 07:00","2018","08","12","07:00","12.4","","9.1","","81","","0.0","","6","","19","","","","","M","","","","","NA"
"-111.55","53.05","KINSELLA RESEARC STATION","3013647","2018-08-12 08:00","2018","08","12","08:00","12.6","","8.7","","77","","0.0","","7","","18","","","","","M","","","","","NA"
"-111.55","53.05","KINSELLA RESEARC STATION","3013647","2018-08-12 09:00","2018","08","12","09:00","12.5","","8.7","","78","","0.0","","7","","16","","","","","M","","","","","NA"
"-111.55","53.05","KINSELLA RESEARC STATION","3013647","2018-08-12 10:00","2018","08","12","10:00","13.7","","9.2","","74","","0.0","","6","","22","","","","","M","","","","","NA"
"-111.55","53.05","KINSELLA RESEARC STATION","3013647","2018-08-12 11:00","2018","08","12","11:00","14.3","","9.6","","73","","0.0","","6","","22","","","","","M","","","","","NA"
"-111.55","53.05","KINSELLA RESEARC STATION","3013647","2018-08-12 12:00","2018","08","12","12:00","13.0","","9.7","","81","","0.0","","8","","14","","","","","M","","","","","NA"
"-111.55","53.05","KINSELLA RESEARC STATION","3013647","2018-08-12 13:00","2018","08","12","13:00","11.6","","10.4","","92","","5.5","","36","","11","","","","","M","","","","","NA"
"-111.55","53.05","KINSELLA RESEARC STATION","3013647","2018-08-12 14:00","2018","08","12","14:00","11.2","","10.3","","94","","0.0","","2","","22","","","","","M","","","","","NA"
"-111.55","53.05","KINSELLA RESEARC STATION","3013647","2018-08-12 15:00","2018","08","12","15:00","10.9","","10.2","","95","","0.0","","4","","22","","","","","M","","","","","NA"
"-111.55","53.05","KINSELLA RESEARC STATION","3013647","2018-08-12 16:00","2018","08","12","16:00","10.7","","9.6","","93","","0.0","","4","","18","","","","","M","","","","","NA"
"-111.55","53.05","KINSELLA RESEARC STATION","3013647","2018-08-12 17:00","2018","08","12","17:00","11.0","","9.8","","92","","0.0","","5","","10","","","","","M","","","","","NA"
"-111.55","53.05","KINSELLA RESEARC STATION","3013647","2018-08-12 18:00","2018","08","12","18:00","10.9","","10.2","","96","","0.5","","1","","10","","","","","M","","","","","NA"
"-111.55","53.05","KINSELLA RESEARC STATION","3013647","2018-08-12 19:00","2018","08","12","19:00","10.6","","10.1","","97","","0.0","","35","","14","","","","","M","","","","","NA"
"-111.55","53.05","KINSELLA RESEARC STATION","3013647","2018-08-12 20:00","2018","08","12","20:00","10.1","","9.5","","96","","2.5","","36","","21","","","","","M","","","","","NA"
"-111.55","53.05","KINSELLA RESEARC STATION","3013647","2018-08-12 21:00","2018","08","12","21:00","9.9","","9.3","","96","","0.8","","36","","19","","","","","M","","","","","NA"
"-111.55","53.05","KINSELLA RESEARC STATION","3013647","2018-08-12 22:00","2018","08","12","22:00","9.6","","9.0","","96","","0.0","","35","","20","","","","","M","","","","","NA"
"-111.55","53.05","KINSELLA RESEARC STATION","3013647","2018-08-12 23:00","2018","08","12","23:00","9.3","","8.6","","95","","0.0","","34","","20","","","","","M","","","","","NA"
"-111.55","53.05","KINSELLA RESEARC STATION","3013647","2018-08-13 00:00","2018","08","13","00:00","8.9","","8.3","","96","","0.0","","34","","16","","","","","M","","","","","NA"
"-111.55","53.05","KINSELLA RESEARC STATION","3013647","2018-08-13 01:00","2018","08","13","01:00","8.7","","8.1","","97","","0.0","","36","","19","","","","","M","","","","","NA"
"-111.55","53.05","KINSELLA RESEARC STATION","3013647","2018-08-13 02:00","2018","08","13","02:00","8.4","","7.9","","97","","0.0","","35","","16","","","","","M","","","","","NA"
"-111.55","53.05","KINSELLA RESEARC STATION","3013647","2018-08-13 03:00","2018","08","13","03:00","8.5","","7.8","","95","","0.0","","34","","9","","","","","M","","","","","NA"
"-111.55","53.05","KINSELLA RESEARC STATION","3013647","2018-08-13 04:00","2018","08","13","04:00","8.1","","7.4","","95","","0.0","","32","","11","","","","","M","","","","","NA"
"-111.55","53.05","KINSELLA RESEARC STATION","3013647","2018-08-13 05:00","2018","08","13","05:00","7.7","","7.0","","95","","0.0","","32","","15","","","","","M","","","","","NA"
"-111.55","53.05","KINSELLA RESEARC STATION","3013647","2018-08-13 06:00","2018","08","13","06:00","7.4","","6.8","","96","","0.0","","32","","14","","","","","M","","","","","NA"
"-111.55","53.05","KINSELLA RESEARC STATION","3013647","2018-08-13 07:00","2018","08","13","07:00","7.5","","6.9","","96","","0.0","","32","","11","","","","","M","","","","","NA"
"-111.55","53.05","KINSELLA RESEARC STATION","3013647","2018-08-13 08:00","2018","08","13","08:00","7.5","","6.7","","95","","0.0","","31","","12","","","","","M","","","","","NA"
"-111.55","53.05","KINSELLA RESEARC STATION","3013647","2018-08-13 09:00","2018","08","13","09:00","9.7","","7.8","","88","","0.0","","30","","7","","","","","M","","","","","NA"
"-111.55","53.05","KINSELLA RESEARC STATION","3013647","2018-08-13 10:00","2018","08","13","10:00","12.7","","7.6","","71","","0.0","","36","","8","","","","","M","","","","","NA"
"-111.55","53.05","KINSELLA RESEARC STATION","3013647","2018-08-13 11:00","2018","08","13","11:00","13.5","","6.8","","64","","0.0","","34","","6","","","","","M","","","","","NA"
"-111.55","53.05","KINSELLA RESEARC STATION","3013647","2018-08-13 12:00","2018","08","13","12:00","13.8","","6.2","","60","","0.0","","33","","6","","","","","M","","","","","NA"
"-111.55","53.05","KINSELLA RESEARC STATION","3013647","2018-08-13 13:00","2018","08","13","13:00","15.9","","4.7","","48","","0.0","","22","","3","","","","","M","","","","","NA"
"-111.55","53.05","KINSELLA RESEARC STATION","3013647","2018-08-13 14:00","2018","08","13","14:00","16.6","","6.1","","50","","0.0","","31","","5","","","","","M","","","","","NA"
"-111.55","53.05","KINSELLA RESEARC STATION","3013647","2018-08-13 15:00","2018","08","13","15:00","17.5","","5.7","","46","","0.0","","16","","6","","","","","M","","","","","NA"
"-111.55","53.05","KINSELLA RESEARC STATION","3013647","2018-08-13 16:00","2018","08","13","16:00","18.0","","3.9","","39","","0.0","","23","","8","","","","","M","","","","","NA"
"-111.55","53.05","KINSELLA RESEARC STATION","3013647","2018-08-13 17:00","2018","08","13","17:00","18.4","","4.2","","39","","0.0","","22","","8","","","","","M","","","","","NA"
"-111.55","53.05","KINSELLA RESEARC STATION","3013647","2018-08-13 18:00","2018","08","13","18:00","17.8","","5.1","","43","","0.0","","16","","13","","","","","M","","","","","NA"
"-111.55","53.05","KINSELLA RESEARC STATION","3013647","2018-08-13 19:00","2018","08","13","19:00","16.3","","6.1","","51","","0.0","","17","","13","","","","","M","","","","","NA"
"-111.55","53.05","KINSELLA RESEARC STATION","3013647","2018-08-13 20:00","2018","08","13","20:00","12.1","","6.9","","70","","0.0","","15","","11","","","","","M","","","","","NA"
"-111.55","53.05","KINSELLA RESEARC STATION","3013647","2018-08-13 21:00","2018","08","13","21:00","11.6","","7.0","","73","","0.0","","16","","16","","","","","M","","","","","NA"
"-111.55","53.05","KINSELLA RESEARC STATION","3013647","2018-08-13 22:00","2018","08","13","22:00","11.2","","6.7","","74","","0.0","","16","","19","","","","","M","","","","","NA"
"-111.55","53.05","KINSELLA RESEARC STATION","3013647","2018-08-13 23:00","2018","08","13","23:00","10.3","","6.3","","77","","0.0","","17","","16","","","","","M","","","","","NA"
"-111.55","53.05","KINSELLA RESEARC STATION","3013647","2018-08-14 00:00","2018","08","14","00:00","9.9","","6.3","","78","","0.0","","17","","17","","","","","M","","","","","NA"
"-111.55","53.05","KINSELLA RESEARC STATION","3013647","2018-08-14 01:00","2018","08","14","01:00","9.3","","6.0","","80","","0.0","","17","","18","","","","","M","","","","","NA"
"-111.55","53.05","KINSELLA RESEARC STATION","3013647","2018-08-14 02:00","2018","08","14","02:00","9.4","","6.0","","79","","0.0","","18","","20","","","","","M","","","","","NA"
"-111.55","53.05","KINSELLA RESEARC STATION","3013647","2018-08-14 03:00","2018","08","14","03:00","9.4","","5.8","","78","","0.0","","18","","17","","","","","M","","","","","NA"
"-111.55","53.05","KINSELLA RESEARC STATION","3013647","2018-08-14 04:00","2018","08","14","04:00","9.8","","5.7","","76","","0.0","","19","","14","","","","","M","","","","","NA"
"-111.55","53.05","KINSELLA RESEARC STATION","3013647","2018-08-14 05:00","2018","08","14","05:00","9.2","","5.8","","79","","0.0","","19","","14","","","","","M","","","","","NA"
"-111.55","53.05","KINSELLA RESEARC STATION","3013647","2018-08-14 06:00","2018","08","14","06:00","11.2","","7.1","","76","","0.0","","21","","12","","","","","M","","","","","NA"
"-111.55","53.05","KINSELLA RESEARC STATION","3013647","2018-08-14 07:00","2018","08","14","07:00","13.1","","8.0","","71","","0.0","","22","","15","","","","","M","","","","","NA"
"-111.55","53.05","KINSELLA RESEARC STATION","3013647","2018-08-14 08:00","2018","08","14","08:00","15.6","","9.3","","66","","0.0","","22","","12","","","","","M","","","","","NA"
"-111.55","53.05","KINSELLA RESEARC STATION","3013647","2018-08-14 09:00","2018","08","14","09:00","16.8","","9.9","","64","","0.0","","23","","14","","","","","M","","","","","NA"
"-111.55","53.05","KINSELLA RESEARC STATION","3013647","2018-08-14 10:00","2018","08","14","10:00","20.8","","11.1","","54","","0.0","","25","","14","","","","","M","","","","","NA"
"-111.55","53.05","KINSELLA RESEARC STATION","3013647","2018-08-14 11:00","2018","08","14","11:00","22.9","","10.5","","45","","0.0","","25","","15","","","","","M","","","","","NA"
"-111.55","53.05","KINSELLA RESEARC STATION","3013647","2018-08-14 12:00","2018","08","14","12:00","24.7","","10.9","","42","","0.0","","25","","13","","","","","M","26","","","","NA"
"-111.55","53.05","KINSELLA RESEARC STATION","3013647","2018-08-14 13:00","2018","08","14","13:00","25.0","","9.0","","36","","0.0","","28","","16","","","","","M","26","","","","NA"
"-111.55","53.05","KINSELLA RESEARC STATION","3013647","2018-08-14 14:00","2018","08","14","14:00","25.1","","10.6","","40","","0.0","","27","","15","","","","","M","27","","","","NA"
"-111.55","53.05","KINSELLA RESEARC STATION","3013647","2018-08-14 15:00","2018","08","14","15:00","24.9","","9.2","","37","","0.0","","28","","23","","","","","M","26","","","","NA"
"-111.55","53.05","KINSELLA RESEARC STATION","3013647","2018-08-14 16:00","2018","08","14","16:00","24.2","","11.2","","44","","0.0","","27","","10","","","","","M","26","","","","NA"
"-111.55","53.05","KINSELLA RESEARC STATION","3013647","2018-08-14 17:00","2018","08","14","17:00","25.5","","10.7","","39","","0.0","","28","","11","","","","","M","27","","","","NA"
"-111.55","53.05","KINSELLA RESEARC STATION","3013647","2018-08-14 18:00","2018","08","14","18:00","23.4","","10.9","","45","","0.0","","29","","12","","","","","M","25","","","","NA"
"-111.55","53.05","KINSELLA RESEARC STATION","3013647","2018-08-14 19:00","2018","08","14","19:00","22.2","","13.1","","56","","0.0","","26","","5","","","","","M","25","","","","NA"
"-111.55","53.05","KINSELLA RESEARC STATION","3013647","2018-08-14 20:00","2018","08","14","20:00","19.4","","12.4","","64","","0.0","","28","","3","","","","","M","","","","","NA"
"-111.55","53.05","KINSELLA RESEARC STATION","3013647","2018-08-14 21:00","2018","08","14","21:00","16.5","","12.6","","78","","0.0","","25","","6","","","","","M","","","","","NA"
"-111.55","53.05","KINSELLA RESEARC STATION","3013647","2018-08-14 22:00","2018","08","14","22:00","15.1","","12.0","","82","","0.0","","25","","6","","","","","M","","","","","NA"
"-111.55","53.05","KINSELLA RESEARC STATION","3013647","2018-08-14 23:00","2018","08","14","23:00","16.5","","11.0","","70","","0.0","","22","","6","","","","","M","","","","","NA"
"-111.55","53.05","KINSELLA RESEARC STATION","3013647","2018-08-15 00:00","2018","08","15","00:00","13.8","","10.6","","81","","0.0","","25","","2","","","","","M","","","","","NA"
"-111.55","53.05","KINSELLA RESEARC STATION","3013647","2018-08-15 01:00","2018","08","15","01:00","11.5","","10.5","","94","","0.0","","13","","2","","","","","M","","","","","NA"
"-111.55","53.05","KINSELLA RESEARC STATION","3013647","2018-08-15 02:00","2018","08","15","02:00","10.5","","10.0","","96","","0.0","","27","","3","","","","","M","","","","","NA"
"-111.55","53.05","KINSELLA RESEARC STATION","3013647","2018-08-15 03:00","2018","08","15","03:00","10.2","","9.7","","97","","0.0","","28","","8","","","","","M","","","","","NA"
"-111.55","53.05","KINSELLA RESEARC STATION","3013647","2018-08-15 04:00","2018","08","15","04:00","13.1","","10.2","","83","","0.0","","26","","6","","","","","M","","","","","NA"
"-111.55","53.05","KINSELLA RESEARC STATION","3013647","2018-08-15 05:00","2018","08","15","05:00","12.6","","10.0","","84","","0.0","","27","","7","","","","","M","","","","","NA"
"-111.55","53.05","KINSELLA RESEARC STATION","3013647","2018-08-15 06:00","2018","08","15","06:00","11.9","","9.7","","86","","0.0","","29","","6","","","","","M","","","","","NA"
"-111.55","53.05","KINSELLA RESEARC STATION","3013647","2018-08-15 07:00","2018","08","15","07:00","12.2","","10.1","","87","","0.0","","28","","6","","","","","M","","","","","NA"
"-111.55","53.05","KINSELLA RESEARC STATION","3013647","2018-08-15 08:00","2018","08","15","08:00","13.1","","10.7","","86","","0.0","","28","","8","","","","","M","","","","","NA"
"-111.55","53.05","KINSELLA RESEARC STATION","3013647","2018-08-15 09:00","2018","08","15","09:00","13.4","","11.1","","86","","0.0","","0","","1","","","","","M","","","","","NA"
"-111.55","53.05","KINSELLA RESEARC STATION","3013647","2018-08-15 10:00","2018","08","15","10:00","13.7","","11.8","","88","","0.0","","0","","1","","","","","M","","","","","NA"
"-111.55","53.05","KINSELLA RESEARC STATION","3013647","2018-08-15 11:00","2018","08","15","11:00","14.8","","12.9","","88","","0.0","","26","","4","","","","","M","","","","","NA"
"-111.55","53.05","KINSELLA RESEARC STATION","3013647","2018-08-15 12:00","2018","08","15","12:00","16.7","","12.5","","76","","0.0","","29","","7","","","","","M","","","","","NA"
"-111.55","53.05","KINSELLA RESEARC STATION","3013647","2018-08-15 13:00","2018","08","15","13:00","18.2","","12.7","","70","","0.0","","30","","7","","","","","M","","","","","NA"
"-111.55","53.05","KINSELLA RESEARC STATION","3013647","2018-08-15 14:00","2018","08","15","14:00","21.2","","13.0","","60","","0.0","","34","","9","","","","","M","","","","","NA"
"-111.55","53.05","KINSELLA RESEARC STATION","3013647","2018-08-15 15:00","2018","08","15","15:00","22.6","","10.9","","47","","0.0","","35","","15","","","","","M","","","","","NA"
"-111.55","53.05","KINSELLA RESEARC STATION","3013647","2018-08-15 16:00","2018","08","15","16:00","21.7","","12.4","","56","","0.0","","35","","11","","","","","M","","","","","NA"
"-111.55","53.05","KINSELLA RESEARC STATION","3013647","2018-08-15 17:00","2018","08","15","17:00","20.6","","12.3","","59","","0.0","","36","","11","","","","","M","","","","","NA"
"-111.55","53.05","KINSELLA RESEARC STATION","3013647","2018-08-15 18:00","2018","08","15","18:00","18.7","","12.3","","66","","0.0","","34","","6","","","","","M","","","","","NA"
"-111.55","53.05","KINSELLA RESEARC STATION","3013647","2018-08-15 19:00","2018","08","15","19:00","16.7","","12.0","","74","","0.0","","33","","7","","","","","M","","","","","NA"
"-111.55","53.05","KINSELLA RESEARC STATION","3013647","2018-08-15 20:00","2018","08","15","20:00","13.7","","11.7","","88","","0.0","","30","","7","","","","","M","","","","","NA"
"-111.55","53.05","KINSELLA RESEARC STATION","3013647","2018-08-15 21:00","2018","08","15","21:00","11.5","","10.4","","93","","0.0","","32","","7","","","","","M","","","","","NA"
"-111.55","53.05","KINSELLA RESEARC STATION","3013647","2018-08-15 22:00","2018","08","15","22:00","11.1","","10.5","","96","","0.0","","29","","3","","","","","M","","","","","NA"
"-111.55","53.05","KINSELLA RESEARC STATION","3013647","2018-08-15 23:00","2018","08","15","23:00","11.2","","10.6","","97","","0.0","","0","","1","","","","","M","","","","","NA"
"-111.55","53.05","KINSELLA RESEARC STATION","3013647","2018-08-16 00:00","2018","08","16","00:00","10.4","","9.9","","97","","0.0","","30","","4","","","","","M","","","","","NA"
"-111.55","53.05","KINSELLA RESEARC STATION","3013647","2018-08-16 01:00","2018","08","16","01:00","9.2","","8.7","","97","","0.0","","26","","2","","","","","M","","","","","NA"
"-111.55","53.05","KINSELLA RESEARC STATION","3013647","2018-08-16 02:00","2018","08","16","02:00","8.8","","8.5","","98","","0.0","","21","","1","","","","","M","","","","","NA"
"-111.55","53.05","KINSELLA RESEARC STATION","3013647","2018-08-16 03:00","2018","08","16","03:00","8.4","","8.2","","98","","0.0","","14","","2","","","","","M","","","","","NA"
"-111.55","53.05","KINSELLA RESEARC STATION","3013647","2018-08-16 04:00","2018","08","16","04:00","9.2","","9.0","","99","","0.0","","14","","2","","","","","M","","","","","NA"
"-111.55","53.05","KINSELLA RESEARC STATION","3013647","2018-08-16 05:00","2018","08","16","05:00","9.6","","9.4","","99","","0.0","","15","","4","","","","","M","","","","","NA"
"-111.55","53.05","KINSELLA RESEARC STATION","3013647","2018-08-16 06:00","2018","08","16","06:00","9.7","","9.5","","99","","0.0","","0","","1","","","","","M","","","","","NA"
"-111.55","53.05","KINSELLA RESEARC STATION","3013647","2018-08-16 07:00","2018","08","16","07:00","10.6","","10.4","","99","","0.0","","12","","2","","","","","M","","","","","NA"
"-111.55","53.05","KINSELLA RESEARC STATION","3013647","2018-08-16 08:00","2018","08","16","08:00","12.7","","12.2","","96","","0.0","","15","","4","","","","","M","","","","","NA"
"-111.55","53.05","KINSELLA RESEARC STATION","3013647","2018-08-16 09:00","2018","08","16","09:00","14.8","","12.9","","89","","0.0","","16","","2","","","","","M","","","","","NA"
"-111.55","53.05","KINSELLA RESEARC STATION","3013647","2018-08-16 10:00","2018","08","16","10:00","16.5","","13.3","","81","","0.0","","17","","5","","","","","M","","","","","NA"
"-111.55","53.05","KINSELLA RESEARC STATION","3013647","2018-08-16 11:00","2018","08","16","11:00","18.3","","13.8","","75","","0.0","","14","","7","","","","","M","","","","","NA"
"-111.55","53.05","KINSELLA RESEARC STATION","3013647","2018-08-16 12:00","2018","08","16","12:00","19.7","","12.8","","65","","0.0","","15","","6","","","","","M","","","","","NA"
"-111.55","53.05","KINSELLA RESEARC STATION","3013647","2018-08-16 13:00","2018","08","16","13:00","21.2","","12.5","","58","","0.0","","14","","8","","","","","M","","","","","NA"
"-111.55","53.05","KINSELLA RESEARC STATION","3013647","2018-08-16 14:00","2018","08","16","14:00","22.3","","12.4","","54","","0.0","","13","","9","","","","","M","25","","","","NA"
"-111.55","53.05","KINSELLA RESEARC STATION","3013647","2018-08-16 15:00","2018","08","16","15:00","22.6","","12.2","","52","","0.0","","14","","13","","","","","M","25","","","","NA"
"-111.55","53.05","KINSELLA RESEARC STATION","3013647","2018-08-16 16:00","2018","08","16","16:00","23.1","","12.9","","53","","0.0","","14","","14","","","","","M","26","","","","NA"
"-111.55","53.05","KINSELLA RESEARC STATION","3013647","2018-08-16 17:00","2018","08","16","17:00","23.3","","12.6","","51","","0.0","","13","","14","","","","","M","26","","","","NA"
"-111.55","53.05","KINSELLA RESEARC STATION","3013647","2018-08-16 18:00","2018","08","16","18:00","22.2","","13.8","","59","","0.0","","12","","11","","","","","M","25","","","","NA"
"-111.55","53.05","KINSELLA RESEARC STATION","3013647","2018-08-16 19:00","2018","08","16","19:00","20.2","","13.7","","66","","0.0","","11","","10","","","","","M","","","","","NA"
"-111.55","53.05","KINSELLA RESEARC STATION","3013647","2018-08-16 20:00","2018","08","16","20:00","17.5","","14.4","","82","","0.0","","12","","8","","","","","M","","","","","NA"
"-111.55","53.05","KINSELLA RESEARC STATION","3013647","2018-08-16 21:00","2018","08","16","21:00","15.9","","14.0","","89","","0.0","","12","","6","","","","","M","","","","","NA"
"-111.55","53.05","KINSELLA RESEARC STATION","3013647","2018-08-16 22:00","2018","08","16","22:00","14.5","","13.5","","94","","0.0","","12","","6","","","","","M","","","","","NA"
"-111.55","53.05","KINSELLA RESEARC STATION","3013647","2018-08-16 23:00","2018","08","16","23:00","12.5","","12.0","","97","","0.0","","11","","6","","","","","M","","","","","NA"
"-111.55","53.05","KINSELLA RESEARC STATION","3013647","2018-08-17 00:00","2018","08","17","00:00","12.5","","12.1","","97","","0.0","","11","","7","","","","","M","","","","","NA"
"-111.55","53.05","KINSELLA RESEARC STATION","3013647","2018-08-17 01:00","2018","08","17","01:00","11.7","","11.4","","98","","0.0","","13","","5","","","","","M","","","","","NA"
"-111.55","53.05","KINSELLA RESEARC STATION","3013647","2018-08-17 02:00","2018","08","17","02:00","11.5","","11.2","","98","","0.0","","10","","3","","","","","M","","","","","NA"
"-111.55","53.05","KINSELLA RESEARC STATION","3013647","2018-08-17 03:00","2018","08","17","03:00","11.0","","10.8","","99","","0.0","","11","","5","","","","","M","","","","","NA"
"-111.55","53.05","KINSELLA RESEARC STATION","3013647","2018-08-17 04:00","2018","08","17","04:00","8.1","","7.9","","99","","0.0","","12","","3","","","","","M","","","","","NA"
"-111.55","53.05","KINSELLA RESEARC STATION","3013647","2018-08-17 05:00","2018","08","17","05:00","6.9","","6.8","","99","","0.0","","0","","1","","","","","M","","","","","NA"
"-111.55","53.05","KINSELLA RESEARC STATION","3013647","2018-08-17 06:00","2018","08","17","06:00","7.7","","7.6","","99","","0.0","","16","","4","","","","","M","","","","","NA"
"-111.55","53.05","KINSELLA RESEARC STATION","3013647","2018-08-17 07:00","2018","08","17","07:00","12.3","","12.2","","99","","0.0","","16","","9","","","","","M","","","","","NA"
"-111.55","53.05","KINSELLA RESEARC STATION","3013647","2018-08-17 08:00","2018","08","17","08:00","14.8","","13.4","","91","","0.0","","19","","5","","","","","M","","","","","NA"
"-111.55","53.05","KINSELLA RESEARC STATION","3013647","2018-08-17 09:00","2018","08","17","09:00","17.9","","13.1","","73","","0.0","","26","","9","","","","","M","","","","","NA"
"-111.55","53.05","KINSELLA RESEARC STATION","3013647","2018-08-17 10:00","2018","08","17","10:00","18.8","","13.0","","69","","0.0","","29","","12","","","","","M","","","","","NA"
"-111.55","53.05","KINSELLA RESEARC STATION","3013647","2018-08-17 11:00","2018","08","17","11:00","21.1","","13.3","","61","","0.0","","32","","7","","","","","M","","","","","NA"
"-111.55","53.05","KINSELLA RESEARC STATION","3013647","2018-08-17 12:00","2018","08","17","12:00","22.6","","13.3","","56","","0.0","","31","","9","","","","","M","26","","","","NA"
"-111.55","53.05","KINSELLA RESEARC STATION","3013647","2018-08-17 13:00","2018","08","17","13:00","24.1","","13.5","","51","","0.0","","29","","7","","","","","M","27","","","","NA"
"-111.55","53.05","KINSELLA RESEARC STATION","3013647","2018-08-17 14:00","2018","08","17","14:00","25.5","","13.3","","47","","0.0","","31","","12","","","","","M","28","","","","NA"
"-111.55","53.05","KINSELLA RESEARC STATION","3013647","2018-08-17 15:00","2018","08","17","15:00","26.9","","14.3","","46","","0.0","","35","","11","","","","","M","30","","","","NA"
"-111.55","53.05","KINSELLA RESEARC STATION","3013647","2018-08-17 16:00","2018","08","17","16:00","26.8","","12.0","","40","","0.0","","36","","12","","","","","M","29","","","","NA"
"-111.55","53.05","KINSELLA RESEARC STATION","3013647","2018-08-17 17:00","2018","08","17","17:00","26.3","","10.7","","38","","0.0","","4","","9","","","","","M","28","","","","NA"
"-111.55","53.05","KINSELLA RESEARC STATION","3013647","2018-08-17 18:00","2018","08","17","18:00","24.2","","13.7","","52","","0.0","","35","","7","","","","","M","27","","","","NA"
"-111.55","53.05","KINSELLA RESEARC STATION","3013647","2018-08-17 19:00","2018","08","17","19:00","22.1","","12.7","","55","","0.0","","5","","5","","","","","M","25","","","","NA"
"-111.55","53.05","KINSELLA RESEARC STATION","3013647","2018-08-17 20:00","2018","08","17","20:00","19.2","","14.1","","72","","0.0","","5","","7","","","","","M","","","","","NA"
"-111.55","53.05","KINSELLA RESEARC STATION","3013647","2018-08-17 21:00","2018","08","17","21:00","14.9","","12.8","","87","","0.0","","5","","3","","","","","M","","","","","NA"
"-111.55","53.05","KINSELLA RESEARC STATION","3013647","2018-08-17 22:00","2018","08","17","22:00","14.3","","13.2","","94","","0.0","","34","","5","","","","","M","","","","","NA"
"-111.55","53.05","KINSELLA RESEARC STATION","3013647","2018-08-17 23:00","2018","08","17","23:00","13.7","","13.1","","96","","0.0","","33","","5","","","","","M","","","","","NA"
"-111.55","53.05","KINSELLA RESEARC STATION","3013647","2018-08-18 00:00","2018","08","18","00:00","14.8","","9.6","","71","","0.0","","32","","12","","","","","M","","","","","NA"
"-111.55","53.05","KINSELLA RESEARC STATION","3013647","2018-08-18 01:00","2018","08","18","01:00","14.6","","10.2","","75","","0.0","","29","","6","","","","","M","","","","","NA"
"-111.55","53.05","KINSELLA RESEARC STATION","3013647","2018-08-18 02:00","2018","08","18","02:00","14.2","","11.0","","81","","0.0","","27","","6","","","","","M","","","","","NA"
"-111.55","53.05","KINSELLA RESEARC STATION","3013647","2018-08-18 03:00","2018","08","18","03:00","14.4","","10.2","","76","","0.0","","28","","10","","","","","M","","","","","NA"
"-111.55","53.05","KINSELLA RESEARC STATION","3013647","2018-08-18 04:00","2018","08","18","04:00","13.5","","9.5","","77","","0.0","","29","","11","","","","","M","","","","","NA"
"-111.55","53.05","KINSELLA RESEARC STATION","3013647","2018-08-18 05:00","2018","08","18","05:00","13.3","","8.9","","75","","0.0","","28","","11","","","","","M","","","","","NA"
"-111.55","53.05","KINSELLA RESEARC STATION","3013647","2018-08-18 06:00","2018","08","18","06:00","13.7","","8.2","","70","","0.0","","29","","11","","","","","M","","","","","NA"
"-111.55","53.05","KINSELLA RESEARC STATION","3013647","2018-08-18 07:00","2018","08","18","07:00","14.5","","6.8","","60","","0.0","","30","","17","","","","","M","","","","","NA"
"-111.55","53.05","KINSELLA RESEARC STATION","3013647","2018-08-18 08:00","2018","08","18","08:00","15.6","","6.4","","54","","0.0","","31","","19","","","","","M","","","","","NA"
"-111.55","53.05","KINSELLA RESEARC STATION","3013647","2018-08-18 09:00","2018","08","18","09:00","16.4","","6.2","","51","","0.0","","31","","24","","","","","M","","","","","NA"
"-111.55","53.05","KINSELLA RESEARC STATION","3013647","2018-08-18 10:00","2018","08","18","10:00","15.6","","7.0","","57","","0.0","","33","","31","","","","","M","","","","","NA"
"-111.55","53.05","KINSELLA RESEARC STATION","3013647","2018-08-18 11:00","2018","08","18","11:00","16.6","","6.0","","50","","0.0","","35","","31","","","","","M","","","","","NA"
"-111.55","53.05","KINSELLA RESEARC STATION","3013647","2018-08-18 12:00","2018","08","18","12:00","19.6","","4.8","","38","","0.0","","34","","30","","","","","M","","","","","NA"
"-111.55","53.05","KINSELLA RESEARC STATION","3013647","2018-08-18 13:00","2018","08","18","13:00","20.5","","5.3","","37","","0.0","","34","","36","","","","","M","","","","","NA"
"-111.55","53.05","KINSELLA RESEARC STATION","3013647","2018-08-18 14:00","2018","08","18","14:00","19.9","","3.4","","33","","0.0","","33","","35","","","","","M","","","","","NA"
"-111.55","53.05","KINSELLA RESEARC STATION","3013647","2018-08-18 15:00","2018","08","18","15:00","20.0","","2.0","","30","","0.0","","33","","28","","","","","M","","","","","NA"
"-111.55","53.05","KINSELLA RESEARC STATION","3013647","2018-08-18 16:00","2018","08","18","16:00","19.7","","2.0","","31","","0.0","","34","","26","","","","","M","","","","","NA"
"-111.55","53.05","KINSELLA RESEARC STATION","3013647","2018-08-18 17:00","2018","08","18","17:00","19.4","","1.0","","29","","0.0","","32","","22","","","","","M","","","","","NA"
"-111.55","53.05","KINSELLA RESEARC STATION","3013647","2018-08-18 18:00","2018","08","18","18:00","18.7","","1.7","","32","","0.0","","33","","17","","","","","M","","","","","NA"
"-111.55","53.05","KINSELLA RESEARC STATION","3013647","2018-08-18 19:00","2018","08","18","19:00","15.6","","4.1","","46","","0.0","","32","","7","","","","","M","","","","","NA"
"-111.55","53.05","KINSELLA RESEARC STATION","3013647","2018-08-18 20:00","2018","08","18","20:00","11.8","","5.8","","66","","0.0","","29","","4","","","","","M","","","","","NA"
"-111.55","53.05","KINSELLA RESEARC STATION","3013647","2018-08-18 21:00","2018","08","18","21:00","7.6","","5.8","","88","","0.0","","27","","7","","","","","M","","","","","NA"
"-111.55","53.05","KINSELLA RESEARC STATION","3013647","2018-08-18 22:00","2018","08","18","22:00","5.0","","3.9","","92","","0.0","","27","","3","","","","","M","","","","","NA"
"-111.55","53.05","KINSELLA RESEARC STATION","3013647","2018-08-18 23:00","2018","08","18","23:00","4.6","","4.1","","97","","0.0","","27","","5","","","","","M","","","","","NA"
"-111.55","53.05","KINSELLA RESEARC STATION","3013647","2018-08-19 00:00","2018","08","19","00:00","3.7","","3.4","","98","","0.0","","25","","4","","","","","M","","","","","NA"
"-111.55","53.05","KINSELLA RESEARC STATION","3013647","2018-08-19 01:00","2018","08","19","01:00","3.2","","3.0","","98","","0.0","","28","","2","","","","","M","","","","","NA"
"-111.55","53.05","KINSELLA RESEARC STATION","3013647","2018-08-19 02:00","2018","08","19","02:00","2.0","","1.9","","99","","0.0","","31","","2","","","","","M","","","","","NA"
"-111.55","53.05","KINSELLA RESEARC STATION","3013647","2018-08-19 03:00","2018","08","19","03:00","1.3","","1.3","","99","","0.0","","29","","3","","","","","M","","","","","NA"
"-111.55","53.05","KINSELLA RESEARC STATION","3013647","2018-08-19 04:00","2018","08","19","04:00","1.8","","1.8","","100","","0.0","","29","","3","","","","","M","","","","","NA"
"-111.55","53.05","KINSELLA RESEARC STATION","3013647","2018-08-19 05:00","2018","08","19","05:00","0.9","","0.9","","100","","0.0","","26","","2","","","","","M","","","","","NA"
"-111.55","53.05","KINSELLA RESEARC STATION","3013647","2018-08-19 06:00","2018","08","19","06:00","1.5","","1.4","","100","","0.0","","19","","1","","","","","M","","","","","NA"
"-111.55","53.05","KINSELLA RESEARC STATION","3013647","2018-08-19 07:00","2018","08","19","07:00","6.0","","5.7","","98","","0.0","","24","","3","","","","","M","","","","","NA"
"-111.55","53.05","KINSELLA RESEARC STATION","3013647","2018-08-19 08:00","2018","08","19","08:00","10.3","","7.4","","82","","0.0","","25","","5","","","","","M","","","","","NA"
"-111.55","53.05","KINSELLA RESEARC STATION","3013647","2018-08-19 09:00","2018","08","19","09:00","15.1","","7.9","","62","","0.0","","29","","4","","","","","M","","","","","NA"
"-111.55","53.05","KINSELLA RESEARC STATION","3013647","2018-08-19 10:00","2018","08","19","10:00","18.1","","4.7","","41","","0.0","","34","","11","","","","","M","","","","","NA"
"-111.55","53.05","KINSELLA RESEARC STATION","3013647","2018-08-19 11:00","2018","08","19","11:00","19.5","","4.2","","37","","0.0","","33","","9","","","","","M","","","","","NA"
"-111.55","53.05","KINSELLA RESEARC STATION","3013647","2018-08-19 12:00","2018","08","19","12:00","20.5","","2.6","","31","","0.0","","1","","12","","","","","M","","","","","NA"
"-111.55","53.05","KINSELLA RESEARC STATION","3013647","2018-08-19 13:00","2018","08","19","13:00","21.0","","0.3","","25","","0.0","","1","","13","","","","","M","","","","","NA"
"-111.55","53.05","KINSELLA RESEARC STATION","3013647","2018-08-19 14:00","2018","08","19","14:00","21.8","","0.5","","24","","0.0","","34","","9","","","","","M","","","","","NA"
"-111.55","53.05","KINSELLA RESEARC STATION","3013647","2018-08-19 15:00","2018","08","19","15:00","21.5","","0.3","","24","","0.0","","3","","10","","","","","M","","","","","NA"
"-111.55","53.05","KINSELLA RESEARC STATION","3013647","2018-08-19 16:00","2018","08","19","16:00","21.6","","1.1","","26","","0.0","","2","","13","","","","","M","","","","","NA"
"-111.55","53.05","KINSELLA RESEARC STATION","3013647","2018-08-19 17:00","2018","08","19","17:00","21.3","","-0.2","","24","","0.0","","35","","17","","","","","M","","","","","NA"
"-111.55","53.05","KINSELLA RESEARC STATION","3013647","2018-08-19 18:00","2018","08","19","18:00","19.4","","1.8","","31","","0.0","","35","","10","","","","","M","","","","","NA"
"-111.55","53.05","KINSELLA RESEARC STATION","3013647","2018-08-19 19:00","2018","08","19","19:00","16.9","","4.3","","43","","0.0","","1","","11","","","","","M","","","","","NA"
"-111.55","53.05","KINSELLA RESEARC STATION","3013647","2018-08-19 20:00","2018","08","19","20:00","15.4","","4.8","","49","","0.0","","4","","5","","","","","M","","","","","NA"
"-111.55","53.05","KINSELLA RESEARC STATION","3013647","2018-08-19 21:00","2018","08","19","21:00","8.5","","5.6","","82","","0.0","","28","","5","","","","","M","","","","","NA"
"-111.55","53.05","KINSELLA RESEARC STATION","3013647","2018-08-19 22:00","2018","08","19","22:00","7.9","","5.6","","86","","0.0","","","","0","","","","","M","","","","","NA"
"-111.55","53.05","KINSELLA RESEARC STATION","3013647","2018-08-19 23:00","2018","08","19","23:00","5.4","","4.8","","96","","0.0","","0","","1","","","","","M","","","","","NA"
"-111.55","53.05","KINSELLA RESEARC STATION","3013647","2018-08-20 00:00","2018","08","20","00:00","4.9","","4.3","","96","","0.0","","31","","3","","","","","M","","","","","NA"
"-111.55","53.05","KINSELLA RESEARC STATION","3013647","2018-08-20 01:00","2018","08","20","01:00","5.0","","4.5","","97","","0.0","","28","","2","","","","","M","","","","","NA"
"-111.55","53.05","KINSELLA RESEARC STATION","3013647","2018-08-20 02:00","2018","08","20","02:00","3.8","","3.5","","98","","0.0","","28","","3","","","","","M","","","","","NA"
"-111.55","53.05","KINSELLA RESEARC STATION","3013647","2018-08-20 03:00","2018","08","20","03:00","3.0","","2.8","","98","","0.0","","29","","4","","","","","M","","","","","NA"
"-111.55","53.05","KINSELLA RESEARC STATION","3013647","2018-08-20 04:00","2018","08","20","04:00","2.9","","2.7","","99","","0.0","","30","","2","","","","","M","","","","","NA"
"-111.55","53.05","KINSELLA RESEARC STATION","3013647","2018-08-20 05:00","2018","08","20","05:00","2.7","","2.6","","99","","0.0","","30","","5","","","","","M","","","","","NA"
"-111.55","53.05","KINSELLA RESEARC STATION","3013647","2018-08-20 06:00","2018","08","20","06:00","2.3","","2.2","","100","","0.0","","29","","4","","","","","M","","","","","NA"
"-111.55","53.05","KINSELLA RESEARC STATION","3013647","2018-08-20 07:00","2018","08","20","07:00","5.8","","5.6","","99","","0.0","","29","","5","","","","","M","","","","","NA"
"-111.55","53.05","KINSELLA RESEARC STATION","3013647","2018-08-20 08:00","2018","08","20","08:00","12.3","","9.3","","82","","0.0","","30","","4","","","","","M","","","","","NA"
"-111.55","53.05","KINSELLA RESEARC STATION","3013647","2018-08-20 09:00","2018","08","20","09:00","16.3","","8.4","","59","","0.0","","31","","10","","","","","M","","","","","NA"
"-111.55","53.05","KINSELLA RESEARC STATION","3013647","2018-08-20 10:00","2018","08","20","10:00","18.4","","5.9","","44","","0.0","","31","","12","","","","","M","","","","","NA"
"-111.55","53.05","KINSELLA RESEARC STATION","3013647","2018-08-20 11:00","2018","08","20","11:00","19.8","","3.4","","34","","0.0","","31","","8","","","","","M","","","","","NA"
"-111.55","53.05","KINSELLA RESEARC STATION","3013647","2018-08-20 12:00","2018","08","20","12:00","20.6","","3.0","","31","","0.0","","35","","10","","","","","M","","","","","NA"
"-111.55","53.05","KINSELLA RESEARC STATION","3013647","2018-08-20 13:00","2018","08","20","13:00","20.8","","1.7","","28","","0.0","","29","","17","","","","","M","","","","","NA"
"-111.55","53.05","KINSELLA RESEARC STATION","3013647","2018-08-20 14:00","2018","08","20","14:00","21.8","","1.1","","25","","0.0","","32","","16","","","","","M","","","","","NA"
"-111.55","53.05","KINSELLA RESEARC STATION","3013647","2018-08-20 15:00","2018","08","20","15:00","21.7","","1.4","","26","","0.0","","30","","13","","","","","M","","","","","NA"
"-111.55","53.05","KINSELLA RESEARC STATION","3013647","2018-08-20 16:00","2018","08","20","16:00","21.8","","0.3","","24","","0.0","","30","","9","","","","","M","","","","","NA"
"-111.55","53.05","KINSELLA RESEARC STATION","3013647","2018-08-20 17:00","2018","08","20","17:00","21.2","","0.8","","26","","0.0","","30","","14","","","","","M","","","","","NA"
"-111.55","53.05","KINSELLA RESEARC STATION","3013647","2018-08-20 18:00","2018","08","20","18:00","20.7","","2.1","","29","","0.0","","33","","9","","","","","M","","","","","NA"
"-111.55","53.05","KINSELLA RESEARC STATION","3013647","2018-08-20 19:00","2018","08","20","19:00","17.6","","3.6","","39","","0.0","","35","","6","","","","","M","","","","","NA"
"-111.55","53.05","KINSELLA RESEARC STATION","3013647","2018-08-20 20:00","2018","08","20","20:00","13.8","","4.4","","53","","0.0","","","","0","","","","","M","","","","","NA"
"-111.55","53.05","KINSELLA RESEARC STATION","3013647","2018-08-20 21:00","2018","08","20","21:00","9.6","","6.4","","80","","0.0","","14","","2","","","","","M","","","","","NA"
"-111.55","53.05","KINSELLA RESEARC STATION","3013647","2018-08-20 22:00","2018","08","20","22:00","8.1","","5.9","","86","","0.0","","15","","3","","","","","M","","","","","NA"
"-111.55","53.05","KINSELLA RESEARC STATION","3013647","2018-08-20 23:00","2018","08","20","23:00","10.2","","6.8","","79","","0.0","","15","","4","","","","","M","","","","","NA"
"-111.55","53.05","KINSELLA RESEARC STATION","3013647","2018-08-21 00:00","2018","08","21","00:00","10.0","","5.6","","74","","0.0","","16","","5","","","","","M","","","","","NA"
"-111.55","53.05","KINSELLA RESEARC STATION","3013647","2018-08-21 01:00","2018","08","21","01:00","8.7","","5.7","","82","","0.0","","15","","6","","","","","M","","","","","NA"
"-111.55","53.05","KINSELLA RESEARC STATION","3013647","2018-08-21 02:00","2018","08","21","02:00","6.7","","4.3","","85","","0.0","","17","","7","","","","","M","","","","","NA"
"-111.55","53.05","KINSELLA RESEARC STATION","3013647","2018-08-21 03:00","2018","08","21","03:00","6.5","","4.3","","86","","0.0","","15","","6","","","","","M","","","","","NA"
"-111.55","53.05","KINSELLA RESEARC STATION","3013647","2018-08-21 04:00","2018","08","21","04:00","7.2","","4.3","","82","","0.0","","15","","5","","","","","M","","","","","NA"
"-111.55","53.05","KINSELLA RESEARC STATION","3013647","2018-08-21 05:00","2018","08","21","05:00","6.3","","3.6","","83","","0.0","","0","","1","","","","","M","","","","","NA"
"-111.55","53.05","KINSELLA RESEARC STATION","3013647","2018-08-21 06:00","2018","08","21","06:00","6.2","","4.1","","86","","0.0","","16","","5","","","","","M","","","","","NA"
"-111.55","53.05","KINSELLA RESEARC STATION","3013647","2018-08-21 07:00","2018","08","21","07:00","8.8","","5.3","","79","","0.0","","15","","4","","","","","M","","","","","NA"
"-111.55","53.05","KINSELLA RESEARC STATION","3013647","2018-08-21 08:00","2018","08","21","08:00","13.8","","6.5","","61","","0.0","","20","","11","","","","","M","","","","","NA"
"-111.55","53.05","KINSELLA RESEARC STATION","3013647","2018-08-21 09:00","2018","08","21","09:00","18.8","","6.9","","46","","0.0","","21","","14","","","","","M","","","","","NA"
"-111.55","53.05","KINSELLA RESEARC STATION","3013647","2018-08-21 10:00","2018","08","21","10:00","20.9","","5.0","","35","","0.0","","23","","23","","","","","M","","","","","NA"
"-111.55","53.05","KINSELLA RESEARC STATION","3013647","2018-08-21 11:00","2018","08","21","11:00","22.7","","4.0","","30","","0.0","","22","","25","","","","","M","","","","","NA"
"-111.55","53.05","KINSELLA RESEARC STATION","3013647","2018-08-21 12:00","2018","08","21","12:00","24.3","","2.6","","24","","0.0","","24","","20","","","","","M","","","","","NA"
"-111.55","53.05","KINSELLA RESEARC STATION","3013647","2018-08-21 13:00","2018","08","21","13:00","25.3","","1.8","","22","","0.0","","27","","15","","","","","M","","","","","NA"
"-111.55","53.05","KINSELLA RESEARC STATION","3013647","2018-08-21 14:00","2018","08","21","14:00","26.0","","1.2","","20","","0.0","","24","","16","","","","","M","","","","","NA"
"-111.55","53.05","KINSELLA RESEARC STATION","3013647","2018-08-21 15:00","2018","08","21","15:00","26.1","","-0.5","","17","","0.0","","30","","12","","","","","M","","","","","NA"
"-111.55","53.05","KINSELLA RESEARC STATION","3013647","2018-08-21 16:00","2018","08","21","16:00","27.0","","-0.4","","17","","0.0","","28","","10","","","","","M","25","","","","NA"
"-111.55","53.05","KINSELLA RESEARC STATION","3013647","2018-08-21 17:00","2018","08","21","17:00","26.2","","2.5","","22","","0.0","","30","","12","","","","","M","25","","","","NA"
"-111.55","53.05","KINSELLA RESEARC STATION","3013647","2018-08-21 18:00","2018","08","21","18:00","25.5","","3.9","","25","","0.0","","30","","8","","","","","M","","","","","NA"
"-111.55","53.05","KINSELLA RESEARC STATION","3013647","2018-08-21 19:00","2018","08","21","19:00","23.0","","7.0","","36","","0.0","","29","","2","","","","","M","","","","","NA"
"-111.55","53.05","KINSELLA RESEARC STATION","3013647","2018-08-21 20:00","2018","08","21","20:00","16.5","","8.5","","59","","0.0","","23","","3","","","","","M","","","","","NA"
"-111.55","53.05","KINSELLA RESEARC STATION","3013647","2018-08-21 21:00","2018","08","21","21:00","12.6","","8.5","","77","","0.0","","15","","4","","","","","M","","","","","NA"
"-111.55","53.05","KINSELLA RESEARC STATION","3013647","2018-08-21 22:00","2018","08","21","22:00","10.5","","8.3","","86","","0.0","","15","","5","","","","","M","","","","","NA"
"-111.55","53.05","KINSELLA RESEARC STATION","3013647","2018-08-21 23:00","2018","08","21","23:00","11.6","","8.1","","80","","0.0","","16","","5","","","","","M","","","","","NA"
"-111.55","53.05","KINSELLA RESEARC STATION","3013647","2018-08-22 00:00","2018","08","22","00:00","10.4","","6.1","","75","","0.0","","17","","9","","","","","M","","","","","NA"
"-111.55","53.05","KINSELLA RESEARC STATION","3013647","2018-08-22 01:00","2018","08","22","01:00","10.9","","5.3","","69","","0.0","","17","","3","","","","","M","","","","","NA"
"-111.55","53.05","KINSELLA RESEARC STATION","3013647","2018-08-22 02:00","2018","08","22","02:00","10.5","","4.0","","64","","0.0","","17","","4","","","","","M","","","","","NA"
"-111.55","53.05","KINSELLA RESEARC STATION","3013647","2018-08-22 03:00","2018","08","22","03:00","10.3","","3.7","","64","","0.0","","17","","4","","","","","M","","","","","NA"
"-111.55","53.05","KINSELLA RESEARC STATION","3013647","2018-08-22 04:00","2018","08","22","04:00","9.4","","3.2","","65","","0.0","","18","","4","","","","","M","","","","","NA"
"-111.55","53.05","KINSELLA RESEARC STATION","3013647","2018-08-22 05:00","2018","08","22","05:00","7.7","","2.6","","70","","0.0","","15","","6","","","","","M","","","","","NA"
"-111.55","53.05","KINSELLA RESEARC STATION","3013647","2018-08-22 06:00","2018","08","22","06:00","9.1","","3.3","","67","","0.0","","18","","6","","","","","M","","","","","NA"
"-111.55","53.05","KINSELLA RESEARC STATION","3013647","2018-08-22 07:00","2018","08","22","07:00","12.2","","4.6","","59","","0.0","","19","","11","","","","","M","","","","","NA"
"-111.55","53.05","KINSELLA RESEARC STATION","3013647","2018-08-22 08:00","2018","08","22","08:00","17.5","","5.4","","45","","0.0","","21","","9","","","","","M","","","","","NA"
"-111.55","53.05","KINSELLA RESEARC STATION","3013647","2018-08-22 09:00","2018","08","22","09:00","20.6","","4.4","","34","","0.0","","25","","14","","","","","M","","","","","NA"
"-111.55","53.05","KINSELLA RESEARC STATION","3013647","2018-08-22 10:00","2018","08","22","10:00","22.4","","5.8","","34","","0.0","","26","","11","","","","","M","","","","","NA"
"-111.55","53.05","KINSELLA RESEARC STATION","3013647","2018-08-22 11:00","2018","08","22","11:00","25.1","","6.3","","30","","0.0","","27","","8","","","","","M","25","","","","NA"
"-111.55","53.05","KINSELLA RESEARC STATION","3013647","2018-08-22 12:00","2018","08","22","12:00","27.3","","5.4","","25","","0.0","","30","","8","","","","","M","27","","","","NA"
"-111.55","53.05","KINSELLA RESEARC STATION","3013647","2018-08-22 13:00","2018","08","22","13:00","29.0","","3.3","","19","","0.0","","35","","12","","","","","M","28","","","","NA"
"-111.55","53.05","KINSELLA RESEARC STATION","3013647","2018-08-22 14:00","2018","08","22","14:00","29.3","","1.8","","17","","0.0","","34","","17","","","","","M","28","","","","NA"
"-111.55","53.05","KINSELLA RESEARC STATION","3013647","2018-08-22 15:00","2018","08","22","15:00","28.7","","-0.1","","15","","0.0","","33","","20","","","","","M","27","","","","NA"
"-111.55","53.05","KINSELLA RESEARC STATION","3013647","2018-08-22 16:00","2018","08","22","16:00","28.5","","2.1","","18","","0.0","","34","","14","","","","","M","27","","","","NA"
"-111.55","53.05","KINSELLA RESEARC STATION","3013647","2018-08-22 17:00","2018","08","22","17:00","26.5","","5.9","","27","","0.0","","33","","8","","","","","M","26","","","","NA"
"-111.55","53.05","KINSELLA RESEARC STATION","3013647","2018-08-22 18:00","2018","08","22","18:00","24.1","","8.7","","37","","0.0","","27","","5","","","","","M","25","","","","NA"
"-111.55","53.05","KINSELLA RESEARC STATION","3013647","2018-08-22 19:00","2018","08","22","19:00","19.7","","10.9","","57","","0.0","","26","","4","","","","","M","","","","","NA"
"-111.55","53.05","KINSELLA RESEARC STATION","3013647","2018-08-22 20:00","2018","08","22","20:00","15.7","","11.2","","75","","0.0","","24","","2","","","","","M","","","","","NA"
"-111.55","53.05","KINSELLA RESEARC STATION","3013647","2018-08-22 21:00","2018","08","22","21:00","11.0","","9.5","","91","","0.0","","28","","2","","","","","M","","","","","NA"
"-111.55","53.05","KINSELLA RESEARC STATION","3013647","2018-08-22 22:00","2018","08","22","22:00","10.3","","9.6","","96","","0.0","","35","","4","","","","","M","","","","","NA"
"-111.55","53.05","KINSELLA RESEARC STATION","3013647","2018-08-22 23:00","2018","08","22","23:00","8.1","","7.5","","96","","0.0","","28","","3","","","","","M","","","","","NA"
"-111.55","53.05","KINSELLA RESEARC STATION","3013647","2018-08-23 00:00","2018","08","23","00:00","7.8","","7.0","","95","","0.0","","29","","6","","","","","M","","","","","NA"
"-111.55","53.05","KINSELLA RESEARC STATION","3013647","2018-08-23 01:00","2018","08","23","01:00","6.9","","5.7","","92","","0.0","","0","","1","","","","","M","","","","","NA"
"-111.55","53.05","KINSELLA RESEARC STATION","3013647","2018-08-23 02:00","2018","08","23","02:00","6.4","","5.8","","95","","0.0","","17","","1","","","","","M","","","","","NA"
"-111.55","53.05","KINSELLA RESEARC STATION","3013647","2018-08-23 03:00","2018","08","23","03:00","5.7","","5.1","","96","","0.0","","32","","4","","","","","M","","","","","NA"
"-111.55","53.05","KINSELLA RESEARC STATION","3013647","2018-08-23 04:00","2018","08","23","04:00","6.8","","6.1","","95","","0.0","","29","","4","","","","","M","","","","","NA"
"-111.55","53.05","KINSELLA RESEARC STATION","3013647","2018-08-23 05:00","2018","08","23","05:00","8.6","","6.7","","88","","0.0","","20","","2","","","","","M","","","","","NA"
"-111.55","53.05","KINSELLA RESEARC STATION","3013647","2018-08-23 06:00","2018","08","23","06:00","8.1","","6.9","","92","","0.0","","19","","1","","","","","M","","","","","NA"
"-111.55","53.05","KINSELLA RESEARC STATION","3013647","2018-08-23 07:00","2018","08","23","07:00","10.4","","9.0","","91","","0.0","","7","","2","","","","","M","","","","","NA"
"-111.55","53.05","KINSELLA RESEARC STATION","3013647","2018-08-23 08:00","2018","08","23","08:00","12.9","","9.1","","78","","0.0","","13","","3","","","","","M","","","","","NA"
"-111.55","53.05","KINSELLA RESEARC STATION","3013647","2018-08-23 09:00","2018","08","23","09:00","17.4","","10.0","","62","","0.0","","8","","6","","","","","M","","","","","NA"
"-111.55","53.05","KINSELLA RESEARC STATION","3013647","2018-08-23 10:00","2018","08","23","10:00","20.7","","10.5","","52","","0.0","","12","","9","","","","","M","","","","","NA"
"-111.55","53.05","KINSELLA RESEARC STATION","3013647","2018-08-23 11:00","2018","08","23","11:00","22.9","","10.1","","44","","0.0","","13","","10","","","","","M","","","","","NA"
"-111.55","53.05","KINSELLA RESEARC STATION","3013647","2018-08-23 12:00","2018","08","23","12:00","24.2","","9.7","","40","","0.0","","14","","11","","","","","M","25","","","","NA"
"-111.55","53.05","KINSELLA RESEARC STATION","3013647","2018-08-23 13:00","2018","08","23","13:00","26.2","","8.0","","32","","0.0","","11","","8","","","","","M","27","","","","NA"
"-111.55","53.05","KINSELLA RESEARC STATION","3013647","2018-08-23 14:00","2018","08","23","14:00","27.2","","7.9","","30","","0.0","","10","","11","","","","","M","28","","","","NA"
"-111.55","53.05","KINSELLA RESEARC STATION","3013647","2018-08-23 15:00","2018","08","23","15:00","25.6","","11.9","","43","","0.0","","7","","19","","","","","M","28","","","","NA"
"-111.55","53.05","KINSELLA RESEARC STATION","3013647","2018-08-23 16:00","2018","08","23","16:00","24.4","","13.1","","49","","0.0","","10","","25","","","","","M","27","","","","NA"
"-111.55","53.05","KINSELLA RESEARC STATION","3013647","2018-08-23 17:00","2018","08","23","17:00","22.1","","13.3","","58","","0.0","","9","","25","","","","","M","25","","","","NA"
"-111.55","53.05","KINSELLA RESEARC STATION","3013647","2018-08-23 18:00","2018","08","23","18:00","19.1","","13.3","","69","","0.0","","9","","22","","","","","M","","","","","NA"
"-111.55","53.05","KINSELLA RESEARC STATION","3013647","2018-08-23 19:00","2018","08","23","19:00","16.9","","12.8","","77","","0.0","","8","","16","","","","","M","","","","","NA"
"-111.55","53.05","KINSELLA RESEARC STATION","3013647","2018-08-23 20:00","2018","08","23","20:00","15.0","","12.0","","82","","0.0","","6","","12","","","","","M","","","","","NA"
"-111.55","53.05","KINSELLA RESEARC STATION","3013647","2018-08-23 21:00","2018","08","23","21:00","13.8","","10.6","","81","","0.0","","7","","16","","","","","M","","","","","NA"
"-111.55","53.05","KINSELLA RESEARC STATION","3013647","2018-08-23 22:00","2018","08","23","22:00","12.8","","9.8","","82","","0.0","","7","","16","","","","","M","","","","","NA"
"-111.55","53.05","KINSELLA RESEARC STATION","3013647","2018-08-23 23:00","2018","08","23","23:00","11.5","","9.1","","85","","0.0","","2","","11","","","","","M","","","","","NA"
"-111.55","53.05","KINSELLA RESEARC STATION","3013647","2018-08-24 00:00","2018","08","24","00:00","10.7","","9.3","","91","","0.0","","4","","17","","","","","M","","","","","NA"
"-111.55","53.05","KINSELLA RESEARC STATION","3013647","2018-08-24 01:00","2018","08","24","01:00","10.1","","8.7","","91","","0.0","","2","","16","","","","","M","","","","","NA"
"-111.55","53.05","KINSELLA RESEARC STATION","3013647","2018-08-24 02:00","2018","08","24","02:00","9.7","","8.4","","92","","0.0","","2","","15","","","","","M","","","","","NA"
"-111.55","53.05","KINSELLA RESEARC STATION","3013647","2018-08-24 03:00","2018","08","24","03:00","9.1","","8.0","","93","","0.0","","3","","12","","","","","M","","","","","NA"
"-111.55","53.05","KINSELLA RESEARC STATION","3013647","2018-08-24 04:00","2018","08","24","04:00","8.4","","7.6","","95","","0.0","","36","","12","","","","","M","","","","","NA"
"-111.55","53.05","KINSELLA RESEARC STATION","3013647","2018-08-24 05:00","2018","08","24","05:00","8.2","","7.2","","94","","0.0","","34","","17","","","","","M","","","","","NA"
"-111.55","53.05","KINSELLA RESEARC STATION","3013647","2018-08-24 06:00","2018","08","24","06:00","8.2","","7.0","","92","","0.0","","2","","18","","","","","M","","","","","NA"
"-111.55","53.05","KINSELLA RESEARC STATION","3013647","2018-08-24 07:00","2018","08","24","07:00","8.4","","7.4","","93","","0.0","","33","","14","","","","","M","","","","","NA"
"-111.55","53.05","KINSELLA RESEARC STATION","3013647","2018-08-24 08:00","2018","08","24","08:00","8.3","","7.7","","96","","0.0","","35","","17","","","","","M","","","","","NA"
"-111.55","53.05","KINSELLA RESEARC STATION","3013647","2018-08-24 09:00","2018","08","24","09:00","8.6","","7.3","","91","","0.0","","34","","19","","","","","M","","","","","NA"
"-111.55","53.05","KINSELLA RESEARC STATION","3013647","2018-08-24 10:00","2018","08","24","10:00","9.3","","7.6","","89","","0.0","","35","","23","","","","","M","","","","","NA"
"-111.55","53.05","KINSELLA RESEARC STATION","3013647","2018-08-24 11:00","2018","08","24","11:00","9.3","","7.8","","90","","0.0","","33","","20","","","","","M","","","","","NA"
"-111.55","53.05","KINSELLA RESEARC STATION","3013647","2018-08-24 12:00","2018","08","24","12:00","9.2","","7.6","","90","","0.0","","33","","24","","","","","M","","","","","NA"
"-111.55","53.05","KINSELLA RESEARC STATION","3013647","2018-08-24 13:00","2018","08","24","13:00","9.5","","7.8","","89","","0.0","","33","","19","","","","","M","","","","","NA"
"-111.55","53.05","KINSELLA RESEARC STATION","3013647","2018-08-24 14:00","2018","08","24","14:00","10.3","","7.8","","84","","0.0","","32","","25","","","","","M","","","","","NA"
"-111.55","53.05","KINSELLA RESEARC STATION","3013647","2018-08-24 15:00","2018","08","24","15:00","10.6","","7.4","","81","","0.0","","33","","21","","","","","M","","","","","NA"
"-111.55","53.05","KINSELLA RESEARC STATION","3013647","2018-08-24 16:00","2018","08","24","16:00","11.2","","7.1","","76","","0.0","","33","","25","","","","","M","","","","","NA"
"-111.55","53.05","KINSELLA RESEARC STATION","3013647","2018-08-24 17:00","2018","08","24","17:00","10.8","","6.7","","76","","0.0","","33","","23","","","","","M","","","","","NA"
"-111.55","53.05","KINSELLA RESEARC STATION","3013647","2018-08-24 18:00","2018","08","24","18:00","10.4","","7.0","","80","","0.0","","31","","23","","","","","M","","","","","NA"
"-111.55","53.05","KINSELLA RESEARC STATION","3013647","2018-08-24 19:00","2018","08","24","19:00","9.3","","6.9","","85","","0.0","","32","","20","","","","","M","","","","","NA"
"-111.55","53.05","KINSELLA RESEARC STATION","3013647","2018-08-24 20:00","2018","08","24","20:00","8.7","","6.5","","86","","0.0","","32","","19","","","","","M","","","","","NA"
"-111.55","53.05","KINSELLA RESEARC STATION","3013647","2018-08-24 21:00","2018","08","24","21:00","8.0","","6.1","","87","","0.0","","31","","19","","","","","M","","","","","NA"
"-111.55","53.05","KINSELLA RESEARC STATION","3013647","2018-08-24 22:00","2018","08","24","22:00","7.9","","6.3","","90","","0.0","","30","","14","","","","","M","","","","","NA"
"-111.55","53.05","KINSELLA RESEARC STATION","3013647","2018-08-24 23:00","2018","08","24","23:00","7.6","","6.1","","90","","0.0","","31","","17","","","","","M","","","","","NA"
"-111.55","53.05","KINSELLA RESEARC STATION","3013647","2018-08-25 00:00","2018","08","25","00:00","7.2","","5.9","","91","","0.0","","30","","15","","","","","M","","","","","NA"
"-111.55","53.05","KINSELLA RESEARC STATION","3013647","2018-08-25 01:00","2018","08","25","01:00","7.2","","5.7","","90","","0.0","","30","","12","","","","","M","","","","","NA"
"-111.55","53.05","KINSELLA RESEARC STATION","3013647","2018-08-25 02:00","2018","08","25","02:00","6.7","","5.4","","92","","0.0","","29","","14","","","","","M","","","","","NA"
"-111.55","53.05","KINSELLA RESEARC STATION","3013647","2018-08-25 03:00","2018","08","25","03:00","6.0","","5.1","","94","","0.0","","28","","11","","","","","M","","","","","NA"
"-111.55","53.05","KINSELLA RESEARC STATION","3013647","2018-08-25 04:00","2018","08","25","04:00","5.1","","4.5","","95","","0.0","","28","","8","","","","","M","","","","","NA"
"-111.55","53.05","KINSELLA RESEARC STATION","3013647","2018-08-25 05:00","2018","08","25","05:00","3.9","","3.6","","98","","0.0","","26","","7","","","","","M","","","","","NA"
"-111.55","53.05","KINSELLA RESEARC STATION","3013647","2018-08-25 06:00","2018","08","25","06:00","3.7","","3.5","","98","","0.0","","26","","6","","","","","M","","","","","NA"
"-111.55","53.05","KINSELLA RESEARC STATION","3013647","2018-08-25 07:00","2018","08","25","07:00","4.5","","4.1","","97","","0.0","","25","","4","","","","","M","","","","","NA"
"-111.55","53.05","KINSELLA RESEARC STATION","3013647","2018-08-25 08:00","2018","08","25","08:00","8.1","","4.8","","79","","0.0","","21","","3","","","","","M","","","","","NA"
"-111.55","53.05","KINSELLA RESEARC STATION","3013647","2018-08-25 09:00","2018","08","25","09:00","10.4","","3.4","","62","","0.0","","23","","5","","","","","M","","","","","NA"
"-111.55","53.05","KINSELLA RESEARC STATION","3013647","2018-08-25 10:00","2018","08","25","10:00","11.7","","3.5","","57","","0.0","","16","","7","","","","","M","","","","","NA"
"-111.55","53.05","KINSELLA RESEARC STATION","3013647","2018-08-25 11:00","2018","08","25","11:00","13.2","","3.2","","51","","0.0","","20","","9","","","","","M","","","","","NA"
"-111.55","53.05","KINSELLA RESEARC STATION","3013647","2018-08-25 12:00","2018","08","25","12:00","14.7","","2.8","","45","","0.0","","20","","12","","","","","M","","","","","NA"
"-111.55","53.05","KINSELLA RESEARC STATION","3013647","2018-08-25 13:00","2018","08","25","13:00","16.2","","4.2","","45","","0.0","","18","","11","","","","","M","","","","","NA"
"-111.55","53.05","KINSELLA RESEARC STATION","3013647","2018-08-25 14:00","2018","08","25","14:00","18.2","","4.9","","42","","0.0","","20","","14","","","","","M","","","","","NA"
"-111.55","53.05","KINSELLA RESEARC STATION","3013647","2018-08-25 15:00","2018","08","25","15:00","19.0","","5.1","","40","","0.0","","20","","13","","","","","M","","","","","NA"
"-111.55","53.05","KINSELLA RESEARC STATION","3013647","2018-08-25 16:00","2018","08","25","16:00","19.5","","5.3","","39","","0.0","","18","","12","","","","","M","","","","","NA"
"-111.55","53.05","KINSELLA RESEARC STATION","3013647","2018-08-25 17:00","2018","08","25","17:00","19.7","","4.3","","36","","0.0","","23","","7","","","","","M","","","","","NA"
"-111.55","53.05","KINSELLA RESEARC STATION","3013647","2018-08-25 18:00","2018","08","25","18:00","18.3","","4.2","","39","","0.0","","24","","6","","","","","M","","","","","NA"
"-111.55","53.05","KINSELLA RESEARC STATION","3013647","2018-08-25 19:00","2018","08","25","19:00","16.5","","5.0","","47","","0.0","","20","","5","","","","","M","","","","","NA"
"-111.55","53.05","KINSELLA RESEARC STATION","3013647","2018-08-25 20:00","2018","08","25","20:00","15.1","","7.2","","59","","0.0","","14","","9","","","","","M","","","","","NA"
"-111.55","53.05","KINSELLA RESEARC STATION","3013647","2018-08-25 21:00","2018","08","25","21:00","13.3","","7.6","","68","","0.0","","9","","7","","","","","M","","","","","NA"
"-111.55","53.05","KINSELLA RESEARC STATION","3013647","2018-08-25 22:00","2018","08","25","22:00","13.0","","7.0","","67","","0.0","","12","","7","","","","","M","","","","","NA"
"-111.55","53.05","KINSELLA RESEARC STATION","3013647","2018-08-25 23:00","2018","08","25","23:00","12.0","","6.8","","71","","0.0","","13","","8","","","","","M","","","","","NA"
"-111.55","53.05","KINSELLA RESEARC STATION","3013647","2018-08-26 00:00","2018","08","26","00:00","10.4","","6.9","","79","","0.0","","29","","8","","","","","M","","","","","NA"
"-111.55","53.05","KINSELLA RESEARC STATION","3013647","2018-08-26 01:00","2018","08","26","01:00","11.0","","7.3","","78","","0.0","","1","","3","","","","","M","","","","","NA"
"-111.55","53.05","KINSELLA RESEARC STATION","3013647","2018-08-26 02:00","2018","08","26","02:00","11.1","","8.1","","82","","0.0","","33","","10","","","","","M","","","","","NA"
"-111.55","53.05","KINSELLA RESEARC STATION","3013647","2018-08-26 03:00","2018","08","26","03:00","11.9","","8.9","","82","","0.0","","31","","4","","","","","M","","","","","NA"
"-111.55","53.05","KINSELLA RESEARC STATION","3013647","2018-08-26 04:00","2018","08","26","04:00","11.0","","8.7","","86","","0.0","","17","","10","","","","","M","","","","","NA"
"-111.55","53.05","KINSELLA RESEARC STATION","3013647","2018-08-26 05:00","2018","08","26","05:00","10.5","","8.5","","87","","0.0","","19","","2","","","","","M","","","","","NA"
"-111.55","53.05","KINSELLA RESEARC STATION","3013647","2018-08-26 06:00","2018","08","26","06:00","10.4","","8.6","","89","","0.0","","15","","2","","","","","M","","","","","NA"
"-111.55","53.05","KINSELLA RESEARC STATION","3013647","2018-08-26 07:00","2018","08","26","07:00","10.5","","8.6","","88","","0.0","","0","","1","","","","","M","","","","","NA"
"-111.55","53.05","KINSELLA RESEARC STATION","3013647","2018-08-26 08:00","2018","08","26","08:00","11.6","","9.9","","90","","0.0","","28","","2","","","","","M","","","","","NA"
"-111.55","53.05","KINSELLA RESEARC STATION","3013647","2018-08-26 09:00","2018","08","26","09:00","14.5","","9.8","","73","","0.0","","27","","2","","","","","M","","","","","NA"
"-111.55","53.05","KINSELLA RESEARC STATION","3013647","2018-08-26 10:00","2018","08","26","10:00","16.6","","8.1","","57","","0.0","","29","","8","","","","","M","","","","","NA"
"-111.55","53.05","KINSELLA RESEARC STATION","3013647","2018-08-26 11:00","2018","08","26","11:00","16.5","","8.3","","58","","0.0","","27","","12","","","","","M","","","","","NA"
"-111.55","53.05","KINSELLA RESEARC STATION","3013647","2018-08-26 12:00","2018","08","26","12:00","17.6","","7.9","","53","","0.0","","25","","8","","","","","M","","","","","NA"
"-111.55","53.05","KINSELLA RESEARC STATION","3013647","2018-08-26 13:00","2018","08","26","13:00","18.2","","6.9","","48","","0.0","","27","","14","","","","","M","","","","","NA"
"-111.55","53.05","KINSELLA RESEARC STATION","3013647","2018-08-26 14:00","2018","08","26","14:00","16.0","","8.8","","63","","0.0","","33","","14","","","","","M","","","","","NA"
"-111.55","53.05","KINSELLA RESEARC STATION","3013647","2018-08-26 15:00","2018","08","26","15:00","17.9","","8.5","","54","","0.0","","34","","19","","","","","M","","","","","NA"
"-111.55","53.05","KINSELLA RESEARC STATION","3013647","2018-08-26 16:00","2018","08","26","16:00","17.9","","7.6","","51","","0.0","","32","","16","","","","","M","","","","","NA"
"-111.55","53.05","KINSELLA RESEARC STATION","3013647","2018-08-26 17:00","2018","08","26","17:00","17.2","","6.7","","50","","0.0","","31","","19","","","","","M","","","","","NA"
"-111.55","53.05","KINSELLA RESEARC STATION","3013647","2018-08-26 18:00","2018","08","26","18:00","15.4","","8.6","","64","","0.0","","33","","21","","","","","M","","","","","NA"
"-111.55","53.05","KINSELLA RESEARC STATION","3013647","2018-08-26 19:00","2018","08","26","19:00","14.1","","8.0","","67","","0.0","","32","","14","","","","","M","","","","","NA"
"-111.55","53.05","KINSELLA RESEARC STATION","3013647","2018-08-26 20:00","2018","08","26","20:00","12.3","","7.5","","72","","0.0","","31","","8","","","","","M","","","","","NA"
"-111.55","53.05","KINSELLA RESEARC STATION","3013647","2018-08-26 21:00","2018","08","26","21:00","11.0","","8.0","","81","","0.0","","34","","15","","","","","M","","","","","NA"
"-111.55","53.05","KINSELLA RESEARC STATION","3013647","2018-08-26 22:00","2018","08","26","22:00","11.2","","9.0","","86","","0.0","","33","","15","","","","","M","","","","","NA"
"-111.55","53.05","KINSELLA RESEARC STATION","3013647","2018-08-26 23:00","2018","08","26","23:00","10.5","","9.3","","92","","0.0","","33","","16","","","","","M","","","","","NA"
"-111.55","53.05","KINSELLA RESEARC STATION","3013647","2018-08-27 00:00","2018","08","27","00:00","10.6","","9.6","","94","","0.0","","34","","17","","","","","M","","","","","NA"
"-111.55","53.05","KINSELLA RESEARC STATION","3013647","2018-08-27 01:00","2018","08","27","01:00","10.3","","9.1","","92","","0.0","","35","","16","","","","","M","","","","","NA"
"-111.55","53.05","KINSELLA RESEARC STATION","3013647","2018-08-27 02:00","2018","08","27","02:00","9.2","","8.1","","93","","0.0","","35","","20","","","","","M","","","","","NA"
"-111.55","53.05","KINSELLA RESEARC STATION","3013647","2018-08-27 03:00","2018","08","27","03:00","8.4","","6.9","","91","","0.0","","35","","26","","","","","M","","","","","NA"
"-111.55","53.05","KINSELLA RESEARC STATION","3013647","2018-08-27 04:00","2018","08","27","04:00","7.7","","6.9","","94","","0.0","","35","","20","","","","","M","","","","","NA"
"-111.55","53.05","KINSELLA RESEARC STATION","3013647","2018-08-27 05:00","2018","08","27","05:00","7.4","","6.5","","94","","0.0","","35","","21","","","","","M","","","","","NA"
"-111.55","53.05","KINSELLA RESEARC STATION","3013647","2018-08-27 06:00","2018","08","27","06:00","7.1","","5.8","","92","","0.0","","36","","27","","","","","M","","","","","NA"
"-111.55","53.05","KINSELLA RESEARC STATION","3013647","2018-08-27 07:00","2018","08","27","07:00","7.0","","5.9","","93","","0.0","","35","","22","","","","","M","","","","","NA"
"-111.55","53.05","KINSELLA RESEARC STATION","3013647","2018-08-27 08:00","2018","08","27","08:00","7.3","","5.3","","87","","0.0","","36","","22","","","","","M","","","","","NA"
"-111.55","53.05","KINSELLA RESEARC STATION","3013647","2018-08-27 09:00","2018","08","27","09:00","7.7","","5.1","","84","","0.0","","35","","25","","","","","M","","","","","NA"
"-111.55","53.05","KINSELLA RESEARC STATION","3013647","2018-08-27 10:00","2018","08","27","10:00","9.9","","3.7","","65","","0.0","","1","","30","","","","","M","","","","","NA"
"-111.55","53.05","KINSELLA RESEARC STATION","3013647","2018-08-27 11:00","2018","08","27","11:00","11.3","","0.9","","49","","0.0","","36","","24","","","","","M","","","","","NA"
"-111.55","53.05","KINSELLA RESEARC STATION","3013647","2018-08-27 12:00","2018","08","27","12:00","11.6","","1.8","","51","","0.0","","35","","21","","","","","M","","","","","NA"
"-111.55","53.05","KINSELLA RESEARC STATION","3013647","2018-08-27 13:00","2018","08","27","13:00","12.7","","-0.6","","40","","0.0","","34","","24","","","","","M","","","","","NA"
"-111.55","53.05","KINSELLA RESEARC STATION","3013647","2018-08-27 14:00","2018","08","27","14:00","13.0","","-0.2","","40","","0.0","","36","","21","","","","","M","","","","","NA"
"-111.55","53.05","KINSELLA RESEARC STATION","3013647","2018-08-27 15:00","2018","08","27","15:00","12.7","","-0.6","","40","","0.0","","35","","22","","","","","M","","","","","NA"
"-111.55","53.05","KINSELLA RESEARC STATION","3013647","2018-08-27 16:00","2018","08","27","16:00","14.0","","-0.2","","38","","0.0","","32","","19","","","","","M","","","","","NA"
"-111.55","53.05","KINSELLA RESEARC STATION","3013647","2018-08-27 17:00","2018","08","27","17:00","13.4","","-0.9","","37","","0.0","","33","","19","","","","","M","","","","","NA"
"-111.55","53.05","KINSELLA RESEARC STATION","3013647","2018-08-27 18:00","2018","08","27","18:00","13.1","","0.3","","42","","0.0","","33","","14","","","","","M","","","","","NA"
"-111.55","53.05","KINSELLA RESEARC STATION","3013647","2018-08-27 19:00","2018","08","27","19:00","11.2","","1.2","","50","","0.0","","33","","3","","","","","M","","","","","NA"
"-111.55","53.05","KINSELLA RESEARC STATION","3013647","2018-08-27 20:00","2018","08","27","20:00","6.3","","1.9","","73","","0.0","","26","","4","","","","","M","","","","","NA"
"-111.55","53.05","KINSELLA RESEARC STATION","3013647","2018-08-27 21:00","2018","08","27","21:00","2.9","","1.4","","90","","0.0","","0","","1","","","","","M","","","","","NA"
"-111.55","53.05","KINSELLA RESEARC STATION","3013647","2018-08-27 22:00","2018","08","27","22:00","2.2","","1.4","","95","","0.0","","13","","4","","","","","M","","","","","NA"
"-111.55","53.05","KINSELLA RESEARC STATION","3013647","2018-08-27 23:00","2018","08","27","23:00","0.9","","0.2","","95","","0.0","","15","","3","","","","","M","","","","","NA"
"-111.55","53.05","KINSELLA RESEARC STATION","3013647","2018-08-28 00:00","2018","08","28","00:00","2.8","","2.0","","94","","0.0","","15","","5","","","","","M","","","","","NA"
"-111.55","53.05","KINSELLA RESEARC STATION","3013647","2018-08-28 01:00","2018","08","28","01:00","2.3","","1.1","","91","","0.0","","0","","1","","","","","M","","","","","NA"
"-111.55","53.05","KINSELLA RESEARC STATION","3013647","2018-08-28 02:00","2018","08","28","02:00","1.6","","0.2","","90","","0.0","","16","","5","","","","","M","","","","","NA"
"-111.55","53.05","KINSELLA RESEARC STATION","3013647","2018-08-28 03:00","2018","08","28","03:00","1.4","","0.2","","92","","0.0","","17","","4","","","","","M","","","","","NA"
"-111.55","53.05","KINSELLA RESEARC STATION","3013647","2018-08-28 04:00","2018","08","28","04:00","0.7","","0.1","","96","","0.0","","15","","8","","","","","M","","","","","NA"
"-111.55","53.05","KINSELLA RESEARC STATION","3013647","2018-08-28 05:00","2018","08","28","05:00","1.5","","0.6","","94","","0.0","","15","","9","","","","","M","","","","","NA"
"-111.55","53.05","KINSELLA RESEARC STATION","3013647","2018-08-28 06:00","2018","08","28","06:00","3.2","","1.5","","89","","0.0","","16","","11","","","","","M","","","","","NA"
"-111.55","53.05","KINSELLA RESEARC STATION","3013647","2018-08-28 07:00","2018","08","28","07:00","4.7","","2.2","","84","","0.0","","17","","11","","","","","M","","","","","NA"
"-111.55","53.05","KINSELLA RESEARC STATION","3013647","2018-08-28 08:00","2018","08","28","08:00","6.0","","2.4","","78","","0.0","","17","","11","","","","","M","","","","","NA"
"-111.55","53.05","KINSELLA RESEARC STATION","3013647","2018-08-28 09:00","2018","08","28","09:00","7.6","","3.3","","74","","0.0","","19","","12","","","","","M","","","","","NA"
"-111.55","53.05","KINSELLA RESEARC STATION","3013647","2018-08-28 10:00","2018","08","28","10:00","9.9","","4.5","","69","","0.0","","22","","12","","","","","M","","","","","NA"
"-111.55","53.05","KINSELLA RESEARC STATION","3013647","2018-08-28 11:00","2018","08","28","11:00","13.2","","5.5","","60","","0.0","","22","","10","","","","","M","","","","","NA"
"-111.55","53.05","KINSELLA RESEARC STATION","3013647","2018-08-28 12:00","2018","08","28","12:00","16.4","","6.5","","52","","0.0","","25","","14","","","","","M","","","","","NA"
"-111.55","53.05","KINSELLA RESEARC STATION","3013647","2018-08-28 13:00","2018","08","28","13:00","17.9","","7.6","","51","","0.0","","26","","15","","","","","M","","","","","NA"
"-111.55","53.05","KINSELLA RESEARC STATION","3013647","2018-08-28 14:00","2018","08","28","14:00","19.3","","7.9","","48","","0.0","","27","","15","","","","","M","","","","","NA"
"-111.55","53.05","KINSELLA RESEARC STATION","3013647","2018-08-28 15:00","2018","08","28","15:00","17.8","","9.8","","59","","0.0","","27","","11","","","","","M","","","","","NA"
"-111.55","53.05","KINSELLA RESEARC STATION","3013647","2018-08-28 16:00","2018","08","28","16:00","19.5","","7.8","","47","","0.0","","27","","12","","","","","M","","","","","NA"
"-111.55","53.05","KINSELLA RESEARC STATION","3013647","2018-08-28 17:00","2018","08","28","17:00","19.5","","7.9","","47","","0.0","","29","","5","","","","","M","","","","","NA"
"-111.55","53.05","KINSELLA RESEARC STATION","3013647","2018-08-28 18:00","2018","08","28","18:00","15.7","","9.2","","65","","0.0","","10","","7","","","","","M","","","","","NA"
"-111.55","53.05","KINSELLA RESEARC STATION","3013647","2018-08-28 19:00","2018","08","28","19:00","13.7","","9.4","","75","","0.0","","13","","8","","","","","M","","","","","NA"
"-111.55","53.05","KINSELLA RESEARC STATION","3013647","2018-08-28 20:00","2018","08","28","20:00","12.3","","10.4","","88","","0.0","","19","","7","","","","","M","","","","","NA"
"-111.55","53.05","KINSELLA RESEARC STATION","3013647","2018-08-28 21:00","2018","08","28","21:00","9.9","","8.5","","91","","0.0","","15","","8","","","","","M","","","","","NA"
"-111.55","53.05","KINSELLA RESEARC STATION","3013647","2018-08-28 22:00","2018","08","28","22:00","9.9","","8.4","","91","","0.0","","16","","4","","","","","M","","","","","NA"
"-111.55","53.05","KINSELLA RESEARC STATION","3013647","2018-08-28 23:00","2018","08","28","23:00","9.4","","8.3","","93","","0.0","","20","","6","","","","","M","","","","","NA"
"-111.55","53.05","KINSELLA RESEARC STATION","3013647","2018-08-29 00:00","2018","08","29","00:00","8.8","","7.9","","94","","0.0","","17","","4","","","","","M","","","","","NA"
"-111.55","53.05","KINSELLA RESEARC STATION","3013647","2018-08-29 01:00","2018","08","29","01:00","8.4","","7.8","","96","","0.0","","16","","3","","","","","M","","","","","NA"
"-111.55","53.05","KINSELLA RESEARC STATION","3013647","2018-08-29 02:00","2018","08","29","02:00","7.4","","6.8","","96","","0.0","","22","","2","","","","","M","","","","","NA"
"-111.55","53.05","KINSELLA RESEARC STATION","3013647","2018-08-29 03:00","2018","08","29","03:00","8.1","","7.6","","97","","0.0","","22","","4","","","","","M","","","","","NA"
"-111.55","53.05","KINSELLA RESEARC STATION","3013647","2018-08-29 04:00","2018","08","29","04:00","8.1","","7.6","","97","","0.0","","16","","4","","","","","M","","","","","NA"
"-111.55","53.05","KINSELLA RESEARC STATION","3013647","2018-08-29 05:00","2018","08","29","05:00","7.0","","6.6","","97","","0.0","","17","","5","","","","","M","","","","","NA"
"-111.55","53.05","KINSELLA RESEARC STATION","3013647","2018-08-29 06:00","2018","08","29","06:00","7.6","","7.3","","98","","0.0","","13","","2","","","","","M","","","","","NA"
"-111.55","53.05","KINSELLA RESEARC STATION","3013647","2018-08-29 07:00","2018","08","29","07:00","9.6","","9.2","","98","","0.0","","18","","5","","","","","M","","","","","NA"
"-111.55","53.05","KINSELLA RESEARC STATION","3013647","2018-08-29 08:00","2018","08","29","08:00","12.0","","10.4","","90","","0.0","","14","","4","","","","","M","","","","","NA"
"-111.55","53.05","KINSELLA RESEARC STATION","3013647","2018-08-29 09:00","2018","08","29","09:00","16.2","","11.2","","73","","0.0","","19","","5","","","","","M","","","","","NA"
"-111.55","53.05","KINSELLA RESEARC STATION","3013647","2018-08-29 10:00","2018","08","29","10:00","16.9","","10.7","","67","","0.0","","15","","11","","","","","M","","","","","NA"
"-111.55","53.05","KINSELLA RESEARC STATION","3013647","2018-08-29 11:00","2018","08","29","11:00","19.7","","10.3","","55","","0.0","","15","","9","","","","","M","","","","","NA"
"-111.55","53.05","KINSELLA RESEARC STATION","3013647","2018-08-29 12:00","2018","08","29","12:00","21.2","","7.8","","42","","0.0","","16","","10","","","","","M","","","","","NA"
"-111.55","53.05","KINSELLA RESEARC STATION","3013647","2018-08-29 13:00","2018","08","29","13:00","22.2","","7.7","","39","","0.0","","15","","13","","","","","M","","","","","NA"
"-111.55","53.05","KINSELLA RESEARC STATION","3013647","2018-08-29 14:00","2018","08","29","14:00","22.5","","5.8","","34","","0.0","","17","","4","","","","","M","","","","","NA"
"-111.55","53.05","KINSELLA RESEARC STATION","3013647","2018-08-29 15:00","2018","08","29","15:00","18.9","","11.2","","61","","0.0","","36","","22","","","","","M","","","","","NA"
"-111.55","53.05","KINSELLA RESEARC STATION","3013647","2018-08-29 16:00","2018","08","29","16:00","18.2","","11.5","","65","","0.0","","5","","17","","","","","M","","","","","NA"
"-111.55","53.05","KINSELLA RESEARC STATION","3013647","2018-08-29 17:00","2018","08","29","17:00","17.0","","12.0","","72","","0.0","","2","","11","","","","","M","","","","","NA"
"-111.55","53.05","KINSELLA RESEARC STATION","3013647","2018-08-29 18:00","2018","08","29","18:00","15.0","","12.8","","87","","0.5","","33","","22","","","","","M","","","","","NA"
"-111.55","53.05","KINSELLA RESEARC STATION","3013647","2018-08-29 19:00","2018","08","29","19:00","13.9","","11.6","","86","","1.2","","4","","3","","","","","M","","","","","NA"
"-111.55","53.05","KINSELLA RESEARC STATION","3013647","2018-08-29 20:00","2018","08","29","20:00","13.0","","11.6","","91","","0.0","","2","","11","","","","","M","","","","","NA"
"-111.55","53.05","KINSELLA RESEARC STATION","3013647","2018-08-29 21:00","2018","08","29","21:00","12.7","","11.8","","94","","0.0","","35","","11","","","","","M","","","","","NA"
"-111.55","53.05","KINSELLA RESEARC STATION","3013647","2018-08-29 22:00","2018","08","29","22:00","12.5","","11.9","","96","","0.0","","31","","9","","","","","M","","","","","NA"
"-111.55","53.05","KINSELLA RESEARC STATION","3013647","2018-08-29 23:00","2018","08","29","23:00","11.8","","11.3","","97","","0.0","","30","","7","","","","","M","","","","","NA"
"-111.55","53.05","KINSELLA RESEARC STATION","3013647","2018-08-30 00:00","2018","08","30","00:00","11.1","","10.7","","98","","0.0","","30","","9","","","","","M","","","","","NA"
"-111.55","53.05","KINSELLA RESEARC STATION","3013647","2018-08-30 01:00","2018","08","30","01:00","11.0","","10.6","","98","","0.0","","27","","8","","","","","M","","","","","NA"
"-111.55","53.05","KINSELLA RESEARC STATION","3013647","2018-08-30 02:00","2018","08","30","02:00","11.1","","10.6","","97","","0.0","","28","","11","","","","","M","","","","","NA"
"-111.55","53.05","KINSELLA RESEARC STATION","3013647","2018-08-30 03:00","2018","08","30","03:00","10.8","","10.4","","97","","0.0","","29","","13","","","","","M","","","","","NA"
"-111.55","53.05","KINSELLA RESEARC STATION","3013647","2018-08-30 04:00","2018","08","30","04:00","9.8","","9.4","","97","","0.0","","27","","10","","","","","M","","","","","NA"
"-111.55","53.05","KINSELLA RESEARC STATION","3013647","2018-08-30 05:00","2018","08","30","05:00","10.3","","9.9","","98","","0.0","","27","","13","","","","","M","","","","","NA"
"-111.55","53.05","KINSELLA RESEARC STATION","3013647","2018-08-30 06:00","2018","08","30","06:00","10.8","","10.1","","95","","0.0","","27","","16","","","","","M","","","","","NA"
"-111.55","53.05","KINSELLA RESEARC STATION","3013647","2018-08-30 07:00","2018","08","30","07:00","10.7","","10.0","","96","","0.0","","28","","17","","","","","M","","","","","NA"
"-111.55","53.05","KINSELLA RESEARC STATION","3013647","2018-08-30 08:00","2018","08","30","08:00","11.0","","9.6","","91","","0.0","","29","","19","","","","","M","","","","","NA"
"-111.55","53.05","KINSELLA RESEARC STATION","3013647","2018-08-30 09:00","2018","08","30","09:00","12.8","","9.5","","81","","0.0","","31","","18","","","","","M","","","","","NA"
"-111.55","53.05","KINSELLA RESEARC STATION","3013647","2018-08-30 10:00","2018","08","30","10:00","14.2","","8.0","","66","","0.0","","30","","21","","","","","M","","","","","NA"
"-111.55","53.05","KINSELLA RESEARC STATION","3013647","2018-08-30 11:00","2018","08","30","11:00","16.0","","7.5","","57","","0.0","","27","","32","","","","","M","","","","","NA"
"-111.55","53.05","KINSELLA RESEARC STATION","3013647","2018-08-30 12:00","2018","08","30","12:00","17.1","","6.3","","49","","0.0","","28","","38","","","","","M","","","","","NA"
"-111.55","53.05","KINSELLA RESEARC STATION","3013647","2018-08-30 13:00","2018","08","30","13:00","16.7","","5.9","","49","","0.0","","29","","37","","","","","M","","","","","NA"
"-111.55","53.05","KINSELLA RESEARC STATION","3013647","2018-08-30 14:00","2018","08","30","14:00","17.8","","6.3","","47","","0.0","","31","","32","","","","","M","","","","","NA"
"-111.55","53.05","KINSELLA RESEARC STATION","3013647","2018-08-30 15:00","2018","08","30","15:00","18.0","","5.0","","42","","0.0","","29","","41","","","","","M","","","","","NA"
"-111.55","53.05","KINSELLA RESEARC STATION","3013647","2018-08-30 16:00","2018","08","30","16:00","17.9","","5.4","","44","","0.0","","29","","29","","","","","M","","","","","NA"
"-111.55","53.05","KINSELLA RESEARC STATION","3013647","2018-08-30 17:00","2018","08","30","17:00","16.8","","5.8","","48","","0.0","","30","","26","","","","","M","","","","","NA"
"-111.55","53.05","KINSELLA RESEARC STATION","3013647","2018-08-30 18:00","2018","08","30","18:00","16.0","","7.0","","55","","0.0","","27","","21","","","","","M","","","","","NA"
"-111.55","53.05","KINSELLA RESEARC STATION","3013647","2018-08-30 19:00","2018","08","30","19:00","14.0","","7.0","","63","","0.0","","28","","17","","","","","M","","","","","NA"
"-111.55","53.05","KINSELLA RESEARC STATION","3013647","2018-08-30 20:00","2018","08","30","20:00","13.6","","7.0","","64","","0.0","","29","","18","","","","","M","","","","","NA"
"-111.55","53.05","KINSELLA RESEARC STATION","3013647","2018-08-30 21:00","2018","08","30","21:00","10.0","","8.1","","88","","0.4","","29","","23","","","","","M","","","","","NA"
"-111.55","53.05","KINSELLA RESEARC STATION","3013647","2018-08-30 22:00","2018","08","30","22:00","9.2","","7.5","","89","","0.0","","28","","22","","","","","M","","","","","NA"
"-111.55","53.05","KINSELLA RESEARC STATION","3013647","2018-08-30 23:00","2018","08","30","23:00","8.6","","7.5","","93","","0.0","","28","","19","","","","","M","","","","","NA"
"-111.55","53.05","KINSELLA RESEARC STATION","3013647","2018-08-31 00:00","2018","08","31","00:00","8.7","","7.8","","94","","0.0","","28","","15","","","","","M","","","","","NA"
"-111.55","53.05","KINSELLA RESEARC STATION","3013647","2018-08-31 01:00","2018","08","31","01:00","8.8","","7.8","","93","","0.0","","30","","19","","","","","M","","","","","NA"
"-111.55","53.05","KINSELLA RESEARC STATION","3013647","2018-08-31 02:00","2018","08","31","02:00","8.5","","7.5","","94","","0.0","","29","","16","","","","","M","","","","","NA"
"-111.55","53.05","KINSELLA RESEARC STATION","3013647","2018-08-31 03:00","2018","08","31","03:00","8.4","","7.5","","94","","0.0","","29","","18","","","","","M","","","","","NA"
"-111.55","53.05","KINSELLA RESEARC STATION","3013647","2018-08-31 04:00","2018","08","31","04:00","7.2","","6.6","","96","","0.0","","29","","13","","","","","M","","","","","NA"
"-111.55","53.05","KINSELLA RESEARC STATION","3013647","2018-08-31 05:00","2018","08","31","05:00","6.2","","5.8","","97","","0.0","","27","","13","","","","","M","","","","","NA"
"-111.55","53.05","KINSELLA RESEARC STATION","3013647","2018-08-31 06:00","2018","08","31","06:00","5.4","","5.1","","98","","0.0","","28","","11","","","","","M","","","","","NA"
"-111.55","53.05","KINSELLA RESEARC STATION","3013647","2018-08-31 07:00","2018","08","31","07:00","6.8","","6.2","","96","","0.0","","27","","11","","","","","M","","","","","NA"
"-111.55","53.05","KINSELLA RESEARC STATION","3013647","2018-08-31 08:00","2018","08","31","08:00","8.4","","6.8","","90","","0.0","","27","","16","","","","","M","","","","","NA"
"-111.55","53.05","KINSELLA RESEARC STATION","3013647","2018-08-31 09:00","2018","08","31","09:00","10.6","","7.4","","80","","0.0","","28","","9","","","","","M","","","","","NA"
"-111.55","53.05","KINSELLA RESEARC STATION","3013647","2018-08-31 10:00","2018","08","31","10:00","12.4","","7.2","","70","","0.0","","27","","18","","","","","M","","","","","NA"
"-111.55","53.05","KINSELLA RESEARC STATION","3013647","2018-08-31 11:00","2018","08","31","11:00","14.4","","5.7","","56","","0.0","","26","","16","","","","","M","","","","","NA"
"-111.55","53.05","KINSELLA RESEARC STATION","3013647","2018-08-31 12:00","2018","08","31","12:00","16.0","","5.8","","50","","0.0","","26","","19","","","","","M","","","","","NA"
"-111.55","53.05","KINSELLA RESEARC STATION","3013647","2018-08-31 13:00","2018","08","31","13:00","17.9","","4.4","","41","","0.0","","27","","20","","","","","M","","","","","NA"
"-111.55","53.05","KINSELLA RESEARC STATION","3013647","2018-08-31 14:00","2018","08","31","14:00","18.2","","3.0","","36","","0.0","","27","","22","","","","","M","","","","","NA"
"-111.55","53.05","KINSELLA RESEARC STATION","3013647","2018-08-31 15:00","2018","08","31","15:00","19.1","","3.4","","35","","0.0","","28","","16","","","","","M","","","","","NA"
"-111.55","53.05","KINSELLA RESEARC STATION","3013647","2018-08-31 16:00","2018","08","31","16:00","19.9","","1.9","","30","","0.0","","27","","17","","","","","M","","","","","NA"
"-111.55","53.05","KINSELLA RESEARC STATION","3013647","2018-08-31 17:00","2018","08","31","17:00","20.2","","1.8","","29","","0.0","","24","","12","","","","","M","","","","","NA"
"-111.55","53.05","KINSELLA RESEARC STATION","3013647","2018-08-31 18:00","2018","08","31","18:00","18.1","","2.4","","35","","0.0","","26","","5","","","","","M","","","","","NA"
"-111.55","53.05","KINSELLA RESEARC STATION","3013647","2018-08-31 19:00","2018","08","31","19:00","16.4","","3.1","","41","","0.0","","19","","4","","","","","M","","","","","NA"
"-111.55","53.05","KINSELLA RESEARC STATION","3013647","2018-08-31 20:00","2018","08","31","20:00","14.6","","4.3","","50","","0.0","","15","","5","","","","","M","","","","","NA"
"-111.55","53.05","KINSELLA RESEARC STATION","3013647","2018-08-31 21:00","2018","08","31","21:00","13.2","","5.4","","59","","0.0","","16","","6","","","","","M","","","","","NA"
"-111.55","53.05","KINSELLA RESEARC STATION","3013647","2018-08-31 22:00","2018","08","31","22:00","13.7","","6.3","","61","","0.0","","34","","13","","","","","M","","","","","NA"
"-111.55","53.05","KINSELLA RESEARC STATION","3013647","2018-08-31 23:00","2018","08","31","23:00","12.2","","7.4","","72","","0.4","","34","","7","","","","","M","","","","","NA"
