"Longitude (x)","Latitude (y)","Station Name","Climate ID","Date/Time (LST)","Year","Month","Day","Time (LST)","Temp (°C)","Temp Flag","Dew Point Temp (°C)","Dew Point Temp Flag","Rel Hum (%)","Rel Hum Flag","Precip. Amount (mm)","Precip. Amount Flag","Wind Dir (10s deg)","Wind Dir Flag","Wind Spd (km/h)","Wind Spd Flag","Visibility (km)","Visibility Flag","Stn Press (kPa)","Stn Press Flag","Hmdx","Hmdx Flag","Wind Chill","Wind Chill Flag","Weather"
"-86.22","66.52","NAUJAAT A","2403491","2018-04-01 00:00","2018","04","01","00:00"
"-86.22","66.52","NAUJAAT A","2403491","2018-04-01 01:00","2018","04","01","01:00"
"-86.22","66.52","NAUJAAT A","2403491","2018-04-01 02:00","2018","04","01","02:00"
"-86.22","66.52","NAUJAAT A","2403491","2018-04-01 03:00","2018","04","01","03:00"
"-86.22","66.52","NAUJAAT A","2403491","2018-04-01 04:00","2018","04","01","04:00"
"-86.22","66.52","NAUJAAT A","2403491","2018-04-01 05:00","2018","04","01","05:00"
"-86.22","66.52","NAUJAAT A","2403491","2018-04-01 06:00","2018","04","01","06:00"
"-86.22","66.52","NAUJAAT A","2403491","2018-04-01 07:00","2018","04","01","07:00"
"-86.22","66.52","NAUJAAT A","2403491","2018-04-01 08:00","2018","04","01","08:00","-21.5","","-24.6","","76","","","","35","","52","","0.0","","100.56","","","","-38","","Blowing Snow"
"-86.22","66.52","NAUJAAT A","2403491","2018-04-01 09:00","2018","04","01","09:00","-21.2","","-24.3","","77","","","","35","","52","","0.0","","100.52","","","","-37","","Blowing Snow"
"-86.22","66.52","NAUJAAT A","2403491","2018-04-01 10:00","2018","04","01","10:00"
"-86.22","66.52","NAUJAAT A","2403491","2018-04-01 11:00","2018","04","01","11:00"
"-86.22","66.52","NAUJAAT A","2403491","2018-04-01 12:00","2018","04","01","12:00","-20.0","","-23.2","","76","","","","35","","44","","0.0","","100.41","","","","-35","","Blowing Snow"
"-86.22","66.52","NAUJAAT A","2403491","2018-04-01 13:00","2018","04","01","13:00"
"-86.22","66.52","NAUJAAT A","2403491","2018-04-01 14:00","2018","04","01","14:00"
"-86.22","66.52","NAUJAAT A","2403491","2018-04-01 15:00","2018","04","01","15:00"
"-86.22","66.52","NAUJAAT A","2403491","2018-04-01 16:00","2018","04","01","16:00"
"-86.22","66.52","NAUJAAT A","2403491","2018-04-01 17:00","2018","04","01","17:00"
"-86.22","66.52","NAUJAAT A","2403491","2018-04-01 18:00","2018","04","01","18:00"
"-86.22","66.52","NAUJAAT A","2403491","2018-04-01 19:00","2018","04","01","19:00"
"-86.22","66.52","NAUJAAT A","2403491","2018-04-01 20:00","2018","04","01","20:00"
"-86.22","66.52","NAUJAAT A","2403491","2018-04-01 21:00","2018","04","01","21:00"
"-86.22","66.52","NAUJAAT A","2403491","2018-04-01 22:00","2018","04","01","22:00"
"-86.22","66.52","NAUJAAT A","2403491","2018-04-01 23:00","2018","04","01","23:00"
"-86.22","66.52","NAUJAAT A","2403491","2018-04-02 00:00","2018","04","02","00:00"
"-86.22","66.52","NAUJAAT A","2403491","2018-04-02 01:00","2018","04","02","01:00"
"-86.22","66.52","NAUJAAT A","2403491","2018-04-02 02:00","2018","04","02","02:00"
"-86.22","66.52","NAUJAAT A","2403491","2018-04-02 03:00","2018","04","02","03:00"
"-86.22","66.52","NAUJAAT A","2403491","2018-04-02 04:00","2018","04","02","04:00"
"-86.22","66.52","NAUJAAT A","2403491","2018-04-02 05:00","2018","04","02","05:00"
"-86.22","66.52","NAUJAAT A","2403491","2018-04-02 06:00","2018","04","02","06:00","-21.8","","-24.2","","81","","","","0","","1","","24.1","","101.28","","","","-23","","Snow"
"-86.22","66.52","NAUJAAT A","2403491","2018-04-02 07:00","2018","04","02","07:00","-21.7","","-24.4","","79","","","","25","","5","","24.1","","101.30","","","","-26","","Snow"
"-86.22","66.52","NAUJAAT A","2403491","2018-04-02 08:00","2018","04","02","08:00","-20.2","","-22.6","","82","","","","35","","7","","16.1","","101.30","","","","-26","","Snow"
"-86.22","66.52","NAUJAAT A","2403491","2018-04-02 09:00","2018","04","02","09:00","-20.2","","-22.7","","81","","","","34","","12","","4.8","","101.30","","","","-28","","Snow"
"-86.22","66.52","NAUJAAT A","2403491","2018-04-02 10:00","2018","04","02","10:00","-20.4","","-23.1","","79","","","","33","","13","","8.1","","101.26","","","","-29","","Fog"
"-86.22","66.52","NAUJAAT A","2403491","2018-04-02 11:00","2018","04","02","11:00","-20.8","","-23.7","","78","","","","31","","16","","8.1","","101.22","","","","-30","","Fog,Blowing Snow"
"-86.22","66.52","NAUJAAT A","2403491","2018-04-02 12:00","2018","04","02","12:00","-20.0","","-22.7","","79","","","","34","","25","","4.8","","101.10","","","","-32","","Fog,Blowing Snow"
"-86.22","66.52","NAUJAAT A","2403491","2018-04-02 13:00","2018","04","02","13:00","-18.8","","-21.5","","80","","","","34","","34","","0.8","","101.02","","","","-32","","Moderate Snow,Blowing Snow"
"-86.22","66.52","NAUJAAT A","2403491","2018-04-02 14:00","2018","04","02","14:00","-18.7","","-21.3","","80","","","","35","","49","","0.0","","100.89","","","","-34","","Moderate Snow,Blowing Snow"
"-86.22","66.52","NAUJAAT A","2403491","2018-04-02 15:00","2018","04","02","15:00","-18.0","","-20.5","","81","","","","35","","50","","0.0","","100.78","","","","-33","","Moderate Snow,Blowing Snow"
"-86.22","66.52","NAUJAAT A","2403491","2018-04-02 16:00","2018","04","02","16:00","-17.0","","-19.4","","82","","","","35","","51","","0.0","","100.66","","","","-31","","Moderate Snow,Blowing Snow"
"-86.22","66.52","NAUJAAT A","2403491","2018-04-02 17:00","2018","04","02","17:00"
"-86.22","66.52","NAUJAAT A","2403491","2018-04-02 18:00","2018","04","02","18:00"
"-86.22","66.52","NAUJAAT A","2403491","2018-04-02 19:00","2018","04","02","19:00"
"-86.22","66.52","NAUJAAT A","2403491","2018-04-02 20:00","2018","04","02","20:00"
"-86.22","66.52","NAUJAAT A","2403491","2018-04-02 21:00","2018","04","02","21:00"
"-86.22","66.52","NAUJAAT A","2403491","2018-04-02 22:00","2018","04","02","22:00"
"-86.22","66.52","NAUJAAT A","2403491","2018-04-02 23:00","2018","04","02","23:00"
"-86.22","66.52","NAUJAAT A","2403491","2018-04-03 00:00","2018","04","03","00:00"
"-86.22","66.52","NAUJAAT A","2403491","2018-04-03 01:00","2018","04","03","01:00"
"-86.22","66.52","NAUJAAT A","2403491","2018-04-03 02:00","2018","04","03","02:00"
"-86.22","66.52","NAUJAAT A","2403491","2018-04-03 03:00","2018","04","03","03:00"
"-86.22","66.52","NAUJAAT A","2403491","2018-04-03 04:00","2018","04","03","04:00"
"-86.22","66.52","NAUJAAT A","2403491","2018-04-03 05:00","2018","04","03","05:00"
"-86.22","66.52","NAUJAAT A","2403491","2018-04-03 06:00","2018","04","03","06:00","-8.7","","-10.9","","84","","","","13","","32","","19.3","","100.89","","","","-18","","Blowing Snow"
"-86.22","66.52","NAUJAAT A","2403491","2018-04-03 07:00","2018","04","03","07:00","-11.4","","-15.2","","73","","","","12","","36","","24.1","","101.08","","","","-22","","Snow,Blowing Snow"
"-86.22","66.52","NAUJAAT A","2403491","2018-04-03 08:00","2018","04","03","08:00","-13.2","","-16.4","","77","","","","11","","32","","24.1","","101.20","","","","-24","","Snow"
"-86.22","66.52","NAUJAAT A","2403491","2018-04-03 09:00","2018","04","03","09:00","-14.2","","-17.8","","75","","","","10","","40","","24.1","","101.31","","","","-26","","Mostly Cloudy"
"-86.22","66.52","NAUJAAT A","2403491","2018-04-03 10:00","2018","04","03","10:00","-14.6","","-18.1","","75","","","","11","","32","","24.1","","101.41","","","","-26","","NA"
"-86.22","66.52","NAUJAAT A","2403491","2018-04-03 11:00","2018","04","03","11:00","-14.8","","-18.3","","75","","","","10","","35","","24.1","","101.54","","","","-27","","NA"
"-86.22","66.52","NAUJAAT A","2403491","2018-04-03 12:00","2018","04","03","12:00","-14.6","","-18.3","","74","","","","11","","35","","24.1","","101.63","","","","-26","","Cloudy"
"-86.22","66.52","NAUJAAT A","2403491","2018-04-03 13:00","2018","04","03","13:00","-13.9","","-17.4","","75","","","","10","","26","","24.1","","101.73","","","","-24","","NA"
"-86.22","66.52","NAUJAAT A","2403491","2018-04-03 14:00","2018","04","03","14:00","-14.2","","-17.6","","75","","","","11","","23","","24.1","","101.85","","","","-24","","NA"
"-86.22","66.52","NAUJAAT A","2403491","2018-04-03 15:00","2018","04","03","15:00","-13.9","","-17.7","","74","","","","11","","37","","24.1","","101.88","","","","-26","","Mostly Cloudy"
"-86.22","66.52","NAUJAAT A","2403491","2018-04-03 16:00","2018","04","03","16:00","-14.5","","-18.1","","75","","","","12","","27","","24.1","","102.00","","","","-25","","NA"
"-86.22","66.52","NAUJAAT A","2403491","2018-04-03 17:00","2018","04","03","17:00"
"-86.22","66.52","NAUJAAT A","2403491","2018-04-03 18:00","2018","04","03","18:00"
"-86.22","66.52","NAUJAAT A","2403491","2018-04-03 19:00","2018","04","03","19:00"
"-86.22","66.52","NAUJAAT A","2403491","2018-04-03 20:00","2018","04","03","20:00"
"-86.22","66.52","NAUJAAT A","2403491","2018-04-03 21:00","2018","04","03","21:00"
"-86.22","66.52","NAUJAAT A","2403491","2018-04-03 22:00","2018","04","03","22:00"
"-86.22","66.52","NAUJAAT A","2403491","2018-04-03 23:00","2018","04","03","23:00"
"-86.22","66.52","NAUJAAT A","2403491","2018-04-04 00:00","2018","04","04","00:00"
"-86.22","66.52","NAUJAAT A","2403491","2018-04-04 01:00","2018","04","04","01:00"
"-86.22","66.52","NAUJAAT A","2403491","2018-04-04 02:00","2018","04","04","02:00"
"-86.22","66.52","NAUJAAT A","2403491","2018-04-04 03:00","2018","04","04","03:00"
"-86.22","66.52","NAUJAAT A","2403491","2018-04-04 04:00","2018","04","04","04:00"
"-86.22","66.52","NAUJAAT A","2403491","2018-04-04 05:00","2018","04","04","05:00"
"-86.22","66.52","NAUJAAT A","2403491","2018-04-04 06:00","2018","04","04","06:00","-16.1","","-19.1","","79","","","","35","","22","","24.1","","102.26","","","","-26","","Mostly Cloudy"
"-86.22","66.52","NAUJAAT A","2403491","2018-04-04 07:00","2018","04","04","07:00","-15.3","","-18.1","","79","","","","35","","32","","24.1","","102.23","","","","-27","","Blowing Snow"
"-86.22","66.52","NAUJAAT A","2403491","2018-04-04 08:00","2018","04","04","08:00","-14.3","","-17.1","","80","","","","36","","43","","4.8","","102.21","","","","-27","","Blowing Snow"
"-86.22","66.52","NAUJAAT A","2403491","2018-04-04 09:00","2018","04","04","09:00","-13.9","","-16.6","","80","","","","36","","39","","1.2","","102.22","","","","-26","","Snow,Blowing Snow"
"-86.22","66.52","NAUJAAT A","2403491","2018-04-04 10:00","2018","04","04","10:00","-13.2","","-16.0","","80","","","","35","","33","","1.2","","102.21","","","","-24","","Snow,Blowing Snow"
"-86.22","66.52","NAUJAAT A","2403491","2018-04-04 11:00","2018","04","04","11:00","-12.8","","-15.6","","80","","","","35","","36","","1.2","","102.20","","","","-24","","Snow,Blowing Snow"
"-86.22","66.52","NAUJAAT A","2403491","2018-04-04 12:00","2018","04","04","12:00","-12.4","","-15.6","","78","","","","35","","37","","12.9","","102.23","","","","-24","","Snow,Blowing Snow"
"-86.22","66.52","NAUJAAT A","2403491","2018-04-04 13:00","2018","04","04","13:00","-11.6","","-14.7","","78","","","","35","","32","","16.1","","102.23","","","","-22","","Snow,Blowing Snow"
"-86.22","66.52","NAUJAAT A","2403491","2018-04-04 14:00","2018","04","04","14:00","-12.2","","-15.2","","79","","","","35","","39","","16.1","","102.19","","","","-24","","Snow,Blowing Snow"
"-86.22","66.52","NAUJAAT A","2403491","2018-04-04 15:00","2018","04","04","15:00","-11.9","","-14.9","","79","","","","34","","27","","24.1","","102.21","","","","-22","","Snow"
"-86.22","66.52","NAUJAAT A","2403491","2018-04-04 16:00","2018","04","04","16:00","-11.5","","-14.7","","78","","","","34","","29","","24.1","","102.20","","","","-21","","NA"
"-86.22","66.52","NAUJAAT A","2403491","2018-04-04 17:00","2018","04","04","17:00","-11.6","","-14.5","","79","","","","34","","24","","24.1","","102.17","","","","-21","","NA"
"-86.22","66.52","NAUJAAT A","2403491","2018-04-04 18:00","2018","04","04","18:00","-11.9","","-14.6","","80","","","","34","","26","","24.1","","102.15","","","","-21","","Mostly Cloudy"
"-86.22","66.52","NAUJAAT A","2403491","2018-04-04 19:00","2018","04","04","19:00","-12.6","","-15.1","","82","","","","35","","42","","1.2","","102.06","","","","-24","","Snow,Blowing Snow"
"-86.22","66.52","NAUJAAT A","2403491","2018-04-04 20:00","2018","04","04","20:00","-13.9","","-16.6","","80","","","","35","","43","","1.2","","102.03","","","","-26","","Snow,Blowing Snow"
"-86.22","66.52","NAUJAAT A","2403491","2018-04-04 21:00","2018","04","04","21:00","-14.6","","-17.1","","81","","","","35","","45","","0.6","","101.97","","","","-28","","Snow,Blowing Snow"
"-86.22","66.52","NAUJAAT A","2403491","2018-04-04 22:00","2018","04","04","22:00"
"-86.22","66.52","NAUJAAT A","2403491","2018-04-04 23:00","2018","04","04","23:00"
"-86.22","66.52","NAUJAAT A","2403491","2018-04-05 00:00","2018","04","05","00:00"
"-86.22","66.52","NAUJAAT A","2403491","2018-04-05 01:00","2018","04","05","01:00"
"-86.22","66.52","NAUJAAT A","2403491","2018-04-05 02:00","2018","04","05","02:00"
"-86.22","66.52","NAUJAAT A","2403491","2018-04-05 03:00","2018","04","05","03:00"
"-86.22","66.52","NAUJAAT A","2403491","2018-04-05 04:00","2018","04","05","04:00"
"-86.22","66.52","NAUJAAT A","2403491","2018-04-05 05:00","2018","04","05","05:00","-19.3","","-22.2","","78","","","","35","","40","","1.0","","101.68","","","","-33","","Ice Crystals,Blowing Snow"
"-86.22","66.52","NAUJAAT A","2403491","2018-04-05 06:00","2018","04","05","06:00","-19.4","","-22.4","","77","","","","35","","49","","1.0","","101.63","","","","-34","","Ice Crystals,Blowing Snow"
"-86.22","66.52","NAUJAAT A","2403491","2018-04-05 07:00","2018","04","05","07:00","-19.4","","-22.7","","76","","","","35","","49","","0.8","","101.60","","","","-34","","Ice Crystals,Blowing Snow"
"-86.22","66.52","NAUJAAT A","2403491","2018-04-05 08:00","2018","04","05","08:00","-19.8","","-23.1","","75","","","","35","","46","","0.8","","101.57","","","","-35","","Ice Crystals,Blowing Snow"
"-86.22","66.52","NAUJAAT A","2403491","2018-04-05 09:00","2018","04","05","09:00","-19.6","","-23.0","","75","","","","35","","44","","0.8","","101.53","","","","-34","","Ice Crystals,Blowing Snow"
"-86.22","66.52","NAUJAAT A","2403491","2018-04-05 10:00","2018","04","05","10:00","-19.8","","-23.2","","75","","","","35","","50","","0.4","","101.47","","","","-35","","Ice Crystals,Blowing Snow"
"-86.22","66.52","NAUJAAT A","2403491","2018-04-05 11:00","2018","04","05","11:00","-19.5","","-23.0","","75","","","","35","","52","","0.4","","101.41","","","","-35","","Ice Crystals,Blowing Snow"
"-86.22","66.52","NAUJAAT A","2403491","2018-04-05 12:00","2018","04","05","12:00","-19.4","","-22.9","","74","","","","35","","41","","0.4","","101.43","","","","-33","","Ice Crystals,Blowing Snow"
"-86.22","66.52","NAUJAAT A","2403491","2018-04-05 13:00","2018","04","05","13:00","-19.3","","-22.8","","74","","","","35","","42","","0.6","","101.46","","","","-33","","Ice Crystals,Blowing Snow"
"-86.22","66.52","NAUJAAT A","2403491","2018-04-05 14:00","2018","04","05","14:00","-19.6","","-23.2","","74","","","","35","","45","","0.8","","101.47","","","","-34","","Ice Crystals,Blowing Snow"
"-86.22","66.52","NAUJAAT A","2403491","2018-04-05 15:00","2018","04","05","15:00","-19.4","","-22.8","","75","","","","36","","43","","0.8","","101.48","","","","-34","","Ice Crystals,Blowing Snow"
"-86.22","66.52","NAUJAAT A","2403491","2018-04-05 16:00","2018","04","05","16:00","-20.1","","-23.5","","75","","","","35","","54","","0.8","","101.42","","","","-36","","Ice Crystals,Blowing Snow"
"-86.22","66.52","NAUJAAT A","2403491","2018-04-05 17:00","2018","04","05","17:00"
"-86.22","66.52","NAUJAAT A","2403491","2018-04-05 18:00","2018","04","05","18:00"
"-86.22","66.52","NAUJAAT A","2403491","2018-04-05 19:00","2018","04","05","19:00"
"-86.22","66.52","NAUJAAT A","2403491","2018-04-05 20:00","2018","04","05","20:00"
"-86.22","66.52","NAUJAAT A","2403491","2018-04-05 21:00","2018","04","05","21:00"
"-86.22","66.52","NAUJAAT A","2403491","2018-04-05 22:00","2018","04","05","22:00"
"-86.22","66.52","NAUJAAT A","2403491","2018-04-05 23:00","2018","04","05","23:00"
"-86.22","66.52","NAUJAAT A","2403491","2018-04-06 00:00","2018","04","06","00:00"
"-86.22","66.52","NAUJAAT A","2403491","2018-04-06 01:00","2018","04","06","01:00"
"-86.22","66.52","NAUJAAT A","2403491","2018-04-06 02:00","2018","04","06","02:00"
"-86.22","66.52","NAUJAAT A","2403491","2018-04-06 03:00","2018","04","06","03:00"
"-86.22","66.52","NAUJAAT A","2403491","2018-04-06 04:00","2018","04","06","04:00"
"-86.22","66.52","NAUJAAT A","2403491","2018-04-06 05:00","2018","04","06","05:00"
"-86.22","66.52","NAUJAAT A","2403491","2018-04-06 06:00","2018","04","06","06:00","-23.3","","-26.6","","75","","","","35","","56","","0.4","","101.09","","","","-41","","Blowing Snow"
"-86.22","66.52","NAUJAAT A","2403491","2018-04-06 07:00","2018","04","06","07:00","-23.4","","-26.7","","75","","","","35","","57","","0.2","","101.11","","","","-41","","Blowing Snow"
"-86.22","66.52","NAUJAAT A","2403491","2018-04-06 08:00","2018","04","06","08:00","-23.2","","-26.6","","74","","","","35","","53","","0.4","","101.12","","","","-40","","Blowing Snow"
"-86.22","66.52","NAUJAAT A","2403491","2018-04-06 09:00","2018","04","06","09:00","-22.9","","-26.5","","73","","","","35","","59","","0.4","","101.08","","","","-40","","Blowing Snow"
"-86.22","66.52","NAUJAAT A","2403491","2018-04-06 10:00","2018","04","06","10:00","-22.4","","-26.1","","72","","","","35","","54","","0.4","","101.07","","","","-39","","Blowing Snow"
"-86.22","66.52","NAUJAAT A","2403491","2018-04-06 11:00","2018","04","06","11:00","-21.8","","-25.4","","73","","","","35","","55","","0.4","","101.01","","","","-38","","Blowing Snow"
"-86.22","66.52","NAUJAAT A","2403491","2018-04-06 12:00","2018","04","06","12:00","-21.8","","-25.6","","72","","","","36","","61","","0.4","","101.01","","","","-39","","Blowing Snow"
"-86.22","66.52","NAUJAAT A","2403491","2018-04-06 13:00","2018","04","06","13:00","-21.9","","-25.7","","72","","","","35","","60","","0.8","","101.05","","","","-39","","Blowing Snow"
"-86.22","66.52","NAUJAAT A","2403491","2018-04-06 14:00","2018","04","06","14:00","-21.7","","-25.4","","72","","","","35","","54","","0.8","","101.05","","","","-38","","Blowing Snow"
"-86.22","66.52","NAUJAAT A","2403491","2018-04-06 15:00","2018","04","06","15:00","-21.8","","-25.7","","72","","","","35","","53","","1.2","","101.08","","","","-38","","Blowing Snow"
"-86.22","66.52","NAUJAAT A","2403491","2018-04-06 16:00","2018","04","06","16:00","-21.7","","-25.4","","73","","","","35","","48","","2.4","","101.09","","","","-37","","Blowing Snow"
"-86.22","66.52","NAUJAAT A","2403491","2018-04-06 17:00","2018","04","06","17:00"
"-86.22","66.52","NAUJAAT A","2403491","2018-04-06 18:00","2018","04","06","18:00","-21.9","","-25.4","","74","","","","35","","44","","4.0","","101.10","","","","-37","","Blowing Snow"
"-86.22","66.52","NAUJAAT A","2403491","2018-04-06 19:00","2018","04","06","19:00","-22.2","","-25.6","","75","","","","35","","45","","4.0","","101.09","","","","-38","","Blowing Snow"
"-86.22","66.52","NAUJAAT A","2403491","2018-04-06 20:00","2018","04","06","20:00","-22.6","","-25.9","","74","","","","35","","48","","4.0","","101.07","","","","-39","","Blowing Snow"
"-86.22","66.52","NAUJAAT A","2403491","2018-04-06 21:00","2018","04","06","21:00","-23.0","","-26.4","","74","","","","35","","47","","4.0","","101.04","","","","-39","","Blowing Snow"
"-86.22","66.52","NAUJAAT A","2403491","2018-04-06 22:00","2018","04","06","22:00"
"-86.22","66.52","NAUJAAT A","2403491","2018-04-06 23:00","2018","04","06","23:00"
"-86.22","66.52","NAUJAAT A","2403491","2018-04-07 00:00","2018","04","07","00:00"
"-86.22","66.52","NAUJAAT A","2403491","2018-04-07 01:00","2018","04","07","01:00"
"-86.22","66.52","NAUJAAT A","2403491","2018-04-07 02:00","2018","04","07","02:00"
"-86.22","66.52","NAUJAAT A","2403491","2018-04-07 03:00","2018","04","07","03:00"
"-86.22","66.52","NAUJAAT A","2403491","2018-04-07 04:00","2018","04","07","04:00"
"-86.22","66.52","NAUJAAT A","2403491","2018-04-07 05:00","2018","04","07","05:00"
"-86.22","66.52","NAUJAAT A","2403491","2018-04-07 06:00","2018","04","07","06:00"
"-86.22","66.52","NAUJAAT A","2403491","2018-04-07 07:00","2018","04","07","07:00"
"-86.22","66.52","NAUJAAT A","2403491","2018-04-07 08:00","2018","04","07","08:00","-24.4","","-28.4","","70","","","","35","","34","","24.1","","100.92","","","","-39","","Blowing Snow"
"-86.22","66.52","NAUJAAT A","2403491","2018-04-07 09:00","2018","04","07","09:00"
"-86.22","66.52","NAUJAAT A","2403491","2018-04-07 10:00","2018","04","07","10:00","-23.1","","-27.5","","68","","","","35","","34","","24.1","","100.86","","","","-37","","Blowing Snow"
"-86.22","66.52","NAUJAAT A","2403491","2018-04-07 11:00","2018","04","07","11:00","-22.4","","-26.8","","68","","","","35","","33","","24.1","","100.83","","","","-36","","Blowing Snow"
"-86.22","66.52","NAUJAAT A","2403491","2018-04-07 12:00","2018","04","07","12:00","-21.4","","-25.9","","68","","","","35","","23","","24.1","","100.82","","","","-33","","Blowing Snow"
"-86.22","66.52","NAUJAAT A","2403491","2018-04-07 13:00","2018","04","07","13:00","-21.1","","-25.8","","67","","","","31","","7","","24.1","","100.85","","","","-27","","Blowing Snow"
"-86.22","66.52","NAUJAAT A","2403491","2018-04-07 14:00","2018","04","07","14:00","-20.7","","-25.7","","64","","","","35","","22","","24.1","","100.86","","","","-32","","Blowing Snow"
"-86.22","66.52","NAUJAAT A","2403491","2018-04-07 15:00","2018","04","07","15:00"
"-86.22","66.52","NAUJAAT A","2403491","2018-04-07 16:00","2018","04","07","16:00"
"-86.22","66.52","NAUJAAT A","2403491","2018-04-07 17:00","2018","04","07","17:00"
"-86.22","66.52","NAUJAAT A","2403491","2018-04-07 18:00","2018","04","07","18:00"
"-86.22","66.52","NAUJAAT A","2403491","2018-04-07 19:00","2018","04","07","19:00"
"-86.22","66.52","NAUJAAT A","2403491","2018-04-07 20:00","2018","04","07","20:00"
"-86.22","66.52","NAUJAAT A","2403491","2018-04-07 21:00","2018","04","07","21:00"
"-86.22","66.52","NAUJAAT A","2403491","2018-04-07 22:00","2018","04","07","22:00"
"-86.22","66.52","NAUJAAT A","2403491","2018-04-07 23:00","2018","04","07","23:00"
"-86.22","66.52","NAUJAAT A","2403491","2018-04-08 00:00","2018","04","08","00:00"
"-86.22","66.52","NAUJAAT A","2403491","2018-04-08 01:00","2018","04","08","01:00"
"-86.22","66.52","NAUJAAT A","2403491","2018-04-08 02:00","2018","04","08","02:00"
"-86.22","66.52","NAUJAAT A","2403491","2018-04-08 03:00","2018","04","08","03:00"
"-86.22","66.52","NAUJAAT A","2403491","2018-04-08 04:00","2018","04","08","04:00"
"-86.22","66.52","NAUJAAT A","2403491","2018-04-08 05:00","2018","04","08","05:00"
"-86.22","66.52","NAUJAAT A","2403491","2018-04-08 06:00","2018","04","08","06:00"
"-86.22","66.52","NAUJAAT A","2403491","2018-04-08 07:00","2018","04","08","07:00"
"-86.22","66.52","NAUJAAT A","2403491","2018-04-08 08:00","2018","04","08","08:00","-23.8","","-27.8","","70","","","","32","","9","","24.1","","100.68","","","","-31","","Ice Crystals"
"-86.22","66.52","NAUJAAT A","2403491","2018-04-08 09:00","2018","04","08","09:00","-22.9","","-27.3","","68","","","","33","","12","","24.1","","100.65","","","","-32","","Ice Crystals"
"-86.22","66.52","NAUJAAT A","2403491","2018-04-08 10:00","2018","04","08","10:00","-21.9","","-26.2","","69","","","","34","","12","","24.1","","100.63","","","","-30","","Ice Crystals"
"-86.22","66.52","NAUJAAT A","2403491","2018-04-08 11:00","2018","04","08","11:00","-21.0","","-25.8","","66","","","","32","","12","","24.1","","100.62","","","","-29","","Ice Crystals"
"-86.22","66.52","NAUJAAT A","2403491","2018-04-08 12:00","2018","04","08","12:00","-20.8","","-26.0","","64","","","","33","","15","","24.1","","100.62","","","","-30","","Ice Crystals"
"-86.22","66.52","NAUJAAT A","2403491","2018-04-08 13:00","2018","04","08","13:00","-20.6","","-25.7","","64","","","","32","","14","","24.1","","100.64","","","","-29","","Ice Crystals"
"-86.22","66.52","NAUJAAT A","2403491","2018-04-08 14:00","2018","04","08","14:00","-20.9","","-25.9","","65","","","","34","","22","","24.1","","100.67","","","","-32","","Ice Crystals"
"-86.22","66.52","NAUJAAT A","2403491","2018-04-08 15:00","2018","04","08","15:00"
"-86.22","66.52","NAUJAAT A","2403491","2018-04-08 16:00","2018","04","08","16:00"
"-86.22","66.52","NAUJAAT A","2403491","2018-04-08 17:00","2018","04","08","17:00"
"-86.22","66.52","NAUJAAT A","2403491","2018-04-08 18:00","2018","04","08","18:00"
"-86.22","66.52","NAUJAAT A","2403491","2018-04-08 19:00","2018","04","08","19:00"
"-86.22","66.52","NAUJAAT A","2403491","2018-04-08 20:00","2018","04","08","20:00"
"-86.22","66.52","NAUJAAT A","2403491","2018-04-08 21:00","2018","04","08","21:00"
"-86.22","66.52","NAUJAAT A","2403491","2018-04-08 22:00","2018","04","08","22:00"
"-86.22","66.52","NAUJAAT A","2403491","2018-04-08 23:00","2018","04","08","23:00"
"-86.22","66.52","NAUJAAT A","2403491","2018-04-09 00:00","2018","04","09","00:00"
"-86.22","66.52","NAUJAAT A","2403491","2018-04-09 01:00","2018","04","09","01:00"
"-86.22","66.52","NAUJAAT A","2403491","2018-04-09 02:00","2018","04","09","02:00"
"-86.22","66.52","NAUJAAT A","2403491","2018-04-09 03:00","2018","04","09","03:00"
"-86.22","66.52","NAUJAAT A","2403491","2018-04-09 04:00","2018","04","09","04:00"
"-86.22","66.52","NAUJAAT A","2403491","2018-04-09 05:00","2018","04","09","05:00"
"-86.22","66.52","NAUJAAT A","2403491","2018-04-09 06:00","2018","04","09","06:00","-29.7","","-34.0","","67","","","","1","","13","","24.1","","100.86","","","","-40","","Clear"
"-86.22","66.52","NAUJAAT A","2403491","2018-04-09 07:00","2018","04","09","07:00","-28.3","","-32.8","","66","","","","35","","16","","40.2","","100.86","","","","-40","","NA"
"-86.22","66.52","NAUJAAT A","2403491","2018-04-09 08:00","2018","04","09","08:00","-27.6","","-32.2","","66","","","","35","","13","","40.2","","100.85","","","","-38","","NA"
"-86.22","66.52","NAUJAAT A","2403491","2018-04-09 09:00","2018","04","09","09:00","-26.6","","-31.5","","64","","","","35","","14","","40.2","","100.86","","","","-37","","Clear"
"-86.22","66.52","NAUJAAT A","2403491","2018-04-09 10:00","2018","04","09","10:00","-26.1","","-31.0","","65","","","","34","","12","","40.2","","100.87","","","","-35","","NA"
"-86.22","66.52","NAUJAAT A","2403491","2018-04-09 11:00","2018","04","09","11:00","-25.4","","-30.6","","62","","","","32","","21","","40.2","","100.87","","","","-38","","NA"
"-86.22","66.52","NAUJAAT A","2403491","2018-04-09 12:00","2018","04","09","12:00","-24.9","","-29.6","","66","","","","33","","16","","40.2","","100.88","","","","-35","","Clear"
"-86.22","66.52","NAUJAAT A","2403491","2018-04-09 13:00","2018","04","09","13:00","-24.5","","-29.3","","65","","","","34","","17","","40.2","","100.91","","","","-35","","NA"
"-86.22","66.52","NAUJAAT A","2403491","2018-04-09 14:00","2018","04","09","14:00","-24.1","","-29.0","","65","","","","34","","16","","40.2","","100.92","","","","-34","","NA"
"-86.22","66.52","NAUJAAT A","2403491","2018-04-09 15:00","2018","04","09","15:00","-24.2","","-29.1","","65","","","","34","","19","","40.2","","100.94","","","","-36","","Clear"
"-86.22","66.52","NAUJAAT A","2403491","2018-04-09 16:00","2018","04","09","16:00","-24.5","","-29.4","","65","","","","34","","20","","40.2","","100.95","","","","-36","","NA"
"-86.22","66.52","NAUJAAT A","2403491","2018-04-09 17:00","2018","04","09","17:00"
"-86.22","66.52","NAUJAAT A","2403491","2018-04-09 18:00","2018","04","09","18:00"
"-86.22","66.52","NAUJAAT A","2403491","2018-04-09 19:00","2018","04","09","19:00"
"-86.22","66.52","NAUJAAT A","2403491","2018-04-09 20:00","2018","04","09","20:00"
"-86.22","66.52","NAUJAAT A","2403491","2018-04-09 21:00","2018","04","09","21:00"
"-86.22","66.52","NAUJAAT A","2403491","2018-04-09 22:00","2018","04","09","22:00"
"-86.22","66.52","NAUJAAT A","2403491","2018-04-09 23:00","2018","04","09","23:00"
"-86.22","66.52","NAUJAAT A","2403491","2018-04-10 00:00","2018","04","10","00:00"
"-86.22","66.52","NAUJAAT A","2403491","2018-04-10 01:00","2018","04","10","01:00"
"-86.22","66.52","NAUJAAT A","2403491","2018-04-10 02:00","2018","04","10","02:00"
"-86.22","66.52","NAUJAAT A","2403491","2018-04-10 03:00","2018","04","10","03:00"
"-86.22","66.52","NAUJAAT A","2403491","2018-04-10 04:00","2018","04","10","04:00"
"-86.22","66.52","NAUJAAT A","2403491","2018-04-10 05:00","2018","04","10","05:00"
"-86.22","66.52","NAUJAAT A","2403491","2018-04-10 06:00","2018","04","10","06:00","-30.8","","-34.5","","71","","","","29","","5","","40.2","","100.64","","","","-37","","Clear"
"-86.22","66.52","NAUJAAT A","2403491","2018-04-10 07:00","2018","04","10","07:00","-30.2","","-34.1","","70","","","","30","","8","","40.2","","100.62","","","","-38","","NA"
"-86.22","66.52","NAUJAAT A","2403491","2018-04-10 08:00","2018","04","10","08:00","-29.2","","-33.2","","69","","","","29","","11","","40.2","","100.58","","","","-39","","NA"
"-86.22","66.52","NAUJAAT A","2403491","2018-04-10 09:00","2018","04","10","09:00","-28.2","","-32.3","","68","","","","33","","12","","40.2","","100.54","","","","-38","","Clear"
"-86.22","66.52","NAUJAAT A","2403491","2018-04-10 10:00","2018","04","10","10:00","-27.2","","-31.5","","68","","","","34","","13","","40.2","","100.52","","","","-37","","NA"
"-86.22","66.52","NAUJAAT A","2403491","2018-04-10 11:00","2018","04","10","11:00","-26.4","","-30.6","","68","","","","29","","8","","40.2","","100.48","","","","-34","","NA"
"-86.22","66.52","NAUJAAT A","2403491","2018-04-10 12:00","2018","04","10","12:00","-25.7","","-30.1","","67","","","","33","","7","","40.2","","100.45","","","","-32","","Clear"
"-86.22","66.52","NAUJAAT A","2403491","2018-04-10 13:00","2018","04","10","13:00","-25.4","","-30.0","","66","","","","34","","10","","40.2","","100.47","","","","-34","","NA"
"-86.22","66.52","NAUJAAT A","2403491","2018-04-10 14:00","2018","04","10","14:00","-25.2","","-29.9","","66","","","","31","","7","","40.2","","100.45","","","","-32","","NA"
"-86.22","66.52","NAUJAAT A","2403491","2018-04-10 15:00","2018","04","10","15:00","-25.0","","-29.8","","65","","","","33","","5","","40.2","","100.45","","","","-30","","Clear"
"-86.22","66.52","NAUJAAT A","2403491","2018-04-10 16:00","2018","04","10","16:00","-25.0","","-29.8","","65","","","","32","","5","","40.2","","100.46","","","","-30","","NA"
"-86.22","66.52","NAUJAAT A","2403491","2018-04-10 17:00","2018","04","10","17:00"
"-86.22","66.52","NAUJAAT A","2403491","2018-04-10 18:00","2018","04","10","18:00"
"-86.22","66.52","NAUJAAT A","2403491","2018-04-10 19:00","2018","04","10","19:00"
"-86.22","66.52","NAUJAAT A","2403491","2018-04-10 20:00","2018","04","10","20:00"
"-86.22","66.52","NAUJAAT A","2403491","2018-04-10 21:00","2018","04","10","21:00"
"-86.22","66.52","NAUJAAT A","2403491","2018-04-10 22:00","2018","04","10","22:00"
"-86.22","66.52","NAUJAAT A","2403491","2018-04-10 23:00","2018","04","10","23:00"
"-86.22","66.52","NAUJAAT A","2403491","2018-04-11 00:00","2018","04","11","00:00"
"-86.22","66.52","NAUJAAT A","2403491","2018-04-11 01:00","2018","04","11","01:00"
"-86.22","66.52","NAUJAAT A","2403491","2018-04-11 02:00","2018","04","11","02:00"
"-86.22","66.52","NAUJAAT A","2403491","2018-04-11 03:00","2018","04","11","03:00"
"-86.22","66.52","NAUJAAT A","2403491","2018-04-11 04:00","2018","04","11","04:00"
"-86.22","66.52","NAUJAAT A","2403491","2018-04-11 05:00","2018","04","11","05:00"
"-86.22","66.52","NAUJAAT A","2403491","2018-04-11 06:00","2018","04","11","06:00","-29.5","","-33.4","","70","","","","1","","18","","40.2","","100.59","","","","-42","","Clear"
"-86.22","66.52","NAUJAAT A","2403491","2018-04-11 07:00","2018","04","11","07:00","-29.2","","-33.4","","68","","","","1","","21","","40.2","","100.61","","","","-42","","NA"
"-86.22","66.52","NAUJAAT A","2403491","2018-04-11 08:00","2018","04","11","08:00","-28.3","","-32.6","","67","","","","1","","18","","40.2","","100.61","","","","-40","","NA"
"-86.22","66.52","NAUJAAT A","2403491","2018-04-11 09:00","2018","04","11","09:00","-26.9","","-31.4","","67","","","","1","","19","","40.2","","100.61","","","","-39","","Clear"
"-86.22","66.52","NAUJAAT A","2403491","2018-04-11 10:00","2018","04","11","10:00","-26.0","","-30.6","","66","","","","1","","22","","40.2","","100.62","","","","-39","","NA"
"-86.22","66.52","NAUJAAT A","2403491","2018-04-11 11:00","2018","04","11","11:00","-24.9","","-29.5","","66","","","","36","","21","","40.2","","100.63","","","","-37","","NA"
"-86.22","66.52","NAUJAAT A","2403491","2018-04-11 12:00","2018","04","11","12:00","-24.0","","-28.7","","66","","","","35","","16","","40.2","","100.64","","","","-34","","Clear"
"-86.22","66.52","NAUJAAT A","2403491","2018-04-11 13:00","2018","04","11","13:00","-22.2","","-27.4","","63","","","","4","","13","","40.2","","100.65","","","","-31","","NA"
"-86.22","66.52","NAUJAAT A","2403491","2018-04-11 14:00","2018","04","11","14:00","-21.9","","-27.1","","63","","","","2","","18","","40.2","","100.67","","","","-32","","NA"
"-86.22","66.52","NAUJAAT A","2403491","2018-04-11 15:00","2018","04","11","15:00","-22.0","","-27.3","","63","","","","4","","16","","40.2","","100.70","","","","-32","","Mainly Clear"
"-86.22","66.52","NAUJAAT A","2403491","2018-04-11 16:00","2018","04","11","16:00","-22.2","","-27.3","","64","","","","4","","18","","40.2","","100.72","","","","-33","","NA"
"-86.22","66.52","NAUJAAT A","2403491","2018-04-11 17:00","2018","04","11","17:00"
"-86.22","66.52","NAUJAAT A","2403491","2018-04-11 18:00","2018","04","11","18:00"
"-86.22","66.52","NAUJAAT A","2403491","2018-04-11 19:00","2018","04","11","19:00"
"-86.22","66.52","NAUJAAT A","2403491","2018-04-11 20:00","2018","04","11","20:00"
"-86.22","66.52","NAUJAAT A","2403491","2018-04-11 21:00","2018","04","11","21:00"
"-86.22","66.52","NAUJAAT A","2403491","2018-04-11 22:00","2018","04","11","22:00"
"-86.22","66.52","NAUJAAT A","2403491","2018-04-11 23:00","2018","04","11","23:00"
"-86.22","66.52","NAUJAAT A","2403491","2018-04-12 00:00","2018","04","12","00:00","-24.3","","-28.9","","67","","","","3","","26","","40.2","","100.87","","","","-37","","Mostly Cloudy"
"-86.22","66.52","NAUJAAT A","2403491","2018-04-12 01:00","2018","04","12","01:00","-24.4","","-28.7","","68","","","","2","","21","","40.2","","100.91","","","","-36","","NA"
"-86.22","66.52","NAUJAAT A","2403491","2018-04-12 02:00","2018","04","12","02:00","-24.3","","-28.6","","68","","","","2","","26","","40.2","","100.91","","","","-37","","NA"
"-86.22","66.52","NAUJAAT A","2403491","2018-04-12 03:00","2018","04","12","03:00","-24.7","","-28.6","","70","","","","1","","28","","40.2","","100.94","","","","-38","","Mainly Clear"
"-86.22","66.52","NAUJAAT A","2403491","2018-04-12 04:00","2018","04","12","04:00"
"-86.22","66.52","NAUJAAT A","2403491","2018-04-12 05:00","2018","04","12","05:00"
"-86.22","66.52","NAUJAAT A","2403491","2018-04-12 06:00","2018","04","12","06:00","-23.9","","-28.0","","70","","","","2","","28","","24.1","","101.07","","","","-37","","Mainly Clear"
"-86.22","66.52","NAUJAAT A","2403491","2018-04-12 07:00","2018","04","12","07:00","-22.7","","-26.9","","69","","","","2","","26","","24.1","","101.11","","","","-35","","NA"
"-86.22","66.52","NAUJAAT A","2403491","2018-04-12 08:00","2018","04","12","08:00","-22.6","","-26.8","","69","","","","1","","25","","24.1","","101.15","","","","-35","","NA"
"-86.22","66.52","NAUJAAT A","2403491","2018-04-12 09:00","2018","04","12","09:00","-21.6","","-25.7","","70","","","","2","","27","","24.1","","101.19","","","","-34","","Blowing Snow"
"-86.22","66.52","NAUJAAT A","2403491","2018-04-12 10:00","2018","04","12","10:00","-21.1","","-25.2","","70","","","","1","","25","","24.1","","101.23","","","","-33","","NA"
"-86.22","66.52","NAUJAAT A","2403491","2018-04-12 11:00","2018","04","12","11:00","-20.7","","-24.8","","70","","","","1","","30","","24.1","","101.27","","","","-33","","Blowing Snow"
"-86.22","66.52","NAUJAAT A","2403491","2018-04-12 12:00","2018","04","12","12:00","-18.8","","-22.8","","71","","","","2","","29","","24.1","","101.32","","","","-31","","Blowing Snow"
"-86.22","66.52","NAUJAAT A","2403491","2018-04-12 13:00","2018","04","12","13:00","-18.0","","-22.0","","71","","","","1","","24","","40.2","","101.37","","","","-29","","NA"
"-86.22","66.52","NAUJAAT A","2403491","2018-04-12 14:00","2018","04","12","14:00","-18.2","","-22.3","","71","","","","1","","27","","40.2","","101.41","","","","-30","","NA"
"-86.22","66.52","NAUJAAT A","2403491","2018-04-12 15:00","2018","04","12","15:00","-19.5","","-23.5","","71","","","","36","","25","","40.2","","101.46","","","","-31","","Mainly Clear"
"-86.22","66.52","NAUJAAT A","2403491","2018-04-12 16:00","2018","04","12","16:00","-20.0","","-24.1","","70","","","","35","","30","","40.2","","101.51","","","","-33","","Blowing Snow"
"-86.22","66.52","NAUJAAT A","2403491","2018-04-12 17:00","2018","04","12","17:00"
"-86.22","66.52","NAUJAAT A","2403491","2018-04-12 18:00","2018","04","12","18:00"
"-86.22","66.52","NAUJAAT A","2403491","2018-04-12 19:00","2018","04","12","19:00"
"-86.22","66.52","NAUJAAT A","2403491","2018-04-12 20:00","2018","04","12","20:00"
"-86.22","66.52","NAUJAAT A","2403491","2018-04-12 21:00","2018","04","12","21:00"
"-86.22","66.52","NAUJAAT A","2403491","2018-04-12 22:00","2018","04","12","22:00"
"-86.22","66.52","NAUJAAT A","2403491","2018-04-12 23:00","2018","04","12","23:00"
"-86.22","66.52","NAUJAAT A","2403491","2018-04-13 00:00","2018","04","13","00:00"
"-86.22","66.52","NAUJAAT A","2403491","2018-04-13 01:00","2018","04","13","01:00"
"-86.22","66.52","NAUJAAT A","2403491","2018-04-13 02:00","2018","04","13","02:00"
"-86.22","66.52","NAUJAAT A","2403491","2018-04-13 03:00","2018","04","13","03:00"
"-86.22","66.52","NAUJAAT A","2403491","2018-04-13 04:00","2018","04","13","04:00"
"-86.22","66.52","NAUJAAT A","2403491","2018-04-13 05:00","2018","04","13","05:00"
"-86.22","66.52","NAUJAAT A","2403491","2018-04-13 06:00","2018","04","13","06:00"
"-86.22","66.52","NAUJAAT A","2403491","2018-04-13 07:00","2018","04","13","07:00","-22.2","","-27.3","","64","","","","35","","14","","40.2","","102.12","","","","-31","","NA"
"-86.22","66.52","NAUJAAT A","2403491","2018-04-13 08:00","2018","04","13","08:00","-22.1","","-27.0","","65","","","","1","","14","","40.2","","102.14","","","","-31","","NA"
"-86.22","66.52","NAUJAAT A","2403491","2018-04-13 09:00","2018","04","13","09:00","-20.4","","-25.4","","65","","","","33","","12","","40.2","","102.15","","","","-29","","Mainly Clear"
"-86.22","66.52","NAUJAAT A","2403491","2018-04-13 10:00","2018","04","13","10:00","-19.0","","-24.0","","65","","","","32","","14","","40.2","","102.16","","","","-28","","NA"
"-86.22","66.52","NAUJAAT A","2403491","2018-04-13 11:00","2018","04","13","11:00","-17.9","","-23.1","","64","","","","32","","13","","40.2","","102.15","","","","-26","","NA"
"-86.22","66.52","NAUJAAT A","2403491","2018-04-13 12:00","2018","04","13","12:00","-17.2","","-22.4","","65","","","","31","","12","","40.2","","102.15","","","","-25","","Mainly Clear"
"-86.22","66.52","NAUJAAT A","2403491","2018-04-13 13:00","2018","04","13","13:00","-16.7","","-21.8","","65","","","","33","","10","","40.2","","102.14","","","","-23","","NA"
"-86.22","66.52","NAUJAAT A","2403491","2018-04-13 14:00","2018","04","13","14:00","-16.4","","-21.4","","66","","","","33","","12","","40.2","","102.16","","","","-24","","NA"
"-86.22","66.52","NAUJAAT A","2403491","2018-04-13 15:00","2018","04","13","15:00","-16.0","","-21.1","","66","","","","32","","4","","40.2","","102.18","","","","-19","","Mainly Clear"
"-86.22","66.52","NAUJAAT A","2403491","2018-04-13 16:00","2018","04","13","16:00","-16.1","","-21.6","","63","","","","33","","8","","40.2","","102.18","","","","-22","","NA"
"-86.22","66.52","NAUJAAT A","2403491","2018-04-13 17:00","2018","04","13","17:00"
"-86.22","66.52","NAUJAAT A","2403491","2018-04-13 18:00","2018","04","13","18:00"
"-86.22","66.52","NAUJAAT A","2403491","2018-04-13 19:00","2018","04","13","19:00"
"-86.22","66.52","NAUJAAT A","2403491","2018-04-13 20:00","2018","04","13","20:00"
"-86.22","66.52","NAUJAAT A","2403491","2018-04-13 21:00","2018","04","13","21:00"
"-86.22","66.52","NAUJAAT A","2403491","2018-04-13 22:00","2018","04","13","22:00"
"-86.22","66.52","NAUJAAT A","2403491","2018-04-13 23:00","2018","04","13","23:00"
"-86.22","66.52","NAUJAAT A","2403491","2018-04-14 00:00","2018","04","14","00:00"
"-86.22","66.52","NAUJAAT A","2403491","2018-04-14 01:00","2018","04","14","01:00"
"-86.22","66.52","NAUJAAT A","2403491","2018-04-14 02:00","2018","04","14","02:00"
"-86.22","66.52","NAUJAAT A","2403491","2018-04-14 03:00","2018","04","14","03:00"
"-86.22","66.52","NAUJAAT A","2403491","2018-04-14 04:00","2018","04","14","04:00"
"-86.22","66.52","NAUJAAT A","2403491","2018-04-14 05:00","2018","04","14","05:00","-22.0","","-25.7","","73","","","","8","","3","","40.2","","101.88","","","","-25","","NA"
"-86.22","66.52","NAUJAAT A","2403491","2018-04-14 06:00","2018","04","14","06:00","-21.2","","-24.9","","73","","","","36","","2","","80.5","","101.88","","","","-23","","Mainly Clear"
"-86.22","66.52","NAUJAAT A","2403491","2018-04-14 07:00","2018","04","14","07:00","-20.7","","-24.8","","70","","","","4","","3","","40.2","","101.88","","","","-23","","NA"
"-86.22","66.52","NAUJAAT A","2403491","2018-04-14 08:00","2018","04","14","08:00","-18.6","","-23.0","","68","","","","12","","7","","80.5","","101.85","","","","-24","","NA"
"-86.22","66.52","NAUJAAT A","2403491","2018-04-14 09:00","2018","04","14","09:00","-17.3","","-21.8","","68","","","","10","","10","","40.2","","101.85","","","","-24","","Mostly Cloudy"
"-86.22","66.52","NAUJAAT A","2403491","2018-04-14 10:00","2018","04","14","10:00","-16.4","","-21.0","","68","","","","11","","5","","40.2","","101.88","","","","-20","","NA"
"-86.22","66.52","NAUJAAT A","2403491","2018-04-14 11:00","2018","04","14","11:00","-15.1","","-19.9","","67","","","","10","","7","","40.2","","101.85","","","","-20","","NA"
"-86.22","66.52","NAUJAAT A","2403491","2018-04-14 12:00","2018","04","14","12:00","-14.2","","-18.8","","69","","","","12","","6","","40.2","","101.86","","","","-18","","Mostly Cloudy"
"-86.22","66.52","NAUJAAT A","2403491","2018-04-14 13:00","2018","04","14","13:00","-12.9","","-17.8","","68","","","","10","","4","","40.2","","101.86","","","","-16","","NA"
"-86.22","66.52","NAUJAAT A","2403491","2018-04-14 14:00","2018","04","14","14:00","-12.5","","-17.5","","67","","","","11","","7","","40.2","","101.89","","","","-17","","NA"
"-86.22","66.52","NAUJAAT A","2403491","2018-04-14 15:00","2018","04","14","15:00"
"-86.22","66.52","NAUJAAT A","2403491","2018-04-14 16:00","2018","04","14","16:00"
"-86.22","66.52","NAUJAAT A","2403491","2018-04-14 17:00","2018","04","14","17:00"
"-86.22","66.52","NAUJAAT A","2403491","2018-04-14 18:00","2018","04","14","18:00"
"-86.22","66.52","NAUJAAT A","2403491","2018-04-14 19:00","2018","04","14","19:00"
"-86.22","66.52","NAUJAAT A","2403491","2018-04-14 20:00","2018","04","14","20:00"
"-86.22","66.52","NAUJAAT A","2403491","2018-04-14 21:00","2018","04","14","21:00"
"-86.22","66.52","NAUJAAT A","2403491","2018-04-14 22:00","2018","04","14","22:00"
"-86.22","66.52","NAUJAAT A","2403491","2018-04-14 23:00","2018","04","14","23:00"
"-86.22","66.52","NAUJAAT A","2403491","2018-04-15 00:00","2018","04","15","00:00"
"-86.22","66.52","NAUJAAT A","2403491","2018-04-15 01:00","2018","04","15","01:00"
"-86.22","66.52","NAUJAAT A","2403491","2018-04-15 02:00","2018","04","15","02:00"
"-86.22","66.52","NAUJAAT A","2403491","2018-04-15 03:00","2018","04","15","03:00"
"-86.22","66.52","NAUJAAT A","2403491","2018-04-15 04:00","2018","04","15","04:00"
"-86.22","66.52","NAUJAAT A","2403491","2018-04-15 05:00","2018","04","15","05:00"
"-86.22","66.52","NAUJAAT A","2403491","2018-04-15 06:00","2018","04","15","06:00"
"-86.22","66.52","NAUJAAT A","2403491","2018-04-15 07:00","2018","04","15","07:00"
"-86.22","66.52","NAUJAAT A","2403491","2018-04-15 08:00","2018","04","15","08:00","-13.8","","-15.8","","86","","","","11","","16","","4.8","","102.31","","","","-22","","Fog"
"-86.22","66.52","NAUJAAT A","2403491","2018-04-15 09:00","2018","04","15","09:00","-13.2","","-15.0","","86","","","","12","","14","","0.4","","102.29","","","","-20","","Freezing Fog"
"-86.22","66.52","NAUJAAT A","2403491","2018-04-15 10:00","2018","04","15","10:00","-12.4","","-14.4","","85","","","","14","","15","","40.2","","102.27","","","","-20","","NA"
"-86.22","66.52","NAUJAAT A","2403491","2018-04-15 11:00","2018","04","15","11:00","-10.6","","-12.5","","86","","","","15","","23","","19.3","","102.27","","","","-19","","Snow Showers"
"-86.22","66.52","NAUJAAT A","2403491","2018-04-15 12:00","2018","04","15","12:00","-10.2","","-12.5","","83","","","","14","","21","","40.2","","102.25","","","","-18","","Mainly Clear"
"-86.22","66.52","NAUJAAT A","2403491","2018-04-15 13:00","2018","04","15","13:00","-9.4","","-12.5","","78","","","","14","","18","","40.2","","102.24","","","","-17","","NA"
"-86.22","66.52","NAUJAAT A","2403491","2018-04-15 14:00","2018","04","15","14:00","-8.9","","-12.9","","73","","","","15","","15","","40.2","","102.22","","","","-15","","NA"
"-86.22","66.52","NAUJAAT A","2403491","2018-04-15 15:00","2018","04","15","15:00"
"-86.22","66.52","NAUJAAT A","2403491","2018-04-15 16:00","2018","04","15","16:00"
"-86.22","66.52","NAUJAAT A","2403491","2018-04-15 17:00","2018","04","15","17:00"
"-86.22","66.52","NAUJAAT A","2403491","2018-04-15 18:00","2018","04","15","18:00"
"-86.22","66.52","NAUJAAT A","2403491","2018-04-15 19:00","2018","04","15","19:00"
"-86.22","66.52","NAUJAAT A","2403491","2018-04-15 20:00","2018","04","15","20:00"
"-86.22","66.52","NAUJAAT A","2403491","2018-04-15 21:00","2018","04","15","21:00"
"-86.22","66.52","NAUJAAT A","2403491","2018-04-15 22:00","2018","04","15","22:00"
"-86.22","66.52","NAUJAAT A","2403491","2018-04-15 23:00","2018","04","15","23:00"
"-86.22","66.52","NAUJAAT A","2403491","2018-04-16 00:00","2018","04","16","00:00"
"-86.22","66.52","NAUJAAT A","2403491","2018-04-16 01:00","2018","04","16","01:00"
"-86.22","66.52","NAUJAAT A","2403491","2018-04-16 02:00","2018","04","16","02:00"
"-86.22","66.52","NAUJAAT A","2403491","2018-04-16 03:00","2018","04","16","03:00"
"-86.22","66.52","NAUJAAT A","2403491","2018-04-16 04:00","2018","04","16","04:00"
"-86.22","66.52","NAUJAAT A","2403491","2018-04-16 05:00","2018","04","16","05:00"
"-86.22","66.52","NAUJAAT A","2403491","2018-04-16 06:00","2018","04","16","06:00","-14.9","","-17.0","","85","","","","12","","3","","40.2","","102.08","","","","-17","","Mainly Clear"
"-86.22","66.52","NAUJAAT A","2403491","2018-04-16 07:00","2018","04","16","07:00","-15.5","","-17.8","","83","","","","1","","4","","40.2","","102.10","","","","-18","","NA"
"-86.22","66.52","NAUJAAT A","2403491","2018-04-16 08:00","2018","04","16","08:00","-13.8","","-16.5","","81","","","","32","","3","","40.2","","102.08","","","","-16","","NA"
"-86.22","66.52","NAUJAAT A","2403491","2018-04-16 09:00","2018","04","16","09:00","-13.7","","-16.4","","81","","","","36","","1","","40.2","","102.11","","","","-14","","Cloudy"
"-86.22","66.52","NAUJAAT A","2403491","2018-04-16 10:00","2018","04","16","10:00","-11.4","","-14.4","","78","","","","35","","11","","40.2","","102.13","","","","-17","","NA"
"-86.22","66.52","NAUJAAT A","2403491","2018-04-16 11:00","2018","04","16","11:00","-10.4","","-13.5","","78","","","","35","","25","","19.3","","102.11","","","","-19","","Snow Grains,Blowing Snow"
"-86.22","66.52","NAUJAAT A","2403491","2018-04-16 12:00","2018","04","16","12:00","-10.3","","-13.6","","77","","","","35","","25","","12.9","","102.12","","","","-19","","Snow Grains,Blowing Snow"
"-86.22","66.52","NAUJAAT A","2403491","2018-04-16 13:00","2018","04","16","13:00","-11.1","","-14.3","","77","","","","36","","28","","9.7","","102.12","","","","-21","","Snow Showers,Blowing Snow"
"-86.22","66.52","NAUJAAT A","2403491","2018-04-16 14:00","2018","04","16","14:00","-10.9","","-14.2","","76","","","","34","","25","","16.1","","102.12","","","","-20","","Snow Showers,Blowing Snow"
"-86.22","66.52","NAUJAAT A","2403491","2018-04-16 15:00","2018","04","16","15:00","-11.5","","-14.9","","76","","","","35","","32","","19.3","","102.16","","","","-22","","Snow Showers,Blowing Snow"
"-86.22","66.52","NAUJAAT A","2403491","2018-04-16 16:00","2018","04","16","16:00","-12.3","","-15.4","","78","","","","35","","32","","24.1","","102.18","","","","-23","","Snow Showers,Blowing Snow"
"-86.22","66.52","NAUJAAT A","2403491","2018-04-16 17:00","2018","04","16","17:00"
"-86.22","66.52","NAUJAAT A","2403491","2018-04-16 18:00","2018","04","16","18:00"
"-86.22","66.52","NAUJAAT A","2403491","2018-04-16 19:00","2018","04","16","19:00"
"-86.22","66.52","NAUJAAT A","2403491","2018-04-16 20:00","2018","04","16","20:00"
"-86.22","66.52","NAUJAAT A","2403491","2018-04-16 21:00","2018","04","16","21:00"
"-86.22","66.52","NAUJAAT A","2403491","2018-04-16 22:00","2018","04","16","22:00"
"-86.22","66.52","NAUJAAT A","2403491","2018-04-16 23:00","2018","04","16","23:00"
"-86.22","66.52","NAUJAAT A","2403491","2018-04-17 00:00","2018","04","17","00:00"
"-86.22","66.52","NAUJAAT A","2403491","2018-04-17 01:00","2018","04","17","01:00"
"-86.22","66.52","NAUJAAT A","2403491","2018-04-17 02:00","2018","04","17","02:00"
"-86.22","66.52","NAUJAAT A","2403491","2018-04-17 03:00","2018","04","17","03:00"
"-86.22","66.52","NAUJAAT A","2403491","2018-04-17 04:00","2018","04","17","04:00"
"-86.22","66.52","NAUJAAT A","2403491","2018-04-17 05:00","2018","04","17","05:00"
"-86.22","66.52","NAUJAAT A","2403491","2018-04-17 06:00","2018","04","17","06:00"
"-86.22","66.52","NAUJAAT A","2403491","2018-04-17 07:00","2018","04","17","07:00","-20.1","","-24.1","","71","","","","36","","38","","20.9","","102.65","","","","-34","","Blowing Snow"
"-86.22","66.52","NAUJAAT A","2403491","2018-04-17 08:00","2018","04","17","08:00","-19.2","","-23.3","","71","","","","36","","35","","24.1","","102.67","","","","-32","","Blowing Snow"
"-86.22","66.52","NAUJAAT A","2403491","2018-04-17 09:00","2018","04","17","09:00","-18.4","","-22.5","","70","","","","36","","31","","24.1","","102.68","","","","-31","","Blowing Snow"
"-86.22","66.52","NAUJAAT A","2403491","2018-04-17 10:00","2018","04","17","10:00","-17.6","","-21.9","","70","","","","36","","30","","24.1","","102.69","","","","-29","","Ice Crystals,Blowing Snow"
"-86.22","66.52","NAUJAAT A","2403491","2018-04-17 11:00","2018","04","17","11:00","-17.2","","-21.6","","69","","","","33","","16","","24.1","","102.74","","","","-26","","Ice Crystals,Blowing Snow"
"-86.22","66.52","NAUJAAT A","2403491","2018-04-17 12:00","2018","04","17","12:00","-16.4","","-21.0","","68","","","","33","","9","","24.1","","102.78","","","","-22","","Ice Crystals,Blowing Snow"
"-86.22","66.52","NAUJAAT A","2403491","2018-04-17 13:00","2018","04","17","13:00","-15.6","","-20.4","","67","","","","33","","9","","24.1","","102.80","","","","-22","","Ice Crystals"
"-86.22","66.52","NAUJAAT A","2403491","2018-04-17 14:00","2018","04","17","14:00","-15.3","","-20.2","","67","","","","32","","11","","24.1","","102.86","","","","-22","","Ice Crystals"
"-86.22","66.52","NAUJAAT A","2403491","2018-04-17 15:00","2018","04","17","15:00","-15.2","","-20.1","","66","","","","34","","15","","24.1","","102.86","","","","-23","","Ice Crystals"
"-86.22","66.52","NAUJAAT A","2403491","2018-04-17 16:00","2018","04","17","16:00","-15.7","","-20.2","","69","","","","35","","25","","24.1","","102.87","","","","-26","","Ice Crystals,Blowing Snow"
"-86.22","66.52","NAUJAAT A","2403491","2018-04-17 17:00","2018","04","17","17:00"
"-86.22","66.52","NAUJAAT A","2403491","2018-04-17 18:00","2018","04","17","18:00"
"-86.22","66.52","NAUJAAT A","2403491","2018-04-17 19:00","2018","04","17","19:00"
"-86.22","66.52","NAUJAAT A","2403491","2018-04-17 20:00","2018","04","17","20:00"
"-86.22","66.52","NAUJAAT A","2403491","2018-04-17 21:00","2018","04","17","21:00"
"-86.22","66.52","NAUJAAT A","2403491","2018-04-17 22:00","2018","04","17","22:00"
"-86.22","66.52","NAUJAAT A","2403491","2018-04-17 23:00","2018","04","17","23:00"
"-86.22","66.52","NAUJAAT A","2403491","2018-04-18 00:00","2018","04","18","00:00"
"-86.22","66.52","NAUJAAT A","2403491","2018-04-18 01:00","2018","04","18","01:00"
"-86.22","66.52","NAUJAAT A","2403491","2018-04-18 02:00","2018","04","18","02:00"
"-86.22","66.52","NAUJAAT A","2403491","2018-04-18 03:00","2018","04","18","03:00"
"-86.22","66.52","NAUJAAT A","2403491","2018-04-18 04:00","2018","04","18","04:00"
"-86.22","66.52","NAUJAAT A","2403491","2018-04-18 05:00","2018","04","18","05:00"
"-86.22","66.52","NAUJAAT A","2403491","2018-04-18 06:00","2018","04","18","06:00","-20.6","","-23.9","","76","","","","36","","2","","24.1","","102.92","","","","-22","","Mostly Cloudy"
"-86.22","66.52","NAUJAAT A","2403491","2018-04-18 07:00","2018","04","18","07:00","-20.0","","-23.7","","73","","","","36","","3","","24.1","","102.93","","","","-23","","NA"
"-86.22","66.52","NAUJAAT A","2403491","2018-04-18 08:00","2018","04","18","08:00","-16.8","","-20.4","","74","","","","12","","9","","24.1","","102.86","","","","-23","","NA"
"-86.22","66.52","NAUJAAT A","2403491","2018-04-18 09:00","2018","04","18","09:00","-15.8","","-19.4","","74","","","","12","","15","","24.1","","102.80","","","","-24","","Mostly Cloudy"
"-86.22","66.52","NAUJAAT A","2403491","2018-04-18 10:00","2018","04","18","10:00","-13.7","","-16.9","","77","","","","11","","17","","24.1","","102.73","","","","-22","","NA"
"-86.22","66.52","NAUJAAT A","2403491","2018-04-18 11:00","2018","04","18","11:00","-11.8","","-14.8","","79","","","","14","","19","","24.1","","102.68","","","","-20","","NA"
"-86.22","66.52","NAUJAAT A","2403491","2018-04-18 12:00","2018","04","18","12:00","-11.4","","-14.2","","80","","","","15","","28","","24.1","","102.64","","","","-21","","Mostly Cloudy"
"-86.22","66.52","NAUJAAT A","2403491","2018-04-18 13:00","2018","04","18","13:00","-11.8","","-14.8","","79","","","","15","","25","","24.1","","102.58","","","","-21","","NA"
"-86.22","66.52","NAUJAAT A","2403491","2018-04-18 14:00","2018","04","18","14:00","-11.7","","-14.2","","82","","","","15","","28","","24.1","","102.52","","","","-21","","NA"
"-86.22","66.52","NAUJAAT A","2403491","2018-04-18 15:00","2018","04","18","15:00","-11.1","","-13.6","","82","","","","15","","33","","24.1","","102.45","","","","-21","","Mostly Cloudy"
"-86.22","66.52","NAUJAAT A","2403491","2018-04-18 16:00","2018","04","18","16:00","-10.4","","-12.7","","84","","","","16","","33","","24.1","","102.35","","","","-20","","NA"
"-86.22","66.52","NAUJAAT A","2403491","2018-04-18 17:00","2018","04","18","17:00"
"-86.22","66.52","NAUJAAT A","2403491","2018-04-18 18:00","2018","04","18","18:00"
"-86.22","66.52","NAUJAAT A","2403491","2018-04-18 19:00","2018","04","18","19:00"
"-86.22","66.52","NAUJAAT A","2403491","2018-04-18 20:00","2018","04","18","20:00"
"-86.22","66.52","NAUJAAT A","2403491","2018-04-18 21:00","2018","04","18","21:00"
"-86.22","66.52","NAUJAAT A","2403491","2018-04-18 22:00","2018","04","18","22:00"
"-86.22","66.52","NAUJAAT A","2403491","2018-04-18 23:00","2018","04","18","23:00"
"-86.22","66.52","NAUJAAT A","2403491","2018-04-19 00:00","2018","04","19","00:00"
"-86.22","66.52","NAUJAAT A","2403491","2018-04-19 01:00","2018","04","19","01:00"
"-86.22","66.52","NAUJAAT A","2403491","2018-04-19 02:00","2018","04","19","02:00"
"-86.22","66.52","NAUJAAT A","2403491","2018-04-19 03:00","2018","04","19","03:00"
"-86.22","66.52","NAUJAAT A","2403491","2018-04-19 04:00","2018","04","19","04:00"
"-86.22","66.52","NAUJAAT A","2403491","2018-04-19 05:00","2018","04","19","05:00"
"-86.22","66.52","NAUJAAT A","2403491","2018-04-19 06:00","2018","04","19","06:00","-9.8","","-12.0","","84","","","","16","","34","","24.1","","101.37","","","","-20","","Cloudy"
"-86.22","66.52","NAUJAAT A","2403491","2018-04-19 07:00","2018","04","19","07:00","-9.1","","-11.6","","82","","","","16","","32","","24.1","","101.38","","","","-19","","NA"
"-86.22","66.52","NAUJAAT A","2403491","2018-04-19 08:00","2018","04","19","08:00","-9.5","","-11.8","","83","","","","12","","27","","24.1","","101.35","","","","-18","","NA"
"-86.22","66.52","NAUJAAT A","2403491","2018-04-19 09:00","2018","04","19","09:00","-9.1","","-11.5","","83","","","","15","","35","","8.1","","101.28","","","","-19","","Snow Showers,Blowing Snow"
"-86.22","66.52","NAUJAAT A","2403491","2018-04-19 10:00","2018","04","19","10:00","-8.7","","-10.7","","85","","","","14","","26","","4.8","","101.26","","","","-17","","Snow Showers,Blowing Snow"
"-86.22","66.52","NAUJAAT A","2403491","2018-04-19 11:00","2018","04","19","11:00","-8.4","","-10.3","","87","","","","16","","28","","4.8","","101.23","","","","-17","","Snow Showers,Blowing Snow"
"-86.22","66.52","NAUJAAT A","2403491","2018-04-19 12:00","2018","04","19","12:00","-7.9","","-9.9","","85","","","","14","","21","","11.3","","101.21","","","","-15","","Snow Showers,Blowing Snow"
"-86.22","66.52","NAUJAAT A","2403491","2018-04-19 13:00","2018","04","19","13:00","-8.4","","-10.3","","87","","","","13","","26","","3.2","","101.21","","","","-17","","Snow Showers,Blowing Snow"
"-86.22","66.52","NAUJAAT A","2403491","2018-04-19 14:00","2018","04","19","14:00","-8.0","","-9.7","","88","","","","15","","27","","0.8","","101.14","","","","-16","","Moderate Snow,Blowing Snow"
"-86.22","66.52","NAUJAAT A","2403491","2018-04-19 15:00","2018","04","19","15:00","-7.5","","-9.3","","87","","","","15","","23","","0.8","","101.09","","","","-15","","Moderate Snow"
"-86.22","66.52","NAUJAAT A","2403491","2018-04-19 16:00","2018","04","19","16:00","-7.2","","-9.1","","87","","","","16","","21","","12.9","","101.10","","","","-15","","Snow"
"-86.22","66.52","NAUJAAT A","2403491","2018-04-19 17:00","2018","04","19","17:00"
"-86.22","66.52","NAUJAAT A","2403491","2018-04-19 18:00","2018","04","19","18:00"
"-86.22","66.52","NAUJAAT A","2403491","2018-04-19 19:00","2018","04","19","19:00"
"-86.22","66.52","NAUJAAT A","2403491","2018-04-19 20:00","2018","04","19","20:00"
"-86.22","66.52","NAUJAAT A","2403491","2018-04-19 21:00","2018","04","19","21:00"
"-86.22","66.52","NAUJAAT A","2403491","2018-04-19 22:00","2018","04","19","22:00"
"-86.22","66.52","NAUJAAT A","2403491","2018-04-19 23:00","2018","04","19","23:00"
"-86.22","66.52","NAUJAAT A","2403491","2018-04-20 00:00","2018","04","20","00:00"
"-86.22","66.52","NAUJAAT A","2403491","2018-04-20 01:00","2018","04","20","01:00"
"-86.22","66.52","NAUJAAT A","2403491","2018-04-20 02:00","2018","04","20","02:00"
"-86.22","66.52","NAUJAAT A","2403491","2018-04-20 03:00","2018","04","20","03:00"
"-86.22","66.52","NAUJAAT A","2403491","2018-04-20 04:00","2018","04","20","04:00"
"-86.22","66.52","NAUJAAT A","2403491","2018-04-20 05:00","2018","04","20","05:00"
"-86.22","66.52","NAUJAAT A","2403491","2018-04-20 06:00","2018","04","20","06:00","-20.6","","-23.6","","77","","","","31","","4","","40.2","","102.20","","","","-24","","Mainly Clear"
"-86.22","66.52","NAUJAAT A","2403491","2018-04-20 07:00","2018","04","20","07:00","-18.2","","-21.4","","76","","","","1","","8","","40.2","","102.18","","","","-24","","NA"
"-86.22","66.52","NAUJAAT A","2403491","2018-04-20 08:00","2018","04","20","08:00","-16.4","","-20.1","","74","","","","11","","3","","40.2","","102.19","","","","-19","","NA"
"-86.22","66.52","NAUJAAT A","2403491","2018-04-20 09:00","2018","04","20","09:00","-15.3","","-18.9","","74","","","","13","","10","","40.2","","102.18","","","","-22","","Cloudy"
"-86.22","66.52","NAUJAAT A","2403491","2018-04-20 10:00","2018","04","20","10:00","-14.9","","-18.1","","77","","","","13","","20","","3.2","","102.14","","","","-24","","Snow Showers"
"-86.22","66.52","NAUJAAT A","2403491","2018-04-20 11:00","2018","04","20","11:00","-14.1","","-16.8","","80","","","","12","","23","","1.6","","102.05","","","","-24","","Snow,Fog"
"-86.22","66.52","NAUJAAT A","2403491","2018-04-20 12:00","2018","04","20","12:00","-11.8","","-14.3","","82","","","","12","","21","","32.2","","101.97","","","","-20","","Snow Showers"
"-86.22","66.52","NAUJAAT A","2403491","2018-04-20 13:00","2018","04","20","13:00","-10.3","","-12.7","","83","","","","14","","35","","19.3","","101.90","","","","-21","","Snow Showers,Blowing Snow"
"-86.22","66.52","NAUJAAT A","2403491","2018-04-20 14:00","2018","04","20","14:00","-9.8","","-12.5","","81","","","","13","","33","","32.2","","101.84","","","","-20","","Snow Showers,Blowing Snow"
"-86.22","66.52","NAUJAAT A","2403491","2018-04-20 15:00","2018","04","20","15:00","-9.3","","-11.7","","83","","","","14","","31","","24.1","","101.78","","","","-19","","Snow Showers,Blowing Snow"
"-86.22","66.52","NAUJAAT A","2403491","2018-04-20 16:00","2018","04","20","16:00","-7.7","","-10.4","","81","","","","16","","34","","24.1","","101.72","","","","-17","","Snow Showers,Blowing Snow"
"-86.22","66.52","NAUJAAT A","2403491","2018-04-20 17:00","2018","04","20","17:00"
"-86.22","66.52","NAUJAAT A","2403491","2018-04-20 18:00","2018","04","20","18:00"
"-86.22","66.52","NAUJAAT A","2403491","2018-04-20 19:00","2018","04","20","19:00"
"-86.22","66.52","NAUJAAT A","2403491","2018-04-20 20:00","2018","04","20","20:00"
"-86.22","66.52","NAUJAAT A","2403491","2018-04-20 21:00","2018","04","20","21:00"
"-86.22","66.52","NAUJAAT A","2403491","2018-04-20 22:00","2018","04","20","22:00"
"-86.22","66.52","NAUJAAT A","2403491","2018-04-20 23:00","2018","04","20","23:00"
"-86.22","66.52","NAUJAAT A","2403491","2018-04-21 00:00","2018","04","21","00:00"
"-86.22","66.52","NAUJAAT A","2403491","2018-04-21 01:00","2018","04","21","01:00"
"-86.22","66.52","NAUJAAT A","2403491","2018-04-21 02:00","2018","04","21","02:00"
"-86.22","66.52","NAUJAAT A","2403491","2018-04-21 03:00","2018","04","21","03:00"
"-86.22","66.52","NAUJAAT A","2403491","2018-04-21 04:00","2018","04","21","04:00"
"-86.22","66.52","NAUJAAT A","2403491","2018-04-21 05:00","2018","04","21","05:00"
"-86.22","66.52","NAUJAAT A","2403491","2018-04-21 06:00","2018","04","21","06:00"
"-86.22","66.52","NAUJAAT A","2403491","2018-04-21 07:00","2018","04","21","07:00"
"-86.22","66.52","NAUJAAT A","2403491","2018-04-21 08:00","2018","04","21","08:00"
"-86.22","66.52","NAUJAAT A","2403491","2018-04-21 09:00","2018","04","21","09:00"
"-86.22","66.52","NAUJAAT A","2403491","2018-04-21 10:00","2018","04","21","10:00","-4.8","","-6.2","","90","","","","14","","23","","12.9","","100.48","","","","-12","","Snow"
"-86.22","66.52","NAUJAAT A","2403491","2018-04-21 11:00","2018","04","21","11:00","-4.0","","-5.5","","90","","","","12","","20","","1.6","","100.42","","","","-10","","Snow,Fog"
"-86.22","66.52","NAUJAAT A","2403491","2018-04-21 12:00","2018","04","21","12:00","-3.4","","-4.7","","91","","","","14","","19","","4.0","","100.36","","","","-9","","Snow,Fog"
"-86.22","66.52","NAUJAAT A","2403491","2018-04-21 13:00","2018","04","21","13:00","-3.1","","-4.4","","91","","","","11","","10","","1.6","","100.35","","","","-7","","Snow,Fog"
"-86.22","66.52","NAUJAAT A","2403491","2018-04-21 14:00","2018","04","21","14:00","-2.6","","-3.8","","92","","","","12","","10","","1.6","","100.31","","","","-6","","Snow,Fog"
"-86.22","66.52","NAUJAAT A","2403491","2018-04-21 15:00","2018","04","21","15:00"
"-86.22","66.52","NAUJAAT A","2403491","2018-04-21 16:00","2018","04","21","16:00"
"-86.22","66.52","NAUJAAT A","2403491","2018-04-21 17:00","2018","04","21","17:00","-1.5","","-2.3","","94","","","","31","","4","","24.1","","100.36","","","","-3","","NA"
"-86.22","66.52","NAUJAAT A","2403491","2018-04-21 18:00","2018","04","21","18:00","-1.9","","-3.0","","92","","","","30","","9","","24.1","","100.39","","","","-5","","Cloudy"
"-86.22","66.52","NAUJAAT A","2403491","2018-04-21 19:00","2018","04","21","19:00","-5.8","","-7.6","","87","","","","34","","46","","0.4","","100.50","","","","-16","","Snow,Blowing Snow"
"-86.22","66.52","NAUJAAT A","2403491","2018-04-21 20:00","2018","04","21","20:00","-9.1","","-10.9","","87","","","","34","","48","","0.0","","100.58","","","","-20","","Snow,Blowing Snow"
"-86.22","66.52","NAUJAAT A","2403491","2018-04-21 21:00","2018","04","21","21:00"
"-86.22","66.52","NAUJAAT A","2403491","2018-04-21 22:00","2018","04","21","22:00"
"-86.22","66.52","NAUJAAT A","2403491","2018-04-21 23:00","2018","04","21","23:00"
"-86.22","66.52","NAUJAAT A","2403491","2018-04-22 00:00","2018","04","22","00:00"
"-86.22","66.52","NAUJAAT A","2403491","2018-04-22 01:00","2018","04","22","01:00"
"-86.22","66.52","NAUJAAT A","2403491","2018-04-22 02:00","2018","04","22","02:00"
"-86.22","66.52","NAUJAAT A","2403491","2018-04-22 03:00","2018","04","22","03:00"
"-86.22","66.52","NAUJAAT A","2403491","2018-04-22 04:00","2018","04","22","04:00"
"-86.22","66.52","NAUJAAT A","2403491","2018-04-22 05:00","2018","04","22","05:00"
"-86.22","66.52","NAUJAAT A","2403491","2018-04-22 06:00","2018","04","22","06:00"
"-86.22","66.52","NAUJAAT A","2403491","2018-04-22 07:00","2018","04","22","07:00"
"-86.22","66.52","NAUJAAT A","2403491","2018-04-22 08:00","2018","04","22","08:00","-19.1","","-23.6","","68","","","","33","","19","","32.2","","101.73","","","","-29","","Ice Crystals,Blowing Snow"
"-86.22","66.52","NAUJAAT A","2403491","2018-04-22 09:00","2018","04","22","09:00","-18.9","","-23.3","","69","","","","34","","31","","32.2","","101.72","","","","-31","","Ice Crystals,Blowing Snow"
"-86.22","66.52","NAUJAAT A","2403491","2018-04-22 10:00","2018","04","22","10:00","-18.4","","-22.9","","68","","","","33","","29","","32.2","","101.75","","","","-30","","Ice Crystals,Blowing Snow"
"-86.22","66.52","NAUJAAT A","2403491","2018-04-22 11:00","2018","04","22","11:00","-17.9","","-22.6","","67","","","","33","","31","","32.2","","101.79","","","","-30","","Ice Crystals,Blowing Snow"
"-86.22","66.52","NAUJAAT A","2403491","2018-04-22 12:00","2018","04","22","12:00","-17.8","","-22.5","","67","","","","33","","36","","24.1","","101.75","","","","-31","","Ice Crystals,Blowing Snow"
"-86.22","66.52","NAUJAAT A","2403491","2018-04-22 13:00","2018","04","22","13:00","-17.1","","-21.7","","68","","","","33","","21","","32.2","","101.85","","","","-27","","Ice Crystals,Blowing Snow"
"-86.22","66.52","NAUJAAT A","2403491","2018-04-22 14:00","2018","04","22","14:00","-17.1","","-21.7","","68","","","","33","","18","","32.2","","101.83","","","","-26","","Ice Crystals,Blowing Snow"
"-86.22","66.52","NAUJAAT A","2403491","2018-04-22 15:00","2018","04","22","15:00"
"-86.22","66.52","NAUJAAT A","2403491","2018-04-22 16:00","2018","04","22","16:00"
"-86.22","66.52","NAUJAAT A","2403491","2018-04-22 17:00","2018","04","22","17:00"
"-86.22","66.52","NAUJAAT A","2403491","2018-04-22 18:00","2018","04","22","18:00"
"-86.22","66.52","NAUJAAT A","2403491","2018-04-22 19:00","2018","04","22","19:00"
"-86.22","66.52","NAUJAAT A","2403491","2018-04-22 20:00","2018","04","22","20:00"
"-86.22","66.52","NAUJAAT A","2403491","2018-04-22 21:00","2018","04","22","21:00"
"-86.22","66.52","NAUJAAT A","2403491","2018-04-22 22:00","2018","04","22","22:00"
"-86.22","66.52","NAUJAAT A","2403491","2018-04-22 23:00","2018","04","22","23:00"
"-86.22","66.52","NAUJAAT A","2403491","2018-04-23 00:00","2018","04","23","00:00"
"-86.22","66.52","NAUJAAT A","2403491","2018-04-23 01:00","2018","04","23","01:00"
"-86.22","66.52","NAUJAAT A","2403491","2018-04-23 02:00","2018","04","23","02:00"
"-86.22","66.52","NAUJAAT A","2403491","2018-04-23 03:00","2018","04","23","03:00"
"-86.22","66.52","NAUJAAT A","2403491","2018-04-23 04:00","2018","04","23","04:00"
"-86.22","66.52","NAUJAAT A","2403491","2018-04-23 05:00","2018","04","23","05:00"
"-86.22","66.52","NAUJAAT A","2403491","2018-04-23 06:00","2018","04","23","06:00","-22.9","","-27.6","","66","","","","29","","11","","40.2","","101.91","","","","-31","","Clear"
"-86.22","66.52","NAUJAAT A","2403491","2018-04-23 07:00","2018","04","23","07:00","-22.6","","-27.3","","66","","","","30","","12","","40.2","","101.91","","","","-31","","NA"
"-86.22","66.52","NAUJAAT A","2403491","2018-04-23 08:00","2018","04","23","08:00","-21.9","","-26.8","","65","","","","30","","9","","40.2","","101.89","","","","-29","","NA"
"-86.22","66.52","NAUJAAT A","2403491","2018-04-23 09:00","2018","04","23","09:00","-20.9","","-25.9","","65","","","","32","","4","","40.2","","101.88","","","","-24","","Clear"
"-86.22","66.52","NAUJAAT A","2403491","2018-04-23 10:00","2018","04","23","10:00","-19.7","","-24.9","","64","","","","30","","11","","40.2","","101.84","","","","-27","","NA"
"-86.22","66.52","NAUJAAT A","2403491","2018-04-23 11:00","2018","04","23","11:00","-18.7","","-23.9","","64","","","","30","","10","","40.2","","101.81","","","","-26","","NA"
"-86.22","66.52","NAUJAAT A","2403491","2018-04-23 12:00","2018","04","23","12:00","-17.9","","-23.0","","65","","","","27","","9","","40.2","","101.78","","","","-24","","Clear"
"-86.22","66.52","NAUJAAT A","2403491","2018-04-23 13:00","2018","04","23","13:00","-17.2","","-22.7","","63","","","","26","","6","","40.2","","101.76","","","","-22","","NA"
"-86.22","66.52","NAUJAAT A","2403491","2018-04-23 14:00","2018","04","23","14:00","-16.6","","-22.1","","63","","","","27","","9","","40.2","","101.73","","","","-23","","NA"
"-86.22","66.52","NAUJAAT A","2403491","2018-04-23 15:00","2018","04","23","15:00","-16.5","","-21.8","","64","","","","27","","13","","40.2","","101.70","","","","-24","","Clear"
"-86.22","66.52","NAUJAAT A","2403491","2018-04-23 16:00","2018","04","23","16:00","-16.4","","-22.1","","62","","","","30","","9","","40.2","","101.70","","","","-22","","NA"
"-86.22","66.52","NAUJAAT A","2403491","2018-04-23 17:00","2018","04","23","17:00"
"-86.22","66.52","NAUJAAT A","2403491","2018-04-23 18:00","2018","04","23","18:00"
"-86.22","66.52","NAUJAAT A","2403491","2018-04-23 19:00","2018","04","23","19:00"
"-86.22","66.52","NAUJAAT A","2403491","2018-04-23 20:00","2018","04","23","20:00"
"-86.22","66.52","NAUJAAT A","2403491","2018-04-23 21:00","2018","04","23","21:00"
"-86.22","66.52","NAUJAAT A","2403491","2018-04-23 22:00","2018","04","23","22:00"
"-86.22","66.52","NAUJAAT A","2403491","2018-04-23 23:00","2018","04","23","23:00"
"-86.22","66.52","NAUJAAT A","2403491","2018-04-24 00:00","2018","04","24","00:00"
"-86.22","66.52","NAUJAAT A","2403491","2018-04-24 01:00","2018","04","24","01:00"
"-86.22","66.52","NAUJAAT A","2403491","2018-04-24 02:00","2018","04","24","02:00"
"-86.22","66.52","NAUJAAT A","2403491","2018-04-24 03:00","2018","04","24","03:00"
"-86.22","66.52","NAUJAAT A","2403491","2018-04-24 04:00","2018","04","24","04:00"
"-86.22","66.52","NAUJAAT A","2403491","2018-04-24 05:00","2018","04","24","05:00","-25.3","","-28.3","","76","","","","0","","1","","40.2","","101.24","","","","-26","","NA"
"-86.22","66.52","NAUJAAT A","2403491","2018-04-24 06:00","2018","04","24","06:00","-23.9","","-27.3","","74","","","","10","","7","","40.2","","101.19","","","","-30","","Mainly Clear"
"-86.22","66.52","NAUJAAT A","2403491","2018-04-24 07:00","2018","04","24","07:00","-23.3","","-26.6","","75","","","","12","","4","","40.2","","101.15","","","","-27","","NA"
"-86.22","66.52","NAUJAAT A","2403491","2018-04-24 08:00","2018","04","24","08:00","-21.9","","-25.7","","72","","","","12","","4","","40.2","","101.10","","","","-26","","NA"
"-86.22","66.52","NAUJAAT A","2403491","2018-04-24 09:00","2018","04","24","09:00","-21.6","","-25.3","","72","","","","14","","9","","40.2","","101.06","","","","-29","","Mostly Cloudy"
"-86.22","66.52","NAUJAAT A","2403491","2018-04-24 10:00","2018","04","24","10:00","-19.9","","-23.9","","71","","","","14","","4","","40.2","","101.01","","","","-23","","NA"
"-86.22","66.52","NAUJAAT A","2403491","2018-04-24 11:00","2018","04","24","11:00","-18.8","","-23.2","","68","","","","26","","4","","40.2","","100.98","","","","-22","","NA"
"-86.22","66.52","NAUJAAT A","2403491","2018-04-24 12:00","2018","04","24","12:00","-17.8","","-21.9","","71","","","","29","","3","","32.2","","100.93","","","","-20","","Ice Crystals"
"-86.22","66.52","NAUJAAT A","2403491","2018-04-24 13:00","2018","04","24","13:00","-17.3","","-21.2","","72","","","","26","","8","","40.2","","100.90","","","","-23","","Ice Crystals"
"-86.22","66.52","NAUJAAT A","2403491","2018-04-24 14:00","2018","04","24","14:00","-16.0","","-21.2","","65","","","","32","","11","","40.2","","100.85","","","","-23","","Ice Crystals"
"-86.22","66.52","NAUJAAT A","2403491","2018-04-24 15:00","2018","04","24","15:00","-15.9","","-20.8","","67","","","","30","","9","","16.1","","100.83","","","","-22","","Ice Crystals"
"-86.22","66.52","NAUJAAT A","2403491","2018-04-24 16:00","2018","04","24","16:00","-16.3","","-21.1","","67","","","","32","","11","","24.1","","100.85","","","","-23","","Ice Crystals"
"-86.22","66.52","NAUJAAT A","2403491","2018-04-24 17:00","2018","04","24","17:00"
"-86.22","66.52","NAUJAAT A","2403491","2018-04-24 18:00","2018","04","24","18:00"
"-86.22","66.52","NAUJAAT A","2403491","2018-04-24 19:00","2018","04","24","19:00"
"-86.22","66.52","NAUJAAT A","2403491","2018-04-24 20:00","2018","04","24","20:00"
"-86.22","66.52","NAUJAAT A","2403491","2018-04-24 21:00","2018","04","24","21:00"
"-86.22","66.52","NAUJAAT A","2403491","2018-04-24 22:00","2018","04","24","22:00"
"-86.22","66.52","NAUJAAT A","2403491","2018-04-24 23:00","2018","04","24","23:00"
"-86.22","66.52","NAUJAAT A","2403491","2018-04-25 00:00","2018","04","25","00:00"
"-86.22","66.52","NAUJAAT A","2403491","2018-04-25 01:00","2018","04","25","01:00"
"-86.22","66.52","NAUJAAT A","2403491","2018-04-25 02:00","2018","04","25","02:00"
"-86.22","66.52","NAUJAAT A","2403491","2018-04-25 03:00","2018","04","25","03:00"
"-86.22","66.52","NAUJAAT A","2403491","2018-04-25 04:00","2018","04","25","04:00"
"-86.22","66.52","NAUJAAT A","2403491","2018-04-25 05:00","2018","04","25","05:00"
"-86.22","66.52","NAUJAAT A","2403491","2018-04-25 06:00","2018","04","25","06:00","-24.2","","-27.6","","74","","","","35","","12","","40.2","","100.64","","","","-33","","Ice Crystals"
"-86.22","66.52","NAUJAAT A","2403491","2018-04-25 07:00","2018","04","25","07:00","-23.4","","-27.1","","72","","","","34","","15","","40.2","","100.61","","","","-33","","Ice Crystals"
"-86.22","66.52","NAUJAAT A","2403491","2018-04-25 08:00","2018","04","25","08:00","-22.3","","-26.2","","71","","","","34","","15","","40.2","","100.60","","","","-32","","Ice Crystals"
"-86.22","66.52","NAUJAAT A","2403491","2018-04-25 09:00","2018","04","25","09:00","-21.5","","-25.8","","69","","","","34","","14","","40.2","","100.58","","","","-31","","Ice Crystals"
"-86.22","66.52","NAUJAAT A","2403491","2018-04-25 10:00","2018","04","25","10:00","-20.7","","-25.2","","68","","","","34","","17","","40.2","","100.60","","","","-31","","Ice Crystals"
"-86.22","66.52","NAUJAAT A","2403491","2018-04-25 11:00","2018","04","25","11:00","-20.1","","-24.6","","68","","","","34","","21","","40.2","","100.58","","","","-31","","Ice Crystals"
"-86.22","66.52","NAUJAAT A","2403491","2018-04-25 12:00","2018","04","25","12:00","-19.5","","-24.0","","68","","","","35","","30","","40.2","","100.58","","","","-32","","Ice Crystals"
"-86.22","66.52","NAUJAAT A","2403491","2018-04-25 13:00","2018","04","25","13:00","-19.1","","-23.6","","68","","","","35","","28","","40.2","","100.59","","","","-31","","Ice Crystals"
"-86.22","66.52","NAUJAAT A","2403491","2018-04-25 14:00","2018","04","25","14:00","-18.7","","-23.3","","68","","","","35","","24","","40.2","","100.63","","","","-30","","Ice Crystals"
"-86.22","66.52","NAUJAAT A","2403491","2018-04-25 15:00","2018","04","25","15:00","-18.8","","-23.2","","69","","","","35","","30","","40.2","","100.66","","","","-31","","Ice Crystals"
"-86.22","66.52","NAUJAAT A","2403491","2018-04-25 16:00","2018","04","25","16:00","-18.9","","-23.4","","68","","","","34","","29","","40.2","","100.69","","","","-31","","Ice Crystals"
"-86.22","66.52","NAUJAAT A","2403491","2018-04-25 17:00","2018","04","25","17:00"
"-86.22","66.52","NAUJAAT A","2403491","2018-04-25 18:00","2018","04","25","18:00"
"-86.22","66.52","NAUJAAT A","2403491","2018-04-25 19:00","2018","04","25","19:00"
"-86.22","66.52","NAUJAAT A","2403491","2018-04-25 20:00","2018","04","25","20:00"
"-86.22","66.52","NAUJAAT A","2403491","2018-04-25 21:00","2018","04","25","21:00"
"-86.22","66.52","NAUJAAT A","2403491","2018-04-25 22:00","2018","04","25","22:00"
"-86.22","66.52","NAUJAAT A","2403491","2018-04-25 23:00","2018","04","25","23:00"
"-86.22","66.52","NAUJAAT A","2403491","2018-04-26 00:00","2018","04","26","00:00"
"-86.22","66.52","NAUJAAT A","2403491","2018-04-26 01:00","2018","04","26","01:00"
"-86.22","66.52","NAUJAAT A","2403491","2018-04-26 02:00","2018","04","26","02:00"
"-86.22","66.52","NAUJAAT A","2403491","2018-04-26 03:00","2018","04","26","03:00"
"-86.22","66.52","NAUJAAT A","2403491","2018-04-26 04:00","2018","04","26","04:00"
"-86.22","66.52","NAUJAAT A","2403491","2018-04-26 05:00","2018","04","26","05:00"
"-86.22","66.52","NAUJAAT A","2403491","2018-04-26 06:00","2018","04","26","06:00","-25.1","","-29.0","","70","","","","35","","28","","24.1","","100.78","","","","-39","","Blowing Snow"
"-86.22","66.52","NAUJAAT A","2403491","2018-04-26 07:00","2018","04","26","07:00","-23.8","","-27.8","","70","","","","34","","28","","16.1","","100.78","","","","-37","","Blowing Snow"
"-86.22","66.52","NAUJAAT A","2403491","2018-04-26 08:00","2018","04","26","08:00","-23.0","","-26.9","","71","","","","34","","31","","8.1","","100.78","","","","-37","","Blowing Snow"
"-86.22","66.52","NAUJAAT A","2403491","2018-04-26 09:00","2018","04","26","09:00","-22.4","","-26.5","","70","","","","34","","37","","4.8","","100.81","","","","-37","","Blowing Snow"
"-86.22","66.52","NAUJAAT A","2403491","2018-04-26 10:00","2018","04","26","10:00","-21.6","","-25.9","","69","","","","34","","24","","4.8","","100.84","","","","-33","","Blowing Snow"
"-86.22","66.52","NAUJAAT A","2403491","2018-04-26 11:00","2018","04","26","11:00","-20.9","","-25.2","","69","","","","33","","26","","8.1","","100.87","","","","-33","","Blowing Snow"
"-86.22","66.52","NAUJAAT A","2403491","2018-04-26 12:00","2018","04","26","12:00","-20.2","","-24.5","","70","","","","34","","24","","4.8","","100.88","","","","-32","","Blowing Snow"
"-86.22","66.52","NAUJAAT A","2403491","2018-04-26 13:00","2018","04","26","13:00","-19.9","","-24.2","","69","","","","34","","35","","4.8","","100.91","","","","-33","","Blowing Snow"
"-86.22","66.52","NAUJAAT A","2403491","2018-04-26 14:00","2018","04","26","14:00","-19.5","","-23.9","","69","","","","33","","36","","4.8","","100.95","","","","-33","","Snow,Blowing Snow"
"-86.22","66.52","NAUJAAT A","2403491","2018-04-26 15:00","2018","04","26","15:00","-19.3","","-23.7","","69","","","","33","","35","","8.1","","100.98","","","","-32","","Snow,Blowing Snow"
"-86.22","66.52","NAUJAAT A","2403491","2018-04-26 16:00","2018","04","26","16:00","-19.1","","-23.2","","71","","","","33","","42","","4.8","","100.96","","","","-33","","Snow,Blowing Snow"
"-86.22","66.52","NAUJAAT A","2403491","2018-04-26 17:00","2018","04","26","17:00"
"-86.22","66.52","NAUJAAT A","2403491","2018-04-26 18:00","2018","04","26","18:00"
"-86.22","66.52","NAUJAAT A","2403491","2018-04-26 19:00","2018","04","26","19:00"
"-86.22","66.52","NAUJAAT A","2403491","2018-04-26 20:00","2018","04","26","20:00"
"-86.22","66.52","NAUJAAT A","2403491","2018-04-26 21:00","2018","04","26","21:00"
"-86.22","66.52","NAUJAAT A","2403491","2018-04-26 22:00","2018","04","26","22:00"
"-86.22","66.52","NAUJAAT A","2403491","2018-04-26 23:00","2018","04","26","23:00"
"-86.22","66.52","NAUJAAT A","2403491","2018-04-27 00:00","2018","04","27","00:00"
"-86.22","66.52","NAUJAAT A","2403491","2018-04-27 01:00","2018","04","27","01:00"
"-86.22","66.52","NAUJAAT A","2403491","2018-04-27 02:00","2018","04","27","02:00"
"-86.22","66.52","NAUJAAT A","2403491","2018-04-27 03:00","2018","04","27","03:00"
"-86.22","66.52","NAUJAAT A","2403491","2018-04-27 04:00","2018","04","27","04:00"
"-86.22","66.52","NAUJAAT A","2403491","2018-04-27 05:00","2018","04","27","05:00"
"-86.22","66.52","NAUJAAT A","2403491","2018-04-27 06:00","2018","04","27","06:00","-20.6","","-24.9","","69","","","","31","","10","","24.1","","100.87","","","","-28","","Mostly Cloudy"
"-86.22","66.52","NAUJAAT A","2403491","2018-04-27 07:00","2018","04","27","07:00","-18.7","","-22.6","","72","","","","32","","17","","24.1","","100.84","","","","-28","","NA"
"-86.22","66.52","NAUJAAT A","2403491","2018-04-27 08:00","2018","04","27","08:00","-17.8","","-22.0","","70","","","","32","","16","","16.1","","100.79","","","","-27","","Snow"
"-86.22","66.52","NAUJAAT A","2403491","2018-04-27 09:00","2018","04","27","09:00","-17.4","","-22.0","","68","","","","32","","17","","16.1","","100.77","","","","-26","","Snow"
"-86.22","66.52","NAUJAAT A","2403491","2018-04-27 10:00","2018","04","27","10:00","-17.0","","-21.7","","67","","","","32","","19","","24.1","","100.73","","","","-26","","Snow"
"-86.22","66.52","NAUJAAT A","2403491","2018-04-27 11:00","2018","04","27","11:00","-16.3","","-20.7","","70","","","","32","","13","","24.1","","100.71","","","","-24","","Snow"
"-86.22","66.52","NAUJAAT A","2403491","2018-04-27 12:00","2018","04","27","12:00","-15.8","","-20.6","","67","","","","33","","14","","24.1","","100.69","","","","-24","","Snow"
"-86.22","66.52","NAUJAAT A","2403491","2018-04-27 13:00","2018","04","27","13:00","-15.6","","-20.4","","67","","","","32","","13","","24.1","","100.68","","","","-23","","Snow"
"-86.22","66.52","NAUJAAT A","2403491","2018-04-27 14:00","2018","04","27","14:00","-15.0","","-20.0","","66","","","","32","","13","","24.1","","100.65","","","","-22","","Snow"
"-86.22","66.52","NAUJAAT A","2403491","2018-04-27 15:00","2018","04","27","15:00","-14.4","","-19.4","","67","","","","30","","15","","24.1","","100.64","","","","-22","","Snow"
"-86.22","66.52","NAUJAAT A","2403491","2018-04-27 16:00","2018","04","27","16:00","-14.5","","-19.5","","66","","","","32","","14","","24.1","","100.61","","","","-22","","NA"
"-86.22","66.52","NAUJAAT A","2403491","2018-04-27 17:00","2018","04","27","17:00"
"-86.22","66.52","NAUJAAT A","2403491","2018-04-27 18:00","2018","04","27","18:00"
"-86.22","66.52","NAUJAAT A","2403491","2018-04-27 19:00","2018","04","27","19:00"
"-86.22","66.52","NAUJAAT A","2403491","2018-04-27 20:00","2018","04","27","20:00"
"-86.22","66.52","NAUJAAT A","2403491","2018-04-27 21:00","2018","04","27","21:00"
"-86.22","66.52","NAUJAAT A","2403491","2018-04-27 22:00","2018","04","27","22:00"
"-86.22","66.52","NAUJAAT A","2403491","2018-04-27 23:00","2018","04","27","23:00"
"-86.22","66.52","NAUJAAT A","2403491","2018-04-28 00:00","2018","04","28","00:00"
"-86.22","66.52","NAUJAAT A","2403491","2018-04-28 01:00","2018","04","28","01:00"
"-86.22","66.52","NAUJAAT A","2403491","2018-04-28 02:00","2018","04","28","02:00"
"-86.22","66.52","NAUJAAT A","2403491","2018-04-28 03:00","2018","04","28","03:00"
"-86.22","66.52","NAUJAAT A","2403491","2018-04-28 04:00","2018","04","28","04:00"
"-86.22","66.52","NAUJAAT A","2403491","2018-04-28 05:00","2018","04","28","05:00"
"-86.22","66.52","NAUJAAT A","2403491","2018-04-28 06:00","2018","04","28","06:00"
"-86.22","66.52","NAUJAAT A","2403491","2018-04-28 07:00","2018","04","28","07:00"
"-86.22","66.52","NAUJAAT A","2403491","2018-04-28 08:00","2018","04","28","08:00","-16.5","","-20.1","","74","","","","12","","12","","40.2","","100.20","","","","-24","","NA"
"-86.22","66.52","NAUJAAT A","2403491","2018-04-28 09:00","2018","04","28","09:00","-15.6","","-19.2","","74","","","","14","","9","","24.1","","100.17","","","","-22","","Mostly Cloudy"
"-86.22","66.52","NAUJAAT A","2403491","2018-04-28 10:00","2018","04","28","10:00","-13.4","","-17.7","","71","","","","19","","8","","24.1","","100.13","","","","-18","","NA"
"-86.22","66.52","NAUJAAT A","2403491","2018-04-28 11:00","2018","04","28","11:00","-11.6","","-15.6","","73","","","","21","","10","","24.1","","100.10","","","","-17","","NA"
"-86.22","66.52","NAUJAAT A","2403491","2018-04-28 12:00","2018","04","28","12:00","-10.8","","-15.8","","67","","","","18","","13","","24.1","","100.09","","","","-17","","Mostly Cloudy"
"-86.22","66.52","NAUJAAT A","2403491","2018-04-28 13:00","2018","04","28","13:00","-11.3","","-15.2","","73","","","","16","","16","","24.1","","100.07","","","","-19","","NA"
"-86.22","66.52","NAUJAAT A","2403491","2018-04-28 14:00","2018","04","28","14:00","-10.0","","-14.4","","71","","","","20","","18","","24.1","","100.01","","","","-17","","NA"
"-86.22","66.52","NAUJAAT A","2403491","2018-04-28 15:00","2018","04","28","15:00"
"-86.22","66.52","NAUJAAT A","2403491","2018-04-28 16:00","2018","04","28","16:00"
"-86.22","66.52","NAUJAAT A","2403491","2018-04-28 17:00","2018","04","28","17:00"
"-86.22","66.52","NAUJAAT A","2403491","2018-04-28 18:00","2018","04","28","18:00"
"-86.22","66.52","NAUJAAT A","2403491","2018-04-28 19:00","2018","04","28","19:00"
"-86.22","66.52","NAUJAAT A","2403491","2018-04-28 20:00","2018","04","28","20:00"
"-86.22","66.52","NAUJAAT A","2403491","2018-04-28 21:00","2018","04","28","21:00"
"-86.22","66.52","NAUJAAT A","2403491","2018-04-28 22:00","2018","04","28","22:00"
"-86.22","66.52","NAUJAAT A","2403491","2018-04-28 23:00","2018","04","28","23:00"
"-86.22","66.52","NAUJAAT A","2403491","2018-04-29 00:00","2018","04","29","00:00"
"-86.22","66.52","NAUJAAT A","2403491","2018-04-29 01:00","2018","04","29","01:00"
"-86.22","66.52","NAUJAAT A","2403491","2018-04-29 02:00","2018","04","29","02:00"
"-86.22","66.52","NAUJAAT A","2403491","2018-04-29 03:00","2018","04","29","03:00"
"-86.22","66.52","NAUJAAT A","2403491","2018-04-29 04:00","2018","04","29","04:00"
"-86.22","66.52","NAUJAAT A","2403491","2018-04-29 05:00","2018","04","29","05:00"
"-86.22","66.52","NAUJAAT A","2403491","2018-04-29 06:00","2018","04","29","06:00"
"-86.22","66.52","NAUJAAT A","2403491","2018-04-29 07:00","2018","04","29","07:00"
"-86.22","66.52","NAUJAAT A","2403491","2018-04-29 08:00","2018","04","29","08:00","-16.8","","-20.7","","73","","","","35","","41","","4.8","","99.88","","","","-30","","Snow,Blowing Snow"
"-86.22","66.52","NAUJAAT A","2403491","2018-04-29 09:00","2018","04","29","09:00","-17.2","","-21.1","","72","","","","35","","41","","4.8","","99.88","","","","-31","","Snow,Blowing Snow"
"-86.22","66.52","NAUJAAT A","2403491","2018-04-29 10:00","2018","04","29","10:00","-16.9","","-21.4","","68","","","","33","","29","","16.1","","99.93","","","","-28","","Snow"
"-86.22","66.52","NAUJAAT A","2403491","2018-04-29 11:00","2018","04","29","11:00","-16.8","","-21.4","","68","","","","34","","28","","24.1","","99.92","","","","-28","","Ice Crystals"
"-86.22","66.52","NAUJAAT A","2403491","2018-04-29 12:00","2018","04","29","12:00","-16.6","","-21.4","","67","","","","34","","27","","24.1","","99.93","","","","-28","","Ice Crystals"
"-86.22","66.52","NAUJAAT A","2403491","2018-04-29 13:00","2018","04","29","13:00","-16.5","","-21.2","","67","","","","34","","27","","24.1","","99.95","","","","-27","","Ice Crystals"
"-86.22","66.52","NAUJAAT A","2403491","2018-04-29 14:00","2018","04","29","14:00","-16.5","","-21.5","","65","","","","34","","28","","24.1","","99.93","","","","-28","","Ice Crystals"
"-86.22","66.52","NAUJAAT A","2403491","2018-04-29 15:00","2018","04","29","15:00"
"-86.22","66.52","NAUJAAT A","2403491","2018-04-29 16:00","2018","04","29","16:00"
"-86.22","66.52","NAUJAAT A","2403491","2018-04-29 17:00","2018","04","29","17:00"
"-86.22","66.52","NAUJAAT A","2403491","2018-04-29 18:00","2018","04","29","18:00"
"-86.22","66.52","NAUJAAT A","2403491","2018-04-29 19:00","2018","04","29","19:00"
"-86.22","66.52","NAUJAAT A","2403491","2018-04-29 20:00","2018","04","29","20:00"
"-86.22","66.52","NAUJAAT A","2403491","2018-04-29 21:00","2018","04","29","21:00"
"-86.22","66.52","NAUJAAT A","2403491","2018-04-29 22:00","2018","04","29","22:00"
"-86.22","66.52","NAUJAAT A","2403491","2018-04-29 23:00","2018","04","29","23:00"
"-86.22","66.52","NAUJAAT A","2403491","2018-04-30 00:00","2018","04","30","00:00"
"-86.22","66.52","NAUJAAT A","2403491","2018-04-30 01:00","2018","04","30","01:00"
"-86.22","66.52","NAUJAAT A","2403491","2018-04-30 02:00","2018","04","30","02:00"
"-86.22","66.52","NAUJAAT A","2403491","2018-04-30 03:00","2018","04","30","03:00"
"-86.22","66.52","NAUJAAT A","2403491","2018-04-30 04:00","2018","04","30","04:00"
"-86.22","66.52","NAUJAAT A","2403491","2018-04-30 05:00","2018","04","30","05:00"
"-86.22","66.52","NAUJAAT A","2403491","2018-04-30 06:00","2018","04","30","06:00","-20.7","","-24.1","","74","","","","22","","7","","16.1","","99.52","","","","-26","","Snow"
"-86.22","66.52","NAUJAAT A","2403491","2018-04-30 07:00","2018","04","30","07:00","-19.1","","-22.3","","76","","","","30","","10","","19.3","","99.48","","","","-26","","Snow"
"-86.22","66.52","NAUJAAT A","2403491","2018-04-30 08:00","2018","04","30","08:00","-17.9","","-22.1","","70","","","","29","","23","","24.1","","99.45","","","","-29","","Snow"
"-86.22","66.52","NAUJAAT A","2403491","2018-04-30 09:00","2018","04","30","09:00","-17.3","","-21.8","","68","","","","31","","21","","24.1","","99.42","","","","-27","","Snow"
"-86.22","66.52","NAUJAAT A","2403491","2018-04-30 10:00","2018","04","30","10:00","-16.4","","-20.9","","69","","","","31","","25","","24.1","","99.44","","","","-27","","Snow"
"-86.22","66.52","NAUJAAT A","2403491","2018-04-30 11:00","2018","04","30","11:00","-15.5","","-20.2","","68","","","","31","","24","","24.1","","99.47","","","","-26","","Ice Crystals"
"-86.22","66.52","NAUJAAT A","2403491","2018-04-30 12:00","2018","04","30","12:00","-14.8","","-19.0","","71","","","","31","","22","","4.8","","99.44","","","","-24","","Ice Crystals,Blowing Snow"
"-86.22","66.52","NAUJAAT A","2403491","2018-04-30 13:00","2018","04","30","13:00","-14.4","","-18.8","","70","","","","31","","23","","8.1","","99.47","","","","-24","","Ice Crystals,Blowing Snow"
"-86.22","66.52","NAUJAAT A","2403491","2018-04-30 14:00","2018","04","30","14:00","-13.6","","-17.6","","72","","","","31","","28","","8.1","","99.48","","","","-24","","Ice Crystals,Blowing Snow"
"-86.22","66.52","NAUJAAT A","2403491","2018-04-30 15:00","2018","04","30","15:00","-13.7","","-17.3","","75","","","","31","","33","","4.0","","99.51","","","","-25","","Snow,Blowing Snow"
"-86.22","66.52","NAUJAAT A","2403491","2018-04-30 16:00","2018","04","30","16:00","-13.6","","-16.9","","77","","","","31","","29","","2.4","","99.54","","","","-24","","Snow,Blowing Snow"
"-86.22","66.52","NAUJAAT A","2403491","2018-04-30 17:00","2018","04","30","17:00"
"-86.22","66.52","NAUJAAT A","2403491","2018-04-30 18:00","2018","04","30","18:00"
"-86.22","66.52","NAUJAAT A","2403491","2018-04-30 19:00","2018","04","30","19:00"
"-86.22","66.52","NAUJAAT A","2403491","2018-04-30 20:00","2018","04","30","20:00"
"-86.22","66.52","NAUJAAT A","2403491","2018-04-30 21:00","2018","04","30","21:00"
"-86.22","66.52","NAUJAAT A","2403491","2018-04-30 22:00","2018","04","30","22:00"
"-86.22","66.52","NAUJAAT A","2403491","2018-04-30 23:00","2018","04","30","23:00"
