"Longitude (x)","Latitude (y)","Station Name","Climate ID","Date/Time (LST)","Year","Month","Day","Time (LST)","Temp (°C)","Temp Flag","Dew Point Temp (°C)","Dew Point Temp Flag","Rel Hum (%)","Rel Hum Flag","Precip. Amount (mm)","Precip. Amount Flag","Wind Dir (10s deg)","Wind Dir Flag","Wind Spd (km/h)","Wind Spd Flag","Visibility (km)","Visibility Flag","Stn Press (kPa)","Stn Press Flag","Hmdx","Hmdx Flag","Wind Chill","Wind Chill Flag","Weather"
"-113.18","52.18","DELBURNE AGCM","3012050","2020-11-01 00:00","2020","11","01","00:00","-2.1","","-4.3","","85","","0.0","","16","","11","","","","","M","","","-6","","NA"
"-113.18","52.18","DELBURNE AGCM","3012050","2020-11-01 01:00","2020","11","01","01:00","-2.0","","-4.2","","85","","0.0","","16","","10","","","","","M","","","-6","","NA"
"-113.18","52.18","DELBURNE AGCM","3012050","2020-11-01 02:00","2020","11","01","02:00","-2.1","","-4.3","","85","","0.0","","16","","9","","","","","M","","","-6","","NA"
"-113.18","52.18","DELBURNE AGCM","3012050","2020-11-01 03:00","2020","11","01","03:00","-1.0","","-4.1","","79","","0.0","","15","","11","","","","","M","","","-5","","NA"
"-113.18","52.18","DELBURNE AGCM","3012050","2020-11-01 04:00","2020","11","01","04:00","-1.1","","-4.5","","78","","0.0","","15","","12","","","","","M","","","-5","","NA"
"-113.18","52.18","DELBURNE AGCM","3012050","2020-11-01 05:00","2020","11","01","05:00","-0.1","","-5.3","","68","","0.0","","16","","16","","","","","M","","","-5","","NA"
"-113.18","52.18","DELBURNE AGCM","3012050","2020-11-01 06:00","2020","11","01","06:00","1.0","","-5.2","","63","","0.0","","19","","12","","","","","M","","","","","NA"
"-113.18","52.18","DELBURNE AGCM","3012050","2020-11-01 07:00","2020","11","01","07:00","1.6","","-5.1","","61","","0.0","","17","","7","","","","","M","","","","","NA"
"-113.18","52.18","DELBURNE AGCM","3012050","2020-11-01 08:00","2020","11","01","08:00","3.6","","-3.7","","59","","0.0","","19","","17","","","","","M","","","","","NA"
"-113.18","52.18","DELBURNE AGCM","3012050","2020-11-01 09:00","2020","11","01","09:00","5.5","","-2.7","","56","","0.0","","19","","11","","","","","M","","","","","NA"
"-113.18","52.18","DELBURNE AGCM","3012050","2020-11-01 10:00","2020","11","01","10:00","7.5","","-1.3","","54","","0.0","","20","","6","","","","","M","","","","","NA"
"-113.18","52.18","DELBURNE AGCM","3012050","2020-11-01 11:00","2020","11","01","11:00","13.3","","0.2","","41","","0.0","","24","","9","","","","","M","","","","","NA"
"-113.18","52.18","DELBURNE AGCM","3012050","2020-11-01 12:00","2020","11","01","12:00","15.7","","0.2","","35","","0.0","","25","","20","","","","","M","","","","","NA"
"-113.18","52.18","DELBURNE AGCM","3012050","2020-11-01 13:00","2020","11","01","13:00","17.2","","0.5","","32","","0.0","","26","","15","","","","","M","","","","","NA"
"-113.18","52.18","DELBURNE AGCM","3012050","2020-11-01 14:00","2020","11","01","14:00","18.0","","-0.4","","29","","0.0","","25","","18","","","","","M","","","","","NA"
"-113.18","52.18","DELBURNE AGCM","3012050","2020-11-01 15:00","2020","11","01","15:00","18.1","","-1.2","","27","","0.0","","27","","18","","","","","M","","","","","NA"
"-113.18","52.18","DELBURNE AGCM","3012050","2020-11-01 16:00","2020","11","01","16:00","17.4","","-0.5","","30","","0.0","","22","","11","","","","","M","","","","","NA"
"-113.18","52.18","DELBURNE AGCM","3012050","2020-11-01 17:00","2020","11","01","17:00","14.1","","-0.7","","36","","0.0","","21","","12","","","","","M","","","","","NA"
"-113.18","52.18","DELBURNE AGCM","3012050","2020-11-01 18:00","2020","11","01","18:00","10.3","","-0.8","","46","","0.0","","19","","13","","","","","M","","","","","NA"
"-113.18","52.18","DELBURNE AGCM","3012050","2020-11-01 19:00","2020","11","01","19:00","10.3","","-0.7","","46","","0.0","","21","","15","","","","","M","","","","","NA"
"-113.18","52.18","DELBURNE AGCM","3012050","2020-11-01 20:00","2020","11","01","20:00","9.3","","-1.6","","47","","0.0","","20","","17","","","","","M","","","","","NA"
"-113.18","52.18","DELBURNE AGCM","3012050","2020-11-01 21:00","2020","11","01","21:00","7.8","","-2.9","","47","","0.0","","19","","14","","","","","M","","","","","NA"
"-113.18","52.18","DELBURNE AGCM","3012050","2020-11-01 22:00","2020","11","01","22:00","7.8","","-2.8","","47","","0.0","","18","","16","","","","","M","","","","","NA"
"-113.18","52.18","DELBURNE AGCM","3012050","2020-11-01 23:00","2020","11","01","23:00","6.7","","-2.7","","51","","0.0","","16","","17","","","","","M","","","","","NA"
"-113.18","52.18","DELBURNE AGCM","3012050","2020-11-02 00:00","2020","11","02","00:00","5.8","","-2.8","","54","","0.0","","16","","16","","","","","M","","","","","NA"
"-113.18","52.18","DELBURNE AGCM","3012050","2020-11-02 01:00","2020","11","02","01:00","6.5","","-2.7","","52","","0.0","","15","","13","","","","","M","","","","","NA"
"-113.18","52.18","DELBURNE AGCM","3012050","2020-11-02 02:00","2020","11","02","02:00","10.9","","-3.4","","37","","0.0","","20","","21","","","","","M","","","","","NA"
"-113.18","52.18","DELBURNE AGCM","3012050","2020-11-02 03:00","2020","11","02","03:00","11.1","","-2.5","","38","","0.0","","19","","18","","","","","M","","","","","NA"
"-113.18","52.18","DELBURNE AGCM","3012050","2020-11-02 04:00","2020","11","02","04:00","8.7","","-1.6","","48","","0.0","","16","","15","","","","","M","","","","","NA"
"-113.18","52.18","DELBURNE AGCM","3012050","2020-11-02 05:00","2020","11","02","05:00","9.8","","-1.0","","47","","0.0","","14","","21","","","","","M","","","","","NA"
"-113.18","52.18","DELBURNE AGCM","3012050","2020-11-02 06:00","2020","11","02","06:00","10.7","","-0.7","","45","","0.0","","16","","20","","","","","M","","","","","NA"
"-113.18","52.18","DELBURNE AGCM","3012050","2020-11-02 07:00","2020","11","02","07:00","8.7","","-0.3","","53","","0.0","","16","","15","","","","","M","","","","","NA"
"-113.18","52.18","DELBURNE AGCM","3012050","2020-11-02 08:00","2020","11","02","08:00","9.7","","0.2","","52","","0.0","","20","","13","","","","","M","","","","","NA"
"-113.18","52.18","DELBURNE AGCM","3012050","2020-11-02 09:00","2020","11","02","09:00","13.0","","-0.3","","40","","0.0","","20","","15","","","","","M","","","","","NA"
"-113.18","52.18","DELBURNE AGCM","3012050","2020-11-02 10:00","2020","11","02","10:00","14.8","","-0.9","","34","","0.0","","21","","17","","","","","M","","","","","NA"
"-113.18","52.18","DELBURNE AGCM","3012050","2020-11-02 11:00","2020","11","02","11:00","17.0","","-1.4","","28","","0.0","","20","","18","","","","","M","","","","","NA"
"-113.18","52.18","DELBURNE AGCM","3012050","2020-11-02 12:00","2020","11","02","12:00","16.1","","-1.0","","31","","0.0","","18","","19","","","","","M","","","","","NA"
"-113.18","52.18","DELBURNE AGCM","3012050","2020-11-02 13:00","2020","11","02","13:00","15.8","","-0.7","","32","","0.0","","17","","19","","","","","M","","","","","NA"
"-113.18","52.18","DELBURNE AGCM","3012050","2020-11-02 14:00","2020","11","02","14:00","17.9","","-1.2","","27","","0.0","","19","","20","","","","","M","","","","","NA"
"-113.18","52.18","DELBURNE AGCM","3012050","2020-11-02 15:00","2020","11","02","15:00","18.6","","-4.0","","21","","0.0","","21","","26","","","","","M","","","","","NA"
"-113.18","52.18","DELBURNE AGCM","3012050","2020-11-02 16:00","2020","11","02","16:00","18.6","","-5.5","","19","","0.0","","20","","24","","","","","M","","","","","NA"
"-113.18","52.18","DELBURNE AGCM","3012050","2020-11-02 17:00","2020","11","02","17:00","17.4","","-4.8","","22","","0.0","","19","","18","","","","","M","","","","","NA"
"-113.18","52.18","DELBURNE AGCM","3012050","2020-11-02 18:00","2020","11","02","18:00","15.0","","-4.6","","26","","0.0","","23","","7","","","","","M","","","","","NA"
"-113.18","52.18","DELBURNE AGCM","3012050","2020-11-02 19:00","2020","11","02","19:00","14.3","","-5.7","","25","","0.0","","19","","15","","","","","M","","","","","NA"
"-113.18","52.18","DELBURNE AGCM","3012050","2020-11-02 20:00","2020","11","02","20:00","12.1","","-5.2","","29","","0.0","","17","","12","","","","","M","","","","","NA"
"-113.18","52.18","DELBURNE AGCM","3012050","2020-11-02 21:00","2020","11","02","21:00","11.2","","-4.4","","33","","0.0","","14","","7","","","","","M","","","","","NA"
"-113.18","52.18","DELBURNE AGCM","3012050","2020-11-02 22:00","2020","11","02","22:00","11.7","","-7.5","","25","","0.0","","15","","3","","","","","M","","","","","NA"
"-113.18","52.18","DELBURNE AGCM","3012050","2020-11-02 23:00","2020","11","02","23:00","12.0","","-7.1","","26","","0.0","","21","","13","","","","","M","","","","","NA"
"-113.18","52.18","DELBURNE AGCM","3012050","2020-11-03 00:00","2020","11","03","00:00","11.4","","-8.1","","25","","0.0","","20","","12","","","","","M","","","","","NA"
"-113.18","52.18","DELBURNE AGCM","3012050","2020-11-03 01:00","2020","11","03","01:00","8.7","","-7.2","","32","","0.0","","18","","12","","","","","M","","","","","NA"
"-113.18","52.18","DELBURNE AGCM","3012050","2020-11-03 02:00","2020","11","03","02:00","8.7","","-5.4","","37","","0.0","","14","","11","","","","","M","","","","","NA"
"-113.18","52.18","DELBURNE AGCM","3012050","2020-11-03 03:00","2020","11","03","03:00","7.8","","-4.5","","42","","0.0","","14","","12","","","","","M","","","","","NA"
"-113.18","52.18","DELBURNE AGCM","3012050","2020-11-03 04:00","2020","11","03","04:00","7.3","","-4.8","","42","","0.0","","14","","16","","","","","M","","","","","NA"
"-113.18","52.18","DELBURNE AGCM","3012050","2020-11-03 05:00","2020","11","03","05:00","7.0","","-4.8","","43","","0.0","","16","","11","","","","","M","","","","","NA"
"-113.18","52.18","DELBURNE AGCM","3012050","2020-11-03 06:00","2020","11","03","06:00","9.6","","-6.6","","31","","0.0","","16","","11","","","","","M","","","","","NA"
"-113.18","52.18","DELBURNE AGCM","3012050","2020-11-03 07:00","2020","11","03","07:00","10.1","","-7.6","","28","","0.0","","25","","5","","","","","M","","","","","NA"
"-113.18","52.18","DELBURNE AGCM","3012050","2020-11-03 08:00","2020","11","03","08:00","5.9","","-7.0","","39","","0.0","","13","","10","","","","","M","","","","","NA"
"-113.18","52.18","DELBURNE AGCM","3012050","2020-11-03 09:00","2020","11","03","09:00","9.5","","-6.9","","31","","0.0","","22","","10","","","","","M","","","","","NA"
"-113.18","52.18","DELBURNE AGCM","3012050","2020-11-03 10:00","2020","11","03","10:00","10.8","","-6.0","","30","","0.0","","21","","16","","","","","M","","","","","NA"
"-113.18","52.18","DELBURNE AGCM","3012050","2020-11-03 11:00","2020","11","03","11:00","11.8","","-5.6","","29","","0.0","","23","","17","","","","","M","","","","","NA"
"-113.18","52.18","DELBURNE AGCM","3012050","2020-11-03 12:00","2020","11","03","12:00","14.8","","-3.2","","29","","0.0","","29","","14","","","","","M","","","","","NA"
"-113.18","52.18","DELBURNE AGCM","3012050","2020-11-03 13:00","2020","11","03","13:00","16.0","","-4.1","","25","","0.0","","30","","22","","","","","M","","","","","NA"
"-113.18","52.18","DELBURNE AGCM","3012050","2020-11-03 14:00","2020","11","03","14:00","15.2","","-3.6","","27","","0.0","","31","","14","","","","","M","","","","","NA"
"-113.18","52.18","DELBURNE AGCM","3012050","2020-11-03 15:00","2020","11","03","15:00","14.2","","-3.1","","30","","0.0","","31","","14","","","","","M","","","","","NA"
"-113.18","52.18","DELBURNE AGCM","3012050","2020-11-03 16:00","2020","11","03","16:00","13.6","","-3.3","","31","","0.0","","31","","9","","","","","M","","","","","NA"
"-113.18","52.18","DELBURNE AGCM","3012050","2020-11-03 17:00","2020","11","03","17:00","8.8","","-2.5","","45","","0.0","","32","","8","","","","","M","","","","","NA"
"-113.18","52.18","DELBURNE AGCM","3012050","2020-11-03 18:00","2020","11","03","18:00","7.4","","-2.8","","48","","0.0","","17","","6","","","","","M","","","","","NA"
"-113.18","52.18","DELBURNE AGCM","3012050","2020-11-03 19:00","2020","11","03","19:00","8.9","","-3.0","","43","","0.0","","25","","7","","","","","M","","","","","NA"
"-113.18","52.18","DELBURNE AGCM","3012050","2020-11-03 20:00","2020","11","03","20:00","6.3","","-0.9","","60","","0.0","","16","","8","","","","","M","","","","","NA"
"-113.18","52.18","DELBURNE AGCM","3012050","2020-11-03 21:00","2020","11","03","21:00","7.6","","-1.6","","52","","0.0","","21","","2","","","","","M","","","","","NA"
"-113.18","52.18","DELBURNE AGCM","3012050","2020-11-03 22:00","2020","11","03","22:00","9.0","","-1.1","","49","","0.0","","23","","8","","","","","M","","","","","NA"
"-113.18","52.18","DELBURNE AGCM","3012050","2020-11-03 23:00","2020","11","03","23:00","5.6","","-1.3","","61","","0.0","","22","","9","","","","","M","","","","","NA"
"-113.18","52.18","DELBURNE AGCM","3012050","2020-11-04 00:00","2020","11","04","00:00","4.8","","-1.0","","66","","0.0","","19","","10","","","","","M","","","","","NA"
"-113.18","52.18","DELBURNE AGCM","3012050","2020-11-04 01:00","2020","11","04","01:00","5.2","","-1.0","","64","","0.0","","19","","7","","","","","M","","","","","NA"
"-113.18","52.18","DELBURNE AGCM","3012050","2020-11-04 02:00","2020","11","04","02:00","5.8","","-1.4","","60","","0.0","","19","","10","","","","","M","","","","","NA"
"-113.18","52.18","DELBURNE AGCM","3012050","2020-11-04 03:00","2020","11","04","03:00","5.2","","-0.9","","65","","0.0","","18","","12","","","","","M","","","","","NA"
"-113.18","52.18","DELBURNE AGCM","3012050","2020-11-04 04:00","2020","11","04","04:00","4.8","","-0.7","","68","","0.0","","19","","16","","","","","M","","","","","NA"
"-113.18","52.18","DELBURNE AGCM","3012050","2020-11-04 05:00","2020","11","04","05:00","6.3","","0.0","","64","","0.0","","19","","7","","","","","M","","","","","NA"
"-113.18","52.18","DELBURNE AGCM","3012050","2020-11-04 06:00","2020","11","04","06:00","7.0","","0.8","","65","","0.0","","17","","10","","","","","M","","","","","NA"
"-113.18","52.18","DELBURNE AGCM","3012050","2020-11-04 07:00","2020","11","04","07:00","5.7","","1.0","","72","","0.0","","34","","8","","","","","M","","","","","NA"
"-113.18","52.18","DELBURNE AGCM","3012050","2020-11-04 08:00","2020","11","04","08:00","5.0","","1.3","","77","","0.0","","31","","8","","","","","M","","","","","NA"
"-113.18","52.18","DELBURNE AGCM","3012050","2020-11-04 09:00","2020","11","04","09:00","6.2","","0.2","","65","","0.0","","33","","9","","","","","M","","","","","NA"
"-113.18","52.18","DELBURNE AGCM","3012050","2020-11-04 10:00","2020","11","04","10:00","9.0","","1.7","","60","","0.0","","33","","13","","","","","M","","","","","NA"
"-113.18","52.18","DELBURNE AGCM","3012050","2020-11-04 11:00","2020","11","04","11:00","10.9","","3.0","","58","","0.0","","35","","18","","","","","M","","","","","NA"
"-113.18","52.18","DELBURNE AGCM","3012050","2020-11-04 12:00","2020","11","04","12:00","11.6","","1.9","","51","","0.0","","35","","17","","","","","M","","","","","NA"
"-113.18","52.18","DELBURNE AGCM","3012050","2020-11-04 13:00","2020","11","04","13:00","12.1","","0.7","","45","","0.0","","3","","14","","","","","M","","","","","NA"
"-113.18","52.18","DELBURNE AGCM","3012050","2020-11-04 14:00","2020","11","04","14:00","12.2","","-0.8","","41","","0.0","","5","","9","","","","","M","","","","","NA"
"-113.18","52.18","DELBURNE AGCM","3012050","2020-11-04 15:00","2020","11","04","15:00","11.3","","0.0","","46","","0.0","","6","","12","","","","","M","","","","","NA"
"-113.18","52.18","DELBURNE AGCM","3012050","2020-11-04 16:00","2020","11","04","16:00","10.8","","0.0","","47","","0.0","","9","","14","","","","","M","","","","","NA"
"-113.18","52.18","DELBURNE AGCM","3012050","2020-11-04 17:00","2020","11","04","17:00","9.1","","-0.3","","52","","0.0","","10","","16","","","","","M","","","","","NA"
"-113.18","52.18","DELBURNE AGCM","3012050","2020-11-04 18:00","2020","11","04","18:00","7.4","","0.7","","62","","0.0","","10","","15","","","","","M","","","","","NA"
"-113.18","52.18","DELBURNE AGCM","3012050","2020-11-04 19:00","2020","11","04","19:00","8.1","","1.6","","64","","0.0","","11","","26","","","","","M","","","","","NA"
"-113.18","52.18","DELBURNE AGCM","3012050","2020-11-04 20:00","2020","11","04","20:00","7.6","","1.6","","66","","0.0","","12","","29","","","","","M","","","","","NA"
"-113.18","52.18","DELBURNE AGCM","3012050","2020-11-04 21:00","2020","11","04","21:00","6.9","","1.7","","70","","0.0","","13","","22","","","","","M","","","","","NA"
"-113.18","52.18","DELBURNE AGCM","3012050","2020-11-04 22:00","2020","11","04","22:00","7.5","","2.1","","69","","0.0","","16","","27","","","","","M","","","","","NA"
"-113.18","52.18","DELBURNE AGCM","3012050","2020-11-04 23:00","2020","11","04","23:00","7.1","","2.4","","72","","0.0","","15","","23","","","","","M","","","","","NA"
"-113.18","52.18","DELBURNE AGCM","3012050","2020-11-05 00:00","2020","11","05","00:00","7.9","","2.7","","70","","0.0","","16","","24","","","","","M","","","","","NA"
"-113.18","52.18","DELBURNE AGCM","3012050","2020-11-05 01:00","2020","11","05","01:00","7.1","","2.4","","72","","0.0","","14","","17","","","","","M","","","","","NA"
"-113.18","52.18","DELBURNE AGCM","3012050","2020-11-05 02:00","2020","11","05","02:00","6.7","","2.4","","75","","0.0","","15","","18","","","","","M","","","","","NA"
"-113.18","52.18","DELBURNE AGCM","3012050","2020-11-05 03:00","2020","11","05","03:00","8.8","","2.8","","66","","0.0","","18","","19","","","","","M","","","","","NA"
"-113.18","52.18","DELBURNE AGCM","3012050","2020-11-05 04:00","2020","11","05","04:00","9.2","","3.0","","65","","0.0","","21","","18","","","","","M","","","","","NA"
"-113.18","52.18","DELBURNE AGCM","3012050","2020-11-05 05:00","2020","11","05","05:00","10.5","","3.4","","61","","0.0","","20","","32","","","","","M","","","","","NA"
"-113.18","52.18","DELBURNE AGCM","3012050","2020-11-05 06:00","2020","11","05","06:00","10.3","","3.7","","63","","0.0","","22","","23","","","","","M","","","","","NA"
"-113.18","52.18","DELBURNE AGCM","3012050","2020-11-05 07:00","2020","11","05","07:00","11.1","","3.7","","60","","0.0","","21","","19","","","","","M","","","","","NA"
"-113.18","52.18","DELBURNE AGCM","3012050","2020-11-05 08:00","2020","11","05","08:00","11.0","","3.8","","61","","0.0","","25","","18","","","","","M","","","","","NA"
"-113.18","52.18","DELBURNE AGCM","3012050","2020-11-05 09:00","2020","11","05","09:00","8.9","","2.2","","63","","0.0","","32","","40","","","","","M","","","","","NA"
"-113.18","52.18","DELBURNE AGCM","3012050","2020-11-05 10:00","2020","11","05","10:00","4.0","","1.3","","83","","0.0","","32","","25","","","","","M","","","","","NA"
"-113.18","52.18","DELBURNE AGCM","3012050","2020-11-05 11:00","2020","11","05","11:00","4.2","","2.0","","85","","0.5","","29","","5","","","","","M","","","","","NA"
"-113.18","52.18","DELBURNE AGCM","3012050","2020-11-05 12:00","2020","11","05","12:00","5.8","","2.3","","78","","0.0","","20","","3","","","","","M","","","","","NA"
"-113.18","52.18","DELBURNE AGCM","3012050","2020-11-05 13:00","2020","11","05","13:00","6.6","","2.3","","74","","0.0","","20","","8","","","","","M","","","","","NA"
"-113.18","52.18","DELBURNE AGCM","3012050","2020-11-05 14:00","2020","11","05","14:00","8.1","","2.1","","66","","0.0","","21","","7","","","","","M","","","","","NA"
"-113.18","52.18","DELBURNE AGCM","3012050","2020-11-05 15:00","2020","11","05","15:00","9.0","","-0.5","","51","","0.0","","16","","6","","","","","M","","","","","NA"
"-113.18","52.18","DELBURNE AGCM","3012050","2020-11-05 16:00","2020","11","05","16:00","8.2","","0.5","","59","","0.0","","14","","5","","","","","M","","","","","NA"
"-113.18","52.18","DELBURNE AGCM","3012050","2020-11-05 17:00","2020","11","05","17:00","7.0","","0.9","","65","","0.0","","14","","6","","","","","M","","","","","NA"
"-113.18","52.18","DELBURNE AGCM","3012050","2020-11-05 18:00","2020","11","05","18:00","2.1","","0.0","","86","","1.1","","32","","36","","","","","M","","","","","NA"
"-113.18","52.18","DELBURNE AGCM","3012050","2020-11-05 19:00","2020","11","05","19:00","0.9","","0.4","","97","","1.5","","35","","20","","","","","M","","","","","NA"
"-113.18","52.18","DELBURNE AGCM","3012050","2020-11-05 20:00","2020","11","05","20:00","0.8","","0.3","","97","","0.5","","4","","8","","","","","M","","","","","NA"
"-113.18","52.18","DELBURNE AGCM","3012050","2020-11-05 21:00","2020","11","05","21:00","1.1","","0.5","","96","","0.0","","9","","6","","","","","M","","","","","NA"
"-113.18","52.18","DELBURNE AGCM","3012050","2020-11-05 22:00","2020","11","05","22:00","0.5","","0.0","","97","","0.0","","23","","6","","","","","M","","","","","NA"
"-113.18","52.18","DELBURNE AGCM","3012050","2020-11-05 23:00","2020","11","05","23:00","-0.1","","-0.4","","98","","0.0","","23","","3","","","","","M","","","-1","","NA"
"-113.18","52.18","DELBURNE AGCM","3012050","2020-11-06 00:00","2020","11","06","00:00","0.1","","-0.5","","95","","0.0","","22","","12","","","","","M","","","","","NA"
"-113.18","52.18","DELBURNE AGCM","3012050","2020-11-06 01:00","2020","11","06","01:00","0.0","","-0.9","","94","","0.0","","23","","11","","","","","M","","","-4","","NA"
"-113.18","52.18","DELBURNE AGCM","3012050","2020-11-06 02:00","2020","11","06","02:00","-0.3","","-1.3","","93","","0.0","","23","","11","","","","","M","","","-4","","NA"
"-113.18","52.18","DELBURNE AGCM","3012050","2020-11-06 03:00","2020","11","06","03:00","-1.1","","-2.0","","94","","0.0","","23","","10","","","","","M","","","-5","","NA"
"-113.18","52.18","DELBURNE AGCM","3012050","2020-11-06 04:00","2020","11","06","04:00","-1.3","","-2.3","","93","","0.0","","23","","5","","","","","M","","","-3","","NA"
"-113.18","52.18","DELBURNE AGCM","3012050","2020-11-06 05:00","2020","11","06","05:00","-2.2","","-2.8","","96","","0.0","","30","","1","","","","","M","","","-3","","NA"
"-113.18","52.18","DELBURNE AGCM","3012050","2020-11-06 06:00","2020","11","06","06:00","-2.1","","-2.9","","95","","0.0","","27","","6","","","","","M","","","-4","","NA"
"-113.18","52.18","DELBURNE AGCM","3012050","2020-11-06 07:00","2020","11","06","07:00","-3.9","","-4.8","","94","","0.0","","25","","4","","","","","M","","","-6","","NA"
"-113.18","52.18","DELBURNE AGCM","3012050","2020-11-06 08:00","2020","11","06","08:00","-1.9","","-3.6","","88","","0.0","","25","","8","","","","","M","","","-5","","NA"
"-113.18","52.18","DELBURNE AGCM","3012050","2020-11-06 09:00","2020","11","06","09:00","-0.5","","-3.5","","80","","0.0","","27","","4","","","","","M","","","-2","","NA"
"-113.18","52.18","DELBURNE AGCM","3012050","2020-11-06 10:00","2020","11","06","10:00","-0.9","","-3.4","","83","","0.0","","28","","7","","","","","M","","","-3","","NA"
"-113.18","52.18","DELBURNE AGCM","3012050","2020-11-06 11:00","2020","11","06","11:00","-0.8","","-1.8","","93","","0.0","","36","","9","","","","","M","","","-4","","NA"
"-113.18","52.18","DELBURNE AGCM","3012050","2020-11-06 12:00","2020","11","06","12:00","-0.5","","-0.9","","97","","0.0","","1","","11","","","","","M","","","-4","","NA"
"-113.18","52.18","DELBURNE AGCM","3012050","2020-11-06 13:00","2020","11","06","13:00","-0.8","","-1.1","","98","","0.0","","6","","7","","","","","M","","","-3","","NA"
"-113.18","52.18","DELBURNE AGCM","3012050","2020-11-06 14:00","2020","11","06","14:00","-1.0","","-1.3","","98","","0.0","","6","","8","","","","","M","","","-4","","NA"
"-113.18","52.18","DELBURNE AGCM","3012050","2020-11-06 15:00","2020","11","06","15:00","-1.3","","-1.3","","100","","0.0","","8","","9","","","","","M","","","-5","","NA"
"-113.18","52.18","DELBURNE AGCM","3012050","2020-11-06 16:00","2020","11","06","16:00","-1.3","","-1.3","","100","","0.0","","10","","10","","","","","M","","","-5","","NA"
"-113.18","52.18","DELBURNE AGCM","3012050","2020-11-06 17:00","2020","11","06","17:00","-1.7","","-1.7","","100","","0.0","","9","","9","","","","","M","","","-5","","NA"
"-113.18","52.18","DELBURNE AGCM","3012050","2020-11-06 18:00","2020","11","06","18:00","-1.8","","-1.8","","100","","0.0","","10","","12","","","","","M","","","-6","","NA"
"-113.18","52.18","DELBURNE AGCM","3012050","2020-11-06 19:00","2020","11","06","19:00","-1.7","","-1.7","","100","","0.0","","11","","13","","","","","M","","","-6","","NA"
"-113.18","52.18","DELBURNE AGCM","3012050","2020-11-06 20:00","2020","11","06","20:00","-1.7","","-1.7","","100","","0.0","","13","","20","","","","","M","","","-7","","NA"
"-113.18","52.18","DELBURNE AGCM","3012050","2020-11-06 21:00","2020","11","06","21:00","-1.5","","-1.5","","100","","0.0","","12","","18","","","","","M","","","-7","","NA"
"-113.18","52.18","DELBURNE AGCM","3012050","2020-11-06 22:00","2020","11","06","22:00","-1.1","","-1.1","","100","","0.0","","12","","14","","","","","M","","","-6","","NA"
"-113.18","52.18","DELBURNE AGCM","3012050","2020-11-06 23:00","2020","11","06","23:00","-0.9","","-0.9","","100","","0.0","","12","","16","","","","","M","","","-6","","NA"
"-113.18","52.18","DELBURNE AGCM","3012050","2020-11-07 00:00","2020","11","07","00:00","-0.5","","-0.5","","100","","0.0","","12","","13","","","","","M","","","-5","","NA"
"-113.18","52.18","DELBURNE AGCM","3012050","2020-11-07 01:00","2020","11","07","01:00","-0.3","","-0.3","","100","","0.0","","12","","19","","","","","M","","","-5","","NA"
"-113.18","52.18","DELBURNE AGCM","3012050","2020-11-07 02:00","2020","11","07","02:00","-0.2","","-0.2","","100","","0.0","","11","","14","","","","","M","","","-4","","NA"
"-113.18","52.18","DELBURNE AGCM","3012050","2020-11-07 03:00","2020","11","07","03:00","-0.3","","-0.3","","100","","0.0","","12","","18","","","","","M","","","-5","","NA"
"-113.18","52.18","DELBURNE AGCM","3012050","2020-11-07 04:00","2020","11","07","04:00","-0.4","","-0.4","","100","","0.0","","11","","8","","","","","M","","","-3","","NA"
"-113.18","52.18","DELBURNE AGCM","3012050","2020-11-07 05:00","2020","11","07","05:00","-0.4","","-0.4","","100","","0.0","","10","","9","","","","","M","","","-4","","NA"
"-113.18","52.18","DELBURNE AGCM","3012050","2020-11-07 06:00","2020","11","07","06:00","-0.8","","-0.8","","100","","1.0","","10","","10","","","","","M","","","-4","","NA"
"-113.18","52.18","DELBURNE AGCM","3012050","2020-11-07 07:00","2020","11","07","07:00","-1.0","","-1.0","","100","","0.0","","10","","7","","","","","M","","","-4","","NA"
"-113.18","52.18","DELBURNE AGCM","3012050","2020-11-07 08:00","2020","11","07","08:00","-1.1","","-1.1","","100","","0.4","","8","","6","","","","","M","","","-3","","NA"
"-113.18","52.18","DELBURNE AGCM","3012050","2020-11-07 09:00","2020","11","07","09:00","-1.3","","-1.3","","100","","0.0","","6","","7","","","","","M","","","-4","","NA"
"-113.18","52.18","DELBURNE AGCM","3012050","2020-11-07 10:00","2020","11","07","10:00","-1.5","","-1.5","","100","","0.0","","7","","9","","","","","M","","","-5","","NA"
"-113.18","52.18","DELBURNE AGCM","3012050","2020-11-07 11:00","2020","11","07","11:00","-1.6","","-1.8","","98","","0.0","","3","","9","","","","","M","","","-5","","NA"
"-113.18","52.18","DELBURNE AGCM","3012050","2020-11-07 12:00","2020","11","07","12:00","-2.0","","-2.2","","98","","1.0","","1","","9","","","","","M","","","-5","","NA"
"-113.18","52.18","DELBURNE AGCM","3012050","2020-11-07 13:00","2020","11","07","13:00","-2.1","","-2.4","","98","","0.0","","35","","15","","","","","M","","","-7","","NA"
"-113.18","52.18","DELBURNE AGCM","3012050","2020-11-07 14:00","2020","11","07","14:00","-2.9","","-3.3","","97","","0.0","","33","","19","","","","","M","","","-9","","NA"
"-113.18","52.18","DELBURNE AGCM","3012050","2020-11-07 15:00","2020","11","07","15:00","-4.7","","-5.7","","92","","0.0","","32","","30","","","","","M","","","-13","","NA"
"-113.18","52.18","DELBURNE AGCM","3012050","2020-11-07 16:00","2020","11","07","16:00","-4.8","","-6.0","","91","","0.0","","33","","29","","","","","M","","","-13","","NA"
"-113.18","52.18","DELBURNE AGCM","3012050","2020-11-07 17:00","2020","11","07","17:00","-5.8","","-7.0","","92","","0.0","","32","","26","","","","","M","","","-14","","NA"
"-113.18","52.18","DELBURNE AGCM","3012050","2020-11-07 18:00","2020","11","07","18:00","-6.6","","-7.7","","92","","0.0","","31","","27","","","","","M","","","-15","","NA"
"-113.18","52.18","DELBURNE AGCM","3012050","2020-11-07 19:00","2020","11","07","19:00","-7.3","","-8.8","","89","","0.0","","31","","31","","","","","M","","","-16","","NA"
"-113.18","52.18","DELBURNE AGCM","3012050","2020-11-07 20:00","2020","11","07","20:00","-7.9","","-9.3","","90","","0.0","","31","","27","","","","","M","","","-16","","NA"
"-113.18","52.18","DELBURNE AGCM","3012050","2020-11-07 21:00","2020","11","07","21:00","-8.2","","-9.7","","89","","0.0","","32","","29","","","","","M","","","-17","","NA"
"-113.18","52.18","DELBURNE AGCM","3012050","2020-11-07 22:00","2020","11","07","22:00","-8.4","","-9.8","","89","","0.4","","32","","32","","","","","M","","","-18","","NA"
"-113.18","52.18","DELBURNE AGCM","3012050","2020-11-07 23:00","2020","11","07","23:00","-8.7","","-9.7","","92","","0.0","","31","","30","","","","","M","","","-18","","NA"
"-113.18","52.18","DELBURNE AGCM","3012050","2020-11-08 00:00","2020","11","08","00:00","-9.0","","-10.3","","90","","0.0","","31","","30","","","","","M","","","-18","","NA"
"-113.18","52.18","DELBURNE AGCM","3012050","2020-11-08 01:00","2020","11","08","01:00","-9.4","","-10.7","","90","","0.0","","31","","33","","","","","M","","","-19","","NA"
"-113.18","52.18","DELBURNE AGCM","3012050","2020-11-08 02:00","2020","11","08","02:00","-9.6","","-10.8","","91","","0.0","","31","","31","","","","","M","","","-19","","NA"
"-113.18","52.18","DELBURNE AGCM","3012050","2020-11-08 03:00","2020","11","08","03:00","-9.8","","-11.0","","91","","0.0","","31","","30","","","","","M","","","-19","","NA"
"-113.18","52.18","DELBURNE AGCM","3012050","2020-11-08 04:00","2020","11","08","04:00","-9.8","","-11.5","","88","","0.0","","31","","33","","","","","M","","","-20","","NA"
"-113.18","52.18","DELBURNE AGCM","3012050","2020-11-08 05:00","2020","11","08","05:00","-10.0","","-11.7","","87","","0.0","","31","","35","","","","","M","","","-20","","NA"
"-113.18","52.18","DELBURNE AGCM","3012050","2020-11-08 06:00","2020","11","08","06:00","-10.1","","-11.9","","86","","0.0","","31","","34","","","","","M","","","-20","","NA"
"-113.18","52.18","DELBURNE AGCM","3012050","2020-11-08 07:00","2020","11","08","07:00","-10.1","","-12.1","","85","","0.0","","31","","33","","","","","M","","","-20","","NA"
"-113.18","52.18","DELBURNE AGCM","3012050","2020-11-08 08:00","2020","11","08","08:00","-10.4","","-13.0","","81","","0.0","","31","","31","","","","","M","","","-20","","NA"
"-113.18","52.18","DELBURNE AGCM","3012050","2020-11-08 09:00","2020","11","08","09:00","-10.5","","-13.5","","78","","0.0","","31","","34","","","","","M","","","-21","","NA"
"-113.18","52.18","DELBURNE AGCM","3012050","2020-11-08 10:00","2020","11","08","10:00","-10.5","","-13.7","","77","","0.0","","32","","39","","","","","M","","","-21","","NA"
"-113.18","52.18","DELBURNE AGCM","3012050","2020-11-08 11:00","2020","11","08","11:00","-10.2","","-13.8","","75","","0.0","","31","","41","","","","","M","","","-21","","NA"
"-113.18","52.18","DELBURNE AGCM","3012050","2020-11-08 12:00","2020","11","08","12:00","-9.6","","-13.9","","71","","0.0","","32","","35","","","","","M","","","-20","","NA"
"-113.18","52.18","DELBURNE AGCM","3012050","2020-11-08 13:00","2020","11","08","13:00","-9.3","","-14.1","","68","","0.0","","31","","36","","","","","M","","","-19","","NA"
"-113.18","52.18","DELBURNE AGCM","3012050","2020-11-08 14:00","2020","11","08","14:00","-9.1","","-12.3","","77","","0.0","","31","","37","","","","","M","","","-19","","NA"
"-113.18","52.18","DELBURNE AGCM","3012050","2020-11-08 15:00","2020","11","08","15:00","-8.9","","-11.6","","81","","0.0","","31","","37","","","","","M","","","-19","","NA"
"-113.18","52.18","DELBURNE AGCM","3012050","2020-11-08 16:00","2020","11","08","16:00","-8.7","","-11.5","","80","","0.0","","32","","28","","","","","M","","","-18","","NA"
"-113.18","52.18","DELBURNE AGCM","3012050","2020-11-08 17:00","2020","11","08","17:00","-8.6","","-11.4","","80","","0.0","","32","","30","","","","","M","","","-18","","NA"
"-113.18","52.18","DELBURNE AGCM","3012050","2020-11-08 18:00","2020","11","08","18:00","-8.6","","-11.5","","80","","0.0","","31","","26","","","","","M","","","-17","","NA"
"-113.18","52.18","DELBURNE AGCM","3012050","2020-11-08 19:00","2020","11","08","19:00","-8.8","","-10.9","","85","","0.0","","31","","18","","","","","M","","","-16","","NA"
"-113.18","52.18","DELBURNE AGCM","3012050","2020-11-08 20:00","2020","11","08","20:00","-8.6","","-10.5","","86","","0.0","","31","","18","","","","","M","","","-16","","NA"
"-113.18","52.18","DELBURNE AGCM","3012050","2020-11-08 21:00","2020","11","08","21:00","-8.2","","-10.1","","86","","0.0","","30","","19","","","","","M","","","-15","","NA"
"-113.18","52.18","DELBURNE AGCM","3012050","2020-11-08 22:00","2020","11","08","22:00","-7.7","","-9.5","","87","","0.0","","31","","16","","","","","M","","","-14","","NA"
"-113.18","52.18","DELBURNE AGCM","3012050","2020-11-08 23:00","2020","11","08","23:00","-9.1","","-11.0","","86","","0.0","","29","","12","","","","","M","","","-15","","NA"
"-113.18","52.18","DELBURNE AGCM","3012050","2020-11-09 00:00","2020","11","09","00:00","-11.4","","-12.5","","92","","0.0","","27","","12","","","","","M","","","-18","","NA"
"-113.18","52.18","DELBURNE AGCM","3012050","2020-11-09 01:00","2020","11","09","01:00","-12.0","","-13.2","","91","","0.0","","28","","9","","","","","M","","","-17","","NA"
"-113.18","52.18","DELBURNE AGCM","3012050","2020-11-09 02:00","2020","11","09","02:00","-11.8","","-13.1","","90","","0.0","","27","","6","","","","","M","","","-16","","NA"
"-113.18","52.18","DELBURNE AGCM","3012050","2020-11-09 03:00","2020","11","09","03:00","-12.5","","-13.4","","93","","0.0","","25","","6","","","","","M","","","-16","","NA"
"-113.18","52.18","DELBURNE AGCM","3012050","2020-11-09 04:00","2020","11","09","04:00","-14.4","","-15.7","","90","","0.0","","23","","10","","","","","M","","","-21","","NA"
"-113.18","52.18","DELBURNE AGCM","3012050","2020-11-09 05:00","2020","11","09","05:00","-14.4","","-15.5","","91","","0.0","","16","","7","","","","","M","","","-19","","NA"
"-113.18","52.18","DELBURNE AGCM","3012050","2020-11-09 06:00","2020","11","09","06:00","-14.2","","-15.4","","91","","0.0","","18","","9","","","","","M","","","-20","","NA"
"-113.18","52.18","DELBURNE AGCM","3012050","2020-11-09 07:00","2020","11","09","07:00","-13.2","","-14.6","","90","","0.0","","15","","12","","","","","M","","","-20","","NA"
"-113.18","52.18","DELBURNE AGCM","3012050","2020-11-09 08:00","2020","11","09","08:00","-13.0","","-14.8","","86","","0.0","","17","","16","","","","","M","","","-21","","NA"
"-113.18","52.18","DELBURNE AGCM","3012050","2020-11-09 09:00","2020","11","09","09:00","-10.5","","-13.1","","81","","0.0","","16","","15","","","","","M","","","-17","","NA"
"-113.18","52.18","DELBURNE AGCM","3012050","2020-11-09 10:00","2020","11","09","10:00","-8.2","","-12.0","","74","","0.0","","16","","18","","","","","M","","","-15","","NA"
"-113.18","52.18","DELBURNE AGCM","3012050","2020-11-09 11:00","2020","11","09","11:00","-6.5","","-11.6","","67","","0.0","","16","","19","","","","","M","","","-13","","NA"
"-113.18","52.18","DELBURNE AGCM","3012050","2020-11-09 12:00","2020","11","09","12:00","-5.3","","-10.8","","66","","0.0","","15","","19","","","","","M","","","-12","","NA"
"-113.18","52.18","DELBURNE AGCM","3012050","2020-11-09 13:00","2020","11","09","13:00","-5.2","","-10.1","","68","","0.0","","15","","13","","","","","M","","","-10","","NA"
"-113.18","52.18","DELBURNE AGCM","3012050","2020-11-09 14:00","2020","11","09","14:00","-3.8","","-9.0","","67","","0.0","","15","","13","","","","","M","","","-9","","NA"
"-113.18","52.18","DELBURNE AGCM","3012050","2020-11-09 15:00","2020","11","09","15:00","-4.1","","-8.7","","70","","0.0","","16","","19","","","","","M","","","-10","","NA"
"-113.18","52.18","DELBURNE AGCM","3012050","2020-11-09 16:00","2020","11","09","16:00","-4.6","","-8.2","","76","","0.0","","16","","18","","","","","M","","","-11","","NA"
"-113.18","52.18","DELBURNE AGCM","3012050","2020-11-09 17:00","2020","11","09","17:00","-4.6","","-7.9","","77","","0.0","","17","","15","","","","","M","","","-10","","NA"
"-113.18","52.18","DELBURNE AGCM","3012050","2020-11-09 18:00","2020","11","09","18:00","-4.7","","-7.7","","79","","0.0","","16","","16","","","","","M","","","-10","","NA"
"-113.18","52.18","DELBURNE AGCM","3012050","2020-11-09 19:00","2020","11","09","19:00","-4.9","","-7.5","","82","","0.0","","16","","19","","","","","M","","","-11","","NA"
"-113.18","52.18","DELBURNE AGCM","3012050","2020-11-09 20:00","2020","11","09","20:00","-5.1","","-7.6","","83","","0.0","","16","","16","","","","","M","","","-11","","NA"
"-113.18","52.18","DELBURNE AGCM","3012050","2020-11-09 21:00","2020","11","09","21:00","-5.6","","-7.7","","85","","0.0","","15","","9","","","","","M","","","-10","","NA"
"-113.18","52.18","DELBURNE AGCM","3012050","2020-11-09 22:00","2020","11","09","22:00","-5.5","","-7.3","","87","","0.0","","16","","6","","","","","M","","","-8","","NA"
"-113.18","52.18","DELBURNE AGCM","3012050","2020-11-09 23:00","2020","11","09","23:00","-5.1","","-7.4","","84","","0.0","","25","","4","","","","","M","","","-7","","NA"
"-113.18","52.18","DELBURNE AGCM","3012050","2020-11-10 00:00","2020","11","10","00:00","-4.9","","-7.0","","85","","0.0","","21","","3","","","","","M","","","-6","","NA"
"-113.18","52.18","DELBURNE AGCM","3012050","2020-11-10 01:00","2020","11","10","01:00","-4.3","","-6.3","","86","","0.0","","28","","5","","","","","M","","","-6","","NA"
"-113.18","52.18","DELBURNE AGCM","3012050","2020-11-10 02:00","2020","11","10","02:00","-2.8","","-4.6","","88","","0.0","","27","","7","","","","","M","","","-6","","NA"
"-113.18","52.18","DELBURNE AGCM","3012050","2020-11-10 03:00","2020","11","10","03:00","-2.6","","-3.3","","96","","0.0","","27","","4","","","","","M","","","-4","","NA"
"-113.18","52.18","DELBURNE AGCM","3012050","2020-11-10 04:00","2020","11","10","04:00","-1.1","","-1.3","","98","","1.0","","28","","11","","","","","M","","","-5","","NA"
"-113.18","52.18","DELBURNE AGCM","3012050","2020-11-10 05:00","2020","11","10","05:00","-0.6","","-0.6","","100","","1.1","","29","","12","","","","","M","","","-5","","NA"
"-113.18","52.18","DELBURNE AGCM","3012050","2020-11-10 06:00","2020","11","10","06:00","-0.1","","-0.1","","100","","0.6","","30","","17","","","","","M","","","-5","","NA"
"-113.18","52.18","DELBURNE AGCM","3012050","2020-11-10 07:00","2020","11","10","07:00","0.0","","0.0","","100","","0.5","","30","","17","","","","","M","","","-5","","NA"
"-113.18","52.18","DELBURNE AGCM","3012050","2020-11-10 08:00","2020","11","10","08:00","-0.1","","-0.1","","100","","0.6","","30","","18","","","","","M","","","-5","","NA"
"-113.18","52.18","DELBURNE AGCM","3012050","2020-11-10 09:00","2020","11","10","09:00","0.0","","0.0","","100","","0.0","","29","","16","","","","","M","","","-5","","NA"
"-113.18","52.18","DELBURNE AGCM","3012050","2020-11-10 10:00","2020","11","10","10:00","-0.1","","-0.1","","100","","0.7","","29","","20","","","","","M","","","-5","","NA"
"-113.18","52.18","DELBURNE AGCM","3012050","2020-11-10 11:00","2020","11","10","11:00","-0.5","","-0.5","","100","","0.7","","30","","25","","","","","M","","","-7","","NA"
"-113.18","52.18","DELBURNE AGCM","3012050","2020-11-10 12:00","2020","11","10","12:00","-0.5","","-0.9","","97","","0.0","","30","","23","","","","","M","","","-6","","NA"
"-113.18","52.18","DELBURNE AGCM","3012050","2020-11-10 13:00","2020","11","10","13:00","-0.7","","-1.5","","94","","0.0","","30","","22","","","","","M","","","-6","","NA"
"-113.18","52.18","DELBURNE AGCM","3012050","2020-11-10 14:00","2020","11","10","14:00","-1.0","","-1.9","","94","","0.0","","30","","27","","","","","M","","","-7","","NA"
"-113.18","52.18","DELBURNE AGCM","3012050","2020-11-10 15:00","2020","11","10","15:00","-1.2","","-1.7","","97","","0.0","","30","","23","","","","","M","","","-7","","NA"
"-113.18","52.18","DELBURNE AGCM","3012050","2020-11-10 16:00","2020","11","10","16:00","-1.4","","-1.8","","97","","0.0","","31","","28","","","","","M","","","-8","","NA"
"-113.18","52.18","DELBURNE AGCM","3012050","2020-11-10 17:00","2020","11","10","17:00","-3.3","","-3.8","","96","","0.5","","35","","31","","","","","M","","","-11","","NA"
"-113.18","52.18","DELBURNE AGCM","3012050","2020-11-10 18:00","2020","11","10","18:00","-4.3","","-5.3","","92","","0.0","","34","","33","","","","","M","","","-12","","NA"
"-113.18","52.18","DELBURNE AGCM","3012050","2020-11-10 19:00","2020","11","10","19:00","-4.8","","-5.9","","92","","0.0","","33","","34","","","","","M","","","-13","","NA"
"-113.18","52.18","DELBURNE AGCM","3012050","2020-11-10 20:00","2020","11","10","20:00","-5.7","","-6.9","","92","","0.0","","32","","40","","","","","M","","","-15","","NA"
"-113.18","52.18","DELBURNE AGCM","3012050","2020-11-10 21:00","2020","11","10","21:00","-6.3","","-7.4","","92","","0.0","","32","","25","","","","","M","","","-14","","NA"
"-113.18","52.18","DELBURNE AGCM","3012050","2020-11-10 22:00","2020","11","10","22:00","-6.9","","-7.9","","92","","0.0","","32","","25","","","","","M","","","-15","","NA"
"-113.18","52.18","DELBURNE AGCM","3012050","2020-11-10 23:00","2020","11","10","23:00","-7.2","","-8.0","","94","","0.0","","32","","19","","","","","M","","","-14","","NA"
"-113.18","52.18","DELBURNE AGCM","3012050","2020-11-11 00:00","2020","11","11","00:00","-7.3","","-8.0","","94","","0.0","","30","","26","","","","","M","","","-15","","NA"
"-113.18","52.18","DELBURNE AGCM","3012050","2020-11-11 01:00","2020","11","11","01:00","-8.2","","-9.7","","89","","0.4","","32","","29","","","","","M","","","-17","","NA"
"-113.18","52.18","DELBURNE AGCM","3012050","2020-11-11 02:00","2020","11","11","02:00","-8.7","","-10.0","","90","","0.0","","32","","21","","","","","M","","","-16","","NA"
"-113.18","52.18","DELBURNE AGCM","3012050","2020-11-11 03:00","2020","11","11","03:00","-8.9","","-10.1","","91","","0.0","","32","","22","","","","","M","","","-17","","NA"
"-113.18","52.18","DELBURNE AGCM","3012050","2020-11-11 04:00","2020","11","11","04:00","-9.2","","-10.6","","90","","0.0","","31","","22","","","","","M","","","-17","","NA"
"-113.18","52.18","DELBURNE AGCM","3012050","2020-11-11 05:00","2020","11","11","05:00","-9.7","","-11.1","","89","","0.0","","31","","22","","","","","M","","","-18","","NA"
"-113.18","52.18","DELBURNE AGCM","3012050","2020-11-11 06:00","2020","11","11","06:00","-10.0","","-11.4","","89","","0.0","","31","","23","","","","","M","","","-18","","NA"
"-113.18","52.18","DELBURNE AGCM","3012050","2020-11-11 07:00","2020","11","11","07:00","-10.2","","-11.6","","89","","0.0","","31","","18","","","","","M","","","-18","","NA"
"-113.18","52.18","DELBURNE AGCM","3012050","2020-11-11 08:00","2020","11","11","08:00","-10.9","","-12.6","","87","","0.0","","31","","22","","","","","M","","","-19","","NA"
"-113.18","52.18","DELBURNE AGCM","3012050","2020-11-11 09:00","2020","11","11","09:00","-11.6","","-13.4","","86","","0.0","","31","","22","","","","","M","","","-20","","NA"
"-113.18","52.18","DELBURNE AGCM","3012050","2020-11-11 10:00","2020","11","11","10:00","-12.1","","-14.8","","81","","0.0","","30","","16","","","","","M","","","-20","","NA"
"-113.18","52.18","DELBURNE AGCM","3012050","2020-11-11 11:00","2020","11","11","11:00","-12.4","","-15.4","","78","","0.0","","30","","11","","","","","M","","","-18","","NA"
"-113.18","52.18","DELBURNE AGCM","3012050","2020-11-11 12:00","2020","11","11","12:00","-12.1","","-15.1","","78","","0.0","","30","","11","","","","","M","","","-18","","NA"
"-113.18","52.18","DELBURNE AGCM","3012050","2020-11-11 13:00","2020","11","11","13:00","-11.5","","-15.6","","72","","0.0","","30","","6","","","","","M","","","-15","","NA"
"-113.18","52.18","DELBURNE AGCM","3012050","2020-11-11 14:00","2020","11","11","14:00","-9.6","","-15.3","","63","","0.0","","33","","3","","","","","M","","","-11","","NA"
"-113.18","52.18","DELBURNE AGCM","3012050","2020-11-11 15:00","2020","11","11","15:00","-10.2","","-15.7","","64","","0.0","","0","","1","","","","","M","","","-11","","NA"
"-113.18","52.18","DELBURNE AGCM","3012050","2020-11-11 16:00","2020","11","11","16:00","-12.7","","-17.2","","69","","0.0","","15","","5","","","","","M","","","-16","","NA"
"-113.18","52.18","DELBURNE AGCM","3012050","2020-11-11 17:00","2020","11","11","17:00","-15.5","","-18.2","","80","","0.0","","18","","7","","","","","M","","","-20","","NA"
"-113.18","52.18","DELBURNE AGCM","3012050","2020-11-11 18:00","2020","11","11","18:00","-15.4","","-17.8","","82","","0.0","","16","","12","","","","","M","","","-22","","NA"
"-113.18","52.18","DELBURNE AGCM","3012050","2020-11-11 19:00","2020","11","11","19:00","-15.4","","-17.4","","84","","0.0","","17","","14","","","","","M","","","-23","","NA"
"-113.18","52.18","DELBURNE AGCM","3012050","2020-11-11 20:00","2020","11","11","20:00","-14.7","","-17.2","","81","","0.0","","17","","16","","","","","M","","","-23","","NA"
"-113.18","52.18","DELBURNE AGCM","3012050","2020-11-11 21:00","2020","11","11","21:00","-14.4","","-17.3","","78","","0.0","","17","","16","","","","","M","","","-22","","NA"
"-113.18","52.18","DELBURNE AGCM","3012050","2020-11-11 22:00","2020","11","11","22:00","-14.0","","-16.5","","81","","0.0","","16","","16","","","","","M","","","-22","","NA"
"-113.18","52.18","DELBURNE AGCM","3012050","2020-11-11 23:00","2020","11","11","23:00","-14.6","","-16.7","","84","","0.0","","15","","12","","","","","M","","","-21","","NA"
"-113.18","52.18","DELBURNE AGCM","3012050","2020-11-12 00:00","2020","11","12","00:00","-14.0","","-16.3","","83","","0.0","","16","","16","","","","","M","","","-22","","NA"
"-113.18","52.18","DELBURNE AGCM","3012050","2020-11-12 01:00","2020","11","12","01:00","-16.2","","-17.9","","86","","0.0","","13","","13","","","","","M","","","-24","","NA"
"-113.18","52.18","DELBURNE AGCM","3012050","2020-11-12 02:00","2020","11","12","02:00","-16.4","","-18.4","","85","","0.0","","13","","15","","","","","M","","","-25","","NA"
"-113.18","52.18","DELBURNE AGCM","3012050","2020-11-12 03:00","2020","11","12","03:00","-15.6","","-17.9","","82","","0.0","","12","","14","","","","","M","","","-23","","NA"
"-113.18","52.18","DELBURNE AGCM","3012050","2020-11-12 04:00","2020","11","12","04:00","-16.2","","-18.6","","82","","0.0","","14","","15","","","","","M","","","-24","","NA"
"-113.18","52.18","DELBURNE AGCM","3012050","2020-11-12 05:00","2020","11","12","05:00","-17.0","","-19.3","","82","","0.0","","14","","16","","","","","M","","","-26","","NA"
"-113.18","52.18","DELBURNE AGCM","3012050","2020-11-12 06:00","2020","11","12","06:00","-17.2","","-19.5","","82","","0.0","","14","","16","","","","","M","","","-26","","NA"
"-113.18","52.18","DELBURNE AGCM","3012050","2020-11-12 07:00","2020","11","12","07:00","-16.5","","-18.8","","83","","0.0","","15","","12","","","","","M","","","-24","","NA"
"-113.18","52.18","DELBURNE AGCM","3012050","2020-11-12 08:00","2020","11","12","08:00","-14.0","","-16.5","","81","","0.0","","15","","9","","","","","M","","","-20","","NA"
"-113.18","52.18","DELBURNE AGCM","3012050","2020-11-12 09:00","2020","11","12","09:00","-12.0","","-15.2","","77","","0.0","","15","","14","","","","","M","","","-19","","NA"
"-113.18","52.18","DELBURNE AGCM","3012050","2020-11-12 10:00","2020","11","12","10:00","-10.9","","-14.2","","77","","0.0","","13","","11","","","","","M","","","-17","","NA"
"-113.18","52.18","DELBURNE AGCM","3012050","2020-11-12 11:00","2020","11","12","11:00","-8.4","","-12.4","","73","","0.0","","15","","19","","","","","M","","","-16","","NA"
"-113.18","52.18","DELBURNE AGCM","3012050","2020-11-12 12:00","2020","11","12","12:00","-5.6","","-10.4","","69","","0.0","","16","","12","","","","","M","","","-11","","NA"
"-113.18","52.18","DELBURNE AGCM","3012050","2020-11-12 13:00","2020","11","12","13:00","-5.0","","-10.2","","67","","0.0","","15","","14","","","","","M","","","-10","","NA"
"-113.18","52.18","DELBURNE AGCM","3012050","2020-11-12 14:00","2020","11","12","14:00","-2.8","","-9.3","","61","","0.0","","19","","9","","","","","M","","","-6","","NA"
"-113.18","52.18","DELBURNE AGCM","3012050","2020-11-12 15:00","2020","11","12","15:00","-3.1","","-9.3","","62","","0.0","","18","","11","","","","","M","","","-7","","NA"
"-113.18","52.18","DELBURNE AGCM","3012050","2020-11-12 16:00","2020","11","12","16:00","-4.7","","-10.1","","66","","0.0","","16","","13","","","","","M","","","-10","","NA"
"-113.18","52.18","DELBURNE AGCM","3012050","2020-11-12 17:00","2020","11","12","17:00","-9.8","","-12.6","","80","","0.0","","13","","11","","","","","M","","","-15","","NA"
"-113.18","52.18","DELBURNE AGCM","3012050","2020-11-12 18:00","2020","11","12","18:00","-9.2","","-12.3","","78","","0.0","","14","","14","","","","","M","","","-16","","NA"
"-113.18","52.18","DELBURNE AGCM","3012050","2020-11-12 19:00","2020","11","12","19:00","-9.3","","-12.2","","80","","0.0","","15","","15","","","","","M","","","-16","","NA"
"-113.18","52.18","DELBURNE AGCM","3012050","2020-11-12 20:00","2020","11","12","20:00","-6.8","","-11.2","","71","","0.0","","17","","15","","","","","M","","","-13","","NA"
"-113.18","52.18","DELBURNE AGCM","3012050","2020-11-12 21:00","2020","11","12","21:00","-4.0","","-11.5","","56","","0.0","","18","","14","","","","","M","","","-9","","NA"
"-113.18","52.18","DELBURNE AGCM","3012050","2020-11-12 22:00","2020","11","12","22:00","-4.9","","-11.3","","61","","0.0","","15","","13","","","","","M","","","-10","","NA"
"-113.18","52.18","DELBURNE AGCM","3012050","2020-11-12 23:00","2020","11","12","23:00","-3.7","","-11.5","","55","","0.0","","18","","15","","","","","M","","","-9","","NA"
"-113.18","52.18","DELBURNE AGCM","3012050","2020-11-13 00:00","2020","11","13","00:00","-4.9","","-12.2","","57","","0.0","","15","","17","","","","","M","","","-11","","NA"
"-113.18","52.18","DELBURNE AGCM","3012050","2020-11-13 01:00","2020","11","13","01:00","-6.8","","-11.9","","67","","0.0","","15","","12","","","","","M","","","-12","","NA"
"-113.18","52.18","DELBURNE AGCM","3012050","2020-11-13 02:00","2020","11","13","02:00","-7.6","","-11.6","","73","","0.0","","15","","10","","","","","M","","","-12","","NA"
"-113.18","52.18","DELBURNE AGCM","3012050","2020-11-13 03:00","2020","11","13","03:00","-4.9","","-10.9","","63","","0.0","","19","","12","","","","","M","","","-10","","NA"
"-113.18","52.18","DELBURNE AGCM","3012050","2020-11-13 04:00","2020","11","13","04:00","-5.8","","-11.2","","66","","0.0","","17","","13","","","","","M","","","-11","","NA"
"-113.18","52.18","DELBURNE AGCM","3012050","2020-11-13 05:00","2020","11","13","05:00","-5.3","","-11.4","","63","","0.0","","16","","14","","","","","M","","","-11","","NA"
"-113.18","52.18","DELBURNE AGCM","3012050","2020-11-13 06:00","2020","11","13","06:00","-6.7","","-11.9","","66","","0.0","","13","","10","","","","","M","","","-11","","NA"
"-113.18","52.18","DELBURNE AGCM","3012050","2020-11-13 07:00","2020","11","13","07:00","-6.8","","-10.7","","74","","0.0","","18","","8","","","","","M","","","-11","","NA"
"-113.18","52.18","DELBURNE AGCM","3012050","2020-11-13 08:00","2020","11","13","08:00","-7.6","","-11.4","","74","","0.0","","14","","11","","","","","M","","","-13","","NA"
"-113.18","52.18","DELBURNE AGCM","3012050","2020-11-13 09:00","2020","11","13","09:00","-6.3","","-9.8","","76","","0.0","","13","","16","","","","","M","","","-12","","NA"
"-113.18","52.18","DELBURNE AGCM","3012050","2020-11-13 10:00","2020","11","13","10:00","-5.4","","-9.2","","75","","0.0","","14","","12","","","","","M","","","-10","","NA"
"-113.18","52.18","DELBURNE AGCM","3012050","2020-11-13 11:00","2020","11","13","11:00","-4.1","","-8.2","","73","","0.0","","16","","12","","","","","M","","","-9","","NA"
"-113.18","52.18","DELBURNE AGCM","3012050","2020-11-13 12:00","2020","11","13","12:00","-2.7","","-7.2","","71","","0.0","","15","","10","","","","","M","","","-7","","NA"
"-113.18","52.18","DELBURNE AGCM","3012050","2020-11-13 13:00","2020","11","13","13:00","-3.9","","-7.8","","74","","0.0","","15","","10","","","","","M","","","-8","","NA"
"-113.18","52.18","DELBURNE AGCM","3012050","2020-11-13 14:00","2020","11","13","14:00","-2.3","","-7.3","","68","","0.0","","12","","7","","","","","M","","","-5","","NA"
"-113.18","52.18","DELBURNE AGCM","3012050","2020-11-13 15:00","2020","11","13","15:00","-1.0","","-7.4","","62","","0.0","","35","","1","","","","","M","","","-1","","NA"
"-113.18","52.18","DELBURNE AGCM","3012050","2020-11-13 16:00","2020","11","13","16:00","-3.1","","-7.7","","70","","0.0","","27","","3","","","","","M","","","-4","","NA"
"-113.18","52.18","DELBURNE AGCM","3012050","2020-11-13 17:00","2020","11","13","17:00","-4.4","","-7.6","","78","","0.0","","11","","2","","","","","M","","","-5","","NA"
"-113.18","52.18","DELBURNE AGCM","3012050","2020-11-13 18:00","2020","11","13","18:00","-4.2","","-7.4","","78","","0.0","","31","","5","","","","","M","","","-6","","NA"
"-113.18","52.18","DELBURNE AGCM","3012050","2020-11-13 19:00","2020","11","13","19:00","-4.5","","-7.1","","82","","0.0","","27","","5","","","","","M","","","-7","","NA"
"-113.18","52.18","DELBURNE AGCM","3012050","2020-11-13 20:00","2020","11","13","20:00","-4.3","","-7.4","","79","","0.0","","30","","7","","","","","M","","","-7","","NA"
"-113.18","52.18","DELBURNE AGCM","3012050","2020-11-13 21:00","2020","11","13","21:00","-4.5","","-7.8","","78","","0.0","","29","","8","","","","","M","","","-8","","NA"
"-113.18","52.18","DELBURNE AGCM","3012050","2020-11-13 22:00","2020","11","13","22:00","-3.8","","-7.7","","74","","0.0","","32","","7","","","","","M","","","-7","","NA"
"-113.18","52.18","DELBURNE AGCM","3012050","2020-11-13 23:00","2020","11","13","23:00","-4.6","","-6.9","","84","","0.0","","31","","5","","","","","M","","","-7","","NA"
"-113.18","52.18","DELBURNE AGCM","3012050","2020-11-14 00:00","2020","11","14","00:00","-3.9","","-5.3","","90","","0.0","","30","","4","","","","","M","","","-6","","NA"
"-113.18","52.18","DELBURNE AGCM","3012050","2020-11-14 01:00","2020","11","14","01:00","-3.0","","-4.8","","88","","0.0","","30","","12","","","","","M","","","-7","","NA"
"-113.18","52.18","DELBURNE AGCM","3012050","2020-11-14 02:00","2020","11","14","02:00","-2.5","","-3.4","","94","","0.0","","29","","12","","","","","M","","","-7","","NA"
"-113.18","52.18","DELBURNE AGCM","3012050","2020-11-14 03:00","2020","11","14","03:00","-2.0","","-4.1","","86","","0.0","","29","","15","","","","","M","","","-7","","NA"
"-113.18","52.18","DELBURNE AGCM","3012050","2020-11-14 04:00","2020","11","14","04:00","-1.8","","-4.5","","82","","0.0","","30","","20","","","","","M","","","-8","","NA"
"-113.18","52.18","DELBURNE AGCM","3012050","2020-11-14 05:00","2020","11","14","05:00","-2.5","","-3.4","","94","","0.0","","31","","20","","","","","M","","","-8","","NA"
"-113.18","52.18","DELBURNE AGCM","3012050","2020-11-14 06:00","2020","11","14","06:00","-2.4","","-3.5","","93","","0.0","","30","","20","","","","","M","","","-8","","NA"
"-113.18","52.18","DELBURNE AGCM","3012050","2020-11-14 07:00","2020","11","14","07:00","-2.3","","-3.8","","89","","0.0","","29","","16","","","","","M","","","-7","","NA"
"-113.18","52.18","DELBURNE AGCM","3012050","2020-11-14 08:00","2020","11","14","08:00","-2.2","","-3.5","","91","","0.0","","28","","20","","","","","M","","","-8","","NA"
"-113.18","52.18","DELBURNE AGCM","3012050","2020-11-14 09:00","2020","11","14","09:00","-2.3","","-3.4","","92","","0.0","","28","","18","","","","","M","","","-8","","NA"
"-113.18","52.18","DELBURNE AGCM","3012050","2020-11-14 10:00","2020","11","14","10:00","-1.5","","-4.1","","82","","0.0","","29","","21","","","","","M","","","-7","","NA"
"-113.18","52.18","DELBURNE AGCM","3012050","2020-11-14 11:00","2020","11","14","11:00","-1.4","","-4.5","","79","","0.0","","29","","25","","","","","M","","","-8","","NA"
"-113.18","52.18","DELBURNE AGCM","3012050","2020-11-14 12:00","2020","11","14","12:00","-1.4","","-4.7","","78","","0.0","","30","","23","","","","","M","","","-7","","NA"
"-113.18","52.18","DELBURNE AGCM","3012050","2020-11-14 13:00","2020","11","14","13:00","-1.4","","-5.3","","75","","0.0","","31","","22","","","","","M","","","-7","","NA"
"-113.18","52.18","DELBURNE AGCM","3012050","2020-11-14 14:00","2020","11","14","14:00","-1.6","","-5.7","","73","","0.0","","31","","17","","","","","M","","","-7","","NA"
"-113.18","52.18","DELBURNE AGCM","3012050","2020-11-14 15:00","2020","11","14","15:00","-1.7","","-5.7","","74","","0.0","","31","","15","","","","","M","","","-7","","NA"
"-113.18","52.18","DELBURNE AGCM","3012050","2020-11-14 16:00","2020","11","14","16:00","-1.4","","-5.6","","73","","0.0","","31","","12","","","","","M","","","-5","","NA"
"-113.18","52.18","DELBURNE AGCM","3012050","2020-11-14 17:00","2020","11","14","17:00","-3.9","","-6.8","","80","","0.0","","33","","4","","","","","M","","","-6","","NA"
"-113.18","52.18","DELBURNE AGCM","3012050","2020-11-14 18:00","2020","11","14","18:00","-5.2","","-7.1","","87","","0.0","","22","","9","","","","","M","","","-9","","NA"
"-113.18","52.18","DELBURNE AGCM","3012050","2020-11-14 19:00","2020","11","14","19:00","-4.3","","-6.5","","84","","0.0","","21","","12","","","","","M","","","-9","","NA"
"-113.18","52.18","DELBURNE AGCM","3012050","2020-11-14 20:00","2020","11","14","20:00","-4.7","","-6.2","","89","","0.0","","20","","12","","","","","M","","","-9","","NA"
"-113.18","52.18","DELBURNE AGCM","3012050","2020-11-14 21:00","2020","11","14","21:00","-8.3","","-9.2","","94","","0.0","","18","","10","","","","","M","","","-13","","NA"
"-113.18","52.18","DELBURNE AGCM","3012050","2020-11-14 22:00","2020","11","14","22:00","-7.6","","-8.8","","92","","0.0","","18","","12","","","","","M","","","-13","","NA"
"-113.18","52.18","DELBURNE AGCM","3012050","2020-11-14 23:00","2020","11","14","23:00","-8.0","","-8.9","","93","","0.0","","17","","12","","","","","M","","","-13","","NA"
"-113.18","52.18","DELBURNE AGCM","3012050","2020-11-15 00:00","2020","11","15","00:00","-8.0","","-9.1","","92","","0.0","","16","","12","","","","","M","","","-13","","NA"
"-113.18","52.18","DELBURNE AGCM","3012050","2020-11-15 01:00","2020","11","15","01:00","-7.3","","-9.0","","88","","0.0","","13","","18","","","","","M","","","-14","","NA"
"-113.18","52.18","DELBURNE AGCM","3012050","2020-11-15 02:00","2020","11","15","02:00","-7.3","","-8.3","","92","","0.0","","14","","19","","","","","M","","","-14","","NA"
"-113.18","52.18","DELBURNE AGCM","3012050","2020-11-15 03:00","2020","11","15","03:00","-8.6","","-10.3","","87","","0.0","","14","","13","","","","","M","","","-15","","NA"
"-113.18","52.18","DELBURNE AGCM","3012050","2020-11-15 04:00","2020","11","15","04:00","-8.0","","-11.3","","77","","0.0","","12","","17","","","","","M","","","-15","","NA"
"-113.18","52.18","DELBURNE AGCM","3012050","2020-11-15 05:00","2020","11","15","05:00","-10.5","","-12.2","","87","","0.0","","12","","21","","","","","M","","","-19","","NA"
"-113.18","52.18","DELBURNE AGCM","3012050","2020-11-15 06:00","2020","11","15","06:00","-11.1","","-12.7","","88","","0.0","","12","","18","","","","","M","","","-19","","NA"
"-113.18","52.18","DELBURNE AGCM","3012050","2020-11-15 07:00","2020","11","15","07:00","-10.8","","-13.2","","83","","0.0","","13","","21","","","","","M","","","-19","","NA"
"-113.18","52.18","DELBURNE AGCM","3012050","2020-11-15 08:00","2020","11","15","08:00","-8.8","","-11.9","","78","","0.0","","14","","27","","","","","M","","","-18","","NA"
"-113.18","52.18","DELBURNE AGCM","3012050","2020-11-15 09:00","2020","11","15","09:00","-9.2","","-12.0","","80","","0.0","","14","","24","","","","","M","","","-18","","NA"
"-113.18","52.18","DELBURNE AGCM","3012050","2020-11-15 10:00","2020","11","15","10:00","-7.9","","-11.3","","76","","0.0","","14","","25","","","","","M","","","-16","","NA"
"-113.18","52.18","DELBURNE AGCM","3012050","2020-11-15 11:00","2020","11","15","11:00","-6.2","","-10.1","","73","","0.0","","13","","18","","","","","M","","","-13","","NA"
"-113.18","52.18","DELBURNE AGCM","3012050","2020-11-15 12:00","2020","11","15","12:00","-3.8","","-8.7","","69","","0.0","","13","","4","","","","","M","","","-5","","NA"
"-113.18","52.18","DELBURNE AGCM","3012050","2020-11-15 13:00","2020","11","15","13:00","-3.1","","-8.0","","69","","0.0","","32","","5","","","","","M","","","-5","","NA"
"-113.18","52.18","DELBURNE AGCM","3012050","2020-11-15 14:00","2020","11","15","14:00","-2.6","","-7.0","","71","","0.0","","23","","3","","","","","M","","","-4","","NA"
"-113.18","52.18","DELBURNE AGCM","3012050","2020-11-15 15:00","2020","11","15","15:00","-4.1","","-7.9","","75","","0.0","","35","","10","","","","","M","","","-8","","NA"
"-113.18","52.18","DELBURNE AGCM","3012050","2020-11-15 16:00","2020","11","15","16:00","-5.0","","-8.7","","75","","0.0","","33","","5","","","","","M","","","-7","","NA"
"-113.18","52.18","DELBURNE AGCM","3012050","2020-11-15 17:00","2020","11","15","17:00","-6.4","","-9.2","","81","","0.0","","30","","5","","","","","M","","","-9","","NA"
"-113.18","52.18","DELBURNE AGCM","3012050","2020-11-15 18:00","2020","11","15","18:00","-7.6","","-10.0","","83","","0.0","","31","","6","","","","","M","","","-11","","NA"
"-113.18","52.18","DELBURNE AGCM","3012050","2020-11-15 19:00","2020","11","15","19:00","-8.6","","-10.9","","84","","0.0","","32","","7","","","","","M","","","-12","","NA"
"-113.18","52.18","DELBURNE AGCM","3012050","2020-11-15 20:00","2020","11","15","20:00","-9.4","","-11.4","","86","","0.0","","28","","5","","","","","M","","","-12","","NA"
"-113.18","52.18","DELBURNE AGCM","3012050","2020-11-15 21:00","2020","11","15","21:00","-10.2","","-12.4","","84","","0.0","","25","","7","","","","","M","","","-14","","NA"
"-113.18","52.18","DELBURNE AGCM","3012050","2020-11-15 22:00","2020","11","15","22:00","-9.5","","-11.6","","85","","0.0","","27","","5","","","","","M","","","-12","","NA"
"-113.18","52.18","DELBURNE AGCM","3012050","2020-11-15 23:00","2020","11","15","23:00","-8.8","","-11.1","","83","","0.0","","28","","2","","","","","M","","","-10","","NA"
"-113.18","52.18","DELBURNE AGCM","3012050","2020-11-16 00:00","2020","11","16","00:00","-8.8","","-11.1","","83","","0.0","","21","","1","","","","","M","","","-9","","NA"
"-113.18","52.18","DELBURNE AGCM","3012050","2020-11-16 01:00","2020","11","16","01:00","-10.0","","-11.7","","88","","0.0","","28","","3","","","","","M","","","-12","","NA"
"-113.18","52.18","DELBURNE AGCM","3012050","2020-11-16 02:00","2020","11","16","02:00","-10.5","","-11.8","","90","","0.0","","0","","1","","","","","M","","","-11","","NA"
"-113.18","52.18","DELBURNE AGCM","3012050","2020-11-16 03:00","2020","11","16","03:00","-12.0","","-13.1","","91","","0.0","","12","","4","","","","","M","","","-15","","NA"
"-113.18","52.18","DELBURNE AGCM","3012050","2020-11-16 04:00","2020","11","16","04:00","-10.2","","-11.4","","91","","0.0","","1","","4","","","","","M","","","-13","","NA"
"-113.18","52.18","DELBURNE AGCM","3012050","2020-11-16 05:00","2020","11","16","05:00","-12.0","","-13.0","","92","","0.0","","14","","7","","","","","M","","","-16","","NA"
"-113.18","52.18","DELBURNE AGCM","3012050","2020-11-16 06:00","2020","11","16","06:00","-12.7","","-14.0","","90","","0.0","","32","","2","","","","","M","","","-14","","NA"
"-113.18","52.18","DELBURNE AGCM","3012050","2020-11-16 07:00","2020","11","16","07:00","-12.6","","-13.5","","93","","0.0","","16","","5","","","","","M","","","-16","","NA"
"-113.18","52.18","DELBURNE AGCM","3012050","2020-11-16 08:00","2020","11","16","08:00","-11.7","","-12.6","","93","","0.0","","14","","5","","","","","M","","","-15","","NA"
"-113.18","52.18","DELBURNE AGCM","3012050","2020-11-16 09:00","2020","11","16","09:00","-10.1","","-11.1","","93","","0.0","","17","","2","","","","","M","","","-11","","NA"
"-113.18","52.18","DELBURNE AGCM","3012050","2020-11-16 10:00","2020","11","16","10:00","-7.5","","-10.3","","81","","0.0","","14","","2","","","","","M","","","-9","","NA"
"-113.18","52.18","DELBURNE AGCM","3012050","2020-11-16 11:00","2020","11","16","11:00","-7.4","","-10.0","","82","","0.0","","13","","7","","","","","M","","","-11","","NA"
"-113.18","52.18","DELBURNE AGCM","3012050","2020-11-16 12:00","2020","11","16","12:00","-4.7","","-8.8","","73","","0.0","","17","","1","","","","","M","","","-5","","NA"
"-113.18","52.18","DELBURNE AGCM","3012050","2020-11-16 13:00","2020","11","16","13:00","-4.8","","-9.2","","72","","0.0","","6","","2","","","","","M","","","-6","","NA"
"-113.18","52.18","DELBURNE AGCM","3012050","2020-11-16 14:00","2020","11","16","14:00","-6.1","","-9.9","","74","","0.0","","9","","6","","","","","M","","","-9","","NA"
"-113.18","52.18","DELBURNE AGCM","3012050","2020-11-16 15:00","2020","11","16","15:00","-6.9","","-10.4","","76","","0.0","","8","","6","","","","","M","","","-10","","NA"
"-113.18","52.18","DELBURNE AGCM","3012050","2020-11-16 16:00","2020","11","16","16:00","-8.4","","-10.9","","82","","0.0","","4","","6","","","","","M","","","-12","","NA"
"-113.18","52.18","DELBURNE AGCM","3012050","2020-11-16 17:00","2020","11","16","17:00","-9.8","","-11.8","","86","","0.0","","7","","11","","","","","M","","","-15","","NA"
"-113.18","52.18","DELBURNE AGCM","3012050","2020-11-16 18:00","2020","11","16","18:00","-11.3","","-12.6","","90","","0.0","","11","","9","","","","","M","","","-16","","NA"
"-113.18","52.18","DELBURNE AGCM","3012050","2020-11-16 19:00","2020","11","16","19:00","-11.5","","-12.6","","92","","0.0","","10","","3","","","","","M","","","-13","","NA"
"-113.18","52.18","DELBURNE AGCM","3012050","2020-11-16 20:00","2020","11","16","20:00","-12.3","","-13.0","","94","","0.0","","8","","6","","","","","M","","","-16","","NA"
"-113.18","52.18","DELBURNE AGCM","3012050","2020-11-16 21:00","2020","11","16","21:00","-13.4","","-14.1","","94","","0.0","","35","","2","","","","","M","","","-15","","NA"
"-113.18","52.18","DELBURNE AGCM","3012050","2020-11-16 22:00","2020","11","16","22:00","-14.3","","-15.2","","93","","0.0","","4","","2","","","","","M","","","-16","","NA"
"-113.18","52.18","DELBURNE AGCM","3012050","2020-11-16 23:00","2020","11","16","23:00","-15.3","","-16.7","","89","","0.0","","9","","5","","","","","M","","","-19","","NA"
"-113.18","52.18","DELBURNE AGCM","3012050","2020-11-17 00:00","2020","11","17","00:00","-13.4","","-14.5","","92","","0.0","","14","","5","","","","","M","","","-17","","NA"
"-113.18","52.18","DELBURNE AGCM","3012050","2020-11-17 01:00","2020","11","17","01:00","-12.7","","-13.8","","92","","0.0","","12","","8","","","","","M","","","-18","","NA"
"-113.18","52.18","DELBURNE AGCM","3012050","2020-11-17 02:00","2020","11","17","02:00","-11.9","","-13.0","","92","","0.0","","12","","13","","","","","M","","","-19","","NA"
"-113.18","52.18","DELBURNE AGCM","3012050","2020-11-17 03:00","2020","11","17","03:00","-11.5","","-12.6","","92","","0.0","","9","","9","","","","","M","","","-17","","NA"
"-113.18","52.18","DELBURNE AGCM","3012050","2020-11-17 04:00","2020","11","17","04:00","-10.8","","-11.8","","92","","0.5","","11","","11","","","","","M","","","-17","","NA"
"-113.18","52.18","DELBURNE AGCM","3012050","2020-11-17 05:00","2020","11","17","05:00","-10.3","","-11.3","","92","","0.0","","11","","15","","","","","M","","","-17","","NA"
"-113.18","52.18","DELBURNE AGCM","3012050","2020-11-17 06:00","2020","11","17","06:00","-9.8","","-10.4","","95","","0.0","","12","","16","","","","","M","","","-17","","NA"
"-113.18","52.18","DELBURNE AGCM","3012050","2020-11-17 07:00","2020","11","17","07:00","-8.8","","-9.4","","95","","0.0","","11","","19","","","","","M","","","-16","","NA"
"-113.18","52.18","DELBURNE AGCM","3012050","2020-11-17 08:00","2020","11","17","08:00","-7.8","","-8.5","","95","","0.0","","12","","21","","","","","M","","","-15","","NA"
"-113.18","52.18","DELBURNE AGCM","3012050","2020-11-17 09:00","2020","11","17","09:00","-7.6","","-8.2","","95","","0.0","","13","","27","","","","","M","","","-16","","NA"
"-113.18","52.18","DELBURNE AGCM","3012050","2020-11-17 10:00","2020","11","17","10:00","-7.2","","-7.8","","95","","0.0","","14","","24","","","","","M","","","-15","","NA"
"-113.18","52.18","DELBURNE AGCM","3012050","2020-11-17 11:00","2020","11","17","11:00","-6.9","","-7.7","","94","","0.0","","13","","22","","","","","M","","","-14","","NA"
"-113.18","52.18","DELBURNE AGCM","3012050","2020-11-17 12:00","2020","11","17","12:00","-5.9","","-7.1","","92","","0.0","","12","","22","","","","","M","","","-13","","NA"
"-113.18","52.18","DELBURNE AGCM","3012050","2020-11-17 13:00","2020","11","17","13:00","-4.9","","-6.2","","91","","0.0","","12","","24","","","","","M","","","-12","","NA"
"-113.18","52.18","DELBURNE AGCM","3012050","2020-11-17 14:00","2020","11","17","14:00","-3.8","","-5.3","","89","","0.0","","12","","26","","","","","M","","","-11","","NA"
"-113.18","52.18","DELBURNE AGCM","3012050","2020-11-17 15:00","2020","11","17","15:00","-3.4","","-4.8","","90","","0.0","","13","","24","","","","","M","","","-10","","NA"
"-113.18","52.18","DELBURNE AGCM","3012050","2020-11-17 16:00","2020","11","17","16:00","-2.4","","-3.7","","91","","0.0","","14","","27","","","","","M","","","-9","","NA"
"-113.18","52.18","DELBURNE AGCM","3012050","2020-11-17 17:00","2020","11","17","17:00","-2.5","","-3.6","","92","","0.0","","15","","23","","","","","M","","","-9","","NA"
"-113.18","52.18","DELBURNE AGCM","3012050","2020-11-17 18:00","2020","11","17","18:00","-2.8","","-3.8","","93","","0.0","","14","","26","","","","","M","","","-10","","NA"
"-113.18","52.18","DELBURNE AGCM","3012050","2020-11-17 19:00","2020","11","17","19:00","-0.5","","-2.7","","85","","0.0","","16","","22","","","","","M","","","-6","","NA"
"-113.18","52.18","DELBURNE AGCM","3012050","2020-11-17 20:00","2020","11","17","20:00","0.4","","-2.6","","80","","0.0","","19","","10","","","","","M","","","","","NA"
"-113.18","52.18","DELBURNE AGCM","3012050","2020-11-17 21:00","2020","11","17","21:00","-0.3","","-3.7","","78","","0.0","","18","","8","","","","","M","","","-3","","NA"
"-113.18","52.18","DELBURNE AGCM","3012050","2020-11-17 22:00","2020","11","17","22:00","1.9","","-1.8","","77","","0.0","","16","","10","","","","","M","","","","","NA"
"-113.18","52.18","DELBURNE AGCM","3012050","2020-11-17 23:00","2020","11","17","23:00","1.5","","-1.5","","81","","0.0","","1","","6","","","","","M","","","","","NA"
"-113.18","52.18","DELBURNE AGCM","3012050","2020-11-18 00:00","2020","11","18","00:00","-4.4","","-5.4","","92","","0.0","","33","","9","","","","","M","","","-8","","NA"
"-113.18","52.18","DELBURNE AGCM","3012050","2020-11-18 01:00","2020","11","18","01:00","-6.4","","-6.9","","96","","0.0","","35","","9","","","","","M","","","-11","","NA"
"-113.18","52.18","DELBURNE AGCM","3012050","2020-11-18 02:00","2020","11","18","02:00","-5.8","","-6.2","","98","","0.0","","32","","10","","","","","M","","","-10","","NA"
"-113.18","52.18","DELBURNE AGCM","3012050","2020-11-18 03:00","2020","11","18","03:00","-5.1","","-5.4","","98","","0.0","","32","","10","","","","","M","","","-9","","NA"
"-113.18","52.18","DELBURNE AGCM","3012050","2020-11-18 04:00","2020","11","18","04:00","-5.5","","-5.9","","97","","0.0","","32","","13","","","","","M","","","-11","","NA"
"-113.18","52.18","DELBURNE AGCM","3012050","2020-11-18 05:00","2020","11","18","05:00","-5.7","","-6.1","","97","","0.0","","32","","20","","","","","M","","","-12","","NA"
"-113.18","52.18","DELBURNE AGCM","3012050","2020-11-18 06:00","2020","11","18","06:00","-6.2","","-6.6","","97","","0.0","","33","","15","","","","","M","","","-12","","NA"
"-113.18","52.18","DELBURNE AGCM","3012050","2020-11-18 07:00","2020","11","18","07:00","-6.7","","-7.2","","96","","0.0","","33","","11","","","","","M","","","-12","","NA"
"-113.18","52.18","DELBURNE AGCM","3012050","2020-11-18 08:00","2020","11","18","08:00","-7.0","","-7.5","","96","","0.0","","31","","16","","","","","M","","","-13","","NA"
"-113.18","52.18","DELBURNE AGCM","3012050","2020-11-18 09:00","2020","11","18","09:00","-6.9","","-7.4","","96","","0.0","","30","","15","","","","","M","","","-13","","NA"
"-113.18","52.18","DELBURNE AGCM","3012050","2020-11-18 10:00","2020","11","18","10:00","-6.9","","-7.4","","96","","0.0","","31","","14","","","","","M","","","-13","","NA"
"-113.18","52.18","DELBURNE AGCM","3012050","2020-11-18 11:00","2020","11","18","11:00","-7.0","","-7.5","","96","","0.0","","31","","16","","","","","M","","","-13","","NA"
"-113.18","52.18","DELBURNE AGCM","3012050","2020-11-18 12:00","2020","11","18","12:00","-6.9","","-7.5","","96","","0.0","","30","","15","","","","","M","","","-13","","NA"
"-113.18","52.18","DELBURNE AGCM","3012050","2020-11-18 13:00","2020","11","18","13:00","-6.8","","-7.4","","96","","0.0","","32","","16","","","","","M","","","-13","","NA"
"-113.18","52.18","DELBURNE AGCM","3012050","2020-11-18 14:00","2020","11","18","14:00","-6.9","","-7.5","","96","","0.0","","32","","18","","","","","M","","","-14","","NA"
"-113.18","52.18","DELBURNE AGCM","3012050","2020-11-18 15:00","2020","11","18","15:00","-7.3","","-7.9","","95","","0.0","","32","","18","","","","","M","","","-14","","NA"
"-113.18","52.18","DELBURNE AGCM","3012050","2020-11-18 16:00","2020","11","18","16:00","-8.1","","-8.9","","94","","0.0","","32","","19","","","","","M","","","-15","","NA"
"-113.18","52.18","DELBURNE AGCM","3012050","2020-11-18 17:00","2020","11","18","17:00","-7.8","","-9.3","","89","","0.0","","32","","15","","","","","M","","","-14","","NA"
"-113.18","52.18","DELBURNE AGCM","3012050","2020-11-18 18:00","2020","11","18","18:00","-7.7","","-9.4","","88","","0.0","","32","","14","","","","","M","","","-14","","NA"
"-113.18","52.18","DELBURNE AGCM","3012050","2020-11-18 19:00","2020","11","18","19:00","-7.7","","-9.2","","89","","0.0","","32","","14","","","","","M","","","-14","","NA"
"-113.18","52.18","DELBURNE AGCM","3012050","2020-11-18 20:00","2020","11","18","20:00","-8.5","","-9.8","","91","","0.0","","33","","13","","","","","M","","","-14","","NA"
"-113.18","52.18","DELBURNE AGCM","3012050","2020-11-18 21:00","2020","11","18","21:00","-8.6","","-9.8","","91","","0.0","","32","","6","","","","","M","","","-12","","NA"
"-113.18","52.18","DELBURNE AGCM","3012050","2020-11-18 22:00","2020","11","18","22:00","-8.8","","-9.6","","94","","0.0","","34","","17","","","","","M","","","-16","","NA"
"-113.18","52.18","DELBURNE AGCM","3012050","2020-11-18 23:00","2020","11","18","23:00","-8.8","","-9.3","","96","","0.0","","35","","8","","","","","M","","","-13","","NA"
"-113.18","52.18","DELBURNE AGCM","3012050","2020-11-19 00:00","2020","11","19","00:00","-8.8","","-9.5","","95","","0.7","","1","","12","","","","","M","","","-14","","NA"
"-113.18","52.18","DELBURNE AGCM","3012050","2020-11-19 01:00","2020","11","19","01:00","-8.9","","-9.7","","94","","0.6","","34","","11","","","","","M","","","-14","","NA"
"-113.18","52.18","DELBURNE AGCM","3012050","2020-11-19 02:00","2020","11","19","02:00","-9.6","","-10.4","","94","","1.1","","36","","10","","","","","M","","","-15","","NA"
"-113.18","52.18","DELBURNE AGCM","3012050","2020-11-19 03:00","2020","11","19","03:00","-10.4","","-11.3","","93","","0.0","","35","","15","","","","","M","","","-17","","NA"
"-113.18","52.18","DELBURNE AGCM","3012050","2020-11-19 04:00","2020","11","19","04:00","-11.2","","-12.2","","92","","0.8","","32","","19","","","","","M","","","-19","","NA"
"-113.18","52.18","DELBURNE AGCM","3012050","2020-11-19 05:00","2020","11","19","05:00","-11.9","","-13.0","","91","","0.0","","33","","15","","","","","M","","","-19","","NA"
"-113.18","52.18","DELBURNE AGCM","3012050","2020-11-19 06:00","2020","11","19","06:00","-12.8","","-14.1","","90","","0.6","","33","","17","","","","","M","","","-21","","NA"
"-113.18","52.18","DELBURNE AGCM","3012050","2020-11-19 07:00","2020","11","19","07:00","-13.9","","-15.5","","88","","0.0","","34","","17","","","","","M","","","-22","","NA"
"-113.18","52.18","DELBURNE AGCM","3012050","2020-11-19 08:00","2020","11","19","08:00","-14.2","","-15.9","","87","","0.0","","32","","13","","","","","M","","","-21","","NA"
"-113.18","52.18","DELBURNE AGCM","3012050","2020-11-19 09:00","2020","11","19","09:00","-14.4","","-16.3","","85","","0.0","","30","","13","","","","","M","","","-22","","NA"
"-113.18","52.18","DELBURNE AGCM","3012050","2020-11-19 10:00","2020","11","19","10:00","-14.4","","-16.6","","83","","0.0","","31","","15","","","","","M","","","-22","","NA"
"-113.18","52.18","DELBURNE AGCM","3012050","2020-11-19 11:00","2020","11","19","11:00","-14.2","","-16.7","","81","","0.0","","31","","13","","","","","M","","","-21","","NA"
"-113.18","52.18","DELBURNE AGCM","3012050","2020-11-19 12:00","2020","11","19","12:00","-13.7","","-16.7","","78","","0.0","","31","","17","","","","","M","","","-22","","NA"
"-113.18","52.18","DELBURNE AGCM","3012050","2020-11-19 13:00","2020","11","19","13:00","-14.1","","-17.1","","78","","0.0","","32","","15","","","","","M","","","-22","","NA"
"-113.18","52.18","DELBURNE AGCM","3012050","2020-11-19 14:00","2020","11","19","14:00","-14.3","","-17.4","","77","","0.0","","30","","7","","","","","M","","","-19","","NA"
"-113.18","52.18","DELBURNE AGCM","3012050","2020-11-19 15:00","2020","11","19","15:00","-14.9","","-18.0","","77","","0.0","","31","","8","","","","","M","","","-20","","NA"
"-113.18","52.18","DELBURNE AGCM","3012050","2020-11-19 16:00","2020","11","19","16:00","-15.2","","-17.8","","81","","0.0","","30","","8","","","","","M","","","-21","","NA"
"-113.18","52.18","DELBURNE AGCM","3012050","2020-11-19 17:00","2020","11","19","17:00","-16.6","","-18.3","","87","","0.0","","21","","3","","","","","M","","","-19","","NA"
"-113.18","52.18","DELBURNE AGCM","3012050","2020-11-19 18:00","2020","11","19","18:00","-16.2","","-18.0","","85","","0.0","","24","","7","","","","","M","","","-21","","NA"
"-113.18","52.18","DELBURNE AGCM","3012050","2020-11-19 19:00","2020","11","19","19:00","-15.9","","-17.9","","84","","0.0","","21","","4","","","","","M","","","-19","","NA"
"-113.18","52.18","DELBURNE AGCM","3012050","2020-11-19 20:00","2020","11","19","20:00","-18.4","","-20.0","","87","","0.0","","21","","7","","","","","M","","","-24","","NA"
"-113.18","52.18","DELBURNE AGCM","3012050","2020-11-19 21:00","2020","11","19","21:00","-18.8","","-20.4","","87","","0.0","","20","","7","","","","","M","","","-24","","NA"
"-113.18","52.18","DELBURNE AGCM","3012050","2020-11-19 22:00","2020","11","19","22:00","-19.5","","-21.0","","88","","0.0","","15","","8","","","","","M","","","-26","","NA"
"-113.18","52.18","DELBURNE AGCM","3012050","2020-11-19 23:00","2020","11","19","23:00","-18.2","","-19.9","","87","","0.0","","16","","10","","","","","M","","","-25","","NA"
"-113.18","52.18","DELBURNE AGCM","3012050","2020-11-20 00:00","2020","11","20","00:00","-17.2","","-19.0","","85","","0.0","","16","","11","","","","","M","","","-24","","NA"
"-113.18","52.18","DELBURNE AGCM","3012050","2020-11-20 01:00","2020","11","20","01:00","-14.3","","-16.1","","87","","0.0","","16","","16","","","","","M","","","-22","","NA"
"-113.18","52.18","DELBURNE AGCM","3012050","2020-11-20 02:00","2020","11","20","02:00","-13.9","","-15.6","","87","","0.0","","17","","11","","","","","M","","","-20","","NA"
"-113.18","52.18","DELBURNE AGCM","3012050","2020-11-20 03:00","2020","11","20","03:00","-14.4","","-15.9","","88","","0.0","","16","","15","","","","","M","","","-22","","NA"
"-113.18","52.18","DELBURNE AGCM","3012050","2020-11-20 04:00","2020","11","20","04:00","-13.6","","-15.1","","88","","0.0","","16","","18","","","","","M","","","-22","","NA"
"-113.18","52.18","DELBURNE AGCM","3012050","2020-11-20 05:00","2020","11","20","05:00","-14.4","","-15.9","","88","","0.0","","17","","9","","","","","M","","","-20","","NA"
"-113.18","52.18","DELBURNE AGCM","3012050","2020-11-20 06:00","2020","11","20","06:00","-14.5","","-15.8","","90","","0.0","","15","","12","","","","","M","","","-21","","NA"
"-113.18","52.18","DELBURNE AGCM","3012050","2020-11-20 07:00","2020","11","20","07:00","-13.5","","-14.7","","91","","0.0","","15","","16","","","","","M","","","-21","","NA"
"-113.18","52.18","DELBURNE AGCM","3012050","2020-11-20 08:00","2020","11","20","08:00","-14.9","","-16.3","","90","","0.0","","14","","14","","","","","M","","","-22","","NA"
"-113.18","52.18","DELBURNE AGCM","3012050","2020-11-20 09:00","2020","11","20","09:00","-13.4","","-14.4","","92","","0.0","","15","","17","","","","","M","","","-21","","NA"
"-113.18","52.18","DELBURNE AGCM","3012050","2020-11-20 10:00","2020","11","20","10:00","-12.0","","-13.5","","89","","0.0","","16","","17","","","","","M","","","-20","","NA"
"-113.18","52.18","DELBURNE AGCM","3012050","2020-11-20 11:00","2020","11","20","11:00","-10.6","","-13.0","","82","","0.0","","14","","9","","","","","M","","","-16","","NA"
"-113.18","52.18","DELBURNE AGCM","3012050","2020-11-20 12:00","2020","11","20","12:00","-9.4","","-12.5","","78","","0.0","","15","","12","","","","","M","","","-15","","NA"
"-113.18","52.18","DELBURNE AGCM","3012050","2020-11-20 13:00","2020","11","20","13:00","-7.8","","-11.6","","74","","0.0","","15","","14","","","","","M","","","-14","","NA"
"-113.18","52.18","DELBURNE AGCM","3012050","2020-11-20 14:00","2020","11","20","14:00","-5.9","","-10.7","","69","","0.0","","15","","9","","","","","M","","","-10","","NA"
"-113.18","52.18","DELBURNE AGCM","3012050","2020-11-20 15:00","2020","11","20","15:00","-6.6","","-11.3","","69","","0.0","","14","","10","","","","","M","","","-11","","NA"
"-113.18","52.18","DELBURNE AGCM","3012050","2020-11-20 16:00","2020","11","20","16:00","-8.5","","-12.1","","75","","0.0","","15","","15","","","","","M","","","-15","","NA"
"-113.18","52.18","DELBURNE AGCM","3012050","2020-11-20 17:00","2020","11","20","17:00","-11.0","","-13.4","","82","","0.0","","13","","10","","","","","M","","","-16","","NA"
"-113.18","52.18","DELBURNE AGCM","3012050","2020-11-20 18:00","2020","11","20","18:00","-10.7","","-12.7","","85","","0.0","","13","","8","","","","","M","","","-15","","NA"
"-113.18","52.18","DELBURNE AGCM","3012050","2020-11-20 19:00","2020","11","20","19:00","-12.5","","-14.1","","87","","0.0","","12","","9","","","","","M","","","-18","","NA"
"-113.18","52.18","DELBURNE AGCM","3012050","2020-11-20 20:00","2020","11","20","20:00","-12.0","","-13.5","","89","","0.0","","13","","11","","","","","M","","","-18","","NA"
"-113.18","52.18","DELBURNE AGCM","3012050","2020-11-20 21:00","2020","11","20","21:00","-12.3","","-14.0","","87","","0.0","","14","","13","","","","","M","","","-19","","NA"
"-113.18","52.18","DELBURNE AGCM","3012050","2020-11-20 22:00","2020","11","20","22:00","-12.0","","-13.3","","90","","0.0","","13","","13","","","","","M","","","-19","","NA"
"-113.18","52.18","DELBURNE AGCM","3012050","2020-11-20 23:00","2020","11","20","23:00","-9.4","","-11.1","","88","","0.0","","15","","15","","","","","M","","","-16","","NA"
"-113.18","52.18","DELBURNE AGCM","3012050","2020-11-21 00:00","2020","11","21","00:00","-8.8","","-10.7","","86","","0.0","","15","","13","","","","","M","","","-15","","NA"
"-113.18","52.18","DELBURNE AGCM","3012050","2020-11-21 01:00","2020","11","21","01:00","-6.7","","-9.3","","81","","0.0","","19","","7","","","","","M","","","-10","","NA"
"-113.18","52.18","DELBURNE AGCM","3012050","2020-11-21 02:00","2020","11","21","02:00","-4.0","","-8.2","","72","","0.0","","16","","10","","","","","M","","","-8","","NA"
"-113.18","52.18","DELBURNE AGCM","3012050","2020-11-21 03:00","2020","11","21","03:00","-4.5","","-8.0","","76","","0.0","","23","","3","","","","","M","","","-6","","NA"
"-113.18","52.18","DELBURNE AGCM","3012050","2020-11-21 04:00","2020","11","21","04:00","-4.6","","-8.0","","77","","0.0","","26","","1","","","","","M","","","-5","","NA"
"-113.18","52.18","DELBURNE AGCM","3012050","2020-11-21 05:00","2020","11","21","05:00","-4.3","","-8.0","","76","","0.0","","34","","6","","","","","M","","","-7","","NA"
"-113.18","52.18","DELBURNE AGCM","3012050","2020-11-21 06:00","2020","11","21","06:00","-4.7","","-7.6","","80","","0.0","","30","","4","","","","","M","","","-6","","NA"
"-113.18","52.18","DELBURNE AGCM","3012050","2020-11-21 07:00","2020","11","21","07:00","-4.0","","-6.4","","83","","0.0","","24","","9","","","","","M","","","-8","","NA"
"-113.18","52.18","DELBURNE AGCM","3012050","2020-11-21 08:00","2020","11","21","08:00","-5.3","","-6.5","","91","","0.0","","23","","8","","","","","M","","","-9","","NA"
"-113.18","52.18","DELBURNE AGCM","3012050","2020-11-21 09:00","2020","11","21","09:00","-4.9","","-5.9","","93","","0.0","","23","","6","","","","","M","","","-8","","NA"
"-113.18","52.18","DELBURNE AGCM","3012050","2020-11-21 10:00","2020","11","21","10:00","-3.6","","-4.9","","90","","0.0","","26","","8","","","","","M","","","-7","","NA"
"-113.18","52.18","DELBURNE AGCM","3012050","2020-11-21 11:00","2020","11","21","11:00","-1.5","","-5.2","","76","","0.0","","23","","4","","","","","M","","","-3","","NA"
"-113.18","52.18","DELBURNE AGCM","3012050","2020-11-21 12:00","2020","11","21","12:00","-2.0","","-5.2","","79","","0.0","","23","","7","","","","","M","","","-5","","NA"
"-113.18","52.18","DELBURNE AGCM","3012050","2020-11-21 13:00","2020","11","21","13:00","-0.6","","-4.5","","75","","0.0","","23","","7","","","","","M","","","-3","","NA"
"-113.18","52.18","DELBURNE AGCM","3012050","2020-11-21 14:00","2020","11","21","14:00","-0.3","","-4.2","","75","","0.0","","21","","10","","","","","M","","","-4","","NA"
"-113.18","52.18","DELBURNE AGCM","3012050","2020-11-21 15:00","2020","11","21","15:00","1.2","","-4.1","","68","","0.0","","27","","3","","","","","M","","","","","NA"
"-113.18","52.18","DELBURNE AGCM","3012050","2020-11-21 16:00","2020","11","21","16:00","-1.5","","-5.0","","77","","0.0","","32","","8","","","","","M","","","-5","","NA"
"-113.18","52.18","DELBURNE AGCM","3012050","2020-11-21 17:00","2020","11","21","17:00","-4.7","","-7.1","","83","","0.0","","35","","3","","","","","M","","","-6","","NA"
"-113.18","52.18","DELBURNE AGCM","3012050","2020-11-21 18:00","2020","11","21","18:00","-6.4","","-7.4","","92","","0.0","","33","","3","","","","","M","","","-8","","NA"
"-113.18","52.18","DELBURNE AGCM","3012050","2020-11-21 19:00","2020","11","21","19:00","-7.5","","-7.8","","97","","0.0","","22","","4","","","","","M","","","-10","","NA"
"-113.18","52.18","DELBURNE AGCM","3012050","2020-11-21 20:00","2020","11","21","20:00","-8.9","","-9.4","","96","","0.0","","19","","6","","","","","M","","","-12","","NA"
"-113.18","52.18","DELBURNE AGCM","3012050","2020-11-21 21:00","2020","11","21","21:00","-9.6","","-10.2","","95","","0.0","","17","","10","","","","","M","","","-15","","NA"
"-113.18","52.18","DELBURNE AGCM","3012050","2020-11-21 22:00","2020","11","21","22:00","-9.4","","-10.1","","94","","0.0","","17","","11","","","","","M","","","-15","","NA"
"-113.18","52.18","DELBURNE AGCM","3012050","2020-11-21 23:00","2020","11","21","23:00","-8.6","","-9.3","","95","","0.0","","16","","10","","","","","M","","","-14","","NA"
"-113.18","52.18","DELBURNE AGCM","3012050","2020-11-22 00:00","2020","11","22","00:00","-10.0","","-10.7","","94","","0.0","","15","","9","","","","","M","","","-15","","NA"
"-113.18","52.18","DELBURNE AGCM","3012050","2020-11-22 01:00","2020","11","22","01:00","-9.3","","-9.8","","96","","0.0","","14","","14","","","","","M","","","-16","","NA"
"-113.18","52.18","DELBURNE AGCM","3012050","2020-11-22 02:00","2020","11","22","02:00","-11.4","","-12.1","","94","","0.0","","13","","13","","","","","M","","","-18","","NA"
"-113.18","52.18","DELBURNE AGCM","3012050","2020-11-22 03:00","2020","11","22","03:00","-12.5","","-13.5","","92","","0.0","","13","","12","","","","","M","","","-19","","NA"
"-113.18","52.18","DELBURNE AGCM","3012050","2020-11-22 04:00","2020","11","22","04:00","-9.6","","-10.4","","94","","0.0","","12","","14","","","","","M","","","-16","","NA"
"-113.18","52.18","DELBURNE AGCM","3012050","2020-11-22 05:00","2020","11","22","05:00","-10.1","","-10.9","","94","","0.0","","13","","19","","","","","M","","","-18","","NA"
"-113.18","52.18","DELBURNE AGCM","3012050","2020-11-22 06:00","2020","11","22","06:00","-10.5","","-11.3","","93","","0.0","","13","","22","","","","","M","","","-19","","NA"
"-113.18","52.18","DELBURNE AGCM","3012050","2020-11-22 07:00","2020","11","22","07:00","-10.5","","-11.3","","94","","0.0","","12","","21","","","","","M","","","-19","","NA"
"-113.18","52.18","DELBURNE AGCM","3012050","2020-11-22 08:00","2020","11","22","08:00","-10.4","","-11.3","","94","","0.0","","13","","20","","","","","M","","","-18","","NA"
"-113.18","52.18","DELBURNE AGCM","3012050","2020-11-22 09:00","2020","11","22","09:00","-10.1","","-10.9","","93","","0.0","","12","","24","","","","","M","","","-19","","NA"
"-113.18","52.18","DELBURNE AGCM","3012050","2020-11-22 10:00","2020","11","22","10:00","-10.2","","-11.0","","93","","0.0","","13","","22","","","","","M","","","-18","","NA"
"-113.18","52.18","DELBURNE AGCM","3012050","2020-11-22 11:00","2020","11","22","11:00","-8.1","","-8.8","","95","","0.0","","14","","30","","","","","M","","","-17","","NA"
"-113.18","52.18","DELBURNE AGCM","3012050","2020-11-22 12:00","2020","11","22","12:00","-8.2","","-8.9","","94","","0.0","","13","","30","","","","","M","","","-17","","NA"
"-113.18","52.18","DELBURNE AGCM","3012050","2020-11-22 13:00","2020","11","22","13:00","-7.0","","-8.1","","92","","0.0","","14","","30","","","","","M","","","-16","","NA"
"-113.18","52.18","DELBURNE AGCM","3012050","2020-11-22 14:00","2020","11","22","14:00","-6.4","","-8.8","","83","","0.0","","14","","29","","","","","M","","","-15","","NA"
"-113.18","52.18","DELBURNE AGCM","3012050","2020-11-22 15:00","2020","11","22","15:00","-5.9","","-8.8","","81","","0.0","","15","","28","","","","","M","","","-14","","NA"
"-113.18","52.18","DELBURNE AGCM","3012050","2020-11-22 16:00","2020","11","22","16:00","-6.8","","-9.1","","84","","0.0","","15","","31","","","","","M","","","-15","","NA"
"-113.18","52.18","DELBURNE AGCM","3012050","2020-11-22 17:00","2020","11","22","17:00","-7.2","","-9.5","","83","","0.0","","13","","26","","","","","M","","","-15","","NA"
"-113.18","52.18","DELBURNE AGCM","3012050","2020-11-22 18:00","2020","11","22","18:00","-7.2","","-9.4","","84","","0.0","","13","","24","","","","","M","","","-15","","NA"
"-113.18","52.18","DELBURNE AGCM","3012050","2020-11-22 19:00","2020","11","22","19:00","-6.7","","-9.3","","82","","0.0","","15","","26","","","","","M","","","-15","","NA"
"-113.18","52.18","DELBURNE AGCM","3012050","2020-11-22 20:00","2020","11","22","20:00","-9.3","","-11.1","","87","","0.0","","22","","3","","","","","M","","","-11","","NA"
"-113.18","52.18","DELBURNE AGCM","3012050","2020-11-22 21:00","2020","11","22","21:00","-11.3","","-12.1","","94","","0.0","","17","","12","","","","","M","","","-17","","NA"
"-113.18","52.18","DELBURNE AGCM","3012050","2020-11-22 22:00","2020","11","22","22:00","-12.6","","-13.5","","93","","0.0","","31","","12","","","","","M","","","-19","","NA"
"-113.18","52.18","DELBURNE AGCM","3012050","2020-11-22 23:00","2020","11","22","23:00","-12.3","","-13.4","","92","","0.0","","29","","9","","","","","M","","","-18","","NA"
"-113.18","52.18","DELBURNE AGCM","3012050","2020-11-23 00:00","2020","11","23","00:00","-12.1","","-13.2","","91","","0.0","","29","","9","","","","","M","","","-17","","NA"
"-113.18","52.18","DELBURNE AGCM","3012050","2020-11-23 01:00","2020","11","23","01:00","-9.4","","-11.0","","88","","0.0","","29","","11","","","","","M","","","-15","","NA"
"-113.18","52.18","DELBURNE AGCM","3012050","2020-11-23 02:00","2020","11","23","02:00","-8.8","","-10.8","","86","","0.0","","29","","17","","","","","M","","","-16","","NA"
"-113.18","52.18","DELBURNE AGCM","3012050","2020-11-23 03:00","2020","11","23","03:00","-10.8","","-12.4","","88","","0.0","","30","","10","","","","","M","","","-16","","NA"
"-113.18","52.18","DELBURNE AGCM","3012050","2020-11-23 04:00","2020","11","23","04:00","-10.3","","-11.6","","90","","0.0","","30","","16","","","","","M","","","-17","","NA"
"-113.18","52.18","DELBURNE AGCM","3012050","2020-11-23 05:00","2020","11","23","05:00","-11.0","","-12.0","","92","","0.0","","30","","11","","","","","M","","","-17","","NA"
"-113.18","52.18","DELBURNE AGCM","3012050","2020-11-23 06:00","2020","11","23","06:00","-11.0","","-11.7","","95","","0.0","","30","","6","","","","","M","","","-15","","NA"
"-113.18","52.18","DELBURNE AGCM","3012050","2020-11-23 07:00","2020","11","23","07:00","-10.9","","-11.5","","95","","0.0","","28","","10","","","","","M","","","-16","","NA"
"-113.18","52.18","DELBURNE AGCM","3012050","2020-11-23 08:00","2020","11","23","08:00","-10.4","","-10.9","","96","","0.0","","24","","8","","","","","M","","","-15","","NA"
"-113.18","52.18","DELBURNE AGCM","3012050","2020-11-23 09:00","2020","11","23","09:00","-9.3","","-10.0","","95","","0.0","","24","","4","","","","","M","","","-12","","NA"
"-113.18","52.18","DELBURNE AGCM","3012050","2020-11-23 10:00","2020","11","23","10:00","-7.3","","-8.7","","90","","0.0","","24","","7","","","","","M","","","-11","","NA"
"-113.18","52.18","DELBURNE AGCM","3012050","2020-11-23 11:00","2020","11","23","11:00","-4.8","","-7.4","","82","","0.0","","24","","5","","","","","M","","","-7","","NA"
"-113.18","52.18","DELBURNE AGCM","3012050","2020-11-23 12:00","2020","11","23","12:00","-3.4","","-6.0","","82","","0.0","","27","","4","","","","","M","","","-5","","NA"
"-113.18","52.18","DELBURNE AGCM","3012050","2020-11-23 13:00","2020","11","23","13:00","-1.9","","-5.7","","75","","0.0","","16","","3","","","","","M","","","-3","","NA"
"-113.18","52.18","DELBURNE AGCM","3012050","2020-11-23 14:00","2020","11","23","14:00","-2.6","","-5.7","","79","","0.0","","15","","3","","","","","M","","","-4","","NA"
"-113.18","52.18","DELBURNE AGCM","3012050","2020-11-23 15:00","2020","11","23","15:00","-2.2","","-6.4","","72","","0.0","","","","0","","","","","M","","","","","NA"
"-113.18","52.18","DELBURNE AGCM","3012050","2020-11-23 16:00","2020","11","23","16:00","-6.2","","-7.8","","89","","0.0","","15","","6","","","","","M","","","-9","","NA"
"-113.18","52.18","DELBURNE AGCM","3012050","2020-11-23 17:00","2020","11","23","17:00","-9.8","","-10.5","","94","","0.0","","13","","8","","","","","M","","","-14","","NA"
"-113.18","52.18","DELBURNE AGCM","3012050","2020-11-23 18:00","2020","11","23","18:00","-8.8","","-9.4","","95","","0.0","","14","","11","","","","","M","","","-14","","NA"
"-113.18","52.18","DELBURNE AGCM","3012050","2020-11-23 19:00","2020","11","23","19:00","-10.5","","-11.4","","94","","0.0","","15","","11","","","","","M","","","-16","","NA"
"-113.18","52.18","DELBURNE AGCM","3012050","2020-11-23 20:00","2020","11","23","20:00","-9.4","","-10.0","","95","","0.0","","15","","14","","","","","M","","","-16","","NA"
"-113.18","52.18","DELBURNE AGCM","3012050","2020-11-23 21:00","2020","11","23","21:00","-9.6","","-10.3","","94","","0.0","","15","","17","","","","","M","","","-17","","NA"
"-113.18","52.18","DELBURNE AGCM","3012050","2020-11-23 22:00","2020","11","23","22:00","-9.3","","-9.9","","95","","0.0","","17","","19","","","","","M","","","-17","","NA"
"-113.18","52.18","DELBURNE AGCM","3012050","2020-11-23 23:00","2020","11","23","23:00","-8.8","","-9.4","","95","","0.0","","15","","13","","","","","M","","","-15","","NA"
"-113.18","52.18","DELBURNE AGCM","3012050","2020-11-24 00:00","2020","11","24","00:00","-9.0","","-9.7","","95","","0.0","","14","","10","","","","","M","","","-14","","NA"
"-113.18","52.18","DELBURNE AGCM","3012050","2020-11-24 01:00","2020","11","24","01:00","-8.5","","-9.1","","95","","0.0","","15","","14","","","","","M","","","-15","","NA"
"-113.18","52.18","DELBURNE AGCM","3012050","2020-11-24 02:00","2020","11","24","02:00","-9.9","","-10.8","","94","","0.0","","15","","17","","","","","M","","","-17","","NA"
"-113.18","52.18","DELBURNE AGCM","3012050","2020-11-24 03:00","2020","11","24","03:00","-11.0","","-12.0","","93","","0.0","","14","","16","","","","","M","","","-18","","NA"
"-113.18","52.18","DELBURNE AGCM","3012050","2020-11-24 04:00","2020","11","24","04:00","-12.0","","-13.0","","92","","0.0","","15","","17","","","","","M","","","-20","","NA"
"-113.18","52.18","DELBURNE AGCM","3012050","2020-11-24 05:00","2020","11","24","05:00","-12.1","","-13.1","","93","","0.0","","14","","17","","","","","M","","","-20","","NA"
"-113.18","52.18","DELBURNE AGCM","3012050","2020-11-24 06:00","2020","11","24","06:00","-12.4","","-13.5","","92","","0.0","","14","","14","","","","","M","","","-19","","NA"
"-113.18","52.18","DELBURNE AGCM","3012050","2020-11-24 07:00","2020","11","24","07:00","-11.5","","-12.5","","93","","0.0","","13","","16","","","","","M","","","-19","","NA"
"-113.18","52.18","DELBURNE AGCM","3012050","2020-11-24 08:00","2020","11","24","08:00","-10.3","","-11.2","","93","","0.0","","14","","18","","","","","M","","","-18","","NA"
"-113.18","52.18","DELBURNE AGCM","3012050","2020-11-24 09:00","2020","11","24","09:00","-9.7","","-10.5","","93","","0.0","","15","","17","","","","","M","","","-17","","NA"
"-113.18","52.18","DELBURNE AGCM","3012050","2020-11-24 10:00","2020","11","24","10:00","-8.0","","-8.8","","94","","0.0","","14","","17","","","","","M","","","-15","","NA"
"-113.18","52.18","DELBURNE AGCM","3012050","2020-11-24 11:00","2020","11","24","11:00","-7.4","","-8.3","","93","","0.0","","15","","19","","","","","M","","","-14","","NA"
"-113.18","52.18","DELBURNE AGCM","3012050","2020-11-24 12:00","2020","11","24","12:00","-5.0","","-7.4","","83","","0.0","","15","","17","","","","","M","","","-11","","NA"
"-113.18","52.18","DELBURNE AGCM","3012050","2020-11-24 13:00","2020","11","24","13:00","-3.3","","-6.5","","79","","0.0","","14","","17","","","","","M","","","-9","","NA"
"-113.18","52.18","DELBURNE AGCM","3012050","2020-11-24 14:00","2020","11","24","14:00","-4.3","","-6.8","","83","","0.0","","13","","23","","","","","M","","","-11","","NA"
"-113.18","52.18","DELBURNE AGCM","3012050","2020-11-24 15:00","2020","11","24","15:00","-4.6","","-6.9","","83","","0.0","","13","","23","","","","","M","","","-12","","NA"
"-113.18","52.18","DELBURNE AGCM","3012050","2020-11-24 16:00","2020","11","24","16:00","-5.1","","-7.1","","86","","0.0","","13","","19","","","","","M","","","-12","","NA"
"-113.18","52.18","DELBURNE AGCM","3012050","2020-11-24 17:00","2020","11","24","17:00","-5.7","","-7.7","","86","","0.0","","14","","20","","","","","M","","","-12","","NA"
"-113.18","52.18","DELBURNE AGCM","3012050","2020-11-24 18:00","2020","11","24","18:00","-6.1","","-7.6","","89","","0.0","","13","","15","","","","","M","","","-12","","NA"
"-113.18","52.18","DELBURNE AGCM","3012050","2020-11-24 19:00","2020","11","24","19:00","-5.0","","-7.2","","85","","0.0","","13","","11","","","","","M","","","-10","","NA"
"-113.18","52.18","DELBURNE AGCM","3012050","2020-11-24 20:00","2020","11","24","20:00","-4.1","","-6.6","","82","","0.0","","18","","9","","","","","M","","","-8","","NA"
"-113.18","52.18","DELBURNE AGCM","3012050","2020-11-24 21:00","2020","11","24","21:00","-0.6","","-5.5","","70","","0.0","","24","","6","","","","","M","","","-3","","NA"
"-113.18","52.18","DELBURNE AGCM","3012050","2020-11-24 22:00","2020","11","24","22:00","0.6","","-5.0","","66","","0.0","","24","","5","","","","","M","","","","","NA"
"-113.18","52.18","DELBURNE AGCM","3012050","2020-11-24 23:00","2020","11","24","23:00","0.8","","-5.4","","63","","0.0","","26","","5","","","","","M","","","","","NA"
"-113.18","52.18","DELBURNE AGCM","3012050","2020-11-25 00:00","2020","11","25","00:00","0.7","","-5.8","","62","","0.0","","24","","9","","","","","M","","","","","NA"
"-113.18","52.18","DELBURNE AGCM","3012050","2020-11-25 01:00","2020","11","25","01:00","-0.6","","-6.2","","66","","0.0","","23","","11","","","","","M","","","-4","","NA"
"-113.18","52.18","DELBURNE AGCM","3012050","2020-11-25 02:00","2020","11","25","02:00","-3.2","","-6.9","","76","","0.0","","31","","10","","","","","M","","","-7","","NA"
"-113.18","52.18","DELBURNE AGCM","3012050","2020-11-25 03:00","2020","11","25","03:00","-3.0","","-4.9","","87","","0.0","","30","","22","","","","","M","","","-9","","NA"
"-113.18","52.18","DELBURNE AGCM","3012050","2020-11-25 04:00","2020","11","25","04:00","-1.0","","-1.5","","97","","0.0","","30","","20","","","","","M","","","-7","","NA"
"-113.18","52.18","DELBURNE AGCM","3012050","2020-11-25 05:00","2020","11","25","05:00","-0.6","","-1.2","","96","","0.0","","30","","24","","","","","M","","","-7","","NA"
"-113.18","52.18","DELBURNE AGCM","3012050","2020-11-25 06:00","2020","11","25","06:00","-0.7","","-1.2","","96","","0.0","","29","","21","","","","","M","","","-6","","NA"
"-113.18","52.18","DELBURNE AGCM","3012050","2020-11-25 07:00","2020","11","25","07:00","-0.6","","-2.3","","88","","0.0","","29","","23","","","","","M","","","-6","","NA"
"-113.18","52.18","DELBURNE AGCM","3012050","2020-11-25 08:00","2020","11","25","08:00","-1.0","","-3.2","","85","","0.0","","29","","22","","","","","M","","","-7","","NA"
"-113.18","52.18","DELBURNE AGCM","3012050","2020-11-25 09:00","2020","11","25","09:00","-1.6","","-4.1","","83","","0.0","","29","","21","","","","","M","","","-7","","NA"
"-113.18","52.18","DELBURNE AGCM","3012050","2020-11-25 10:00","2020","11","25","10:00","-2.1","","-5.0","","80","","0.0","","30","","20","","","","","M","","","-8","","NA"
"-113.18","52.18","DELBURNE AGCM","3012050","2020-11-25 11:00","2020","11","25","11:00","-2.0","","-5.4","","78","","0.0","","30","","19","","","","","M","","","-8","","NA"
"-113.18","52.18","DELBURNE AGCM","3012050","2020-11-25 12:00","2020","11","25","12:00","-1.5","","-5.5","","74","","0.0","","29","","14","","","","","M","","","-6","","NA"
"-113.18","52.18","DELBURNE AGCM","3012050","2020-11-25 13:00","2020","11","25","13:00","-1.4","","-5.6","","73","","0.0","","28","","15","","","","","M","","","-6","","NA"
"-113.18","52.18","DELBURNE AGCM","3012050","2020-11-25 14:00","2020","11","25","14:00","-1.2","","-5.9","","71","","0.0","","27","","15","","","","","M","","","-6","","NA"
"-113.18","52.18","DELBURNE AGCM","3012050","2020-11-25 15:00","2020","11","25","15:00","-1.4","","-5.8","","72","","0.0","","24","","11","","","","","M","","","-5","","NA"
"-113.18","52.18","DELBURNE AGCM","3012050","2020-11-25 16:00","2020","11","25","16:00","-1.1","","-5.5","","72","","0.0","","22","","14","","","","","M","","","-6","","NA"
"-113.18","52.18","DELBURNE AGCM","3012050","2020-11-25 17:00","2020","11","25","17:00","-1.9","","-5.8","","75","","0.0","","21","","16","","","","","M","","","-7","","NA"
"-113.18","52.18","DELBURNE AGCM","3012050","2020-11-25 18:00","2020","11","25","18:00","-1.6","","-6.1","","71","","0.0","","21","","16","","","","","M","","","-7","","NA"
"-113.18","52.18","DELBURNE AGCM","3012050","2020-11-25 19:00","2020","11","25","19:00","-1.2","","-6.5","","67","","0.0","","20","","16","","","","","M","","","-6","","NA"
"-113.18","52.18","DELBURNE AGCM","3012050","2020-11-25 20:00","2020","11","25","20:00","-1.1","","-6.8","","65","","0.4","","19","","23","","","","","M","","","-7","","NA"
"-113.18","52.18","DELBURNE AGCM","3012050","2020-11-25 21:00","2020","11","25","21:00","-1.3","","-6.6","","67","","0.0","","20","","20","","","","","M","","","-7","","NA"
"-113.18","52.18","DELBURNE AGCM","3012050","2020-11-25 22:00","2020","11","25","22:00","-1.3","","-7.0","","65","","0.0","","23","","17","","","","","M","","","-6","","NA"
"-113.18","52.18","DELBURNE AGCM","3012050","2020-11-25 23:00","2020","11","25","23:00","0.1","","-8.1","","54","","0.0","","25","","16","","","","","M","","","","","NA"
"-113.18","52.18","DELBURNE AGCM","3012050","2020-11-26 00:00","2020","11","26","00:00","-0.8","","-6.4","","65","","0.0","","32","","20","","","","","M","","","-6","","NA"
"-113.18","52.18","DELBURNE AGCM","3012050","2020-11-26 01:00","2020","11","26","01:00","-2.7","","-3.5","","94","","0.0","","31","","23","","","","","M","","","-9","","NA"
"-113.18","52.18","DELBURNE AGCM","3012050","2020-11-26 02:00","2020","11","26","02:00","-3.0","","-3.6","","96","","0.0","","31","","21","","","","","M","","","-9","","NA"
"-113.18","52.18","DELBURNE AGCM","3012050","2020-11-26 03:00","2020","11","26","03:00","-3.2","","-4.0","","94","","0.0","","29","","20","","","","","M","","","-9","","NA"
"-113.18","52.18","DELBURNE AGCM","3012050","2020-11-26 04:00","2020","11","26","04:00","-3.1","","-4.1","","93","","0.0","","29","","20","","","","","M","","","-9","","NA"
"-113.18","52.18","DELBURNE AGCM","3012050","2020-11-26 05:00","2020","11","26","05:00","-3.4","","-5.7","","84","","0.0","","30","","22","","","","","M","","","-10","","NA"
"-113.18","52.18","DELBURNE AGCM","3012050","2020-11-26 06:00","2020","11","26","06:00","-3.4","","-5.3","","87","","0.0","","29","","14","","","","","M","","","-8","","NA"
"-113.18","52.18","DELBURNE AGCM","3012050","2020-11-26 07:00","2020","11","26","07:00","-3.5","","-4.6","","92","","0.0","","27","","12","","","","","M","","","-8","","NA"
"-113.18","52.18","DELBURNE AGCM","3012050","2020-11-26 08:00","2020","11","26","08:00","-3.7","","-4.8","","92","","0.0","","27","","12","","","","","M","","","-8","","NA"
"-113.18","52.18","DELBURNE AGCM","3012050","2020-11-26 09:00","2020","11","26","09:00","-3.8","","-4.5","","95","","0.0","","21","","12","","","","","M","","","-8","","NA"
"-113.18","52.18","DELBURNE AGCM","3012050","2020-11-26 10:00","2020","11","26","10:00","-3.3","","-4.5","","91","","0.0","","21","","15","","","","","M","","","-8","","NA"
"-113.18","52.18","DELBURNE AGCM","3012050","2020-11-26 11:00","2020","11","26","11:00","-2.8","","-4.8","","86","","0.0","","21","","14","","","","","M","","","-8","","NA"
"-113.18","52.18","DELBURNE AGCM","3012050","2020-11-26 12:00","2020","11","26","12:00","-2.5","","-5.0","","83","","0.0","","21","","21","","","","","M","","","-9","","NA"
"-113.18","52.18","DELBURNE AGCM","3012050","2020-11-26 13:00","2020","11","26","13:00","-1.6","","-4.5","","80","","0.0","","19","","23","","","","","M","","","-8","","NA"
"-113.18","52.18","DELBURNE AGCM","3012050","2020-11-26 14:00","2020","11","26","14:00","-1.6","","-4.8","","79","","0.0","","16","","21","","","","","M","","","-7","","NA"
"-113.18","52.18","DELBURNE AGCM","3012050","2020-11-26 15:00","2020","11","26","15:00","-2.1","","-4.8","","82","","0.0","","15","","23","","","","","M","","","-8","","NA"
"-113.18","52.18","DELBURNE AGCM","3012050","2020-11-26 16:00","2020","11","26","16:00","-2.7","","-5.2","","83","","0.0","","16","","25","","","","","M","","","-9","","NA"
"-113.18","52.18","DELBURNE AGCM","3012050","2020-11-26 17:00","2020","11","26","17:00","-2.7","","-5.2","","83","","0.0","","15","","26","","","","","M","","","-10","","NA"
"-113.18","52.18","DELBURNE AGCM","3012050","2020-11-26 18:00","2020","11","26","18:00","-2.6","","-5.1","","83","","0.0","","15","","23","","","","","M","","","-9","","NA"
"-113.18","52.18","DELBURNE AGCM","3012050","2020-11-26 19:00","2020","11","26","19:00","-1.7","","-4.9","","79","","0.0","","15","","18","","","","","M","","","-7","","NA"
"-113.18","52.18","DELBURNE AGCM","3012050","2020-11-26 20:00","2020","11","26","20:00","-0.3","","-4.9","","71","","0.0","","17","","17","","","","","M","","","-5","","NA"
"-113.18","52.18","DELBURNE AGCM","3012050","2020-11-26 21:00","2020","11","26","21:00","0.9","","-4.7","","66","","0.0","","20","","5","","","","","M","","","","","NA"
"-113.18","52.18","DELBURNE AGCM","3012050","2020-11-26 22:00","2020","11","26","22:00","-2.1","","-6.2","","74","","0.0","","16","","9","","","","","M","","","-6","","NA"
"-113.18","52.18","DELBURNE AGCM","3012050","2020-11-26 23:00","2020","11","26","23:00","-2.8","","-6.3","","77","","0.0","","16","","7","","","","","M","","","-6","","NA"
"-113.18","52.18","DELBURNE AGCM","3012050","2020-11-27 00:00","2020","11","27","00:00","-1.2","","-5.8","","71","","0.0","","19","","12","","","","","M","","","-5","","NA"
"-113.18","52.18","DELBURNE AGCM","3012050","2020-11-27 01:00","2020","11","27","01:00","1.7","","-5.1","","61","","0.0","","19","","11","","","","","M","","","","","NA"
"-113.18","52.18","DELBURNE AGCM","3012050","2020-11-27 02:00","2020","11","27","02:00","1.6","","-5.3","","60","","0.0","","17","","12","","","","","M","","","","","NA"
"-113.18","52.18","DELBURNE AGCM","3012050","2020-11-27 03:00","2020","11","27","03:00","-0.9","","-5.9","","69","","0.0","","17","","8","","","","","M","","","-4","","NA"
"-113.18","52.18","DELBURNE AGCM","3012050","2020-11-27 04:00","2020","11","27","04:00","0.0","","-5.5","","66","","0.0","","20","","12","","","","","M","","","-4","","NA"
"-113.18","52.18","DELBURNE AGCM","3012050","2020-11-27 05:00","2020","11","27","05:00","0.3","","-5.4","","66","","0.0","","23","","2","","","","","M","","","","","NA"
"-113.18","52.18","DELBURNE AGCM","3012050","2020-11-27 06:00","2020","11","27","06:00","0.3","","-5.8","","63","","0.0","","23","","4","","","","","M","","","","","NA"
"-113.18","52.18","DELBURNE AGCM","3012050","2020-11-27 07:00","2020","11","27","07:00","-1.4","","-6.2","","70","","0.0","","26","","4","","","","","M","","","-3","","NA"
"-113.18","52.18","DELBURNE AGCM","3012050","2020-11-27 08:00","2020","11","27","08:00","-2.4","","-6.1","","75","","0.0","","26","","5","","","","","M","","","-4","","NA"
"-113.18","52.18","DELBURNE AGCM","3012050","2020-11-27 09:00","2020","11","27","09:00","-3.0","","-6.5","","77","","0.0","","2","","6","","","","","M","","","-5","","NA"
"-113.18","52.18","DELBURNE AGCM","3012050","2020-11-27 10:00","2020","11","27","10:00","-0.6","","-6.2","","66","","0.0","","36","","4","","","","","M","","","-2","","NA"
"-113.18","52.18","DELBURNE AGCM","3012050","2020-11-27 11:00","2020","11","27","11:00","-2.3","","-6.9","","71","","0.0","","32","","8","","","","","M","","","-5","","NA"
"-113.18","52.18","DELBURNE AGCM","3012050","2020-11-27 12:00","2020","11","27","12:00","-0.7","","-6.5","","65","","0.0","","36","","5","","","","","M","","","-2","","NA"
"-113.18","52.18","DELBURNE AGCM","3012050","2020-11-27 13:00","2020","11","27","13:00","1.3","","-4.5","","65","","0.0","","4","","8","","","","","M","","","","","NA"
"-113.18","52.18","DELBURNE AGCM","3012050","2020-11-27 14:00","2020","11","27","14:00","0.6","","-5.1","","65","","0.0","","5","","7","","","","","M","","","","","NA"
"-113.18","52.18","DELBURNE AGCM","3012050","2020-11-27 15:00","2020","11","27","15:00","-0.1","","-5.8","","65","","0.0","","6","","9","","","","","M","","","-3","","NA"
"-113.18","52.18","DELBURNE AGCM","3012050","2020-11-27 16:00","2020","11","27","16:00","-1.3","","-5.6","","73","","0.0","","7","","9","","","","","M","","","-5","","NA"
"-113.18","52.18","DELBURNE AGCM","3012050","2020-11-27 17:00","2020","11","27","17:00","-5.4","","-7.8","","83","","0.0","","10","","5","","","","","M","","","-8","","NA"
"-113.18","52.18","DELBURNE AGCM","3012050","2020-11-27 18:00","2020","11","27","18:00","-4.0","","-5.9","","86","","0.0","","11","","7","","","","","M","","","-7","","NA"
"-113.18","52.18","DELBURNE AGCM","3012050","2020-11-27 19:00","2020","11","27","19:00","-6.1","","-8.2","","85","","0.0","","13","","11","","","","","M","","","-11","","NA"
"-113.18","52.18","DELBURNE AGCM","3012050","2020-11-27 20:00","2020","11","27","20:00","-4.5","","-7.2","","82","","0.0","","13","","14","","","","","M","","","-10","","NA"
"-113.18","52.18","DELBURNE AGCM","3012050","2020-11-27 21:00","2020","11","27","21:00","-4.6","","-7.1","","83","","0.0","","13","","10","","","","","M","","","-9","","NA"
"-113.18","52.18","DELBURNE AGCM","3012050","2020-11-27 22:00","2020","11","27","22:00","-5.3","","-7.5","","84","","0.0","","11","","5","","","","","M","","","-8","","NA"
"-113.18","52.18","DELBURNE AGCM","3012050","2020-11-27 23:00","2020","11","27","23:00","-7.0","","-8.5","","89","","0.0","","15","","15","","","","","M","","","-13","","NA"
"-113.18","52.18","DELBURNE AGCM","3012050","2020-11-28 00:00","2020","11","28","00:00","-5.2","","-7.3","","85","","0.0","","14","","14","","","","","M","","","-11","","NA"
"-113.18","52.18","DELBURNE AGCM","3012050","2020-11-28 01:00","2020","11","28","01:00","-7.0","","-9.0","","86","","0.0","","23","","8","","","","","M","","","-11","","NA"
"-113.18","52.18","DELBURNE AGCM","3012050","2020-11-28 02:00","2020","11","28","02:00","-11.0","","-11.8","","94","","0.0","","32","","4","","","","","M","","","-13","","NA"
"-113.18","52.18","DELBURNE AGCM","3012050","2020-11-28 03:00","2020","11","28","03:00","-11.2","","-11.7","","96","","0.0","","25","","4","","","","","M","","","-14","","NA"
"-113.18","52.18","DELBURNE AGCM","3012050","2020-11-28 04:00","2020","11","28","04:00","-11.0","","-11.5","","96","","0.0","","19","","5","","","","","M","","","-14","","NA"
"-113.18","52.18","DELBURNE AGCM","3012050","2020-11-28 05:00","2020","11","28","05:00","-10.9","","-11.8","","94","","0.0","","28","","13","","","","","M","","","-17","","NA"
"-113.18","52.18","DELBURNE AGCM","3012050","2020-11-28 06:00","2020","11","28","06:00","-7.4","","-8.7","","91","","0.0","","30","","13","","","","","M","","","-13","","NA"
"-113.18","52.18","DELBURNE AGCM","3012050","2020-11-28 07:00","2020","11","28","07:00","-4.6","","-5.8","","91","","0.0","","30","","33","","","","","M","","","-13","","NA"
"-113.18","52.18","DELBURNE AGCM","3012050","2020-11-28 08:00","2020","11","28","08:00","-4.3","","-5.3","","93","","0.0","","30","","32","","","","","M","","","-12","","NA"
"-113.18","52.18","DELBURNE AGCM","3012050","2020-11-28 09:00","2020","11","28","09:00","-4.3","","-5.3","","93","","0.0","","31","","26","","","","","M","","","-12","","NA"
"-113.18","52.18","DELBURNE AGCM","3012050","2020-11-28 10:00","2020","11","28","10:00","-3.9","","-5.3","","90","","0.0","","30","","26","","","","","M","","","-11","","NA"
"-113.18","52.18","DELBURNE AGCM","3012050","2020-11-28 11:00","2020","11","28","11:00","-4.4","","-6.4","","86","","0.0","","30","","18","","","","","M","","","-10","","NA"
"-113.18","52.18","DELBURNE AGCM","3012050","2020-11-28 12:00","2020","11","28","12:00","-3.5","","-6.4","","80","","0.0","","29","","23","","","","","M","","","-10","","NA"
"-113.18","52.18","DELBURNE AGCM","3012050","2020-11-28 13:00","2020","11","28","13:00","-3.2","","-6.4","","78","","0.0","","28","","14","","","","","M","","","-8","","NA"
"-113.18","52.18","DELBURNE AGCM","3012050","2020-11-28 14:00","2020","11","28","14:00","-3.2","","-6.3","","79","","0.0","","27","","16","","","","","M","","","-9","","NA"
"-113.18","52.18","DELBURNE AGCM","3012050","2020-11-28 15:00","2020","11","28","15:00","-3.2","","-6.7","","77","","0.0","","26","","10","","","","","M","","","-7","","NA"
"-113.18","52.18","DELBURNE AGCM","3012050","2020-11-28 16:00","2020","11","28","16:00","-4.3","","-7.7","","77","","0.0","","25","","13","","","","","M","","","-9","","NA"
"-113.18","52.18","DELBURNE AGCM","3012050","2020-11-28 17:00","2020","11","28","17:00","-6.7","","-9.2","","83","","0.0","","22","","12","","","","","M","","","-12","","NA"
"-113.18","52.18","DELBURNE AGCM","3012050","2020-11-28 18:00","2020","11","28","18:00","-8.0","","-10.0","","85","","0.0","","18","","13","","","","","M","","","-14","","NA"
"-113.18","52.18","DELBURNE AGCM","3012050","2020-11-28 19:00","2020","11","28","19:00","-7.7","","-10.4","","81","","0.0","","20","","16","","","","","M","","","-14","","NA"
"-113.18","52.18","DELBURNE AGCM","3012050","2020-11-28 20:00","2020","11","28","20:00","-6.5","","-9.9","","77","","0.0","","20","","22","","","","","M","","","-14","","NA"
"-113.18","52.18","DELBURNE AGCM","3012050","2020-11-28 21:00","2020","11","28","21:00","-6.4","","-10.3","","74","","0.0","","21","","14","","","","","M","","","-12","","NA"
"-113.18","52.18","DELBURNE AGCM","3012050","2020-11-28 22:00","2020","11","28","22:00","-6.5","","-10.5","","73","","0.0","","19","","18","","","","","M","","","-13","","NA"
"-113.18","52.18","DELBURNE AGCM","3012050","2020-11-28 23:00","2020","11","28","23:00","-6.2","","-10.5","","72","","0.0","","17","","21","","","","","M","","","-13","","NA"
"-113.18","52.18","DELBURNE AGCM","3012050","2020-11-29 00:00","2020","11","29","00:00","-5.2","","-9.8","","70","","0.0","","18","","24","","","","","M","","","-12","","NA"
"-113.18","52.18","DELBURNE AGCM","3012050","2020-11-29 01:00","2020","11","29","01:00","-7.3","","-11.0","","75","","0.0","","14","","20","","","","","M","","","-14","","NA"
"-113.18","52.18","DELBURNE AGCM","3012050","2020-11-29 02:00","2020","11","29","02:00","-7.3","","-10.8","","76","","0.0","","16","","25","","","","","M","","","-15","","NA"
"-113.18","52.18","DELBURNE AGCM","3012050","2020-11-29 03:00","2020","11","29","03:00","-8.2","","-11.0","","80","","0.0","","15","","23","","","","","M","","","-16","","NA"
"-113.18","52.18","DELBURNE AGCM","3012050","2020-11-29 04:00","2020","11","29","04:00","-8.6","","-11.2","","82","","0.0","","15","","23","","","","","M","","","-17","","NA"
"-113.18","52.18","DELBURNE AGCM","3012050","2020-11-29 05:00","2020","11","29","05:00","-9.2","","-11.9","","81","","0.0","","15","","18","","","","","M","","","-16","","NA"
"-113.18","52.18","DELBURNE AGCM","3012050","2020-11-29 06:00","2020","11","29","06:00","-8.1","","-12.1","","73","","0.0","","14","","17","","","","","M","","","-15","","NA"
"-113.18","52.18","DELBURNE AGCM","3012050","2020-11-29 07:00","2020","11","29","07:00","-7.8","","-12.9","","67","","0.0","","16","","16","","","","","M","","","-14","","NA"
"-113.18","52.18","DELBURNE AGCM","3012050","2020-11-29 08:00","2020","11","29","08:00","-5.8","","-12.7","","58","","0.0","","15","","16","","","","","M","","","-12","","NA"
"-113.18","52.18","DELBURNE AGCM","3012050","2020-11-29 09:00","2020","11","29","09:00","-4.4","","-11.6","","57","","0.0","","20","","12","","","","","M","","","-9","","NA"
"-113.18","52.18","DELBURNE AGCM","3012050","2020-11-29 10:00","2020","11","29","10:00","-4.4","","-11.6","","57","","0.0","","16","","12","","","","","M","","","-9","","NA"
"-113.18","52.18","DELBURNE AGCM","3012050","2020-11-29 11:00","2020","11","29","11:00","-2.4","","-10.8","","53","","0.0","","16","","14","","","","","M","","","-7","","NA"
"-113.18","52.18","DELBURNE AGCM","3012050","2020-11-29 12:00","2020","11","29","12:00","-0.8","","-8.6","","55","","0.0","","16","","14","","","","","M","","","-5","","NA"
"-113.18","52.18","DELBURNE AGCM","3012050","2020-11-29 13:00","2020","11","29","13:00","-0.7","","-8.1","","57","","0.0","","14","","11","","","","","M","","","-4","","NA"
"-113.18","52.18","DELBURNE AGCM","3012050","2020-11-29 14:00","2020","11","29","14:00","-2.3","","-7.9","","66","","0.0","","13","","17","","","","","M","","","-8","","NA"
"-113.18","52.18","DELBURNE AGCM","3012050","2020-11-29 15:00","2020","11","29","15:00","-0.3","","-7.2","","59","","0.0","","16","","17","","","","","M","","","-5","","NA"
"-113.18","52.18","DELBURNE AGCM","3012050","2020-11-29 16:00","2020","11","29","16:00","-0.8","","-6.5","","65","","0.0","","17","","15","","","","","M","","","-5","","NA"
"-113.18","52.18","DELBURNE AGCM","3012050","2020-11-29 17:00","2020","11","29","17:00","1.9","","-6.3","","55","","0.0","","18","","13","","","","","M","","","","","NA"
"-113.18","52.18","DELBURNE AGCM","3012050","2020-11-29 18:00","2020","11","29","18:00","3.0","","-6.4","","50","","0.0","","19","","16","","","","","M","","","","","NA"
"-113.18","52.18","DELBURNE AGCM","3012050","2020-11-29 19:00","2020","11","29","19:00","4.6","","-6.8","","43","","0.0","","20","","16","","","","","M","","","","","NA"
"-113.18","52.18","DELBURNE AGCM","3012050","2020-11-29 20:00","2020","11","29","20:00","3.7","","-7.3","","45","","0.0","","16","","16","","","","","M","","","","","NA"
"-113.18","52.18","DELBURNE AGCM","3012050","2020-11-29 21:00","2020","11","29","21:00","3.0","","-8.3","","43","","0.0","","19","","12","","","","","M","","","","","NA"
"-113.18","52.18","DELBURNE AGCM","3012050","2020-11-29 22:00","2020","11","29","22:00","1.9","","-7.6","","49","","0.0","","16","","14","","","","","M","","","","","NA"
"-113.18","52.18","DELBURNE AGCM","3012050","2020-11-29 23:00","2020","11","29","23:00","1.1","","-7.0","","55","","0.0","","13","","17","","","","","M","","","","","NA"
"-113.18","52.18","DELBURNE AGCM","3012050","2020-11-30 00:00","2020","11","30","00:00","0.6","","-6.7","","58","","0.0","","14","","19","","","","","M","","","","","NA"
"-113.18","52.18","DELBURNE AGCM","3012050","2020-11-30 01:00","2020","11","30","01:00","0.1","","-7.6","","56","","0.0","","13","","15","","","","","M","","","","","NA"
"-113.18","52.18","DELBURNE AGCM","3012050","2020-11-30 02:00","2020","11","30","02:00","4.4","","-9.2","","37","","0.0","","21","","20","","","","","M","","","","","NA"
"-113.18","52.18","DELBURNE AGCM","3012050","2020-11-30 03:00","2020","11","30","03:00","1.6","","-8.9","","46","","0.0","","17","","11","","","","","M","","","","","NA"
"-113.18","52.18","DELBURNE AGCM","3012050","2020-11-30 04:00","2020","11","30","04:00","0.8","","-8.1","","51","","0.0","","15","","24","","","","","M","","","","","NA"
"-113.18","52.18","DELBURNE AGCM","3012050","2020-11-30 05:00","2020","11","30","05:00","0.4","","-9.2","","49","","0.0","","16","","26","","","","","M","","","","","NA"
"-113.18","52.18","DELBURNE AGCM","3012050","2020-11-30 06:00","2020","11","30","06:00","0.6","","-8.9","","49","","0.0","","16","","20","","","","","M","","","","","NA"
"-113.18","52.18","DELBURNE AGCM","3012050","2020-11-30 07:00","2020","11","30","07:00","2.6","","-9.6","","40","","0.0","","19","","26","","","","","M","","","","","NA"
"-113.18","52.18","DELBURNE AGCM","3012050","2020-11-30 08:00","2020","11","30","08:00","4.3","","-9.4","","36","","0.0","","19","","24","","","","","M","","","","","NA"
"-113.18","52.18","DELBURNE AGCM","3012050","2020-11-30 09:00","2020","11","30","09:00","2.1","","-8.2","","46","","0.0","","15","","8","","","","","M","","","","","NA"
"-113.18","52.18","DELBURNE AGCM","3012050","2020-11-30 10:00","2020","11","30","10:00","2.9","","-6.0","","52","","0.0","","19","","14","","","","","M","","","","","NA"
"-113.18","52.18","DELBURNE AGCM","3012050","2020-11-30 11:00","2020","11","30","11:00","5.5","","-5.2","","46","","0.0","","20","","29","","","","","M","","","","","NA"
"-113.18","52.18","DELBURNE AGCM","3012050","2020-11-30 12:00","2020","11","30","12:00","5.5","","-5.0","","47","","0.0","","19","","23","","","","","M","","","","","NA"
"-113.18","52.18","DELBURNE AGCM","3012050","2020-11-30 13:00","2020","11","30","13:00","5.6","","-4.3","","49","","0.0","","20","","20","","","","","M","","","","","NA"
"-113.18","52.18","DELBURNE AGCM","3012050","2020-11-30 14:00","2020","11","30","14:00","4.2","","-4.3","","54","","0.0","","22","","18","","","","","M","","","","","NA"
"-113.18","52.18","DELBURNE AGCM","3012050","2020-11-30 15:00","2020","11","30","15:00","5.1","","-3.8","","53","","0.0","","22","","21","","","","","M","","","","","NA"
"-113.18","52.18","DELBURNE AGCM","3012050","2020-11-30 16:00","2020","11","30","16:00","5.3","","-3.8","","52","","0.0","","24","","18","","","","","M","","","","","NA"
"-113.18","52.18","DELBURNE AGCM","3012050","2020-11-30 17:00","2020","11","30","17:00","5.9","","-4.1","","49","","0.0","","27","","28","","","","","M","","","","","NA"
"-113.18","52.18","DELBURNE AGCM","3012050","2020-11-30 18:00","2020","11","30","18:00","4.8","","-3.4","","55","","0.0","","29","","15","","","","","M","","","","","NA"
"-113.18","52.18","DELBURNE AGCM","3012050","2020-11-30 19:00","2020","11","30","19:00","5.6","","-3.8","","51","","0.0","","30","","20","","","","","M","","","","","NA"
"-113.18","52.18","DELBURNE AGCM","3012050","2020-11-30 20:00","2020","11","30","20:00","5.0","","-3.4","","55","","0.0","","30","","22","","","","","M","","","","","NA"
"-113.18","52.18","DELBURNE AGCM","3012050","2020-11-30 21:00","2020","11","30","21:00","3.1","","-3.2","","63","","0.0","","31","","31","","","","","M","","","","","NA"
"-113.18","52.18","DELBURNE AGCM","3012050","2020-11-30 22:00","2020","11","30","22:00","2.2","","-8.7","","45","","0.0","","30","","35","","","","","M","","","","","NA"
"-113.18","52.18","DELBURNE AGCM","3012050","2020-11-30 23:00","2020","11","30","23:00","1.3","","-10.4","","41","","0.0","","30","","38","","","","","M","","","","","NA"
