"Longitude (x)","Latitude (y)","Station Name","Climate ID","Date/Time (LST)","Year","Month","Day","Time (LST)","Temp (°C)","Temp Flag","Dew Point Temp (°C)","Dew Point Temp Flag","Rel Hum (%)","Rel Hum Flag","Precip. Amount (mm)","Precip. Amount Flag","Wind Dir (10s deg)","Wind Dir Flag","Wind Spd (km/h)","Wind Spd Flag","Visibility (km)","Visibility Flag","Stn Press (kPa)","Stn Press Flag","Hmdx","Hmdx Flag","Wind Chill","Wind Chill Flag","Weather"
"-112.10","51.05","FINNEGAN AGCM","3022650","2022-11-01 00:00","2022","11","01","00:00","-5.0","","-6.3","","90","","","M","31","","5","","","","","M","","","-7","","NA"
"-112.10","51.05","FINNEGAN AGCM","3022650","2022-11-01 01:00","2022","11","01","01:00","-3.0","","-3.5","","96","","","M","27","","8","","","","","M","","","-6","","NA"
"-112.10","51.05","FINNEGAN AGCM","3022650","2022-11-01 02:00","2022","11","01","02:00","-0.5","","-1.2","","95","","","M","28","","12","","","","","M","","","-4","","NA"
"-112.10","51.05","FINNEGAN AGCM","3022650","2022-11-01 03:00","2022","11","01","03:00","1.3","","-1.9","","79","","","M","30","","21","","","","","M","","","","","NA"
"-112.10","51.05","FINNEGAN AGCM","3022650","2022-11-01 04:00","2022","11","01","04:00","1.3","","-2.6","","75","","","M","29","","19","","","","","M","","","","","NA"
"-112.10","51.05","FINNEGAN AGCM","3022650","2022-11-01 05:00","2022","11","01","05:00","1.6","","-3.3","","70","","","M","30","","20","","","","","M","","","","","NA"
"-112.10","51.05","FINNEGAN AGCM","3022650","2022-11-01 06:00","2022","11","01","06:00","0.9","","-3.5","","72","","","M","9","","4","","","","","M","","","","","NA"
"-112.10","51.05","FINNEGAN AGCM","3022650","2022-11-01 07:00","2022","11","01","07:00","-0.2","","-3.2","","81","","","M","6","","2","","","","","M","","","-1","","NA"
"-112.10","51.05","FINNEGAN AGCM","3022650","2022-11-01 08:00","2022","11","01","08:00","-0.7","","-4.3","","77","","","M","31","","3","","","","","M","","","-2","","NA"
"-112.10","51.05","FINNEGAN AGCM","3022650","2022-11-01 09:00","2022","11","01","09:00","1.2","","-3.0","","74","","","M","32","","16","","","","","M","","","","","NA"
"-112.10","51.05","FINNEGAN AGCM","3022650","2022-11-01 10:00","2022","11","01","10:00","1.6","","-3.0","","71","","","M","32","","20","","","","","M","","","","","NA"
"-112.10","51.05","FINNEGAN AGCM","3022650","2022-11-01 11:00","2022","11","01","11:00","2.5","","-3.4","","65","","","M","31","","17","","","","","M","","","","","NA"
"-112.10","51.05","FINNEGAN AGCM","3022650","2022-11-01 12:00","2022","11","01","12:00","3.7","","-3.8","","58","","","M","32","","13","","","","","M","","","","","NA"
"-112.10","51.05","FINNEGAN AGCM","3022650","2022-11-01 13:00","2022","11","01","13:00","3.9","","-3.1","","60","","","M","34","","20","","","","","M","","","","","NA"
"-112.10","51.05","FINNEGAN AGCM","3022650","2022-11-01 14:00","2022","11","01","14:00","3.5","","-1.3","","71","","","M","33","","20","","","","","M","","","","","NA"
"-112.10","51.05","FINNEGAN AGCM","3022650","2022-11-01 15:00","2022","11","01","15:00","1.6","","0.4","","92","","","M","33","","18","","","","","M","","","","","NA"
"-112.10","51.05","FINNEGAN AGCM","3022650","2022-11-01 16:00","2022","11","01","16:00","0.4","","0.0","","97","","","M","32","","20","","","","","M","","","","","NA"
"-112.10","51.05","FINNEGAN AGCM","3022650","2022-11-01 17:00","2022","11","01","17:00","0.3","","0.0","","98","","","M","32","","20","","","","","M","","","","","NA"
"-112.10","51.05","FINNEGAN AGCM","3022650","2022-11-01 18:00","2022","11","01","18:00","0.1","","-0.2","","98","","","M","32","","19","","","","","M","","","","","NA"
"-112.10","51.05","FINNEGAN AGCM","3022650","2022-11-01 19:00","2022","11","01","19:00","-0.1","","-0.3","","99","","","M","31","","16","","","","","M","","","-5","","NA"
"-112.10","51.05","FINNEGAN AGCM","3022650","2022-11-01 20:00","2022","11","01","20:00","-0.2","","-0.3","","99","","","M","31","","19","","","","","M","","","-5","","NA"
"-112.10","51.05","FINNEGAN AGCM","3022650","2022-11-01 21:00","2022","11","01","21:00","-0.2","","-0.3","","100","","","M","30","","20","","","","","M","","","-5","","NA"
"-112.10","51.05","FINNEGAN AGCM","3022650","2022-11-01 22:00","2022","11","01","22:00","-0.2","","-0.3","","100","","","M","30","","20","","","","","M","","","-5","","NA"
"-112.10","51.05","FINNEGAN AGCM","3022650","2022-11-01 23:00","2022","11","01","23:00","-0.3","","-0.3","","100","","","M","30","","23","","","","","M","","","-6","","NA"
"-112.10","51.05","FINNEGAN AGCM","3022650","2022-11-02 00:00","2022","11","02","00:00","-0.3","","-0.3","","100","","","M","30","","24","","","","","M","","","-6","","NA"
"-112.10","51.05","FINNEGAN AGCM","3022650","2022-11-02 01:00","2022","11","02","01:00","-0.3","","-0.4","","99","","","M","31","","24","","","","","M","","","-6","","NA"
"-112.10","51.05","FINNEGAN AGCM","3022650","2022-11-02 02:00","2022","11","02","02:00","-0.5","","-0.7","","99","","","M","32","","24","","","","","M","","","-6","","NA"
"-112.10","51.05","FINNEGAN AGCM","3022650","2022-11-02 03:00","2022","11","02","03:00","-0.7","","-1.3","","96","","","M","33","","21","","","","","M","","","-6","","NA"
"-112.10","51.05","FINNEGAN AGCM","3022650","2022-11-02 04:00","2022","11","02","04:00","-0.9","","-1.8","","94","","","M","33","","29","","","","","M","","","-8","","NA"
"-112.10","51.05","FINNEGAN AGCM","3022650","2022-11-02 05:00","2022","11","02","05:00","-1.1","","-1.9","","94","","","M","33","","26","","","","","M","","","-7","","NA"
"-112.10","51.05","FINNEGAN AGCM","3022650","2022-11-02 06:00","2022","11","02","06:00","-1.3","","-2.0","","95","","","M","33","","30","","","","","M","","","-8","","NA"
"-112.10","51.05","FINNEGAN AGCM","3022650","2022-11-02 07:00","2022","11","02","07:00","-1.8","","-2.3","","97","","","M","32","","27","","","","","M","","","-8","","NA"
"-112.10","51.05","FINNEGAN AGCM","3022650","2022-11-02 08:00","2022","11","02","08:00","-2.2","","-2.5","","98","","","M","31","","28","","","","","M","","","-9","","NA"
"-112.10","51.05","FINNEGAN AGCM","3022650","2022-11-02 09:00","2022","11","02","09:00","-2.1","","-2.4","","98","","","M","30","","23","","","","","M","","","-8","","NA"
"-112.10","51.05","FINNEGAN AGCM","3022650","2022-11-02 10:00","2022","11","02","10:00","-3.3","","-3.8","","96","","","M","29","","36","","","","","M","","","-11","","NA"
"-112.10","51.05","FINNEGAN AGCM","3022650","2022-11-02 11:00","2022","11","02","11:00","-3.4","","-4.0","","95","","","M","30","","38","","","","","M","","","-12","","NA"
"-112.10","51.05","FINNEGAN AGCM","3022650","2022-11-02 12:00","2022","11","02","12:00","-3.2","","-3.9","","95","","","M","30","","38","","","","","M","","","-11","","NA"
"-112.10","51.05","FINNEGAN AGCM","3022650","2022-11-02 13:00","2022","11","02","13:00","-3.1","","-4.0","","93","","","M","30","","42","","","","","M","","","-12","","NA"
"-112.10","51.05","FINNEGAN AGCM","3022650","2022-11-02 14:00","2022","11","02","14:00","-3.3","","-4.4","","92","","","M","30","","42","","","","","M","","","-12","","NA"
"-112.10","51.05","FINNEGAN AGCM","3022650","2022-11-02 15:00","2022","11","02","15:00","-3.6","","-5.1","","90","","","M","30","","41","","","","","M","","","-12","","NA"
"-112.10","51.05","FINNEGAN AGCM","3022650","2022-11-02 16:00","2022","11","02","16:00","-4.0","","-5.3","","91","","","M","29","","39","","","","","M","","","-13","","NA"
"-112.10","51.05","FINNEGAN AGCM","3022650","2022-11-02 17:00","2022","11","02","17:00","-4.4","","-5.5","","92","","","M","29","","38","","","","","M","","","-13","","NA"
"-112.10","51.05","FINNEGAN AGCM","3022650","2022-11-02 18:00","2022","11","02","18:00","-4.5","","-5.7","","91","","","M","29","","38","","","","","M","","","-13","","NA"
"-112.10","51.05","FINNEGAN AGCM","3022650","2022-11-02 19:00","2022","11","02","19:00","-4.7","","-6.3","","89","","","M","29","","31","","","","","M","","","-13","","NA"
"-112.10","51.05","FINNEGAN AGCM","3022650","2022-11-02 20:00","2022","11","02","20:00","-5.1","","-6.8","","87","","","M","29","","33","","","","","M","","","-13","","NA"
"-112.10","51.05","FINNEGAN AGCM","3022650","2022-11-02 21:00","2022","11","02","21:00","-5.5","","-7.5","","86","","","M","29","","33","","","","","M","","","-14","","NA"
"-112.10","51.05","FINNEGAN AGCM","3022650","2022-11-02 22:00","2022","11","02","22:00","-6.3","","-8.2","","86","","","M","29","","30","","","","","M","","","-15","","NA"
"-112.10","51.05","FINNEGAN AGCM","3022650","2022-11-02 23:00","2022","11","02","23:00","-6.4","","-8.5","","85","","","M","29","","29","","","","","M","","","-15","","NA"
"-112.10","51.05","FINNEGAN AGCM","3022650","2022-11-03 00:00","2022","11","03","00:00","-6.4","","-8.5","","85","","","M","29","","30","","","","","M","","","-15","","NA"
"-112.10","51.05","FINNEGAN AGCM","3022650","2022-11-03 01:00","2022","11","03","01:00","-6.6","","-8.8","","85","","","M","29","","22","","","","","M","","","-14","","NA"
"-112.10","51.05","FINNEGAN AGCM","3022650","2022-11-03 02:00","2022","11","03","02:00","-8.8","","-10.8","","86","","","M","28","","20","","","","","M","","","-16","","NA"
"-112.10","51.05","FINNEGAN AGCM","3022650","2022-11-03 03:00","2022","11","03","03:00","-10.3","","-12.0","","87","","","M","27","","14","","","","","M","","","-17","","NA"
"-112.10","51.05","FINNEGAN AGCM","3022650","2022-11-03 04:00","2022","11","03","04:00","-13.2","","-14.8","","87","","","M","24","","9","","","","","M","","","-19","","NA"
"-112.10","51.05","FINNEGAN AGCM","3022650","2022-11-03 05:00","2022","11","03","05:00","-9.8","","-11.1","","90","","","M","28","","12","","","","","M","","","-16","","NA"
"-112.10","51.05","FINNEGAN AGCM","3022650","2022-11-03 06:00","2022","11","03","06:00","-10.0","","-11.6","","88","","","M","24","","8","","","","","M","","","-14","","NA"
"-112.10","51.05","FINNEGAN AGCM","3022650","2022-11-03 07:00","2022","11","03","07:00","-10.0","","-11.2","","91","","","M","21","","5","","","","","M","","","-13","","NA"
"-112.10","51.05","FINNEGAN AGCM","3022650","2022-11-03 08:00","2022","11","03","08:00","-9.3","","-10.4","","92","","","M","17","","6","","","","","M","","","-13","","NA"
"-112.10","51.05","FINNEGAN AGCM","3022650","2022-11-03 09:00","2022","11","03","09:00","-9.8","","-10.6","","94","","","M","18","","9","","","","","M","","","-15","","NA"
"-112.10","51.05","FINNEGAN AGCM","3022650","2022-11-03 10:00","2022","11","03","10:00","-10.0","","-10.9","","93","","","M","18","","8","","","","","M","","","-14","","NA"
"-112.10","51.05","FINNEGAN AGCM","3022650","2022-11-03 11:00","2022","11","03","11:00","-9.5","","-10.3","","94","","","M","15","","10","","","","","M","","","-15","","NA"
"-112.10","51.05","FINNEGAN AGCM","3022650","2022-11-03 12:00","2022","11","03","12:00","-9.9","","-10.9","","92","","","M","14","","9","","","","","M","","","-15","","NA"
"-112.10","51.05","FINNEGAN AGCM","3022650","2022-11-03 13:00","2022","11","03","13:00","-9.7","","-10.7","","92","","","M","12","","10","","","","","M","","","-15","","NA"
"-112.10","51.05","FINNEGAN AGCM","3022650","2022-11-03 14:00","2022","11","03","14:00","-9.2","","-10.2","","93","","","M","13","","11","","","","","M","","","-15","","NA"
"-112.10","51.05","FINNEGAN AGCM","3022650","2022-11-03 15:00","2022","11","03","15:00","-8.7","","-9.6","","94","","","M","13","","13","","","","","M","","","-15","","NA"
"-112.10","51.05","FINNEGAN AGCM","3022650","2022-11-03 16:00","2022","11","03","16:00","-9.8","","-10.7","","93","","","M","8","","10","","","","","M","","","-15","","NA"
"-112.10","51.05","FINNEGAN AGCM","3022650","2022-11-03 17:00","2022","11","03","17:00","-11.4","","-12.5","","91","","","M","3","","5","","","","","M","","","-15","","NA"
"-112.10","51.05","FINNEGAN AGCM","3022650","2022-11-03 18:00","2022","11","03","18:00","-13.3","","-14.6","","90","","","M","1","","6","","","","","M","","","-17","","NA"
"-112.10","51.05","FINNEGAN AGCM","3022650","2022-11-03 19:00","2022","11","03","19:00","-15.1","","-16.6","","88","","","M","32","","5","","","","","M","","","-19","","NA"
"-112.10","51.05","FINNEGAN AGCM","3022650","2022-11-03 20:00","2022","11","03","20:00","-14.7","","-16.1","","89","","","M","31","","4","","","","","M","","","-18","","NA"
"-112.10","51.05","FINNEGAN AGCM","3022650","2022-11-03 21:00","2022","11","03","21:00","-15.7","","-17.3","","88","","","M","31","","2","","","","","M","","","-17","","NA"
"-112.10","51.05","FINNEGAN AGCM","3022650","2022-11-03 22:00","2022","11","03","22:00","-16.1","","-17.8","","87","","","M","","","0","","","","","M","","","","","NA"
"-112.10","51.05","FINNEGAN AGCM","3022650","2022-11-03 23:00","2022","11","03","23:00","-16.1","","-17.8","","87","","","M","","","0","","","","","M","","","","","NA"
"-112.10","51.05","FINNEGAN AGCM","3022650","2022-11-04 00:00","2022","11","04","00:00","-16.4","","-18.0","","87","","","M","","","0","","","","","M","","","","","NA"
"-112.10","51.05","FINNEGAN AGCM","3022650","2022-11-04 01:00","2022","11","04","01:00","-17.9","","-19.8","","85","","","M","","","0","","","","","M","","","","","NA"
"-112.10","51.05","FINNEGAN AGCM","3022650","2022-11-04 02:00","2022","11","04","02:00","-17.3","","-19.2","","86","","","M","","","0","","","","","M","","","","","NA"
"-112.10","51.05","FINNEGAN AGCM","3022650","2022-11-04 03:00","2022","11","04","03:00","-17.9","","-19.7","","86","","","M","","","0","","","","","M","","","","","NA"
"-112.10","51.05","FINNEGAN AGCM","3022650","2022-11-04 04:00","2022","11","04","04:00","-17.6","","-19.4","","86","","","M","","","0","","","","","M","","","","","NA"
"-112.10","51.05","FINNEGAN AGCM","3022650","2022-11-04 05:00","2022","11","04","05:00","-18.3","","-20.3","","84","","","M","","","0","","","","","M","","","","","NA"
"-112.10","51.05","FINNEGAN AGCM","3022650","2022-11-04 06:00","2022","11","04","06:00","-18.4","","-20.3","","85","","","M","","","0","","","","","M","","","","","NA"
"-112.10","51.05","FINNEGAN AGCM","3022650","2022-11-04 07:00","2022","11","04","07:00","-18.8","","-20.8","","84","","","M","","","0","","","","","M","","","","","NA"
"-112.10","51.05","FINNEGAN AGCM","3022650","2022-11-04 08:00","2022","11","04","08:00","-17.9","","-19.8","","85","","","M","","","0","","","","","M","","","","","NA"
"-112.10","51.05","FINNEGAN AGCM","3022650","2022-11-04 09:00","2022","11","04","09:00","-15.0","","-16.6","","88","","","M","","","0","","","","","M","","","","","NA"
"-112.10","51.05","FINNEGAN AGCM","3022650","2022-11-04 10:00","2022","11","04","10:00","-11.8","","-13.3","","89","","","M","","","0","","","","","M","","","","","NA"
"-112.10","51.05","FINNEGAN AGCM","3022650","2022-11-04 11:00","2022","11","04","11:00","-10.9","","-12.0","","91","","","M","","","0","","","","","M","","","","","NA"
"-112.10","51.05","FINNEGAN AGCM","3022650","2022-11-04 12:00","2022","11","04","12:00","-7.6","","-8.4","","94","","","M","","","0","","","","","M","","","","","NA"
"-112.10","51.05","FINNEGAN AGCM","3022650","2022-11-04 13:00","2022","11","04","13:00","-8.3","","-9.3","","92","","","M","11","","4","","","","","M","","","-10","","NA"
"-112.10","51.05","FINNEGAN AGCM","3022650","2022-11-04 14:00","2022","11","04","14:00","-6.0","","-7.2","","92","","","M","10","","3","","","","","M","","","-7","","NA"
"-112.10","51.05","FINNEGAN AGCM","3022650","2022-11-04 15:00","2022","11","04","15:00","-6.0","","-7.6","","88","","","M","3","","3","","","","","M","","","-7","","NA"
"-112.10","51.05","FINNEGAN AGCM","3022650","2022-11-04 16:00","2022","11","04","16:00","-7.0","","-8.5","","89","","","M","4","","4","","","","","M","","","-9","","NA"
"-112.10","51.05","FINNEGAN AGCM","3022650","2022-11-04 17:00","2022","11","04","17:00","-9.5","","-10.8","","91","","","M","33","","6","","","","","M","","","-13","","NA"
"-112.10","51.05","FINNEGAN AGCM","3022650","2022-11-04 18:00","2022","11","04","18:00"
"-112.10","51.05","FINNEGAN AGCM","3022650","2022-11-04 19:00","2022","11","04","19:00"
"-112.10","51.05","FINNEGAN AGCM","3022650","2022-11-04 20:00","2022","11","04","20:00"
"-112.10","51.05","FINNEGAN AGCM","3022650","2022-11-04 21:00","2022","11","04","21:00"
"-112.10","51.05","FINNEGAN AGCM","3022650","2022-11-04 22:00","2022","11","04","22:00"
"-112.10","51.05","FINNEGAN AGCM","3022650","2022-11-04 23:00","2022","11","04","23:00"
"-112.10","51.05","FINNEGAN AGCM","3022650","2022-11-05 00:00","2022","11","05","00:00"
"-112.10","51.05","FINNEGAN AGCM","3022650","2022-11-05 01:00","2022","11","05","01:00"
"-112.10","51.05","FINNEGAN AGCM","3022650","2022-11-05 02:00","2022","11","05","02:00"
"-112.10","51.05","FINNEGAN AGCM","3022650","2022-11-05 03:00","2022","11","05","03:00"
"-112.10","51.05","FINNEGAN AGCM","3022650","2022-11-05 04:00","2022","11","05","04:00"
"-112.10","51.05","FINNEGAN AGCM","3022650","2022-11-05 05:00","2022","11","05","05:00"
"-112.10","51.05","FINNEGAN AGCM","3022650","2022-11-05 06:00","2022","11","05","06:00"
"-112.10","51.05","FINNEGAN AGCM","3022650","2022-11-05 07:00","2022","11","05","07:00"
"-112.10","51.05","FINNEGAN AGCM","3022650","2022-11-05 08:00","2022","11","05","08:00"
"-112.10","51.05","FINNEGAN AGCM","3022650","2022-11-05 09:00","2022","11","05","09:00"
"-112.10","51.05","FINNEGAN AGCM","3022650","2022-11-05 10:00","2022","11","05","10:00"
"-112.10","51.05","FINNEGAN AGCM","3022650","2022-11-05 11:00","2022","11","05","11:00"
"-112.10","51.05","FINNEGAN AGCM","3022650","2022-11-05 12:00","2022","11","05","12:00"
"-112.10","51.05","FINNEGAN AGCM","3022650","2022-11-05 13:00","2022","11","05","13:00"
"-112.10","51.05","FINNEGAN AGCM","3022650","2022-11-05 14:00","2022","11","05","14:00"
"-112.10","51.05","FINNEGAN AGCM","3022650","2022-11-05 15:00","2022","11","05","15:00"
"-112.10","51.05","FINNEGAN AGCM","3022650","2022-11-05 16:00","2022","11","05","16:00"
"-112.10","51.05","FINNEGAN AGCM","3022650","2022-11-05 17:00","2022","11","05","17:00"
"-112.10","51.05","FINNEGAN AGCM","3022650","2022-11-05 18:00","2022","11","05","18:00"
"-112.10","51.05","FINNEGAN AGCM","3022650","2022-11-05 19:00","2022","11","05","19:00"
"-112.10","51.05","FINNEGAN AGCM","3022650","2022-11-05 20:00","2022","11","05","20:00"
"-112.10","51.05","FINNEGAN AGCM","3022650","2022-11-05 21:00","2022","11","05","21:00"
"-112.10","51.05","FINNEGAN AGCM","3022650","2022-11-05 22:00","2022","11","05","22:00"
"-112.10","51.05","FINNEGAN AGCM","3022650","2022-11-05 23:00","2022","11","05","23:00"
"-112.10","51.05","FINNEGAN AGCM","3022650","2022-11-06 00:00","2022","11","06","00:00"
"-112.10","51.05","FINNEGAN AGCM","3022650","2022-11-06 01:00","2022","11","06","01:00"
"-112.10","51.05","FINNEGAN AGCM","3022650","2022-11-06 02:00","2022","11","06","02:00"
"-112.10","51.05","FINNEGAN AGCM","3022650","2022-11-06 03:00","2022","11","06","03:00"
"-112.10","51.05","FINNEGAN AGCM","3022650","2022-11-06 04:00","2022","11","06","04:00"
"-112.10","51.05","FINNEGAN AGCM","3022650","2022-11-06 05:00","2022","11","06","05:00"
"-112.10","51.05","FINNEGAN AGCM","3022650","2022-11-06 06:00","2022","11","06","06:00"
"-112.10","51.05","FINNEGAN AGCM","3022650","2022-11-06 07:00","2022","11","06","07:00"
"-112.10","51.05","FINNEGAN AGCM","3022650","2022-11-06 08:00","2022","11","06","08:00"
"-112.10","51.05","FINNEGAN AGCM","3022650","2022-11-06 09:00","2022","11","06","09:00"
"-112.10","51.05","FINNEGAN AGCM","3022650","2022-11-06 10:00","2022","11","06","10:00"
"-112.10","51.05","FINNEGAN AGCM","3022650","2022-11-06 11:00","2022","11","06","11:00","-10.3","","-13.1","","80","","","M","31","","22","","","","","M","","","-19","","NA"
"-112.10","51.05","FINNEGAN AGCM","3022650","2022-11-06 12:00","2022","11","06","12:00","-10.2","","-13.5","","77","","","M","31","","22","","","","","M","","","-18","","NA"
"-112.10","51.05","FINNEGAN AGCM","3022650","2022-11-06 13:00","2022","11","06","13:00","-9.9","","-13.7","","74","","","M","30","","20","","","","","M","","","-18","","NA"
"-112.10","51.05","FINNEGAN AGCM","3022650","2022-11-06 14:00","2022","11","06","14:00","-9.9","","-13.9","","73","","","M","32","","17","","","","","M","","","-17","","NA"
"-112.10","51.05","FINNEGAN AGCM","3022650","2022-11-06 15:00","2022","11","06","15:00","-10.8","","-14.5","","74","","","M","34","","20","","","","","M","","","-19","","NA"
"-112.10","51.05","FINNEGAN AGCM","3022650","2022-11-06 16:00","2022","11","06","16:00","-11.8","","-15.2","","76","","","M","36","","15","","","","","M","","","-19","","NA"
"-112.10","51.05","FINNEGAN AGCM","3022650","2022-11-06 17:00","2022","11","06","17:00","-12.7","","-15.9","","77","","","M","33","","11","","","","","M","","","-19","","NA"
"-112.10","51.05","FINNEGAN AGCM","3022650","2022-11-06 18:00","2022","11","06","18:00","-13.2","","-16.6","","75","","","M","36","","20","","","","","M","","","-22","","NA"
"-112.10","51.05","FINNEGAN AGCM","3022650","2022-11-06 19:00","2022","11","06","19:00","-13.2","","-16.6","","75","","","M","36","","16","","","","","M","","","-21","","NA"
"-112.10","51.05","FINNEGAN AGCM","3022650","2022-11-06 20:00","2022","11","06","20:00","-13.2","","-16.6","","75","","","M","34","","16","","","","","M","","","-21","","NA"
"-112.10","51.05","FINNEGAN AGCM","3022650","2022-11-06 21:00","2022","11","06","21:00","-13.4","","-16.4","","78","","","M","1","","20","","","","","M","","","-22","","NA"
"-112.10","51.05","FINNEGAN AGCM","3022650","2022-11-06 22:00","2022","11","06","22:00","-13.6","","-16.4","","79","","","M","2","","17","","","","","M","","","-22","","NA"
"-112.10","51.05","FINNEGAN AGCM","3022650","2022-11-06 23:00","2022","11","06","23:00","-13.9","","-17.0","","78","","","M","2","","14","","","","","M","","","-21","","NA"
"-112.10","51.05","FINNEGAN AGCM","3022650","2022-11-07 00:00","2022","11","07","00:00","-14.2","","-16.3","","84","","","M","1","","16","","","","","M","","","-22","","NA"
"-112.10","51.05","FINNEGAN AGCM","3022650","2022-11-07 01:00","2022","11","07","01:00","-14.5","","-16.9","","82","","","M","2","","19","","","","","M","","","-23","","NA"
"-112.10","51.05","FINNEGAN AGCM","3022650","2022-11-07 02:00","2022","11","07","02:00","-14.5","","-16.8","","83","","","M","3","","17","","","","","M","","","-23","","NA"
"-112.10","51.05","FINNEGAN AGCM","3022650","2022-11-07 03:00","2022","11","07","03:00","-14.6","","-17.2","","81","","","M","3","","20","","","","","M","","","-24","","NA"
"-112.10","51.05","FINNEGAN AGCM","3022650","2022-11-07 04:00","2022","11","07","04:00","-14.8","","-17.1","","82","","","M","3","","23","","","","","M","","","-25","","NA"
"-112.10","51.05","FINNEGAN AGCM","3022650","2022-11-07 05:00","2022","11","07","05:00","-14.4","","-16.2","","86","","","M","3","","15","","","","","M","","","-22","","NA"
"-112.10","51.05","FINNEGAN AGCM","3022650","2022-11-07 06:00","2022","11","07","06:00","-14.0","","-15.7","","87","","","M","3","","17","","","","","M","","","-22","","NA"
"-112.10","51.05","FINNEGAN AGCM","3022650","2022-11-07 07:00","2022","11","07","07:00","-14.0","","-15.8","","86","","","M","2","","19","","","","","M","","","-23","","NA"
"-112.10","51.05","FINNEGAN AGCM","3022650","2022-11-07 08:00","2022","11","07","08:00","-13.7","","-15.4","","87","","","M","3","","18","","","","","M","","","-22","","NA"
"-112.10","51.05","FINNEGAN AGCM","3022650","2022-11-07 09:00","2022","11","07","09:00","-13.4","","-15.2","","87","","","M","3","","19","","","","","M","","","-22","","NA"
"-112.10","51.05","FINNEGAN AGCM","3022650","2022-11-07 10:00","2022","11","07","10:00","-13.1","","-14.9","","86","","","M","2","","20","","","","","M","","","-22","","NA"
"-112.10","51.05","FINNEGAN AGCM","3022650","2022-11-07 11:00","2022","11","07","11:00","-12.1","","-13.8","","87","","","M","2","","22","","","","","M","","","-21","","NA"
"-112.10","51.05","FINNEGAN AGCM","3022650","2022-11-07 12:00","2022","11","07","12:00","-11.8","","-13.6","","87","","","M","3","","29","","","","","M","","","-22","","NA"
"-112.10","51.05","FINNEGAN AGCM","3022650","2022-11-07 13:00","2022","11","07","13:00","-11.7","","-13.4","","87","","","M","3","","27","","","","","M","","","-21","","NA"
"-112.10","51.05","FINNEGAN AGCM","3022650","2022-11-07 14:00","2022","11","07","14:00","-12.3","","-14.0","","87","","","M","4","","32","","","","","M","","","-23","","NA"
"-112.10","51.05","FINNEGAN AGCM","3022650","2022-11-07 15:00","2022","11","07","15:00","-12.7","","-14.5","","86","","","M","4","","28","","","","","M","","","-23","","NA"
"-112.10","51.05","FINNEGAN AGCM","3022650","2022-11-07 16:00","2022","11","07","16:00","-13.0","","-14.6","","87","","","M","2","","21","","","","","M","","","-22","","NA"
"-112.10","51.05","FINNEGAN AGCM","3022650","2022-11-07 17:00","2022","11","07","17:00","-13.2","","-14.8","","88","","","M","35","","22","","","","","M","","","-22","","NA"
"-112.10","51.05","FINNEGAN AGCM","3022650","2022-11-07 18:00","2022","11","07","18:00","-13.5","","-15.1","","88","","","M","34","","22","","","","","M","","","-23","","NA"
"-112.10","51.05","FINNEGAN AGCM","3022650","2022-11-07 19:00","2022","11","07","19:00","-13.8","","-15.5","","87","","","M","34","","26","","","","","M","","","-24","","NA"
"-112.10","51.05","FINNEGAN AGCM","3022650","2022-11-07 20:00","2022","11","07","20:00","-14.0","","-15.9","","86","","","M","33","","23","","","","","M","","","-24","","NA"
"-112.10","51.05","FINNEGAN AGCM","3022650","2022-11-07 21:00","2022","11","07","21:00","-14.8","","-17.0","","83","","","M","32","","26","","","","","M","","","-25","","NA"
"-112.10","51.05","FINNEGAN AGCM","3022650","2022-11-07 22:00","2022","11","07","22:00","-16.3","","-18.7","","81","","","M","31","","22","","","","","M","","","-26","","NA"
"-112.10","51.05","FINNEGAN AGCM","3022650","2022-11-07 23:00","2022","11","07","23:00","-19.5","","-21.9","","81","","","M","29","","22","","","","","M","","","-30","","NA"
"-112.10","51.05","FINNEGAN AGCM","3022650","2022-11-08 00:00","2022","11","08","00:00","-20.3","","-22.6","","82","","","M","29","","24","","","","","M","","","-32","","NA"
"-112.10","51.05","FINNEGAN AGCM","3022650","2022-11-08 01:00","2022","11","08","01:00","-21.0","","-23.4","","81","","","M","28","","24","","","","","M","","","-33","","NA"
"-112.10","51.05","FINNEGAN AGCM","3022650","2022-11-08 02:00","2022","11","08","02:00","-20.2","","-22.4","","83","","","M","28","","27","","","","","M","","","-32","","NA"
"-112.10","51.05","FINNEGAN AGCM","3022650","2022-11-08 03:00","2022","11","08","03:00","-20.6","","-23.0","","81","","","M","27","","26","","","","","M","","","-33","","NA"
"-112.10","51.05","FINNEGAN AGCM","3022650","2022-11-08 04:00","2022","11","08","04:00","-22.2","","-24.4","","82","","","M","26","","18","","","","","M","","","-33","","NA"
"-112.10","51.05","FINNEGAN AGCM","3022650","2022-11-08 05:00","2022","11","08","05:00","-21.9","","-24.0","","83","","","M","29","","21","","","","","M","","","-33","","NA"
"-112.10","51.05","FINNEGAN AGCM","3022650","2022-11-08 06:00","2022","11","08","06:00","-23.2","","-25.7","","80","","","M","29","","13","","","","","M","","","-32","","NA"
"-112.10","51.05","FINNEGAN AGCM","3022650","2022-11-08 07:00","2022","11","08","07:00","-23.8","","-26.8","","76","","","M","29","","7","","","","","M","","","-30","","NA"
"-112.10","51.05","FINNEGAN AGCM","3022650","2022-11-08 08:00","2022","11","08","08:00","-22.9","","-25.3","","80","","","M","25","","3","","","","","M","","","-26","","NA"
"-112.10","51.05","FINNEGAN AGCM","3022650","2022-11-08 09:00","2022","11","08","09:00","-24.6","","-27.6","","76","","","M","28","","8","","","","","M","","","-32","","NA"
"-112.10","51.05","FINNEGAN AGCM","3022650","2022-11-08 10:00","2022","11","08","10:00","-22.0","","-24.6","","80","","","M","32","","7","","","","","M","","","-28","","NA"
"-112.10","51.05","FINNEGAN AGCM","3022650","2022-11-08 11:00","2022","11","08","11:00","-19.0","","-21.6","","80","","","M","31","","15","","","","","M","","","-28","","NA"
"-112.10","51.05","FINNEGAN AGCM","3022650","2022-11-08 12:00","2022","11","08","12:00","-17.9","","-20.9","","78","","","M","29","","19","","","","","M","","","-28","","NA"
"-112.10","51.05","FINNEGAN AGCM","3022650","2022-11-08 13:00","2022","11","08","13:00","-17.4","","-20.4","","77","","","M","29","","20","","","","","M","","","-27","","NA"
"-112.10","51.05","FINNEGAN AGCM","3022650","2022-11-08 14:00","2022","11","08","14:00","-17.1","","-20.7","","74","","","M","32","","6","","","","","M","","","-22","","NA"
"-112.10","51.05","FINNEGAN AGCM","3022650","2022-11-08 15:00","2022","11","08","15:00","-17.9","","-21.7","","72","","","M","31","","6","","","","","M","","","-23","","NA"
"-112.10","51.05","FINNEGAN AGCM","3022650","2022-11-08 16:00","2022","11","08","16:00","-21.2","","-25.0","","72","","","M","26","","3","","","","","M","","","-24","","NA"
"-112.10","51.05","FINNEGAN AGCM","3022650","2022-11-08 17:00","2022","11","08","17:00","-23.9","","-26.3","","81","","","M","25","","4","","","","","M","","","-28","","NA"
"-112.10","51.05","FINNEGAN AGCM","3022650","2022-11-08 18:00","2022","11","08","18:00","-24.1","","-26.6","","80","","","M","21","","5","","","","","M","","","-29","","NA"
"-112.10","51.05","FINNEGAN AGCM","3022650","2022-11-08 19:00","2022","11","08","19:00","-27.0","","-29.9","","76","","","M","25","","9","","","","","M","","","-35","","NA"
"-112.10","51.05","FINNEGAN AGCM","3022650","2022-11-08 20:00","2022","11","08","20:00","-27.1","","-29.8","","78","","","M","26","","7","","","","","M","","","-34","","NA"
"-112.10","51.05","FINNEGAN AGCM","3022650","2022-11-08 21:00","2022","11","08","21:00","-26.3","","-29.1","","78","","","M","28","","5","","","","","M","","","-31","","NA"
"-112.10","51.05","FINNEGAN AGCM","3022650","2022-11-08 22:00","2022","11","08","22:00","-27.6","","-30.4","","77","","","M","28","","2","","","","","M","","","-30","","NA"
"-112.10","51.05","FINNEGAN AGCM","3022650","2022-11-08 23:00","2022","11","08","23:00","-29.6","","-32.8","","73","","","M","33","","3","","","","","M","","","-33","","NA"
"-112.10","51.05","FINNEGAN AGCM","3022650","2022-11-09 00:00","2022","11","09","00:00","-30.8","","-34.2","","72","","","M","3","","1","","","","","M","","","-32","","NA"
"-112.10","51.05","FINNEGAN AGCM","3022650","2022-11-09 01:00","2022","11","09","01:00","-30.4","","-33.7","","73","","","M","14","","2","","","","","M","","","-33","","NA"
"-112.10","51.05","FINNEGAN AGCM","3022650","2022-11-09 02:00","2022","11","09","02:00","-28.2","","-31.1","","77","","","M","","","0","","","","","M","","","","","NA"
"-112.10","51.05","FINNEGAN AGCM","3022650","2022-11-09 03:00","2022","11","09","03:00","-26.9","","-29.8","","77","","","M","","","0","","","","","M","","","","","NA"
"-112.10","51.05","FINNEGAN AGCM","3022650","2022-11-09 04:00","2022","11","09","04:00","-27.2","","-30.2","","76","","","M","","","0","","","","","M","","","","","NA"
"-112.10","51.05","FINNEGAN AGCM","3022650","2022-11-09 05:00","2022","11","09","05:00","-27.8","","-30.9","","75","","","M","","","0","","","","","M","","","","","NA"
"-112.10","51.05","FINNEGAN AGCM","3022650","2022-11-09 06:00","2022","11","09","06:00","-27.7","","-30.7","","75","","","M","34","","2","","","","","M","","","-30","","NA"
"-112.10","51.05","FINNEGAN AGCM","3022650","2022-11-09 07:00","2022","11","09","07:00","-27.4","","-30.5","","75","","","M","5","","2","","","","","M","","","-30","","NA"
"-112.10","51.05","FINNEGAN AGCM","3022650","2022-11-09 08:00","2022","11","09","08:00","-27.0","","-29.9","","76","","","M","4","","1","","","","","M","","","-28","","NA"
"-112.10","51.05","FINNEGAN AGCM","3022650","2022-11-09 09:00","2022","11","09","09:00","-26.1","","-29.0","","76","","","M","0","","1","","","","","M","","","-27","","NA"
"-112.10","51.05","FINNEGAN AGCM","3022650","2022-11-09 10:00","2022","11","09","10:00","-24.6","","-27.3","","78","","","M","0","","1","","","","","M","","","-26","","NA"
"-112.10","51.05","FINNEGAN AGCM","3022650","2022-11-09 11:00","2022","11","09","11:00","-24.2","","-27.1","","77","","","M","35","","3","","","","","M","","","-27","","NA"
"-112.10","51.05","FINNEGAN AGCM","3022650","2022-11-09 12:00","2022","11","09","12:00","-23.7","","-26.4","","79","","","M","33","","9","","","","","M","","","-31","","NA"
"-112.10","51.05","FINNEGAN AGCM","3022650","2022-11-09 13:00","2022","11","09","13:00","-21.6","","-24.0","","81","","","M","3","","4","","","","","M","","","-25","","NA"
"-112.10","51.05","FINNEGAN AGCM","3022650","2022-11-09 14:00","2022","11","09","14:00","-20.8","","-23.1","","82","","","M","35","","3","","","","","M","","","-23","","NA"
"-112.10","51.05","FINNEGAN AGCM","3022650","2022-11-09 15:00","2022","11","09","15:00","-20.7","","-23.1","","82","","","M","7","","3","","","","","M","","","-23","","NA"
"-112.10","51.05","FINNEGAN AGCM","3022650","2022-11-09 16:00","2022","11","09","16:00","-20.8","","-23.1","","82","","","M","7","","3","","","","","M","","","-23","","NA"
"-112.10","51.05","FINNEGAN AGCM","3022650","2022-11-09 17:00","2022","11","09","17:00","-20.5","","-22.7","","82","","","M","2","","2","","","","","M","","","-22","","NA"
"-112.10","51.05","FINNEGAN AGCM","3022650","2022-11-09 18:00","2022","11","09","18:00","-20.2","","-22.3","","83","","","M","12","","7","","","","","M","","","-26","","NA"
"-112.10","51.05","FINNEGAN AGCM","3022650","2022-11-09 19:00","2022","11","09","19:00","-19.8","","-21.9","","83","","","M","13","","6","","","","","M","","","-25","","NA"
"-112.10","51.05","FINNEGAN AGCM","3022650","2022-11-09 20:00","2022","11","09","20:00","-20.0","","-22.2","","83","","","M","11","","5","","","","","M","","","-24","","NA"
"-112.10","51.05","FINNEGAN AGCM","3022650","2022-11-09 21:00","2022","11","09","21:00","-21.6","","-24.0","","81","","","M","14","","5","","","","","M","","","-26","","NA"
"-112.10","51.05","FINNEGAN AGCM","3022650","2022-11-09 22:00","2022","11","09","22:00","-25.4","","-28.2","","77","","","M","16","","3","","","","","M","","","-28","","NA"
"-112.10","51.05","FINNEGAN AGCM","3022650","2022-11-09 23:00","2022","11","09","23:00","-26.6","","-29.5","","76","","","M","18","","6","","","","","M","","","-33","","NA"
"-112.10","51.05","FINNEGAN AGCM","3022650","2022-11-10 00:00","2022","11","10","00:00","-25.8","","-28.6","","77","","","M","19","","4","","","","","M","","","-30","","NA"
"-112.10","51.05","FINNEGAN AGCM","3022650","2022-11-10 01:00","2022","11","10","01:00","-27.5","","-30.4","","76","","","M","5","","2","","","","","M","","","-30","","NA"
"-112.10","51.05","FINNEGAN AGCM","3022650","2022-11-10 02:00","2022","11","10","02:00","-27.8","","-30.8","","76","","","M","33","","5","","","","","M","","","-33","","NA"
"-112.10","51.05","FINNEGAN AGCM","3022650","2022-11-10 03:00","2022","11","10","03:00","-28.4","","-31.4","","75","","","M","0","","1","","","","","M","","","-29","","NA"
"-112.10","51.05","FINNEGAN AGCM","3022650","2022-11-10 04:00","2022","11","10","04:00","-27.5","","-30.7","","74","","","M","","","0","","","","","M","","","","","NA"
"-112.10","51.05","FINNEGAN AGCM","3022650","2022-11-10 05:00","2022","11","10","05:00","-28.1","","-31.1","","75","","","M","1","","2","","","","","M","","","-30","","NA"
"-112.10","51.05","FINNEGAN AGCM","3022650","2022-11-10 06:00","2022","11","10","06:00","-30.3","","-33.6","","73","","","M","31","","6","","","","","M","","","-37","","NA"
"-112.10","51.05","FINNEGAN AGCM","3022650","2022-11-10 07:00","2022","11","10","07:00","-29.2","","-32.3","","74","","","M","32","","4","","","","","M","","","-34","","NA"
"-112.10","51.05","FINNEGAN AGCM","3022650","2022-11-10 08:00","2022","11","10","08:00","-29.5","","-32.8","","73","","","M","32","","3","","","","","M","","","-33","","NA"
"-112.10","51.05","FINNEGAN AGCM","3022650","2022-11-10 09:00","2022","11","10","09:00","-27.0","","-29.9","","76","","","M","0","","1","","","","","M","","","-28","","NA"
"-112.10","51.05","FINNEGAN AGCM","3022650","2022-11-10 10:00","2022","11","10","10:00","-24.0","","-26.6","","79","","","M","33","","3","","","","","M","","","-27","","NA"
"-112.10","51.05","FINNEGAN AGCM","3022650","2022-11-10 11:00","2022","11","10","11:00","-22.5","","-25.0","","80","","","M","36","","2","","","","","M","","","-24","","NA"
"-112.10","51.05","FINNEGAN AGCM","3022650","2022-11-10 12:00","2022","11","10","12:00","-21.7","","-24.5","","78","","","M","6","","4","","","","","M","","","-25","","NA"
"-112.10","51.05","FINNEGAN AGCM","3022650","2022-11-10 13:00","2022","11","10","13:00","-18.5","","-20.2","","86","","","M","30","","1","","","","","M","","","-19","","NA"
"-112.10","51.05","FINNEGAN AGCM","3022650","2022-11-10 14:00","2022","11","10","14:00","-17.4","","-19.4","","84","","","M","","","0","","","","","M","","","","","NA"
"-112.10","51.05","FINNEGAN AGCM","3022650","2022-11-10 15:00","2022","11","10","15:00","-17.7","","-19.8","","84","","","M","0","","1","","","","","M","","","-18","","NA"
"-112.10","51.05","FINNEGAN AGCM","3022650","2022-11-10 16:00","2022","11","10","16:00","-19.7","","-21.9","","83","","","M","33","","2","","","","","M","","","-21","","NA"
"-112.10","51.05","FINNEGAN AGCM","3022650","2022-11-10 17:00","2022","11","10","17:00","-26.3","","-29.4","","75","","","M","32","","1","","","","","M","","","-27","","NA"
"-112.10","51.05","FINNEGAN AGCM","3022650","2022-11-10 18:00","2022","11","10","18:00","-26.5","","-29.4","","77","","","M","33","","3","","","","","M","","","-30","","NA"
"-112.10","51.05","FINNEGAN AGCM","3022650","2022-11-10 19:00","2022","11","10","19:00","-27.2","","-30.2","","76","","","M","34","","3","","","","","M","","","-30","","NA"
"-112.10","51.05","FINNEGAN AGCM","3022650","2022-11-10 20:00","2022","11","10","20:00","-26.6","","-29.4","","77","","","M","32","","7","","","","","M","","","-33","","NA"
"-112.10","51.05","FINNEGAN AGCM","3022650","2022-11-10 21:00","2022","11","10","21:00","-26.7","","-29.8","","75","","","M","30","","5","","","","","M","","","-32","","NA"
"-112.10","51.05","FINNEGAN AGCM","3022650","2022-11-10 22:00","2022","11","10","22:00","-26.4","","-29.4","","76","","","M","30","","1","","","","","M","","","-27","","NA"
"-112.10","51.05","FINNEGAN AGCM","3022650","2022-11-10 23:00","2022","11","10","23:00","-27.3","","-30.3","","76","","","M","29","","7","","","","","M","","","-34","","NA"
"-112.10","51.05","FINNEGAN AGCM","3022650","2022-11-11 00:00","2022","11","11","00:00","-26.0","","-28.8","","77","","","M","31","","4","","","","","M","","","-30","","NA"
"-112.10","51.05","FINNEGAN AGCM","3022650","2022-11-11 01:00","2022","11","11","01:00","-26.7","","-29.5","","77","","","M","","","0","","","","","M","","","","","NA"
"-112.10","51.05","FINNEGAN AGCM","3022650","2022-11-11 02:00","2022","11","11","02:00","-25.9","","-28.5","","78","","","M","19","","5","","","","","M","","","-31","","NA"
"-112.10","51.05","FINNEGAN AGCM","3022650","2022-11-11 03:00","2022","11","11","03:00","-26.1","","-29.0","","76","","","M","21","","4","","","","","M","","","-30","","NA"
"-112.10","51.05","FINNEGAN AGCM","3022650","2022-11-11 04:00","2022","11","11","04:00","-23.8","","-26.4","","79","","","M","26","","7","","","","","M","","","-30","","NA"
"-112.10","51.05","FINNEGAN AGCM","3022650","2022-11-11 05:00","2022","11","11","05:00","-23.5","","-26.0","","80","","","M","34","","4","","","","","M","","","-27","","NA"
"-112.10","51.05","FINNEGAN AGCM","3022650","2022-11-11 06:00","2022","11","11","06:00","-24.4","","-27.1","","78","","","M","0","","1","","","","","M","","","-25","","NA"
"-112.10","51.05","FINNEGAN AGCM","3022650","2022-11-11 07:00","2022","11","11","07:00","-24.6","","-27.2","","79","","","M","21","","5","","","","","M","","","-29","","NA"
"-112.10","51.05","FINNEGAN AGCM","3022650","2022-11-11 08:00","2022","11","11","08:00","-24.6","","-27.3","","79","","","M","23","","1","","","","","M","","","-26","","NA"
"-112.10","51.05","FINNEGAN AGCM","3022650","2022-11-11 09:00","2022","11","11","09:00","-22.2","","-24.7","","80","","","M","28","","1","","","","","M","","","-23","","NA"
"-112.10","51.05","FINNEGAN AGCM","3022650","2022-11-11 10:00","2022","11","11","10:00","-19.3","","-21.5","","82","","","M","36","","4","","","","","M","","","-23","","NA"
"-112.10","51.05","FINNEGAN AGCM","3022650","2022-11-11 11:00","2022","11","11","11:00","-16.2","","-18.4","","83","","","M","19","","2","","","","","M","","","-18","","NA"
"-112.10","51.05","FINNEGAN AGCM","3022650","2022-11-11 12:00","2022","11","11","12:00","-16.6","","-19.2","","80","","","M","12","","2","","","","","M","","","-18","","NA"
"-112.10","51.05","FINNEGAN AGCM","3022650","2022-11-11 13:00","2022","11","11","13:00","-15.6","","-18.7","","77","","","M","10","","2","","","","","M","","","-17","","NA"
"-112.10","51.05","FINNEGAN AGCM","3022650","2022-11-11 14:00","2022","11","11","14:00","-15.9","","-19.4","","74","","","M","11","","4","","","","","M","","","-19","","NA"
"-112.10","51.05","FINNEGAN AGCM","3022650","2022-11-11 15:00","2022","11","11","15:00","-16.4","","-20.0","","74","","","M","11","","3","","","","","M","","","-19","","NA"
"-112.10","51.05","FINNEGAN AGCM","3022650","2022-11-11 16:00","2022","11","11","16:00","-16.8","","-20.6","","72","","","M","","","0","","","","","M","","","","","NA"
"-112.10","51.05","FINNEGAN AGCM","3022650","2022-11-11 17:00","2022","11","11","17:00","-21.1","","-23.7","","80","","","M","","","0","","","","","M","","","","","NA"
"-112.10","51.05","FINNEGAN AGCM","3022650","2022-11-11 18:00","2022","11","11","18:00","-22.9","","-25.5","","79","","","M","11","","2","","","","","M","","","-25","","NA"
"-112.10","51.05","FINNEGAN AGCM","3022650","2022-11-11 19:00","2022","11","11","19:00","-23.2","","-25.7","","80","","","M","","","0","","","","","M","","","","","NA"
"-112.10","51.05","FINNEGAN AGCM","3022650","2022-11-11 20:00","2022","11","11","20:00","-22.3","","-24.3","","84","","","M","","","0","","","","","M","","","","","NA"
"-112.10","51.05","FINNEGAN AGCM","3022650","2022-11-11 21:00","2022","11","11","21:00","-24.2","","-26.8","","79","","","M","","","0","","","","","M","","","","","NA"
"-112.10","51.05","FINNEGAN AGCM","3022650","2022-11-11 22:00","2022","11","11","22:00","-24.2","","-26.8","","79","","","M","32","","1","","","","","M","","","-25","","NA"
"-112.10","51.05","FINNEGAN AGCM","3022650","2022-11-11 23:00","2022","11","11","23:00","-24.6","","-27.3","","78","","","M","2","","2","","","","","M","","","-27","","NA"
"-112.10","51.05","FINNEGAN AGCM","3022650","2022-11-12 00:00","2022","11","12","00:00","-23.9","","-26.5","","79","","","M","2","","1","","","","","M","","","-25","","NA"
"-112.10","51.05","FINNEGAN AGCM","3022650","2022-11-12 01:00","2022","11","12","01:00","-23.4","","-25.8","","80","","","M","25","","2","","","","","M","","","-25","","NA"
"-112.10","51.05","FINNEGAN AGCM","3022650","2022-11-12 02:00","2022","11","12","02:00","-21.1","","-23.4","","82","","","M","33","","6","","","","","M","","","-26","","NA"
"-112.10","51.05","FINNEGAN AGCM","3022650","2022-11-12 03:00","2022","11","12","03:00","-22.4","","-24.8","","80","","","M","","","0","","","","","M","","","","","NA"
"-112.10","51.05","FINNEGAN AGCM","3022650","2022-11-12 04:00","2022","11","12","04:00","-23.5","","-26.1","","79","","","M","","","0","","","","","M","","","","","NA"
"-112.10","51.05","FINNEGAN AGCM","3022650","2022-11-12 05:00","2022","11","12","05:00","-23.4","","-25.8","","80","","","M","34","","6","","","","","M","","","-29","","NA"
"-112.10","51.05","FINNEGAN AGCM","3022650","2022-11-12 06:00","2022","11","12","06:00","-22.9","","-25.3","","81","","","M","25","","4","","","","","M","","","-27","","NA"
"-112.10","51.05","FINNEGAN AGCM","3022650","2022-11-12 07:00","2022","11","12","07:00","-20.4","","-22.5","","83","","","M","","","0","","","","","M","","","","","NA"
"-112.10","51.05","FINNEGAN AGCM","3022650","2022-11-12 08:00","2022","11","12","08:00","-18.7","","-20.8","","83","","","M","33","","7","","","","","M","","","-24","","NA"
"-112.10","51.05","FINNEGAN AGCM","3022650","2022-11-12 09:00","2022","11","12","09:00","-16.5","","-18.5","","85","","","M","2","","2","","","","","M","","","-18","","NA"
"-112.10","51.05","FINNEGAN AGCM","3022650","2022-11-12 10:00","2022","11","12","10:00","-15.2","","-17.6","","81","","","M","17","","5","","","","","M","","","-19","","NA"
"-112.10","51.05","FINNEGAN AGCM","3022650","2022-11-12 11:00","2022","11","12","11:00","-12.0","","-14.6","","81","","","M","21","","2","","","","","M","","","-13","","NA"
"-112.10","51.05","FINNEGAN AGCM","3022650","2022-11-12 12:00","2022","11","12","12:00","-10.4","","-13.8","","76","","","M","0","","1","","","","","M","","","-11","","NA"
"-112.10","51.05","FINNEGAN AGCM","3022650","2022-11-12 13:00","2022","11","12","13:00","-10.0","","-13.4","","76","","","M","13","","2","","","","","M","","","-11","","NA"
"-112.10","51.05","FINNEGAN AGCM","3022650","2022-11-12 14:00","2022","11","12","14:00","-8.7","","-12.1","","77","","","M","23","","2","","","","","M","","","-10","","NA"
"-112.10","51.05","FINNEGAN AGCM","3022650","2022-11-12 15:00","2022","11","12","15:00","-7.0","","-9.1","","85","","","M","19","","5","","","","","M","","","-10","","NA"
"-112.10","51.05","FINNEGAN AGCM","3022650","2022-11-12 16:00","2022","11","12","16:00","-6.7","","-8.5","","87","","","M","","","0","","","","","M","","","","","NA"
"-112.10","51.05","FINNEGAN AGCM","3022650","2022-11-12 17:00","2022","11","12","17:00","-7.0","","-8.4","","90","","","M","0","","1","","","","","M","","","-8","","NA"
"-112.10","51.05","FINNEGAN AGCM","3022650","2022-11-12 18:00","2022","11","12","18:00","-5.9","","-7.0","","92","","","M","20","","8","","","","","M","","","-10","","NA"
"-112.10","51.05","FINNEGAN AGCM","3022650","2022-11-12 19:00","2022","11","12","19:00","-5.8","","-6.8","","93","","","M","31","","3","","","","","M","","","-7","","NA"
"-112.10","51.05","FINNEGAN AGCM","3022650","2022-11-12 20:00","2022","11","12","20:00","-8.4","","-9.2","","94","","","M","28","","5","","","","","M","","","-11","","NA"
"-112.10","51.05","FINNEGAN AGCM","3022650","2022-11-12 21:00","2022","11","12","21:00","-4.6","","-5.4","","94","","","M","24","","12","","","","","M","","","-9","","NA"
"-112.10","51.05","FINNEGAN AGCM","3022650","2022-11-12 22:00","2022","11","12","22:00","-5.5","","-6.5","","93","","","M","25","","10","","","","","M","","","-10","","NA"
"-112.10","51.05","FINNEGAN AGCM","3022650","2022-11-12 23:00","2022","11","12","23:00","-7.9","","-8.7","","94","","","M","30","","8","","","","","M","","","-12","","NA"
"-112.10","51.05","FINNEGAN AGCM","3022650","2022-11-13 00:00","2022","11","13","00:00","-8.0","","-8.8","","94","","","M","29","","4","","","","","M","","","-10","","NA"
"-112.10","51.05","FINNEGAN AGCM","3022650","2022-11-13 01:00","2022","11","13","01:00","-9.2","","-9.9","","95","","","M","28","","16","","","","","M","","","-16","","NA"
"-112.10","51.05","FINNEGAN AGCM","3022650","2022-11-13 02:00","2022","11","13","02:00","-8.4","","-9.2","","94","","","M","26","","6","","","","","M","","","-12","","NA"
"-112.10","51.05","FINNEGAN AGCM","3022650","2022-11-13 03:00","2022","11","13","03:00","-7.8","","-8.6","","94","","","M","27","","6","","","","","M","","","-11","","NA"
"-112.10","51.05","FINNEGAN AGCM","3022650","2022-11-13 04:00","2022","11","13","04:00","-9.5","","-10.9","","89","","","M","27","","4","","","","","M","","","-12","","NA"
"-112.10","51.05","FINNEGAN AGCM","3022650","2022-11-13 05:00","2022","11","13","05:00","-11.5","","-13.0","","89","","","M","28","","13","","","","","M","","","-18","","NA"
"-112.10","51.05","FINNEGAN AGCM","3022650","2022-11-13 06:00","2022","11","13","06:00","-10.4","","-11.8","","89","","","M","27","","21","","","","","M","","","-19","","NA"
"-112.10","51.05","FINNEGAN AGCM","3022650","2022-11-13 07:00","2022","11","13","07:00","-10.5","","-11.8","","90","","","M","28","","15","","","","","M","","","-17","","NA"
"-112.10","51.05","FINNEGAN AGCM","3022650","2022-11-13 08:00","2022","11","13","08:00","-11.6","","-13.1","","89","","","M","30","","16","","","","","M","","","-19","","NA"
"-112.10","51.05","FINNEGAN AGCM","3022650","2022-11-13 09:00","2022","11","13","09:00","-9.4","","-12.3","","80","","","M","","","0","","","","","M","","","","","NA"
"-112.10","51.05","FINNEGAN AGCM","3022650","2022-11-13 10:00","2022","11","13","10:00","-7.9","","-11.5","","76","","","M","15","","4","","","","","M","","","-10","","NA"
"-112.10","51.05","FINNEGAN AGCM","3022650","2022-11-13 11:00","2022","11","13","11:00","-7.3","","-10.7","","76","","","M","11","","1","","","","","M","","","-8","","NA"
"-112.10","51.05","FINNEGAN AGCM","3022650","2022-11-13 12:00","2022","11","13","12:00","-4.8","","-8.6","","75","","","M","","","0","","","","","M","","","","","NA"
"-112.10","51.05","FINNEGAN AGCM","3022650","2022-11-13 13:00","2022","11","13","13:00","-5.9","","-8.7","","80","","","M","10","","3","","","","","M","","","-7","","NA"
"-112.10","51.05","FINNEGAN AGCM","3022650","2022-11-13 14:00","2022","11","13","14:00","-5.1","","-7.7","","82","","","M","25","","13","","","","","M","","","-10","","NA"
"-112.10","51.05","FINNEGAN AGCM","3022650","2022-11-13 15:00","2022","11","13","15:00","-5.3","","-8.8","","76","","","M","29","","12","","","","","M","","","-10","","NA"
"-112.10","51.05","FINNEGAN AGCM","3022650","2022-11-13 16:00","2022","11","13","16:00","-7.9","","-10.8","","80","","","M","27","","8","","","","","M","","","-12","","NA"
"-112.10","51.05","FINNEGAN AGCM","3022650","2022-11-13 17:00","2022","11","13","17:00","-5.3","","-8.3","","79","","","M","28","","6","","","","","M","","","-8","","NA"
"-112.10","51.05","FINNEGAN AGCM","3022650","2022-11-13 18:00","2022","11","13","18:00","-3.7","","-6.9","","78","","","M","26","","21","","","","","M","","","-10","","NA"
"-112.10","51.05","FINNEGAN AGCM","3022650","2022-11-13 19:00","2022","11","13","19:00","-5.0","","-8.2","","78","","","M","27","","18","","","","","M","","","-11","","NA"
"-112.10","51.05","FINNEGAN AGCM","3022650","2022-11-13 20:00","2022","11","13","20:00","-5.9","","-8.7","","80","","","M","27","","21","","","","","M","","","-13","","NA"
"-112.10","51.05","FINNEGAN AGCM","3022650","2022-11-13 21:00","2022","11","13","21:00","-8.6","","-10.6","","85","","","M","32","","18","","","","","M","","","-16","","NA"
"-112.10","51.05","FINNEGAN AGCM","3022650","2022-11-13 22:00","2022","11","13","22:00","-5.0","","-7.9","","80","","","M","29","","24","","","","","M","","","-12","","NA"
"-112.10","51.05","FINNEGAN AGCM","3022650","2022-11-13 23:00","2022","11","13","23:00","-3.4","","-6.2","","81","","","M","29","","24","","","","","M","","","-10","","NA"
"-112.10","51.05","FINNEGAN AGCM","3022650","2022-11-14 00:00","2022","11","14","00:00","-5.4","","-7.3","","87","","","M","31","","9","","","","","M","","","-9","","NA"
"-112.10","51.05","FINNEGAN AGCM","3022650","2022-11-14 01:00","2022","11","14","01:00","-4.6","","-7.2","","82","","","M","31","","18","","","","","M","","","-11","","NA"
"-112.10","51.05","FINNEGAN AGCM","3022650","2022-11-14 02:00","2022","11","14","02:00","-4.9","","-7.2","","84","","","M","31","","9","","","","","M","","","-9","","NA"
"-112.10","51.05","FINNEGAN AGCM","3022650","2022-11-14 03:00","2022","11","14","03:00","-4.9","","-7.0","","85","","","M","29","","13","","","","","M","","","-10","","NA"
"-112.10","51.05","FINNEGAN AGCM","3022650","2022-11-14 04:00","2022","11","14","04:00","-3.1","","-5.1","","86","","","M","28","","20","","","","","M","","","-9","","NA"
"-112.10","51.05","FINNEGAN AGCM","3022650","2022-11-14 05:00","2022","11","14","05:00","-1.7","","-4.0","","84","","","M","28","","22","","","","","M","","","-8","","NA"
"-112.10","51.05","FINNEGAN AGCM","3022650","2022-11-14 06:00","2022","11","14","06:00","-2.3","","-4.3","","86","","","M","27","","28","","","","","M","","","-9","","NA"
"-112.10","51.05","FINNEGAN AGCM","3022650","2022-11-14 07:00","2022","11","14","07:00","-3.5","","-5.3","","88","","","M","30","","18","","","","","M","","","-9","","NA"
"-112.10","51.05","FINNEGAN AGCM","3022650","2022-11-14 08:00","2022","11","14","08:00","-5.5","","-6.8","","90","","","M","31","","8","","","","","M","","","-9","","NA"
"-112.10","51.05","FINNEGAN AGCM","3022650","2022-11-14 09:00","2022","11","14","09:00","-2.7","","-5.0","","84","","","M","31","","25","","","","","M","","","-9","","NA"
"-112.10","51.05","FINNEGAN AGCM","3022650","2022-11-14 10:00","2022","11","14","10:00","-2.2","","-4.7","","83","","","M","30","","28","","","","","M","","","-9","","NA"
"-112.10","51.05","FINNEGAN AGCM","3022650","2022-11-14 11:00","2022","11","14","11:00","-1.7","","-4.5","","81","","","M","31","","23","","","","","M","","","-8","","NA"
"-112.10","51.05","FINNEGAN AGCM","3022650","2022-11-14 12:00","2022","11","14","12:00","-1.0","","-4.2","","79","","","M","31","","21","","","","","M","","","-7","","NA"
"-112.10","51.05","FINNEGAN AGCM","3022650","2022-11-14 13:00","2022","11","14","13:00","-1.2","","-4.4","","79","","","M","26","","17","","","","","M","","","-6","","NA"
"-112.10","51.05","FINNEGAN AGCM","3022650","2022-11-14 14:00","2022","11","14","14:00","-1.0","","-4.2","","79","","","M","30","","27","","","","","M","","","-7","","NA"
"-112.10","51.05","FINNEGAN AGCM","3022650","2022-11-14 15:00","2022","11","14","15:00","-2.0","","-5.0","","80","","","M","31","","17","","","","","M","","","-7","","NA"
"-112.10","51.05","FINNEGAN AGCM","3022650","2022-11-14 16:00","2022","11","14","16:00","-5.4","","-7.6","","85","","","M","30","","17","","","","","M","","","-11","","NA"
"-112.10","51.05","FINNEGAN AGCM","3022650","2022-11-14 17:00","2022","11","14","17:00","-5.9","","-7.8","","86","","","M","28","","22","","","","","M","","","-13","","NA"
"-112.10","51.05","FINNEGAN AGCM","3022650","2022-11-14 18:00","2022","11","14","18:00","-7.6","","-9.3","","88","","","M","28","","20","","","","","M","","","-15","","NA"
"-112.10","51.05","FINNEGAN AGCM","3022650","2022-11-14 19:00","2022","11","14","19:00","-11.2","","-12.5","","90","","","M","28","","9","","","","","M","","","-16","","NA"
"-112.10","51.05","FINNEGAN AGCM","3022650","2022-11-14 20:00","2022","11","14","20:00","-9.3","","-11.0","","88","","","M","30","","8","","","","","M","","","-14","","NA"
"-112.10","51.05","FINNEGAN AGCM","3022650","2022-11-14 21:00","2022","11","14","21:00","-10.5","","-11.7","","91","","","M","28","","10","","","","","M","","","-16","","NA"
"-112.10","51.05","FINNEGAN AGCM","3022650","2022-11-14 22:00","2022","11","14","22:00","-12.3","","-13.3","","92","","","M","27","","2","","","","","M","","","-14","","NA"
"-112.10","51.05","FINNEGAN AGCM","3022650","2022-11-14 23:00","2022","11","14","23:00","-10.8","","-11.8","","93","","","M","29","","8","","","","","M","","","-15","","NA"
"-112.10","51.05","FINNEGAN AGCM","3022650","2022-11-15 00:00","2022","11","15","00:00","-12.9","","-14.0","","91","","","M","26","","5","","","","","M","","","-16","","NA"
"-112.10","51.05","FINNEGAN AGCM","3022650","2022-11-15 01:00","2022","11","15","01:00","-12.5","","-13.5","","92","","","M","34","","4","","","","","M","","","-15","","NA"
"-112.10","51.05","FINNEGAN AGCM","3022650","2022-11-15 02:00","2022","11","15","02:00","-14.9","","-16.4","","89","","","M","19","","6","","","","","M","","","-19","","NA"
"-112.10","51.05","FINNEGAN AGCM","3022650","2022-11-15 03:00","2022","11","15","03:00","-14.7","","-16.1","","89","","","M","0","","1","","","","","M","","","-15","","NA"
"-112.10","51.05","FINNEGAN AGCM","3022650","2022-11-15 04:00","2022","11","15","04:00","-11.2","","-12.3","","92","","","M","21","","2","","","","","M","","","-12","","NA"
"-112.10","51.05","FINNEGAN AGCM","3022650","2022-11-15 05:00","2022","11","15","05:00","-10.5","","-11.5","","92","","","M","22","","3","","","","","M","","","-12","","NA"
"-112.10","51.05","FINNEGAN AGCM","3022650","2022-11-15 06:00","2022","11","15","06:00","-12.0","","-13.3","","90","","","M","4","","2","","","","","M","","","-13","","NA"
"-112.10","51.05","FINNEGAN AGCM","3022650","2022-11-15 07:00","2022","11","15","07:00","-10.8","","-12.0","","91","","","M","34","","2","","","","","M","","","-12","","NA"
"-112.10","51.05","FINNEGAN AGCM","3022650","2022-11-15 08:00","2022","11","15","08:00","-11.1","","-12.3","","91","","","M","31","","2","","","","","M","","","-12","","NA"
"-112.10","51.05","FINNEGAN AGCM","3022650","2022-11-15 09:00","2022","11","15","09:00","-10.4","","-11.5","","92","","","M","36","","1","","","","","M","","","-11","","NA"
"-112.10","51.05","FINNEGAN AGCM","3022650","2022-11-15 10:00","2022","11","15","10:00","-8.2","","-9.3","","92","","","M","0","","1","","","","","M","","","-9","","NA"
"-112.10","51.05","FINNEGAN AGCM","3022650","2022-11-15 11:00","2022","11","15","11:00","-5.1","","-7.3","","84","","","M","29","","7","","","","","M","","","-8","","NA"
"-112.10","51.05","FINNEGAN AGCM","3022650","2022-11-15 12:00","2022","11","15","12:00","-0.7","","-5.3","","71","","","M","29","","17","","","","","M","","","-6","","NA"
"-112.10","51.05","FINNEGAN AGCM","3022650","2022-11-15 13:00","2022","11","15","13:00","-0.4","","-5.0","","71","","","M","32","","17","","","","","M","","","-5","","NA"
"-112.10","51.05","FINNEGAN AGCM","3022650","2022-11-15 14:00","2022","11","15","14:00","0.3","","-3.9","","73","","","M","30","","34","","","","","M","","","","","NA"
"-112.10","51.05","FINNEGAN AGCM","3022650","2022-11-15 15:00","2022","11","15","15:00","0.9","","-3.2","","74","","","M","30","","26","","","","","M","","","","","NA"
"-112.10","51.05","FINNEGAN AGCM","3022650","2022-11-15 16:00","2022","11","15","16:00","1.2","","-2.8","","75","","","M","30","","25","","","","","M","","","","","NA"
"-112.10","51.05","FINNEGAN AGCM","3022650","2022-11-15 17:00","2022","11","15","17:00","0.2","","-3.1","","79","","","M","30","","28","","","","","M","","","","","NA"
"-112.10","51.05","FINNEGAN AGCM","3022650","2022-11-15 18:00","2022","11","15","18:00","0.2","","-3.2","","78","","","M","29","","28","","","","","M","","","","","NA"
"-112.10","51.05","FINNEGAN AGCM","3022650","2022-11-15 19:00","2022","11","15","19:00","0.3","","-3.1","","78","","","M","30","","31","","","","","M","","","","","NA"
"-112.10","51.05","FINNEGAN AGCM","3022650","2022-11-15 20:00","2022","11","15","20:00","-1.1","","-3.9","","81","","","M","29","","27","","","","","M","","","-8","","NA"
"-112.10","51.05","FINNEGAN AGCM","3022650","2022-11-15 21:00","2022","11","15","21:00","-0.8","","-4.1","","79","","","M","30","","30","","","","","M","","","-8","","NA"
"-112.10","51.05","FINNEGAN AGCM","3022650","2022-11-15 22:00","2022","11","15","22:00","-1.5","","-4.5","","80","","","M","30","","26","","","","","M","","","-8","","NA"
"-112.10","51.05","FINNEGAN AGCM","3022650","2022-11-15 23:00","2022","11","15","23:00","-2.2","","-4.9","","82","","","M","30","","25","","","","","M","","","-9","","NA"
"-112.10","51.05","FINNEGAN AGCM","3022650","2022-11-16 00:00","2022","11","16","00:00","-3.4","","-5.5","","86","","","M","31","","19","","","","","M","","","-9","","NA"
"-112.10","51.05","FINNEGAN AGCM","3022650","2022-11-16 01:00","2022","11","16","01:00","-5.3","","-7.0","","88","","","M","29","","21","","","","","M","","","-12","","NA"
"-112.10","51.05","FINNEGAN AGCM","3022650","2022-11-16 02:00","2022","11","16","02:00","-4.8","","-6.2","","90","","","M","30","","15","","","","","M","","","-10","","NA"
"-112.10","51.05","FINNEGAN AGCM","3022650","2022-11-16 03:00","2022","11","16","03:00","-5.8","","-7.4","","88","","","M","22","","5","","","","","M","","","-8","","NA"
"-112.10","51.05","FINNEGAN AGCM","3022650","2022-11-16 04:00","2022","11","16","04:00","-4.3","","-6.1","","87","","","M","29","","6","","","","","M","","","-7","","NA"
"-112.10","51.05","FINNEGAN AGCM","3022650","2022-11-16 05:00","2022","11","16","05:00","-2.6","","-5.0","","84","","","M","27","","21","","","","","M","","","-9","","NA"
"-112.10","51.05","FINNEGAN AGCM","3022650","2022-11-16 06:00","2022","11","16","06:00","-1.5","","-3.8","","84","","","M","29","","24","","","","","M","","","-8","","NA"
"-112.10","51.05","FINNEGAN AGCM","3022650","2022-11-16 07:00","2022","11","16","07:00","-2.1","","-4.6","","83","","","M","31","","25","","","","","M","","","-9","","NA"
"-112.10","51.05","FINNEGAN AGCM","3022650","2022-11-16 08:00","2022","11","16","08:00","-2.0","","-4.5","","83","","","M","28","","22","","","","","M","","","-8","","NA"
"-112.10","51.05","FINNEGAN AGCM","3022650","2022-11-16 09:00","2022","11","16","09:00","-2.2","","-4.5","","84","","","M","30","","27","","","","","M","","","-9","","NA"
"-112.10","51.05","FINNEGAN AGCM","3022650","2022-11-16 10:00","2022","11","16","10:00","-2.8","","-5.8","","80","","","M","33","","35","","","","","M","","","-11","","NA"
"-112.10","51.05","FINNEGAN AGCM","3022650","2022-11-16 11:00","2022","11","16","11:00","-1.3","","-3.7","","84","","","M","29","","25","","","","","M","","","-8","","NA"
"-112.10","51.05","FINNEGAN AGCM","3022650","2022-11-16 12:00","2022","11","16","12:00","-0.7","","-3.7","","80","","","M","30","","28","","","","","M","","","-7","","NA"
"-112.10","51.05","FINNEGAN AGCM","3022650","2022-11-16 13:00","2022","11","16","13:00","-0.6","","-4.4","","76","","","M","31","","36","","","","","M","","","-8","","NA"
"-112.10","51.05","FINNEGAN AGCM","3022650","2022-11-16 14:00","2022","11","16","14:00","-2.2","","-5.5","","79","","","M","32","","32","","","","","M","","","-10","","NA"
"-112.10","51.05","FINNEGAN AGCM","3022650","2022-11-16 15:00","2022","11","16","15:00","-4.2","","-7.1","","80","","","M","31","","32","","","","","M","","","-12","","NA"
"-112.10","51.05","FINNEGAN AGCM","3022650","2022-11-16 16:00","2022","11","16","16:00","-4.3","","-7.4","","79","","","M","32","","27","","","","","M","","","-12","","NA"
"-112.10","51.05","FINNEGAN AGCM","3022650","2022-11-16 17:00","2022","11","16","17:00","-4.9","","-7.8","","80","","","M","32","","39","","","","","M","","","-14","","NA"
"-112.10","51.05","FINNEGAN AGCM","3022650","2022-11-16 18:00","2022","11","16","18:00","-5.5","","-8.1","","82","","","M","32","","34","","","","","M","","","-14","","NA"
"-112.10","51.05","FINNEGAN AGCM","3022650","2022-11-16 19:00","2022","11","16","19:00","-6.3","","-8.3","","85","","","M","33","","33","","","","","M","","","-15","","NA"
"-112.10","51.05","FINNEGAN AGCM","3022650","2022-11-16 20:00","2022","11","16","20:00","-7.2","","-9.4","","84","","","M","32","","45","","","","","M","","","-18","","NA"
"-112.10","51.05","FINNEGAN AGCM","3022650","2022-11-16 21:00","2022","11","16","21:00","-7.7","","-10.9","","78","","","M","32","","44","","","","","M","","","-18","","NA"
"-112.10","51.05","FINNEGAN AGCM","3022650","2022-11-16 22:00","2022","11","16","22:00","-8.3","","-11.7","","76","","","M","31","","52","","","","","M","","","-20","","NA"
"-112.10","51.05","FINNEGAN AGCM","3022650","2022-11-16 23:00","2022","11","16","23:00","-8.4","","-11.8","","76","","","M","31","","36","","","","","M","","","-18","","NA"
"-112.10","51.05","FINNEGAN AGCM","3022650","2022-11-17 00:00","2022","11","17","00:00","-9.4","","-12.4","","78","","","M","31","","32","","","","","M","","","-19","","NA"
"-112.10","51.05","FINNEGAN AGCM","3022650","2022-11-17 01:00","2022","11","17","01:00","-10.8","","-13.7","","79","","","M","31","","36","","","","","M","","","-21","","NA"
"-112.10","51.05","FINNEGAN AGCM","3022650","2022-11-17 02:00","2022","11","17","02:00","-11.7","","-14.9","","78","","","M","31","","36","","","","","M","","","-23","","NA"
"-112.10","51.05","FINNEGAN AGCM","3022650","2022-11-17 03:00","2022","11","17","03:00","-12.4","","-15.7","","76","","","M","29","","36","","","","","M","","","-23","","NA"
"-112.10","51.05","FINNEGAN AGCM","3022650","2022-11-17 04:00","2022","11","17","04:00","-12.8","","-16.5","","74","","","M","31","","23","","","","","M","","","-22","","NA"
"-112.10","51.05","FINNEGAN AGCM","3022650","2022-11-17 05:00","2022","11","17","05:00","-13.5","","-17.0","","75","","","M","31","","28","","","","","M","","","-24","","NA"
"-112.10","51.05","FINNEGAN AGCM","3022650","2022-11-17 06:00","2022","11","17","06:00","-14.4","","-17.8","","75","","","M","32","","29","","","","","M","","","-25","","NA"
"-112.10","51.05","FINNEGAN AGCM","3022650","2022-11-17 07:00","2022","11","17","07:00","-14.7","","-18.0","","75","","","M","31","","31","","","","","M","","","-26","","NA"
"-112.10","51.05","FINNEGAN AGCM","3022650","2022-11-17 08:00","2022","11","17","08:00","-15.2","","-18.6","","75","","","M","33","","25","","","","","M","","","-25","","NA"
"-112.10","51.05","FINNEGAN AGCM","3022650","2022-11-17 09:00","2022","11","17","09:00","-15.0","","-18.6","","74","","","M","31","","24","","","","","M","","","-25","","NA"
"-112.10","51.05","FINNEGAN AGCM","3022650","2022-11-17 10:00","2022","11","17","10:00","-14.5","","-18.3","","72","","","M","32","","11","","","","","M","","","-21","","NA"
"-112.10","51.05","FINNEGAN AGCM","3022650","2022-11-17 11:00","2022","11","17","11:00","-12.0","","-17.8","","62","","","M","24","","3","","","","","M","","","-14","","NA"
"-112.10","51.05","FINNEGAN AGCM","3022650","2022-11-17 12:00","2022","11","17","12:00","-12.2","","-17.9","","63","","","M","22","","6","","","","","M","","","-16","","NA"
"-112.10","51.05","FINNEGAN AGCM","3022650","2022-11-17 13:00","2022","11","17","13:00","-11.6","","-17.2","","63","","","M","21","","6","","","","","M","","","-15","","NA"
"-112.10","51.05","FINNEGAN AGCM","3022650","2022-11-17 14:00","2022","11","17","14:00","-12.5","","-17.0","","69","","","M","21","","14","","","","","M","","","-20","","NA"
"-112.10","51.05","FINNEGAN AGCM","3022650","2022-11-17 15:00","2022","11","17","15:00","-12.9","","-16.6","","74","","","M","22","","10","","","","","M","","","-19","","NA"
"-112.10","51.05","FINNEGAN AGCM","3022650","2022-11-17 16:00","2022","11","17","16:00","-14.1","","-17.1","","78","","","M","20","","16","","","","","M","","","-22","","NA"
"-112.10","51.05","FINNEGAN AGCM","3022650","2022-11-17 17:00","2022","11","17","17:00","-14.6","","-17.0","","82","","","M","19","","10","","","","","M","","","-21","","NA"
"-112.10","51.05","FINNEGAN AGCM","3022650","2022-11-17 18:00","2022","11","17","18:00","-15.0","","-17.6","","81","","","M","20","","8","","","","","M","","","-20","","NA"
"-112.10","51.05","FINNEGAN AGCM","3022650","2022-11-17 19:00","2022","11","17","19:00","-16.5","","-19.0","","81","","","M","21","","2","","","","","M","","","-18","","NA"
"-112.10","51.05","FINNEGAN AGCM","3022650","2022-11-17 20:00","2022","11","17","20:00","-16.4","","-19.6","","76","","","M","23","","7","","","","","M","","","-21","","NA"
"-112.10","51.05","FINNEGAN AGCM","3022650","2022-11-17 21:00","2022","11","17","21:00","-17.9","","-21.5","","73","","","M","22","","3","","","","","M","","","-20","","NA"
"-112.10","51.05","FINNEGAN AGCM","3022650","2022-11-17 22:00","2022","11","17","22:00","-20.4","","-23.4","","77","","","M","17","","1","","","","","M","","","-21","","NA"
"-112.10","51.05","FINNEGAN AGCM","3022650","2022-11-17 23:00","2022","11","17","23:00","-19.9","","-22.3","","81","","","M","4","","1","","","","","M","","","-21","","NA"
"-112.10","51.05","FINNEGAN AGCM","3022650","2022-11-18 00:00","2022","11","18","00:00","-21.1","","-23.6","","80","","","M","18","","3","","","","","M","","","-24","","NA"
"-112.10","51.05","FINNEGAN AGCM","3022650","2022-11-18 01:00","2022","11","18","01:00","-20.6","","-23.9","","75","","","M","29","","4","","","","","M","","","-24","","NA"
"-112.10","51.05","FINNEGAN AGCM","3022650","2022-11-18 02:00","2022","11","18","02:00","-21.6","","-25.4","","71","","","M","27","","3","","","","","M","","","-24","","NA"
"-112.10","51.05","FINNEGAN AGCM","3022650","2022-11-18 03:00","2022","11","18","03:00","-19.1","","-22.4","","75","","","M","20","","5","","","","","M","","","-23","","NA"
"-112.10","51.05","FINNEGAN AGCM","3022650","2022-11-18 04:00","2022","11","18","04:00","-21.4","","-24.7","","75","","","M","32","","5","","","","","M","","","-26","","NA"
"-112.10","51.05","FINNEGAN AGCM","3022650","2022-11-18 05:00","2022","11","18","05:00","-12.7","","-18.2","","63","","","M","26","","21","","","","","M","","","-21","","NA"
"-112.10","51.05","FINNEGAN AGCM","3022650","2022-11-18 06:00","2022","11","18","06:00","-18.2","","-22.7","","68","","","M","3","","7","","","","","M","","","-24","","NA"
"-112.10","51.05","FINNEGAN AGCM","3022650","2022-11-18 07:00","2022","11","18","07:00","-17.3","","-21.8","","68","","","M","29","","12","","","","","M","","","-25","","NA"
"-112.10","51.05","FINNEGAN AGCM","3022650","2022-11-18 08:00","2022","11","18","08:00","-10.1","","-16.4","","60","","","M","31","","29","","","","","M","","","-20","","NA"
"-112.10","51.05","FINNEGAN AGCM","3022650","2022-11-18 09:00","2022","11","18","09:00","-8.2","","-14.9","","58","","","M","28","","35","","","","","M","","","-18","","NA"
"-112.10","51.05","FINNEGAN AGCM","3022650","2022-11-18 10:00","2022","11","18","10:00","-6.9","","-14.1","","56","","","M","27","","28","","","","","M","","","-15","","NA"
"-112.10","51.05","FINNEGAN AGCM","3022650","2022-11-18 11:00","2022","11","18","11:00","-6.4","","-12.8","","60","","","M","29","","23","","","","","M","","","-14","","NA"
"-112.10","51.05","FINNEGAN AGCM","3022650","2022-11-18 12:00","2022","11","18","12:00","-5.2","","-11.9","","59","","","M","29","","29","","","","","M","","","-13","","NA"
"-112.10","51.05","FINNEGAN AGCM","3022650","2022-11-18 13:00","2022","11","18","13:00","-4.4","","-11.7","","57","","","M","29","","34","","","","","M","","","-13","","NA"
"-112.10","51.05","FINNEGAN AGCM","3022650","2022-11-18 14:00","2022","11","18","14:00","-4.2","","-11.1","","59","","","M","29","","28","","","","","M","","","-12","","NA"
"-112.10","51.05","FINNEGAN AGCM","3022650","2022-11-18 15:00","2022","11","18","15:00","-5.6","","-10.9","","66","","","M","29","","22","","","","","M","","","-13","","NA"
"-112.10","51.05","FINNEGAN AGCM","3022650","2022-11-18 16:00","2022","11","18","16:00","-6.3","","-11.0","","69","","","M","29","","19","","","","","M","","","-13","","NA"
"-112.10","51.05","FINNEGAN AGCM","3022650","2022-11-18 17:00","2022","11","18","17:00","-6.1","","-12.6","","60","","","M","28","","27","","","","","M","","","-14","","NA"
"-112.10","51.05","FINNEGAN AGCM","3022650","2022-11-18 18:00","2022","11","18","18:00","-7.0","","-13.2","","61","","","M","28","","27","","","","","M","","","-15","","NA"
"-112.10","51.05","FINNEGAN AGCM","3022650","2022-11-18 19:00","2022","11","18","19:00","-7.7","","-13.4","","64","","","M","28","","24","","","","","M","","","-16","","NA"
"-112.10","51.05","FINNEGAN AGCM","3022650","2022-11-18 20:00","2022","11","18","20:00","-7.9","","-14.3","","60","","","M","30","","17","","","","","M","","","-15","","NA"
"-112.10","51.05","FINNEGAN AGCM","3022650","2022-11-18 21:00","2022","11","18","21:00","-11.1","","-15.2","","72","","","M","0","","1","","","","","M","","","-12","","NA"
"-112.10","51.05","FINNEGAN AGCM","3022650","2022-11-18 22:00","2022","11","18","22:00","-13.1","","-17.3","","71","","","M","27","","11","","","","","M","","","-19","","NA"
"-112.10","51.05","FINNEGAN AGCM","3022650","2022-11-18 23:00","2022","11","18","23:00","-13.8","","-16.9","","77","","","M","18","","9","","","","","M","","","-19","","NA"
"-112.10","51.05","FINNEGAN AGCM","3022650","2022-11-19 00:00","2022","11","19","00:00","-14.8","","-18.4","","74","","","M","17","","7","","","","","M","","","-20","","NA"
"-112.10","51.05","FINNEGAN AGCM","3022650","2022-11-19 01:00","2022","11","19","01:00","-14.5","","-18.7","","70","","","M","31","","6","","","","","M","","","-19","","NA"
"-112.10","51.05","FINNEGAN AGCM","3022650","2022-11-19 02:00","2022","11","19","02:00","-15.4","","-19.4","","72","","","M","24","","7","","","","","M","","","-20","","NA"
"-112.10","51.05","FINNEGAN AGCM","3022650","2022-11-19 03:00","2022","11","19","03:00","-13.3","","-18.3","","66","","","M","23","","13","","","","","M","","","-20","","NA"
"-112.10","51.05","FINNEGAN AGCM","3022650","2022-11-19 04:00","2022","11","19","04:00","-14.0","","-18.4","","69","","","M","21","","16","","","","","M","","","-22","","NA"
"-112.10","51.05","FINNEGAN AGCM","3022650","2022-11-19 05:00","2022","11","19","05:00","-12.3","","-18.0","","62","","","M","22","","16","","","","","M","","","-20","","NA"
"-112.10","51.05","FINNEGAN AGCM","3022650","2022-11-19 06:00","2022","11","19","06:00","-15.6","","-20.0","","69","","","M","15","","6","","","","","M","","","-20","","NA"
"-112.10","51.05","FINNEGAN AGCM","3022650","2022-11-19 07:00","2022","11","19","07:00","-20.1","","-22.8","","79","","","M","15","","12","","","","","M","","","-28","","NA"
"-112.10","51.05","FINNEGAN AGCM","3022650","2022-11-19 08:00","2022","11","19","08:00","-19.9","","-22.4","","81","","","M","17","","5","","","","","M","","","-24","","NA"
"-112.10","51.05","FINNEGAN AGCM","3022650","2022-11-19 09:00","2022","11","19","09:00","-19.3","","-22.9","","73","","","M","14","","8","","","","","M","","","-25","","NA"
"-112.10","51.05","FINNEGAN AGCM","3022650","2022-11-19 10:00","2022","11","19","10:00","-16.7","","-20.7","","71","","","M","33","","7","","","","","M","","","-22","","NA"
"-112.10","51.05","FINNEGAN AGCM","3022650","2022-11-19 11:00","2022","11","19","11:00","-12.5","","-18.0","","63","","","M","24","","1","","","","","M","","","-13","","NA"
"-112.10","51.05","FINNEGAN AGCM","3022650","2022-11-19 12:00","2022","11","19","12:00","-7.8","","-14.3","","60","","","M","23","","6","","","","","M","","","-11","","NA"
"-112.10","51.05","FINNEGAN AGCM","3022650","2022-11-19 13:00","2022","11","19","13:00","-6.5","","-11.6","","67","","","M","21","","6","","","","","M","","","-9","","NA"
"-112.10","51.05","FINNEGAN AGCM","3022650","2022-11-19 14:00","2022","11","19","14:00","-4.2","","-10.0","","64","","","M","26","","5","","","","","M","","","-6","","NA"
"-112.10","51.05","FINNEGAN AGCM","3022650","2022-11-19 15:00","2022","11","19","15:00","-6.1","","-10.7","","69","","","M","32","","10","","","","","M","","","-11","","NA"
"-112.10","51.05","FINNEGAN AGCM","3022650","2022-11-19 16:00","2022","11","19","16:00","-7.0","","-11.8","","68","","","M","25","","6","","","","","M","","","-10","","NA"
"-112.10","51.05","FINNEGAN AGCM","3022650","2022-11-19 17:00","2022","11","19","17:00","-4.4","","-10.7","","61","","","M","26","","26","","","","","M","","","-12","","NA"
"-112.10","51.05","FINNEGAN AGCM","3022650","2022-11-19 18:00","2022","11","19","18:00","-1.4","","-10.0","","52","","","M","26","","30","","","","","M","","","-8","","NA"
"-112.10","51.05","FINNEGAN AGCM","3022650","2022-11-19 19:00","2022","11","19","19:00","-2.7","","-10.3","","56","","","M","26","","29","","","","","M","","","-10","","NA"
"-112.10","51.05","FINNEGAN AGCM","3022650","2022-11-19 20:00","2022","11","19","20:00","-4.3","","-10.9","","60","","","M","26","","25","","","","","M","","","-11","","NA"
"-112.10","51.05","FINNEGAN AGCM","3022650","2022-11-19 21:00","2022","11","19","21:00","-4.1","","-11.2","","58","","","M","26","","29","","","","","M","","","-12","","NA"
"-112.10","51.05","FINNEGAN AGCM","3022650","2022-11-19 22:00","2022","11","19","22:00","-4.2","","-11.9","","55","","","M","27","","22","","","","","M","","","-11","","NA"
"-112.10","51.05","FINNEGAN AGCM","3022650","2022-11-19 23:00","2022","11","19","23:00","-7.6","","-12.7","","67","","","M","23","","3","","","","","M","","","-9","","NA"
"-112.10","51.05","FINNEGAN AGCM","3022650","2022-11-20 00:00","2022","11","20","00:00","-6.3","","-11.8","","65","","","M","27","","12","","","","","M","","","-11","","NA"
"-112.10","51.05","FINNEGAN AGCM","3022650","2022-11-20 01:00","2022","11","20","01:00","-3.7","","-11.4","","55","","","M","28","","13","","","","","M","","","-9","","NA"
"-112.10","51.05","FINNEGAN AGCM","3022650","2022-11-20 02:00","2022","11","20","02:00","-6.1","","-11.3","","67","","","M","18","","8","","","","","M","","","-10","","NA"
"-112.10","51.05","FINNEGAN AGCM","3022650","2022-11-20 03:00","2022","11","20","03:00","-5.4","","-10.9","","65","","","M","24","","24","","","","","M","","","-13","","NA"
"-112.10","51.05","FINNEGAN AGCM","3022650","2022-11-20 04:00","2022","11","20","04:00","-6.3","","-11.2","","68","","","M","21","","4","","","","","M","","","-8","","NA"
"-112.10","51.05","FINNEGAN AGCM","3022650","2022-11-20 05:00","2022","11","20","05:00","-6.7","","-11.8","","67","","","M","25","","7","","","","","M","","","-10","","NA"
"-112.10","51.05","FINNEGAN AGCM","3022650","2022-11-20 06:00","2022","11","20","06:00","-7.0","","-12.0","","67","","","M","28","","6","","","","","M","","","-10","","NA"
"-112.10","51.05","FINNEGAN AGCM","3022650","2022-11-20 07:00","2022","11","20","07:00","-6.7","","-12.1","","65","","","M","28","","6","","","","","M","","","-10","","NA"
"-112.10","51.05","FINNEGAN AGCM","3022650","2022-11-20 08:00","2022","11","20","08:00","-8.2","","-12.9","","68","","","M","22","","2","","","","","M","","","-9","","NA"
"-112.10","51.05","FINNEGAN AGCM","3022650","2022-11-20 09:00","2022","11","20","09:00","-6.6","","-11.5","","68","","","M","30","","16","","","","","M","","","-13","","NA"
"-112.10","51.05","FINNEGAN AGCM","3022650","2022-11-20 10:00","2022","11","20","10:00","-2.7","","-8.5","","64","","","M","29","","17","","","","","M","","","-8","","NA"
"-112.10","51.05","FINNEGAN AGCM","3022650","2022-11-20 11:00","2022","11","20","11:00","0.2","","-6.2","","62","","","M","32","","5","","","","","M","","","","","NA"
"-112.10","51.05","FINNEGAN AGCM","3022650","2022-11-20 12:00","2022","11","20","12:00","0.2","","-6.3","","62","","","M","33","","10","","","","","M","","","","","NA"
"-112.10","51.05","FINNEGAN AGCM","3022650","2022-11-20 13:00","2022","11","20","13:00","1.0","","-5.2","","63","","","M","34","","5","","","","","M","","","","","NA"
"-112.10","51.05","FINNEGAN AGCM","3022650","2022-11-20 14:00","2022","11","20","14:00","-0.4","","-4.7","","73","","","M","26","","11","","","","","M","","","-4","","NA"
"-112.10","51.05","FINNEGAN AGCM","3022650","2022-11-20 15:00","2022","11","20","15:00","0.1","","-4.2","","73","","","M","30","","15","","","","","M","","","","","NA"
"-112.10","51.05","FINNEGAN AGCM","3022650","2022-11-20 16:00","2022","11","20","16:00","-1.5","","-4.8","","78","","","M","27","","7","","","","","M","","","-4","","NA"
"-112.10","51.05","FINNEGAN AGCM","3022650","2022-11-20 17:00","2022","11","20","17:00","-2.6","","-5.9","","78","","","M","26","","7","","","","","M","","","-5","","NA"
"-112.10","51.05","FINNEGAN AGCM","3022650","2022-11-20 18:00","2022","11","20","18:00","-3.3","","-6.4","","79","","","M","24","","6","","","","","M","","","-6","","NA"
"-112.10","51.05","FINNEGAN AGCM","3022650","2022-11-20 19:00","2022","11","20","19:00","-2.2","","-5.8","","76","","","M","28","","11","","","","","M","","","-6","","NA"
"-112.10","51.05","FINNEGAN AGCM","3022650","2022-11-20 20:00","2022","11","20","20:00","-2.6","","-5.7","","79","","","M","32","","10","","","","","M","","","-6","","NA"
"-112.10","51.05","FINNEGAN AGCM","3022650","2022-11-20 21:00","2022","11","20","21:00","-3.1","","-5.9","","81","","","M","28","","6","","","","","M","","","-6","","NA"
"-112.10","51.05","FINNEGAN AGCM","3022650","2022-11-20 22:00","2022","11","20","22:00","-1.9","","-5.3","","77","","","M","18","","8","","","","","M","","","-5","","NA"
"-112.10","51.05","FINNEGAN AGCM","3022650","2022-11-20 23:00","2022","11","20","23:00","-3.5","","-5.5","","86","","","M","35","","6","","","","","M","","","-6","","NA"
"-112.10","51.05","FINNEGAN AGCM","3022650","2022-11-21 00:00","2022","11","21","00:00","-3.8","","-5.4","","89","","","M","36","","3","","","","","M","","","-5","","NA"
"-112.10","51.05","FINNEGAN AGCM","3022650","2022-11-21 01:00","2022","11","21","01:00","-3.2","","-5.0","","87","","","M","34","","6","","","","","M","","","-6","","NA"
"-112.10","51.05","FINNEGAN AGCM","3022650","2022-11-21 02:00","2022","11","21","02:00","-3.4","","-5.0","","89","","","M","31","","2","","","","","M","","","-4","","NA"
"-112.10","51.05","FINNEGAN AGCM","3022650","2022-11-21 03:00","2022","11","21","03:00","-4.0","","-5.5","","90","","","M","9","","5","","","","","M","","","-6","","NA"
"-112.10","51.05","FINNEGAN AGCM","3022650","2022-11-21 04:00","2022","11","21","04:00","-4.5","","-6.4","","87","","","M","13","","11","","","","","M","","","-9","","NA"
"-112.10","51.05","FINNEGAN AGCM","3022650","2022-11-21 05:00","2022","11","21","05:00","-4.4","","-6.6","","85","","","M","27","","4","","","","","M","","","-6","","NA"
"-112.10","51.05","FINNEGAN AGCM","3022650","2022-11-21 06:00","2022","11","21","06:00","-6.3","","-7.7","","90","","","M","34","","7","","","","","M","","","-10","","NA"
"-112.10","51.05","FINNEGAN AGCM","3022650","2022-11-21 07:00","2022","11","21","07:00","-6.8","","-8.3","","89","","","M","18","","2","","","","","M","","","-8","","NA"
"-112.10","51.05","FINNEGAN AGCM","3022650","2022-11-21 08:00","2022","11","21","08:00","-5.4","","-7.0","","89","","","M","2","","4","","","","","M","","","-7","","NA"
"-112.10","51.05","FINNEGAN AGCM","3022650","2022-11-21 09:00","2022","11","21","09:00","-7.2","","-8.8","","88","","","M","","","0","","","","","M","","","","","NA"
"-112.10","51.05","FINNEGAN AGCM","3022650","2022-11-21 10:00","2022","11","21","10:00","-5.1","","-8.5","","77","","","M","19","","5","","","","","M","","","-7","","NA"
"-112.10","51.05","FINNEGAN AGCM","3022650","2022-11-21 11:00","2022","11","21","11:00","-3.5","","-7.7","","73","","","M","23","","3","","","","","M","","","-5","","NA"
"-112.10","51.05","FINNEGAN AGCM","3022650","2022-11-21 12:00","2022","11","21","12:00","-3.9","","-7.1","","78","","","M","34","","8","","","","","M","","","-7","","NA"
"-112.10","51.05","FINNEGAN AGCM","3022650","2022-11-21 13:00","2022","11","21","13:00","-1.9","","-6.2","","73","","","M","17","","5","","","","","M","","","-4","","NA"
"-112.10","51.05","FINNEGAN AGCM","3022650","2022-11-21 14:00","2022","11","21","14:00","0.5","","-5.0","","67","","","M","19","","5","","","","","M","","","","","NA"
"-112.10","51.05","FINNEGAN AGCM","3022650","2022-11-21 15:00","2022","11","21","15:00","1.5","","-4.7","","64","","","M","17","","3","","","","","M","","","","","NA"
"-112.10","51.05","FINNEGAN AGCM","3022650","2022-11-21 16:00","2022","11","21","16:00","-2.3","","-6.1","","75","","","M","8","","3","","","","","M","","","-3","","NA"
"-112.10","51.05","FINNEGAN AGCM","3022650","2022-11-21 17:00","2022","11","21","17:00","-6.0","","-8.1","","86","","","M","16","","4","","","","","M","","","-8","","NA"
"-112.10","51.05","FINNEGAN AGCM","3022650","2022-11-21 18:00","2022","11","21","18:00","-4.3","","-6.1","","87","","","M","20","","4","","","","","M","","","-6","","NA"
"-112.10","51.05","FINNEGAN AGCM","3022650","2022-11-21 19:00","2022","11","21","19:00","-5.5","","-7.6","","85","","","M","","","0","","","","","M","","","","","NA"
"-112.10","51.05","FINNEGAN AGCM","3022650","2022-11-21 20:00","2022","11","21","20:00","-7.9","","-9.8","","86","","","M","20","","7","","","","","M","","","-12","","NA"
"-112.10","51.05","FINNEGAN AGCM","3022650","2022-11-21 21:00","2022","11","21","21:00","-7.9","","-9.5","","88","","","M","31","","2","","","","","M","","","-9","","NA"
"-112.10","51.05","FINNEGAN AGCM","3022650","2022-11-21 22:00","2022","11","21","22:00","-8.9","","-10.5","","89","","","M","15","","4","","","","","M","","","-11","","NA"
"-112.10","51.05","FINNEGAN AGCM","3022650","2022-11-21 23:00","2022","11","21","23:00","-9.2","","-10.4","","91","","","M","17","","9","","","","","M","","","-14","","NA"
"-112.10","51.05","FINNEGAN AGCM","3022650","2022-11-22 00:00","2022","11","22","00:00","-9.3","","-10.5","","91","","","M","25","","7","","","","","M","","","-13","","NA"
"-112.10","51.05","FINNEGAN AGCM","3022650","2022-11-22 01:00","2022","11","22","01:00","-3.4","","-6.9","","77","","","M","24","","18","","","","","M","","","-9","","NA"
"-112.10","51.05","FINNEGAN AGCM","3022650","2022-11-22 02:00","2022","11","22","02:00","-4.3","","-7.6","","78","","","M","19","","4","","","","","M","","","-6","","NA"
"-112.10","51.05","FINNEGAN AGCM","3022650","2022-11-22 03:00","2022","11","22","03:00","-5.1","","-7.9","","81","","","M","19","","6","","","","","M","","","-8","","NA"
"-112.10","51.05","FINNEGAN AGCM","3022650","2022-11-22 04:00","2022","11","22","04:00","-6.2","","-7.8","","88","","","M","16","","8","","","","","M","","","-10","","NA"
"-112.10","51.05","FINNEGAN AGCM","3022650","2022-11-22 05:00","2022","11","22","05:00","-3.5","","-5.8","","84","","","M","21","","12","","","","","M","","","-8","","NA"
"-112.10","51.05","FINNEGAN AGCM","3022650","2022-11-22 06:00","2022","11","22","06:00","-4.9","","-6.7","","87","","","M","19","","10","","","","","M","","","-9","","NA"
"-112.10","51.05","FINNEGAN AGCM","3022650","2022-11-22 07:00","2022","11","22","07:00","-2.6","","-5.8","","79","","","M","19","","12","","","","","M","","","-7","","NA"
"-112.10","51.05","FINNEGAN AGCM","3022650","2022-11-22 08:00","2022","11","22","08:00","-5.0","","-6.9","","86","","","M","17","","9","","","","","M","","","-9","","NA"
"-112.10","51.05","FINNEGAN AGCM","3022650","2022-11-22 09:00","2022","11","22","09:00","-2.8","","-6.2","","77","","","M","21","","11","","","","","M","","","-7","","NA"
"-112.10","51.05","FINNEGAN AGCM","3022650","2022-11-22 10:00","2022","11","22","10:00","-2.5","","-5.3","","81","","","M","14","","6","","","","","M","","","-5","","NA"
"-112.10","51.05","FINNEGAN AGCM","3022650","2022-11-22 11:00","2022","11","22","11:00","3.0","","-1.4","","73","","","M","22","","18","","","","","M","","","","","NA"
"-112.10","51.05","FINNEGAN AGCM","3022650","2022-11-22 12:00","2022","11","22","12:00","2.8","","-1.0","","76","","","M","18","","8","","","","","M","","","","","NA"
"-112.10","51.05","FINNEGAN AGCM","3022650","2022-11-22 13:00","2022","11","22","13:00","3.2","","-0.7","","76","","","M","22","","21","","","","","M","","","","","NA"
"-112.10","51.05","FINNEGAN AGCM","3022650","2022-11-22 14:00","2022","11","22","14:00","3.6","","-0.4","","75","","","M","21","","15","","","","","M","","","","","NA"
"-112.10","51.05","FINNEGAN AGCM","3022650","2022-11-22 15:00","2022","11","22","15:00","2.7","","-0.9","","77","","","M","18","","5","","","","","M","","","","","NA"
"-112.10","51.05","FINNEGAN AGCM","3022650","2022-11-22 16:00","2022","11","22","16:00","1.2","","-1.1","","84","","","M","8","","9","","","","","M","","","","","NA"
"-112.10","51.05","FINNEGAN AGCM","3022650","2022-11-22 17:00","2022","11","22","17:00","3.0","","-0.9","","76","","","M","22","","25","","","","","M","","","","","NA"
"-112.10","51.05","FINNEGAN AGCM","3022650","2022-11-22 18:00","2022","11","22","18:00","2.2","","-0.9","","80","","","M","23","","24","","","","","M","","","","","NA"
"-112.10","51.05","FINNEGAN AGCM","3022650","2022-11-22 19:00","2022","11","22","19:00","1.4","","-1.3","","82","","","M","22","","26","","","","","M","","","","","NA"
"-112.10","51.05","FINNEGAN AGCM","3022650","2022-11-22 20:00","2022","11","22","20:00","1.3","","-1.6","","81","","","M","16","","6","","","","","M","","","","","NA"
"-112.10","51.05","FINNEGAN AGCM","3022650","2022-11-22 21:00","2022","11","22","21:00","0.4","","-2.3","","82","","","M","18","","5","","","","","M","","","","","NA"
"-112.10","51.05","FINNEGAN AGCM","3022650","2022-11-22 22:00","2022","11","22","22:00","-1.6","","-2.9","","91","","","M","33","","7","","","","","M","","","-4","","NA"
"-112.10","51.05","FINNEGAN AGCM","3022650","2022-11-22 23:00","2022","11","22","23:00","-0.8","","-2.2","","90","","","M","18","","5","","","","","M","","","-2","","NA"
"-112.10","51.05","FINNEGAN AGCM","3022650","2022-11-23 00:00","2022","11","23","00:00","-0.4","","-1.9","","89","","","M","30","","9","","","","","M","","","-4","","NA"
"-112.10","51.05","FINNEGAN AGCM","3022650","2022-11-23 01:00","2022","11","23","01:00","2.0","","-0.8","","82","","","M","30","","21","","","","","M","","","","","NA"
"-112.10","51.05","FINNEGAN AGCM","3022650","2022-11-23 02:00","2022","11","23","02:00","2.2","","-1.5","","76","","","M","30","","36","","","","","M","","","","","NA"
"-112.10","51.05","FINNEGAN AGCM","3022650","2022-11-23 03:00","2022","11","23","03:00","2.4","","-1.6","","75","","","M","31","","31","","","","","M","","","","","NA"
"-112.10","51.05","FINNEGAN AGCM","3022650","2022-11-23 04:00","2022","11","23","04:00","2.9","","-0.5","","78","","","M","31","","45","","","","","M","","","","","NA"
"-112.10","51.05","FINNEGAN AGCM","3022650","2022-11-23 05:00","2022","11","23","05:00","2.0","","0.3","","88","","","M","31","","38","","","","","M","","","","","NA"
"-112.10","51.05","FINNEGAN AGCM","3022650","2022-11-23 06:00","2022","11","23","06:00","1.5","","0.4","","93","","","M","30","","24","","","","","M","","","","","NA"
"-112.10","51.05","FINNEGAN AGCM","3022650","2022-11-23 07:00","2022","11","23","07:00","1.5","","0.5","","93","","","M","29","","20","","","","","M","","","","","NA"
"-112.10","51.05","FINNEGAN AGCM","3022650","2022-11-23 08:00","2022","11","23","08:00","2.0","","0.0","","87","","","M","28","","24","","","","","M","","","","","NA"
"-112.10","51.05","FINNEGAN AGCM","3022650","2022-11-23 09:00","2022","11","23","09:00","2.0","","-0.4","","84","","","M","28","","20","","","","","M","","","","","NA"
"-112.10","51.05","FINNEGAN AGCM","3022650","2022-11-23 10:00","2022","11","23","10:00","1.6","","-0.6","","86","","","M","25","","17","","","","","M","","","","","NA"
"-112.10","51.05","FINNEGAN AGCM","3022650","2022-11-23 11:00","2022","11","23","11:00","2.1","","-0.6","","83","","","M","26","","19","","","","","M","","","","","NA"
"-112.10","51.05","FINNEGAN AGCM","3022650","2022-11-23 12:00","2022","11","23","12:00","2.2","","-0.7","","81","","","M","26","","20","","","","","M","","","","","NA"
"-112.10","51.05","FINNEGAN AGCM","3022650","2022-11-23 13:00","2022","11","23","13:00","2.3","","-0.8","","80","","","M","25","","18","","","","","M","","","","","NA"
"-112.10","51.05","FINNEGAN AGCM","3022650","2022-11-23 14:00","2022","11","23","14:00","3.1","","-0.9","","75","","","M","25","","15","","","","","M","","","","","NA"
"-112.10","51.05","FINNEGAN AGCM","3022650","2022-11-23 15:00","2022","11","23","15:00","2.0","","-0.9","","81","","","M","23","","19","","","","","M","","","","","NA"
"-112.10","51.05","FINNEGAN AGCM","3022650","2022-11-23 16:00","2022","11","23","16:00","1.0","","-1.3","","85","","","M","23","","18","","","","","M","","","","","NA"
"-112.10","51.05","FINNEGAN AGCM","3022650","2022-11-23 17:00","2022","11","23","17:00","-0.3","","-2.3","","87","","","M","23","","17","","","","","M","","","-5","","NA"
"-112.10","51.05","FINNEGAN AGCM","3022650","2022-11-23 18:00","2022","11","23","18:00","-0.1","","-3.2","","80","","","M","0","","1","","","","","M","","","0","","NA"
"-112.10","51.05","FINNEGAN AGCM","3022650","2022-11-23 19:00","2022","11","23","19:00","-4.3","","-5.5","","91","","","M","19","","4","","","","","M","","","-6","","NA"
"-112.10","51.05","FINNEGAN AGCM","3022650","2022-11-23 20:00","2022","11","23","20:00","-5.7","","-6.7","","93","","","M","17","","6","","","","","M","","","-9","","NA"
"-112.10","51.05","FINNEGAN AGCM","3022650","2022-11-23 21:00","2022","11","23","21:00","-5.6","","-7.8","","85","","","M","11","","4","","","","","M","","","-7","","NA"
"-112.10","51.05","FINNEGAN AGCM","3022650","2022-11-23 22:00","2022","11","23","22:00","-7.5","","-8.4","","93","","","M","17","","2","","","","","M","","","-9","","NA"
"-112.10","51.05","FINNEGAN AGCM","3022650","2022-11-23 23:00","2022","11","23","23:00","-8.0","","-9.3","","90","","","M","17","","9","","","","","M","","","-13","","NA"
"-112.10","51.05","FINNEGAN AGCM","3022650","2022-11-24 00:00","2022","11","24","00:00","-7.6","","-8.6","","92","","","M","18","","8","","","","","M","","","-12","","NA"
"-112.10","51.05","FINNEGAN AGCM","3022650","2022-11-24 01:00","2022","11","24","01:00","-3.1","","-6.3","","79","","","M","21","","15","","","","","M","","","-8","","NA"
"-112.10","51.05","FINNEGAN AGCM","3022650","2022-11-24 02:00","2022","11","24","02:00","-5.5","","-7.1","","88","","","M","19","","11","","","","","M","","","-10","","NA"
"-112.10","51.05","FINNEGAN AGCM","3022650","2022-11-24 03:00","2022","11","24","03:00","-8.1","","-9.4","","90","","","M","12","","5","","","","","M","","","-11","","NA"
"-112.10","51.05","FINNEGAN AGCM","3022650","2022-11-24 04:00","2022","11","24","04:00","-7.6","","-8.9","","91","","","M","0","","1","","","","","M","","","-8","","NA"
"-112.10","51.05","FINNEGAN AGCM","3022650","2022-11-24 05:00","2022","11","24","05:00","-7.5","","-8.8","","90","","","M","16","","5","","","","","M","","","-10","","NA"
"-112.10","51.05","FINNEGAN AGCM","3022650","2022-11-24 06:00","2022","11","24","06:00","-7.2","","-8.4","","91","","","M","17","","4","","","","","M","","","-9","","NA"
"-112.10","51.05","FINNEGAN AGCM","3022650","2022-11-24 07:00","2022","11","24","07:00","-3.1","","-5.0","","87","","","M","15","","10","","","","","M","","","-7","","NA"
"-112.10","51.05","FINNEGAN AGCM","3022650","2022-11-24 08:00","2022","11","24","08:00","-2.1","","-4.2","","86","","","M","17","","7","","","","","M","","","-5","","NA"
"-112.10","51.05","FINNEGAN AGCM","3022650","2022-11-24 09:00","2022","11","24","09:00","-1.1","","-3.3","","85","","","M","11","","9","","","","","M","","","-4","","NA"
"-112.10","51.05","FINNEGAN AGCM","3022650","2022-11-24 10:00","2022","11","24","10:00","2.6","","-2.3","","70","","","M","21","","5","","","","","M","","","","","NA"
"-112.10","51.05","FINNEGAN AGCM","3022650","2022-11-24 11:00","2022","11","24","11:00","4.8","","-1.4","","64","","","M","23","","22","","","","","M","","","","","NA"
"-112.10","51.05","FINNEGAN AGCM","3022650","2022-11-24 12:00","2022","11","24","12:00","3.7","","-0.8","","72","","","M","23","","20","","","","","M","","","","","NA"
"-112.10","51.05","FINNEGAN AGCM","3022650","2022-11-24 13:00","2022","11","24","13:00","4.1","","-0.9","","70","","","M","23","","15","","","","","M","","","","","NA"
"-112.10","51.05","FINNEGAN AGCM","3022650","2022-11-24 14:00","2022","11","24","14:00","4.8","","-1.0","","66","","","M","23","","28","","","","","M","","","","","NA"
"-112.10","51.05","FINNEGAN AGCM","3022650","2022-11-24 15:00","2022","11","24","15:00","5.8","","-1.5","","60","","","M","24","","21","","","","","M","","","","","NA"
"-112.10","51.05","FINNEGAN AGCM","3022650","2022-11-24 16:00","2022","11","24","16:00","4.0","","-1.0","","70","","","M","16","","8","","","","","M","","","","","NA"
"-112.10","51.05","FINNEGAN AGCM","3022650","2022-11-24 17:00","2022","11","24","17:00","5.4","","-1.1","","63","","","M","23","","43","","","","","M","","","","","NA"
"-112.10","51.05","FINNEGAN AGCM","3022650","2022-11-24 18:00","2022","11","24","18:00","4.3","","-0.9","","69","","","M","22","","38","","","","","M","","","","","NA"
"-112.10","51.05","FINNEGAN AGCM","3022650","2022-11-24 19:00","2022","11","24","19:00","3.9","","-0.9","","71","","","M","23","","21","","","","","M","","","","","NA"
"-112.10","51.05","FINNEGAN AGCM","3022650","2022-11-24 20:00","2022","11","24","20:00","3.0","","-0.6","","77","","","M","21","","25","","","","","M","","","","","NA"
"-112.10","51.05","FINNEGAN AGCM","3022650","2022-11-24 21:00","2022","11","24","21:00","4.9","","-1.0","","65","","","M","21","","34","","","","","M","","","","","NA"
"-112.10","51.05","FINNEGAN AGCM","3022650","2022-11-24 22:00","2022","11","24","22:00","3.9","","-1.2","","69","","","M","23","","31","","","","","M","","","","","NA"
"-112.10","51.05","FINNEGAN AGCM","3022650","2022-11-24 23:00","2022","11","24","23:00","4.2","","-1.1","","69","","","M","23","","33","","","","","M","","","","","NA"
"-112.10","51.05","FINNEGAN AGCM","3022650","2022-11-25 00:00","2022","11","25","00:00","3.8","","-0.9","","71","","","M","24","","27","","","","","M","","","","","NA"
"-112.10","51.05","FINNEGAN AGCM","3022650","2022-11-25 01:00","2022","11","25","01:00","4.4","","-1.1","","67","","","M","22","","32","","","","","M","","","","","NA"
"-112.10","51.05","FINNEGAN AGCM","3022650","2022-11-25 02:00","2022","11","25","02:00","3.9","","-1.1","","70","","","M","23","","28","","","","","M","","","","","NA"
"-112.10","51.05","FINNEGAN AGCM","3022650","2022-11-25 03:00","2022","11","25","03:00","2.2","","-0.9","","79","","","M","20","","18","","","","","M","","","","","NA"
"-112.10","51.05","FINNEGAN AGCM","3022650","2022-11-25 04:00","2022","11","25","04:00","2.0","","-1.1","","80","","","M","19","","16","","","","","M","","","","","NA"
"-112.10","51.05","FINNEGAN AGCM","3022650","2022-11-25 05:00","2022","11","25","05:00","3.2","","-1.3","","72","","","M","19","","17","","","","","M","","","","","NA"
"-112.10","51.05","FINNEGAN AGCM","3022650","2022-11-25 06:00","2022","11","25","06:00","2.7","","-1.4","","75","","","M","20","","21","","","","","M","","","","","NA"
"-112.10","51.05","FINNEGAN AGCM","3022650","2022-11-25 07:00","2022","11","25","07:00","1.3","","-1.8","","80","","","M","20","","14","","","","","M","","","","","NA"
"-112.10","51.05","FINNEGAN AGCM","3022650","2022-11-25 08:00","2022","11","25","08:00","3.9","","-1.6","","67","","","M","19","","25","","","","","M","","","","","NA"
"-112.10","51.05","FINNEGAN AGCM","3022650","2022-11-25 09:00","2022","11","25","09:00","3.7","","-1.4","","69","","","M","19","","23","","","","","M","","","","","NA"
"-112.10","51.05","FINNEGAN AGCM","3022650","2022-11-25 10:00","2022","11","25","10:00","4.0","","-1.1","","69","","","M","19","","7","","","","","M","","","","","NA"
"-112.10","51.05","FINNEGAN AGCM","3022650","2022-11-25 11:00","2022","11","25","11:00","3.2","","-0.7","","76","","","M","19","","20","","","","","M","","","","","NA"
"-112.10","51.05","FINNEGAN AGCM","3022650","2022-11-25 12:00","2022","11","25","12:00","4.3","","-0.5","","71","","","M","22","","12","","","","","M","","","","","NA"
"-112.10","51.05","FINNEGAN AGCM","3022650","2022-11-25 13:00","2022","11","25","13:00","4.3","","-0.6","","70","","","M","24","","20","","","","","M","","","","","NA"
"-112.10","51.05","FINNEGAN AGCM","3022650","2022-11-25 14:00","2022","11","25","14:00","3.7","","-0.3","","75","","","M","24","","17","","","","","M","","","","","NA"
"-112.10","51.05","FINNEGAN AGCM","3022650","2022-11-25 15:00","2022","11","25","15:00","4.5","","-0.3","","71","","","M","27","","25","","","","","M","","","","","NA"
"-112.10","51.05","FINNEGAN AGCM","3022650","2022-11-25 16:00","2022","11","25","16:00","2.3","","-1.2","","78","","","M","32","","27","","","","","M","","","","","NA"
"-112.10","51.05","FINNEGAN AGCM","3022650","2022-11-25 17:00","2022","11","25","17:00","0.7","","-1.2","","87","","","M","33","","15","","","","","M","","","","","NA"
"-112.10","51.05","FINNEGAN AGCM","3022650","2022-11-25 18:00","2022","11","25","18:00","0.4","","-1.0","","90","","","M","29","","9","","","","","M","","","","","NA"
"-112.10","51.05","FINNEGAN AGCM","3022650","2022-11-25 19:00","2022","11","25","19:00","1.9","","-0.6","","84","","","M","28","","17","","","","","M","","","","","NA"
"-112.10","51.05","FINNEGAN AGCM","3022650","2022-11-25 20:00","2022","11","25","20:00","1.8","","-1.0","","82","","","M","29","","15","","","","","M","","","","","NA"
"-112.10","51.05","FINNEGAN AGCM","3022650","2022-11-25 21:00","2022","11","25","21:00","1.6","","-1.0","","83","","","M","28","","10","","","","","M","","","","","NA"
"-112.10","51.05","FINNEGAN AGCM","3022650","2022-11-25 22:00","2022","11","25","22:00","1.3","","-1.0","","85","","","M","24","","11","","","","","M","","","","","NA"
"-112.10","51.05","FINNEGAN AGCM","3022650","2022-11-25 23:00","2022","11","25","23:00","1.6","","-1.7","","79","","","M","26","","5","","","","","M","","","","","NA"
"-112.10","51.05","FINNEGAN AGCM","3022650","2022-11-26 00:00","2022","11","26","00:00","0.9","","-1.2","","86","","","M","22","","17","","","","","M","","","","","NA"
"-112.10","51.05","FINNEGAN AGCM","3022650","2022-11-26 01:00","2022","11","26","01:00","-0.1","","-1.9","","88","","","M","21","","15","","","","","M","","","-5","","NA"
"-112.10","51.05","FINNEGAN AGCM","3022650","2022-11-26 02:00","2022","11","26","02:00","-1.9","","-3.3","","91","","","M","21","","17","","","","","M","","","-7","","NA"
"-112.10","51.05","FINNEGAN AGCM","3022650","2022-11-26 03:00","2022","11","26","03:00","-1.6","","-3.3","","88","","","M","24","","14","","","","","M","","","-6","","NA"
"-112.10","51.05","FINNEGAN AGCM","3022650","2022-11-26 04:00","2022","11","26","04:00","-1.9","","-3.2","","91","","","M","28","","7","","","","","M","","","-5","","NA"
"-112.10","51.05","FINNEGAN AGCM","3022650","2022-11-26 05:00","2022","11","26","05:00","-1.5","","-3.3","","88","","","M","17","","6","","","","","M","","","-4","","NA"
"-112.10","51.05","FINNEGAN AGCM","3022650","2022-11-26 06:00","2022","11","26","06:00","-1.9","","-3.5","","89","","","M","24","","16","","","","","M","","","-7","","NA"
"-112.10","51.05","FINNEGAN AGCM","3022650","2022-11-26 07:00","2022","11","26","07:00","-2.8","","-4.7","","87","","","M","23","","17","","","","","M","","","-8","","NA"
"-112.10","51.05","FINNEGAN AGCM","3022650","2022-11-26 08:00","2022","11","26","08:00","-3.9","","-6.0","","85","","","M","23","","15","","","","","M","","","-9","","NA"
"-112.10","51.05","FINNEGAN AGCM","3022650","2022-11-26 09:00","2022","11","26","09:00","-4.0","","-6.3","","84","","","M","23","","9","","","","","M","","","-8","","NA"
"-112.10","51.05","FINNEGAN AGCM","3022650","2022-11-26 10:00","2022","11","26","10:00","-1.6","","-4.9","","78","","","M","23","","21","","","","","M","","","-7","","NA"
"-112.10","51.05","FINNEGAN AGCM","3022650","2022-11-26 11:00","2022","11","26","11:00","0.4","","-3.0","","78","","","M","21","","20","","","","","M","","","","","NA"
"-112.10","51.05","FINNEGAN AGCM","3022650","2022-11-26 12:00","2022","11","26","12:00","2.0","","-1.7","","76","","","M","21","","15","","","","","M","","","","","NA"
"-112.10","51.05","FINNEGAN AGCM","3022650","2022-11-26 13:00","2022","11","26","13:00","3.0","","-1.3","","73","","","M","21","","8","","","","","M","","","","","NA"
"-112.10","51.05","FINNEGAN AGCM","3022650","2022-11-26 14:00","2022","11","26","14:00","3.4","","-1.5","","71","","","M","19","","6","","","","","M","","","","","NA"
"-112.10","51.05","FINNEGAN AGCM","3022650","2022-11-26 15:00","2022","11","26","15:00","2.0","","-1.7","","76","","","M","19","","10","","","","","M","","","","","NA"
"-112.10","51.05","FINNEGAN AGCM","3022650","2022-11-26 16:00","2022","11","26","16:00","0.9","","-2.0","","81","","","M","17","","8","","","","","M","","","","","NA"
"-112.10","51.05","FINNEGAN AGCM","3022650","2022-11-26 17:00","2022","11","26","17:00","-2.6","","-3.9","","91","","","M","18","","9","","","","","M","","","-6","","NA"
"-112.10","51.05","FINNEGAN AGCM","3022650","2022-11-26 18:00","2022","11","26","18:00","-3.5","","-5.0","","90","","","M","17","","8","","","","","M","","","-7","","NA"
"-112.10","51.05","FINNEGAN AGCM","3022650","2022-11-26 19:00","2022","11","26","19:00","-3.4","","-5.3","","87","","","M","18","","9","","","","","M","","","-7","","NA"
"-112.10","51.05","FINNEGAN AGCM","3022650","2022-11-26 20:00","2022","11","26","20:00","-3.0","","-5.5","","83","","","M","19","","16","","","","","M","","","-8","","NA"
"-112.10","51.05","FINNEGAN AGCM","3022650","2022-11-26 21:00","2022","11","26","21:00","-4.0","","-6.1","","85","","","M","22","","18","","","","","M","","","-10","","NA"
"-112.10","51.05","FINNEGAN AGCM","3022650","2022-11-26 22:00","2022","11","26","22:00","-4.1","","-6.0","","86","","","M","20","","11","","","","","M","","","-9","","NA"
"-112.10","51.05","FINNEGAN AGCM","3022650","2022-11-26 23:00","2022","11","26","23:00","-2.8","","-5.7","","80","","","M","23","","21","","","","","M","","","-9","","NA"
"-112.10","51.05","FINNEGAN AGCM","3022650","2022-11-27 00:00","2022","11","27","00:00","-3.0","","-5.5","","83","","","M","19","","8","","","","","M","","","-6","","NA"
"-112.10","51.05","FINNEGAN AGCM","3022650","2022-11-27 01:00","2022","11","27","01:00","-4.0","","-5.6","","89","","","M","18","","13","","","","","M","","","-9","","NA"
"-112.10","51.05","FINNEGAN AGCM","3022650","2022-11-27 02:00","2022","11","27","02:00","-3.7","","-5.9","","85","","","M","14","","10","","","","","M","","","-8","","NA"
"-112.10","51.05","FINNEGAN AGCM","3022650","2022-11-27 03:00","2022","11","27","03:00","-2.4","","-4.8","","84","","","M","21","","16","","","","","M","","","-8","","NA"
"-112.10","51.05","FINNEGAN AGCM","3022650","2022-11-27 04:00","2022","11","27","04:00","-2.3","","-5.5","","79","","","M","20","","11","","","","","M","","","-6","","NA"
"-112.10","51.05","FINNEGAN AGCM","3022650","2022-11-27 05:00","2022","11","27","05:00","-5.2","","-7.5","","84","","","M","20","","14","","","","","M","","","-11","","NA"
"-112.10","51.05","FINNEGAN AGCM","3022650","2022-11-27 06:00","2022","11","27","06:00","-3.1","","-6.1","","80","","","M","20","","18","","","","","M","","","-9","","NA"
"-112.10","51.05","FINNEGAN AGCM","3022650","2022-11-27 07:00","2022","11","27","07:00","-0.3","","-4.8","","72","","","M","22","","20","","","","","M","","","-6","","NA"
"-112.10","51.05","FINNEGAN AGCM","3022650","2022-11-27 08:00","2022","11","27","08:00","1.1","","-3.7","","70","","","M","22","","28","","","","","M","","","","","NA"
"-112.10","51.05","FINNEGAN AGCM","3022650","2022-11-27 09:00","2022","11","27","09:00","0.0","","-3.5","","77","","","M","30","","12","","","","","M","","","-4","","NA"
"-112.10","51.05","FINNEGAN AGCM","3022650","2022-11-27 10:00","2022","11","27","10:00","0.9","","-4.0","","70","","","M","25","","16","","","","","M","","","","","NA"
"-112.10","51.05","FINNEGAN AGCM","3022650","2022-11-27 11:00","2022","11","27","11:00","0.8","","-3.1","","75","","","M","30","","18","","","","","M","","","","","NA"
"-112.10","51.05","FINNEGAN AGCM","3022650","2022-11-27 12:00","2022","11","27","12:00","1.0","","-3.5","","72","","","M","31","","29","","","","","M","","","","","NA"
"-112.10","51.05","FINNEGAN AGCM","3022650","2022-11-27 13:00","2022","11","27","13:00","-0.2","","-2.7","","83","","","M","31","","35","","","","","M","","","-7","","NA"
"-112.10","51.05","FINNEGAN AGCM","3022650","2022-11-27 14:00","2022","11","27","14:00","-1.9","","-2.8","","94","","","M","30","","45","","","","","M","","","-10","","NA"
"-112.10","51.05","FINNEGAN AGCM","3022650","2022-11-27 15:00","2022","11","27","15:00","-2.3","","-4.7","","84","","","M","30","","42","","","","","M","","","-11","","NA"
"-112.10","51.05","FINNEGAN AGCM","3022650","2022-11-27 16:00","2022","11","27","16:00","-3.2","","-5.1","","87","","","M","30","","49","","","","","M","","","-12","","NA"
"-112.10","51.05","FINNEGAN AGCM","3022650","2022-11-27 17:00","2022","11","27","17:00","-2.5","","-6.9","","72","","","M","30","","43","","","","","M","","","-11","","NA"
"-112.10","51.05","FINNEGAN AGCM","3022650","2022-11-27 18:00","2022","11","27","18:00","-2.6","","-8.4","","64","","","M","30","","41","","","","","M","","","-11","","NA"
"-112.10","51.05","FINNEGAN AGCM","3022650","2022-11-27 19:00","2022","11","27","19:00","-3.4","","-8.4","","68","","","M","30","","44","","","","","M","","","-12","","NA"
"-112.10","51.05","FINNEGAN AGCM","3022650","2022-11-27 20:00","2022","11","27","20:00","-4.9","","-10.2","","66","","","M","30","","49","","","","","M","","","-15","","NA"
"-112.10","51.05","FINNEGAN AGCM","3022650","2022-11-27 21:00","2022","11","27","21:00","-5.7","","-10.9","","67","","","M","30","","46","","","","","M","","","-16","","NA"
"-112.10","51.05","FINNEGAN AGCM","3022650","2022-11-27 22:00","2022","11","27","22:00","-6.6","","-11.6","","68","","","M","30","","49","","","","","M","","","-17","","NA"
"-112.10","51.05","FINNEGAN AGCM","3022650","2022-11-27 23:00","2022","11","27","23:00","-7.3","","-12.1","","69","","","M","30","","50","","","","","M","","","-18","","NA"
"-112.10","51.05","FINNEGAN AGCM","3022650","2022-11-28 00:00","2022","11","28","00:00","-8.3","","-12.9","","69","","","M","30","","50","","","","","M","","","-19","","NA"
"-112.10","51.05","FINNEGAN AGCM","3022650","2022-11-28 01:00","2022","11","28","01:00","-8.6","","-12.9","","71","","","M","30","","51","","","","","M","","","-20","","NA"
"-112.10","51.05","FINNEGAN AGCM","3022650","2022-11-28 02:00","2022","11","28","02:00","-8.7","","-13.1","","71","","","M","30","","49","","","","","M","","","-20","","NA"
"-112.10","51.05","FINNEGAN AGCM","3022650","2022-11-28 03:00","2022","11","28","03:00","-9.4","","-14.0","","69","","","M","30","","46","","","","","M","","","-21","","NA"
"-112.10","51.05","FINNEGAN AGCM","3022650","2022-11-28 04:00","2022","11","28","04:00","-9.9","","-14.3","","70","","","M","30","","48","","","","","M","","","-21","","NA"
"-112.10","51.05","FINNEGAN AGCM","3022650","2022-11-28 05:00","2022","11","28","05:00","-10.2","","-14.6","","70","","","M","30","","46","","","","","M","","","-22","","NA"
"-112.10","51.05","FINNEGAN AGCM","3022650","2022-11-28 06:00","2022","11","28","06:00","-10.5","","-14.6","","72","","","M","30","","50","","","","","M","","","-22","","NA"
"-112.10","51.05","FINNEGAN AGCM","3022650","2022-11-28 07:00","2022","11","28","07:00","-10.8","","-14.9","","72","","","M","30","","45","","","","","M","","","-22","","NA"
"-112.10","51.05","FINNEGAN AGCM","3022650","2022-11-28 08:00","2022","11","28","08:00","-11.2","","-15.5","","71","","","M","30","","41","","","","","M","","","-22","","NA"
"-112.10","51.05","FINNEGAN AGCM","3022650","2022-11-28 09:00","2022","11","28","09:00","-11.5","","-15.5","","73","","","M","29","","37","","","","","M","","","-22","","NA"
"-112.10","51.05","FINNEGAN AGCM","3022650","2022-11-28 10:00","2022","11","28","10:00","-11.1","","-15.0","","73","","","M","29","","38","","","","","M","","","-22","","NA"
"-112.10","51.05","FINNEGAN AGCM","3022650","2022-11-28 11:00","2022","11","28","11:00","-10.8","","-14.5","","74","","","M","30","","43","","","","","M","","","-22","","NA"
"-112.10","51.05","FINNEGAN AGCM","3022650","2022-11-28 12:00","2022","11","28","12:00","-10.4","","-14.4","","73","","","M","30","","42","","","","","M","","","-22","","NA"
"-112.10","51.05","FINNEGAN AGCM","3022650","2022-11-28 13:00","2022","11","28","13:00","-10.3","","-13.9","","75","","","M","30","","38","","","","","M","","","-21","","NA"
"-112.10","51.05","FINNEGAN AGCM","3022650","2022-11-28 14:00","2022","11","28","14:00","-10.5","","-14.2","","74","","","M","30","","45","","","","","M","","","-22","","NA"
"-112.10","51.05","FINNEGAN AGCM","3022650","2022-11-28 15:00","2022","11","28","15:00","-10.6","","-14.2","","75","","","M","30","","36","","","","","M","","","-21","","NA"
"-112.10","51.05","FINNEGAN AGCM","3022650","2022-11-28 16:00","2022","11","28","16:00","-10.7","","-14.9","","71","","","M","30","","35","","","","","M","","","-21","","NA"
"-112.10","51.05","FINNEGAN AGCM","3022650","2022-11-28 17:00","2022","11","28","17:00","-10.9","","-15.1","","71","","","M","30","","40","","","","","M","","","-22","","NA"
"-112.10","51.05","FINNEGAN AGCM","3022650","2022-11-28 18:00","2022","11","28","18:00","-11.4","","-14.4","","79","","","M","30","","33","","","","","M","","","-22","","NA"
"-112.10","51.05","FINNEGAN AGCM","3022650","2022-11-28 19:00","2022","11","28","19:00","-11.8","","-14.5","","80","","","M","30","","34","","","","","M","","","-22","","NA"
"-112.10","51.05","FINNEGAN AGCM","3022650","2022-11-28 20:00","2022","11","28","20:00","-12.2","","-15.2","","78","","","M","30","","33","","","","","M","","","-23","","NA"
"-112.10","51.05","FINNEGAN AGCM","3022650","2022-11-28 21:00","2022","11","28","21:00","-12.4","","-15.6","","77","","","M","30","","32","","","","","M","","","-23","","NA"
"-112.10","51.05","FINNEGAN AGCM","3022650","2022-11-28 22:00","2022","11","28","22:00","-12.6","","-15.4","","80","","","M","31","","35","","","","","M","","","-24","","NA"
"-112.10","51.05","FINNEGAN AGCM","3022650","2022-11-28 23:00","2022","11","28","23:00","-12.4","","-15.6","","77","","","M","30","","31","","","","","M","","","-23","","NA"
"-112.10","51.05","FINNEGAN AGCM","3022650","2022-11-29 00:00","2022","11","29","00:00","-12.9","","-16.1","","77","","","M","31","","35","","","","","M","","","-24","","NA"
"-112.10","51.05","FINNEGAN AGCM","3022650","2022-11-29 01:00","2022","11","29","01:00","-13.5","","-16.9","","75","","","M","30","","32","","","","","M","","","-24","","NA"
"-112.10","51.05","FINNEGAN AGCM","3022650","2022-11-29 02:00","2022","11","29","02:00","-13.4","","-16.6","","77","","","M","30","","24","","","","","M","","","-23","","NA"
"-112.10","51.05","FINNEGAN AGCM","3022650","2022-11-29 03:00","2022","11","29","03:00","-13.4","","-16.9","","75","","","M","30","","35","","","","","M","","","-25","","NA"
"-112.10","51.05","FINNEGAN AGCM","3022650","2022-11-29 04:00","2022","11","29","04:00","-13.9","","-17.2","","76","","","M","30","","26","","","","","M","","","-24","","NA"
"-112.10","51.05","FINNEGAN AGCM","3022650","2022-11-29 05:00","2022","11","29","05:00","-14.2","","-17.7","","75","","","M","30","","30","","","","","M","","","-25","","NA"
"-112.10","51.05","FINNEGAN AGCM","3022650","2022-11-29 06:00","2022","11","29","06:00","-14.7","","-17.7","","78","","","M","30","","26","","","","","M","","","-25","","NA"
"-112.10","51.05","FINNEGAN AGCM","3022650","2022-11-29 07:00","2022","11","29","07:00","-15.3","","-18.4","","78","","","M","29","","21","","","","","M","","","-25","","NA"
"-112.10","51.05","FINNEGAN AGCM","3022650","2022-11-29 08:00","2022","11","29","08:00","-16.8","","-19.5","","80","","","M","27","","16","","","","","M","","","-25","","NA"
"-112.10","51.05","FINNEGAN AGCM","3022650","2022-11-29 09:00","2022","11","29","09:00","-17.0","","-19.9","","78","","","M","27","","17","","","","","M","","","-26","","NA"
"-112.10","51.05","FINNEGAN AGCM","3022650","2022-11-29 10:00","2022","11","29","10:00","-14.8","","-18.5","","73","","","M","30","","20","","","","","M","","","-24","","NA"
"-112.10","51.05","FINNEGAN AGCM","3022650","2022-11-29 11:00","2022","11","29","11:00","-13.9","","-18.2","","70","","","M","30","","19","","","","","M","","","-23","","NA"
"-112.10","51.05","FINNEGAN AGCM","3022650","2022-11-29 12:00","2022","11","29","12:00","-14.0","","-17.9","","72","","","M","30","","16","","","","","M","","","-22","","NA"
"-112.10","51.05","FINNEGAN AGCM","3022650","2022-11-29 13:00","2022","11","29","13:00","-13.8","","-17.9","","72","","","M","31","","16","","","","","M","","","-22","","NA"
"-112.10","51.05","FINNEGAN AGCM","3022650","2022-11-29 14:00","2022","11","29","14:00","-14.0","","-17.9","","72","","","M","30","","13","","","","","M","","","-21","","NA"
"-112.10","51.05","FINNEGAN AGCM","3022650","2022-11-29 15:00","2022","11","29","15:00","-14.5","","-18.5","","72","","","M","31","","11","","","","","M","","","-21","","NA"
"-112.10","51.05","FINNEGAN AGCM","3022650","2022-11-29 16:00","2022","11","29","16:00","-16.4","","-19.6","","76","","","M","30","","7","","","","","M","","","-21","","NA"
"-112.10","51.05","FINNEGAN AGCM","3022650","2022-11-29 17:00","2022","11","29","17:00","-19.1","","-21.7","","80","","","M","31","","8","","","","","M","","","-25","","NA"
"-112.10","51.05","FINNEGAN AGCM","3022650","2022-11-29 18:00","2022","11","29","18:00","-19.5","","-21.8","","82","","","M","28","","6","","","","","M","","","-24","","NA"
"-112.10","51.05","FINNEGAN AGCM","3022650","2022-11-29 19:00","2022","11","29","19:00","-20.2","","-22.4","","83","","","M","28","","9","","","","","M","","","-27","","NA"
"-112.10","51.05","FINNEGAN AGCM","3022650","2022-11-29 20:00","2022","11","29","20:00","-19.8","","-21.9","","83","","","M","28","","12","","","","","M","","","-28","","NA"
"-112.10","51.05","FINNEGAN AGCM","3022650","2022-11-29 21:00","2022","11","29","21:00","-19.5","","-21.8","","82","","","M","30","","8","","","","","M","","","-26","","NA"
"-112.10","51.05","FINNEGAN AGCM","3022650","2022-11-29 22:00","2022","11","29","22:00","-19.8","","-22.1","","82","","","M","33","","7","","","","","M","","","-25","","NA"
"-112.10","51.05","FINNEGAN AGCM","3022650","2022-11-29 23:00","2022","11","29","23:00","-20.1","","-22.2","","83","","","M","32","","7","","","","","M","","","-26","","NA"
"-112.10","51.05","FINNEGAN AGCM","3022650","2022-11-30 00:00","2022","11","30","00:00","-20.4","","-22.5","","83","","","M","35","","6","","","","","M","","","-25","","NA"
"-112.10","51.05","FINNEGAN AGCM","3022650","2022-11-30 01:00","2022","11","30","01:00","-21.7","","-24.0","","82","","","M","35","","8","","","","","M","","","-28","","NA"
"-112.10","51.05","FINNEGAN AGCM","3022650","2022-11-30 02:00","2022","11","30","02:00","-21.8","","-24.0","","82","","","M","1","","5","","","","","M","","","-26","","NA"
"-112.10","51.05","FINNEGAN AGCM","3022650","2022-11-30 03:00","2022","11","30","03:00","-21.7","","-24.0","","82","","","M","2","","3","","","","","M","","","-24","","NA"
"-112.10","51.05","FINNEGAN AGCM","3022650","2022-11-30 04:00","2022","11","30","04:00","-21.4","","-23.6","","83","","","M","35","","4","","","","","M","","","-25","","NA"
"-112.10","51.05","FINNEGAN AGCM","3022650","2022-11-30 05:00","2022","11","30","05:00","-21.0","","-23.2","","83","","","M","2","","5","","","","","M","","","-25","","NA"
"-112.10","51.05","FINNEGAN AGCM","3022650","2022-11-30 06:00","2022","11","30","06:00","-20.6","","-22.8","","83","","","M","1","","4","","","","","M","","","-24","","NA"
"-112.10","51.05","FINNEGAN AGCM","3022650","2022-11-30 07:00","2022","11","30","07:00","-20.0","","-22.1","","84","","","M","7","","10","","","","","M","","","-27","","NA"
"-112.10","51.05","FINNEGAN AGCM","3022650","2022-11-30 08:00","2022","11","30","08:00","-19.4","","-21.4","","84","","","M","7","","13","","","","","M","","","-28","","NA"
"-112.10","51.05","FINNEGAN AGCM","3022650","2022-11-30 09:00","2022","11","30","09:00","-18.0","","-19.9","","85","","","M","7","","20","","","","","M","","","-28","","NA"
"-112.10","51.05","FINNEGAN AGCM","3022650","2022-11-30 10:00","2022","11","30","10:00","-17.7","","-19.6","","85","","","M","7","","19","","","","","M","","","-27","","NA"
"-112.10","51.05","FINNEGAN AGCM","3022650","2022-11-30 11:00","2022","11","30","11:00","-16.4","","-18.3","","86","","","M","7","","18","","","","","M","","","-25","","NA"
"-112.10","51.05","FINNEGAN AGCM","3022650","2022-11-30 12:00","2022","11","30","12:00","-15.9","","-17.8","","86","","","M","7","","20","","","","","M","","","-25","","NA"
"-112.10","51.05","FINNEGAN AGCM","3022650","2022-11-30 13:00","2022","11","30","13:00","-15.2","","-17.0","","86","","","M","6","","22","","","","","M","","","-25","","NA"
"-112.10","51.05","FINNEGAN AGCM","3022650","2022-11-30 14:00","2022","11","30","14:00","-15.1","","-16.9","","86","","","M","6","","25","","","","","M","","","-25","","NA"
"-112.10","51.05","FINNEGAN AGCM","3022650","2022-11-30 15:00","2022","11","30","15:00","-14.9","","-16.8","","86","","","M","7","","20","","","","","M","","","-24","","NA"
"-112.10","51.05","FINNEGAN AGCM","3022650","2022-11-30 16:00","2022","11","30","16:00","-14.7","","-16.5","","86","","","M","6","","16","","","","","M","","","-23","","NA"
"-112.10","51.05","FINNEGAN AGCM","3022650","2022-11-30 17:00","2022","11","30","17:00","-14.5","","-16.2","","87","","","M","1","","10","","","","","M","","","-21","","NA"
"-112.10","51.05","FINNEGAN AGCM","3022650","2022-11-30 18:00","2022","11","30","18:00","-14.4","","-16.0","","87","","","M","34","","9","","","","","M","","","-20","","NA"
"-112.10","51.05","FINNEGAN AGCM","3022650","2022-11-30 19:00","2022","11","30","19:00","-14.6","","-16.3","","87","","","M","35","","13","","","","","M","","","-22","","NA"
"-112.10","51.05","FINNEGAN AGCM","3022650","2022-11-30 20:00","2022","11","30","20:00","-14.7","","-16.5","","86","","","M","36","","14","","","","","M","","","-22","","NA"
"-112.10","51.05","FINNEGAN AGCM","3022650","2022-11-30 21:00","2022","11","30","21:00","-15.2","","-17.1","","85","","","M","35","","15","","","","","M","","","-23","","NA"
"-112.10","51.05","FINNEGAN AGCM","3022650","2022-11-30 22:00","2022","11","30","22:00","-16.0","","-18.2","","83","","","M","33","","22","","","","","M","","","-26","","NA"
"-112.10","51.05","FINNEGAN AGCM","3022650","2022-11-30 23:00","2022","11","30","23:00","-17.4","","-19.9","","81","","","M","33","","18","","","","","M","","","-27","","NA"
