"Longitude (x)","Latitude (y)","Station Name","Climate ID","Date/Time (LST)","Year","Month","Day","Time (LST)","Temp (°C)","Temp Flag","Dew Point Temp (°C)","Dew Point Temp Flag","Rel Hum (%)","Rel Hum Flag","Precip. Amount (mm)","Precip. Amount Flag","Wind Dir (10s deg)","Wind Dir Flag","Wind Spd (km/h)","Wind Spd Flag","Visibility (km)","Visibility Flag","Stn Press (kPa)","Stn Press Flag","Hmdx","Hmdx Flag","Wind Chill","Wind Chill Flag","Weather"
"-139.04","61.37","BURWASH A","2100181","2019-06-01 00:00","2019","06","01","00:00","8.3","","4.2","","75","","0.0","","24","","5","","16.1","","91.40","","","","","","NA"
"-139.04","61.37","BURWASH A","2100181","2019-06-01 01:00","2019","06","01","01:00","6.4","","3.3","","81","","0.0","","","","0","","16.1","","91.42","","","","","","NA"
"-139.04","61.37","BURWASH A","2100181","2019-06-01 02:00","2019","06","01","02:00","6.6","","3.4","","80","","0.0","","17","","9","","16.1","","91.44","","","","","","NA"
"-139.04","61.37","BURWASH A","2100181","2019-06-01 03:00","2019","06","01","03:00","5.6","","1.9","","77","","0.0","","12","","9","","16.1","","91.46","","","","","","NA"
"-139.04","61.37","BURWASH A","2100181","2019-06-01 04:00","2019","06","01","04:00","6.9","","1.4","","68","","0.0","","12","","11","","16.1","","91.47","","","","","","NA"
"-139.04","61.37","BURWASH A","2100181","2019-06-01 05:00","2019","06","01","05:00","7.3","","0.7","","63","","0.0","","13","","17","","16.1","","91.46","","","","","","NA"
"-139.04","61.37","BURWASH A","2100181","2019-06-01 06:00","2019","06","01","06:00","7.8","","0.8","","61","","0.0","","12","","13","","16.1","","91.46","","","","","","NA"
"-139.04","61.37","BURWASH A","2100181","2019-06-01 07:00","2019","06","01","07:00","8.2","","0.9","","60","","0.0","","13","","18","","16.1","","91.48","","","","","","NA"
"-139.04","61.37","BURWASH A","2100181","2019-06-01 08:00","2019","06","01","08:00","8.8","","0.5","","56","","0.0","","13","","22","","16.1","","91.47","","","","","","NA"
"-139.04","61.37","BURWASH A","2100181","2019-06-01 09:00","2019","06","01","09:00","10.5","","0.4","","50","","0.0","","13","","18","","16.1","","91.44","","","","","","NA"
"-139.04","61.37","BURWASH A","2100181","2019-06-01 10:00","2019","06","01","10:00","11.7","","0.2","","45","","0.0","","9","","18","","16.1","","91.42","","","","","","NA"
"-139.04","61.37","BURWASH A","2100181","2019-06-01 11:00","2019","06","01","11:00","13.2","","1.3","","44","","0.0","","11","","17","","16.1","","91.40","","","","","","NA"
"-139.04","61.37","BURWASH A","2100181","2019-06-01 12:00","2019","06","01","12:00","13.7","","-1.0","","36","","0.0","","10","","11","","16.1","","91.36","","","","","","NA"
"-139.04","61.37","BURWASH A","2100181","2019-06-01 13:00","2019","06","01","13:00","14.4","","-1.2","","34","","0.0","","","M","9","","16.1","","91.36","","","","","","NA"
"-139.04","61.37","BURWASH A","2100181","2019-06-01 14:00","2019","06","01","14:00","15.4","","-0.5","","34","","0.0","","30","","8","","16.1","","91.33","","","","","","NA"
"-139.04","61.37","BURWASH A","2100181","2019-06-01 15:00","2019","06","01","15:00","15.3","","-1.0","","33","","0.0","","","M","9","","16.1","","91.34","","","","","","Rain"
"-139.04","61.37","BURWASH A","2100181","2019-06-01 16:00","2019","06","01","16:00","12.7","","1.8","","47","","0.0","","36","","15","","16.1","","91.38","","","","","","Rain"
"-139.04","61.37","BURWASH A","2100181","2019-06-01 17:00","2019","06","01","17:00","11.8","","3.6","","57","","0.0","","20","","8","","16.1","","91.46","","","","","","NA"
"-139.04","61.37","BURWASH A","2100181","2019-06-01 18:00","2019","06","01","18:00","9.6","","5.1","","73","","0.5","","15","","9","","16.1","","91.45","","","","","","NA"
"-139.04","61.37","BURWASH A","2100181","2019-06-01 19:00","2019","06","01","19:00","10.6","","3.8","","62","","0.0","","5","","13","","16.1","","91.50","","","","","","NA"
"-139.04","61.37","BURWASH A","2100181","2019-06-01 20:00","2019","06","01","20:00","9.5","","6.3","","80","","0.0","","18","","9","","16.1","","91.58","","","","","","Rain"
"-139.04","61.37","BURWASH A","2100181","2019-06-01 21:00","2019","06","01","21:00","8.5","","5.2","","80","","0.5","","","","0","","11.3","","91.62","","","","","","NA"
"-139.04","61.37","BURWASH A","2100181","2019-06-01 22:00","2019","06","01","22:00","7.3","","5.7","","90","","2.5","","12","","5","","16.1","","91.63","","","","","","Rain"
"-139.04","61.37","BURWASH A","2100181","2019-06-01 23:00","2019","06","01","23:00","7.1","","5.9","","92","","1.0","","11","","5","","16.1","","91.65","","","","","","Rain"
"-139.04","61.37","BURWASH A","2100181","2019-06-02 00:00","2019","06","02","00:00","6.5","","5.5","","93","","0.2","","9","","8","","16.1","","91.67","","","","","","Rain"
"-139.04","61.37","BURWASH A","2100181","2019-06-02 01:00","2019","06","02","01:00","5.8","","5.4","","97","","1.8","","9","","5","","16.1","","91.68","","","","","","NA"
"-139.04","61.37","BURWASH A","2100181","2019-06-02 02:00","2019","06","02","02:00","5.1","","4.7","","97","","0.0","","9","","5","","16.1","","91.70","","","","","","NA"
"-139.04","61.37","BURWASH A","2100181","2019-06-02 03:00","2019","06","02","03:00","3.6","","2.9","","95","","0.0","","","M","4","","16.1","","91.70","","","","","","NA"
"-139.04","61.37","BURWASH A","2100181","2019-06-02 04:00","2019","06","02","04:00","3.3","","2.4","","94","","0.0","","","M","4","","16.1","","91.69","","","","","","NA"
"-139.04","61.37","BURWASH A","2100181","2019-06-02 05:00","2019","06","02","05:00","2.1","","1.7","","97","","0.0","","","M","4","","16.1","","91.68","","","","","","NA"
"-139.04","61.37","BURWASH A","2100181","2019-06-02 06:00","2019","06","02","06:00","3.3","","2.4","","94","","0.0","","","","0","","16.1","","91.66","","","","","","NA"
"-139.04","61.37","BURWASH A","2100181","2019-06-02 07:00","2019","06","02","07:00","4.7","","3.4","","91","","0.0","","","M","4","","16.1","","91.66","","","","","","NA"
"-139.04","61.37","BURWASH A","2100181","2019-06-02 08:00","2019","06","02","08:00","5.6","","2.8","","82","","0.0","","","","0","","16.1","","91.65","","","","","","NA"
"-139.04","61.37","BURWASH A","2100181","2019-06-02 09:00","2019","06","02","09:00","6.4","","4.1","","85","","0.0","","30","","5","","16.1","","91.65","","","","","","NA"
"-139.04","61.37","BURWASH A","2100181","2019-06-02 10:00","2019","06","02","10:00","6.6","","4.0","","83","","0.0","","32","","9","","16.1","","91.67","","","","","","Rain"
"-139.04","61.37","BURWASH A","2100181","2019-06-02 11:00","2019","06","02","11:00","7.5","","4.0","","79","","0.0","","30","","9","","16.1","","91.61","","","","","","NA"
"-139.04","61.37","BURWASH A","2100181","2019-06-02 12:00","2019","06","02","12:00","9.3","","4.6","","72","","0.0","","30","","11","","16.1","","91.55","","","","","","NA"
"-139.04","61.37","BURWASH A","2100181","2019-06-02 13:00","2019","06","02","13:00","10.7","","3.2","","60","","0.0","","29","","15","","16.1","","91.52","","","","","","NA"
"-139.04","61.37","BURWASH A","2100181","2019-06-02 14:00","2019","06","02","14:00","9.0","","3.6","","69","","0.0","","32","","18","","16.1","","91.53","","","","","","NA"
"-139.04","61.37","BURWASH A","2100181","2019-06-02 15:00","2019","06","02","15:00","10.6","","3.9","","63","","0.0","","31","","22","","16.1","","91.49","","","","","","NA"
"-139.04","61.37","BURWASH A","2100181","2019-06-02 16:00","2019","06","02","16:00","11.3","","4.0","","60","","0.0","","33","","18","","16.1","","91.43","","","","","","NA"
"-139.04","61.37","BURWASH A","2100181","2019-06-02 17:00","2019","06","02","17:00","11.7","","2.2","","52","","0.0","","31","","21","","16.1","","91.40","","","","","","NA"
"-139.04","61.37","BURWASH A","2100181","2019-06-02 18:00","2019","06","02","18:00","12.1","","2.5","","52","","0.0","","32","","22","","16.1","","91.37","","","","","","NA"
"-139.04","61.37","BURWASH A","2100181","2019-06-02 19:00","2019","06","02","19:00","11.2","","3.1","","57","","0.0","","32","","21","","16.1","","91.37","","","","","","NA"
"-139.04","61.37","BURWASH A","2100181","2019-06-02 20:00","2019","06","02","20:00","10.9","","3.1","","58","","0.0","","31","","17","","16.1","","91.36","","","","","","NA"
"-139.04","61.37","BURWASH A","2100181","2019-06-02 21:00","2019","06","02","21:00","10.0","","2.6","","60","","0.0","","31","","22","","16.1","","91.37","","","","","","NA"
"-139.04","61.37","BURWASH A","2100181","2019-06-02 22:00","2019","06","02","22:00","9.1","","3.5","","68","","0.0","","32","","15","","16.1","","91.40","","","","","","NA"
"-139.04","61.37","BURWASH A","2100181","2019-06-02 23:00","2019","06","02","23:00","6.8","","4.7","","86","","0.2","","32","","15","","16.1","","91.46","","","","","","Rain"
"-139.04","61.37","BURWASH A","2100181","2019-06-03 00:00","2019","06","03","00:00","6.7","","5.3","","91","","0.2","","28","","13","","16.1","","91.46","","","","","","Rain"
"-139.04","61.37","BURWASH A","2100181","2019-06-03 01:00","2019","06","03","01:00","5.3","","4.4","","94","","0.0","","28","","9","","16.1","","91.46","","","","","","NA"
"-139.04","61.37","BURWASH A","2100181","2019-06-03 02:00","2019","06","03","02:00","6.2","","4.7","","90","","0.0","","27","","15","","16.1","","91.47","","","","","","NA"
"-139.04","61.37","BURWASH A","2100181","2019-06-03 03:00","2019","06","03","03:00","6.2","","4.0","","86","","0.0","","30","","11","","16.1","","91.47","","","","","","NA"
"-139.04","61.37","BURWASH A","2100181","2019-06-03 04:00","2019","06","03","04:00","5.4","","3.9","","90","","0.0","","29","","11","","16.1","","91.49","","","","","","NA"
"-139.04","61.37","BURWASH A","2100181","2019-06-03 05:00","2019","06","03","05:00","5.9","","3.6","","85","","0.0","","28","","13","","16.1","","91.50","","","","","","NA"
"-139.04","61.37","BURWASH A","2100181","2019-06-03 06:00","2019","06","03","06:00","6.7","","3.5","","80","","0.0","","31","","13","","16.1","","91.51","","","","","","NA"
"-139.04","61.37","BURWASH A","2100181","2019-06-03 07:00","2019","06","03","07:00","7.8","","4.3","","78","","0.0","","30","","17","","16.1","","91.53","","","","","","NA"
"-139.04","61.37","BURWASH A","2100181","2019-06-03 08:00","2019","06","03","08:00","9.5","","4.2","","69","","0.0","","30","","21","","16.1","","91.53","","","","","","NA"
"-139.04","61.37","BURWASH A","2100181","2019-06-03 09:00","2019","06","03","09:00","10.6","","3.5","","61","","0.0","","36","","9","","16.1","","91.52","","","","","","NA"
"-139.04","61.37","BURWASH A","2100181","2019-06-03 10:00","2019","06","03","10:00","11.2","","3.8","","60","","0.0","","31","","21","","16.1","","91.52","","","","","","NA"
"-139.04","61.37","BURWASH A","2100181","2019-06-03 11:00","2019","06","03","11:00","12.6","","1.7","","47","","0.0","","31","","24","","16.1","","91.51","","","","","","NA"
"-139.04","61.37","BURWASH A","2100181","2019-06-03 12:00","2019","06","03","12:00","12.5","","0.0","","42","","0.0","","32","","17","","16.1","","91.50","","","","","","NA"
"-139.04","61.37","BURWASH A","2100181","2019-06-03 13:00","2019","06","03","13:00","12.8","","-0.3","","40","","0.0","","34","","15","","16.1","","91.49","","","","","","NA"
"-139.04","61.37","BURWASH A","2100181","2019-06-03 14:00","2019","06","03","14:00","12.6","","0.5","","43","","0.0","","32","","9","","16.1","","91.51","","","","","","NA"
"-139.04","61.37","BURWASH A","2100181","2019-06-03 15:00","2019","06","03","15:00","14.3","","0.0","","37","","0.0","","30","","15","","16.1","","91.50","","","","","","NA"
"-139.04","61.37","BURWASH A","2100181","2019-06-03 16:00","2019","06","03","16:00","13.4","","0.3","","40","","0.0","","6","","13","","16.1","","91.49","","","","","","NA"
"-139.04","61.37","BURWASH A","2100181","2019-06-03 17:00","2019","06","03","17:00","14.2","","0.2","","38","","0.0","","","M","9","","16.1","","91.49","","","","","","NA"
"-139.04","61.37","BURWASH A","2100181","2019-06-03 18:00","2019","06","03","18:00","13.5","","0.2","","40","","0.0","","23","","9","","16.1","","91.48","","","","","","NA"
"-139.04","61.37","BURWASH A","2100181","2019-06-03 19:00","2019","06","03","19:00","13.5","","-0.4","","38","","0.0","","30","","9","","16.1","","91.49","","","","","","NA"
"-139.04","61.37","BURWASH A","2100181","2019-06-03 20:00","2019","06","03","20:00","13.7","","1.0","","42","","0.0","","25","","21","","16.1","","91.51","","","","","","NA"
"-139.04","61.37","BURWASH A","2100181","2019-06-03 21:00","2019","06","03","21:00","11.8","","1.2","","48","","0.0","","27","","17","","16.1","","91.55","","","","","","NA"
"-139.04","61.37","BURWASH A","2100181","2019-06-03 22:00","2019","06","03","22:00","10.6","","1.5","","53","","0.0","","28","","13","","16.1","","91.58","","","","","","Rain"
"-139.04","61.37","BURWASH A","2100181","2019-06-03 23:00","2019","06","03","23:00","10.0","","1.4","","55","","0.0","","30","","5","","16.1","","91.61","","","","","","NA"
"-139.04","61.37","BURWASH A","2100181","2019-06-04 00:00","2019","06","04","00:00","8.8","","1.6","","61","","0.0","","30","","8","","16.1","","91.65","","","","","","NA"
"-139.04","61.37","BURWASH A","2100181","2019-06-04 01:00","2019","06","04","01:00","8.8","","1.7","","61","","0.0","","27","","15","","16.1","","91.68","","","","","","NA"
"-139.04","61.37","BURWASH A","2100181","2019-06-04 02:00","2019","06","04","02:00","8.7","","2.1","","63","","0.0","","29","","13","","16.1","","91.72","","","","","","NA"
"-139.04","61.37","BURWASH A","2100181","2019-06-04 03:00","2019","06","04","03:00","8.3","","2.5","","67","","0.0","","27","","11","","16.1","","91.75","","","","","","NA"
"-139.04","61.37","BURWASH A","2100181","2019-06-04 04:00","2019","06","04","04:00","8.0","","2.7","","69","","0.0","","27","","11","","16.1","","91.78","","","","","","NA"
"-139.04","61.37","BURWASH A","2100181","2019-06-04 05:00","2019","06","04","05:00","7.7","","2.8","","71","","0.0","","28","","8","","16.1","","91.81","","","","","","NA"
"-139.04","61.37","BURWASH A","2100181","2019-06-04 06:00","2019","06","04","06:00","7.7","","3.0","","72","","0.0","","28","","9","","16.1","","91.83","","","","","","NA"
"-139.04","61.37","BURWASH A","2100181","2019-06-04 07:00","2019","06","04","07:00","8.8","","3.3","","68","","0.0","","27","","11","","16.1","","91.86","","","","","","NA"
"-139.04","61.37","BURWASH A","2100181","2019-06-04 08:00","2019","06","04","08:00","9.9","","2.5","","60","","0.0","","30","","17","","16.1","","91.86","","","","","","NA"
"-139.04","61.37","BURWASH A","2100181","2019-06-04 09:00","2019","06","04","09:00","12.1","","2.2","","51","","0.0","","31","","15","","16.1","","91.86","","","","","","NA"
"-139.04","61.37","BURWASH A","2100181","2019-06-04 10:00","2019","06","04","10:00","12.5","","1.7","","48","","0.0","","30","","17","","16.1","","91.87","","","","","","NA"
"-139.04","61.37","BURWASH A","2100181","2019-06-04 11:00","2019","06","04","11:00","14.0","","1.6","","43","","0.0","","31","","17","","16.1","","91.85","","","","","","NA"
"-139.04","61.37","BURWASH A","2100181","2019-06-04 12:00","2019","06","04","12:00","15.1","","1.4","","39","","0.0","","29","","17","","16.1","","91.85","","","","","","NA"
"-139.04","61.37","BURWASH A","2100181","2019-06-04 13:00","2019","06","04","13:00","14.9","","0.5","","37","","0.0","","","M","5","","16.1","","91.84","","","","","","NA"
"-139.04","61.37","BURWASH A","2100181","2019-06-04 14:00","2019","06","04","14:00","11.9","","2.9","","54","","0.0","","25","","24","","16.1","","91.88","","","","","","Rain"
"-139.04","61.37","BURWASH A","2100181","2019-06-04 15:00","2019","06","04","15:00","13.2","","2.2","","47","","0.0","","25","","13","","16.1","","91.90","","","","","","NA"
"-139.04","61.37","BURWASH A","2100181","2019-06-04 16:00","2019","06","04","16:00","14.6","","1.3","","40","","0.0","","32","","9","","16.1","","91.90","","","","","","NA"
"-139.04","61.37","BURWASH A","2100181","2019-06-04 17:00","2019","06","04","17:00","14.2","","0.9","","40","","0.0","","","M","4","","16.1","","91.89","","","","","","NA"
"-139.04","61.37","BURWASH A","2100181","2019-06-04 18:00","2019","06","04","18:00","12.3","","3.1","","53","","0.0","","31","","13","","16.1","","91.95","","","","","","NA"
"-139.04","61.37","BURWASH A","2100181","2019-06-04 19:00","2019","06","04","19:00","10.9","","5.1","","67","","0.0","","12","","13","","16.1","","91.99","","","","","","Rain"
"-139.04","61.37","BURWASH A","2100181","2019-06-04 20:00","2019","06","04","20:00","9.6","","4.8","","72","","0.0","","9","","9","","16.1","","92.09","","","","","","Rain"
"-139.04","61.37","BURWASH A","2100181","2019-06-04 21:00","2019","06","04","21:00","8.7","","6.3","","85","","0.5","","26","","11","","16.1","","92.08","","","","","","Rain"
"-139.04","61.37","BURWASH A","2100181","2019-06-04 22:00","2019","06","04","22:00","8.1","","5.4","","83","","0.5","","","M","4","","16.1","","92.11","","","","","","Rain"
"-139.04","61.37","BURWASH A","2100181","2019-06-04 23:00","2019","06","04","23:00","8.1","","4.1","","76","","0.0","","24","","8","","16.1","","92.13","","","","","","NA"
"-139.04","61.37","BURWASH A","2100181","2019-06-05 00:00","2019","06","05","00:00","7.8","","4.1","","77","","0.0","","26","","15","","16.1","","92.14","","","","","","Rain"
"-139.04","61.37","BURWASH A","2100181","2019-06-05 01:00","2019","06","05","01:00","5.8","","4.4","","91","","0.0","","28","","5","","16.1","","92.15","","","","","","NA"
"-139.04","61.37","BURWASH A","2100181","2019-06-05 02:00","2019","06","05","02:00","4.8","","4.1","","95","","0.0","","","","0","","16.1","","92.16","","","","","","NA"
"-139.04","61.37","BURWASH A","2100181","2019-06-05 03:00","2019","06","05","03:00","2.0","","1.4","","96","","0.0","","","M","4","","16.1","","92.16","","","","","","NA"
"-139.04","61.37","BURWASH A","2100181","2019-06-05 04:00","2019","06","05","04:00","1.6","","1.3","","98","","0.0","","30","","4","","16.1","","92.17","","","","","","NA"
"-139.04","61.37","BURWASH A","2100181","2019-06-05 05:00","2019","06","05","05:00","3.2","","2.6","","96","","0.0","","","","0","","16.1","","92.17","","","","","","NA"
"-139.04","61.37","BURWASH A","2100181","2019-06-05 06:00","2019","06","05","06:00","4.7","","3.4","","91","","0.0","","","M","4","","16.1","","92.17","","","","","","NA"
"-139.04","61.37","BURWASH A","2100181","2019-06-05 07:00","2019","06","05","07:00","7.0","","4.7","","85","","0.0","","31","","8","","16.1","","92.17","","","","","","NA"
"-139.04","61.37","BURWASH A","2100181","2019-06-05 08:00","2019","06","05","08:00","8.0","","4.3","","78","","0.0","","28","","9","","16.1","","92.19","","","","","","NA"
"-139.04","61.37","BURWASH A","2100181","2019-06-05 09:00","2019","06","05","09:00","8.4","","4.8","","78","","0.0","","29","","13","","16.1","","92.19","","","","","","NA"
"-139.04","61.37","BURWASH A","2100181","2019-06-05 10:00","2019","06","05","10:00","9.8","","4.0","","67","","0.0","","36","","13","","16.1","","92.19","","","","","","NA"
"-139.04","61.37","BURWASH A","2100181","2019-06-05 11:00","2019","06","05","11:00","11.4","","2.8","","55","","0.0","","30","","15","","16.1","","92.16","","","","","","NA"
"-139.04","61.37","BURWASH A","2100181","2019-06-05 12:00","2019","06","05","12:00","11.7","","2.2","","52","","0.0","","32","","21","","16.1","","92.13","","","","","","NA"
"-139.04","61.37","BURWASH A","2100181","2019-06-05 13:00","2019","06","05","13:00","12.8","","1.5","","46","","0.0","","30","","8","","16.1","","92.09","","","","","","NA"
"-139.04","61.37","BURWASH A","2100181","2019-06-05 14:00","2019","06","05","14:00","11.6","","3.1","","56","","0.0","","","M","4","","16.1","","92.08","","","","","","NA"
"-139.04","61.37","BURWASH A","2100181","2019-06-05 15:00","2019","06","05","15:00","13.2","","0.9","","43","","0.0","","31","","11","","16.1","","92.04","","","","","","NA"
"-139.04","61.37","BURWASH A","2100181","2019-06-05 16:00","2019","06","05","16:00","14.0","","1.4","","42","","0.0","","22","","17","","16.1","","92.01","","","","","","NA"
"-139.04","61.37","BURWASH A","2100181","2019-06-05 17:00","2019","06","05","17:00","12.5","","0.6","","44","","0.0","","10","","8","","16.1","","91.97","","","","","","NA"
"-139.04","61.37","BURWASH A","2100181","2019-06-05 18:00","2019","06","05","18:00","12.9","","2.3","","48","","0.0","","19","","9","","16.1","","91.97","","","","","","NA"
"-139.04","61.37","BURWASH A","2100181","2019-06-05 19:00","2019","06","05","19:00","11.5","","1.6","","51","","0.0","","25","","15","","16.1","","91.98","","","","","","NA"
"-139.04","61.37","BURWASH A","2100181","2019-06-05 20:00","2019","06","05","20:00","13.3","","-0.2","","39","","0.0","","","M","4","","16.1","","91.95","","","","","","NA"
"-139.04","61.37","BURWASH A","2100181","2019-06-05 21:00","2019","06","05","21:00","13.0","","-1.7","","36","","0.0","","32","","15","","16.1","","91.97","","","","","","NA"
"-139.04","61.37","BURWASH A","2100181","2019-06-05 22:00","2019","06","05","22:00","10.9","","1.9","","54","","0.0","","15","","8","","16.1","","92.02","","","","","","NA"
"-139.04","61.37","BURWASH A","2100181","2019-06-05 23:00","2019","06","05","23:00","10.0","","0.6","","52","","0.2","","30","","11","","16.1","","92.05","","","","","","NA"
"-139.04","61.37","BURWASH A","2100181","2019-06-06 00:00","2019","06","06","00:00","9.4","","1.1","","56","","0.0","","26","","11","","16.1","","92.06","","","","","","NA"
"-139.04","61.37","BURWASH A","2100181","2019-06-06 01:00","2019","06","06","01:00","8.2","","1.8","","64","","0.0","","30","","17","","16.1","","92.09","","","","","","NA"
"-139.04","61.37","BURWASH A","2100181","2019-06-06 02:00","2019","06","06","02:00","7.7","","1.8","","66","","0.0","","29","","15","","16.1","","92.09","","","","","","NA"
"-139.04","61.37","BURWASH A","2100181","2019-06-06 03:00","2019","06","06","03:00","8.4","","1.2","","60","","0.0","","28","","13","","16.1","","92.10","","","","","","NA"
"-139.04","61.37","BURWASH A","2100181","2019-06-06 04:00","2019","06","06","04:00","7.8","","1.2","","63","","0.0","","27","","11","","16.1","","92.11","","","","","","NA"
"-139.04","61.37","BURWASH A","2100181","2019-06-06 05:00","2019","06","06","05:00","7.8","","2.3","","68","","0.2","","25","","9","","16.1","","92.11","","","","","","Rain"
"-139.04","61.37","BURWASH A","2100181","2019-06-06 06:00","2019","06","06","06:00","7.1","","2.8","","74","","0.0","","30","","9","","16.1","","92.11","","","","","","NA"
"-139.04","61.37","BURWASH A","2100181","2019-06-06 07:00","2019","06","06","07:00","7.5","","3.5","","76","","0.0","","","","0","","16.1","","92.11","","","","","","NA"
"-139.04","61.37","BURWASH A","2100181","2019-06-06 08:00","2019","06","06","08:00","9.5","","2.7","","62","","0.0","","31","","9","","16.1","","92.12","","","","","","NA"
"-139.04","61.37","BURWASH A","2100181","2019-06-06 09:00","2019","06","06","09:00","11.3","","2.2","","53","","0.0","","27","","8","","16.1","","92.11","","","","","","NA"
"-139.04","61.37","BURWASH A","2100181","2019-06-06 10:00","2019","06","06","10:00","13.6","","-1.3","","36","","0.0","","34","","11","","16.1","","92.08","","","","","","NA"
"-139.04","61.37","BURWASH A","2100181","2019-06-06 11:00","2019","06","06","11:00","12.2","","-1.0","","40","","0.0","","24","","17","","16.1","","92.07","","","","","","NA"
"-139.04","61.37","BURWASH A","2100181","2019-06-06 12:00","2019","06","06","12:00","15.0","","-0.2","","35","","0.0","","25","","24","","16.1","","92.07","","","","","","NA"
"-139.04","61.37","BURWASH A","2100181","2019-06-06 13:00","2019","06","06","13:00","14.9","","0.0","","36","","0.0","","4","","17","","16.1","","92.06","","","","","","NA"
"-139.04","61.37","BURWASH A","2100181","2019-06-06 14:00","2019","06","06","14:00","15.7","","-1.3","","31","","0.0","","","M","13","","16.1","","92.03","","","","","","NA"
"-139.04","61.37","BURWASH A","2100181","2019-06-06 15:00","2019","06","06","15:00","14.3","","-0.7","","36","","0.0","","28","","21","","16.1","","92.03","","","","","","NA"
"-139.04","61.37","BURWASH A","2100181","2019-06-06 16:00","2019","06","06","16:00","16.4","","-1.3","","30","","0.0","","30","","18","","16.1","","92.01","","","","","","NA"
"-139.04","61.37","BURWASH A","2100181","2019-06-06 17:00","2019","06","06","17:00","16.6","","-2.1","","28","","0.0","","25","","13","","16.1","","91.98","","","","","","NA"
"-139.04","61.37","BURWASH A","2100181","2019-06-06 18:00","2019","06","06","18:00","16.4","","-2.0","","28","","0.0","","28","","13","","16.1","","91.96","","","","","","NA"
"-139.04","61.37","BURWASH A","2100181","2019-06-06 19:00","2019","06","06","19:00","14.1","","-0.8","","36","","0.0","","28","","11","","16.1","","91.96","","","","","","NA"
"-139.04","61.37","BURWASH A","2100181","2019-06-06 20:00","2019","06","06","20:00","13.0","","-0.6","","39","","0.0","","30","","8","","16.1","","91.96","","","","","","NA"
"-139.04","61.37","BURWASH A","2100181","2019-06-06 21:00","2019","06","06","21:00","11.8","","0.5","","46","","0.0","","24","","5","","16.1","","91.97","","","","","","NA"
"-139.04","61.37","BURWASH A","2100181","2019-06-06 22:00","2019","06","06","22:00","10.0","","1.0","","54","","0.0","","20","","8","","16.1","","92.04","","","","","","NA"
"-139.04","61.37","BURWASH A","2100181","2019-06-06 23:00","2019","06","06","23:00","10.2","","0.0","","49","","0.0","","31","","8","","16.1","","92.08","","","","","","NA"
"-139.04","61.37","BURWASH A","2100181","2019-06-07 00:00","2019","06","07","00:00","7.7","","0.0","","58","","0.0","","32","","8","","16.1","","92.11","","","","","","NA"
"-139.04","61.37","BURWASH A","2100181","2019-06-07 01:00","2019","06","07","01:00","7.6","","-0.1","","58","","0.0","","28","","8","","16.1","","92.13","","","","","","NA"
"-139.04","61.37","BURWASH A","2100181","2019-06-07 02:00","2019","06","07","02:00","8.3","","-0.2","","55","","0.0","","30","","8","","16.1","","92.16","","","","","","NA"
"-139.04","61.37","BURWASH A","2100181","2019-06-07 03:00","2019","06","07","03:00","7.2","","-0.3","","59","","0.0","","29","","8","","16.1","","92.20","","","","","","NA"
"-139.04","61.37","BURWASH A","2100181","2019-06-07 04:00","2019","06","07","04:00","6.4","","0.1","","64","","0.0","","28","","9","","16.1","","92.21","","","","","","NA"
"-139.04","61.37","BURWASH A","2100181","2019-06-07 05:00","2019","06","07","05:00","6.8","","0.4","","64","","0.0","","28","","8","","16.1","","92.23","","","","","","NA"
"-139.04","61.37","BURWASH A","2100181","2019-06-07 06:00","2019","06","07","06:00","9.0","","0.9","","57","","0.0","","31","","9","","16.1","","92.24","","","","","","NA"
"-139.04","61.37","BURWASH A","2100181","2019-06-07 07:00","2019","06","07","07:00","10.5","","1.3","","53","","0.0","","30","","9","","16.1","","92.24","","","","","","NA"
"-139.04","61.37","BURWASH A","2100181","2019-06-07 08:00","2019","06","07","08:00","11.6","","1.4","","50","","0.0","","30","","15","","16.1","","92.23","","","","","","NA"
"-139.04","61.37","BURWASH A","2100181","2019-06-07 09:00","2019","06","07","09:00","12.1","","1.3","","48","","0.0","","32","","15","","16.1","","92.22","","","","","","NA"
"-139.04","61.37","BURWASH A","2100181","2019-06-07 10:00","2019","06","07","10:00","15.2","","2.4","","42","","0.0","","","M","4","","16.1","","92.19","","","","","","NA"
"-139.04","61.37","BURWASH A","2100181","2019-06-07 11:00","2019","06","07","11:00","15.4","","0.9","","37","","0.0","","30","","13","","16.1","","92.13","","","","","","NA"
"-139.04","61.37","BURWASH A","2100181","2019-06-07 12:00","2019","06","07","12:00","13.7","","2.9","","48","","0.0","","36","","8","","16.1","","92.12","","","","","","Rain"
"-139.04","61.37","BURWASH A","2100181","2019-06-07 13:00","2019","06","07","13:00","17.3","","1.4","","34","","0.0","","31","","8","","16.1","","92.10","","","","","","NA"
"-139.04","61.37","BURWASH A","2100181","2019-06-07 14:00","2019","06","07","14:00","16.6","","-0.5","","31","","0.0","","25","","22","","16.1","","92.09","","","","","","NA"
"-139.04","61.37","BURWASH A","2100181","2019-06-07 15:00","2019","06","07","15:00","17.0","","-0.8","","30","","0.0","","","M","5","","16.1","","92.04","","","","","","NA"
"-139.04","61.37","BURWASH A","2100181","2019-06-07 16:00","2019","06","07","16:00","15.5","","3.0","","43","","0.0","","16","","9","","16.1","","92.08","","","","","","NA"
"-139.04","61.37","BURWASH A","2100181","2019-06-07 17:00","2019","06","07","17:00","14.3","","1.0","","40","","0.0","","25","","22","","16.1","","92.05","","","","","","NA"
"-139.04","61.37","BURWASH A","2100181","2019-06-07 18:00","2019","06","07","18:00","17.4","","-0.5","","30","","0.0","","29","","8","","16.1","","92.02","","","","","","NA"
"-139.04","61.37","BURWASH A","2100181","2019-06-07 19:00","2019","06","07","19:00","15.6","","0.2","","35","","0.0","","11","","11","","16.1","","92.00","","","","","","NA"
"-139.04","61.37","BURWASH A","2100181","2019-06-07 20:00","2019","06","07","20:00","14.7","","2.0","","42","","0.0","","30","","15","","16.1","","92.07","","","","","","NA"
"-139.04","61.37","BURWASH A","2100181","2019-06-07 21:00","2019","06","07","21:00","13.8","","3.0","","48","","0.0","","13","","9","","16.1","","92.12","","","","","","NA"
"-139.04","61.37","BURWASH A","2100181","2019-06-07 22:00","2019","06","07","22:00","12.0","","3.1","","54","","0.0","","","","0","","16.1","","92.15","","","","","","NA"
"-139.04","61.37","BURWASH A","2100181","2019-06-07 23:00","2019","06","07","23:00","11.3","","2.7","","55","","0.0","","34","","9","","16.1","","92.18","","","","","","NA"
"-139.04","61.37","BURWASH A","2100181","2019-06-08 00:00","2019","06","08","00:00","10.8","","2.7","","57","","0.0","","22","","8","","16.1","","92.24","","","","","","NA"
"-139.04","61.37","BURWASH A","2100181","2019-06-08 01:00","2019","06","08","01:00","10.3","","4.1","","65","","0.8","","22","","13","","16.1","","92.30","","","","","","Rain"
"-139.04","61.37","BURWASH A","2100181","2019-06-08 02:00","2019","06","08","02:00","9.0","","5.6","","79","","0.2","","20","","11","","16.1","","92.36","","","","","","Rain"
"-139.04","61.37","BURWASH A","2100181","2019-06-08 03:00","2019","06","08","03:00","8.3","","5.5","","83","","0.0","","7","","5","","16.1","","92.37","","","","","","NA"
"-139.04","61.37","BURWASH A","2100181","2019-06-08 04:00","2019","06","08","04:00","7.2","","5.7","","90","","0.0","","","M","4","","16.1","","92.38","","","","","","NA"
"-139.04","61.37","BURWASH A","2100181","2019-06-08 05:00","2019","06","08","05:00","7.4","","6.2","","92","","0.0","","","M","4","","16.1","","92.37","","","","","","Rain"
"-139.04","61.37","BURWASH A","2100181","2019-06-08 06:00","2019","06","08","06:00","8.0","","6.3","","89","","0.0","","","M","4","","16.1","","92.35","","","","","","NA"
"-139.04","61.37","BURWASH A","2100181","2019-06-08 07:00","2019","06","08","07:00","9.3","","6.7","","84","","0.0","","7","","5","","16.1","","92.36","","","","","","NA"
"-139.04","61.37","BURWASH A","2100181","2019-06-08 08:00","2019","06","08","08:00","9.4","","6.0","","79","","0.0","","12","","11","","16.1","","92.37","","","","","","NA"
"-139.04","61.37","BURWASH A","2100181","2019-06-08 09:00","2019","06","08","09:00","10.5","","6.6","","77","","0.0","","","M","4","","16.1","","92.38","","","","","","NA"
"-139.04","61.37","BURWASH A","2100181","2019-06-08 10:00","2019","06","08","10:00","12.5","","5.3","","61","","0.0","","9","","9","","16.1","","92.34","","","","","","NA"
"-139.04","61.37","BURWASH A","2100181","2019-06-08 11:00","2019","06","08","11:00","12.6","","4.6","","58","","0.0","","10","","11","","16.1","","92.31","","","","","","NA"
"-139.04","61.37","BURWASH A","2100181","2019-06-08 12:00","2019","06","08","12:00","15.7","","3.2","","43","","0.0","","9","","13","","16.1","","92.27","","","","","","NA"
"-139.04","61.37","BURWASH A","2100181","2019-06-08 13:00","2019","06","08","13:00","15.6","","2.7","","42","","0.0","","10","","13","","16.1","","92.21","","","","","","NA"
"-139.04","61.37","BURWASH A","2100181","2019-06-08 14:00","2019","06","08","14:00","15.5","","1.6","","39","","0.0","","8","","9","","16.1","","92.20","","","","","","NA"
"-139.04","61.37","BURWASH A","2100181","2019-06-08 15:00","2019","06","08","15:00","17.6","","0.5","","31","","0.0","","10","","15","","16.1","","92.17","","","","","","NA"
"-139.04","61.37","BURWASH A","2100181","2019-06-08 16:00","2019","06","08","16:00","15.5","","3.1","","43","","0.0","","10","","9","","16.1","","92.22","","","","","","NA"
"-139.04","61.37","BURWASH A","2100181","2019-06-08 17:00","2019","06","08","17:00","17.1","","1.9","","36","","0.0","","13","","9","","16.1","","92.18","","","","","","NA"
"-139.04","61.37","BURWASH A","2100181","2019-06-08 18:00","2019","06","08","18:00","15.7","","2.2","","40","","0.0","","3","","18","","16.1","","92.24","","","","","","NA"
"-139.04","61.37","BURWASH A","2100181","2019-06-08 19:00","2019","06","08","19:00","15.6","","-0.9","","32","","0.0","","29","","8","","16.1","","92.25","","","","","","Rain"
"-139.04","61.37","BURWASH A","2100181","2019-06-08 20:00","2019","06","08","20:00","15.6","","2.4","","41","","0.0","","8","","5","","16.1","","92.26","","","","","","NA"
"-139.04","61.37","BURWASH A","2100181","2019-06-08 21:00","2019","06","08","21:00","12.1","","4.4","","59","","0.0","","30","","22","","16.1","","92.39","","","","","","NA"
"-139.04","61.37","BURWASH A","2100181","2019-06-08 22:00","2019","06","08","22:00","9.7","","6.4","","80","","0.0","","27","","17","","16.1","","92.53","","","","","","Rain"
"-139.04","61.37","BURWASH A","2100181","2019-06-08 23:00","2019","06","08","23:00","8.3","","5.5","","82","","2.5","","19","","18","","16.1","","92.57","","","","","","Moderate Rain"
"-139.04","61.37","BURWASH A","2100181","2019-06-09 00:00","2019","06","09","00:00","7.7","","4.9","","82","","0.8","","13","","15","","16.1","","92.59","","","","","","NA"
"-139.04","61.37","BURWASH A","2100181","2019-06-09 01:00","2019","06","09","01:00","8.1","","6.7","","91","","0.0","","","","0","","16.1","","92.61","","","","","","NA"
"-139.04","61.37","BURWASH A","2100181","2019-06-09 02:00","2019","06","09","02:00","6.8","","5.0","","88","","0.0","","25","","8","","16.1","","92.63","","","","","","NA"
"-139.04","61.37","BURWASH A","2100181","2019-06-09 03:00","2019","06","09","03:00","5.9","","3.9","","87","","0.0","","28","","8","","16.1","","92.63","","","","","","NA"
"-139.04","61.37","BURWASH A","2100181","2019-06-09 04:00","2019","06","09","04:00","5.3","","3.7","","89","","0.0","","32","","4","","16.1","","92.63","","","","","","NA"
"-139.04","61.37","BURWASH A","2100181","2019-06-09 05:00","2019","06","09","05:00","4.1","","3.6","","96","","0.0","","","","0","","16.1","","92.65","","","","","","NA"
"-139.04","61.37","BURWASH A","2100181","2019-06-09 06:00","2019","06","09","06:00","5.0","","4.6","","97","","0.0","","","","0","","16.1","","92.65","","","","","","NA"
"-139.04","61.37","BURWASH A","2100181","2019-06-09 07:00","2019","06","09","07:00","7.2","","4.3","","82","","0.0","","11","","8","","16.1","","92.65","","","","","","NA"
"-139.04","61.37","BURWASH A","2100181","2019-06-09 08:00","2019","06","09","08:00","7.5","","5.3","","86","","0.0","","","M","4","","16.1","","92.64","","","","","","NA"
"-139.04","61.37","BURWASH A","2100181","2019-06-09 09:00","2019","06","09","09:00","9.4","","4.0","","69","","0.0","","10","","9","","16.1","","92.65","","","","","","NA"
"-139.04","61.37","BURWASH A","2100181","2019-06-09 10:00","2019","06","09","10:00","11.1","","3.2","","58","","0.0","","10","","15","","16.1","","92.64","","","","","","NA"
"-139.04","61.37","BURWASH A","2100181","2019-06-09 11:00","2019","06","09","11:00","12.6","","4.1","","56","","0.0","","","M","4","","16.1","","92.60","","","","","","NA"
"-139.04","61.37","BURWASH A","2100181","2019-06-09 12:00","2019","06","09","12:00","14.2","","4.8","","53","","0.0","","11","","11","","16.1","","92.54","","","","","","NA"
"-139.04","61.37","BURWASH A","2100181","2019-06-09 13:00","2019","06","09","13:00","13.9","","4.3","","52","","0.0","","13","","15","","16.1","","92.47","","","","","","NA"
"-139.04","61.37","BURWASH A","2100181","2019-06-09 14:00","2019","06","09","14:00","15.7","","4.0","","45","","0.0","","11","","17","","16.1","","92.40","","","","","","NA"
"-139.04","61.37","BURWASH A","2100181","2019-06-09 15:00","2019","06","09","15:00","14.9","","3.0","","45","","0.0","","8","","9","","16.1","","92.40","","","","","","NA"
"-139.04","61.37","BURWASH A","2100181","2019-06-09 16:00","2019","06","09","16:00","13.0","","4.5","","56","","0.0","","3","","17","","16.1","","92.46","","","","","","NA"
"-139.04","61.37","BURWASH A","2100181","2019-06-09 17:00","2019","06","09","17:00","12.8","","4.5","","57","","0.0","","13","","11","","16.1","","92.49","","","","","","NA"
"-139.04","61.37","BURWASH A","2100181","2019-06-09 18:00","2019","06","09","18:00","12.6","","3.5","","54","","0.0","","","M","4","","16.1","","92.48","","","","","","NA"
"-139.04","61.37","BURWASH A","2100181","2019-06-09 19:00","2019","06","09","19:00","10.0","","5.9","","75","","0.2","","26","","15","","16.1","","92.52","","","","","","Rain"
"-139.04","61.37","BURWASH A","2100181","2019-06-09 20:00","2019","06","09","20:00","8.9","","5.4","","79","","0.5","","25","","17","","16.1","","92.52","","","","","","Rain"
"-139.04","61.37","BURWASH A","2100181","2019-06-09 21:00","2019","06","09","21:00","9.6","","5.5","","76","","0.0","","28","","17","","16.1","","92.48","","","","","","NA"
"-139.04","61.37","BURWASH A","2100181","2019-06-09 22:00","2019","06","09","22:00","8.9","","4.9","","76","","0.0","","26","","13","","16.1","","92.49","","","","","","NA"
"-139.04","61.37","BURWASH A","2100181","2019-06-09 23:00","2019","06","09","23:00","8.5","","4.5","","76","","0.0","","26","","13","","16.1","","92.52","","","","","","NA"
"-139.04","61.37","BURWASH A","2100181","2019-06-10 00:00","2019","06","10","00:00","8.6","","4.3","","74","","0.0","","27","","11","","16.1","","92.53","","","","","","NA"
"-139.04","61.37","BURWASH A","2100181","2019-06-10 01:00","2019","06","10","01:00","8.3","","4.5","","77","","0.0","","29","","9","","16.1","","92.53","","","","","","NA"
"-139.04","61.37","BURWASH A","2100181","2019-06-10 02:00","2019","06","10","02:00","8.4","","4.4","","76","","0.0","","26","","8","","16.1","","92.55","","","","","","NA"
"-139.04","61.37","BURWASH A","2100181","2019-06-10 03:00","2019","06","10","03:00","6.6","","4.6","","87","","0.0","","33","","4","","16.1","","92.54","","","","","","NA"
"-139.04","61.37","BURWASH A","2100181","2019-06-10 04:00","2019","06","10","04:00","5.3","","3.5","","88","","0.0","","","M","4","","16.1","","92.56","","","","","","NA"
"-139.04","61.37","BURWASH A","2100181","2019-06-10 05:00","2019","06","10","05:00","7.1","","5.2","","88","","0.0","","","M","4","","16.1","","92.56","","","","","","NA"
"-139.04","61.37","BURWASH A","2100181","2019-06-10 06:00","2019","06","10","06:00","7.5","","5.7","","88","","0.0","","","","0","","16.1","","92.56","","","","","","NA"
"-139.04","61.37","BURWASH A","2100181","2019-06-10 07:00","2019","06","10","07:00","7.2","","5.8","","91","","0.0","","36","","4","","16.1","","92.54","","","","","","NA"
"-139.04","61.37","BURWASH A","2100181","2019-06-10 08:00","2019","06","10","08:00","10.3","","6.1","","75","","0.0","","","","0","","16.1","","92.52","","","","","","NA"
"-139.04","61.37","BURWASH A","2100181","2019-06-10 09:00","2019","06","10","09:00","12.2","","5.8","","65","","0.0","","","","0","","16.1","","92.48","","","","","","NA"
"-139.04","61.37","BURWASH A","2100181","2019-06-10 10:00","2019","06","10","10:00","13.8","","5.0","","55","","0.0","","12","","9","","16.1","","92.45","","","","","","NA"
"-139.04","61.37","BURWASH A","2100181","2019-06-10 11:00","2019","06","10","11:00","15.1","","1.4","","39","","0.0","","10","","11","","16.1","","92.39","","","","","","NA"
"-139.04","61.37","BURWASH A","2100181","2019-06-10 12:00","2019","06","10","12:00","16.0","","-0.4","","33","","0.0","","10","","13","","16.1","","92.36","","","","","","NA"
"-139.04","61.37","BURWASH A","2100181","2019-06-10 13:00","2019","06","10","13:00","17.0","","-0.9","","29","","0.0","","10","","18","","16.1","","92.29","","","","","","NA"
"-139.04","61.37","BURWASH A","2100181","2019-06-10 14:00","2019","06","10","14:00","17.6","","0.4","","31","","0.0","","11","","18","","16.1","","92.24","","","","","","NA"
"-139.04","61.37","BURWASH A","2100181","2019-06-10 15:00","2019","06","10","15:00","18.3","","1.7","","33","","0.0","","11","","17","","16.1","","92.18","","","","","","NA"
"-139.04","61.37","BURWASH A","2100181","2019-06-10 16:00","2019","06","10","16:00","18.8","","2.4","","33","","0.0","","12","","21","","16.1","","92.12","","","","","","NA"
"-139.04","61.37","BURWASH A","2100181","2019-06-10 17:00","2019","06","10","17:00","18.5","","1.8","","32","","0.0","","10","","21","","16.1","","92.07","","","","","","NA"
"-139.04","61.37","BURWASH A","2100181","2019-06-10 18:00","2019","06","10","18:00","17.2","","1.6","","35","","0.0","","11","","17","","16.1","","92.03","","","","","","NA"
"-139.04","61.37","BURWASH A","2100181","2019-06-10 19:00","2019","06","10","19:00","17.1","","2.6","","37","","0.0","","11","","21","","16.1","","91.98","","","","","","NA"
"-139.04","61.37","BURWASH A","2100181","2019-06-10 20:00","2019","06","10","20:00","17.6","","1.3","","33","","0.0","","13","","26","","16.1","","91.92","","","","","","NA"
"-139.04","61.37","BURWASH A","2100181","2019-06-10 21:00","2019","06","10","21:00","16.1","","1.6","","37","","0.0","","13","","22","","16.1","","91.91","","","","","","NA"
"-139.04","61.37","BURWASH A","2100181","2019-06-10 22:00","2019","06","10","22:00","14.6","","1.4","","41","","0.0","","13","","18","","16.1","","91.90","","","","","","NA"
"-139.04","61.37","BURWASH A","2100181","2019-06-10 23:00","2019","06","10","23:00","12.4","","3.7","","55","","0.0","","11","","11","","16.1","","91.90","","","","","","NA"
"-139.04","61.37","BURWASH A","2100181","2019-06-11 00:00","2019","06","11","00:00","10.6","","3.0","","59","","0.0","","10","","8","","16.1","","91.92","","","","","","NA"
"-139.04","61.37","BURWASH A","2100181","2019-06-11 01:00","2019","06","11","01:00","10.4","","2.0","","56","","0.0","","13","","17","","16.1","","91.92","","","","","","NA"
"-139.04","61.37","BURWASH A","2100181","2019-06-11 02:00","2019","06","11","02:00","10.8","","2.4","","56","","0.0","","13","","24","","16.1","","91.90","","","","","","NA"
"-139.04","61.37","BURWASH A","2100181","2019-06-11 03:00","2019","06","11","03:00","10.1","","2.5","","59","","0.0","","11","","9","","16.1","","91.90","","","","","","NA"
"-139.04","61.37","BURWASH A","2100181","2019-06-11 04:00","2019","06","11","04:00","9.6","","4.4","","70","","0.0","","11","","11","","16.1","","91.88","","","","","","NA"
"-139.04","61.37","BURWASH A","2100181","2019-06-11 05:00","2019","06","11","05:00","9.2","","4.0","","70","","0.0","","13","","15","","16.1","","91.86","","","","","","NA"
"-139.04","61.37","BURWASH A","2100181","2019-06-11 06:00","2019","06","11","06:00","9.7","","3.7","","66","","0.0","","13","","21","","16.1","","91.85","","","","","","NA"
"-139.04","61.37","BURWASH A","2100181","2019-06-11 07:00","2019","06","11","07:00","10.0","","3.5","","64","","0.0","","13","","28","","16.1","","91.84","","","","","","NA"
"-139.04","61.37","BURWASH A","2100181","2019-06-11 08:00","2019","06","11","08:00","10.1","","3.9","","65","","0.0","","13","","28","","16.1","","91.84","","","","","","NA"
"-139.04","61.37","BURWASH A","2100181","2019-06-11 09:00","2019","06","11","09:00","11.1","","4.6","","64","","0.0","","12","","21","","16.1","","91.83","","","","","","NA"
"-139.04","61.37","BURWASH A","2100181","2019-06-11 10:00","2019","06","11","10:00","10.8","","4.5","","65","","0.0","","11","","28","","16.1","","91.80","","","","","","NA"
"-139.04","61.37","BURWASH A","2100181","2019-06-11 11:00","2019","06","11","11:00","12.8","","5.0","","59","","0.0","","13","","22","","16.1","","91.79","","","","","","NA"
"-139.04","61.37","BURWASH A","2100181","2019-06-11 12:00","2019","06","11","12:00","13.3","","4.8","","56","","0.0","","12","","30","","16.1","","91.77","","","","","","NA"
"-139.04","61.37","BURWASH A","2100181","2019-06-11 13:00","2019","06","11","13:00","14.0","","4.6","","53","","0.0","","11","","22","","16.1","","91.75","","","","","","NA"
"-139.04","61.37","BURWASH A","2100181","2019-06-11 14:00","2019","06","11","14:00","14.5","","4.5","","51","","0.0","","11","","21","","16.1","","91.71","","","","","","NA"
"-139.04","61.37","BURWASH A","2100181","2019-06-11 15:00","2019","06","11","15:00","15.2","","5.0","","50","","0.0","","11","","22","","16.1","","91.66","","","","","","NA"
"-139.04","61.37","BURWASH A","2100181","2019-06-11 16:00","2019","06","11","16:00","15.5","","4.1","","46","","0.0","","11","","22","","16.1","","91.61","","","","","","NA"
"-139.04","61.37","BURWASH A","2100181","2019-06-11 17:00","2019","06","11","17:00","17.4","","3.5","","39","","0.0","","11","","18","","16.1","","91.56","","","","","","NA"
"-139.04","61.37","BURWASH A","2100181","2019-06-11 18:00","2019","06","11","18:00","16.7","","3.2","","40","","0.0","","12","","17","","16.1","","91.53","","","","","","NA"
"-139.04","61.37","BURWASH A","2100181","2019-06-11 19:00","2019","06","11","19:00","17.5","","3.0","","38","","0.0","","14","","26","","16.1","","91.51","","","","","","NA"
"-139.04","61.37","BURWASH A","2100181","2019-06-11 20:00","2019","06","11","20:00","15.8","","2.4","","40","","0.0","","13","","24","","16.1","","91.52","","","","","","NA"
"-139.04","61.37","BURWASH A","2100181","2019-06-11 21:00","2019","06","11","21:00","14.8","","2.1","","42","","0.0","","13","","22","","16.1","","91.51","","","","","","NA"
"-139.04","61.37","BURWASH A","2100181","2019-06-11 22:00","2019","06","11","22:00","13.1","","2.1","","47","","0.0","","13","","17","","16.1","","91.55","","","","","","NA"
"-139.04","61.37","BURWASH A","2100181","2019-06-11 23:00","2019","06","11","23:00","11.8","","2.0","","51","","0.0","","13","","18","","16.1","","91.64","","","","","","NA"
"-139.04","61.37","BURWASH A","2100181","2019-06-12 00:00","2019","06","12","00:00","11.2","","1.8","","52","","0.0","","14","","26","","16.1","","91.68","","","","","","NA"
"-139.04","61.37","BURWASH A","2100181","2019-06-12 01:00","2019","06","12","01:00","10.6","","2.0","","55","","0.0","","15","","22","","16.1","","91.74","","","","","","NA"
"-139.04","61.37","BURWASH A","2100181","2019-06-12 02:00","2019","06","12","02:00","9.8","","2.3","","60","","0.0","","16","","11","","16.1","","91.78","","","","","","NA"
"-139.04","61.37","BURWASH A","2100181","2019-06-12 03:00","2019","06","12","03:00","9.5","","2.2","","60","","0.0","","14","","13","","16.1","","91.81","","","","","","NA"
"-139.04","61.37","BURWASH A","2100181","2019-06-12 04:00","2019","06","12","04:00","9.0","","2.0","","61","","0.0","","14","","11","","16.1","","91.81","","","","","","NA"
"-139.04","61.37","BURWASH A","2100181","2019-06-12 05:00","2019","06","12","05:00","9.2","","1.9","","60","","0.0","","14","","13","","16.1","","91.82","","","","","","NA"
"-139.04","61.37","BURWASH A","2100181","2019-06-12 06:00","2019","06","12","06:00","9.5","","2.4","","61","","0.0","","14","","17","","16.1","","91.82","","","","","","NA"
"-139.04","61.37","BURWASH A","2100181","2019-06-12 07:00","2019","06","12","07:00","9.9","","2.8","","61","","0.0","","13","","18","","16.1","","91.81","","","","","","NA"
"-139.04","61.37","BURWASH A","2100181","2019-06-12 08:00","2019","06","12","08:00","10.0","","3.0","","62","","0.0","","13","","17","","16.1","","91.82","","","","","","NA"
"-139.04","61.37","BURWASH A","2100181","2019-06-12 09:00","2019","06","12","09:00","10.1","","3.3","","63","","0.0","","14","","18","","16.1","","91.83","","","","","","NA"
"-139.04","61.37","BURWASH A","2100181","2019-06-12 10:00","2019","06","12","10:00","10.4","","4.0","","65","","0.0","","15","","17","","16.1","","91.85","","","","","","Rain"
"-139.04","61.37","BURWASH A","2100181","2019-06-12 11:00","2019","06","12","11:00","10.5","","5.7","","72","","0.0","","12","","11","","16.1","","91.85","","","","","","Rain"
"-139.04","61.37","BURWASH A","2100181","2019-06-12 12:00","2019","06","12","12:00","9.7","","5.8","","76","","0.0","","11","","11","","16.1","","91.84","","","","","","Rain"
"-139.04","61.37","BURWASH A","2100181","2019-06-12 13:00","2019","06","12","13:00","11.5","","6.4","","71","","0.0","","13","","8","","16.1","","91.79","","","","","","NA"
"-139.04","61.37","BURWASH A","2100181","2019-06-12 14:00","2019","06","12","14:00","11.9","","3.5","","56","","0.0","","10","","13","","16.1","","91.74","","","","","","NA"
"-139.04","61.37","BURWASH A","2100181","2019-06-12 15:00","2019","06","12","15:00","13.5","","4.0","","52","","0.0","","9","","13","","16.1","","91.67","","","","","","NA"
"-139.04","61.37","BURWASH A","2100181","2019-06-12 16:00","2019","06","12","16:00","15.3","","3.7","","46","","0.0","","9","","11","","16.1","","91.62","","","","","","NA"
"-139.04","61.37","BURWASH A","2100181","2019-06-12 17:00","2019","06","12","17:00","16.3","","2.9","","40","","0.0","","","","0","","16.1","","91.57","","","","","","NA"
"-139.04","61.37","BURWASH A","2100181","2019-06-12 18:00","2019","06","12","18:00","15.4","","4.9","","49","","0.0","","34","","15","","16.1","","91.60","","","","","","NA"
"-139.04","61.37","BURWASH A","2100181","2019-06-12 19:00","2019","06","12","19:00","14.8","","4.7","","51","","0.0","","2","","13","","16.1","","91.60","","","","","","NA"
"-139.04","61.37","BURWASH A","2100181","2019-06-12 20:00","2019","06","12","20:00","12.1","","5.8","","65","","0.0","","16","","15","","16.1","","91.62","","","","","","NA"
"-139.04","61.37","BURWASH A","2100181","2019-06-12 21:00","2019","06","12","21:00","11.6","","6.9","","73","","0.0","","27","","28","","16.1","","91.68","","","","","","NA"
"-139.04","61.37","BURWASH A","2100181","2019-06-12 22:00","2019","06","12","22:00","10.4","","5.4","","71","","0.0","","31","","24","","16.1","","91.76","","","","","","NA"
"-139.04","61.37","BURWASH A","2100181","2019-06-12 23:00","2019","06","12","23:00","9.2","","6.4","","83","","0.0","","30","","8","","16.1","","91.81","","","","","","Rain"
"-139.04","61.37","BURWASH A","2100181","2019-06-13 00:00","2019","06","13","00:00","8.7","","6.7","","87","","0.0","","30","","11","","16.1","","91.81","","","","","","Rain"
"-139.04","61.37","BURWASH A","2100181","2019-06-13 01:00","2019","06","13","01:00","8.8","","6.4","","85","","0.0","","28","","9","","16.1","","91.84","","","","","","NA"
"-139.04","61.37","BURWASH A","2100181","2019-06-13 02:00","2019","06","13","02:00","8.9","","6.0","","82","","0.0","","28","","9","","16.1","","91.87","","","","","","NA"
"-139.04","61.37","BURWASH A","2100181","2019-06-13 03:00","2019","06","13","03:00","8.3","","5.9","","85","","0.0","","30","","5","","16.1","","91.88","","","","","","NA"
"-139.04","61.37","BURWASH A","2100181","2019-06-13 04:00","2019","06","13","04:00","8.3","","5.9","","85","","0.0","","29","","5","","16.1","","91.89","","","","","","NA"
"-139.04","61.37","BURWASH A","2100181","2019-06-13 05:00","2019","06","13","05:00","8.2","","6.0","","86","","0.0","","","","0","","16.1","","91.92","","","","","","NA"
"-139.04","61.37","BURWASH A","2100181","2019-06-13 06:00","2019","06","13","06:00","8.2","","6.2","","87","","0.0","","","","0","","16.1","","91.97","","","","","","NA"
"-139.04","61.37","BURWASH A","2100181","2019-06-13 07:00","2019","06","13","07:00","9.4","","6.9","","84","","0.0","","","M","4","","16.1","","92.01","","","","","","NA"
"-139.04","61.37","BURWASH A","2100181","2019-06-13 08:00","2019","06","13","08:00","11.1","","6.8","","75","","0.0","","","M","9","","16.1","","92.03","","","","","","NA"
"-139.04","61.37","BURWASH A","2100181","2019-06-13 09:00","2019","06","13","09:00","11.3","","6.5","","72","","0.0","","8","","13","","16.1","","92.04","","","","","","NA"
"-139.04","61.37","BURWASH A","2100181","2019-06-13 10:00","2019","06","13","10:00","12.6","","7.1","","69","","0.0","","11","","9","","16.1","","92.07","","","","","","NA"
"-139.04","61.37","BURWASH A","2100181","2019-06-13 11:00","2019","06","13","11:00","14.5","","6.8","","60","","0.0","","11","","11","","16.1","","92.05","","","","","","NA"
"-139.04","61.37","BURWASH A","2100181","2019-06-13 12:00","2019","06","13","12:00","16.8","","7.2","","53","","0.0","","13","","13","","16.1","","92.04","","","","","","NA"
"-139.04","61.37","BURWASH A","2100181","2019-06-13 13:00","2019","06","13","13:00","17.1","","5.9","","47","","0.0","","10","","15","","16.1","","91.99","","","","","","NA"
"-139.04","61.37","BURWASH A","2100181","2019-06-13 14:00","2019","06","13","14:00","15.1","","6.1","","55","","0.0","","23","","5","","16.1","","92.04","","","","","","NA"
"-139.04","61.37","BURWASH A","2100181","2019-06-13 15:00","2019","06","13","15:00","17.9","","3.9","","39","","0.0","","16","","13","","16.1","","91.97","","","","","","NA"
"-139.04","61.37","BURWASH A","2100181","2019-06-13 16:00","2019","06","13","16:00","18.4","","3.2","","36","","0.0","","9","","15","","16.1","","91.96","","","","","","NA"
"-139.04","61.37","BURWASH A","2100181","2019-06-13 17:00","2019","06","13","17:00","19.2","","2.5","","33","","0.0","","11","","11","","16.1","","91.95","","","","","","NA"
"-139.04","61.37","BURWASH A","2100181","2019-06-13 18:00","2019","06","13","18:00","17.5","","3.0","","38","","0.0","","13","","5","","16.1","","91.98","","","","","","NA"
"-139.04","61.37","BURWASH A","2100181","2019-06-13 19:00","2019","06","13","19:00","19.2","","3.8","","36","","0.0","","10","","11","","16.1","","91.96","","","","","","NA"
"-139.04","61.37","BURWASH A","2100181","2019-06-13 20:00","2019","06","13","20:00","18.3","","3.5","","37","","0.0","","11","","13","","16.1","","91.96","","","","","","NA"
"-139.04","61.37","BURWASH A","2100181","2019-06-13 21:00","2019","06","13","21:00","16.8","","4.1","","42","","0.0","","15","","8","","16.1","","91.99","","","","","","NA"
"-139.04","61.37","BURWASH A","2100181","2019-06-13 22:00","2019","06","13","22:00","14.9","","5.9","","55","","0.0","","4","","9","","16.1","","92.01","","","","","","NA"
"-139.04","61.37","BURWASH A","2100181","2019-06-13 23:00","2019","06","13","23:00","9.7","","4.1","","68","","0.0","","","","0","","16.1","","92.05","","","","","","NA"
"-139.04","61.37","BURWASH A","2100181","2019-06-14 00:00","2019","06","14","00:00","6.8","","3.2","","78","","0.0","","","M","4","","16.1","","92.09","","","","","","NA"
"-139.04","61.37","BURWASH A","2100181","2019-06-14 01:00","2019","06","14","01:00","5.1","","2.1","","81","","0.0","","28","","5","","16.1","","92.13","","","","","","NA"
"-139.04","61.37","BURWASH A","2100181","2019-06-14 02:00","2019","06","14","02:00","3.4","","1.1","","85","","0.0","","","M","4","","16.1","","92.15","","","","","","NA"
"-139.04","61.37","BURWASH A","2100181","2019-06-14 03:00","2019","06","14","03:00","1.4","","0.0","","90","","0.0","","","M","4","","16.1","","92.17","","","","","","NA"
"-139.04","61.37","BURWASH A","2100181","2019-06-14 04:00","2019","06","14","04:00","0.1","","-1.1","","92","","0.0","","","","0","","16.1","","92.17","","","","","","NA"
"-139.04","61.37","BURWASH A","2100181","2019-06-14 05:00","2019","06","14","05:00","1.0","","-0.8","","88","","0.0","","","","0","","16.1","","92.19","","","","","","NA"
"-139.04","61.37","BURWASH A","2100181","2019-06-14 06:00","2019","06","14","06:00","6.7","","3.6","","80","","0.0","","","M","4","","16.1","","92.18","","","","","","NA"
"-139.04","61.37","BURWASH A","2100181","2019-06-14 07:00","2019","06","14","07:00","11.6","","4.8","","63","","0.0","","11","","13","","16.1","","92.14","","","","","","NA"
"-139.04","61.37","BURWASH A","2100181","2019-06-14 08:00","2019","06","14","08:00","13.0","","5.2","","59","","0.0","","9","","11","","16.1","","92.11","","","","","","NA"
"-139.04","61.37","BURWASH A","2100181","2019-06-14 09:00","2019","06","14","09:00","14.4","","5.2","","54","","0.0","","10","","11","","16.1","","92.07","","","","","","NA"
"-139.04","61.37","BURWASH A","2100181","2019-06-14 10:00","2019","06","14","10:00","15.9","","4.9","","48","","0.0","","11","","17","","16.1","","92.01","","","","","","NA"
"-139.04","61.37","BURWASH A","2100181","2019-06-14 11:00","2019","06","14","11:00","16.7","","5.0","","46","","0.0","","11","","22","","16.1","","91.96","","","","","","NA"
"-139.04","61.37","BURWASH A","2100181","2019-06-14 12:00","2019","06","14","12:00","18.7","","5.2","","41","","0.0","","10","","17","","16.1","","91.88","","","","","","NA"
"-139.04","61.37","BURWASH A","2100181","2019-06-14 13:00","2019","06","14","13:00","20.2","","5.3","","37","","0.0","","12","","21","","16.1","","91.81","","","","","","NA"
"-139.04","61.37","BURWASH A","2100181","2019-06-14 14:00","2019","06","14","14:00","21.6","","3.1","","29","","0.0","","12","","18","","16.1","","91.74","","","","","","NA"
"-139.04","61.37","BURWASH A","2100181","2019-06-14 15:00","2019","06","14","15:00","21.9","","1.6","","26","","0.0","","11","","17","","16.1","","91.66","","","","","","NA"
"-139.04","61.37","BURWASH A","2100181","2019-06-14 16:00","2019","06","14","16:00","22.7","","1.4","","24","","0.0","","12","","26","","16.1","","91.59","","","","","","NA"
"-139.04","61.37","BURWASH A","2100181","2019-06-14 17:00","2019","06","14","17:00","22.1","","1.9","","26","","0.0","","12","","21","","16.1","","91.54","","","","","","NA"
"-139.04","61.37","BURWASH A","2100181","2019-06-14 18:00","2019","06","14","18:00","21.6","","2.1","","27","","0.0","","11","","24","","16.1","","91.49","","","","","","NA"
"-139.04","61.37","BURWASH A","2100181","2019-06-14 19:00","2019","06","14","19:00","21.3","","1.3","","26","","0.0","","13","","28","","16.1","","91.46","","","","","","NA"
"-139.04","61.37","BURWASH A","2100181","2019-06-14 20:00","2019","06","14","20:00","19.8","","1.4","","29","","0.0","","12","","32","","16.1","","91.43","","","","","","NA"
"-139.04","61.37","BURWASH A","2100181","2019-06-14 21:00","2019","06","14","21:00","17.7","","1.8","","34","","0.0","","12","","24","","16.1","","91.44","","","","","","NA"
"-139.04","61.37","BURWASH A","2100181","2019-06-14 22:00","2019","06","14","22:00","15.6","","2.0","","40","","0.0","","13","","30","","16.1","","91.48","","","","","","NA"
"-139.04","61.37","BURWASH A","2100181","2019-06-14 23:00","2019","06","14","23:00","13.6","","2.1","","46","","0.0","","13","","24","","16.1","","91.56","","","","","","NA"
"-139.04","61.37","BURWASH A","2100181","2019-06-15 00:00","2019","06","15","00:00","11.9","","2.1","","51","","0.0","","12","","22","","16.1","","91.62","","","","","","NA"
"-139.04","61.37","BURWASH A","2100181","2019-06-15 01:00","2019","06","15","01:00","10.6","","2.0","","55","","0.0","","13","","26","","16.1","","91.65","","","","","","NA"
"-139.04","61.37","BURWASH A","2100181","2019-06-15 02:00","2019","06","15","02:00","9.9","","1.8","","57","","0.0","","13","","24","","16.1","","91.66","","","","","","NA"
"-139.04","61.37","BURWASH A","2100181","2019-06-15 03:00","2019","06","15","03:00","9.1","","1.8","","60","","0.0","","12","","17","","16.1","","91.68","","","","","","NA"
"-139.04","61.37","BURWASH A","2100181","2019-06-15 04:00","2019","06","15","04:00","9.2","","1.9","","60","","0.0","","13","","21","","16.1","","91.66","","","","","","NA"
"-139.04","61.37","BURWASH A","2100181","2019-06-15 05:00","2019","06","15","05:00","9.3","","2.0","","60","","0.0","","13","","22","","16.1","","91.66","","","","","","NA"
"-139.04","61.37","BURWASH A","2100181","2019-06-15 06:00","2019","06","15","06:00","9.7","","2.1","","59","","0.0","","13","","18","","16.1","","91.66","","","","","","NA"
"-139.04","61.37","BURWASH A","2100181","2019-06-15 07:00","2019","06","15","07:00","10.7","","2.1","","55","","0.0","","13","","28","","16.1","","91.66","","","","","","NA"
"-139.04","61.37","BURWASH A","2100181","2019-06-15 08:00","2019","06","15","08:00","12.3","","2.9","","52","","0.0","","14","","22","","16.1","","91.68","","","","","","NA"
"-139.04","61.37","BURWASH A","2100181","2019-06-15 09:00","2019","06","15","09:00","13.4","","2.7","","48","","0.0","","12","","28","","16.1","","91.67","","","","","","NA"
"-139.04","61.37","BURWASH A","2100181","2019-06-15 10:00","2019","06","15","10:00","14.0","","2.7","","46","","0.0","","13","","22","","16.1","","91.67","","","","","","NA"
"-139.04","61.37","BURWASH A","2100181","2019-06-15 11:00","2019","06","15","11:00","15.9","","2.9","","41","","0.0","","12","","24","","16.1","","91.64","","","","","","NA"
"-139.04","61.37","BURWASH A","2100181","2019-06-15 12:00","2019","06","15","12:00","16.6","","2.2","","38","","0.0","","12","","22","","16.1","","91.62","","","","","","NA"
"-139.04","61.37","BURWASH A","2100181","2019-06-15 13:00","2019","06","15","13:00","17.4","","3.0","","38","","0.0","","13","","26","","16.1","","91.60","","","","","","NA"
"-139.04","61.37","BURWASH A","2100181","2019-06-15 14:00","2019","06","15","14:00","17.9","","3.0","","37","","0.0","","13","","26","","16.1","","91.57","","","","","","NA"
"-139.04","61.37","BURWASH A","2100181","2019-06-15 15:00","2019","06","15","15:00","18.1","","3.0","","36","","0.0","","12","","24","","16.1","","91.54","","","","","","NA"
"-139.04","61.37","BURWASH A","2100181","2019-06-15 16:00","2019","06","15","16:00","19.2","","2.7","","33","","0.0","","13","","18","","16.1","","91.51","","","","","","NA"
"-139.04","61.37","BURWASH A","2100181","2019-06-15 17:00","2019","06","15","17:00","17.9","","2.5","","35","","0.0","","13","","30","","16.1","","91.48","","","","","","NA"
"-139.04","61.37","BURWASH A","2100181","2019-06-15 18:00","2019","06","15","18:00","18.2","","3.0","","36","","0.0","","14","","26","","16.1","","91.46","","","","","","NA"
"-139.04","61.37","BURWASH A","2100181","2019-06-15 19:00","2019","06","15","19:00","17.6","","2.9","","37","","0.0","","12","","22","","16.1","","91.45","","","","","","NA"
"-139.04","61.37","BURWASH A","2100181","2019-06-15 20:00","2019","06","15","20:00","16.2","","2.8","","40","","0.0","","14","","30","","16.1","","91.46","","","","","","NA"
"-139.04","61.37","BURWASH A","2100181","2019-06-15 21:00","2019","06","15","21:00","14.6","","2.8","","45","","0.0","","13","","28","","16.1","","91.48","","","","","","NA"
"-139.04","61.37","BURWASH A","2100181","2019-06-15 22:00","2019","06","15","22:00","13.4","","3.0","","49","","0.0","","13","","26","","16.1","","91.50","","","","","","NA"
"-139.04","61.37","BURWASH A","2100181","2019-06-15 23:00","2019","06","15","23:00","12.6","","3.1","","52","","0.0","","13","","21","","16.1","","91.52","","","","","","NA"
"-139.04","61.37","BURWASH A","2100181","2019-06-16 00:00","2019","06","16","00:00","11.7","","3.3","","56","","0.0","","13","","28","","16.1","","91.53","","","","","","NA"
"-139.04","61.37","BURWASH A","2100181","2019-06-16 01:00","2019","06","16","01:00","10.8","","4.3","","64","","0.0","","13","","28","","16.1","","91.54","","","","","","NA"
"-139.04","61.37","BURWASH A","2100181","2019-06-16 02:00","2019","06","16","02:00","8.9","","5.2","","78","","0.0","","14","","30","","16.1","","91.55","","","","","","Rain"
"-139.04","61.37","BURWASH A","2100181","2019-06-16 03:00","2019","06","16","03:00","8.0","","5.2","","82","","0.0","","14","","17","","16.1","","91.56","","","","","","Rain"
"-139.04","61.37","BURWASH A","2100181","2019-06-16 04:00","2019","06","16","04:00","7.5","","5.5","","87","","1.0","","14","","15","","16.1","","91.55","","","","","","Rain"
"-139.04","61.37","BURWASH A","2100181","2019-06-16 05:00","2019","06","16","05:00","7.4","","5.4","","87","","1.0","","13","","17","","16.1","","91.52","","","","","","Rain"
"-139.04","61.37","BURWASH A","2100181","2019-06-16 06:00","2019","06","16","06:00","8.0","","5.1","","82","","0.0","","12","","17","","16.1","","91.51","","","","","","NA"
"-139.04","61.37","BURWASH A","2100181","2019-06-16 07:00","2019","06","16","07:00","9.2","","4.6","","73","","0.0","","13","","22","","16.1","","91.46","","","","","","NA"
"-139.04","61.37","BURWASH A","2100181","2019-06-16 08:00","2019","06","16","08:00","10.5","","4.3","","66","","0.0","","12","","26","","16.1","","91.43","","","","","","NA"
"-139.04","61.37","BURWASH A","2100181","2019-06-16 09:00","2019","06","16","09:00","12.5","","4.5","","58","","0.0","","13","","26","","16.1","","91.39","","","","","","NA"
"-139.04","61.37","BURWASH A","2100181","2019-06-16 10:00","2019","06","16","10:00","14.1","","4.4","","52","","0.0","","11","","22","","16.1","","91.36","","","","","","NA"
"-139.04","61.37","BURWASH A","2100181","2019-06-16 11:00","2019","06","16","11:00","14.7","","4.6","","50","","0.0","","10","","24","","16.1","","91.34","","","","","","NA"
"-139.04","61.37","BURWASH A","2100181","2019-06-16 12:00","2019","06","16","12:00","15.9","","2.8","","41","","0.0","","12","","26","","16.1","","91.35","","","","","","NA"
"-139.04","61.37","BURWASH A","2100181","2019-06-16 13:00","2019","06","16","13:00","15.9","","2.2","","40","","0.0","","7","","11","","16.1","","91.37","","","","","","NA"
"-139.04","61.37","BURWASH A","2100181","2019-06-16 14:00","2019","06","16","14:00","15.7","","3.0","","42","","0.0","","31","","8","","16.1","","91.37","","","","","","NA"
"-139.04","61.37","BURWASH A","2100181","2019-06-16 15:00","2019","06","16","15:00","16.3","","1.6","","37","","0.0","","10","","15","","16.1","","91.38","","","","","","NA"
"-139.04","61.37","BURWASH A","2100181","2019-06-16 16:00","2019","06","16","16:00","16.9","","1.4","","35","","0.0","","12","","17","","16.1","","91.36","","","","","","NA"
"-139.04","61.37","BURWASH A","2100181","2019-06-16 17:00","2019","06","16","17:00","17.5","","1.6","","34","","0.0","","14","","26","","16.1","","91.31","","","","","","NA"
"-139.04","61.37","BURWASH A","2100181","2019-06-16 18:00","2019","06","16","18:00","15.8","","1.6","","38","","0.0","","13","","22","","16.1","","91.29","","","","","","NA"
"-139.04","61.37","BURWASH A","2100181","2019-06-16 19:00","2019","06","16","19:00","15.3","","1.8","","40","","0.0","","15","","28","","16.1","","91.27","","","","","","NA"
"-139.04","61.37","BURWASH A","2100181","2019-06-16 20:00","2019","06","16","20:00","15.0","","2.2","","42","","0.0","","13","","22","","16.1","","91.28","","","","","","NA"
"-139.04","61.37","BURWASH A","2100181","2019-06-16 21:00","2019","06","16","21:00","13.0","","3.4","","52","","0.0","","8","","17","","16.1","","91.28","","","","","","NA"
"-139.04","61.37","BURWASH A","2100181","2019-06-16 22:00","2019","06","16","22:00","12.3","","1.5","","47","","0.0","","13","","21","","16.1","","91.28","","","","","","NA"
"-139.04","61.37","BURWASH A","2100181","2019-06-16 23:00","2019","06","16","23:00","11.6","","-0.2","","44","","0.0","","13","","24","","16.1","","91.30","","","","","","NA"
"-139.04","61.37","BURWASH A","2100181","2019-06-17 00:00","2019","06","17","00:00","10.9","","0.1","","47","","0.0","","13","","21","","16.1","","91.31","","","","","","NA"
"-139.04","61.37","BURWASH A","2100181","2019-06-17 01:00","2019","06","17","01:00","9.3","","0.5","","54","","0.0","","15","","13","","16.1","","91.32","","","","","","NA"
"-139.04","61.37","BURWASH A","2100181","2019-06-17 02:00","2019","06","17","02:00","9.8","","1.2","","55","","0.0","","13","","17","","16.1","","91.30","","","","","","NA"
"-139.04","61.37","BURWASH A","2100181","2019-06-17 03:00","2019","06","17","03:00","5.4","","0.4","","70","","0.0","","","M","4","","16.1","","91.29","","","","","","NA"
"-139.04","61.37","BURWASH A","2100181","2019-06-17 04:00","2019","06","17","04:00","3.9","","-0.3","","74","","0.0","","","M","4","","16.1","","91.26","","","","","","NA"
"-139.04","61.37","BURWASH A","2100181","2019-06-17 05:00","2019","06","17","05:00","3.8","","0.5","","79","","0.0","","","","0","","16.1","","91.24","","","","","","NA"
"-139.04","61.37","BURWASH A","2100181","2019-06-17 06:00","2019","06","17","06:00","8.6","","3.9","","72","","0.0","","11","","9","","16.1","","91.23","","","","","","NA"
"-139.04","61.37","BURWASH A","2100181","2019-06-17 07:00","2019","06","17","07:00","10.5","","4.5","","66","","0.0","","10","","13","","16.1","","91.21","","","","","","NA"
"-139.04","61.37","BURWASH A","2100181","2019-06-17 08:00","2019","06","17","08:00","11.6","","4.4","","61","","0.0","","12","","22","","16.1","","91.17","","","","","","NA"
"-139.04","61.37","BURWASH A","2100181","2019-06-17 09:00","2019","06","17","09:00","12.0","","4.3","","59","","0.0","","13","","22","","16.1","","91.14","","","","","","NA"
"-139.04","61.37","BURWASH A","2100181","2019-06-17 10:00","2019","06","17","10:00","11.6","","4.6","","62","","0.0","","13","","21","","16.1","","91.12","","","","","","NA"
"-139.04","61.37","BURWASH A","2100181","2019-06-17 11:00","2019","06","17","11:00","12.7","","5.2","","60","","0.0","","11","","24","","16.1","","91.10","","","","","","NA"
"-139.04","61.37","BURWASH A","2100181","2019-06-17 12:00","2019","06","17","12:00","15.2","","4.5","","49","","0.0","","12","","26","","16.1","","91.05","","","","","","NA"
"-139.04","61.37","BURWASH A","2100181","2019-06-17 13:00","2019","06","17","13:00","15.1","","4.0","","47","","0.0","","13","","28","","16.1","","91.03","","","","","","NA"
"-139.04","61.37","BURWASH A","2100181","2019-06-17 14:00","2019","06","17","14:00","15.7","","4.6","","47","","0.0","","12","","26","","16.1","","91.00","","","","","","NA"
"-139.04","61.37","BURWASH A","2100181","2019-06-17 15:00","2019","06","17","15:00","17.3","","3.4","","39","","0.0","","11","","28","","16.1","","90.96","","","","","","NA"
"-139.04","61.37","BURWASH A","2100181","2019-06-17 16:00","2019","06","17","16:00","17.1","","3.6","","40","","0.0","","12","","30","","16.1","","90.94","","","","","","NA"
"-139.04","61.37","BURWASH A","2100181","2019-06-17 17:00","2019","06","17","17:00","16.9","","3.0","","39","","0.0","","11","","26","","16.1","","90.96","","","","","","NA"
"-139.04","61.37","BURWASH A","2100181","2019-06-17 18:00","2019","06","17","18:00","16.9","","2.7","","38","","0.0","","14","","37","","16.1","","90.93","","","","","","NA"
"-139.04","61.37","BURWASH A","2100181","2019-06-17 19:00","2019","06","17","19:00","15.9","","2.1","","39","","0.0","","14","","28","","16.1","","90.98","","","","","","NA"
"-139.04","61.37","BURWASH A","2100181","2019-06-17 20:00","2019","06","17","20:00","14.2","","1.9","","43","","0.0","","13","","17","","16.1","","91.01","","","","","","NA"
"-139.04","61.37","BURWASH A","2100181","2019-06-17 21:00","2019","06","17","21:00","14.0","","2.3","","45","","0.0","","","M","4","","16.1","","91.07","","","","","","NA"
"-139.04","61.37","BURWASH A","2100181","2019-06-17 22:00","2019","06","17","22:00","12.0","","6.1","","67","","0.0","","28","","13","","16.1","","91.15","","","","","","NA"
"-139.04","61.37","BURWASH A","2100181","2019-06-17 23:00","2019","06","17","23:00","9.8","","4.6","","70","","0.0","","24","","15","","16.1","","91.22","","","","","","NA"
"-139.04","61.37","BURWASH A","2100181","2019-06-18 00:00","2019","06","18","00:00","8.4","","3.9","","73","","0.0","","26","","11","","16.1","","91.27","","","","","","NA"
"-139.04","61.37","BURWASH A","2100181","2019-06-18 01:00","2019","06","18","01:00","6.7","","3.5","","80","","0.0","","29","","8","","16.1","","91.31","","","","","","NA"
"-139.04","61.37","BURWASH A","2100181","2019-06-18 02:00","2019","06","18","02:00","7.9","","3.8","","75","","0.0","","","M","8","","16.1","","91.36","","","","","","NA"
"-139.04","61.37","BURWASH A","2100181","2019-06-18 03:00","2019","06","18","03:00","7.3","","3.5","","77","","0.0","","","","0","","16.1","","91.40","","","","","","NA"
"-139.04","61.37","BURWASH A","2100181","2019-06-18 04:00","2019","06","18","04:00","6.1","","3.3","","82","","0.0","","","","0","","16.1","","91.44","","","","","","NA"
"-139.04","61.37","BURWASH A","2100181","2019-06-18 05:00","2019","06","18","05:00","8.1","","2.6","","68","","0.0","","8","","5","","16.1","","91.47","","","","","","NA"
"-139.04","61.37","BURWASH A","2100181","2019-06-18 06:00","2019","06","18","06:00","8.1","","4.1","","76","","0.0","","9","","9","","16.1","","91.50","","","","","","Rain"
"-139.04","61.37","BURWASH A","2100181","2019-06-18 07:00","2019","06","18","07:00","8.2","","2.8","","69","","0.0","","11","","11","","16.1","","91.54","","","","","","NA"
"-139.04","61.37","BURWASH A","2100181","2019-06-18 08:00","2019","06","18","08:00","9.0","","2.8","","65","","0.0","","9","","9","","16.1","","91.57","","","","","","NA"
"-139.04","61.37","BURWASH A","2100181","2019-06-18 09:00","2019","06","18","09:00","9.1","","4.9","","75","","0.5","","9","","9","","16.1","","91.58","","","","","","Rain"
"-139.04","61.37","BURWASH A","2100181","2019-06-18 10:00","2019","06","18","10:00","11.9","","2.5","","52","","0.0","","9","","11","","16.1","","91.55","","","","","","NA"
"-139.04","61.37","BURWASH A","2100181","2019-06-18 11:00","2019","06","18","11:00","13.9","","3.2","","48","","0.0","","12","","9","","16.1","","91.55","","","","","","NA"
"-139.04","61.37","BURWASH A","2100181","2019-06-18 12:00","2019","06","18","12:00","14.8","","3.8","","48","","0.0","","","M","8","","16.1","","91.56","","","","","","NA"
"-139.04","61.37","BURWASH A","2100181","2019-06-18 13:00","2019","06","18","13:00","14.9","","3.8","","47","","0.0","","4","","8","","16.1","","91.56","","","","","","NA"
"-139.04","61.37","BURWASH A","2100181","2019-06-18 14:00","2019","06","18","14:00","15.4","","3.1","","44","","0.0","","","M","4","","16.1","","91.57","","","","","","NA"
"-139.04","61.37","BURWASH A","2100181","2019-06-18 15:00","2019","06","18","15:00","13.4","","6.0","","61","","0.0","","31","","8","","16.1","","91.61","","","","","","Rain"
"-139.04","61.37","BURWASH A","2100181","2019-06-18 16:00","2019","06","18","16:00","15.5","","4.4","","47","","0.0","","28","","15","","16.1","","91.59","","","","","","NA"
"-139.04","61.37","BURWASH A","2100181","2019-06-18 17:00","2019","06","18","17:00","15.6","","5.2","","50","","0.0","","24","","11","","16.1","","91.58","","","","","","NA"
"-139.04","61.37","BURWASH A","2100181","2019-06-18 18:00","2019","06","18","18:00","14.4","","5.9","","56","","0.0","","32","","17","","16.1","","91.60","","","","","","NA"
"-139.04","61.37","BURWASH A","2100181","2019-06-18 19:00","2019","06","18","19:00","10.6","","8.0","","84","","1.2","","15","","11","","11.3","","91.72","","","","","","Moderate Rain"
"-139.04","61.37","BURWASH A","2100181","2019-06-18 20:00","2019","06","18","20:00","9.5","","8.6","","94","","5.0","","","","0","","6.4","","91.78","","","","","","Moderate Rain,Fog"
"-139.04","61.37","BURWASH A","2100181","2019-06-18 21:00","2019","06","18","21:00","9.1","","8.7","","97","","6.3","","","M","4","","6.4","","91.82","","","","","","Heavy Rain,Fog"
"-139.04","61.37","BURWASH A","2100181","2019-06-18 22:00","2019","06","18","22:00","8.3","","7.7","","96","","4.0","","15","","5","","12.9","","91.85","","","","","","Rain"
"-139.04","61.37","BURWASH A","2100181","2019-06-18 23:00","2019","06","18","23:00","8.1","","7.7","","97","","1.5","","10","","8","","11.3","","91.90","","","","","","Moderate Rain"
"-139.04","61.37","BURWASH A","2100181","2019-06-19 00:00","2019","06","19","00:00","7.6","","7.2","","97","","2.5","","8","","4","","14.5","","91.96","","","","","","Rain"
"-139.04","61.37","BURWASH A","2100181","2019-06-19 01:00","2019","06","19","01:00","7.6","","7.0","","96","","0.5","","","","0","","8.1","","92.01","","","","","","Rain,Fog"
"-139.04","61.37","BURWASH A","2100181","2019-06-19 02:00","2019","06","19","02:00","7.1","","6.7","","97","","1.0","","","M","4","","9.7","","92.07","","","","","","Rain,Fog"
"-139.04","61.37","BURWASH A","2100181","2019-06-19 03:00","2019","06","19","03:00","7.0","","6.6","","97","","0.5","","13","","5","","6.4","","92.14","","","","","","Rain,Fog"
"-139.04","61.37","BURWASH A","2100181","2019-06-19 04:00","2019","06","19","04:00","6.6","","6.2","","97","","1.0","","","M","4","","4.8","","92.20","","","","","","Rain,Fog"
"-139.04","61.37","BURWASH A","2100181","2019-06-19 05:00","2019","06","19","05:00","6.4","","6.0","","97","","0.5","","10","","4","","6.4","","92.28","","","","","","Rain,Fog"
"-139.04","61.37","BURWASH A","2100181","2019-06-19 06:00","2019","06","19","06:00","6.4","","5.8","","96","","0.0","","11","","5","","16.1","","92.33","","","","","","NA"
"-139.04","61.37","BURWASH A","2100181","2019-06-19 07:00","2019","06","19","07:00","6.4","","5.8","","96","","0.5","","10","","5","","6.4","","92.39","","","","","","Rain,Fog"
"-139.04","61.37","BURWASH A","2100181","2019-06-19 08:00","2019","06","19","08:00","6.7","","6.3","","97","","3.0","","","M","4","","4.8","","92.43","","","","","","Rain,Fog"
"-139.04","61.37","BURWASH A","2100181","2019-06-19 09:00","2019","06","19","09:00","7.1","","6.5","","96","","0.5","","","","0","","16.1","","92.50","","","","","","NA"
"-139.04","61.37","BURWASH A","2100181","2019-06-19 10:00","2019","06","19","10:00","8.6","","7.7","","94","","0.0","","","","0","","16.1","","92.53","","","","","","NA"
"-139.04","61.37","BURWASH A","2100181","2019-06-19 11:00","2019","06","19","11:00","8.9","","8.2","","95","","0.0","","10","","5","","16.1","","92.55","","","","","","NA"
"-139.04","61.37","BURWASH A","2100181","2019-06-19 12:00","2019","06","19","12:00","9.0","","7.7","","91","","0.2","","10","","8","","16.1","","92.57","","","","","","NA"
"-139.04","61.37","BURWASH A","2100181","2019-06-19 13:00","2019","06","19","13:00","10.2","","8.9","","92","","0.0","","11","","8","","16.1","","92.58","","","","","","NA"
"-139.04","61.37","BURWASH A","2100181","2019-06-19 14:00","2019","06","19","14:00","12.5","","10.2","","86","","0.0","","10","","9","","16.1","","92.56","","","","","","NA"
"-139.04","61.37","BURWASH A","2100181","2019-06-19 15:00","2019","06","19","15:00","12.9","","9.7","","81","","0.0","","12","","13","","16.1","","92.57","","","","","","NA"
"-139.04","61.37","BURWASH A","2100181","2019-06-19 16:00","2019","06","19","16:00","17.1","","9.9","","62","","0.0","","17","","5","","16.1","","92.55","","","","","","NA"
"-139.04","61.37","BURWASH A","2100181","2019-06-19 17:00","2019","06","19","17:00","18.2","","8.5","","53","","0.0","","30","","9","","16.1","","92.59","","","","","","NA"
"-139.04","61.37","BURWASH A","2100181","2019-06-19 18:00","2019","06","19","18:00","16.2","","10.0","","66","","0.0","","33","","5","","16.1","","92.65","","","","","","NA"
"-139.04","61.37","BURWASH A","2100181","2019-06-19 19:00","2019","06","19","19:00","14.5","","10.1","","75","","0.2","","11","","8","","16.1","","92.67","","","","","","NA"
"-139.04","61.37","BURWASH A","2100181","2019-06-19 20:00","2019","06","19","20:00","13.9","","10.4","","79","","0.0","","27","","9","","16.1","","92.72","","","","","","NA"
"-139.04","61.37","BURWASH A","2100181","2019-06-19 21:00","2019","06","19","21:00","12.6","","8.3","","75","","0.0","","26","","8","","16.1","","92.75","","","","","","NA"
"-139.04","61.37","BURWASH A","2100181","2019-06-19 22:00","2019","06","19","22:00","11.8","","9.6","","86","","0.0","","","","0","","16.1","","92.78","","","","","","NA"
"-139.04","61.37","BURWASH A","2100181","2019-06-19 23:00","2019","06","19","23:00","10.1","","8.2","","88","","0.0","","32","","8","","16.1","","92.82","","","","","","NA"
"-139.04","61.37","BURWASH A","2100181","2019-06-20 00:00","2019","06","20","00:00","9.4","","7.7","","89","","0.0","","28","","11","","16.1","","92.89","","","","","","NA"
"-139.04","61.37","BURWASH A","2100181","2019-06-20 01:00","2019","06","20","01:00","10.9","","7.4","","79","","0.0","","","M","11","","16.1","","92.92","","","","","","NA"
"-139.04","61.37","BURWASH A","2100181","2019-06-20 02:00","2019","06","20","02:00","9.4","","8.7","","95","","0.0","","","","0","","16.1","","93.00","","","","","","NA"
"-139.04","61.37","BURWASH A","2100181","2019-06-20 03:00","2019","06","20","03:00","9.9","","8.8","","93","","0.2","","7","","5","","16.1","","93.03","","","","","","Rain"
"-139.04","61.37","BURWASH A","2100181","2019-06-20 04:00","2019","06","20","04:00","6.6","","6.3","","98","","0.0","","","","0","","11.3","","93.06","","","","","","NA"
"-139.04","61.37","BURWASH A","2100181","2019-06-20 05:00","2019","06","20","05:00","6.1","","6.0","","99","","0.0","","","","0","","16.1","","93.10","","","","","","NA"
"-139.04","61.37","BURWASH A","2100181","2019-06-20 06:00","2019","06","20","06:00","8.4","","7.7","","95","","0.0","","3","","5","","16.1","","93.12","","","","","","NA"
"-139.04","61.37","BURWASH A","2100181","2019-06-20 07:00","2019","06","20","07:00","10.0","","8.6","","91","","0.0","","6","","9","","16.1","","93.12","","","","","","NA"
"-139.04","61.37","BURWASH A","2100181","2019-06-20 08:00","2019","06","20","08:00","12.8","","8.9","","77","","0.0","","18","","5","","16.1","","93.13","","","","","","NA"
"-139.04","61.37","BURWASH A","2100181","2019-06-20 09:00","2019","06","20","09:00","15.5","","7.8","","60","","0.0","","11","","9","","16.1","","93.13","","","","","","NA"
"-139.04","61.37","BURWASH A","2100181","2019-06-20 10:00","2019","06","20","10:00","15.9","","7.9","","59","","0.0","","9","","8","","16.1","","93.11","","","","","","NA"
"-139.04","61.37","BURWASH A","2100181","2019-06-20 11:00","2019","06","20","11:00","17.4","","8.0","","54","","0.0","","13","","8","","16.1","","93.07","","","","","","NA"
"-139.04","61.37","BURWASH A","2100181","2019-06-20 12:00","2019","06","20","12:00","18.6","","6.9","","46","","0.0","","","M","5","","16.1","","93.02","","","","","","NA"
"-139.04","61.37","BURWASH A","2100181","2019-06-20 13:00","2019","06","20","13:00","21.3","","4.0","","32","","0.0","","10","","9","","16.1","","92.98","","","","","","NA"
"-139.04","61.37","BURWASH A","2100181","2019-06-20 14:00","2019","06","20","14:00","21.8","","1.9","","27","","0.0","","7","","13","","16.1","","92.94","","","","","","NA"
"-139.04","61.37","BURWASH A","2100181","2019-06-20 15:00","2019","06","20","15:00","21.7","","3.8","","31","","0.0","","11","","13","","16.1","","92.92","","","","","","NA"
"-139.04","61.37","BURWASH A","2100181","2019-06-20 16:00","2019","06","20","16:00","22.5","","1.3","","24","","0.0","","12","","17","","16.1","","92.88","","","","","","NA"
"-139.04","61.37","BURWASH A","2100181","2019-06-20 17:00","2019","06","20","17:00","22.5","","2.1","","26","","0.0","","12","","17","","16.1","","92.83","","","","","","NA"
"-139.04","61.37","BURWASH A","2100181","2019-06-20 18:00","2019","06","20","18:00","22.5","","1.0","","24","","0.0","","11","","11","","16.1","","92.80","","","","","","NA"
"-139.04","61.37","BURWASH A","2100181","2019-06-20 19:00","2019","06","20","19:00","22.4","","2.0","","26","","0.0","","9","","9","","16.1","","92.76","","","","","","NA"
"-139.04","61.37","BURWASH A","2100181","2019-06-20 20:00","2019","06","20","20:00","21.8","","3.1","","29","","0.0","","10","","9","","16.1","","92.73","","","","","","NA"
"-139.04","61.37","BURWASH A","2100181","2019-06-20 21:00","2019","06","20","21:00","18.7","","4.3","","38","","0.0","","6","","5","","16.1","","92.72","","","","","","NA"
"-139.04","61.37","BURWASH A","2100181","2019-06-20 22:00","2019","06","20","22:00","13.2","","6.1","","62","","0.0","","31","","5","","16.1","","92.73","","","","","","NA"
"-139.04","61.37","BURWASH A","2100181","2019-06-20 23:00","2019","06","20","23:00","10.9","","6.4","","73","","0.0","","","","0","","16.1","","92.76","","","","","","NA"
"-139.04","61.37","BURWASH A","2100181","2019-06-21 00:00","2019","06","21","00:00","9.5","","5.7","","77","","0.0","","","","0","","16.1","","92.77","","","","","","NA"
"-139.04","61.37","BURWASH A","2100181","2019-06-21 01:00","2019","06","21","01:00","8.5","","5.9","","84","","0.0","","","M","4","","16.1","","92.75","","","","","","NA"
"-139.04","61.37","BURWASH A","2100181","2019-06-21 02:00","2019","06","21","02:00","8.0","","5.9","","86","","0.0","","","M","4","","16.1","","92.76","","","","","","NA"
"-139.04","61.37","BURWASH A","2100181","2019-06-21 03:00","2019","06","21","03:00","6.4","","5.0","","91","","0.0","","","","0","","16.1","","92.77","","","","","","NA"
"-139.04","61.37","BURWASH A","2100181","2019-06-21 04:00","2019","06","21","04:00","4.6","","2.9","","88","","0.0","","","M","4","","16.1","","92.77","","","","","","NA"
"-139.04","61.37","BURWASH A","2100181","2019-06-21 05:00","2019","06","21","05:00","4.9","","3.1","","88","","0.0","","28","","5","","16.1","","92.77","","","","","","NA"
"-139.04","61.37","BURWASH A","2100181","2019-06-21 06:00","2019","06","21","06:00","7.2","","5.3","","88","","0.0","","","M","4","","16.1","","92.74","","","","","","NA"
"-139.04","61.37","BURWASH A","2100181","2019-06-21 07:00","2019","06","21","07:00","10.8","","6.3","","73","","0.0","","","M","4","","16.1","","92.70","","","","","","NA"
"-139.04","61.37","BURWASH A","2100181","2019-06-21 08:00","2019","06","21","08:00","12.9","","6.7","","66","","0.0","","8","","8","","16.1","","92.65","","","","","","NA"
"-139.04","61.37","BURWASH A","2100181","2019-06-21 09:00","2019","06","21","09:00","14.7","","5.1","","52","","0.0","","11","","11","","16.1","","92.59","","","","","","NA"
"-139.04","61.37","BURWASH A","2100181","2019-06-21 10:00","2019","06","21","10:00","16.6","","4.7","","45","","0.0","","11","","15","","16.1","","92.54","","","","","","NA"
"-139.04","61.37","BURWASH A","2100181","2019-06-21 11:00","2019","06","21","11:00","18.5","","5.7","","43","","0.0","","12","","11","","16.1","","92.45","","","","","","NA"
"-139.04","61.37","BURWASH A","2100181","2019-06-21 12:00","2019","06","21","12:00","20.3","","4.3","","35","","0.0","","11","","11","","16.1","","92.36","","","","","","NA"
"-139.04","61.37","BURWASH A","2100181","2019-06-21 13:00","2019","06","21","13:00","22.0","","1.8","","26","","0.0","","10","","11","","16.1","","92.28","","","","","","NA"
"-139.04","61.37","BURWASH A","2100181","2019-06-21 14:00","2019","06","21","14:00","23.0","","-2.7","","18","","0.0","","11","","13","","16.1","","92.22","","","","","","NA"
"-139.04","61.37","BURWASH A","2100181","2019-06-21 15:00","2019","06","21","15:00","23.2","","-1.3","","19","","0.0","","12","","13","","16.1","","92.14","","","","","","NA"
"-139.04","61.37","BURWASH A","2100181","2019-06-21 16:00","2019","06","21","16:00","24.1","","0.6","","21","","0.0","","14","","13","","16.1","","92.06","","","","","","NA"
"-139.04","61.37","BURWASH A","2100181","2019-06-21 17:00","2019","06","21","17:00","23.3","","1.9","","24","","0.0","","9","","13","","16.1","","92.00","","","","","","NA"
"-139.04","61.37","BURWASH A","2100181","2019-06-21 18:00","2019","06","21","18:00","23.4","","0.9","","22","","0.0","","12","","11","","16.1","","91.93","","","","","","NA"
"-139.04","61.37","BURWASH A","2100181","2019-06-21 19:00","2019","06","21","19:00","23.7","","2.6","","25","","0.0","","12","","15","","16.1","","91.87","","","","","","NA"
"-139.04","61.37","BURWASH A","2100181","2019-06-21 20:00","2019","06","21","20:00","21.6","","5.9","","36","","0.0","","15","","11","","16.1","","91.85","","","","","","NA"
"-139.04","61.37","BURWASH A","2100181","2019-06-21 21:00","2019","06","21","21:00","19.8","","6.0","","40","","0.0","","12","","4","","16.1","","91.83","","","","","","NA"
"-139.04","61.37","BURWASH A","2100181","2019-06-21 22:00","2019","06","21","22:00","17.3","","6.5","","49","","0.0","","","M","4","","16.1","","91.81","","","","","","NA"
"-139.04","61.37","BURWASH A","2100181","2019-06-21 23:00","2019","06","21","23:00","16.9","","4.7","","44","","0.0","","13","","8","","16.1","","91.83","","","","","","NA"
"-139.04","61.37","BURWASH A","2100181","2019-06-22 00:00","2019","06","22","00:00","16.6","","3.0","","40","","0.0","","7","","9","","16.1","","91.84","","","","","","NA"
"-139.04","61.37","BURWASH A","2100181","2019-06-22 01:00","2019","06","22","01:00","15.5","","3.1","","43","","0.0","","11","","11","","16.1","","91.84","","","","","","NA"
"-139.04","61.37","BURWASH A","2100181","2019-06-22 02:00","2019","06","22","02:00","14.7","","3.6","","47","","0.0","","6","","9","","16.1","","91.84","","","","","","NA"
"-139.04","61.37","BURWASH A","2100181","2019-06-22 03:00","2019","06","22","03:00","12.7","","4.5","","57","","0.0","","","M","5","","16.1","","91.86","","","","","","NA"
"-139.04","61.37","BURWASH A","2100181","2019-06-22 04:00","2019","06","22","04:00","12.2","","5.6","","64","","0.0","","19","","8","","16.1","","91.87","","","","","","NA"
"-139.04","61.37","BURWASH A","2100181","2019-06-22 05:00","2019","06","22","05:00","12.0","","6.3","","68","","0.0","","12","","8","","16.1","","91.88","","","","","","NA"
"-139.04","61.37","BURWASH A","2100181","2019-06-22 06:00","2019","06","22","06:00","11.4","","6.4","","71","","0.0","","","M","4","","16.1","","91.88","","","","","","NA"
"-139.04","61.37","BURWASH A","2100181","2019-06-22 07:00","2019","06","22","07:00","12.3","","6.6","","68","","0.0","","9","","5","","16.1","","91.88","","","","","","NA"
"-139.04","61.37","BURWASH A","2100181","2019-06-22 08:00","2019","06","22","08:00","11.9","","7.4","","74","","0.0","","1","","5","","16.1","","91.87","","","","","","Rain"
"-139.04","61.37","BURWASH A","2100181","2019-06-22 09:00","2019","06","22","09:00","11.4","","7.9","","79","","0.2","","","","0","","16.1","","91.88","","","","","","NA"
"-139.04","61.37","BURWASH A","2100181","2019-06-22 10:00","2019","06","22","10:00","12.8","","6.8","","67","","0.0","","","M","4","","16.1","","91.88","","","","","","NA"
"-139.04","61.37","BURWASH A","2100181","2019-06-22 11:00","2019","06","22","11:00","13.8","","5.8","","58","","0.0","","","","0","","16.1","","91.87","","","","","","NA"
"-139.04","61.37","BURWASH A","2100181","2019-06-22 12:00","2019","06","22","12:00","15.9","","5.7","","50","","0.0","","","M","5","","16.1","","91.84","","","","","","NA"
"-139.04","61.37","BURWASH A","2100181","2019-06-22 13:00","2019","06","22","13:00","17.0","","6.0","","48","","0.0","","11","","13","","16.1","","91.79","","","","","","NA"
"-139.04","61.37","BURWASH A","2100181","2019-06-22 14:00","2019","06","22","14:00","17.4","","6.1","","47","","0.0","","11","","15","","16.1","","91.75","","","","","","NA"
"-139.04","61.37","BURWASH A","2100181","2019-06-22 15:00","2019","06","22","15:00","18.6","","6.9","","46","","0.0","","10","","18","","16.1","","91.69","","","","","","NA"
"-139.04","61.37","BURWASH A","2100181","2019-06-22 16:00","2019","06","22","16:00","18.2","","7.1","","48","","0.0","","10","","15","","16.1","","91.64","","","","","","NA"
"-139.04","61.37","BURWASH A","2100181","2019-06-22 17:00","2019","06","22","17:00","17.5","","6.7","","49","","0.0","","15","","21","","16.1","","91.66","","","","","","NA"
"-139.04","61.37","BURWASH A","2100181","2019-06-22 18:00","2019","06","22","18:00","16.6","","8.0","","57","","0.0","","11","","21","","16.1","","91.69","","","","","","NA"
"-139.04","61.37","BURWASH A","2100181","2019-06-22 19:00","2019","06","22","19:00","16.5","","8.1","","57","","0.0","","12","","8","","16.1","","91.68","","","","","","NA"
"-139.04","61.37","BURWASH A","2100181","2019-06-22 20:00","2019","06","22","20:00","15.4","","8.3","","62","","0.0","","8","","9","","16.1","","91.67","","","","","","NA"
"-139.04","61.37","BURWASH A","2100181","2019-06-22 21:00","2019","06","22","21:00","13.1","","7.8","","70","","0.0","","11","","17","","16.1","","91.71","","","","","","NA"
"-139.04","61.37","BURWASH A","2100181","2019-06-22 22:00","2019","06","22","22:00","13.6","","6.7","","63","","0.0","","9","","11","","16.1","","91.75","","","","","","NA"
"-139.04","61.37","BURWASH A","2100181","2019-06-22 23:00","2019","06","22","23:00","11.5","","8.1","","80","","0.0","","9","","17","","16.1","","91.81","","","","","","NA"
"-139.04","61.37","BURWASH A","2100181","2019-06-23 00:00","2019","06","23","00:00","12.8","","6.7","","66","","0.0","","13","","11","","16.1","","91.88","","","","","","NA"
"-139.04","61.37","BURWASH A","2100181","2019-06-23 01:00","2019","06","23","01:00","11.3","","7.8","","79","","0.0","","9","","13","","16.1","","91.94","","","","","","Rain"
"-139.04","61.37","BURWASH A","2100181","2019-06-23 02:00","2019","06","23","02:00","9.5","","8.2","","92","","0.0","","","M","4","","16.1","","91.97","","","","","","NA"
"-139.04","61.37","BURWASH A","2100181","2019-06-23 03:00","2019","06","23","03:00","9.9","","7.5","","85","","0.0","","14","","5","","16.1","","92.02","","","","","","NA"
"-139.04","61.37","BURWASH A","2100181","2019-06-23 04:00","2019","06","23","04:00","9.1","","7.9","","92","","0.0","","29","","8","","16.1","","92.00","","","","","","NA"
"-139.04","61.37","BURWASH A","2100181","2019-06-23 05:00","2019","06","23","05:00","9.8","","7.8","","87","","0.0","","35","","9","","16.1","","92.01","","","","","","NA"
"-139.04","61.37","BURWASH A","2100181","2019-06-23 06:00","2019","06","23","06:00","10.5","","8.4","","87","","0.0","","","","0","","16.1","","92.06","","","","","","NA"
"-139.04","61.37","BURWASH A","2100181","2019-06-23 07:00","2019","06","23","07:00","11.3","","8.8","","84","","0.0","","","M","4","","16.1","","92.09","","","","","","NA"
"-139.04","61.37","BURWASH A","2100181","2019-06-23 08:00","2019","06","23","08:00","11.9","","9.2","","84","","0.0","","","M","4","","16.1","","92.10","","","","","","NA"
"-139.04","61.37","BURWASH A","2100181","2019-06-23 09:00","2019","06","23","09:00","13.1","","9.1","","77","","0.0","","","","0","","16.1","","92.12","","","","","","NA"
"-139.04","61.37","BURWASH A","2100181","2019-06-23 10:00","2019","06","23","10:00","16.6","","9.8","","64","","0.0","","","M","9","","16.1","","92.12","","","","","","NA"
"-139.04","61.37","BURWASH A","2100181","2019-06-23 11:00","2019","06","23","11:00","18.8","","7.8","","48","","0.0","","30","","22","","16.1","","92.07","","","","","","NA"
"-139.04","61.37","BURWASH A","2100181","2019-06-23 12:00","2019","06","23","12:00","19.9","","6.8","","42","","0.0","","32","","18","","16.1","","92.05","","","","","","NA"
"-139.04","61.37","BURWASH A","2100181","2019-06-23 13:00","2019","06","23","13:00","20.2","","7.9","","45","","0.0","","31","","17","","16.1","","92.01","","","","","","NA"
"-139.04","61.37","BURWASH A","2100181","2019-06-23 14:00","2019","06","23","14:00","18.2","","8.8","","54","","0.0","","","M","15","","16.1","","91.99","","","","","","NA"
"-139.04","61.37","BURWASH A","2100181","2019-06-23 15:00","2019","06","23","15:00","14.2","","7.4","","64","","0.0","","9","","21","","16.1","","92.09","","","","","","Rain"
"-139.04","61.37","BURWASH A","2100181","2019-06-23 16:00","2019","06","23","16:00","11.5","","9.6","","88","","2.0","","17","","24","","16.1","","92.26","","","","","","Rain"
"-139.04","61.37","BURWASH A","2100181","2019-06-23 17:00","2019","06","23","17:00","12.9","","10.2","","83","","1.0","","34","","9","","16.1","","92.21","","","","","","NA"
"-139.04","61.37","BURWASH A","2100181","2019-06-23 18:00","2019","06","23","18:00","12.6","","10.5","","87","","0.0","","","M","4","","16.1","","92.16","","","","","","NA"
"-139.04","61.37","BURWASH A","2100181","2019-06-23 19:00","2019","06","23","19:00","12.2","","10.4","","89","","0.0","","4","","5","","16.1","","92.14","","","","","","NA"
"-139.04","61.37","BURWASH A","2100181","2019-06-23 20:00","2019","06","23","20:00","12.6","","10.8","","88","","0.0","","","","0","","16.1","","92.14","","","","","","NA"
"-139.04","61.37","BURWASH A","2100181","2019-06-23 21:00","2019","06","23","21:00","12.2","","10.6","","90","","0.0","","","M","4","","16.1","","92.16","","","","","","NA"
"-139.04","61.37","BURWASH A","2100181","2019-06-23 22:00","2019","06","23","22:00","11.1","","10.5","","96","","0.0","","","","0","","16.1","","92.13","","","","","","NA"
"-139.04","61.37","BURWASH A","2100181","2019-06-23 23:00","2019","06","23","23:00","10.0","","9.6","","97","","0.0","","","","0","","16.1","","92.15","","","","","","NA"
"-139.04","61.37","BURWASH A","2100181","2019-06-24 00:00","2019","06","24","00:00","9.8","","9.2","","96","","0.0","","","M","4","","16.1","","92.17","","","","","","NA"
"-139.04","61.37","BURWASH A","2100181","2019-06-24 01:00","2019","06","24","01:00","11.1","","9.7","","91","","0.0","","6","","8","","16.1","","92.20","","","","","","NA"
"-139.04","61.37","BURWASH A","2100181","2019-06-24 02:00","2019","06","24","02:00","10.0","","9.6","","97","","0.0","","","","0","","16.1","","92.24","","","","","","Rain"
"-139.04","61.37","BURWASH A","2100181","2019-06-24 03:00","2019","06","24","03:00","9.4","","9.1","","98","","0.0","","","M","4","","16.1","","92.27","","","","","","NA"
"-139.04","61.37","BURWASH A","2100181","2019-06-24 04:00","2019","06","24","04:00","8.3","","8.0","","98","","0.0","","","M","5","","12.9","","92.28","","","","","","NA"
"-139.04","61.37","BURWASH A","2100181","2019-06-24 05:00","2019","06","24","05:00","7.7","","7.6","","99","","0.0","","","M","4","","14.5","","92.30","","","","","","NA"
"-139.04","61.37","BURWASH A","2100181","2019-06-24 06:00","2019","06","24","06:00","9.7","","9.4","","98","","0.2","","","","0","","16.1","","92.29","","","","","","NA"
"-139.04","61.37","BURWASH A","2100181","2019-06-24 07:00","2019","06","24","07:00","11.8","","9.3","","84","","0.0","","","M","4","","16.1","","92.27","","","","","","NA"
"-139.04","61.37","BURWASH A","2100181","2019-06-24 08:00","2019","06","24","08:00","12.4","","9.4","","82","","0.0","","","M","4","","16.1","","92.27","","","","","","NA"
"-139.04","61.37","BURWASH A","2100181","2019-06-24 09:00","2019","06","24","09:00","13.1","","10.3","","83","","0.0","","","","0","","16.1","","92.27","","","","","","NA"
"-139.04","61.37","BURWASH A","2100181","2019-06-24 10:00","2019","06","24","10:00","15.2","","9.7","","69","","0.0","","","M","4","","16.1","","92.24","","","","","","NA"
"-139.04","61.37","BURWASH A","2100181","2019-06-24 11:00","2019","06","24","11:00","17.7","","8.6","","55","","0.0","","34","","5","","16.1","","92.21","","","","","","NA"
"-139.04","61.37","BURWASH A","2100181","2019-06-24 12:00","2019","06","24","12:00","18.9","","8.7","","51","","0.0","","","M","4","","16.1","","92.17","","","","","","NA"
"-139.04","61.37","BURWASH A","2100181","2019-06-24 13:00","2019","06","24","13:00","21.5","","7.7","","41","","0.0","","","M","5","","16.1","","92.10","","","","","","NA"
"-139.04","61.37","BURWASH A","2100181","2019-06-24 14:00","2019","06","24","14:00","22.5","","5.9","","34","","0.0","","10","","8","","16.1","","92.00","","","","","","NA"
"-139.04","61.37","BURWASH A","2100181","2019-06-24 15:00","2019","06","24","15:00","22.9","","5.8","","33","","0.0","","7","","8","","16.1","","91.96","","","","","","NA"
"-139.04","61.37","BURWASH A","2100181","2019-06-24 16:00","2019","06","24","16:00","18.5","","8.8","","53","","0.0","","32","","24","","16.1","","91.97","","","","","","Rain"
"-139.04","61.37","BURWASH A","2100181","2019-06-24 17:00","2019","06","24","17:00","17.8","","11.9","","68","","0.2","","29","","8","","16.1","","91.99","","","","","","NA"
"-139.04","61.37","BURWASH A","2100181","2019-06-24 18:00","2019","06","24","18:00","17.7","","9.2","","57","","0.0","","31","","21","","16.1","","92.07","","","","","","NA"
"-139.04","61.37","BURWASH A","2100181","2019-06-24 19:00","2019","06","24","19:00","15.9","","8.9","","63","","0.0","","1","","8","","16.1","","92.13","","","","","","Rain"
"-139.04","61.37","BURWASH A","2100181","2019-06-24 20:00","2019","06","24","20:00","15.1","","7.8","","62","","0.0","","","M","8","","16.1","","92.20","","","","","","Rain"
"-139.04","61.37","BURWASH A","2100181","2019-06-24 21:00","2019","06","24","21:00","14.2","","8.7","","69","","0.0","","","M","4","","16.1","","92.26","","","","","","Rain"
"-139.04","61.37","BURWASH A","2100181","2019-06-24 22:00","2019","06","24","22:00","12.9","","10.0","","82","","0.0","","29","","5","","16.1","","92.28","","","","","","NA"
"-139.04","61.37","BURWASH A","2100181","2019-06-24 23:00","2019","06","24","23:00","12.4","","10.1","","86","","0.0","","32","","9","","16.1","","92.31","","","","","","Rain"
"-139.04","61.37","BURWASH A","2100181","2019-06-25 00:00","2019","06","25","00:00","11.1","","10.5","","96","","0.8","","35","","4","","16.1","","92.27","","","","","","NA"
"-139.04","61.37","BURWASH A","2100181","2019-06-25 01:00","2019","06","25","01:00","10.6","","9.7","","94","","0.0","","29","","4","","16.1","","92.31","","","","","","NA"
"-139.04","61.37","BURWASH A","2100181","2019-06-25 02:00","2019","06","25","02:00","10.1","","9.8","","98","","0.0","","31","","8","","16.1","","92.31","","","","","","NA"
"-139.04","61.37","BURWASH A","2100181","2019-06-25 03:00","2019","06","25","03:00","10.3","","9.5","","95","","0.0","","","M","4","","16.1","","92.31","","","","","","NA"
"-139.04","61.37","BURWASH A","2100181","2019-06-25 04:00","2019","06","25","04:00","9.9","","9.0","","94","","0.0","","32","","4","","16.1","","92.34","","","","","","NA"
"-139.04","61.37","BURWASH A","2100181","2019-06-25 05:00","2019","06","25","05:00","9.8","","9.0","","95","","0.0","","","","0","","16.1","","92.35","","","","","","NA"
"-139.04","61.37","BURWASH A","2100181","2019-06-25 06:00","2019","06","25","06:00","10.6","","9.7","","94","","0.0","","36","","8","","16.1","","92.36","","","","","","NA"
"-139.04","61.37","BURWASH A","2100181","2019-06-25 07:00","2019","06","25","07:00","12.0","","10.6","","91","","0.0","","30","","5","","16.1","","92.38","","","","","","NA"
"-139.04","61.37","BURWASH A","2100181","2019-06-25 08:00","2019","06","25","08:00","12.7","","10.5","","86","","0.0","","31","","5","","16.1","","92.39","","","","","","NA"
"-139.04","61.37","BURWASH A","2100181","2019-06-25 09:00","2019","06","25","09:00","14.1","","11.1","","82","","0.0","","","M","4","","16.1","","92.38","","","","","","NA"
"-139.04","61.37","BURWASH A","2100181","2019-06-25 10:00","2019","06","25","10:00","15.3","","11.3","","77","","0.0","","","M","4","","16.1","","92.37","","","","","","NA"
"-139.04","61.37","BURWASH A","2100181","2019-06-25 11:00","2019","06","25","11:00","16.7","","10.5","","67","","0.0","","","M","4","","16.1","","92.34","","","","","","NA"
"-139.04","61.37","BURWASH A","2100181","2019-06-25 12:00","2019","06","25","12:00","18.1","","10.6","","61","","0.0","","","M","5","","16.1","","92.31","","","","","","NA"
"-139.04","61.37","BURWASH A","2100181","2019-06-25 13:00","2019","06","25","13:00","18.9","","8.6","","51","","0.0","","","M","8","","16.1","","92.28","","","","","","NA"
"-139.04","61.37","BURWASH A","2100181","2019-06-25 14:00","2019","06","25","14:00","19.8","","10.2","","54","","0.0","","","M","5","","16.1","","92.24","","","","","","NA"
"-139.04","61.37","BURWASH A","2100181","2019-06-25 15:00","2019","06","25","15:00","19.1","","9.4","","53","","0.0","","28","","15","","16.1","","92.24","","","","","","NA"
"-139.04","61.37","BURWASH A","2100181","2019-06-25 16:00","2019","06","25","16:00","21.2","","7.3","","40","","0.0","","","M","8","","16.1","","92.19","","","","","","NA"
"-139.04","61.37","BURWASH A","2100181","2019-06-25 17:00","2019","06","25","17:00","19.1","","9.4","","53","","0.0","","9","","11","","16.1","","92.22","","","","","","NA"
"-139.04","61.37","BURWASH A","2100181","2019-06-25 18:00","2019","06","25","18:00","18.7","","8.2","","50","","0.0","","","M","9","","16.1","","92.24","","","","","","NA"
"-139.04","61.37","BURWASH A","2100181","2019-06-25 19:00","2019","06","25","19:00","18.8","","8.2","","50","","0.0","","23","","9","","16.1","","92.25","","","","","","NA"
"-139.04","61.37","BURWASH A","2100181","2019-06-25 20:00","2019","06","25","20:00","18.4","","7.2","","48","","0.0","","32","","8","","16.1","","92.29","","","","","","NA"
"-139.04","61.37","BURWASH A","2100181","2019-06-25 21:00","2019","06","25","21:00","17.0","","8.2","","56","","0.0","","28","","9","","16.1","","92.31","","","","","","NA"
"-139.04","61.37","BURWASH A","2100181","2019-06-25 22:00","2019","06","25","22:00","15.9","","9.1","","64","","0.0","","27","","4","","16.1","","92.37","","","","","","NA"
"-139.04","61.37","BURWASH A","2100181","2019-06-25 23:00","2019","06","25","23:00","14.5","","8.7","","68","","0.0","","","M","4","","16.1","","92.43","","","","","","NA"
"-139.04","61.37","BURWASH A","2100181","2019-06-26 00:00","2019","06","26","00:00","14.7","","9.2","","69","","0.0","","29","","13","","16.1","","92.47","","","","","","NA"
"-139.04","61.37","BURWASH A","2100181","2019-06-26 01:00","2019","06","26","01:00","13.4","","10.4","","82","","0.0","","25","","8","","16.1","","92.51","","","","","","Rain"
"-139.04","61.37","BURWASH A","2100181","2019-06-26 02:00","2019","06","26","02:00","13.6","","9.5","","76","","0.0","","30","","5","","16.1","","92.52","","","","","","NA"
"-139.04","61.37","BURWASH A","2100181","2019-06-26 03:00","2019","06","26","03:00","12.5","","9.0","","79","","0.0","","30","","11","","16.1","","92.55","","","","","","NA"
"-139.04","61.37","BURWASH A","2100181","2019-06-26 04:00","2019","06","26","04:00","11.6","","8.1","","79","","0.0","","27","","5","","16.1","","92.57","","","","","","NA"
"-139.04","61.37","BURWASH A","2100181","2019-06-26 05:00","2019","06","26","05:00","11.1","","7.8","","80","","0.0","","31","","9","","16.1","","92.59","","","","","","NA"
"-139.04","61.37","BURWASH A","2100181","2019-06-26 06:00","2019","06","26","06:00","13.3","","9.2","","76","","0.0","","32","","11","","16.1","","92.62","","","","","","NA"
"-139.04","61.37","BURWASH A","2100181","2019-06-26 07:00","2019","06","26","07:00","12.9","","9.2","","78","","0.0","","33","","5","","16.1","","92.63","","","","","","NA"
"-139.04","61.37","BURWASH A","2100181","2019-06-26 08:00","2019","06","26","08:00","13.0","","9.3","","78","","0.0","","32","","8","","16.1","","92.64","","","","","","NA"
"-139.04","61.37","BURWASH A","2100181","2019-06-26 09:00","2019","06","26","09:00","13.9","","9.7","","76","","0.0","","33","","5","","16.1","","92.64","","","","","","NA"
"-139.04","61.37","BURWASH A","2100181","2019-06-26 10:00","2019","06","26","10:00","17.3","","9.0","","58","","0.0","","31","","9","","16.1","","92.65","","","","","","NA"
"-139.04","61.37","BURWASH A","2100181","2019-06-26 11:00","2019","06","26","11:00","18.9","","8.1","","49","","0.0","","32","","18","","16.1","","92.64","","","","","","NA"
"-139.04","61.37","BURWASH A","2100181","2019-06-26 12:00","2019","06","26","12:00","19.8","","5.9","","40","","0.0","","30","","17","","16.1","","92.61","","","","","","NA"
"-139.04","61.37","BURWASH A","2100181","2019-06-26 13:00","2019","06","26","13:00","19.6","","5.4","","39","","0.0","","30","","8","","16.1","","92.58","","","","","","NA"
"-139.04","61.37","BURWASH A","2100181","2019-06-26 14:00","2019","06","26","14:00","18.4","","7.1","","47","","0.0","","11","","9","","16.1","","92.59","","","","","","NA"
"-139.04","61.37","BURWASH A","2100181","2019-06-26 15:00","2019","06","26","15:00","18.4","","7.0","","47","","0.0","","11","","13","","16.1","","92.62","","","","","","NA"
"-139.04","61.37","BURWASH A","2100181","2019-06-26 16:00","2019","06","26","16:00","18.9","","8.2","","49","","0.0","","13","","17","","16.1","","92.63","","","","","","NA"
"-139.04","61.37","BURWASH A","2100181","2019-06-26 17:00","2019","06","26","17:00","14.8","","8.9","","68","","0.0","","7","","17","","16.1","","92.71","","","","","","Rain"
"-139.04","61.37","BURWASH A","2100181","2019-06-26 18:00","2019","06","26","18:00","14.7","","8.2","","65","","0.0","","21","","9","","16.1","","92.75","","","","","","NA"
"-139.04","61.37","BURWASH A","2100181","2019-06-26 19:00","2019","06","26","19:00","15.6","","6.6","","55","","0.0","","","M","4","","16.1","","92.72","","","","","","NA"
"-139.04","61.37","BURWASH A","2100181","2019-06-26 20:00","2019","06","26","20:00","14.3","","9.2","","71","","0.0","","11","","11","","16.1","","92.77","","","","","","NA"
"-139.04","61.37","BURWASH A","2100181","2019-06-26 21:00","2019","06","26","21:00","14.6","","8.8","","68","","0.0","","12","","8","","16.1","","92.79","","","","","","NA"
"-139.04","61.37","BURWASH A","2100181","2019-06-26 22:00","2019","06","26","22:00","12.2","","9.3","","83","","0.0","","","M","4","","16.1","","92.81","","","","","","NA"
"-139.04","61.37","BURWASH A","2100181","2019-06-26 23:00","2019","06","26","23:00","10.5","","8.4","","87","","0.0","","4","","4","","16.1","","92.85","","","","","","NA"
"-139.04","61.37","BURWASH A","2100181","2019-06-27 00:00","2019","06","27","00:00","6.6","","5.9","","95","","0.0","","","","0","","16.1","","92.87","","","","","","NA"
"-139.04","61.37","BURWASH A","2100181","2019-06-27 01:00","2019","06","27","01:00","4.9","","4.2","","95","","0.0","","","","0","","16.1","","92.87","","","","","","NA"
"-139.04","61.37","BURWASH A","2100181","2019-06-27 02:00","2019","06","27","02:00","3.3","","2.7","","96","","0.0","","29","","4","","16.1","","92.90","","","","","","NA"
"-139.04","61.37","BURWASH A","2100181","2019-06-27 03:00","2019","06","27","03:00","2.4","","1.8","","96","","0.0","","","M","4","","16.1","","92.90","","","","","","NA"
"-139.04","61.37","BURWASH A","2100181","2019-06-27 04:00","2019","06","27","04:00","2.0","","1.7","","98","","0.0","","30","","4","","16.1","","92.92","","","","","","NA"
"-139.04","61.37","BURWASH A","2100181","2019-06-27 05:00","2019","06","27","05:00","2.2","","1.6","","96","","0.0","","","","0","","16.1","","92.90","","","","","","NA"
"-139.04","61.37","BURWASH A","2100181","2019-06-27 06:00","2019","06","27","06:00","7.3","","6.3","","93","","0.0","","","","0","","16.1","","92.91","","","","","","NA"
"-139.04","61.37","BURWASH A","2100181","2019-06-27 07:00","2019","06","27","07:00","10.1","","8.9","","92","","0.0","","","","0","","16.1","","92.90","","","","","","NA"
"-139.04","61.37","BURWASH A","2100181","2019-06-27 08:00","2019","06","27","08:00","12.6","","8.3","","75","","0.0","","","M","4","","16.1","","92.89","","","","","","NA"
"-139.04","61.37","BURWASH A","2100181","2019-06-27 09:00","2019","06","27","09:00","15.1","","8.4","","64","","0.0","","","","0","","16.1","","92.86","","","","","","NA"
"-139.04","61.37","BURWASH A","2100181","2019-06-27 10:00","2019","06","27","10:00","17.6","","8.7","","56","","0.0","","","M","8","","16.1","","92.84","","","","","","NA"
"-139.04","61.37","BURWASH A","2100181","2019-06-27 11:00","2019","06","27","11:00","18.9","","7.9","","48","","0.0","","12","","8","","16.1","","92.81","","","","","","NA"
"-139.04","61.37","BURWASH A","2100181","2019-06-27 12:00","2019","06","27","12:00","20.8","","3.5","","32","","0.0","","10","","11","","16.1","","92.78","","","","","","NA"
"-139.04","61.37","BURWASH A","2100181","2019-06-27 13:00","2019","06","27","13:00","21.2","","3.4","","31","","0.0","","7","","9","","16.1","","92.75","","","","","","NA"
"-139.04","61.37","BURWASH A","2100181","2019-06-27 14:00","2019","06","27","14:00","22.1","","2.8","","28","","0.0","","11","","9","","16.1","","92.71","","","","","","NA"
"-139.04","61.37","BURWASH A","2100181","2019-06-27 15:00","2019","06","27","15:00","22.8","","2.8","","27","","0.0","","13","","15","","16.1","","92.67","","","","","","NA"
"-139.04","61.37","BURWASH A","2100181","2019-06-27 16:00","2019","06","27","16:00","23.1","","2.1","","25","","0.0","","11","","13","","16.1","","92.62","","","","","","NA"
"-139.04","61.37","BURWASH A","2100181","2019-06-27 17:00","2019","06","27","17:00","23.3","","2.1","","25","","0.0","","12","","9","","16.1","","92.59","","","","","","NA"
"-139.04","61.37","BURWASH A","2100181","2019-06-27 18:00","2019","06","27","18:00","23.1","","1.7","","24","","0.0","","11","","11","","16.1","","92.55","","","","","","NA"
"-139.04","61.37","BURWASH A","2100181","2019-06-27 19:00","2019","06","27","19:00","23.5","","2.0","","24","","0.0","","18","","11","","16.1","","92.52","","","","","","NA"
"-139.04","61.37","BURWASH A","2100181","2019-06-27 20:00","2019","06","27","20:00","23.0","","2.1","","25","","0.0","","10","","5","","16.1","","92.52","","","","","","NA"
"-139.04","61.37","BURWASH A","2100181","2019-06-27 21:00","2019","06","27","21:00","21.0","","3.4","","31","","0.0","","8","","5","","16.1","","92.52","","","","","","NA"
"-139.04","61.37","BURWASH A","2100181","2019-06-27 22:00","2019","06","27","22:00","15.6","","4.9","","49","","0.0","","","M","4","","16.1","","92.53","","","","","","NA"
"-139.04","61.37","BURWASH A","2100181","2019-06-27 23:00","2019","06","27","23:00","11.5","","4.0","","60","","0.0","","32","","5","","16.1","","92.57","","","","","","NA"
"-139.04","61.37","BURWASH A","2100181","2019-06-28 00:00","2019","06","28","00:00","9.4","","3.4","","66","","0.0","","22","","4","","16.1","","92.60","","","","","","NA"
"-139.04","61.37","BURWASH A","2100181","2019-06-28 01:00","2019","06","28","01:00","7.2","","2.5","","72","","0.0","","","","0","","16.1","","92.62","","","","","","NA"
"-139.04","61.37","BURWASH A","2100181","2019-06-28 02:00","2019","06","28","02:00","7.3","","2.8","","73","","0.0","","","","0","","16.1","","92.64","","","","","","NA"
"-139.04","61.37","BURWASH A","2100181","2019-06-28 03:00","2019","06","28","03:00","7.8","","3.9","","77","","0.0","","","M","4","","16.1","","92.66","","","","","","NA"
"-139.04","61.37","BURWASH A","2100181","2019-06-28 04:00","2019","06","28","04:00","6.8","","3.2","","78","","0.0","","","","0","","16.1","","92.68","","","","","","NA"
"-139.04","61.37","BURWASH A","2100181","2019-06-28 05:00","2019","06","28","05:00","6.1","","3.2","","82","","0.0","","","M","4","","16.1","","92.69","","","","","","NA"
"-139.04","61.37","BURWASH A","2100181","2019-06-28 06:00","2019","06","28","06:00","6.7","","3.6","","80","","0.0","","15","","5","","16.1","","92.70","","","","","","NA"
"-139.04","61.37","BURWASH A","2100181","2019-06-28 07:00","2019","06","28","07:00","10.6","","4.7","","67","","0.0","","","","0","","16.1","","92.73","","","","","","NA"
"-139.04","61.37","BURWASH A","2100181","2019-06-28 08:00","2019","06","28","08:00","14.6","","4.8","","52","","0.0","","","M","4","","16.1","","92.73","","","","","","NA"
"-139.04","61.37","BURWASH A","2100181","2019-06-28 09:00","2019","06","28","09:00","19.0","","4.7","","39","","0.0","","32","","9","","16.1","","92.70","","","","","","NA"
"-139.04","61.37","BURWASH A","2100181","2019-06-28 10:00","2019","06","28","10:00","19.0","","3.9","","37","","0.0","","29","","5","","16.1","","92.69","","","","","","NA"
"-139.04","61.37","BURWASH A","2100181","2019-06-28 11:00","2019","06","28","11:00","20.0","","5.3","","38","","0.0","","31","","11","","16.1","","92.70","","","","","","NA"
"-139.04","61.37","BURWASH A","2100181","2019-06-28 12:00","2019","06","28","12:00","20.8","","5.7","","37","","0.0","","31","","8","","16.1","","92.71","","","","","","NA"
"-139.04","61.37","BURWASH A","2100181","2019-06-28 13:00","2019","06","28","13:00","21.0","","5.7","","36","","0.0","","31","","9","","8.1","","92.71","","","","","","Haze"
"-139.04","61.37","BURWASH A","2100181","2019-06-28 14:00","2019","06","28","14:00","21.6","","6.5","","37","","0.0","","32","","11","","8.1","","92.70","","","","","","Haze"
"-139.04","61.37","BURWASH A","2100181","2019-06-28 15:00","2019","06","28","15:00","23.3","","7.0","","35","","0.0","","32","","15","","11.3","","92.66","","","","","","NA"
"-139.04","61.37","BURWASH A","2100181","2019-06-28 16:00","2019","06","28","16:00","22.8","","6.9","","36","","0.0","","33","","11","","16.1","","92.66","","","","","","NA"
"-139.04","61.37","BURWASH A","2100181","2019-06-28 17:00","2019","06","28","17:00","23.2","","7.0","","35","","0.0","","33","","18","","16.1","","92.66","","","","","","NA"
"-139.04","61.37","BURWASH A","2100181","2019-06-28 18:00","2019","06","28","18:00","22.5","","7.3","","37","","0.0","","35","","8","","16.1","","92.66","","","","","","NA"
"-139.04","61.37","BURWASH A","2100181","2019-06-28 19:00","2019","06","28","19:00","22.4","","7.6","","38","","0.0","","33","","8","","16.1","","92.66","","","","","","NA"
"-139.04","61.37","BURWASH A","2100181","2019-06-28 20:00","2019","06","28","20:00","21.2","","9.4","","46","","0.0","","29","","8","","16.1","","92.67","","","","","","NA"
"-139.04","61.37","BURWASH A","2100181","2019-06-28 21:00","2019","06","28","21:00","20.0","","9.4","","50","","0.0","","27","","4","","16.1","","92.67","","","","","","NA"
"-139.04","61.37","BURWASH A","2100181","2019-06-28 22:00","2019","06","28","22:00","19.8","","8.9","","49","","0.0","","25","","8","","16.1","","92.70","","","","","","NA"
"-139.04","61.37","BURWASH A","2100181","2019-06-28 23:00","2019","06","28","23:00","18.8","","8.3","","50","","0.0","","26","","9","","16.1","","92.72","","","","","","NA"
"-139.04","61.37","BURWASH A","2100181","2019-06-29 00:00","2019","06","29","00:00","16.7","","9.0","","60","","0.0","","","M","4","","16.1","","92.76","","","","","","NA"
"-139.04","61.37","BURWASH A","2100181","2019-06-29 01:00","2019","06","29","01:00","15.8","","9.6","","66","","0.0","","","M","4","","16.1","","92.78","","","","","","NA"
"-139.04","61.37","BURWASH A","2100181","2019-06-29 02:00","2019","06","29","02:00","14.7","","9.3","","70","","0.0","","31","","8","","16.1","","92.81","","","","","","NA"
"-139.04","61.37","BURWASH A","2100181","2019-06-29 03:00","2019","06","29","03:00","17.3","","8.5","","56","","0.0","","31","","9","","16.1","","92.82","","","","","","NA"
"-139.04","61.37","BURWASH A","2100181","2019-06-29 04:00","2019","06","29","04:00","13.9","","9.8","","76","","0.0","","","M","5","","16.1","","92.82","","","","","","NA"
"-139.04","61.37","BURWASH A","2100181","2019-06-29 05:00","2019","06","29","05:00","14.1","","10.0","","76","","0.0","","","","0","","16.1","","92.83","","","","","","NA"
"-139.04","61.37","BURWASH A","2100181","2019-06-29 06:00","2019","06","29","06:00","15.2","","11.5","","79","","0.0","","","","0","","16.1","","92.85","","","","","","NA"
"-139.04","61.37","BURWASH A","2100181","2019-06-29 07:00","2019","06","29","07:00","16.5","","11.1","","70","","0.0","","","","0","","16.1","","92.89","","","","","","NA"
"-139.04","61.37","BURWASH A","2100181","2019-06-29 08:00","2019","06","29","08:00","18.6","","10.5","","59","","0.0","","","","0","","16.1","","92.88","","","","","","NA"
"-139.04","61.37","BURWASH A","2100181","2019-06-29 09:00","2019","06","29","09:00","21.0","","11.4","","54","","0.0","","12","","5","","16.1","","92.89","","","","","","NA"
"-139.04","61.37","BURWASH A","2100181","2019-06-29 10:00","2019","06","29","10:00","24.0","","9.4","","39","","0.0","","29","","11","","16.1","","92.86","","25","","","","NA"
"-139.04","61.37","BURWASH A","2100181","2019-06-29 11:00","2019","06","29","11:00","25.2","","8.9","","35","","0.0","","31","","17","","16.1","","92.84","","26","","","","NA"
"-139.04","61.37","BURWASH A","2100181","2019-06-29 12:00","2019","06","29","12:00","25.6","","8.8","","34","","0.0","","5","","11","","16.1","","92.81","","26","","","","NA"
"-139.04","61.37","BURWASH A","2100181","2019-06-29 13:00","2019","06","29","13:00","27.0","","7.3","","28","","0.0","","","M","9","","16.1","","92.78","","27","","","","NA"
"-139.04","61.37","BURWASH A","2100181","2019-06-29 14:00","2019","06","29","14:00","27.3","","7.4","","28","","0.0","","31","","13","","16.1","","92.75","","27","","","","NA"
"-139.04","61.37","BURWASH A","2100181","2019-06-29 15:00","2019","06","29","15:00","27.8","","8.4","","29","","0.0","","31","","17","","16.1","","92.70","","28","","","","NA"
"-139.04","61.37","BURWASH A","2100181","2019-06-29 16:00","2019","06","29","16:00","28.2","","7.1","","26","","0.0","","30","","17","","16.1","","92.67","","28","","","","NA"
"-139.04","61.37","BURWASH A","2100181","2019-06-29 17:00","2019","06","29","17:00","27.9","","7.9","","28","","0.0","","33","","17","","14.5","","92.66","","28","","","","NA"
"-139.04","61.37","BURWASH A","2100181","2019-06-29 18:00","2019","06","29","18:00","28.0","","7.0","","26","","0.0","","33","","15","","16.1","","92.63","","28","","","","NA"
"-139.04","61.37","BURWASH A","2100181","2019-06-29 19:00","2019","06","29","19:00","28.0","","7.8","","28","","0.0","","35","","15","","16.1","","92.60","","28","","","","NA"
"-139.04","61.37","BURWASH A","2100181","2019-06-29 20:00","2019","06","29","20:00","27.6","","7.1","","27","","0.0","","32","","9","","16.1","","92.60","","28","","","","NA"
"-139.04","61.37","BURWASH A","2100181","2019-06-29 21:00","2019","06","29","21:00","26.1","","7.0","","29","","0.0","","31","","9","","16.1","","92.62","","26","","","","NA"
"-139.04","61.37","BURWASH A","2100181","2019-06-29 22:00","2019","06","29","22:00","22.8","","7.4","","37","","0.0","","29","","8","","16.1","","92.65","","","","","","NA"
"-139.04","61.37","BURWASH A","2100181","2019-06-29 23:00","2019","06","29","23:00","17.1","","8.0","","55","","0.0","","","M","4","","16.1","","92.70","","","","","","NA"
"-139.04","61.37","BURWASH A","2100181","2019-06-30 00:00","2019","06","30","00:00","14.5","","7.5","","63","","0.0","","32","","8","","16.1","","92.73","","","","","","NA"
"-139.04","61.37","BURWASH A","2100181","2019-06-30 01:00","2019","06","30","01:00","14.3","","7.5","","63","","0.0","","","","0","","16.1","","92.75","","","","","","NA"
"-139.04","61.37","BURWASH A","2100181","2019-06-30 02:00","2019","06","30","02:00","10.7","","6.4","","75","","0.0","","","","0","","16.1","","92.78","","","","","","NA"
"-139.04","61.37","BURWASH A","2100181","2019-06-30 03:00","2019","06","30","03:00","10.5","","7.0","","79","","0.0","","","","0","","16.1","","92.80","","","","","","NA"
"-139.04","61.37","BURWASH A","2100181","2019-06-30 04:00","2019","06","30","04:00","9.1","","6.8","","85","","0.0","","","","0","","14.5","","92.79","","","","","","NA"
"-139.04","61.37","BURWASH A","2100181","2019-06-30 05:00","2019","06","30","05:00","9.1","","6.4","","83","","0.0","","","","0","","14.5","","92.80","","","","","","NA"
"-139.04","61.37","BURWASH A","2100181","2019-06-30 06:00","2019","06","30","06:00","10.9","","8.2","","83","","0.0","","","","0","","16.1","","92.82","","","","","","NA"
"-139.04","61.37","BURWASH A","2100181","2019-06-30 07:00","2019","06","30","07:00","15.2","","9.8","","70","","0.0","","","","0","","14.5","","92.84","","","","","","NA"
"-139.04","61.37","BURWASH A","2100181","2019-06-30 08:00","2019","06","30","08:00","17.7","","9.4","","58","","0.0","","12","","5","","16.1","","92.82","","","","","","NA"
"-139.04","61.37","BURWASH A","2100181","2019-06-30 09:00","2019","06","30","09:00","19.3","","7.8","","47","","0.0","","10","","8","","16.1","","92.79","","","","","","NA"
"-139.04","61.37","BURWASH A","2100181","2019-06-30 10:00","2019","06","30","10:00","20.8","","8.9","","46","","0.0","","12","","9","","16.1","","92.76","","","","","","NA"
"-139.04","61.37","BURWASH A","2100181","2019-06-30 11:00","2019","06","30","11:00","22.9","","7.8","","38","","0.0","","12","","9","","16.1","","92.71","","","","","","NA"
"-139.04","61.37","BURWASH A","2100181","2019-06-30 12:00","2019","06","30","12:00","24.6","","9.0","","37","","0.0","","12","","11","","16.1","","92.64","","25","","","","NA"
"-139.04","61.37","BURWASH A","2100181","2019-06-30 13:00","2019","06","30","13:00","28.1","","8.2","","28","","0.0","","13","","9","","16.1","","92.58","","29","","","","NA"
"-139.04","61.37","BURWASH A","2100181","2019-06-30 14:00","2019","06","30","14:00","29.2","","7.3","","25","","0.0","","13","","9","","16.1","","92.52","","29","","","","NA"
"-139.04","61.37","BURWASH A","2100181","2019-06-30 15:00","2019","06","30","15:00","29.4","","6.9","","24","","0.0","","","M","9","","16.1","","92.46","","29","","","","NA"
"-139.04","61.37","BURWASH A","2100181","2019-06-30 16:00","2019","06","30","16:00","30.2","","7.3","","23","","0.0","","10","","11","","16.1","","92.40","","30","","","","NA"
"-139.04","61.37","BURWASH A","2100181","2019-06-30 17:00","2019","06","30","17:00","30.4","","7.3","","23","","0.0","","15","","9","","12.9","","92.34","","31","","","","NA"
"-139.04","61.37","BURWASH A","2100181","2019-06-30 18:00","2019","06","30","18:00","30.3","","8.2","","25","","0.0","","13","","13","","16.1","","92.31","","31","","","","NA"
"-139.04","61.37","BURWASH A","2100181","2019-06-30 19:00","2019","06","30","19:00","28.3","","8.4","","28","","0.0","","11","","9","","16.1","","92.33","","29","","","","NA"
"-139.04","61.37","BURWASH A","2100181","2019-06-30 20:00","2019","06","30","20:00","26.2","","9.2","","34","","0.0","","","","0","","16.1","","92.32","","27","","","","NA"
"-139.04","61.37","BURWASH A","2100181","2019-06-30 21:00","2019","06","30","21:00","26.3","","10.0","","35","","0.0","","22","","5","","16.1","","92.36","","28","","","","NA"
"-139.04","61.37","BURWASH A","2100181","2019-06-30 22:00","2019","06","30","22:00","23.6","","9.0","","39","","0.0","","3","","5","","16.1","","92.36","","","","","","NA"
"-139.04","61.37","BURWASH A","2100181","2019-06-30 23:00","2019","06","30","23:00","21.0","","11.7","","55","","0.0","","2","","9","","16.1","","92.45","","","","","","NA"
