"Longitude (x)","Latitude (y)","Station Name","Climate ID","Date/Time (LST)","Year","Month","Day","Time (LST)","Temp (°C)","Temp Flag","Dew Point Temp (°C)","Dew Point Temp Flag","Rel Hum (%)","Rel Hum Flag","Precip. Amount (mm)","Precip. Amount Flag","Wind Dir (10s deg)","Wind Dir Flag","Wind Spd (km/h)","Wind Spd Flag","Visibility (km)","Visibility Flag","Stn Press (kPa)","Stn Press Flag","Hmdx","Hmdx Flag","Wind Chill","Wind Chill Flag","Weather"
"-123.39","48.42","VICTORIA HARBOUR A","1018619","2018-11-01 00:00","2018","11","01","00:00"
"-123.39","48.42","VICTORIA HARBOUR A","1018619","2018-11-01 01:00","2018","11","01","01:00"
"-123.39","48.42","VICTORIA HARBOUR A","1018619","2018-11-01 02:00","2018","11","01","02:00"
"-123.39","48.42","VICTORIA HARBOUR A","1018619","2018-11-01 03:00","2018","11","01","03:00"
"-123.39","48.42","VICTORIA HARBOUR A","1018619","2018-11-01 04:00","2018","11","01","04:00"
"-123.39","48.42","VICTORIA HARBOUR A","1018619","2018-11-01 05:00","2018","11","01","05:00","11.1","","10.8","","98","","","","36","","3","","1.6","","101.86","","","","","","Rain,Fog"
"-123.39","48.42","VICTORIA HARBOUR A","1018619","2018-11-01 06:00","2018","11","01","06:00","11.2","","11.0","","98","","","","21","","7","","0.8","","101.82","","","","","","Rain,Fog"
"-123.39","48.42","VICTORIA HARBOUR A","1018619","2018-11-01 07:00","2018","11","01","07:00","10.8","","10.6","","99","","","","23","","10","","0.8","","101.80","","","","","","Rain,Fog"
"-123.39","48.42","VICTORIA HARBOUR A","1018619","2018-11-01 08:00","2018","11","01","08:00","11.5","","11.3","","99","","","","14","","8","","1.2","","101.80","","","","","","Rain,Fog"
"-123.39","48.42","VICTORIA HARBOUR A","1018619","2018-11-01 09:00","2018","11","01","09:00","12.1","","11.9","","99","","","","14","","5","","3.2","","101.78","","","","","","Fog"
"-123.39","48.42","VICTORIA HARBOUR A","1018619","2018-11-01 10:00","2018","11","01","10:00","12.8","","12.3","","96","","","","18","","4","","24.1","","101.76","","","","","","Cloudy"
"-123.39","48.42","VICTORIA HARBOUR A","1018619","2018-11-01 11:00","2018","11","01","11:00","12.3","","11.3","","93","","","","12","","16","","24.1","","101.76","","","","","","NA"
"-123.39","48.42","VICTORIA HARBOUR A","1018619","2018-11-01 12:00","2018","11","01","12:00","12.6","","11.7","","94","","","","13","","16","","8.1","","101.75","","","","","","Rain Showers,Fog"
"-123.39","48.42","VICTORIA HARBOUR A","1018619","2018-11-01 13:00","2018","11","01","13:00","12.7","","12.0","","95","","","","16","","21","","3.2","","101.71","","","","","","Rain Showers,Fog"
"-123.39","48.42","VICTORIA HARBOUR A","1018619","2018-11-01 14:00","2018","11","01","14:00","13.0","","12.6","","98","","","","15","","17","","1.6","","101.65","","","","","","Drizzle,Fog"
"-123.39","48.42","VICTORIA HARBOUR A","1018619","2018-11-01 15:00","2018","11","01","15:00","13.4","","13.1","","97","","","","15","","14","","1.6","","101.58","","","","","","Drizzle,Fog"
"-123.39","48.42","VICTORIA HARBOUR A","1018619","2018-11-01 16:00","2018","11","01","16:00","13.1","","12.7","","97","","","","12","","17","","1.2","","101.54","","","","","","Rain Showers,Fog"
"-123.39","48.42","VICTORIA HARBOUR A","1018619","2018-11-01 17:00","2018","11","01","17:00","13.1","","12.7","","97","","","","12","","16","","1.2","","101.50","","","","","","Rain,Fog"
"-123.39","48.42","VICTORIA HARBOUR A","1018619","2018-11-01 18:00","2018","11","01","18:00","13.2","","12.9","","98","","","","12","","7","","2.4","","101.48","","","","","","Rain,Fog"
"-123.39","48.42","VICTORIA HARBOUR A","1018619","2018-11-01 19:00","2018","11","01","19:00","14.5","","13.3","","93","","","","18","","15","","8.1","","101.42","","","","","","Fog"
"-123.39","48.42","VICTORIA HARBOUR A","1018619","2018-11-01 20:00","2018","11","01","20:00","14.8","","12.8","","88","","","","20","","11","","16.1","","101.34","","","","","","NA"
"-123.39","48.42","VICTORIA HARBOUR A","1018619","2018-11-01 21:00","2018","11","01","21:00"
"-123.39","48.42","VICTORIA HARBOUR A","1018619","2018-11-01 22:00","2018","11","01","22:00"
"-123.39","48.42","VICTORIA HARBOUR A","1018619","2018-11-01 23:00","2018","11","01","23:00"
"-123.39","48.42","VICTORIA HARBOUR A","1018619","2018-11-02 00:00","2018","11","02","00:00"
"-123.39","48.42","VICTORIA HARBOUR A","1018619","2018-11-02 01:00","2018","11","02","01:00"
"-123.39","48.42","VICTORIA HARBOUR A","1018619","2018-11-02 02:00","2018","11","02","02:00"
"-123.39","48.42","VICTORIA HARBOUR A","1018619","2018-11-02 03:00","2018","11","02","03:00"
"-123.39","48.42","VICTORIA HARBOUR A","1018619","2018-11-02 04:00","2018","11","02","04:00"
"-123.39","48.42","VICTORIA HARBOUR A","1018619","2018-11-02 05:00","2018","11","02","05:00","13.8","","11.9","","88","","","","26","","31","","24.1","","101.31","","","","","","NA"
"-123.39","48.42","VICTORIA HARBOUR A","1018619","2018-11-02 06:00","2018","11","02","06:00","12.6","","11.2","","91","","","","24","","33","","16.1","","101.38","","","","","","Rain Showers"
"-123.39","48.42","VICTORIA HARBOUR A","1018619","2018-11-02 07:00","2018","11","02","07:00","12.7","","10.4","","85","","","","24","","26","","24.1","","101.48","","","","","","Mainly Clear"
"-123.39","48.42","VICTORIA HARBOUR A","1018619","2018-11-02 08:00","2018","11","02","08:00","12.6","","9.8","","83","","","","26","","22","","24.1","","101.66","","","","","","NA"
"-123.39","48.42","VICTORIA HARBOUR A","1018619","2018-11-02 09:00","2018","11","02","09:00","12.6","","10.1","","85","","","","25","","36","","24.1","","101.75","","","","","","NA"
"-123.39","48.42","VICTORIA HARBOUR A","1018619","2018-11-02 10:00","2018","11","02","10:00","13.0","","10.0","","82","","","","25","","35","","24.1","","101.79","","","","","","Mainly Clear"
"-123.39","48.42","VICTORIA HARBOUR A","1018619","2018-11-02 11:00","2018","11","02","11:00","13.5","","10.2","","80","","","","26","","31","","24.1","","101.89","","","","","","NA"
"-123.39","48.42","VICTORIA HARBOUR A","1018619","2018-11-02 12:00","2018","11","02","12:00","13.4","","10.2","","80","","","","25","","35","","24.1","","101.97","","","","","","NA"
"-123.39","48.42","VICTORIA HARBOUR A","1018619","2018-11-02 13:00","2018","11","02","13:00","13.6","","9.8","","78","","","","26","","28","","24.1","","102.05","","","","","","Mainly Clear"
"-123.39","48.42","VICTORIA HARBOUR A","1018619","2018-11-02 14:00","2018","11","02","14:00","14.1","","9.2","","72","","","","25","","34","","24.1","","102.10","","","","","","NA"
"-123.39","48.42","VICTORIA HARBOUR A","1018619","2018-11-02 15:00","2018","11","02","15:00","13.7","","8.7","","71","","","","26","","27","","24.1","","102.20","","","","","","NA"
"-123.39","48.42","VICTORIA HARBOUR A","1018619","2018-11-02 16:00","2018","11","02","16:00","13.0","","9.0","","76","","","","25","","30","","24.1","","102.24","","","","","","Mostly Cloudy"
"-123.39","48.42","VICTORIA HARBOUR A","1018619","2018-11-02 17:00","2018","11","02","17:00","12.7","","8.7","","77","","","","26","","20","","24.1","","102.33","","","","","","NA"
"-123.39","48.42","VICTORIA HARBOUR A","1018619","2018-11-02 18:00","2018","11","02","18:00","12.4","","9.3","","81","","","","25","","17","","24.1","","102.36","","","","","","NA"
"-123.39","48.42","VICTORIA HARBOUR A","1018619","2018-11-02 19:00","2018","11","02","19:00","12.5","","8.9","","79","","","","24","","18","","24.1","","102.45","","","","","","Cloudy"
"-123.39","48.42","VICTORIA HARBOUR A","1018619","2018-11-02 20:00","2018","11","02","20:00","12.5","","8.5","","76","","","","24","","13","","24.1","","102.45","","","","","","NA"
"-123.39","48.42","VICTORIA HARBOUR A","1018619","2018-11-02 21:00","2018","11","02","21:00"
"-123.39","48.42","VICTORIA HARBOUR A","1018619","2018-11-02 22:00","2018","11","02","22:00"
"-123.39","48.42","VICTORIA HARBOUR A","1018619","2018-11-02 23:00","2018","11","02","23:00"
"-123.39","48.42","VICTORIA HARBOUR A","1018619","2018-11-03 00:00","2018","11","03","00:00"
"-123.39","48.42","VICTORIA HARBOUR A","1018619","2018-11-03 01:00","2018","11","03","01:00"
"-123.39","48.42","VICTORIA HARBOUR A","1018619","2018-11-03 02:00","2018","11","03","02:00"
"-123.39","48.42","VICTORIA HARBOUR A","1018619","2018-11-03 03:00","2018","11","03","03:00"
"-123.39","48.42","VICTORIA HARBOUR A","1018619","2018-11-03 04:00","2018","11","03","04:00"
"-123.39","48.42","VICTORIA HARBOUR A","1018619","2018-11-03 05:00","2018","11","03","05:00","12.5","","9.2","","80","","","","36","","1","","24.1","","102.47","","","","","","NA"
"-123.39","48.42","VICTORIA HARBOUR A","1018619","2018-11-03 06:00","2018","11","03","06:00","10.8","","9.5","","92","","","","15","","13","","9.7","","102.50","","","","","","Rain,Fog"
"-123.39","48.42","VICTORIA HARBOUR A","1018619","2018-11-03 07:00","2018","11","03","07:00","10.5","","9.5","","93","","","","14","","9","","8.1","","102.45","","","","","","Rain,Fog"
"-123.39","48.42","VICTORIA HARBOUR A","1018619","2018-11-03 08:00","2018","11","03","08:00","10.6","","9.5","","93","","","","14","","12","","12.9","","102.39","","","","","","Rain"
"-123.39","48.42","VICTORIA HARBOUR A","1018619","2018-11-03 09:00","2018","11","03","09:00","10.3","","9.6","","95","","","","36","","2","","24.1","","102.40","","","","","","Rain"
"-123.39","48.42","VICTORIA HARBOUR A","1018619","2018-11-03 10:00","2018","11","03","10:00","10.8","","9.7","","93","","","","14","","7","","24.1","","102.35","","","","","","Rain"
"-123.39","48.42","VICTORIA HARBOUR A","1018619","2018-11-03 11:00","2018","11","03","11:00","10.8","","10.1","","95","","","","12","","5","","19.3","","102.27","","","","","","Rain"
"-123.39","48.42","VICTORIA HARBOUR A","1018619","2018-11-03 12:00","2018","11","03","12:00","11.0","","10.1","","94","","","","10","","8","","19.3","","102.23","","","","","","Rain"
"-123.39","48.42","VICTORIA HARBOUR A","1018619","2018-11-03 13:00","2018","11","03","13:00","11.2","","10.3","","94","","","","12","","8","","16.1","","102.20","","","","","","Rain"
"-123.39","48.42","VICTORIA HARBOUR A","1018619","2018-11-03 14:00","2018","11","03","14:00","11.2","","10.5","","95","","","","13","","9","","16.1","","102.11","","","","","","Rain"
"-123.39","48.42","VICTORIA HARBOUR A","1018619","2018-11-03 15:00","2018","11","03","15:00","11.2","","10.4","","95","","","","13","","9","","16.1","","101.97","","","","","","NA"
"-123.39","48.42","VICTORIA HARBOUR A","1018619","2018-11-03 16:00","2018","11","03","16:00","10.8","","10.1","","95","","","","17","","7","","24.1","","101.85","","","","","","Cloudy"
"-123.39","48.42","VICTORIA HARBOUR A","1018619","2018-11-03 17:00","2018","11","03","17:00","10.0","","9.5","","97","","","","26","","4","","4.8","","101.74","","","","","","Fog"
"-123.39","48.42","VICTORIA HARBOUR A","1018619","2018-11-03 18:00","2018","11","03","18:00","10.1","","9.8","","98","","","","28","","3","","9.7","","101.54","","","","","","Rain,Fog"
"-123.39","48.42","VICTORIA HARBOUR A","1018619","2018-11-03 19:00","2018","11","03","19:00","10.3","","9.8","","97","","","","13","","5","","9.7","","101.42","","","","","","Rain,Fog"
"-123.39","48.42","VICTORIA HARBOUR A","1018619","2018-11-03 20:00","2018","11","03","20:00","10.2","","9.6","","95","","","","16","","7","","9.7","","101.27","","","","","","Rain,Fog"
"-123.39","48.42","VICTORIA HARBOUR A","1018619","2018-11-03 21:00","2018","11","03","21:00"
"-123.39","48.42","VICTORIA HARBOUR A","1018619","2018-11-03 22:00","2018","11","03","22:00"
"-123.39","48.42","VICTORIA HARBOUR A","1018619","2018-11-03 23:00","2018","11","03","23:00"
"-123.39","48.42","VICTORIA HARBOUR A","1018619","2018-11-04 00:00","2018","11","04","00:00"
"-123.39","48.42","VICTORIA HARBOUR A","1018619","2018-11-04 01:00","2018","11","04","01:00"
"-123.39","48.42","VICTORIA HARBOUR A","1018619","2018-11-04 02:00","2018","11","04","02:00"
"-123.39","48.42","VICTORIA HARBOUR A","1018619","2018-11-04 03:00","2018","11","04","03:00"
"-123.39","48.42","VICTORIA HARBOUR A","1018619","2018-11-04 04:00","2018","11","04","04:00"
"-123.39","48.42","VICTORIA HARBOUR A","1018619","2018-11-04 05:00","2018","11","04","05:00"
"-123.39","48.42","VICTORIA HARBOUR A","1018619","2018-11-04 06:00","2018","11","04","06:00","12.2","","9.5","","83","","","","25","","35","","24.1","","100.95","","","","","","NA"
"-123.39","48.42","VICTORIA HARBOUR A","1018619","2018-11-04 07:00","2018","11","04","07:00","12.2","","9.3","","82","","","","27","","30","","24.1","","101.01","","","","","","Mainly Clear"
"-123.39","48.42","VICTORIA HARBOUR A","1018619","2018-11-04 08:00","2018","11","04","08:00","12.3","","8.9","","80","","","","26","","19","","24.1","","101.16","","","","","","NA"
"-123.39","48.42","VICTORIA HARBOUR A","1018619","2018-11-04 09:00","2018","11","04","09:00","12.2","","8.9","","80","","","","25","","26","","24.1","","101.23","","","","","","NA"
"-123.39","48.42","VICTORIA HARBOUR A","1018619","2018-11-04 10:00","2018","11","04","10:00","12.7","","8.6","","76","","","","25","","35","","24.1","","101.29","","","","","","Mostly Cloudy"
"-123.39","48.42","VICTORIA HARBOUR A","1018619","2018-11-04 11:00","2018","11","04","11:00","12.9","","8.8","","76","","","","25","","29","","24.1","","101.36","","","","","","NA"
"-123.39","48.42","VICTORIA HARBOUR A","1018619","2018-11-04 12:00","2018","11","04","12:00","13.2","","8.2","","71","","","","25","","36","","24.1","","101.43","","","","","","NA"
"-123.39","48.42","VICTORIA HARBOUR A","1018619","2018-11-04 13:00","2018","11","04","13:00","13.3","","8.1","","71","","","","25","","33","","24.1","","101.43","","","","","","Mainly Clear"
"-123.39","48.42","VICTORIA HARBOUR A","1018619","2018-11-04 14:00","2018","11","04","14:00","13.5","","8.1","","70","","","","26","","26","","24.1","","101.49","","","","","","NA"
"-123.39","48.42","VICTORIA HARBOUR A","1018619","2018-11-04 15:00","2018","11","04","15:00","13.3","","7.3","","67","","","","26","","26","","24.1","","101.52","","","","","","NA"
"-123.39","48.42","VICTORIA HARBOUR A","1018619","2018-11-04 16:00","2018","11","04","16:00","13.1","","7.5","","69","","","","26","","34","","24.1","","101.51","","","","","","Mostly Cloudy"
"-123.39","48.42","VICTORIA HARBOUR A","1018619","2018-11-04 17:00","2018","11","04","17:00","12.1","","8.4","","78","","","","25","","26","","24.1","","101.58","","","","","","NA"
"-123.39","48.42","VICTORIA HARBOUR A","1018619","2018-11-04 18:00","2018","11","04","18:00","11.4","","8.7","","84","","","","24","","19","","24.1","","101.62","","","","","","NA"
"-123.39","48.42","VICTORIA HARBOUR A","1018619","2018-11-04 19:00","2018","11","04","19:00","11.0","","9.0","","88","","","","24","","21","","24.1","","101.60","","","","","","Mostly Cloudy"
"-123.39","48.42","VICTORIA HARBOUR A","1018619","2018-11-04 20:00","2018","11","04","20:00","11.2","","9.0","","86","","","","24","","26","","24.1","","101.59","","","","","","NA"
"-123.39","48.42","VICTORIA HARBOUR A","1018619","2018-11-04 21:00","2018","11","04","21:00","11.4","","8.5","","82","","","","25","","21","","24.1","","101.63","","","","","","NA"
"-123.39","48.42","VICTORIA HARBOUR A","1018619","2018-11-04 22:00","2018","11","04","22:00"
"-123.39","48.42","VICTORIA HARBOUR A","1018619","2018-11-04 23:00","2018","11","04","23:00"
"-123.39","48.42","VICTORIA HARBOUR A","1018619","2018-11-05 00:00","2018","11","05","00:00"
"-123.39","48.42","VICTORIA HARBOUR A","1018619","2018-11-05 01:00","2018","11","05","01:00"
"-123.39","48.42","VICTORIA HARBOUR A","1018619","2018-11-05 02:00","2018","11","05","02:00"
"-123.39","48.42","VICTORIA HARBOUR A","1018619","2018-11-05 03:00","2018","11","05","03:00"
"-123.39","48.42","VICTORIA HARBOUR A","1018619","2018-11-05 04:00","2018","11","05","04:00"
"-123.39","48.42","VICTORIA HARBOUR A","1018619","2018-11-05 05:00","2018","11","05","05:00"
"-123.39","48.42","VICTORIA HARBOUR A","1018619","2018-11-05 06:00","2018","11","05","06:00","10.3","","8.4","","88","","","","22","","18","","24.1","","101.66","","","","","","NA"
"-123.39","48.42","VICTORIA HARBOUR A","1018619","2018-11-05 07:00","2018","11","05","07:00","10.4","","8.0","","85","","","","23","","9","","24.1","","101.64","","","","","","Mostly Cloudy"
"-123.39","48.42","VICTORIA HARBOUR A","1018619","2018-11-05 08:00","2018","11","05","08:00","10.4","","7.9","","84","","","","25","","17","","24.1","","101.66","","","","","","NA"
"-123.39","48.42","VICTORIA HARBOUR A","1018619","2018-11-05 09:00","2018","11","05","09:00","10.7","","7.9","","83","","","","24","","14","","24.1","","101.66","","","","","","NA"
"-123.39","48.42","VICTORIA HARBOUR A","1018619","2018-11-05 10:00","2018","11","05","10:00","11.3","","8.2","","81","","","","25","","20","","24.1","","101.70","","","","","","Mostly Cloudy"
"-123.39","48.42","VICTORIA HARBOUR A","1018619","2018-11-05 11:00","2018","11","05","11:00","11.8","","8.1","","78","","","","25","","24","","24.1","","101.70","","","","","","NA"
"-123.39","48.42","VICTORIA HARBOUR A","1018619","2018-11-05 12:00","2018","11","05","12:00","11.5","","8.4","","81","","","","24","","18","","24.1","","101.72","","","","","","NA"
"-123.39","48.42","VICTORIA HARBOUR A","1018619","2018-11-05 13:00","2018","11","05","13:00","11.7","","8.8","","82","","","","26","","14","","24.1","","101.71","","","","","","Mostly Cloudy"
"-123.39","48.42","VICTORIA HARBOUR A","1018619","2018-11-05 14:00","2018","11","05","14:00","12.0","","8.2","","77","","","","24","","31","","24.1","","101.67","","","","","","NA"
"-123.39","48.42","VICTORIA HARBOUR A","1018619","2018-11-05 15:00","2018","11","05","15:00","11.5","","8.2","","80","","","","24","","27","","24.1","","101.68","","","","","","NA"
"-123.39","48.42","VICTORIA HARBOUR A","1018619","2018-11-05 16:00","2018","11","05","16:00","11.6","","7.9","","78","","","","25","","24","","24.1","","101.69","","","","","","Mostly Cloudy"
"-123.39","48.42","VICTORIA HARBOUR A","1018619","2018-11-05 17:00","2018","11","05","17:00","10.9","","8.3","","84","","","","24","","26","","24.1","","101.67","","","","","","NA"
"-123.39","48.42","VICTORIA HARBOUR A","1018619","2018-11-05 18:00","2018","11","05","18:00","11.0","","8.3","","83","","","","25","","18","","24.1","","101.69","","","","","","NA"
"-123.39","48.42","VICTORIA HARBOUR A","1018619","2018-11-05 19:00","2018","11","05","19:00","11.1","","8.2","","83","","","","24","","16","","24.1","","101.72","","","","","","Mostly Cloudy"
"-123.39","48.42","VICTORIA HARBOUR A","1018619","2018-11-05 20:00","2018","11","05","20:00","10.9","","7.5","","79","","","","26","","17","","24.1","","101.73","","","","","","NA"
"-123.39","48.42","VICTORIA HARBOUR A","1018619","2018-11-05 21:00","2018","11","05","21:00","10.6","","7.6","","82","","","","24","","10","","24.1","","101.78","","","","","","NA"
"-123.39","48.42","VICTORIA HARBOUR A","1018619","2018-11-05 22:00","2018","11","05","22:00"
"-123.39","48.42","VICTORIA HARBOUR A","1018619","2018-11-05 23:00","2018","11","05","23:00"
"-123.39","48.42","VICTORIA HARBOUR A","1018619","2018-11-06 00:00","2018","11","06","00:00"
"-123.39","48.42","VICTORIA HARBOUR A","1018619","2018-11-06 01:00","2018","11","06","01:00"
"-123.39","48.42","VICTORIA HARBOUR A","1018619","2018-11-06 02:00","2018","11","06","02:00"
"-123.39","48.42","VICTORIA HARBOUR A","1018619","2018-11-06 03:00","2018","11","06","03:00"
"-123.39","48.42","VICTORIA HARBOUR A","1018619","2018-11-06 04:00","2018","11","06","04:00"
"-123.39","48.42","VICTORIA HARBOUR A","1018619","2018-11-06 05:00","2018","11","06","05:00"
"-123.39","48.42","VICTORIA HARBOUR A","1018619","2018-11-06 06:00","2018","11","06","06:00","9.6","","6.9","","84","","","","24","","10","","24.1","","102.14","","","","","","NA"
"-123.39","48.42","VICTORIA HARBOUR A","1018619","2018-11-06 07:00","2018","11","06","07:00","7.4","","5.9","","90","","","","36","","2","","24.1","","102.17","","","","","","Mostly Cloudy"
"-123.39","48.42","VICTORIA HARBOUR A","1018619","2018-11-06 08:00","2018","11","06","08:00","8.4","","6.2","","86","","","","36","","1","","24.1","","102.22","","","","","","NA"
"-123.39","48.42","VICTORIA HARBOUR A","1018619","2018-11-06 09:00","2018","11","06","09:00","9.7","","6.5","","80","","","","22","","9","","24.1","","102.24","","","","","","NA"
"-123.39","48.42","VICTORIA HARBOUR A","1018619","2018-11-06 10:00","2018","11","06","10:00","10.4","","7.2","","81","","","","23","","20","","24.1","","102.27","","","","","","Mainly Clear"
"-123.39","48.42","VICTORIA HARBOUR A","1018619","2018-11-06 11:00","2018","11","06","11:00","10.9","","7.1","","77","","","","24","","25","","24.1","","102.29","","","","","","NA"
"-123.39","48.42","VICTORIA HARBOUR A","1018619","2018-11-06 12:00","2018","11","06","12:00","11.6","","6.7","","72","","","","22","","6","","24.1","","102.29","","","","","","NA"
"-123.39","48.42","VICTORIA HARBOUR A","1018619","2018-11-06 13:00","2018","11","06","13:00","11.8","","6.5","","70","","","","30","","4","","24.1","","102.28","","","","","","Mostly Cloudy"
"-123.39","48.42","VICTORIA HARBOUR A","1018619","2018-11-06 14:00","2018","11","06","14:00","11.7","","6.7","","71","","","","24","","27","","24.1","","102.28","","","","","","NA"
"-123.39","48.42","VICTORIA HARBOUR A","1018619","2018-11-06 15:00","2018","11","06","15:00","11.8","","6.8","","71","","","","25","","25","","24.1","","102.27","","","","","","NA"
"-123.39","48.42","VICTORIA HARBOUR A","1018619","2018-11-06 16:00","2018","11","06","16:00","11.4","","6.6","","72","","","","24","","19","","24.1","","102.30","","","","","","Mainly Clear"
"-123.39","48.42","VICTORIA HARBOUR A","1018619","2018-11-06 17:00","2018","11","06","17:00","10.2","","7.0","","80","","","","24","","17","","24.1","","102.29","","","","","","NA"
"-123.39","48.42","VICTORIA HARBOUR A","1018619","2018-11-06 18:00","2018","11","06","18:00","10.0","","6.7","","80","","","","26","","16","","24.1","","102.31","","","","","","NA"
"-123.39","48.42","VICTORIA HARBOUR A","1018619","2018-11-06 19:00","2018","11","06","19:00","9.2","","6.3","","82","","","","33","","7","","24.1","","102.36","","","","","","Mainly Clear"
"-123.39","48.42","VICTORIA HARBOUR A","1018619","2018-11-06 20:00","2018","11","06","20:00","8.7","","6.2","","84","","","","36","","3","","24.1","","102.41","","","","","","NA"
"-123.39","48.42","VICTORIA HARBOUR A","1018619","2018-11-06 21:00","2018","11","06","21:00","8.2","","6.3","","88","","","","36","","2","","24.1","","102.46","","","","","","NA"
"-123.39","48.42","VICTORIA HARBOUR A","1018619","2018-11-06 22:00","2018","11","06","22:00"
"-123.39","48.42","VICTORIA HARBOUR A","1018619","2018-11-06 23:00","2018","11","06","23:00"
"-123.39","48.42","VICTORIA HARBOUR A","1018619","2018-11-07 00:00","2018","11","07","00:00"
"-123.39","48.42","VICTORIA HARBOUR A","1018619","2018-11-07 01:00","2018","11","07","01:00"
"-123.39","48.42","VICTORIA HARBOUR A","1018619","2018-11-07 02:00","2018","11","07","02:00"
"-123.39","48.42","VICTORIA HARBOUR A","1018619","2018-11-07 03:00","2018","11","07","03:00"
"-123.39","48.42","VICTORIA HARBOUR A","1018619","2018-11-07 04:00","2018","11","07","04:00"
"-123.39","48.42","VICTORIA HARBOUR A","1018619","2018-11-07 05:00","2018","11","07","05:00"
"-123.39","48.42","VICTORIA HARBOUR A","1018619","2018-11-07 06:00","2018","11","07","06:00","5.9","","4.7","","92","","","","28","","5","","24.1","","102.84","","","","","","NA"
"-123.39","48.42","VICTORIA HARBOUR A","1018619","2018-11-07 07:00","2018","11","07","07:00","6.1","","4.3","","88","","","","31","","4","","24.1","","102.89","","","","","","Mainly Clear"
"-123.39","48.42","VICTORIA HARBOUR A","1018619","2018-11-07 08:00","2018","11","07","08:00","5.5","","4.2","","92","","","","36","","1","","24.1","","102.95","","","","","","NA"
"-123.39","48.42","VICTORIA HARBOUR A","1018619","2018-11-07 09:00","2018","11","07","09:00","7.6","","4.3","","80","","","","33","","7","","24.1","","103.05","","","","","","NA"
"-123.39","48.42","VICTORIA HARBOUR A","1018619","2018-11-07 10:00","2018","11","07","10:00","8.8","","4.5","","74","","","","36","","7","","24.1","","103.09","","","","","","Mainly Clear"
"-123.39","48.42","VICTORIA HARBOUR A","1018619","2018-11-07 11:00","2018","11","07","11:00","8.9","","4.7","","","M","","","36","","5","","24.1","","103.13","","","","","","NA"
"-123.39","48.42","VICTORIA HARBOUR A","1018619","2018-11-07 12:00","2018","11","07","12:00","10.9","","5.7","","","M","","","5","","5","","24.1","","103.14","","","","","","NA"
"-123.39","48.42","VICTORIA HARBOUR A","1018619","2018-11-07 13:00","2018","11","07","13:00","10.5","","4.4","","66","","","","33","","5","","24.1","","103.15","","","","","","Mainly Clear"
"-123.39","48.42","VICTORIA HARBOUR A","1018619","2018-11-07 14:00","2018","11","07","14:00","11.0","","3.1","","58","","","","36","","2","","24.1","","103.13","","","","","","NA"
"-123.39","48.42","VICTORIA HARBOUR A","1018619","2018-11-07 15:00","2018","11","07","15:00","10.9","","2.6","","56","","","","2","","9","","24.1","","103.15","","","","","","NA"
"-123.39","48.42","VICTORIA HARBOUR A","1018619","2018-11-07 16:00","2018","11","07","16:00","10.6","","3.5","","62","","","","7","","5","","24.1","","103.18","","","","","","Mainly Clear"
"-123.39","48.42","VICTORIA HARBOUR A","1018619","2018-11-07 17:00","2018","11","07","17:00","9.3","","4.7","","73","","","","36","","2","","24.1","","103.19","","","","","","NA"
"-123.39","48.42","VICTORIA HARBOUR A","1018619","2018-11-07 18:00","2018","11","07","18:00","8.0","","5.6","","85","","","","36","","3","","24.1","","103.20","","","","","","NA"
"-123.39","48.42","VICTORIA HARBOUR A","1018619","2018-11-07 19:00","2018","11","07","19:00","7.3","","4.8","","84","","","","35","","4","","24.1","","103.23","","","","","","Mainly Clear"
"-123.39","48.42","VICTORIA HARBOUR A","1018619","2018-11-07 20:00","2018","11","07","20:00","5.9","","3.9","","87","","","","34","","4","","24.1","","103.28","","","","","","NA"
"-123.39","48.42","VICTORIA HARBOUR A","1018619","2018-11-07 21:00","2018","11","07","21:00","5.0","","3.6","","91","","","","36","","8","","24.1","","103.34","","","","","","NA"
"-123.39","48.42","VICTORIA HARBOUR A","1018619","2018-11-07 22:00","2018","11","07","22:00"
"-123.39","48.42","VICTORIA HARBOUR A","1018619","2018-11-07 23:00","2018","11","07","23:00"
"-123.39","48.42","VICTORIA HARBOUR A","1018619","2018-11-08 00:00","2018","11","08","00:00"
"-123.39","48.42","VICTORIA HARBOUR A","1018619","2018-11-08 01:00","2018","11","08","01:00"
"-123.39","48.42","VICTORIA HARBOUR A","1018619","2018-11-08 02:00","2018","11","08","02:00"
"-123.39","48.42","VICTORIA HARBOUR A","1018619","2018-11-08 03:00","2018","11","08","03:00"
"-123.39","48.42","VICTORIA HARBOUR A","1018619","2018-11-08 04:00","2018","11","08","04:00"
"-123.39","48.42","VICTORIA HARBOUR A","1018619","2018-11-08 05:00","2018","11","08","05:00"
"-123.39","48.42","VICTORIA HARBOUR A","1018619","2018-11-08 06:00","2018","11","08","06:00","3.7","","3.0","","95","","","","1","","3","","24.1","","103.55","","","","","","NA"
"-123.39","48.42","VICTORIA HARBOUR A","1018619","2018-11-08 07:00","2018","11","08","07:00","4.1","","3.5","","96","","","","2","","7","","24.1","","103.55","","","","","","Mostly Cloudy"
"-123.39","48.42","VICTORIA HARBOUR A","1018619","2018-11-08 08:00","2018","11","08","08:00","4.5","","3.8","","95","","","","2","","7","","24.1","","103.57","","","","","","NA"
"-123.39","48.42","VICTORIA HARBOUR A","1018619","2018-11-08 09:00","2018","11","08","09:00","5.4","","4.2","","92","","","","1","","4","","24.1","","103.61","","","","","","NA"
"-123.39","48.42","VICTORIA HARBOUR A","1018619","2018-11-08 10:00","2018","11","08","10:00","7.8","","3.0","","71","","","","36","","10","","24.1","","103.62","","","","","","Mainly Clear"
"-123.39","48.42","VICTORIA HARBOUR A","1018619","2018-11-08 11:00","2018","11","08","11:00","8.3","","2.7","","68","","","","3","","8","","24.1","","103.60","","","","","","NA"
"-123.39","48.42","VICTORIA HARBOUR A","1018619","2018-11-08 12:00","2018","11","08","12:00","8.5","","2.1","","64","","","","2","","4","","24.1","","103.56","","","","","","NA"
"-123.39","48.42","VICTORIA HARBOUR A","1018619","2018-11-08 13:00","2018","11","08","13:00","8.9","","2.2","","63","","","","7","","6","","24.1","","103.50","","","","","","Mostly Cloudy"
"-123.39","48.42","VICTORIA HARBOUR A","1018619","2018-11-08 14:00","2018","11","08","14:00","8.7","","2.4","","64","","","","3","","8","","24.1","","103.48","","","","","","NA"
"-123.39","48.42","VICTORIA HARBOUR A","1018619","2018-11-08 15:00","2018","11","08","15:00","8.8","","2.6","","65","","","","10","","12","","24.1","","103.47","","","","","","NA"
"-123.39","48.42","VICTORIA HARBOUR A","1018619","2018-11-08 16:00","2018","11","08","16:00","8.5","","3.1","","69","","","","15","","5","","24.1","","103.48","","","","","","Mostly Cloudy"
"-123.39","48.42","VICTORIA HARBOUR A","1018619","2018-11-08 17:00","2018","11","08","17:00","8.0","","2.5","","68","","","","7","","7","","24.1","","103.42","","","","","","NA"
"-123.39","48.42","VICTORIA HARBOUR A","1018619","2018-11-08 18:00","2018","11","08","18:00","7.6","","3.1","","73","","","","36","","3","","24.1","","103.40","","","","","","NA"
"-123.39","48.42","VICTORIA HARBOUR A","1018619","2018-11-08 19:00","2018","11","08","19:00","5.8","","3.4","","85","","","","35","","7","","24.1","","103.38","","","","","","Mainly Clear"
"-123.39","48.42","VICTORIA HARBOUR A","1018619","2018-11-08 20:00","2018","11","08","20:00","5.4","","3.2","","85","","","","1","","6","","24.1","","103.35","","","","","","NA"
"-123.39","48.42","VICTORIA HARBOUR A","1018619","2018-11-08 21:00","2018","11","08","21:00","4.6","","2.9","","89","","","","36","","8","","24.1","","103.32","","","","","","NA"
"-123.39","48.42","VICTORIA HARBOUR A","1018619","2018-11-08 22:00","2018","11","08","22:00"
"-123.39","48.42","VICTORIA HARBOUR A","1018619","2018-11-08 23:00","2018","11","08","23:00"
"-123.39","48.42","VICTORIA HARBOUR A","1018619","2018-11-09 00:00","2018","11","09","00:00"
"-123.39","48.42","VICTORIA HARBOUR A","1018619","2018-11-09 01:00","2018","11","09","01:00"
"-123.39","48.42","VICTORIA HARBOUR A","1018619","2018-11-09 02:00","2018","11","09","02:00"
"-123.39","48.42","VICTORIA HARBOUR A","1018619","2018-11-09 03:00","2018","11","09","03:00"
"-123.39","48.42","VICTORIA HARBOUR A","1018619","2018-11-09 04:00","2018","11","09","04:00"
"-123.39","48.42","VICTORIA HARBOUR A","1018619","2018-11-09 05:00","2018","11","09","05:00"
"-123.39","48.42","VICTORIA HARBOUR A","1018619","2018-11-09 06:00","2018","11","09","06:00","5.4","","4.2","","92","","","","35","","9","","16.1","","102.73","","","","","","Rain"
"-123.39","48.42","VICTORIA HARBOUR A","1018619","2018-11-09 07:00","2018","11","09","07:00","5.5","","4.6","","94","","","","4","","7","","4.8","","102.70","","","","","","Rain,Fog"
"-123.39","48.42","VICTORIA HARBOUR A","1018619","2018-11-09 08:00","2018","11","09","08:00","6.3","","5.5","","94","","","","18","","4","","8.1","","102.66","","","","","","Rain,Fog"
"-123.39","48.42","VICTORIA HARBOUR A","1018619","2018-11-09 09:00","2018","11","09","09:00","6.9","","5.7","","92","","","","20","","9","","8.1","","102.61","","","","","","Rain,Fog"
"-123.39","48.42","VICTORIA HARBOUR A","1018619","2018-11-09 10:00","2018","11","09","10:00","7.0","","5.8","","92","","","","20","","17","","16.1","","102.57","","","","","","Rain"
"-123.39","48.42","VICTORIA HARBOUR A","1018619","2018-11-09 11:00","2018","11","09","11:00","7.2","","5.8","","90","","","","19","","10","","24.1","","102.60","","","","","","NA"
"-123.39","48.42","VICTORIA HARBOUR A","1018619","2018-11-09 12:00","2018","11","09","12:00","7.4","","5.6","","88","","","","20","","7","","16.1","","102.60","","","","","","NA"
"-123.39","48.42","VICTORIA HARBOUR A","1018619","2018-11-09 13:00","2018","11","09","13:00","7.9","","5.7","","86","","","","24","","4","","16.1","","102.55","","","","","","Cloudy"
"-123.39","48.42","VICTORIA HARBOUR A","1018619","2018-11-09 14:00","2018","11","09","14:00","8.2","","5.8","","85","","","","35","","4","","24.1","","102.56","","","","","","NA"
"-123.39","48.42","VICTORIA HARBOUR A","1018619","2018-11-09 15:00","2018","11","09","15:00","8.5","","6.0","","85","","","","36","","2","","24.1","","102.55","","","","","","NA"
"-123.39","48.42","VICTORIA HARBOUR A","1018619","2018-11-09 16:00","2018","11","09","16:00","8.3","","6.2","","86","","","","12","","7","","24.1","","102.56","","","","","","Mostly Cloudy"
"-123.39","48.42","VICTORIA HARBOUR A","1018619","2018-11-09 17:00","2018","11","09","17:00","8.1","","5.8","","85","","","","7","","3","","24.1","","102.60","","","","","","NA"
"-123.39","48.42","VICTORIA HARBOUR A","1018619","2018-11-09 18:00","2018","11","09","18:00","7.5","","6.0","","90","","","","27","","3","","24.1","","102.60","","","","","","NA"
"-123.39","48.42","VICTORIA HARBOUR A","1018619","2018-11-09 19:00","2018","11","09","19:00","7.8","","6.3","","91","","","","25","","4","","24.1","","102.63","","","","","","Mostly Cloudy"
"-123.39","48.42","VICTORIA HARBOUR A","1018619","2018-11-09 20:00","2018","11","09","20:00","7.7","","6.6","","92","","","","36","","2","","24.1","","102.64","","","","","","NA"
"-123.39","48.42","VICTORIA HARBOUR A","1018619","2018-11-09 21:00","2018","11","09","21:00","8.1","","6.7","","91","","","","26","","5","","24.1","","102.67","","","","","","NA"
"-123.39","48.42","VICTORIA HARBOUR A","1018619","2018-11-09 22:00","2018","11","09","22:00"
"-123.39","48.42","VICTORIA HARBOUR A","1018619","2018-11-09 23:00","2018","11","09","23:00"
"-123.39","48.42","VICTORIA HARBOUR A","1018619","2018-11-10 00:00","2018","11","10","00:00"
"-123.39","48.42","VICTORIA HARBOUR A","1018619","2018-11-10 01:00","2018","11","10","01:00"
"-123.39","48.42","VICTORIA HARBOUR A","1018619","2018-11-10 02:00","2018","11","10","02:00"
"-123.39","48.42","VICTORIA HARBOUR A","1018619","2018-11-10 03:00","2018","11","10","03:00"
"-123.39","48.42","VICTORIA HARBOUR A","1018619","2018-11-10 04:00","2018","11","10","04:00"
"-123.39","48.42","VICTORIA HARBOUR A","1018619","2018-11-10 05:00","2018","11","10","05:00"
"-123.39","48.42","VICTORIA HARBOUR A","1018619","2018-11-10 06:00","2018","11","10","06:00","7.3","","6.4","","94","","","","33","","4","","16.1","","102.86","","","","","","NA"
"-123.39","48.42","VICTORIA HARBOUR A","1018619","2018-11-10 07:00","2018","11","10","07:00","7.5","","6.2","","91","","","","35","","8","","16.1","","102.93","","","","","","Cloudy"
"-123.39","48.42","VICTORIA HARBOUR A","1018619","2018-11-10 08:00","2018","11","10","08:00","7.4","","5.9","","90","","","","36","","5","","16.1","","102.98","","","","","","NA"
"-123.39","48.42","VICTORIA HARBOUR A","1018619","2018-11-10 09:00","2018","11","10","09:00","7.8","","5.9","","88","","","","35","","4","","24.1","","103.04","","","","","","NA"
"-123.39","48.42","VICTORIA HARBOUR A","1018619","2018-11-10 10:00","2018","11","10","10:00","8.4","","5.3","","81","","","","36","","12","","24.1","","103.09","","","","","","Mostly Cloudy"
"-123.39","48.42","VICTORIA HARBOUR A","1018619","2018-11-10 11:00","2018","11","10","11:00","8.7","","5.2","","79","","","","4","","7","","24.1","","103.14","","","","","","NA"
"-123.39","48.42","VICTORIA HARBOUR A","1018619","2018-11-10 12:00","2018","11","10","12:00","9.1","","4.9","","74","","","","4","","9","","24.1","","103.14","","","","","","NA"
"-123.39","48.42","VICTORIA HARBOUR A","1018619","2018-11-10 13:00","2018","11","10","13:00","9.7","","4.5","","70","","","","2","","7","","24.1","","103.09","","","","","","Mainly Clear"
"-123.39","48.42","VICTORIA HARBOUR A","1018619","2018-11-10 14:00","2018","11","10","14:00","9.8","","4.5","","70","","","","4","","10","","24.1","","103.06","","","","","","NA"
"-123.39","48.42","VICTORIA HARBOUR A","1018619","2018-11-10 15:00","2018","11","10","15:00","9.5","","4.1","","69","","","","36","","8","","24.1","","103.06","","","","","","NA"
"-123.39","48.42","VICTORIA HARBOUR A","1018619","2018-11-10 16:00","2018","11","10","16:00","9.2","","4.6","","73","","","","2","","10","","24.1","","103.06","","","","","","Mainly Clear"
"-123.39","48.42","VICTORIA HARBOUR A","1018619","2018-11-10 17:00","2018","11","10","17:00","8.6","","4.8","","77","","","","36","","3","","24.1","","103.08","","","","","","NA"
"-123.39","48.42","VICTORIA HARBOUR A","1018619","2018-11-10 18:00","2018","11","10","18:00","7.7","","4.8","","82","","","","36","","3","","24.1","","103.04","","","","","","NA"
"-123.39","48.42","VICTORIA HARBOUR A","1018619","2018-11-10 19:00","2018","11","10","19:00","5.8","","4.4","","91","","","","34","","8","","24.1","","103.11","","","","","","Mainly Clear"
"-123.39","48.42","VICTORIA HARBOUR A","1018619","2018-11-10 20:00","2018","11","10","20:00","6.4","","4.9","","90","","","","36","","2","","24.1","","103.14","","","","","","NA"
"-123.39","48.42","VICTORIA HARBOUR A","1018619","2018-11-10 21:00","2018","11","10","21:00","5.0","","4.0","","93","","","","34","","8","","24.1","","103.18","","","","","","NA"
"-123.39","48.42","VICTORIA HARBOUR A","1018619","2018-11-10 22:00","2018","11","10","22:00"
"-123.39","48.42","VICTORIA HARBOUR A","1018619","2018-11-10 23:00","2018","11","10","23:00"
"-123.39","48.42","VICTORIA HARBOUR A","1018619","2018-11-11 00:00","2018","11","11","00:00"
"-123.39","48.42","VICTORIA HARBOUR A","1018619","2018-11-11 01:00","2018","11","11","01:00"
"-123.39","48.42","VICTORIA HARBOUR A","1018619","2018-11-11 02:00","2018","11","11","02:00"
"-123.39","48.42","VICTORIA HARBOUR A","1018619","2018-11-11 03:00","2018","11","11","03:00"
"-123.39","48.42","VICTORIA HARBOUR A","1018619","2018-11-11 04:00","2018","11","11","04:00"
"-123.39","48.42","VICTORIA HARBOUR A","1018619","2018-11-11 05:00","2018","11","11","05:00"
"-123.39","48.42","VICTORIA HARBOUR A","1018619","2018-11-11 06:00","2018","11","11","06:00","5.7","","3.6","","86","","","","34","","4","","24.1","","103.21","","","","","","NA"
"-123.39","48.42","VICTORIA HARBOUR A","1018619","2018-11-11 07:00","2018","11","11","07:00","5.0","","3.3","","88","","","","34","","5","","24.1","","103.21","","","","","","Mostly Cloudy"
"-123.39","48.42","VICTORIA HARBOUR A","1018619","2018-11-11 08:00","2018","11","11","08:00","5.5","","3.4","","86","","","","1","","6","","24.1","","103.26","","","","","","NA"
"-123.39","48.42","VICTORIA HARBOUR A","1018619","2018-11-11 09:00","2018","11","11","09:00","6.4","","3.8","","84","","","","33","","8","","24.1","","103.30","","","","","","NA"
"-123.39","48.42","VICTORIA HARBOUR A","1018619","2018-11-11 10:00","2018","11","11","10:00","6.9","","4.3","","84","","","","2","","9","","24.1","","103.29","","","","","","Mostly Cloudy"
"-123.39","48.42","VICTORIA HARBOUR A","1018619","2018-11-11 11:00","2018","11","11","11:00","7.3","","4.4","","81","","","","3","","7","","24.1","","103.30","","","","","","NA"
"-123.39","48.42","VICTORIA HARBOUR A","1018619","2018-11-11 12:00","2018","11","11","12:00","7.7","","4.5","","80","","","","4","","9","","24.1","","103.27","","","","","","NA"
"-123.39","48.42","VICTORIA HARBOUR A","1018619","2018-11-11 13:00","2018","11","11","13:00","7.9","","4.1","","77","","","","2","","12","","24.1","","103.25","","","","","","Mostly Cloudy"
"-123.39","48.42","VICTORIA HARBOUR A","1018619","2018-11-11 14:00","2018","11","11","14:00","8.5","","4.5","","76","","","","1","","13","","24.1","","103.21","","","","","","NA"
"-123.39","48.42","VICTORIA HARBOUR A","1018619","2018-11-11 15:00","2018","11","11","15:00","9.2","","3.6","","68","","","","3","","10","","24.1","","103.18","","","","","","NA"
"-123.39","48.42","VICTORIA HARBOUR A","1018619","2018-11-11 16:00","2018","11","11","16:00","8.8","","4.5","","74","","","","2","","10","","24.1","","103.17","","","","","","Mostly Cloudy"
"-123.39","48.42","VICTORIA HARBOUR A","1018619","2018-11-11 17:00","2018","11","11","17:00","8.1","","4.0","","76","","","","2","","6","","24.1","","103.17","","","","","","NA"
"-123.39","48.42","VICTORIA HARBOUR A","1018619","2018-11-11 18:00","2018","11","11","18:00","7.7","","4.6","","81","","","","4","","7","","24.1","","103.17","","","","","","NA"
"-123.39","48.42","VICTORIA HARBOUR A","1018619","2018-11-11 19:00","2018","11","11","19:00","7.2","","5.2","","87","","","","2","","8","","24.1","","103.20","","","","","","Mostly Cloudy"
"-123.39","48.42","VICTORIA HARBOUR A","1018619","2018-11-11 20:00","2018","11","11","20:00","6.9","","4.7","","86","","","","1","","9","","24.1","","103.22","","","","","","NA"
"-123.39","48.42","VICTORIA HARBOUR A","1018619","2018-11-11 21:00","2018","11","11","21:00","6.7","","4.2","","84","","","","2","","7","","24.1","","103.22","","","","","","NA"
"-123.39","48.42","VICTORIA HARBOUR A","1018619","2018-11-11 22:00","2018","11","11","22:00"
"-123.39","48.42","VICTORIA HARBOUR A","1018619","2018-11-11 23:00","2018","11","11","23:00"
"-123.39","48.42","VICTORIA HARBOUR A","1018619","2018-11-12 00:00","2018","11","12","00:00"
"-123.39","48.42","VICTORIA HARBOUR A","1018619","2018-11-12 01:00","2018","11","12","01:00"
"-123.39","48.42","VICTORIA HARBOUR A","1018619","2018-11-12 02:00","2018","11","12","02:00"
"-123.39","48.42","VICTORIA HARBOUR A","1018619","2018-11-12 03:00","2018","11","12","03:00"
"-123.39","48.42","VICTORIA HARBOUR A","1018619","2018-11-12 04:00","2018","11","12","04:00"
"-123.39","48.42","VICTORIA HARBOUR A","1018619","2018-11-12 05:00","2018","11","12","05:00"
"-123.39","48.42","VICTORIA HARBOUR A","1018619","2018-11-12 06:00","2018","11","12","06:00","6.4","","3.5","","82","","","","35","","13","","24.1","","103.10","","","","","","NA"
"-123.39","48.42","VICTORIA HARBOUR A","1018619","2018-11-12 07:00","2018","11","12","07:00","6.6","","3.1","","79","","","","3","","7","","24.1","","103.09","","","","","","Mostly Cloudy"
"-123.39","48.42","VICTORIA HARBOUR A","1018619","2018-11-12 08:00","2018","11","12","08:00","6.8","","3.3","","78","","","","1","","10","","24.1","","103.11","","","","","","NA"
"-123.39","48.42","VICTORIA HARBOUR A","1018619","2018-11-12 09:00","2018","11","12","09:00","7.1","","4.6","","84","","","","36","","12","","24.1","","103.09","","","","","","NA"
"-123.39","48.42","VICTORIA HARBOUR A","1018619","2018-11-12 10:00","2018","11","12","10:00","7.9","","5.1","","83","","","","3","","12","","24.1","","103.08","","","","","","Cloudy"
"-123.39","48.42","VICTORIA HARBOUR A","1018619","2018-11-12 11:00","2018","11","12","11:00","8.6","","4.6","","76","","","","36","","19","","24.1","","103.06","","","","","","NA"
"-123.39","48.42","VICTORIA HARBOUR A","1018619","2018-11-12 12:00","2018","11","12","12:00","8.8","","4.6","","75","","","","1","","16","","24.1","","103.02","","","","","","NA"
"-123.39","48.42","VICTORIA HARBOUR A","1018619","2018-11-12 13:00","2018","11","12","13:00","9.4","","3.3","","65","","","","36","","19","","24.1","","102.96","","","","","","Mostly Cloudy"
"-123.39","48.42","VICTORIA HARBOUR A","1018619","2018-11-12 14:00","2018","11","12","14:00","9.7","","4.1","","68","","","","36","","15","","24.1","","102.92","","","","","","NA"
"-123.39","48.42","VICTORIA HARBOUR A","1018619","2018-11-12 15:00","2018","11","12","15:00","9.9","","3.5","","64","","","","36","","10","","24.1","","102.88","","","","","","NA"
"-123.39","48.42","VICTORIA HARBOUR A","1018619","2018-11-12 16:00","2018","11","12","16:00","9.3","","3.4","","67","","","","1","","15","","24.1","","102.89","","","","","","Mostly Cloudy"
"-123.39","48.42","VICTORIA HARBOUR A","1018619","2018-11-12 17:00","2018","11","12","17:00","8.6","","3.1","","68","","","","1","","5","","24.1","","102.84","","","","","","NA"
"-123.39","48.42","VICTORIA HARBOUR A","1018619","2018-11-12 18:00","2018","11","12","18:00","8.5","","2.9","","68","","","","3","","7","","24.1","","102.82","","","","","","NA"
"-123.39","48.42","VICTORIA HARBOUR A","1018619","2018-11-12 19:00","2018","11","12","19:00","8.7","","2.7","","66","","","","3","","7","","24.1","","102.80","","","","","","Mostly Cloudy"
"-123.39","48.42","VICTORIA HARBOUR A","1018619","2018-11-12 20:00","2018","11","12","20:00","7.8","","2.5","","69","","","","36","","10","","24.1","","102.82","","","","","","NA"
"-123.39","48.42","VICTORIA HARBOUR A","1018619","2018-11-12 21:00","2018","11","12","21:00","8.3","","2.4","","66","","","","5","","8","","24.1","","102.82","","","","","","NA"
"-123.39","48.42","VICTORIA HARBOUR A","1018619","2018-11-12 22:00","2018","11","12","22:00"
"-123.39","48.42","VICTORIA HARBOUR A","1018619","2018-11-12 23:00","2018","11","12","23:00"
"-123.39","48.42","VICTORIA HARBOUR A","1018619","2018-11-13 00:00","2018","11","13","00:00"
"-123.39","48.42","VICTORIA HARBOUR A","1018619","2018-11-13 01:00","2018","11","13","01:00"
"-123.39","48.42","VICTORIA HARBOUR A","1018619","2018-11-13 02:00","2018","11","13","02:00"
"-123.39","48.42","VICTORIA HARBOUR A","1018619","2018-11-13 03:00","2018","11","13","03:00"
"-123.39","48.42","VICTORIA HARBOUR A","1018619","2018-11-13 04:00","2018","11","13","04:00"
"-123.39","48.42","VICTORIA HARBOUR A","1018619","2018-11-13 05:00","2018","11","13","05:00"
"-123.39","48.42","VICTORIA HARBOUR A","1018619","2018-11-13 06:00","2018","11","13","06:00","6.0","","2.1","","76","","","","1","","6","","24.1","","102.73","","","","","","NA"
"-123.39","48.42","VICTORIA HARBOUR A","1018619","2018-11-13 07:00","2018","11","13","07:00","6.3","","2.4","","76","","","","1","","7","","24.1","","102.72","","","","","","Mostly Cloudy"
"-123.39","48.42","VICTORIA HARBOUR A","1018619","2018-11-13 08:00","2018","11","13","08:00","5.1","","2.1","","81","","","","36","","7","","24.1","","102.78","","","","","","NA"
"-123.39","48.42","VICTORIA HARBOUR A","1018619","2018-11-13 09:00","2018","11","13","09:00","6.3","","2.8","","78","","","","36","","4","","24.1","","102.79","","","","","","NA"
"-123.39","48.42","VICTORIA HARBOUR A","1018619","2018-11-13 10:00","2018","11","13","10:00","7.1","","3.9","","80","","","","3","","3","","24.1","","102.77","","","","","","Mostly Cloudy"
"-123.39","48.42","VICTORIA HARBOUR A","1018619","2018-11-13 11:00","2018","11","13","11:00","8.4","","5.3","","81","","","","11","","7","","24.1","","102.74","","","","","","NA"
"-123.39","48.42","VICTORIA HARBOUR A","1018619","2018-11-13 12:00","2018","11","13","12:00","8.5","","5.9","","84","","","","14","","7","","24.1","","102.74","","","","","","NA"
"-123.39","48.42","VICTORIA HARBOUR A","1018619","2018-11-13 13:00","2018","11","13","13:00","8.7","","6.3","","85","","","","36","","2","","24.1","","102.68","","","","","","Cloudy"
"-123.39","48.42","VICTORIA HARBOUR A","1018619","2018-11-13 14:00","2018","11","13","14:00","8.7","","6.3","","85","","","","22","","5","","24.1","","102.66","","","","","","NA"
"-123.39","48.42","VICTORIA HARBOUR A","1018619","2018-11-13 15:00","2018","11","13","15:00","8.8","","6.3","","84","","","","18","","5","","24.1","","102.65","","","","","","NA"
"-123.39","48.42","VICTORIA HARBOUR A","1018619","2018-11-13 16:00","2018","11","13","16:00","9.1","","6.0","","80","","","","14","","4","","24.1","","102.58","","","","","","Cloudy"
"-123.39","48.42","VICTORIA HARBOUR A","1018619","2018-11-13 17:00","2018","11","13","17:00","9.1","","5.9","","80","","","","2","","3","","24.1","","102.50","","","","","","NA"
"-123.39","48.42","VICTORIA HARBOUR A","1018619","2018-11-13 18:00","2018","11","13","18:00","8.6","","6.9","","89","","","","34","","7","","19.3","","102.54","","","","","","Rain"
"-123.39","48.42","VICTORIA HARBOUR A","1018619","2018-11-13 19:00","2018","11","13","19:00","8.1","","6.7","","91","","","","1","","7","","19.3","","102.49","","","","","","Rain"
"-123.39","48.42","VICTORIA HARBOUR A","1018619","2018-11-13 20:00","2018","11","13","20:00","8.0","","7.0","","93","","","","6","","8","","19.3","","102.40","","","","","","Rain"
"-123.39","48.42","VICTORIA HARBOUR A","1018619","2018-11-13 21:00","2018","11","13","21:00","8.6","","7.3","","92","","","","12","","13","","19.3","","102.34","","","","","","Rain"
"-123.39","48.42","VICTORIA HARBOUR A","1018619","2018-11-13 22:00","2018","11","13","22:00"
"-123.39","48.42","VICTORIA HARBOUR A","1018619","2018-11-13 23:00","2018","11","13","23:00"
"-123.39","48.42","VICTORIA HARBOUR A","1018619","2018-11-14 00:00","2018","11","14","00:00"
"-123.39","48.42","VICTORIA HARBOUR A","1018619","2018-11-14 01:00","2018","11","14","01:00"
"-123.39","48.42","VICTORIA HARBOUR A","1018619","2018-11-14 02:00","2018","11","14","02:00"
"-123.39","48.42","VICTORIA HARBOUR A","1018619","2018-11-14 03:00","2018","11","14","03:00"
"-123.39","48.42","VICTORIA HARBOUR A","1018619","2018-11-14 04:00","2018","11","14","04:00"
"-123.39","48.42","VICTORIA HARBOUR A","1018619","2018-11-14 05:00","2018","11","14","05:00"
"-123.39","48.42","VICTORIA HARBOUR A","1018619","2018-11-14 06:00","2018","11","14","06:00","8.5","","7.8","","95","","","","28","","5","","9.7","","102.02","","","","","","Rain,Fog"
"-123.39","48.42","VICTORIA HARBOUR A","1018619","2018-11-14 07:00","2018","11","14","07:00","8.4","","7.9","","96","","","","10","","3","","4.8","","101.96","","","","","","Rain,Fog"
"-123.39","48.42","VICTORIA HARBOUR A","1018619","2018-11-14 08:00","2018","11","14","08:00","8.6","","8.2","","97","","","","10","","5","","8.1","","102.03","","","","","","Rain,Fog"
"-123.39","48.42","VICTORIA HARBOUR A","1018619","2018-11-14 09:00","2018","11","14","09:00","10.2","","9.0","","92","","","","18","","11","","16.1","","102.16","","","","","","Rain"
"-123.39","48.42","VICTORIA HARBOUR A","1018619","2018-11-14 10:00","2018","11","14","10:00","13.5","","10.6","","82","","","","24","","26","","19.3","","102.27","","","","","","Mostly Cloudy"
"-123.39","48.42","VICTORIA HARBOUR A","1018619","2018-11-14 11:00","2018","11","14","11:00","13.5","","10.1","","80","","","","24","","30","","19.3","","102.38","","","","","","NA"
"-123.39","48.42","VICTORIA HARBOUR A","1018619","2018-11-14 12:00","2018","11","14","12:00","13.9","","9.5","","75","","","","26","","34","","24.1","","102.39","","","","","","NA"
"-123.39","48.42","VICTORIA HARBOUR A","1018619","2018-11-14 13:00","2018","11","14","13:00","14.4","","8.5","","67","","","","25","","17","","24.1","","102.46","","","","","","Mostly Cloudy"
"-123.39","48.42","VICTORIA HARBOUR A","1018619","2018-11-14 14:00","2018","11","14","14:00","13.9","","8.8","","71","","","","25","","21","","24.1","","102.53","","","","","","NA"
"-123.39","48.42","VICTORIA HARBOUR A","1018619","2018-11-14 15:00","2018","11","14","15:00","12.6","","9.3","","80","","","","24","","23","","24.1","","102.55","","","","","","NA"
"-123.39","48.42","VICTORIA HARBOUR A","1018619","2018-11-14 16:00","2018","11","14","16:00","12.3","","8.9","","79","","","","25","","14","","24.1","","102.61","","","","","","Mostly Cloudy"
"-123.39","48.42","VICTORIA HARBOUR A","1018619","2018-11-14 17:00","2018","11","14","17:00","12.0","","8.8","","81","","","","25","","13","","24.1","","102.64","","","","","","NA"
"-123.39","48.42","VICTORIA HARBOUR A","1018619","2018-11-14 18:00","2018","11","14","18:00","11.2","","9.1","","86","","","","21","","7","","24.1","","102.69","","","","","","NA"
"-123.39","48.42","VICTORIA HARBOUR A","1018619","2018-11-14 19:00","2018","11","14","19:00","11.2","","9.0","","86","","","","20","","13","","24.1","","102.70","","","","","","Mostly Cloudy"
"-123.39","48.42","VICTORIA HARBOUR A","1018619","2018-11-14 20:00","2018","11","14","20:00","10.7","","9.2","","90","","","","18","","8","","24.1","","102.73","","","","","","NA"
"-123.39","48.42","VICTORIA HARBOUR A","1018619","2018-11-14 21:00","2018","11","14","21:00","10.8","","9.3","","90","","","","12","","13","","24.1","","102.77","","","","","","NA"
"-123.39","48.42","VICTORIA HARBOUR A","1018619","2018-11-14 22:00","2018","11","14","22:00"
"-123.39","48.42","VICTORIA HARBOUR A","1018619","2018-11-14 23:00","2018","11","14","23:00"
"-123.39","48.42","VICTORIA HARBOUR A","1018619","2018-11-15 00:00","2018","11","15","00:00"
"-123.39","48.42","VICTORIA HARBOUR A","1018619","2018-11-15 01:00","2018","11","15","01:00"
"-123.39","48.42","VICTORIA HARBOUR A","1018619","2018-11-15 02:00","2018","11","15","02:00"
"-123.39","48.42","VICTORIA HARBOUR A","1018619","2018-11-15 03:00","2018","11","15","03:00"
"-123.39","48.42","VICTORIA HARBOUR A","1018619","2018-11-15 04:00","2018","11","15","04:00"
"-123.39","48.42","VICTORIA HARBOUR A","1018619","2018-11-15 05:00","2018","11","15","05:00"
"-123.39","48.42","VICTORIA HARBOUR A","1018619","2018-11-15 06:00","2018","11","15","06:00","9.6","","8.4","","92","","","","15","","9","","24.1","","102.76","","","","","","NA"
"-123.39","48.42","VICTORIA HARBOUR A","1018619","2018-11-15 07:00","2018","11","15","07:00","10.0","","7.6","","85","","","","17","","5","","24.1","","102.72","","","","","","Cloudy"
"-123.39","48.42","VICTORIA HARBOUR A","1018619","2018-11-15 08:00","2018","11","15","08:00","9.7","","8.0","","89","","","","14","","9","","24.1","","102.71","","","","","","NA"
"-123.39","48.42","VICTORIA HARBOUR A","1018619","2018-11-15 09:00","2018","11","15","09:00","9.8","","8.5","","92","","","","15","","6","","24.1","","102.66","","","","","","NA"
"-123.39","48.42","VICTORIA HARBOUR A","1018619","2018-11-15 10:00","2018","11","15","10:00","9.6","","8.5","","93","","","","16","","10","","24.1","","102.61","","","","","","Cloudy"
"-123.39","48.42","VICTORIA HARBOUR A","1018619","2018-11-15 11:00","2018","11","15","11:00","9.6","","8.6","","93","","","","22","","3","","24.1","","102.62","","","","","","NA"
"-123.39","48.42","VICTORIA HARBOUR A","1018619","2018-11-15 12:00","2018","11","15","12:00","9.8","","8.3","","90","","","","15","","7","","24.1","","102.54","","","","","","NA"
"-123.39","48.42","VICTORIA HARBOUR A","1018619","2018-11-15 13:00","2018","11","15","13:00","10.2","","8.3","","88","","","","16","","7","","24.1","","102.48","","","","","","Cloudy"
"-123.39","48.42","VICTORIA HARBOUR A","1018619","2018-11-15 14:00","2018","11","15","14:00","10.2","","8.6","","89","","","","15","","6","","24.1","","102.45","","","","","","NA"
"-123.39","48.42","VICTORIA HARBOUR A","1018619","2018-11-15 15:00","2018","11","15","15:00","10.9","","8.2","","83","","","","14","","12","","24.1","","102.37","","","","","","NA"
"-123.39","48.42","VICTORIA HARBOUR A","1018619","2018-11-15 16:00","2018","11","15","16:00","11.0","","8.2","","83","","","","17","","12","","24.1","","102.31","","","","","","Mostly Cloudy"
"-123.39","48.42","VICTORIA HARBOUR A","1018619","2018-11-15 17:00","2018","11","15","17:00","10.6","","8.5","","87","","","","16","","10","","24.1","","102.27","","","","","","NA"
"-123.39","48.42","VICTORIA HARBOUR A","1018619","2018-11-15 18:00","2018","11","15","18:00","10.2","","8.4","","88","","","","15","","11","","24.1","","102.18","","","","","","NA"
"-123.39","48.42","VICTORIA HARBOUR A","1018619","2018-11-15 19:00","2018","11","15","19:00","10.4","","9.0","","91","","","","18","","8","","24.1","","102.13","","","","","","Cloudy"
"-123.39","48.42","VICTORIA HARBOUR A","1018619","2018-11-15 20:00","2018","11","15","20:00","11.4","","10.0","","91","","","","23","","22","","24.1","","102.09","","","","","","NA"
"-123.39","48.42","VICTORIA HARBOUR A","1018619","2018-11-15 21:00","2018","11","15","21:00","11.8","","10.2","","90","","","","22","","18","","24.1","","102.09","","","","","","NA"
"-123.39","48.42","VICTORIA HARBOUR A","1018619","2018-11-15 22:00","2018","11","15","22:00"
"-123.39","48.42","VICTORIA HARBOUR A","1018619","2018-11-15 23:00","2018","11","15","23:00"
"-123.39","48.42","VICTORIA HARBOUR A","1018619","2018-11-16 00:00","2018","11","16","00:00"
"-123.39","48.42","VICTORIA HARBOUR A","1018619","2018-11-16 01:00","2018","11","16","01:00"
"-123.39","48.42","VICTORIA HARBOUR A","1018619","2018-11-16 02:00","2018","11","16","02:00"
"-123.39","48.42","VICTORIA HARBOUR A","1018619","2018-11-16 03:00","2018","11","16","03:00"
"-123.39","48.42","VICTORIA HARBOUR A","1018619","2018-11-16 04:00","2018","11","16","04:00"
"-123.39","48.42","VICTORIA HARBOUR A","1018619","2018-11-16 05:00","2018","11","16","05:00"
"-123.39","48.42","VICTORIA HARBOUR A","1018619","2018-11-16 06:00","2018","11","16","06:00","10.3","","8.6","","89","","","","35","","7","","24.1","","102.42","","","","","","NA"
"-123.39","48.42","VICTORIA HARBOUR A","1018619","2018-11-16 07:00","2018","11","16","07:00","10.2","","8.3","","88","","","","36","","7","","24.1","","102.41","","","","","","Mostly Cloudy"
"-123.39","48.42","VICTORIA HARBOUR A","1018619","2018-11-16 08:00","2018","11","16","08:00","9.9","","8.0","","88","","","","3","","5","","24.1","","102.44","","","","","","NA"
"-123.39","48.42","VICTORIA HARBOUR A","1018619","2018-11-16 09:00","2018","11","16","09:00","9.9","","7.8","","87","","","","36","","5","","24.1","","102.49","","","","","","NA"
"-123.39","48.42","VICTORIA HARBOUR A","1018619","2018-11-16 10:00","2018","11","16","10:00","10.6","","7.3","","80","","","","36","","17","","24.1","","102.52","","","","","","Mostly Cloudy"
"-123.39","48.42","VICTORIA HARBOUR A","1018619","2018-11-16 11:00","2018","11","16","11:00","11.6","","7.7","","77","","","","35","","10","","24.1","","102.52","","","","","","NA"
"-123.39","48.42","VICTORIA HARBOUR A","1018619","2018-11-16 12:00","2018","11","16","12:00","12.0","","7.8","","75","","","","2","","14","","24.1","","102.51","","","","","","NA"
"-123.39","48.42","VICTORIA HARBOUR A","1018619","2018-11-16 13:00","2018","11","16","13:00","11.9","","7.7","","75","","","","3","","10","","24.1","","102.48","","","","","","Mostly Cloudy"
"-123.39","48.42","VICTORIA HARBOUR A","1018619","2018-11-16 14:00","2018","11","16","14:00","12.1","","6.7","","69","","","","2","","14","","24.1","","102.48","","","","","","NA"
"-123.39","48.42","VICTORIA HARBOUR A","1018619","2018-11-16 15:00","2018","11","16","15:00","12.1","","6.7","","69","","","","1","","8","","24.1","","102.49","","","","","","NA"
"-123.39","48.42","VICTORIA HARBOUR A","1018619","2018-11-16 16:00","2018","11","16","16:00","11.7","","7.1","","73","","","","2","","6","","24.1","","102.51","","","","","","Mostly Cloudy"
"-123.39","48.42","VICTORIA HARBOUR A","1018619","2018-11-16 17:00","2018","11","16","17:00","10.6","","7.1","","79","","","","33","","4","","24.1","","102.51","","","","","","NA"
"-123.39","48.42","VICTORIA HARBOUR A","1018619","2018-11-16 18:00","2018","11","16","18:00","9.4","","6.8","","84","","","","33","","4","","24.1","","102.52","","","","","","NA"
"-123.39","48.42","VICTORIA HARBOUR A","1018619","2018-11-16 19:00","2018","11","16","19:00","8.7","","6.0","","83","","","","35","","7","","24.1","","102.58","","","","","","Clear"
"-123.39","48.42","VICTORIA HARBOUR A","1018619","2018-11-16 20:00","2018","11","16","20:00","8.9","","6.1","","83","","","","35","","10","","24.1","","102.61","","","","","","NA"
"-123.39","48.42","VICTORIA HARBOUR A","1018619","2018-11-16 21:00","2018","11","16","21:00","8.9","","5.6","","80","","","","34","","13","","24.1","","102.65","","","","","","NA"
"-123.39","48.42","VICTORIA HARBOUR A","1018619","2018-11-16 22:00","2018","11","16","22:00"
"-123.39","48.42","VICTORIA HARBOUR A","1018619","2018-11-16 23:00","2018","11","16","23:00"
"-123.39","48.42","VICTORIA HARBOUR A","1018619","2018-11-17 00:00","2018","11","17","00:00"
"-123.39","48.42","VICTORIA HARBOUR A","1018619","2018-11-17 01:00","2018","11","17","01:00"
"-123.39","48.42","VICTORIA HARBOUR A","1018619","2018-11-17 02:00","2018","11","17","02:00"
"-123.39","48.42","VICTORIA HARBOUR A","1018619","2018-11-17 03:00","2018","11","17","03:00"
"-123.39","48.42","VICTORIA HARBOUR A","1018619","2018-11-17 04:00","2018","11","17","04:00"
"-123.39","48.42","VICTORIA HARBOUR A","1018619","2018-11-17 05:00","2018","11","17","05:00"
"-123.39","48.42","VICTORIA HARBOUR A","1018619","2018-11-17 06:00","2018","11","17","06:00","6.2","","3.8","","85","","","","36","","10","","24.1","","102.75","","","","","","NA"
"-123.39","48.42","VICTORIA HARBOUR A","1018619","2018-11-17 07:00","2018","11","17","07:00","6.2","","4.0","","86","","","","36","","9","","24.1","","102.77","","","","","","Clear"
"-123.39","48.42","VICTORIA HARBOUR A","1018619","2018-11-17 08:00","2018","11","17","08:00","6.3","","4.2","","86","","","","36","","11","","24.1","","102.81","","","","","","NA"
"-123.39","48.42","VICTORIA HARBOUR A","1018619","2018-11-17 09:00","2018","11","17","09:00","7.2","","4.4","","82","","","","36","","12","","24.1","","102.84","","","","","","NA"
"-123.39","48.42","VICTORIA HARBOUR A","1018619","2018-11-17 10:00","2018","11","17","10:00","7.8","","4.2","","78","","","","36","","18","","24.1","","102.83","","","","","","Clear"
"-123.39","48.42","VICTORIA HARBOUR A","1018619","2018-11-17 11:00","2018","11","17","11:00","8.8","","2.4","","64","","","","1","","14","","24.1","","102.83","","","","","","NA"
"-123.39","48.42","VICTORIA HARBOUR A","1018619","2018-11-17 12:00","2018","11","17","12:00","8.9","","-1.2","","49","","","","3","","13","","24.1","","102.78","","","","","","NA"
"-123.39","48.42","VICTORIA HARBOUR A","1018619","2018-11-17 13:00","2018","11","17","13:00","9.0","","2.8","","65","","","","3","","8","","24.1","","102.73","","","","","","Mainly Clear"
"-123.39","48.42","VICTORIA HARBOUR A","1018619","2018-11-17 14:00","2018","11","17","14:00","9.2","","1.4","","58","","","","4","","11","","24.1","","102.68","","","","","","NA"
"-123.39","48.42","VICTORIA HARBOUR A","1018619","2018-11-17 15:00","2018","11","17","15:00","9.0","","2.0","","62","","","","2","","13","","24.1","","102.64","","","","","","NA"
"-123.39","48.42","VICTORIA HARBOUR A","1018619","2018-11-17 16:00","2018","11","17","16:00","8.8","","1.6","","60","","","","36","","14","","24.1","","102.61","","","","","","Mainly Clear"
"-123.39","48.42","VICTORIA HARBOUR A","1018619","2018-11-17 17:00","2018","11","17","17:00","8.2","","2.6","","68","","","","2","","6","","24.1","","102.61","","","","","","NA"
"-123.39","48.42","VICTORIA HARBOUR A","1018619","2018-11-17 18:00","2018","11","17","18:00","7.6","","3.9","","77","","","","3","","8","","24.1","","102.58","","","","","","NA"
"-123.39","48.42","VICTORIA HARBOUR A","1018619","2018-11-17 19:00","2018","11","17","19:00","7.1","","4.3","","82","","","","3","","8","","24.1","","102.58","","","","","","Mainly Clear"
"-123.39","48.42","VICTORIA HARBOUR A","1018619","2018-11-17 20:00","2018","11","17","20:00","6.5","","3.8","","83","","","","4","","7","","24.1","","102.55","","","","","","NA"
"-123.39","48.42","VICTORIA HARBOUR A","1018619","2018-11-17 21:00","2018","11","17","21:00","6.1","","3.0","","81","","","","5","","5","","24.1","","102.52","","","","","","NA"
"-123.39","48.42","VICTORIA HARBOUR A","1018619","2018-11-17 22:00","2018","11","17","22:00"
"-123.39","48.42","VICTORIA HARBOUR A","1018619","2018-11-17 23:00","2018","11","17","23:00"
"-123.39","48.42","VICTORIA HARBOUR A","1018619","2018-11-18 00:00","2018","11","18","00:00"
"-123.39","48.42","VICTORIA HARBOUR A","1018619","2018-11-18 01:00","2018","11","18","01:00"
"-123.39","48.42","VICTORIA HARBOUR A","1018619","2018-11-18 02:00","2018","11","18","02:00"
"-123.39","48.42","VICTORIA HARBOUR A","1018619","2018-11-18 03:00","2018","11","18","03:00"
"-123.39","48.42","VICTORIA HARBOUR A","1018619","2018-11-18 04:00","2018","11","18","04:00"
"-123.39","48.42","VICTORIA HARBOUR A","1018619","2018-11-18 05:00","2018","11","18","05:00"
"-123.39","48.42","VICTORIA HARBOUR A","1018619","2018-11-18 06:00","2018","11","18","06:00","4.6","","1.2","","79","","","","1","","5","","24.1","","102.43","","","","","","NA"
"-123.39","48.42","VICTORIA HARBOUR A","1018619","2018-11-18 07:00","2018","11","18","07:00","4.7","","1.4","","79","","","","35","","6","","24.1","","102.40","","","","","","Mainly Clear"
"-123.39","48.42","VICTORIA HARBOUR A","1018619","2018-11-18 08:00","2018","11","18","08:00","4.4","","1.6","","82","","","","36","","10","","24.1","","102.39","","","","","","NA"
"-123.39","48.42","VICTORIA HARBOUR A","1018619","2018-11-18 09:00","2018","11","18","09:00","5.6","","3.0","","84","","","","36","","13","","24.1","","102.41","","","","","","NA"
"-123.39","48.42","VICTORIA HARBOUR A","1018619","2018-11-18 10:00","2018","11","18","10:00","6.8","","3.8","","82","","","","1","","10","","24.1","","102.38","","","","","","Mainly Clear"
"-123.39","48.42","VICTORIA HARBOUR A","1018619","2018-11-18 11:00","2018","11","18","11:00","7.4","","3.7","","77","","","","3","","9","","24.1","","102.38","","","","","","NA"
"-123.39","48.42","VICTORIA HARBOUR A","1018619","2018-11-18 12:00","2018","11","18","12:00","7.9","","3.1","","71","","","","3","","13","","24.1","","102.33","","","","","","NA"
"-123.39","48.42","VICTORIA HARBOUR A","1018619","2018-11-18 13:00","2018","11","18","13:00","8.4","","2.4","","65","","","","4","","13","","24.1","","102.28","","","","","","Clear"
"-123.39","48.42","VICTORIA HARBOUR A","1018619","2018-11-18 14:00","2018","11","18","14:00","8.5","","2.7","","67","","","","36","","14","","24.1","","102.25","","","","","","NA"
"-123.39","48.42","VICTORIA HARBOUR A","1018619","2018-11-18 15:00","2018","11","18","15:00","8.7","","3.2","","69","","","","2","","9","","24.1","","102.24","","","","","","NA"
"-123.39","48.42","VICTORIA HARBOUR A","1018619","2018-11-18 16:00","2018","11","18","16:00","8.3","","3.5","","72","","","","1","","8","","24.1","","102.22","","","","","","Mainly Clear"
"-123.39","48.42","VICTORIA HARBOUR A","1018619","2018-11-18 17:00","2018","11","18","17:00","7.6","","3.2","","73","","","","3","","3","","24.1","","102.21","","","","","","NA"
"-123.39","48.42","VICTORIA HARBOUR A","1018619","2018-11-18 18:00","2018","11","18","18:00","7.0","","3.1","","76","","","","2","","5","","24.1","","102.19","","","","","","NA"
"-123.39","48.42","VICTORIA HARBOUR A","1018619","2018-11-18 19:00","2018","11","18","19:00","6.5","","4.2","","85","","","","2","","3","","24.1","","102.19","","","","","","Clear"
"-123.39","48.42","VICTORIA HARBOUR A","1018619","2018-11-18 20:00","2018","11","18","20:00","5.9","","4.3","","89","","","","36","","2","","24.1","","102.21","","","","","","NA"
"-123.39","48.42","VICTORIA HARBOUR A","1018619","2018-11-18 21:00","2018","11","18","21:00","5.2","","3.8","","91","","","","1","","7","","24.1","","102.20","","","","","","NA"
"-123.39","48.42","VICTORIA HARBOUR A","1018619","2018-11-18 22:00","2018","11","18","22:00"
"-123.39","48.42","VICTORIA HARBOUR A","1018619","2018-11-18 23:00","2018","11","18","23:00"
"-123.39","48.42","VICTORIA HARBOUR A","1018619","2018-11-19 00:00","2018","11","19","00:00"
"-123.39","48.42","VICTORIA HARBOUR A","1018619","2018-11-19 01:00","2018","11","19","01:00"
"-123.39","48.42","VICTORIA HARBOUR A","1018619","2018-11-19 02:00","2018","11","19","02:00"
"-123.39","48.42","VICTORIA HARBOUR A","1018619","2018-11-19 03:00","2018","11","19","03:00"
"-123.39","48.42","VICTORIA HARBOUR A","1018619","2018-11-19 04:00","2018","11","19","04:00"
"-123.39","48.42","VICTORIA HARBOUR A","1018619","2018-11-19 05:00","2018","11","19","05:00"
"-123.39","48.42","VICTORIA HARBOUR A","1018619","2018-11-19 06:00","2018","11","19","06:00","3.8","","0.9","","82","","","","1","","8","","24.1","","102.16","","","","","","NA"
"-123.39","48.42","VICTORIA HARBOUR A","1018619","2018-11-19 07:00","2018","11","19","07:00","3.7","","1.3","","85","","","","1","","7","","24.1","","102.14","","","","","","Clear"
"-123.39","48.42","VICTORIA HARBOUR A","1018619","2018-11-19 08:00","2018","11","19","08:00","3.9","","1.4","","83","","","","1","","9","","24.1","","102.16","","","","","","NA"
"-123.39","48.42","VICTORIA HARBOUR A","1018619","2018-11-19 09:00","2018","11","19","09:00","5.5","","2.0","","78","","","","1","","8","","24.1","","102.19","","","","","","NA"
"-123.39","48.42","VICTORIA HARBOUR A","1018619","2018-11-19 10:00","2018","11","19","10:00","7.0","","3.2","","76","","","","2","","7","","24.1","","102.17","","","","","","Clear"
"-123.39","48.42","VICTORIA HARBOUR A","1018619","2018-11-19 11:00","2018","11","19","11:00","7.6","","3.6","","76","","","","1","","10","","24.1","","102.15","","","","","","NA"
"-123.39","48.42","VICTORIA HARBOUR A","1018619","2018-11-19 12:00","2018","11","19","12:00","8.3","","4.2","","75","","","","3","","8","","24.1","","102.08","","","","","","NA"
"-123.39","48.42","VICTORIA HARBOUR A","1018619","2018-11-19 13:00","2018","11","19","13:00","9.0","","3.8","","70","","","","3","","10","","24.1","","102.03","","","","","","Mainly Clear"
"-123.39","48.42","VICTORIA HARBOUR A","1018619","2018-11-19 14:00","2018","11","19","14:00","9.5","","3.3","","65","","","","2","","10","","24.1","","101.95","","","","","","NA"
"-123.39","48.42","VICTORIA HARBOUR A","1018619","2018-11-19 15:00","2018","11","19","15:00","8.9","","3.3","","67","","","","1","","14","","24.1","","101.91","","","","","","NA"
"-123.39","48.42","VICTORIA HARBOUR A","1018619","2018-11-19 16:00","2018","11","19","16:00","8.8","","4.2","","73","","","","2","","9","","24.1","","101.87","","","","","","Mainly Clear"
"-123.39","48.42","VICTORIA HARBOUR A","1018619","2018-11-19 17:00","2018","11","19","17:00","7.9","","4.7","","81","","","","36","","7","","24.1","","101.88","","","","","","NA"
"-123.39","48.42","VICTORIA HARBOUR A","1018619","2018-11-19 18:00","2018","11","19","18:00","7.2","","4.5","","83","","","","36","","8","","24.1","","101.87","","","","","","NA"
"-123.39","48.42","VICTORIA HARBOUR A","1018619","2018-11-19 19:00","2018","11","19","19:00","6.7","","4.0","","83","","","","1","","5","","24.1","","101.84","","","","","","Mainly Clear"
"-123.39","48.42","VICTORIA HARBOUR A","1018619","2018-11-19 20:00","2018","11","19","20:00","6.5","","3.2","","79","","","","1","","9","","24.1","","101.81","","","","","","NA"
"-123.39","48.42","VICTORIA HARBOUR A","1018619","2018-11-19 21:00","2018","11","19","21:00","6.5","","3.0","","78","","","","2","","7","","24.1","","101.78","","","","","","NA"
"-123.39","48.42","VICTORIA HARBOUR A","1018619","2018-11-19 22:00","2018","11","19","22:00"
"-123.39","48.42","VICTORIA HARBOUR A","1018619","2018-11-19 23:00","2018","11","19","23:00"
"-123.39","48.42","VICTORIA HARBOUR A","1018619","2018-11-20 00:00","2018","11","20","00:00"
"-123.39","48.42","VICTORIA HARBOUR A","1018619","2018-11-20 01:00","2018","11","20","01:00"
"-123.39","48.42","VICTORIA HARBOUR A","1018619","2018-11-20 02:00","2018","11","20","02:00"
"-123.39","48.42","VICTORIA HARBOUR A","1018619","2018-11-20 03:00","2018","11","20","03:00"
"-123.39","48.42","VICTORIA HARBOUR A","1018619","2018-11-20 04:00","2018","11","20","04:00"
"-123.39","48.42","VICTORIA HARBOUR A","1018619","2018-11-20 05:00","2018","11","20","05:00"
"-123.39","48.42","VICTORIA HARBOUR A","1018619","2018-11-20 06:00","2018","11","20","06:00","3.7","","2.3","","91","","","","34","","3","","24.1","","101.61","","","","","","NA"
"-123.39","48.42","VICTORIA HARBOUR A","1018619","2018-11-20 07:00","2018","11","20","07:00","4.4","","3.0","","91","","","","2","","7","","24.1","","101.56","","","","","","Mainly Clear"
"-123.39","48.42","VICTORIA HARBOUR A","1018619","2018-11-20 08:00","2018","11","20","08:00","4.4","","3.0","","91","","","","1","","7","","24.1","","101.56","","","","","","NA"
"-123.39","48.42","VICTORIA HARBOUR A","1018619","2018-11-20 09:00","2018","11","20","09:00","5.5","","3.0","","84","","","","36","","7","","24.1","","101.55","","","","","","NA"
"-123.39","48.42","VICTORIA HARBOUR A","1018619","2018-11-20 10:00","2018","11","20","10:00","7.3","","3.0","","74","","","","1","","7","","24.1","","101.51","","","","","","Mostly Cloudy"
"-123.39","48.42","VICTORIA HARBOUR A","1018619","2018-11-20 11:00","2018","11","20","11:00","8.3","","3.3","","71","","","","36","","9","","24.1","","101.49","","","","","","NA"
"-123.39","48.42","VICTORIA HARBOUR A","1018619","2018-11-20 12:00","2018","11","20","12:00","9.3","","2.8","","64","","","","1","","6","","24.1","","101.41","","","","","","NA"
"-123.39","48.42","VICTORIA HARBOUR A","1018619","2018-11-20 13:00","2018","11","20","13:00","9.3","","3.0","","65","","","","36","","11","","24.1","","101.35","","","","","","Cloudy"
"-123.39","48.42","VICTORIA HARBOUR A","1018619","2018-11-20 14:00","2018","11","20","14:00","10.2","","2.8","","60","","","","4","","5","","24.1","","101.30","","","","","","NA"
"-123.39","48.42","VICTORIA HARBOUR A","1018619","2018-11-20 15:00","2018","11","20","15:00","9.9","","3.5","","64","","","","2","","4","","24.1","","101.26","","","","","","NA"
"-123.39","48.42","VICTORIA HARBOUR A","1018619","2018-11-20 16:00","2018","11","20","16:00","9.7","","2.9","","62","","","","5","","5","","24.1","","101.23","","","","","","Cloudy"
"-123.39","48.42","VICTORIA HARBOUR A","1018619","2018-11-20 17:00","2018","11","20","17:00","8.9","","4.2","","72","","","","4","","5","","24.1","","101.21","","","","","","NA"
"-123.39","48.42","VICTORIA HARBOUR A","1018619","2018-11-20 18:00","2018","11","20","18:00","8.7","","3.8","","71","","","","4","","7","","24.1","","101.15","","","","","","NA"
"-123.39","48.42","VICTORIA HARBOUR A","1018619","2018-11-20 19:00","2018","11","20","19:00","8.1","","4.3","","77","","","","36","","6","","24.1","","101.11","","","","","","Cloudy"
"-123.39","48.42","VICTORIA HARBOUR A","1018619","2018-11-20 20:00","2018","11","20","20:00","7.8","","3.4","","74","","","","35","","9","","24.1","","101.09","","","","","","NA"
"-123.39","48.42","VICTORIA HARBOUR A","1018619","2018-11-20 21:00","2018","11","20","21:00","8.2","","3.2","","70","","","","2","","7","","24.1","","101.07","","","","","","NA"
"-123.39","48.42","VICTORIA HARBOUR A","1018619","2018-11-20 22:00","2018","11","20","22:00"
"-123.39","48.42","VICTORIA HARBOUR A","1018619","2018-11-20 23:00","2018","11","20","23:00"
"-123.39","48.42","VICTORIA HARBOUR A","1018619","2018-11-21 00:00","2018","11","21","00:00"
"-123.39","48.42","VICTORIA HARBOUR A","1018619","2018-11-21 01:00","2018","11","21","01:00"
"-123.39","48.42","VICTORIA HARBOUR A","1018619","2018-11-21 02:00","2018","11","21","02:00"
"-123.39","48.42","VICTORIA HARBOUR A","1018619","2018-11-21 03:00","2018","11","21","03:00"
"-123.39","48.42","VICTORIA HARBOUR A","1018619","2018-11-21 04:00","2018","11","21","04:00"
"-123.39","48.42","VICTORIA HARBOUR A","1018619","2018-11-21 05:00","2018","11","21","05:00"
"-123.39","48.42","VICTORIA HARBOUR A","1018619","2018-11-21 06:00","2018","11","21","06:00","9.6","","6.0","","78","","","","5","","9","","24.1","","100.64","","","","","","NA"
"-123.39","48.42","VICTORIA HARBOUR A","1018619","2018-11-21 07:00","2018","11","21","07:00","10.0","","6.0","","76","","","","9","","9","","24.1","","100.59","","","","","","Cloudy"
"-123.39","48.42","VICTORIA HARBOUR A","1018619","2018-11-21 08:00","2018","11","21","08:00","9.6","","6.4","","80","","","","33","","10","","24.1","","100.58","","","","","","Rain"
"-123.39","48.42","VICTORIA HARBOUR A","1018619","2018-11-21 09:00","2018","11","21","09:00","9.7","","6.7","","81","","","","34","","11","","24.1","","100.59","","","","","","Rain"
"-123.39","48.42","VICTORIA HARBOUR A","1018619","2018-11-21 10:00","2018","11","21","10:00","9.5","","6.8","","83","","","","33","","10","","24.1","","100.57","","","","","","Cloudy"
"-123.39","48.42","VICTORIA HARBOUR A","1018619","2018-11-21 11:00","2018","11","21","11:00","10.9","","7.7","","80","","","","36","","7","","24.1","","100.55","","","","","","NA"
"-123.39","48.42","VICTORIA HARBOUR A","1018619","2018-11-21 12:00","2018","11","21","12:00","10.2","","7.4","","83","","","","35","","9","","24.1","","100.51","","","","","","NA"
"-123.39","48.42","VICTORIA HARBOUR A","1018619","2018-11-21 13:00","2018","11","21","13:00","10.1","","7.4","","83","","","","32","","9","","24.1","","100.54","","","","","","Cloudy"
"-123.39","48.42","VICTORIA HARBOUR A","1018619","2018-11-21 14:00","2018","11","21","14:00","10.2","","7.9","","86","","","","35","","6","","16.1","","100.57","","","","","","Rain"
"-123.39","48.42","VICTORIA HARBOUR A","1018619","2018-11-21 15:00","2018","11","21","15:00","9.8","","8.4","","91","","","","36","","3","","11.3","","100.56","","","","","","Rain"
"-123.39","48.42","VICTORIA HARBOUR A","1018619","2018-11-21 16:00","2018","11","21","16:00","9.5","","8.2","","91","","","","36","","2","","16.1","","100.58","","","","","","Rain"
"-123.39","48.42","VICTORIA HARBOUR A","1018619","2018-11-21 17:00","2018","11","21","17:00","9.2","","8.4","","95","","","","19","","5","","12.9","","100.56","","","","","","Rain"
"-123.39","48.42","VICTORIA HARBOUR A","1018619","2018-11-21 18:00","2018","11","21","18:00","8.9","","8.4","","96","","","","25","","12","","6.4","","100.56","","","","","","Rain,Fog"
"-123.39","48.42","VICTORIA HARBOUR A","1018619","2018-11-21 19:00","2018","11","21","19:00","8.9","","8.4","","97","","","","10","","6","","4.8","","100.53","","","","","","Rain,Fog"
"-123.39","48.42","VICTORIA HARBOUR A","1018619","2018-11-21 20:00","2018","11","21","20:00","9.1","","8.6","","96","","","","4","","3","","4.8","","100.52","","","","","","Rain,Fog"
"-123.39","48.42","VICTORIA HARBOUR A","1018619","2018-11-21 21:00","2018","11","21","21:00","9.0","","8.5","","97","","","","20","","4","","3.2","","100.48","","","","","","Fog"
"-123.39","48.42","VICTORIA HARBOUR A","1018619","2018-11-21 22:00","2018","11","21","22:00"
"-123.39","48.42","VICTORIA HARBOUR A","1018619","2018-11-21 23:00","2018","11","21","23:00"
"-123.39","48.42","VICTORIA HARBOUR A","1018619","2018-11-22 00:00","2018","11","22","00:00"
"-123.39","48.42","VICTORIA HARBOUR A","1018619","2018-11-22 01:00","2018","11","22","01:00"
"-123.39","48.42","VICTORIA HARBOUR A","1018619","2018-11-22 02:00","2018","11","22","02:00"
"-123.39","48.42","VICTORIA HARBOUR A","1018619","2018-11-22 03:00","2018","11","22","03:00"
"-123.39","48.42","VICTORIA HARBOUR A","1018619","2018-11-22 04:00","2018","11","22","04:00"
"-123.39","48.42","VICTORIA HARBOUR A","1018619","2018-11-22 05:00","2018","11","22","05:00"
"-123.39","48.42","VICTORIA HARBOUR A","1018619","2018-11-22 06:00","2018","11","22","06:00","8.7","","8.1","","96","","","","11","","4","","16.1","","100.29","","","","","","NA"
"-123.39","48.42","VICTORIA HARBOUR A","1018619","2018-11-22 07:00","2018","11","22","07:00","8.5","","7.9","","96","","","","16","","7","","24.1","","100.29","","","","","","Cloudy"
"-123.39","48.42","VICTORIA HARBOUR A","1018619","2018-11-22 08:00","2018","11","22","08:00","8.8","","8.0","","95","","","","6","","4","","16.1","","100.26","","","","","","NA"
"-123.39","48.42","VICTORIA HARBOUR A","1018619","2018-11-22 09:00","2018","11","22","09:00","9.0","","7.8","","92","","","","5","","7","","16.1","","100.17","","","","","","NA"
"-123.39","48.42","VICTORIA HARBOUR A","1018619","2018-11-22 10:00","2018","11","22","10:00","8.7","","7.5","","92","","","","3","","7","","24.1","","100.06","","","","","","Mostly Cloudy"
"-123.39","48.42","VICTORIA HARBOUR A","1018619","2018-11-22 11:00","2018","11","22","11:00","9.3","","7.5","","88","","","","11","","14","","24.1","","99.95","","","","","","NA"
"-123.39","48.42","VICTORIA HARBOUR A","1018619","2018-11-22 12:00","2018","11","22","12:00","9.8","","7.2","","84","","","","13","","21","","24.1","","99.84","","","","","","NA"
"-123.39","48.42","VICTORIA HARBOUR A","1018619","2018-11-22 13:00","2018","11","22","13:00","10.0","","6.9","","81","","","","13","","26","","24.1","","99.68","","","","","","Cloudy"
"-123.39","48.42","VICTORIA HARBOUR A","1018619","2018-11-22 14:00","2018","11","22","14:00","10.0","","7.0","","82","","","","15","","21","","24.1","","99.71","","","","","","NA"
"-123.39","48.42","VICTORIA HARBOUR A","1018619","2018-11-22 15:00","2018","11","22","15:00","9.5","","7.0","","84","","","","22","","4","","24.1","","99.72","","","","","","Rain Showers"
"-123.39","48.42","VICTORIA HARBOUR A","1018619","2018-11-22 16:00","2018","11","22","16:00","9.4","","7.2","","86","","","","16","","4","","24.1","","99.83","","","","","","Mostly Cloudy"
"-123.39","48.42","VICTORIA HARBOUR A","1018619","2018-11-22 17:00","2018","11","22","17:00","9.1","","6.0","","81","","","","24","","3","","24.1","","99.93","","","","","","NA"
"-123.39","48.42","VICTORIA HARBOUR A","1018619","2018-11-22 18:00","2018","11","22","18:00","8.7","","5.2","","78","","","","23","","9","","24.1","","100.00","","","","","","NA"
"-123.39","48.42","VICTORIA HARBOUR A","1018619","2018-11-22 19:00","2018","11","22","19:00","8.4","","5.7","","83","","","","23","","12","","24.1","","100.05","","","","","","Mostly Cloudy"
"-123.39","48.42","VICTORIA HARBOUR A","1018619","2018-11-22 20:00","2018","11","22","20:00","7.5","","5.4","","86","","","","17","","5","","24.1","","100.15","","","","","","NA"
"-123.39","48.42","VICTORIA HARBOUR A","1018619","2018-11-22 21:00","2018","11","22","21:00","7.9","","6.1","","89","","","","12","","6","","24.1","","100.20","","","","","","NA"
"-123.39","48.42","VICTORIA HARBOUR A","1018619","2018-11-22 22:00","2018","11","22","22:00"
"-123.39","48.42","VICTORIA HARBOUR A","1018619","2018-11-22 23:00","2018","11","22","23:00"
"-123.39","48.42","VICTORIA HARBOUR A","1018619","2018-11-23 00:00","2018","11","23","00:00"
"-123.39","48.42","VICTORIA HARBOUR A","1018619","2018-11-23 01:00","2018","11","23","01:00"
"-123.39","48.42","VICTORIA HARBOUR A","1018619","2018-11-23 02:00","2018","11","23","02:00"
"-123.39","48.42","VICTORIA HARBOUR A","1018619","2018-11-23 03:00","2018","11","23","03:00"
"-123.39","48.42","VICTORIA HARBOUR A","1018619","2018-11-23 04:00","2018","11","23","04:00"
"-123.39","48.42","VICTORIA HARBOUR A","1018619","2018-11-23 05:00","2018","11","23","05:00"
"-123.39","48.42","VICTORIA HARBOUR A","1018619","2018-11-23 06:00","2018","11","23","06:00","7.8","","6.7","","92","","","","12","","6","","12.9","","100.42","","","","","","Rain Showers"
"-123.39","48.42","VICTORIA HARBOUR A","1018619","2018-11-23 07:00","2018","11","23","07:00","7.1","","6.2","","94","","","","34","","7","","12.9","","100.38","","","","","","Rain Showers"
"-123.39","48.42","VICTORIA HARBOUR A","1018619","2018-11-23 08:00","2018","11","23","08:00","7.1","","5.2","","88","","","","29","","7","","9.7","","100.41","","","","","","Rain Showers,Fog"
"-123.39","48.42","VICTORIA HARBOUR A","1018619","2018-11-23 09:00","2018","11","23","09:00","6.8","","5.5","","91","","","","14","","5","","16.1","","100.37","","","","","","Rain Showers"
"-123.39","48.42","VICTORIA HARBOUR A","1018619","2018-11-23 10:00","2018","11","23","10:00","7.5","","5.8","","89","","","","17","","4","","24.1","","100.39","","","","","","Mostly Cloudy"
"-123.39","48.42","VICTORIA HARBOUR A","1018619","2018-11-23 11:00","2018","11","23","11:00","7.6","","5.7","","87","","","","23","","23","","16.1","","100.42","","","","","","Rain Showers"
"-123.39","48.42","VICTORIA HARBOUR A","1018619","2018-11-23 12:00","2018","11","23","12:00","7.7","","5.3","","85","","","","23","","16","","24.1","","100.37","","","","","","Rain Showers"
"-123.39","48.42","VICTORIA HARBOUR A","1018619","2018-11-23 13:00","2018","11","23","13:00","7.7","","5.8","","88","","","","24","","29","","24.1","","100.33","","","","","","Mostly Cloudy"
"-123.39","48.42","VICTORIA HARBOUR A","1018619","2018-11-23 14:00","2018","11","23","14:00","8.1","","4.8","","79","","","","24","","32","","24.1","","100.33","","","","","","NA"
"-123.39","48.42","VICTORIA HARBOUR A","1018619","2018-11-23 15:00","2018","11","23","15:00","8.0","","4.3","","77","","","","24","","14","","24.1","","100.38","","","","","","NA"
"-123.39","48.42","VICTORIA HARBOUR A","1018619","2018-11-23 16:00","2018","11","23","16:00","8.1","","4.4","","78","","","","26","","18","","24.1","","100.46","","","","","","Mostly Cloudy"
"-123.39","48.42","VICTORIA HARBOUR A","1018619","2018-11-23 17:00","2018","11","23","17:00","8.0","","5.1","","82","","","","25","","16","","24.1","","100.55","","","","","","NA"
"-123.39","48.42","VICTORIA HARBOUR A","1018619","2018-11-23 18:00","2018","11","23","18:00","7.9","","4.5","","79","","","","32","","4","","24.1","","100.64","","","","","","NA"
"-123.39","48.42","VICTORIA HARBOUR A","1018619","2018-11-23 19:00","2018","11","23","19:00","7.9","","4.2","","77","","","","36","","2","","24.1","","100.75","","","","","","Cloudy"
"-123.39","48.42","VICTORIA HARBOUR A","1018619","2018-11-23 20:00","2018","11","23","20:00","7.8","","4.1","","77","","","","23","","5","","24.1","","100.84","","","","","","NA"
"-123.39","48.42","VICTORIA HARBOUR A","1018619","2018-11-23 21:00","2018","11","23","21:00","7.5","","5.4","","87","","","","29","","10","","24.1","","100.93","","","","","","NA"
"-123.39","48.42","VICTORIA HARBOUR A","1018619","2018-11-23 22:00","2018","11","23","22:00"
"-123.39","48.42","VICTORIA HARBOUR A","1018619","2018-11-23 23:00","2018","11","23","23:00"
"-123.39","48.42","VICTORIA HARBOUR A","1018619","2018-11-24 00:00","2018","11","24","00:00"
"-123.39","48.42","VICTORIA HARBOUR A","1018619","2018-11-24 01:00","2018","11","24","01:00"
"-123.39","48.42","VICTORIA HARBOUR A","1018619","2018-11-24 02:00","2018","11","24","02:00"
"-123.39","48.42","VICTORIA HARBOUR A","1018619","2018-11-24 03:00","2018","11","24","03:00"
"-123.39","48.42","VICTORIA HARBOUR A","1018619","2018-11-24 04:00","2018","11","24","04:00"
"-123.39","48.42","VICTORIA HARBOUR A","1018619","2018-11-24 05:00","2018","11","24","05:00"
"-123.39","48.42","VICTORIA HARBOUR A","1018619","2018-11-24 06:00","2018","11","24","06:00","4.1","","3.2","","94","","","","1","","3","","24.1","","101.82","","","","","","NA"
"-123.39","48.42","VICTORIA HARBOUR A","1018619","2018-11-24 07:00","2018","11","24","07:00","4.4","","3.5","","94","","","","2","","3","","24.1","","101.89","","","","","","Mostly Cloudy"
"-123.39","48.42","VICTORIA HARBOUR A","1018619","2018-11-24 08:00","2018","11","24","08:00","4.8","","3.7","","93","","","","2","","5","","24.1","","101.97","","","","","","NA"
"-123.39","48.42","VICTORIA HARBOUR A","1018619","2018-11-24 09:00","2018","11","24","09:00","5.6","","4.2","","91","","","","36","","1","","24.1","","102.05","","","","","","NA"
"-123.39","48.42","VICTORIA HARBOUR A","1018619","2018-11-24 10:00","2018","11","24","10:00","6.8","","5.1","","89","","","","2","","4","","24.1","","102.10","","","","","","Mostly Cloudy"
"-123.39","48.42","VICTORIA HARBOUR A","1018619","2018-11-24 11:00","2018","11","24","11:00","7.8","","5.5","","86","","","","34","","5","","24.1","","102.12","","","","","","NA"
"-123.39","48.42","VICTORIA HARBOUR A","1018619","2018-11-24 12:00","2018","11","24","12:00","8.6","","5.5","","81","","","","8","","7","","24.1","","102.10","","","","","","NA"
"-123.39","48.42","VICTORIA HARBOUR A","1018619","2018-11-24 13:00","2018","11","24","13:00","7.8","","5.4","","85","","","","11","","12","","24.1","","102.11","","","","","","Mostly Cloudy"
"-123.39","48.42","VICTORIA HARBOUR A","1018619","2018-11-24 14:00","2018","11","24","14:00","7.9","","5.4","","84","","","","10","","6","","24.1","","102.13","","","","","","NA"
"-123.39","48.42","VICTORIA HARBOUR A","1018619","2018-11-24 15:00","2018","11","24","15:00","7.7","","5.2","","84","","","","9","","10","","24.1","","102.17","","","","","","NA"
"-123.39","48.42","VICTORIA HARBOUR A","1018619","2018-11-24 16:00","2018","11","24","16:00","8.1","","5.3","","82","","","","8","","9","","24.1","","102.19","","","","","","Cloudy"
"-123.39","48.42","VICTORIA HARBOUR A","1018619","2018-11-24 17:00","2018","11","24","17:00","7.9","","5.1","","82","","","","9","","14","","24.1","","102.21","","","","","","NA"
"-123.39","48.42","VICTORIA HARBOUR A","1018619","2018-11-24 18:00","2018","11","24","18:00","8.0","","5.3","","83","","","","11","","7","","24.1","","102.22","","","","","","NA"
"-123.39","48.42","VICTORIA HARBOUR A","1018619","2018-11-24 19:00","2018","11","24","19:00","7.8","","5.1","","83","","","","10","","10","","24.1","","102.21","","","","","","Cloudy"
"-123.39","48.42","VICTORIA HARBOUR A","1018619","2018-11-24 20:00","2018","11","24","20:00","7.7","","5.2","","84","","","","6","","4","","24.1","","102.23","","","","","","NA"
"-123.39","48.42","VICTORIA HARBOUR A","1018619","2018-11-24 21:00","2018","11","24","21:00","7.7","","5.6","","87","","","","8","","9","","24.1","","102.23","","","","","","NA"
"-123.39","48.42","VICTORIA HARBOUR A","1018619","2018-11-24 22:00","2018","11","24","22:00"
"-123.39","48.42","VICTORIA HARBOUR A","1018619","2018-11-24 23:00","2018","11","24","23:00"
"-123.39","48.42","VICTORIA HARBOUR A","1018619","2018-11-25 00:00","2018","11","25","00:00"
"-123.39","48.42","VICTORIA HARBOUR A","1018619","2018-11-25 01:00","2018","11","25","01:00"
"-123.39","48.42","VICTORIA HARBOUR A","1018619","2018-11-25 02:00","2018","11","25","02:00"
"-123.39","48.42","VICTORIA HARBOUR A","1018619","2018-11-25 03:00","2018","11","25","03:00"
"-123.39","48.42","VICTORIA HARBOUR A","1018619","2018-11-25 04:00","2018","11","25","04:00"
"-123.39","48.42","VICTORIA HARBOUR A","1018619","2018-11-25 05:00","2018","11","25","05:00"
"-123.39","48.42","VICTORIA HARBOUR A","1018619","2018-11-25 06:00","2018","11","25","06:00","7.0","","3.9","","80","","","","6","","9","","24.1","","102.13","","","","","","NA"
"-123.39","48.42","VICTORIA HARBOUR A","1018619","2018-11-25 07:00","2018","11","25","07:00","7.0","","4.3","","83","","","","6","","6","","24.1","","102.12","","","","","","Mostly Cloudy"
"-123.39","48.42","VICTORIA HARBOUR A","1018619","2018-11-25 08:00","2018","11","25","08:00","7.0","","4.2","","82","","","","2","","6","","24.1","","102.10","","","","","","NA"
"-123.39","48.42","VICTORIA HARBOUR A","1018619","2018-11-25 09:00","2018","11","25","09:00","7.5","","4.0","","79","","","","6","","8","","24.1","","102.10","","","","","","NA"
"-123.39","48.42","VICTORIA HARBOUR A","1018619","2018-11-25 10:00","2018","11","25","10:00","7.8","","3.7","","75","","","","5","","5","","24.1","","102.07","","","","","","Mostly Cloudy"
"-123.39","48.42","VICTORIA HARBOUR A","1018619","2018-11-25 11:00","2018","11","25","11:00","8.0","","3.3","","72","","","","2","","10","","24.1","","102.03","","","","","","NA"
"-123.39","48.42","VICTORIA HARBOUR A","1018619","2018-11-25 12:00","2018","11","25","12:00","8.2","","3.1","","70","","","","3","","8","","24.1","","102.03","","","","","","NA"
"-123.39","48.42","VICTORIA HARBOUR A","1018619","2018-11-25 13:00","2018","11","25","13:00","8.2","","3.7","","73","","","","2","","7","","24.1","","102.01","","","","","","Cloudy"
"-123.39","48.42","VICTORIA HARBOUR A","1018619","2018-11-25 14:00","2018","11","25","14:00","8.1","","5.0","","81","","","","36","","9","","24.1","","102.00","","","","","","Rain"
"-123.39","48.42","VICTORIA HARBOUR A","1018619","2018-11-25 15:00","2018","11","25","15:00","7.8","","5.5","","86","","","","35","","10","","24.1","","101.98","","","","","","Rain Showers"
"-123.39","48.42","VICTORIA HARBOUR A","1018619","2018-11-25 16:00","2018","11","25","16:00","7.6","","5.5","","87","","","","36","","8","","24.1","","101.96","","","","","","Rain"
"-123.39","48.42","VICTORIA HARBOUR A","1018619","2018-11-25 17:00","2018","11","25","17:00","7.4","","5.8","","90","","","","36","","7","","24.1","","101.97","","","","","","Rain"
"-123.39","48.42","VICTORIA HARBOUR A","1018619","2018-11-25 18:00","2018","11","25","18:00","7.8","","6.2","","90","","","","36","","14","","24.1","","101.92","","","","","","Rain"
"-123.39","48.42","VICTORIA HARBOUR A","1018619","2018-11-25 19:00","2018","11","25","19:00","7.8","","6.5","","91","","","","36","","14","","16.1","","101.87","","","","","","Rain"
"-123.39","48.42","VICTORIA HARBOUR A","1018619","2018-11-25 20:00","2018","11","25","20:00","8.2","","6.5","","89","","","","35","","10","","16.1","","101.83","","","","","","Rain"
"-123.39","48.42","VICTORIA HARBOUR A","1018619","2018-11-25 21:00","2018","11","25","21:00","8.8","","6.2","","84","","","","3","","11","","16.1","","101.79","","","","","","Rain"
"-123.39","48.42","VICTORIA HARBOUR A","1018619","2018-11-25 22:00","2018","11","25","22:00"
"-123.39","48.42","VICTORIA HARBOUR A","1018619","2018-11-25 23:00","2018","11","25","23:00"
"-123.39","48.42","VICTORIA HARBOUR A","1018619","2018-11-26 00:00","2018","11","26","00:00"
"-123.39","48.42","VICTORIA HARBOUR A","1018619","2018-11-26 01:00","2018","11","26","01:00"
"-123.39","48.42","VICTORIA HARBOUR A","1018619","2018-11-26 02:00","2018","11","26","02:00"
"-123.39","48.42","VICTORIA HARBOUR A","1018619","2018-11-26 03:00","2018","11","26","03:00"
"-123.39","48.42","VICTORIA HARBOUR A","1018619","2018-11-26 04:00","2018","11","26","04:00"
"-123.39","48.42","VICTORIA HARBOUR A","1018619","2018-11-26 05:00","2018","11","26","05:00"
"-123.39","48.42","VICTORIA HARBOUR A","1018619","2018-11-26 06:00","2018","11","26","06:00","9.1","","7.9","","92","","","","1","","9","","16.1","","101.02","","","","","","Rain"
"-123.39","48.42","VICTORIA HARBOUR A","1018619","2018-11-26 07:00","2018","11","26","07:00","9.3","","8.4","","94","","","","36","","10","","16.1","","100.91","","","","","","Rain"
"-123.39","48.42","VICTORIA HARBOUR A","1018619","2018-11-26 08:00","2018","11","26","08:00","9.9","","7.3","","84","","","","5","","4","","24.1","","100.81","","","","","","NA"
"-123.39","48.42","VICTORIA HARBOUR A","1018619","2018-11-26 09:00","2018","11","26","09:00","9.9","","8.2","","89","","","","4","","4","","24.1","","100.75","","","","","","NA"
"-123.39","48.42","VICTORIA HARBOUR A","1018619","2018-11-26 10:00","2018","11","26","10:00","10.9","","8.3","","84","","","","18","","6","","16.1","","100.75","","","","","","Rain"
"-123.39","48.42","VICTORIA HARBOUR A","1018619","2018-11-26 11:00","2018","11","26","11:00","11.0","","8.8","","86","","","","13","","6","","12.9","","100.78","","","","","","Rain"
"-123.39","48.42","VICTORIA HARBOUR A","1018619","2018-11-26 12:00","2018","11","26","12:00","10.5","","8.7","","89","","","","14","","3","","12.9","","100.73","","","","","","Rain"
"-123.39","48.42","VICTORIA HARBOUR A","1018619","2018-11-26 13:00","2018","11","26","13:00","10.3","","8.7","","90","","","","3","","4","","9.7","","100.71","","","","","","Rain,Fog"
"-123.39","48.42","VICTORIA HARBOUR A","1018619","2018-11-26 14:00","2018","11","26","14:00","10.6","","9.3","","92","","","","2","","5","","16.1","","100.62","","","","","","Rain"
"-123.39","48.42","VICTORIA HARBOUR A","1018619","2018-11-26 15:00","2018","11","26","15:00","10.8","","9.7","","93","","","","2","","5","","12.9","","100.62","","","","","","Rain"
"-123.39","48.42","VICTORIA HARBOUR A","1018619","2018-11-26 16:00","2018","11","26","16:00","10.4","","9.7","","95","","","","34","","3","","16.1","","100.60","","","","","","Rain"
"-123.39","48.42","VICTORIA HARBOUR A","1018619","2018-11-26 17:00","2018","11","26","17:00","10.3","","9.7","","96","","","","36","","2","","9.7","","100.53","","","","","","Rain,Fog"
"-123.39","48.42","VICTORIA HARBOUR A","1018619","2018-11-26 18:00","2018","11","26","18:00","10.3","","9.5","","95","","","","4","","6","","16.1","","100.42","","","","","","Rain"
"-123.39","48.42","VICTORIA HARBOUR A","1018619","2018-11-26 19:00","2018","11","26","19:00","10.3","","9.5","","95","","","","35","","4","","16.1","","100.42","","","","","","Rain"
"-123.39","48.42","VICTORIA HARBOUR A","1018619","2018-11-26 20:00","2018","11","26","20:00","10.1","","9.5","","97","","","","36","","9","","16.1","","100.34","","","","","","Rain"
"-123.39","48.42","VICTORIA HARBOUR A","1018619","2018-11-26 21:00","2018","11","26","21:00","10.2","","9.6","","96","","","","36","","9","","16.1","","100.29","","","","","","Rain"
"-123.39","48.42","VICTORIA HARBOUR A","1018619","2018-11-26 22:00","2018","11","26","22:00"
"-123.39","48.42","VICTORIA HARBOUR A","1018619","2018-11-26 23:00","2018","11","26","23:00"
"-123.39","48.42","VICTORIA HARBOUR A","1018619","2018-11-27 00:00","2018","11","27","00:00"
"-123.39","48.42","VICTORIA HARBOUR A","1018619","2018-11-27 01:00","2018","11","27","01:00"
"-123.39","48.42","VICTORIA HARBOUR A","1018619","2018-11-27 02:00","2018","11","27","02:00"
"-123.39","48.42","VICTORIA HARBOUR A","1018619","2018-11-27 03:00","2018","11","27","03:00"
"-123.39","48.42","VICTORIA HARBOUR A","1018619","2018-11-27 04:00","2018","11","27","04:00"
"-123.39","48.42","VICTORIA HARBOUR A","1018619","2018-11-27 05:00","2018","11","27","05:00"
"-123.39","48.42","VICTORIA HARBOUR A","1018619","2018-11-27 06:00","2018","11","27","06:00","11.9","","9.9","","87","","","","21","","18","","24.1","","100.04","","","","","","NA"
"-123.39","48.42","VICTORIA HARBOUR A","1018619","2018-11-27 07:00","2018","11","27","07:00","10.8","","9.7","","93","","","","19","","16","","24.1","","100.08","","","","","","Mostly Cloudy"
"-123.39","48.42","VICTORIA HARBOUR A","1018619","2018-11-27 08:00","2018","11","27","08:00","12.3","","9.0","","81","","","","25","","22","","24.1","","100.16","","","","","","NA"
"-123.39","48.42","VICTORIA HARBOUR A","1018619","2018-11-27 09:00","2018","11","27","09:00","11.0","","8.9","","87","","","","16","","8","","24.1","","100.26","","","","","","NA"
"-123.39","48.42","VICTORIA HARBOUR A","1018619","2018-11-27 10:00","2018","11","27","10:00","12.0","","8.9","","81","","","","21","","11","","24.1","","100.33","","","","","","Mainly Clear"
"-123.39","48.42","VICTORIA HARBOUR A","1018619","2018-11-27 11:00","2018","11","27","11:00","13.0","","8.7","","75","","","","20","","5","","24.1","","100.37","","","","","","NA"
"-123.39","48.42","VICTORIA HARBOUR A","1018619","2018-11-27 12:00","2018","11","27","12:00","13.1","","8.2","","72","","","","22","","17","","24.1","","100.36","","","","","","NA"
"-123.39","48.42","VICTORIA HARBOUR A","1018619","2018-11-27 13:00","2018","11","27","13:00","12.4","","8.3","","76","","","","14","","14","","24.1","","100.38","","","","","","Mostly Cloudy"
"-123.39","48.42","VICTORIA HARBOUR A","1018619","2018-11-27 14:00","2018","11","27","14:00","12.1","","8.9","","80","","","","14","","9","","24.1","","100.40","","","","","","NA"
"-123.39","48.42","VICTORIA HARBOUR A","1018619","2018-11-27 15:00","2018","11","27","15:00","13.2","","9.6","","78","","","","11","","13","","24.1","","100.38","","","","","","NA"
"-123.39","48.42","VICTORIA HARBOUR A","1018619","2018-11-27 16:00","2018","11","27","16:00","10.4","","9.2","","92","","","","23","","12","","24.1","","100.40","","","","","","Mostly Cloudy"
"-123.39","48.42","VICTORIA HARBOUR A","1018619","2018-11-27 17:00","2018","11","27","17:00","10.8","","9.6","","92","","","","29","","18","","24.1","","100.46","","","","","","Rain Showers"
"-123.39","48.42","VICTORIA HARBOUR A","1018619","2018-11-27 18:00","2018","11","27","18:00","10.0","","7.4","","84","","","","36","","2","","24.1","","100.44","","","","","","NA"
"-123.39","48.42","VICTORIA HARBOUR A","1018619","2018-11-27 19:00","2018","11","27","19:00","9.2","","7.8","","91","","","","19","","3","","24.1","","100.49","","","","","","Mostly Cloudy"
"-123.39","48.42","VICTORIA HARBOUR A","1018619","2018-11-27 20:00","2018","11","27","20:00","9.4","","7.7","","89","","","","17","","8","","24.1","","100.52","","","","","","NA"
"-123.39","48.42","VICTORIA HARBOUR A","1018619","2018-11-27 21:00","2018","11","27","21:00","8.8","","7.8","","93","","","","17","","3","","24.1","","100.57","","","","","","NA"
"-123.39","48.42","VICTORIA HARBOUR A","1018619","2018-11-27 22:00","2018","11","27","22:00"
"-123.39","48.42","VICTORIA HARBOUR A","1018619","2018-11-27 23:00","2018","11","27","23:00"
"-123.39","48.42","VICTORIA HARBOUR A","1018619","2018-11-28 00:00","2018","11","28","00:00"
"-123.39","48.42","VICTORIA HARBOUR A","1018619","2018-11-28 01:00","2018","11","28","01:00"
"-123.39","48.42","VICTORIA HARBOUR A","1018619","2018-11-28 02:00","2018","11","28","02:00"
"-123.39","48.42","VICTORIA HARBOUR A","1018619","2018-11-28 03:00","2018","11","28","03:00"
"-123.39","48.42","VICTORIA HARBOUR A","1018619","2018-11-28 04:00","2018","11","28","04:00"
"-123.39","48.42","VICTORIA HARBOUR A","1018619","2018-11-28 05:00","2018","11","28","05:00"
"-123.39","48.42","VICTORIA HARBOUR A","1018619","2018-11-28 06:00","2018","11","28","06:00","7.1","","6.8","","98","","","","35","","6","","6.4","","100.71","","","","","","Fog"
"-123.39","48.42","VICTORIA HARBOUR A","1018619","2018-11-28 07:00","2018","11","28","07:00","8.5","","8.2","","98","","","","8","","3","","2.4","","100.69","","","","","","Fog"
"-123.39","48.42","VICTORIA HARBOUR A","1018619","2018-11-28 08:00","2018","11","28","08:00","8.2","","7.7","","97","","","","33","","4","","9.7","","100.69","","","","","","Rain,Fog"
"-123.39","48.42","VICTORIA HARBOUR A","1018619","2018-11-28 09:00","2018","11","28","09:00","8.7","","8.0","","96","","","","11","","10","","9.7","","100.68","","","","","","Rain,Fog"
"-123.39","48.42","VICTORIA HARBOUR A","1018619","2018-11-28 10:00","2018","11","28","10:00","9.1","","8.1","","93","","","","5","","5","","12.9","","100.65","","","","","","Rain"
"-123.39","48.42","VICTORIA HARBOUR A","1018619","2018-11-28 11:00","2018","11","28","11:00","9.4","","8.3","","92","","","","9","","16","","16.1","","100.61","","","","","","Rain"
"-123.39","48.42","VICTORIA HARBOUR A","1018619","2018-11-28 12:00","2018","11","28","12:00","10.0","","8.3","","89","","","","9","","19","","24.1","","100.57","","","","","","NA"
"-123.39","48.42","VICTORIA HARBOUR A","1018619","2018-11-28 13:00","2018","11","28","13:00","10.0","","7.7","","85","","","","9","","8","","16.1","","100.53","","","","","","Mostly Cloudy"
"-123.39","48.42","VICTORIA HARBOUR A","1018619","2018-11-28 14:00","2018","11","28","14:00","9.9","","7.8","","87","","","","3","","8","","24.1","","100.50","","","","","","NA"
"-123.39","48.42","VICTORIA HARBOUR A","1018619","2018-11-28 15:00","2018","11","28","15:00","9.8","","7.8","","87","","","","4","","10","","24.1","","100.51","","","","","","NA"
"-123.39","48.42","VICTORIA HARBOUR A","1018619","2018-11-28 16:00","2018","11","28","16:00","9.7","","7.8","","88","","","","36","","8","","24.1","","100.52","","","","","","Cloudy"
"-123.39","48.42","VICTORIA HARBOUR A","1018619","2018-11-28 17:00","2018","11","28","17:00","9.2","","7.8","","91","","","","36","","12","","24.1","","100.53","","","","","","Rain"
"-123.39","48.42","VICTORIA HARBOUR A","1018619","2018-11-28 18:00","2018","11","28","18:00","9.0","","7.7","","92","","","","34","","8","","24.1","","100.53","","","","","","NA"
"-123.39","48.42","VICTORIA HARBOUR A","1018619","2018-11-28 19:00","2018","11","28","19:00","8.8","","7.7","","93","","","","33","","6","","24.1","","100.56","","","","","","Cloudy"
"-123.39","48.42","VICTORIA HARBOUR A","1018619","2018-11-28 20:00","2018","11","28","20:00","8.6","","7.6","","94","","","","32","","7","","24.1","","100.57","","","","","","NA"
"-123.39","48.42","VICTORIA HARBOUR A","1018619","2018-11-28 21:00","2018","11","28","21:00","8.7","","7.7","","93","","","","34","","7","","24.1","","100.59","","","","","","NA"
"-123.39","48.42","VICTORIA HARBOUR A","1018619","2018-11-28 22:00","2018","11","28","22:00"
"-123.39","48.42","VICTORIA HARBOUR A","1018619","2018-11-28 23:00","2018","11","28","23:00"
"-123.39","48.42","VICTORIA HARBOUR A","1018619","2018-11-29 00:00","2018","11","29","00:00"
"-123.39","48.42","VICTORIA HARBOUR A","1018619","2018-11-29 01:00","2018","11","29","01:00"
"-123.39","48.42","VICTORIA HARBOUR A","1018619","2018-11-29 02:00","2018","11","29","02:00"
"-123.39","48.42","VICTORIA HARBOUR A","1018619","2018-11-29 03:00","2018","11","29","03:00"
"-123.39","48.42","VICTORIA HARBOUR A","1018619","2018-11-29 04:00","2018","11","29","04:00"
"-123.39","48.42","VICTORIA HARBOUR A","1018619","2018-11-29 05:00","2018","11","29","05:00"
"-123.39","48.42","VICTORIA HARBOUR A","1018619","2018-11-29 06:00","2018","11","29","06:00","7.7","","6.9","","94","","","","34","","4","","24.1","","100.50","","","","","","NA"
"-123.39","48.42","VICTORIA HARBOUR A","1018619","2018-11-29 07:00","2018","11","29","07:00","8.0","","6.8","","92","","","","36","","8","","24.1","","100.53","","","","","","Cloudy"
"-123.39","48.42","VICTORIA HARBOUR A","1018619","2018-11-29 08:00","2018","11","29","08:00","8.1","","6.8","","92","","","","36","","7","","24.1","","100.54","","","","","","NA"
"-123.39","48.42","VICTORIA HARBOUR A","1018619","2018-11-29 09:00","2018","11","29","09:00","8.2","","6.8","","91","","","","35","","7","","16.1","","100.55","","","","","","NA"
"-123.39","48.42","VICTORIA HARBOUR A","1018619","2018-11-29 10:00","2018","11","29","10:00","8.5","","6.9","","90","","","","36","","7","","16.1","","100.58","","","","","","Mostly Cloudy"
"-123.39","48.42","VICTORIA HARBOUR A","1018619","2018-11-29 11:00","2018","11","29","11:00","8.8","","6.6","","86","","","","36","","11","","24.1","","100.57","","","","","","NA"
"-123.39","48.42","VICTORIA HARBOUR A","1018619","2018-11-29 12:00","2018","11","29","12:00","9.0","","6.3","","83","","","","35","","12","","24.1","","100.52","","","","","","NA"
"-123.39","48.42","VICTORIA HARBOUR A","1018619","2018-11-29 13:00","2018","11","29","13:00","9.1","","5.1","","76","","","","1","","9","","24.1","","100.49","","","","","","Mostly Cloudy"
"-123.39","48.42","VICTORIA HARBOUR A","1018619","2018-11-29 14:00","2018","11","29","14:00","9.1","","6.1","","81","","","","2","","6","","24.1","","100.48","","","","","","NA"
"-123.39","48.42","VICTORIA HARBOUR A","1018619","2018-11-29 15:00","2018","11","29","15:00","9.1","","6.1","","81","","","","2","","5","","24.1","","100.51","","","","","","NA"
"-123.39","48.42","VICTORIA HARBOUR A","1018619","2018-11-29 16:00","2018","11","29","16:00","8.8","","6.5","","85","","","","36","","8","","24.1","","100.51","","","","","","Cloudy"
"-123.39","48.42","VICTORIA HARBOUR A","1018619","2018-11-29 17:00","2018","11","29","17:00","8.6","","6.6","","88","","","","1","","5","","24.1","","100.48","","","","","","NA"
"-123.39","48.42","VICTORIA HARBOUR A","1018619","2018-11-29 18:00","2018","11","29","18:00","8.3","","6.4","","88","","","","36","","2","","16.1","","100.49","","","","","","NA"
"-123.39","48.42","VICTORIA HARBOUR A","1018619","2018-11-29 19:00","2018","11","29","19:00","7.9","","6.5","","91","","","","30","","4","","24.1","","100.49","","","","","","Cloudy"
"-123.39","48.42","VICTORIA HARBOUR A","1018619","2018-11-29 20:00","2018","11","29","20:00","8.0","","6.8","","92","","","","36","","2","","24.1","","100.52","","","","","","NA"
"-123.39","48.42","VICTORIA HARBOUR A","1018619","2018-11-29 21:00","2018","11","29","21:00","8.1","","6.6","","90","","","","36","","1","","24.1","","100.52","","","","","","NA"
"-123.39","48.42","VICTORIA HARBOUR A","1018619","2018-11-29 22:00","2018","11","29","22:00"
"-123.39","48.42","VICTORIA HARBOUR A","1018619","2018-11-29 23:00","2018","11","29","23:00"
"-123.39","48.42","VICTORIA HARBOUR A","1018619","2018-11-30 00:00","2018","11","30","00:00"
"-123.39","48.42","VICTORIA HARBOUR A","1018619","2018-11-30 01:00","2018","11","30","01:00"
"-123.39","48.42","VICTORIA HARBOUR A","1018619","2018-11-30 02:00","2018","11","30","02:00"
"-123.39","48.42","VICTORIA HARBOUR A","1018619","2018-11-30 03:00","2018","11","30","03:00"
"-123.39","48.42","VICTORIA HARBOUR A","1018619","2018-11-30 04:00","2018","11","30","04:00"
"-123.39","48.42","VICTORIA HARBOUR A","1018619","2018-11-30 05:00","2018","11","30","05:00"
"-123.39","48.42","VICTORIA HARBOUR A","1018619","2018-11-30 06:00","2018","11","30","06:00","7.0","","6.4","","96","","","","","","0","","24.1","","100.60","","","","","","NA"
"-123.39","48.42","VICTORIA HARBOUR A","1018619","2018-11-30 07:00","2018","11","30","07:00","6.0","","5.4","","96","","","","36","","1","","16.1","","100.64","","","","","","Mostly Cloudy"
"-123.39","48.42","VICTORIA HARBOUR A","1018619","2018-11-30 08:00","2018","11","30","08:00","6.4","","5.9","","97","","","","36","","1","","24.1","","100.65","","","","","","NA"
"-123.39","48.42","VICTORIA HARBOUR A","1018619","2018-11-30 09:00","2018","11","30","09:00","5.6","","5.1","","96","","","","34","","5","","24.1","","100.69","","","","","","NA"
"-123.39","48.42","VICTORIA HARBOUR A","1018619","2018-11-30 10:00","2018","11","30","10:00","6.7","","6.0","","95","","","","35","","3","","24.1","","100.72","","","","","","Mostly Cloudy"
"-123.39","48.42","VICTORIA HARBOUR A","1018619","2018-11-30 11:00","2018","11","30","11:00","7.5","","5.9","","90","","","","36","","2","","24.1","","100.74","","","","","","NA"
"-123.39","48.42","VICTORIA HARBOUR A","1018619","2018-11-30 12:00","2018","11","30","12:00","8.1","","5.8","","86","","","","11","","13","","24.1","","100.71","","","","","","NA"
"-123.39","48.42","VICTORIA HARBOUR A","1018619","2018-11-30 13:00","2018","11","30","13:00","8.0","","5.5","","84","","","","12","","15","","24.1","","100.70","","","","","","Mostly Cloudy"
"-123.39","48.42","VICTORIA HARBOUR A","1018619","2018-11-30 14:00","2018","11","30","14:00","8.4","","4.8","","78","","","","7","","7","","24.1","","100.65","","","","","","NA"
"-123.39","48.42","VICTORIA HARBOUR A","1018619","2018-11-30 15:00","2018","11","30","15:00","8.2","","5.4","","82","","","","5","","9","","24.1","","100.60","","","","","","NA"
"-123.39","48.42","VICTORIA HARBOUR A","1018619","2018-11-30 16:00","2018","11","30","16:00","8.3","","5.4","","82","","","","6","","9","","24.1","","100.62","","","","","","Mostly Cloudy"
"-123.39","48.42","VICTORIA HARBOUR A","1018619","2018-11-30 17:00","2018","11","30","17:00","8.5","","5.3","","80","","","","6","","5","","24.1","","100.59","","","","","","NA"
"-123.39","48.42","VICTORIA HARBOUR A","1018619","2018-11-30 18:00","2018","11","30","18:00","8.6","","4.9","","77","","","","7","","9","","24.1","","100.58","","","","","","NA"
"-123.39","48.42","VICTORIA HARBOUR A","1018619","2018-11-30 19:00","2018","11","30","19:00","8.3","","4.8","","79","","","","6","","10","","24.1","","100.56","","","","","","Cloudy"
"-123.39","48.42","VICTORIA HARBOUR A","1018619","2018-11-30 20:00","2018","11","30","20:00","8.2","","5.0","","80","","","","7","","9","","24.1","","100.59","","","","","","NA"
"-123.39","48.42","VICTORIA HARBOUR A","1018619","2018-11-30 21:00","2018","11","30","21:00","8.3","","5.6","","83","","","","10","","13","","24.1","","100.64","","","","","","Rain"
"-123.39","48.42","VICTORIA HARBOUR A","1018619","2018-11-30 22:00","2018","11","30","22:00"
"-123.39","48.42","VICTORIA HARBOUR A","1018619","2018-11-30 23:00","2018","11","30","23:00"
