"Longitude (x)","Latitude (y)","Station Name","Climate ID","Date/Time (LST)","Year","Month","Day","Time (LST)","Temp (°C)","Temp Flag","Dew Point Temp (°C)","Dew Point Temp Flag","Rel Hum (%)","Rel Hum Flag","Precip. Amount (mm)","Precip. Amount Flag","Wind Dir (10s deg)","Wind Dir Flag","Wind Spd (km/h)","Wind Spd Flag","Visibility (km)","Visibility Flag","Stn Press (kPa)","Stn Press Flag","Hmdx","Hmdx Flag","Wind Chill","Wind Chill Flag","Weather"
"-112.16","49.28","WARNER AGCM","3046951","2020-02-01 00:00","2020","02","01","00:00","9.0","","0.1","","54","","0.0","","23","","33","","","","","M","","","","","NA"
"-112.16","49.28","WARNER AGCM","3046951","2020-02-01 01:00","2020","02","01","01:00","10.0","","-0.7","","48","","0.0","","23","","43","","","","","M","","","","","NA"
"-112.16","49.28","WARNER AGCM","3046951","2020-02-01 02:00","2020","02","01","02:00","8.0","","-0.8","","54","","0.0","","22","","22","","","","","M","","","","","NA"
"-112.16","49.28","WARNER AGCM","3046951","2020-02-01 03:00","2020","02","01","03:00","8.7","","-0.9","","51","","0.0","","24","","25","","","","","M","","","","","NA"
"-112.16","49.28","WARNER AGCM","3046951","2020-02-01 04:00","2020","02","01","04:00","9.9","","-0.7","","48","","0.0","","25","","56","","","","","M","","","","","NA"
"-112.16","49.28","WARNER AGCM","3046951","2020-02-01 05:00","2020","02","01","05:00","9.8","","-0.9","","47","","0.0","","24","","52","","","","","M","","","","","NA"
"-112.16","49.28","WARNER AGCM","3046951","2020-02-01 06:00","2020","02","01","06:00","10.1","","-1.4","","45","","0.0","","24","","75","","","","","M","","","","","NA"
"-112.16","49.28","WARNER AGCM","3046951","2020-02-01 07:00","2020","02","01","07:00","9.9","","-1.9","","44","","","M","24","","67","","","","","M","","","","","NA"
"-112.16","49.28","WARNER AGCM","3046951","2020-02-01 08:00","2020","02","01","08:00","8.8","","-2.6","","45","","0.0","","25","","49","","","","","M","","","","","NA"
"-112.16","49.28","WARNER AGCM","3046951","2020-02-01 09:00","2020","02","01","09:00","9.2","","-3.2","","41","","0.0","","25","","49","","","","","M","","","","","NA"
"-112.16","49.28","WARNER AGCM","3046951","2020-02-01 10:00","2020","02","01","10:00","10.1","","-3.4","","39","","0.0","","25","","35","","","","","M","","","","","NA"
"-112.16","49.28","WARNER AGCM","3046951","2020-02-01 11:00","2020","02","01","11:00","12.3","","-3.5","","33","","0.0","","25","","42","","","","","M","","","","","NA"
"-112.16","49.28","WARNER AGCM","3046951","2020-02-01 12:00","2020","02","01","12:00","12.3","","-2.4","","36","","0.0","","25","","50","","","","","M","","","","","NA"
"-112.16","49.28","WARNER AGCM","3046951","2020-02-01 13:00","2020","02","01","13:00","10.8","","0.4","","49","","0.0","","23","","58","","","","","M","","","","","NA"
"-112.16","49.28","WARNER AGCM","3046951","2020-02-01 14:00","2020","02","01","14:00","10.1","","0.1","","50","","0.0","","24","","58","","","","","M","","","","","NA"
"-112.16","49.28","WARNER AGCM","3046951","2020-02-01 15:00","2020","02","01","15:00","9.3","","-0.2","","52","","0.0","","23","","63","","","","","M","","","","","NA"
"-112.16","49.28","WARNER AGCM","3046951","2020-02-01 16:00","2020","02","01","16:00","8.4","","0.3","","57","","0.0","","23","","62","","","","","M","","","","","NA"
"-112.16","49.28","WARNER AGCM","3046951","2020-02-01 17:00","2020","02","01","17:00","6.2","","0.7","","68","","0.0","","22","","52","","","","","M","","","","","NA"
"-112.16","49.28","WARNER AGCM","3046951","2020-02-01 18:00","2020","02","01","18:00","2.2","","0.1","","86","","0.0","","34","","31","","","","","M","","","","","NA"
"-112.16","49.28","WARNER AGCM","3046951","2020-02-01 19:00","2020","02","01","19:00","0.2","","-0.6","","94","","0.0","","35","","9","","","","","M","","","","","NA"
"-112.16","49.28","WARNER AGCM","3046951","2020-02-01 20:00","2020","02","01","20:00","0.2","","-0.6","","95","","0.0","","29","","4","","","","","M","","","","","NA"
"-112.16","49.28","WARNER AGCM","3046951","2020-02-01 21:00","2020","02","01","21:00","0.1","","-0.7","","95","","0.0","","27","","5","","","","","M","","","","","NA"
"-112.16","49.28","WARNER AGCM","3046951","2020-02-01 22:00","2020","02","01","22:00","-0.3","","-0.9","","96","","0.0","","21","","16","","","","","M","","","-5","","NA"
"-112.16","49.28","WARNER AGCM","3046951","2020-02-01 23:00","2020","02","01","23:00","1.7","","-2.7","","73","","0.0","","26","","32","","","","","M","","","","","NA"
"-112.16","49.28","WARNER AGCM","3046951","2020-02-02 00:00","2020","02","02","00:00","2.7","","-5.8","","53","","0.0","","27","","38","","","","","M","","","","","NA"
"-112.16","49.28","WARNER AGCM","3046951","2020-02-02 01:00","2020","02","02","01:00","2.5","","-8.5","","44","","0.0","","27","","47","","","","","M","","","","","NA"
"-112.16","49.28","WARNER AGCM","3046951","2020-02-02 02:00","2020","02","02","02:00","-2.2","","-3.7","","89","","0.0","","35","","45","","","","","M","","","-11","","NA"
"-112.16","49.28","WARNER AGCM","3046951","2020-02-02 03:00","2020","02","02","03:00","-3.9","","-5.7","","87","","0.0","","4","","35","","","","","M","","","-12","","NA"
"-112.16","49.28","WARNER AGCM","3046951","2020-02-02 04:00","2020","02","02","04:00","-4.0","","-6.0","","86","","0.0","","4","","25","","","","","M","","","-11","","NA"
"-112.16","49.28","WARNER AGCM","3046951","2020-02-02 05:00","2020","02","02","05:00","-4.2","","-6.2","","86","","0.0","","4","","16","","","","","M","","","-10","","NA"
"-112.16","49.28","WARNER AGCM","3046951","2020-02-02 06:00","2020","02","02","06:00","-4.9","","-6.4","","89","","0.0","","3","","10","","","","","M","","","-9","","NA"
"-112.16","49.28","WARNER AGCM","3046951","2020-02-02 07:00","2020","02","02","07:00","-5.2","","-6.8","","88","","0.0","","6","","4","","","","","M","","","-7","","NA"
"-112.16","49.28","WARNER AGCM","3046951","2020-02-02 08:00","2020","02","02","08:00","-4.9","","-6.4","","89","","0.0","","23","","13","","","","","M","","","-10","","NA"
"-112.16","49.28","WARNER AGCM","3046951","2020-02-02 09:00","2020","02","02","09:00","-4.6","","-6.9","","85","","0.0","","21","","28","","","","","M","","","-12","","NA"
"-112.16","49.28","WARNER AGCM","3046951","2020-02-02 10:00","2020","02","02","10:00","-3.3","","-6.9","","76","","0.0","","22","","26","","","","","M","","","-10","","NA"
"-112.16","49.28","WARNER AGCM","3046951","2020-02-02 11:00","2020","02","02","11:00","-1.2","","-6.7","","66","","0.0","","26","","28","","","","","M","","","-8","","NA"
"-112.16","49.28","WARNER AGCM","3046951","2020-02-02 12:00","2020","02","02","12:00","-0.6","","-11.3","","44","","0.0","","29","","35","","","","","M","","","-8","","NA"
"-112.16","49.28","WARNER AGCM","3046951","2020-02-02 13:00","2020","02","02","13:00","-0.4","","-12.4","","40","","0.0","","32","","32","","","","","M","","","-7","","NA"
"-112.16","49.28","WARNER AGCM","3046951","2020-02-02 14:00","2020","02","02","14:00","-0.9","","-14.8","","34","","0.0","","32","","26","","","","","M","","","-7","","NA"
"-112.16","49.28","WARNER AGCM","3046951","2020-02-02 15:00","2020","02","02","15:00","-0.8","","-14.6","","34","","0.0","","32","","17","","","","","M","","","-6","","NA"
"-112.16","49.28","WARNER AGCM","3046951","2020-02-02 16:00","2020","02","02","16:00","-0.6","","-14.6","","34","","0.0","","30","","11","","","","","M","","","-4","","NA"
"-112.16","49.28","WARNER AGCM","3046951","2020-02-02 17:00","2020","02","02","17:00","-0.8","","-12.9","","40","","0.0","","27","","4","","","","","M","","","-2","","NA"
"-112.16","49.28","WARNER AGCM","3046951","2020-02-02 18:00","2020","02","02","18:00","-5.0","","-12.2","","57","","0.0","","19","","9","","","","","M","","","-9","","NA"
"-112.16","49.28","WARNER AGCM","3046951","2020-02-02 19:00","2020","02","02","19:00","-6.6","","-13.0","","60","","0.4","","21","","11","","","","","M","","","-12","","NA"
"-112.16","49.28","WARNER AGCM","3046951","2020-02-02 20:00","2020","02","02","20:00","-8.1","","-12.5","","71","","0.0","","22","","15","","","","","M","","","-14","","NA"
"-112.16","49.28","WARNER AGCM","3046951","2020-02-02 21:00","2020","02","02","21:00","-6.8","","-12.6","","64","","0.0","","23","","12","","","","","M","","","-12","","NA"
"-112.16","49.28","WARNER AGCM","3046951","2020-02-02 22:00","2020","02","02","22:00","-6.8","","-13.3","","60","","0.0","","24","","16","","","","","M","","","-13","","NA"
"-112.16","49.28","WARNER AGCM","3046951","2020-02-02 23:00","2020","02","02","23:00","-7.0","","-13.8","","58","","0.0","","25","","15","","","","","M","","","-13","","NA"
"-112.16","49.28","WARNER AGCM","3046951","2020-02-03 00:00","2020","02","03","00:00","-7.4","","-13.7","","61","","0.0","","25","","16","","","","","M","","","-14","","NA"
"-112.16","49.28","WARNER AGCM","3046951","2020-02-03 01:00","2020","02","03","01:00","-7.8","","-14.2","","60","","0.0","","25","","14","","","","","M","","","-14","","NA"
"-112.16","49.28","WARNER AGCM","3046951","2020-02-03 02:00","2020","02","03","02:00","-7.6","","-14.2","","59","","0.0","","26","","14","","","","","M","","","-14","","NA"
"-112.16","49.28","WARNER AGCM","3046951","2020-02-03 03:00","2020","02","03","03:00","-8.6","","-14.1","","64","","0.0","","29","","16","","","","","M","","","-15","","NA"
"-112.16","49.28","WARNER AGCM","3046951","2020-02-03 04:00","2020","02","03","04:00","-7.8","","-13.6","","63","","0.0","","29","","16","","","","","M","","","-14","","NA"
"-112.16","49.28","WARNER AGCM","3046951","2020-02-03 05:00","2020","02","03","05:00","-7.8","","-14.1","","61","","0.0","","29","","12","","","","","M","","","-13","","NA"
"-112.16","49.28","WARNER AGCM","3046951","2020-02-03 06:00","2020","02","03","06:00","-7.9","","-14.2","","60","","0.0","","29","","14","","","","","M","","","-14","","NA"
"-112.16","49.28","WARNER AGCM","3046951","2020-02-03 07:00","2020","02","03","07:00","-8.8","","-14.1","","65","","0.0","","34","","10","","","","","M","","","-14","","NA"
"-112.16","49.28","WARNER AGCM","3046951","2020-02-03 08:00","2020","02","03","08:00","-10.5","","-14.4","","73","","0.0","","31","","10","","","","","M","","","-16","","NA"
"-112.16","49.28","WARNER AGCM","3046951","2020-02-03 09:00","2020","02","03","09:00","-6.6","","-12.6","","63","","0.0","","32","","17","","","","","M","","","-13","","NA"
"-112.16","49.28","WARNER AGCM","3046951","2020-02-03 10:00","2020","02","03","10:00","-9.3","","-12.5","","77","","0.0","","33","","29","","","","","M","","","-18","","NA"
"-112.16","49.28","WARNER AGCM","3046951","2020-02-03 11:00","2020","02","03","11:00","-8.8","","-12.6","","74","","0.0","","32","","25","","","","","M","","","-17","","NA"
"-112.16","49.28","WARNER AGCM","3046951","2020-02-03 12:00","2020","02","03","12:00","-7.4","","-10.7","","77","","0.0","","33","","24","","","","","M","","","-15","","NA"
"-112.16","49.28","WARNER AGCM","3046951","2020-02-03 13:00","2020","02","03","13:00","-7.8","","-10.9","","78","","0.0","","34","","24","","","","","M","","","-16","","NA"
"-112.16","49.28","WARNER AGCM","3046951","2020-02-03 14:00","2020","02","03","14:00","-7.4","","-10.6","","78","","0.0","","35","","22","","","","","M","","","-15","","NA"
"-112.16","49.28","WARNER AGCM","3046951","2020-02-03 15:00","2020","02","03","15:00","-7.3","","-9.7","","83","","0.0","","35","","23","","","","","M","","","-15","","NA"
"-112.16","49.28","WARNER AGCM","3046951","2020-02-03 16:00","2020","02","03","16:00","-7.7","","-10.3","","82","","0.0","","1","","19","","","","","M","","","-15","","NA"
"-112.16","49.28","WARNER AGCM","3046951","2020-02-03 17:00","2020","02","03","17:00","-8.1","","-10.4","","83","","0.0","","35","","16","","","","","M","","","-15","","NA"
"-112.16","49.28","WARNER AGCM","3046951","2020-02-03 18:00","2020","02","03","18:00","-8.4","","-10.2","","86","","0.0","","3","","11","","","","","M","","","-14","","NA"
"-112.16","49.28","WARNER AGCM","3046951","2020-02-03 19:00","2020","02","03","19:00","-10.5","","-11.8","","90","","0.0","","8","","5","","","","","M","","","-14","","NA"
"-112.16","49.28","WARNER AGCM","3046951","2020-02-03 20:00","2020","02","03","20:00","-11.1","","-12.2","","91","","0.0","","7","","5","","","","","M","","","-14","","NA"
"-112.16","49.28","WARNER AGCM","3046951","2020-02-03 21:00","2020","02","03","21:00","-10.4","","-11.6","","91","","0.0","","21","","6","","","","","M","","","-14","","NA"
"-112.16","49.28","WARNER AGCM","3046951","2020-02-03 22:00","2020","02","03","22:00","-11.2","","-12.6","","89","","0.0","","18","","10","","","","","M","","","-17","","NA"
"-112.16","49.28","WARNER AGCM","3046951","2020-02-03 23:00","2020","02","03","23:00","-11.0","","-12.5","","88","","0.0","","17","","11","","","","","M","","","-17","","NA"
"-112.16","49.28","WARNER AGCM","3046951","2020-02-04 00:00","2020","02","04","00:00","-12.4","","-14.5","","85","","0.0","","19","","15","","","","","M","","","-20","","NA"
"-112.16","49.28","WARNER AGCM","3046951","2020-02-04 01:00","2020","02","04","01:00","-10.9","","-13.1","","84","","0.0","","19","","15","","","","","M","","","-18","","NA"
"-112.16","49.28","WARNER AGCM","3046951","2020-02-04 02:00","2020","02","04","02:00","-10.9","","-13.4","","82","","0.0","","21","","22","","","","","M","","","-19","","NA"
"-112.16","49.28","WARNER AGCM","3046951","2020-02-04 03:00","2020","02","04","03:00","-10.7","","-13.4","","81","","0.0","","19","","13","","","","","M","","","-17","","NA"
"-112.16","49.28","WARNER AGCM","3046951","2020-02-04 04:00","2020","02","04","04:00","-10.9","","-13.6","","81","","0.0","","18","","22","","","","","M","","","-19","","NA"
"-112.16","49.28","WARNER AGCM","3046951","2020-02-04 05:00","2020","02","04","05:00","-11.4","","-14.0","","81","","0.0","","19","","17","","","","","M","","","-19","","NA"
"-112.16","49.28","WARNER AGCM","3046951","2020-02-04 06:00","2020","02","04","06:00","-11.6","","-14.2","","81","","0.0","","16","","19","","","","","M","","","-20","","NA"
"-112.16","49.28","WARNER AGCM","3046951","2020-02-04 07:00","2020","02","04","07:00","-12.5","","-15.2","","80","","0.0","","18","","18","","","","","M","","","-21","","NA"
"-112.16","49.28","WARNER AGCM","3046951","2020-02-04 08:00","2020","02","04","08:00","-10.6","","-14.8","","72","","0.0","","23","","19","","","","","M","","","-18","","NA"
"-112.16","49.28","WARNER AGCM","3046951","2020-02-04 09:00","2020","02","04","09:00","-7.6","","-13.7","","62","","0.0","","23","","23","","","","","M","","","-15","","NA"
"-112.16","49.28","WARNER AGCM","3046951","2020-02-04 10:00","2020","02","04","10:00","-6.5","","-12.3","","63","","0.0","","22","","25","","","","","M","","","-14","","NA"
"-112.16","49.28","WARNER AGCM","3046951","2020-02-04 11:00","2020","02","04","11:00","-2.8","","-10.8","","54","","0.0","","23","","25","","","","","M","","","-10","","NA"
"-112.16","49.28","WARNER AGCM","3046951","2020-02-04 12:00","2020","02","04","12:00","-0.2","","-11.8","","41","","0.0","","26","","27","","","","","M","","","-6","","NA"
"-112.16","49.28","WARNER AGCM","3046951","2020-02-04 13:00","2020","02","04","13:00","0.9","","-13.0","","34","","0.0","","27","","32","","","","","M","","","","","NA"
"-112.16","49.28","WARNER AGCM","3046951","2020-02-04 14:00","2020","02","04","14:00","1.5","","-13.3","","32","","0.0","","27","","33","","","","","M","","","","","NA"
"-112.16","49.28","WARNER AGCM","3046951","2020-02-04 15:00","2020","02","04","15:00","1.4","","-12.8","","34","","0.0","","27","","33","","","","","M","","","","","NA"
"-112.16","49.28","WARNER AGCM","3046951","2020-02-04 16:00","2020","02","04","16:00","0.2","","-11.0","","42","","0.0","","26","","24","","","","","M","","","","","NA"
"-112.16","49.28","WARNER AGCM","3046951","2020-02-04 17:00","2020","02","04","17:00","-1.1","","-11.8","","44","","0.0","","26","","38","","","","","M","","","-9","","NA"
"-112.16","49.28","WARNER AGCM","3046951","2020-02-04 18:00","2020","02","04","18:00","-1.6","","-12.3","","44","","0.0","","28","","38","","","","","M","","","-9","","NA"
"-112.16","49.28","WARNER AGCM","3046951","2020-02-04 19:00","2020","02","04","19:00","-2.0","","-12.8","","43","","0.0","","28","","47","","","","","M","","","-11","","NA"
"-112.16","49.28","WARNER AGCM","3046951","2020-02-04 20:00","2020","02","04","20:00","-2.2","","-12.8","","44","","0.0","","28","","43","","","","","M","","","-11","","NA"
"-112.16","49.28","WARNER AGCM","3046951","2020-02-04 21:00","2020","02","04","21:00","-1.9","","-12.6","","44","","0.0","","28","","49","","","","","M","","","-11","","NA"
"-112.16","49.28","WARNER AGCM","3046951","2020-02-04 22:00","2020","02","04","22:00","-2.2","","-12.5","","45","","0.0","","28","","44","","","","","M","","","-11","","NA"
"-112.16","49.28","WARNER AGCM","3046951","2020-02-04 23:00","2020","02","04","23:00","-1.8","","-12.8","","43","","0.0","","28","","47","","","","","M","","","-10","","NA"
"-112.16","49.28","WARNER AGCM","3046951","2020-02-05 00:00","2020","02","05","00:00","-2.1","","-12.7","","44","","0.0","","28","","39","","","","","M","","","-10","","NA"
"-112.16","49.28","WARNER AGCM","3046951","2020-02-05 01:00","2020","02","05","01:00","-1.8","","-12.5","","44","","0.0","","28","","42","","","","","M","","","-10","","NA"
"-112.16","49.28","WARNER AGCM","3046951","2020-02-05 02:00","2020","02","05","02:00","-1.1","","-12.0","","44","","0.0","","28","","39","","","","","M","","","-9","","NA"
"-112.16","49.28","WARNER AGCM","3046951","2020-02-05 03:00","2020","02","05","03:00","-0.7","","-11.7","","43","","0.0","","28","","46","","","","","M","","","-9","","NA"
"-112.16","49.28","WARNER AGCM","3046951","2020-02-05 04:00","2020","02","05","04:00","-0.4","","-11.7","","42","","0.0","","27","","34","","","","","M","","","-7","","NA"
"-112.16","49.28","WARNER AGCM","3046951","2020-02-05 05:00","2020","02","05","05:00","-1.1","","-11.6","","45","","0.0","","29","","29","","","","","M","","","-8","","NA"
"-112.16","49.28","WARNER AGCM","3046951","2020-02-05 06:00","2020","02","05","06:00","-1.3","","-11.1","","47","","0.0","","28","","35","","","","","M","","","-9","","NA"
"-112.16","49.28","WARNER AGCM","3046951","2020-02-05 07:00","2020","02","05","07:00","-0.8","","-10.5","","48","","0.0","","29","","35","","","","","M","","","-8","","NA"
"-112.16","49.28","WARNER AGCM","3046951","2020-02-05 08:00","2020","02","05","08:00","-0.4","","-10.3","","47","","0.0","","27","","34","","","","","M","","","-7","","NA"
"-112.16","49.28","WARNER AGCM","3046951","2020-02-05 09:00","2020","02","05","09:00","0.7","","-10.0","","45","","0.0","","28","","31","","","","","M","","","","","NA"
"-112.16","49.28","WARNER AGCM","3046951","2020-02-05 10:00","2020","02","05","10:00","2.3","","-9.5","","41","","0.0","","28","","38","","","","","M","","","","","NA"
"-112.16","49.28","WARNER AGCM","3046951","2020-02-05 11:00","2020","02","05","11:00","3.9","","-9.6","","37","","0.0","","29","","42","","","","","M","","","","","NA"
"-112.16","49.28","WARNER AGCM","3046951","2020-02-05 12:00","2020","02","05","12:00","4.8","","-9.4","","35","","0.0","","28","","37","","","","","M","","","","","NA"
"-112.16","49.28","WARNER AGCM","3046951","2020-02-05 13:00","2020","02","05","13:00","4.9","","-8.8","","36","","0.0","","29","","33","","","","","M","","","","","NA"
"-112.16","49.28","WARNER AGCM","3046951","2020-02-05 14:00","2020","02","05","14:00","4.9","","-8.0","","39","","0.0","","29","","32","","","","","M","","","","","NA"
"-112.16","49.28","WARNER AGCM","3046951","2020-02-05 15:00","2020","02","05","15:00","4.5","","-7.4","","42","","0.0","","29","","35","","","","","M","","","","","NA"
"-112.16","49.28","WARNER AGCM","3046951","2020-02-05 16:00","2020","02","05","16:00","5.0","","-7.8","","39","","0.0","","29","","32","","","","","M","","","","","NA"
"-112.16","49.28","WARNER AGCM","3046951","2020-02-05 17:00","2020","02","05","17:00","3.1","","-7.2","","47","","0.0","","24","","21","","","","","M","","","","","NA"
"-112.16","49.28","WARNER AGCM","3046951","2020-02-05 18:00","2020","02","05","18:00","1.6","","-6.9","","53","","0.0","","26","","13","","","","","M","","","","","NA"
"-112.16","49.28","WARNER AGCM","3046951","2020-02-05 19:00","2020","02","05","19:00","2.2","","-6.7","","52","","0.0","","29","","32","","","","","M","","","","","NA"
"-112.16","49.28","WARNER AGCM","3046951","2020-02-05 20:00","2020","02","05","20:00","3.0","","-6.8","","49","","0.0","","28","","35","","","","","M","","","","","NA"
"-112.16","49.28","WARNER AGCM","3046951","2020-02-05 21:00","2020","02","05","21:00","3.5","","-7.1","","46","","0.0","","28","","44","","","","","M","","","","","NA"
"-112.16","49.28","WARNER AGCM","3046951","2020-02-05 22:00","2020","02","05","22:00","2.9","","-6.8","","49","","0.0","","29","","41","","","","","M","","","","","NA"
"-112.16","49.28","WARNER AGCM","3046951","2020-02-05 23:00","2020","02","05","23:00","3.0","","-6.8","","48","","0.0","","29","","38","","","","","M","","","","","NA"
"-112.16","49.28","WARNER AGCM","3046951","2020-02-06 00:00","2020","02","06","00:00","3.2","","-6.8","","48","","0.0","","29","","35","","","","","M","","","","","NA"
"-112.16","49.28","WARNER AGCM","3046951","2020-02-06 01:00","2020","02","06","01:00","1.4","","-6.2","","57","","0.0","","32","","23","","","","","M","","","","","NA"
"-112.16","49.28","WARNER AGCM","3046951","2020-02-06 02:00","2020","02","06","02:00","0.4","","-6.1","","61","","0.0","","31","","25","","","","","M","","","","","NA"
"-112.16","49.28","WARNER AGCM","3046951","2020-02-06 03:00","2020","02","06","03:00","0.3","","-6.0","","63","","0.0","","30","","20","","","","","M","","","","","NA"
"-112.16","49.28","WARNER AGCM","3046951","2020-02-06 04:00","2020","02","06","04:00","1.1","","-5.9","","60","","0.0","","28","","30","","","","","M","","","","","NA"
"-112.16","49.28","WARNER AGCM","3046951","2020-02-06 05:00","2020","02","06","05:00","1.2","","-5.8","","60","","0.0","","29","","33","","","","","M","","","","","NA"
"-112.16","49.28","WARNER AGCM","3046951","2020-02-06 06:00","2020","02","06","06:00","0.9","","-5.7","","61","","0.0","","32","","27","","","","","M","","","","","NA"
"-112.16","49.28","WARNER AGCM","3046951","2020-02-06 07:00","2020","02","06","07:00","-1.0","","-5.7","","70","","0.0","","31","","16","","","","","M","","","-6","","NA"
"-112.16","49.28","WARNER AGCM","3046951","2020-02-06 08:00","2020","02","06","08:00","-2.8","","-6.1","","78","","0.0","","28","","15","","","","","M","","","-8","","NA"
"-112.16","49.28","WARNER AGCM","3046951","2020-02-06 09:00","2020","02","06","09:00","-0.9","","-5.7","","70","","0.0","","28","","15","","","","","M","","","-6","","NA"
"-112.16","49.28","WARNER AGCM","3046951","2020-02-06 10:00","2020","02","06","10:00","2.9","","-6.9","","49","","0.0","","31","","21","","","","","M","","","","","NA"
"-112.16","49.28","WARNER AGCM","3046951","2020-02-06 11:00","2020","02","06","11:00","3.0","","-8.2","","44","","0.0","","33","","29","","","","","M","","","","","NA"
"-112.16","49.28","WARNER AGCM","3046951","2020-02-06 12:00","2020","02","06","12:00","3.6","","-7.6","","44","","0.0","","34","","33","","","","","M","","","","","NA"
"-112.16","49.28","WARNER AGCM","3046951","2020-02-06 13:00","2020","02","06","13:00","3.2","","-8.1","","43","","0.0","","34","","31","","","","","M","","","","","NA"
"-112.16","49.28","WARNER AGCM","3046951","2020-02-06 14:00","2020","02","06","14:00","3.8","","-7.4","","44","","0.0","","35","","23","","","","","M","","","","","NA"
"-112.16","49.28","WARNER AGCM","3046951","2020-02-06 15:00","2020","02","06","15:00","3.6","","-7.9","","42","","0.0","","35","","23","","","","","M","","","","","NA"
"-112.16","49.28","WARNER AGCM","3046951","2020-02-06 16:00","2020","02","06","16:00","2.1","","-7.3","","50","","0.0","","36","","20","","","","","M","","","","","NA"
"-112.16","49.28","WARNER AGCM","3046951","2020-02-06 17:00","2020","02","06","17:00","0.0","","-5.7","","65","","0.0","","33","","10","","","","","M","","","-3","","NA"
"-112.16","49.28","WARNER AGCM","3046951","2020-02-06 18:00","2020","02","06","18:00","-1.7","","-5.6","","75","","0.0","","32","","10","","","","","M","","","-5","","NA"
"-112.16","49.28","WARNER AGCM","3046951","2020-02-06 19:00","2020","02","06","19:00","-4.4","","-6.7","","84","","0.0","","25","","5","","","","","M","","","-7","","NA"
"-112.16","49.28","WARNER AGCM","3046951","2020-02-06 20:00","2020","02","06","20:00","-3.3","","-5.6","","85","","0.0","","25","","5","","","","","M","","","-5","","NA"
"-112.16","49.28","WARNER AGCM","3046951","2020-02-06 21:00","2020","02","06","21:00","-3.4","","-5.5","","85","","0.0","","23","","9","","","","","M","","","-7","","NA"
"-112.16","49.28","WARNER AGCM","3046951","2020-02-06 22:00","2020","02","06","22:00","-6.4","","-8.1","","88","","0.0","","24","","7","","","","","M","","","-10","","NA"
"-112.16","49.28","WARNER AGCM","3046951","2020-02-06 23:00","2020","02","06","23:00","-6.8","","-8.4","","88","","0.0","","23","","8","","","","","M","","","-11","","NA"
"-112.16","49.28","WARNER AGCM","3046951","2020-02-07 00:00","2020","02","07","00:00","-7.0","","-8.9","","86","","0.0","","25","","10","","","","","M","","","-12","","NA"
"-112.16","49.28","WARNER AGCM","3046951","2020-02-07 01:00","2020","02","07","01:00","-6.1","","-8.0","","86","","0.0","","22","","7","","","","","M","","","-9","","NA"
"-112.16","49.28","WARNER AGCM","3046951","2020-02-07 02:00","2020","02","07","02:00","-4.4","","-6.4","","86","","0.0","","21","","11","","","","","M","","","-9","","NA"
"-112.16","49.28","WARNER AGCM","3046951","2020-02-07 03:00","2020","02","07","03:00","-3.6","","-5.8","","85","","0.0","","23","","6","","","","","M","","","-6","","NA"
"-112.16","49.28","WARNER AGCM","3046951","2020-02-07 04:00","2020","02","07","04:00","-2.0","","-6.4","","72","","0.0","","20","","5","","","","","M","","","-4","","NA"
"-112.16","49.28","WARNER AGCM","3046951","2020-02-07 05:00","2020","02","07","05:00","-1.7","","-6.2","","72","","0.0","","36","","5","","","","","M","","","-4","","NA"
"-112.16","49.28","WARNER AGCM","3046951","2020-02-07 06:00","2020","02","07","06:00","-3.4","","-6.2","","81","","0.0","","5","","4","","","","","M","","","-5","","NA"
"-112.16","49.28","WARNER AGCM","3046951","2020-02-07 07:00","2020","02","07","07:00","-5.8","","-7.3","","90","","0.0","","31","","6","","","","","M","","","-9","","NA"
"-112.16","49.28","WARNER AGCM","3046951","2020-02-07 08:00","2020","02","07","08:00","-7.0","","-8.0","","92","","0.0","","28","","13","","","","","M","","","-13","","NA"
"-112.16","49.28","WARNER AGCM","3046951","2020-02-07 09:00","2020","02","07","09:00","-5.0","","-6.7","","87","","0.0","","30","","12","","","","","M","","","-10","","NA"
"-112.16","49.28","WARNER AGCM","3046951","2020-02-07 10:00","2020","02","07","10:00","-3.1","","-5.2","","85","","0.0","","29","","12","","","","","M","","","-8","","NA"
"-112.16","49.28","WARNER AGCM","3046951","2020-02-07 11:00","2020","02","07","11:00","0.2","","-5.0","","68","","0.0","","27","","9","","","","","M","","","","","NA"
"-112.16","49.28","WARNER AGCM","3046951","2020-02-07 12:00","2020","02","07","12:00","0.8","","-5.6","","62","","0.0","","32","","15","","","","","M","","","","","NA"
"-112.16","49.28","WARNER AGCM","3046951","2020-02-07 13:00","2020","02","07","13:00","1.5","","-6.7","","54","","0.0","","34","","10","","","","","M","","","","","NA"
"-112.16","49.28","WARNER AGCM","3046951","2020-02-07 14:00","2020","02","07","14:00","2.4","","-7.9","","46","","0.0","","2","","4","","","","","M","","","","","NA"
"-112.16","49.28","WARNER AGCM","3046951","2020-02-07 15:00","2020","02","07","15:00","3.3","","-8.1","","43","","0.0","","18","","3","","","","","M","","","","","NA"
"-112.16","49.28","WARNER AGCM","3046951","2020-02-07 16:00","2020","02","07","16:00","2.3","","-8.0","","47","","0.0","","9","","5","","","","","M","","","","","NA"
"-112.16","49.28","WARNER AGCM","3046951","2020-02-07 17:00","2020","02","07","17:00","-0.5","","-6.1","","66","","0.0","","12","","15","","","","","M","","","-5","","NA"
"-112.16","49.28","WARNER AGCM","3046951","2020-02-07 18:00","2020","02","07","18:00","-2.4","","-6.3","","75","","0.0","","13","","16","","","","","M","","","-8","","NA"
"-112.16","49.28","WARNER AGCM","3046951","2020-02-07 19:00","2020","02","07","19:00","-2.5","","-5.8","","78","","0.0","","14","","16","","","","","M","","","-8","","NA"
"-112.16","49.28","WARNER AGCM","3046951","2020-02-07 20:00","2020","02","07","20:00","-2.3","","-5.4","","79","","0.0","","14","","12","","","","","M","","","-7","","NA"
"-112.16","49.28","WARNER AGCM","3046951","2020-02-07 21:00","2020","02","07","21:00","-1.2","","-6.0","","70","","0.0","","17","","18","","","","","M","","","-6","","NA"
"-112.16","49.28","WARNER AGCM","3046951","2020-02-07 22:00","2020","02","07","22:00","-0.6","","-5.5","","70","","0.0","","18","","19","","","","","M","","","-6","","NA"
"-112.16","49.28","WARNER AGCM","3046951","2020-02-07 23:00","2020","02","07","23:00","-0.4","","-4.9","","71","","0.0","","16","","18","","","","","M","","","-5","","NA"
"-112.16","49.28","WARNER AGCM","3046951","2020-02-08 00:00","2020","02","08","00:00","-1.2","","-5.4","","73","","0.0","","17","","18","","","","","M","","","-6","","NA"
"-112.16","49.28","WARNER AGCM","3046951","2020-02-08 01:00","2020","02","08","01:00","-1.7","","-5.5","","75","","0.0","","15","","17","","","","","M","","","-7","","NA"
"-112.16","49.28","WARNER AGCM","3046951","2020-02-08 02:00","2020","02","08","02:00","-1.5","","-5.1","","76","","0.0","","18","","16","","","","","M","","","-6","","NA"
"-112.16","49.28","WARNER AGCM","3046951","2020-02-08 03:00","2020","02","08","03:00","-1.8","","-5.0","","79","","0.0","","18","","21","","","","","M","","","-8","","NA"
"-112.16","49.28","WARNER AGCM","3046951","2020-02-08 04:00","2020","02","08","04:00","-1.7","","-4.8","","79","","0.0","","15","","17","","","","","M","","","-7","","NA"
"-112.16","49.28","WARNER AGCM","3046951","2020-02-08 05:00","2020","02","08","05:00","-1.3","","-4.6","","78","","0.0","","15","","20","","","","","M","","","-7","","NA"
"-112.16","49.28","WARNER AGCM","3046951","2020-02-08 06:00","2020","02","08","06:00","-1.7","","-4.7","","80","","0.0","","19","","15","","","","","M","","","-7","","NA"
"-112.16","49.28","WARNER AGCM","3046951","2020-02-08 07:00","2020","02","08","07:00","-1.8","","-4.5","","82","","0.0","","17","","8","","","","","M","","","-5","","NA"
"-112.16","49.28","WARNER AGCM","3046951","2020-02-08 08:00","2020","02","08","08:00","-3.3","","-4.1","","94","","1.0","","4","","21","","","","","M","","","-10","","NA"
"-112.16","49.28","WARNER AGCM","3046951","2020-02-08 09:00","2020","02","08","09:00","-2.9","","-3.7","","94","","0.9","","3","","23","","","","","M","","","-9","","NA"
"-112.16","49.28","WARNER AGCM","3046951","2020-02-08 10:00","2020","02","08","10:00","-3.4","","-4.3","","93","","0.7","","35","","32","","","","","M","","","-11","","NA"
"-112.16","49.28","WARNER AGCM","3046951","2020-02-08 11:00","2020","02","08","11:00","-4.3","","-5.4","","92","","0.0","","35","","32","","","","","M","","","-12","","NA"
"-112.16","49.28","WARNER AGCM","3046951","2020-02-08 12:00","2020","02","08","12:00","-4.1","","-5.1","","93","","0.6","","36","","34","","","","","M","","","-12","","NA"
"-112.16","49.28","WARNER AGCM","3046951","2020-02-08 13:00","2020","02","08","13:00","-4.8","","-6.8","","86","","0.0","","34","","30","","","","","M","","","-13","","NA"
"-112.16","49.28","WARNER AGCM","3046951","2020-02-08 14:00","2020","02","08","14:00","-4.6","","-7.3","","82","","0.0","","34","","36","","","","","M","","","-13","","NA"
"-112.16","49.28","WARNER AGCM","3046951","2020-02-08 15:00","2020","02","08","15:00","-4.6","","-7.2","","82","","0.0","","33","","29","","","","","M","","","-12","","NA"
"-112.16","49.28","WARNER AGCM","3046951","2020-02-08 16:00","2020","02","08","16:00","-5.1","","-7.8","","82","","0.0","","33","","24","","","","","M","","","-12","","NA"
"-112.16","49.28","WARNER AGCM","3046951","2020-02-08 17:00","2020","02","08","17:00","-5.6","","-8.0","","83","","0.0","","33","","20","","","","","M","","","-12","","NA"
"-112.16","49.28","WARNER AGCM","3046951","2020-02-08 18:00","2020","02","08","18:00","-5.6","","-7.9","","84","","0.0","","33","","20","","","","","M","","","-12","","NA"
"-112.16","49.28","WARNER AGCM","3046951","2020-02-08 19:00","2020","02","08","19:00","-6.3","","-8.3","","86","","0.0","","32","","15","","","","","M","","","-12","","NA"
"-112.16","49.28","WARNER AGCM","3046951","2020-02-08 20:00","2020","02","08","20:00","-7.0","","-8.7","","88","","0.0","","28","","13","","","","","M","","","-13","","NA"
"-112.16","49.28","WARNER AGCM","3046951","2020-02-08 21:00","2020","02","08","21:00","-5.8","","-7.4","","88","","0.0","","30","","12","","","","","M","","","-11","","NA"
"-112.16","49.28","WARNER AGCM","3046951","2020-02-08 22:00","2020","02","08","22:00","-6.7","","-9.1","","83","","0.0","","29","","16","","","","","M","","","-13","","NA"
"-112.16","49.28","WARNER AGCM","3046951","2020-02-08 23:00","2020","02","08","23:00","-7.4","","-10.0","","82","","0.0","","28","","18","","","","","M","","","-14","","NA"
"-112.16","49.28","WARNER AGCM","3046951","2020-02-09 00:00","2020","02","09","00:00","-10.5","","-12.4","","85","","0.0","","26","","16","","","","","M","","","-18","","NA"
"-112.16","49.28","WARNER AGCM","3046951","2020-02-09 01:00","2020","02","09","01:00","-9.3","","-11.8","","82","","0.0","","24","","17","","","","","M","","","-16","","NA"
"-112.16","49.28","WARNER AGCM","3046951","2020-02-09 02:00","2020","02","09","02:00","-11.3","","-13.5","","84","","0.0","","22","","18","","","","","M","","","-19","","NA"
"-112.16","49.28","WARNER AGCM","3046951","2020-02-09 03:00","2020","02","09","03:00","-11.1","","-14.0","","79","","0.0","","24","","15","","","","","M","","","-18","","NA"
"-112.16","49.28","WARNER AGCM","3046951","2020-02-09 04:00","2020","02","09","04:00","-9.3","","-13.7","","70","","0.0","","22","","21","","","","","M","","","-17","","NA"
"-112.16","49.28","WARNER AGCM","3046951","2020-02-09 05:00","2020","02","09","05:00","-8.1","","-13.1","","67","","0.0","","22","","32","","","","","M","","","-17","","NA"
"-112.16","49.28","WARNER AGCM","3046951","2020-02-09 06:00","2020","02","09","06:00","-8.3","","-13.7","","65","","0.0","","21","","29","","","","","M","","","-17","","NA"
"-112.16","49.28","WARNER AGCM","3046951","2020-02-09 07:00","2020","02","09","07:00","-8.7","","-14.2","","64","","0.0","","22","","29","","","","","M","","","-18","","NA"
"-112.16","49.28","WARNER AGCM","3046951","2020-02-09 08:00","2020","02","09","08:00","-6.3","","-12.9","","59","","0.0","","24","","40","","","","","M","","","-16","","NA"
"-112.16","49.28","WARNER AGCM","3046951","2020-02-09 09:00","2020","02","09","09:00","-4.8","","-11.3","","60","","0.0","","24","","32","","","","","M","","","-13","","NA"
"-112.16","49.28","WARNER AGCM","3046951","2020-02-09 10:00","2020","02","09","10:00","-1.6","","-9.1","","57","","0.0","","27","","34","","","","","M","","","-9","","NA"
"-112.16","49.28","WARNER AGCM","3046951","2020-02-09 11:00","2020","02","09","11:00","-0.7","","-8.1","","57","","0.0","","28","","36","","","","","M","","","-8","","NA"
"-112.16","49.28","WARNER AGCM","3046951","2020-02-09 12:00","2020","02","09","12:00","0.7","","-7.0","","56","","0.0","","28","","33","","","","","M","","","","","NA"
"-112.16","49.28","WARNER AGCM","3046951","2020-02-09 13:00","2020","02","09","13:00","0.6","","-6.1","","61","","0.0","","29","","41","","","","","M","","","","","NA"
"-112.16","49.28","WARNER AGCM","3046951","2020-02-09 14:00","2020","02","09","14:00","0.9","","-6.1","","60","","0.0","","29","","37","","","","","M","","","","","NA"
"-112.16","49.28","WARNER AGCM","3046951","2020-02-09 15:00","2020","02","09","15:00","0.5","","-5.6","","64","","0.0","","31","","39","","","","","M","","","","","NA"
"-112.16","49.28","WARNER AGCM","3046951","2020-02-09 16:00","2020","02","09","16:00","-1.3","","-4.1","","81","","0.0","","32","","23","","","","","M","","","-7","","NA"
"-112.16","49.28","WARNER AGCM","3046951","2020-02-09 17:00","2020","02","09","17:00","-2.0","","-3.1","","92","","1.2","","36","","20","","","","","M","","","-8","","NA"
"-112.16","49.28","WARNER AGCM","3046951","2020-02-09 18:00","2020","02","09","18:00","-2.3","","-3.0","","95","","1.0","","29","","22","","","","","M","","","-8","","NA"
"-112.16","49.28","WARNER AGCM","3046951","2020-02-09 19:00","2020","02","09","19:00","-1.7","","-2.5","","95","","0.0","","31","","23","","","","","M","","","-8","","NA"
"-112.16","49.28","WARNER AGCM","3046951","2020-02-09 20:00","2020","02","09","20:00","-2.5","","-3.7","","92","","0.4","","29","","19","","","","","M","","","-8","","NA"
"-112.16","49.28","WARNER AGCM","3046951","2020-02-09 21:00","2020","02","09","21:00","-1.9","","-2.9","","93","","0.0","","29","","29","","","","","M","","","-9","","NA"
"-112.16","49.28","WARNER AGCM","3046951","2020-02-09 22:00","2020","02","09","22:00","-1.7","","-3.0","","91","","0.0","","29","","28","","","","","M","","","-8","","NA"
"-112.16","49.28","WARNER AGCM","3046951","2020-02-09 23:00","2020","02","09","23:00","-1.8","","-3.5","","88","","0.0","","30","","30","","","","","M","","","-9","","NA"
"-112.16","49.28","WARNER AGCM","3046951","2020-02-10 00:00","2020","02","10","00:00","-2.1","","-4.6","","83","","0.0","","30","","29","","","","","M","","","-9","","NA"
"-112.16","49.28","WARNER AGCM","3046951","2020-02-10 01:00","2020","02","10","01:00","-3.2","","-6.7","","77","","0.0","","31","","27","","","","","M","","","-10","","NA"
"-112.16","49.28","WARNER AGCM","3046951","2020-02-10 02:00","2020","02","10","02:00","-2.8","","-7.1","","72","","0.0","","31","","27","","","","","M","","","-10","","NA"
"-112.16","49.28","WARNER AGCM","3046951","2020-02-10 03:00","2020","02","10","03:00","-3.1","","-7.5","","72","","0.0","","32","","27","","","","","M","","","-10","","NA"
"-112.16","49.28","WARNER AGCM","3046951","2020-02-10 04:00","2020","02","10","04:00","-3.3","","-7.7","","71","","0.0","","31","","26","","","","","M","","","-10","","NA"
"-112.16","49.28","WARNER AGCM","3046951","2020-02-10 05:00","2020","02","10","05:00","-3.5","","-7.6","","73","","0.0","","30","","25","","","","","M","","","-10","","NA"
"-112.16","49.28","WARNER AGCM","3046951","2020-02-10 06:00","2020","02","10","06:00","-4.5","","-8.1","","76","","0.0","","31","","17","","","","","M","","","-10","","NA"
"-112.16","49.28","WARNER AGCM","3046951","2020-02-10 07:00","2020","02","10","07:00","-4.8","","-8.4","","76","","0.0","","29","","19","","","","","M","","","-11","","NA"
"-112.16","49.28","WARNER AGCM","3046951","2020-02-10 08:00","2020","02","10","08:00","-3.6","","-7.6","","74","","0.0","","29","","25","","","","","M","","","-11","","NA"
"-112.16","49.28","WARNER AGCM","3046951","2020-02-10 09:00","2020","02","10","09:00","-4.7","","-9.1","","71","","0.0","","29","","22","","","","","M","","","-12","","NA"
"-112.16","49.28","WARNER AGCM","3046951","2020-02-10 10:00","2020","02","10","10:00","-2.7","","-8.3","","65","","0.0","","31","","27","","","","","M","","","-10","","NA"
"-112.16","49.28","WARNER AGCM","3046951","2020-02-10 11:00","2020","02","10","11:00","-2.4","","-8.1","","65","","0.0","","30","","22","","","","","M","","","-9","","NA"
"-112.16","49.28","WARNER AGCM","3046951","2020-02-10 12:00","2020","02","10","12:00","-1.6","","-7.5","","64","","0.0","","29","","19","","","","","M","","","-7","","NA"
"-112.16","49.28","WARNER AGCM","3046951","2020-02-10 13:00","2020","02","10","13:00","-1.0","","-6.9","","64","","0.0","","30","","20","","","","","M","","","-7","","NA"
"-112.16","49.28","WARNER AGCM","3046951","2020-02-10 14:00","2020","02","10","14:00","-0.5","","-7.0","","61","","0.0","","31","","18","","","","","M","","","-6","","NA"
"-112.16","49.28","WARNER AGCM","3046951","2020-02-10 15:00","2020","02","10","15:00","-0.6","","-7.5","","60","","0.0","","29","","14","","","","","M","","","-5","","NA"
"-112.16","49.28","WARNER AGCM","3046951","2020-02-10 16:00","2020","02","10","16:00","-2.2","","-8.7","","61","","0.0","","26","","11","","","","","M","","","-6","","NA"
"-112.16","49.28","WARNER AGCM","3046951","2020-02-10 17:00","2020","02","10","17:00","-5.6","","-10.2","","70","","0.0","","21","","15","","","","","M","","","-11","","NA"
"-112.16","49.28","WARNER AGCM","3046951","2020-02-10 18:00","2020","02","10","18:00","-8.5","","-11.7","","78","","0.0","","20","","20","","","","","M","","","-16","","NA"
"-112.16","49.28","WARNER AGCM","3046951","2020-02-10 19:00","2020","02","10","19:00","-6.2","","-11.4","","67","","0.0","","21","","26","","","","","M","","","-14","","NA"
"-112.16","49.28","WARNER AGCM","3046951","2020-02-10 20:00","2020","02","10","20:00","-6.3","","-10.5","","72","","0.0","","22","","24","","","","","M","","","-14","","NA"
"-112.16","49.28","WARNER AGCM","3046951","2020-02-10 21:00","2020","02","10","21:00","-6.9","","-10.6","","75","","0.0","","22","","26","","","","","M","","","-15","","NA"
"-112.16","49.28","WARNER AGCM","3046951","2020-02-10 22:00","2020","02","10","22:00","-6.5","","-10.8","","71","","0.0","","22","","25","","","","","M","","","-14","","NA"
"-112.16","49.28","WARNER AGCM","3046951","2020-02-10 23:00","2020","02","10","23:00","-6.1","","-10.9","","69","","0.0","","22","","27","","","","","M","","","-14","","NA"
"-112.16","49.28","WARNER AGCM","3046951","2020-02-11 00:00","2020","02","11","00:00","-6.9","","-10.9","","73","","0.0","","22","","24","","","","","M","","","-15","","NA"
"-112.16","49.28","WARNER AGCM","3046951","2020-02-11 01:00","2020","02","11","01:00","-3.9","","-9.1","","67","","0.0","","25","","24","","","","","M","","","-11","","NA"
"-112.16","49.28","WARNER AGCM","3046951","2020-02-11 02:00","2020","02","11","02:00","-4.8","","-9.3","","71","","0.0","","24","","23","","","","","M","","","-12","","NA"
"-112.16","49.28","WARNER AGCM","3046951","2020-02-11 03:00","2020","02","11","03:00","-2.5","","-7.6","","68","","0.0","","26","","30","","","","","M","","","-10","","NA"
"-112.16","49.28","WARNER AGCM","3046951","2020-02-11 04:00","2020","02","11","04:00","-1.0","","-6.2","","68","","0.0","","26","","34","","","","","M","","","-8","","NA"
"-112.16","49.28","WARNER AGCM","3046951","2020-02-11 05:00","2020","02","11","05:00","-1.1","","-5.9","","70","","0.0","","26","","28","","","","","M","","","-8","","NA"
"-112.16","49.28","WARNER AGCM","3046951","2020-02-11 06:00","2020","02","11","06:00","0.0","","-5.8","","65","","0.0","","27","","31","","","","","M","","","-7","","NA"
"-112.16","49.28","WARNER AGCM","3046951","2020-02-11 07:00","2020","02","11","07:00","-1.1","","-6.0","","69","","0.0","","24","","23","","","","","M","","","-7","","NA"
"-112.16","49.28","WARNER AGCM","3046951","2020-02-11 08:00","2020","02","11","08:00","1.4","","-3.0","","73","","0.0","","26","","35","","","","","M","","","","","NA"
"-112.16","49.28","WARNER AGCM","3046951","2020-02-11 09:00","2020","02","11","09:00","2.0","","-3.6","","66","","0.0","","27","","42","","","","","M","","","","","NA"
"-112.16","49.28","WARNER AGCM","3046951","2020-02-11 10:00","2020","02","11","10:00","1.7","","-4.1","","65","","0.0","","27","","44","","","","","M","","","","","NA"
"-112.16","49.28","WARNER AGCM","3046951","2020-02-11 11:00","2020","02","11","11:00","2.2","","-3.9","","64","","0.0","","27","","47","","","","","M","","","","","NA"
"-112.16","49.28","WARNER AGCM","3046951","2020-02-11 12:00","2020","02","11","12:00","2.7","","-3.6","","63","","0.0","","26","","42","","","","","M","","","","","NA"
"-112.16","49.28","WARNER AGCM","3046951","2020-02-11 13:00","2020","02","11","13:00","2.0","","-3.3","","68","","0.0","","27","","53","","","","","M","","","","","NA"
"-112.16","49.28","WARNER AGCM","3046951","2020-02-11 14:00","2020","02","11","14:00","3.3","","-4.1","","58","","0.0","","27","","55","","","","","M","","","","","NA"
"-112.16","49.28","WARNER AGCM","3046951","2020-02-11 15:00","2020","02","11","15:00","3.7","","-4.7","","54","","0.0","","28","","49","","","","","M","","","","","NA"
"-112.16","49.28","WARNER AGCM","3046951","2020-02-11 16:00","2020","02","11","16:00","3.0","","-3.8","","61","","0.0","","31","","45","","","","","M","","","","","NA"
"-112.16","49.28","WARNER AGCM","3046951","2020-02-11 17:00","2020","02","11","17:00","0.2","","-1.0","","91","","0.0","","34","","7","","","","","M","","","","","NA"
"-112.16","49.28","WARNER AGCM","3046951","2020-02-11 18:00","2020","02","11","18:00","-0.1","","-0.8","","95","","0.0","","29","","11","","","","","M","","","-4","","NA"
"-112.16","49.28","WARNER AGCM","3046951","2020-02-11 19:00","2020","02","11","19:00","0.0","","-1.0","","93","","0.5","","31","","21","","","","","M","","","-5","","NA"
"-112.16","49.28","WARNER AGCM","3046951","2020-02-11 20:00","2020","02","11","20:00","-0.5","","-1.1","","95","","0.0","","33","","38","","","","","M","","","-8","","NA"
"-112.16","49.28","WARNER AGCM","3046951","2020-02-11 21:00","2020","02","11","21:00","-0.8","","-1.3","","96","","0.0","","31","","36","","","","","M","","","-8","","NA"
"-112.16","49.28","WARNER AGCM","3046951","2020-02-11 22:00","2020","02","11","22:00","-0.9","","-1.5","","96","","0.0","","32","","39","","","","","M","","","-9","","NA"
"-112.16","49.28","WARNER AGCM","3046951","2020-02-11 23:00","2020","02","11","23:00","-1.8","","-2.5","","95","","0.5","","36","","42","","","","","M","","","-10","","NA"
"-112.16","49.28","WARNER AGCM","3046951","2020-02-12 00:00","2020","02","12","00:00","-5.2","","-6.0","","94","","0.0","","2","","45","","","","","M","","","-15","","NA"
"-112.16","49.28","WARNER AGCM","3046951","2020-02-12 01:00","2020","02","12","01:00","-6.6","","-7.6","","92","","0.0","","1","","41","","","","","M","","","-16","","NA"
"-112.16","49.28","WARNER AGCM","3046951","2020-02-12 02:00","2020","02","12","02:00","-7.9","","-9.1","","92","","0.0","","1","","34","","","","","M","","","-17","","NA"
"-112.16","49.28","WARNER AGCM","3046951","2020-02-12 03:00","2020","02","12","03:00","-9.9","","-11.3","","89","","0.0","","2","","31","","","","","M","","","-20","","NA"
"-112.16","49.28","WARNER AGCM","3046951","2020-02-12 04:00","2020","02","12","04:00","-10.3","","-11.6","","90","","0.0","","1","","16","","","","","M","","","-17","","NA"
"-112.16","49.28","WARNER AGCM","3046951","2020-02-12 05:00","2020","02","12","05:00","-10.6","","-12.0","","90","","0.0","","2","","11","","","","","M","","","-16","","NA"
"-112.16","49.28","WARNER AGCM","3046951","2020-02-12 06:00","2020","02","12","06:00","-11.8","","-13.4","","88","","0.0","","4","","15","","","","","M","","","-19","","NA"
"-112.16","49.28","WARNER AGCM","3046951","2020-02-12 07:00","2020","02","12","07:00","-13.2","","-14.7","","88","","0.0","","5","","10","","","","","M","","","-19","","NA"
"-112.16","49.28","WARNER AGCM","3046951","2020-02-12 08:00","2020","02","12","08:00","-13.3","","-14.9","","88","","0.0","","15","","10","","","","","M","","","-19","","NA"
"-112.16","49.28","WARNER AGCM","3046951","2020-02-12 09:00","2020","02","12","09:00","-12.9","","-14.6","","87","","0.0","","10","","9","","","","","M","","","-18","","NA"
"-112.16","49.28","WARNER AGCM","3046951","2020-02-12 10:00","2020","02","12","10:00","-13.0","","-14.9","","85","","0.5","","12","","12","","","","","M","","","-20","","NA"
"-112.16","49.28","WARNER AGCM","3046951","2020-02-12 11:00","2020","02","12","11:00","-12.5","","-14.8","","83","","0.0","","17","","13","","","","","M","","","-19","","NA"
"-112.16","49.28","WARNER AGCM","3046951","2020-02-12 12:00","2020","02","12","12:00","-11.7","","-14.2","","82","","0.0","","15","","16","","","","","M","","","-19","","NA"
"-112.16","49.28","WARNER AGCM","3046951","2020-02-12 13:00","2020","02","12","13:00","-11.0","","-13.8","","80","","0.0","","15","","15","","","","","M","","","-18","","NA"
"-112.16","49.28","WARNER AGCM","3046951","2020-02-12 14:00","2020","02","12","14:00","-9.9","","-13.2","","77","","0.0","","16","","15","","","","","M","","","-17","","NA"
"-112.16","49.28","WARNER AGCM","3046951","2020-02-12 15:00","2020","02","12","15:00","-9.9","","-13.0","","78","","0.0","","15","","14","","","","","M","","","-16","","NA"
"-112.16","49.28","WARNER AGCM","3046951","2020-02-12 16:00","2020","02","12","16:00","-9.7","","-12.4","","81","","0.0","","14","","15","","","","","M","","","-16","","NA"
"-112.16","49.28","WARNER AGCM","3046951","2020-02-12 17:00","2020","02","12","17:00","-10.4","","-12.8","","83","","0.0","","15","","19","","","","","M","","","-18","","NA"
"-112.16","49.28","WARNER AGCM","3046951","2020-02-12 18:00","2020","02","12","18:00","-11.3","","-13.4","","85","","0.0","","16","","18","","","","","M","","","-19","","NA"
"-112.16","49.28","WARNER AGCM","3046951","2020-02-12 19:00","2020","02","12","19:00","-12.9","","-14.8","","86","","0.0","","13","","16","","","","","M","","","-21","","NA"
"-112.16","49.28","WARNER AGCM","3046951","2020-02-12 20:00","2020","02","12","20:00","-11.5","","-13.5","","86","","0.0","","18","","23","","","","","M","","","-20","","NA"
"-112.16","49.28","WARNER AGCM","3046951","2020-02-12 21:00","2020","02","12","21:00","-11.1","","-13.0","","86","","0.0","","19","","29","","","","","M","","","-21","","NA"
"-112.16","49.28","WARNER AGCM","3046951","2020-02-12 22:00","2020","02","12","22:00","-10.6","","-12.4","","86","","0.0","","19","","28","","","","","M","","","-20","","NA"
"-112.16","49.28","WARNER AGCM","3046951","2020-02-12 23:00","2020","02","12","23:00","-10.5","","-12.4","","86","","0.0","","19","","32","","","","","M","","","-20","","NA"
"-112.16","49.28","WARNER AGCM","3046951","2020-02-13 00:00","2020","02","13","00:00","-10.6","","-12.3","","87","","0.0","","19","","34","","","","","M","","","-21","","NA"
"-112.16","49.28","WARNER AGCM","3046951","2020-02-13 01:00","2020","02","13","01:00","-10.6","","-12.4","","87","","0.0","","18","","29","","","","","M","","","-20","","NA"
"-112.16","49.28","WARNER AGCM","3046951","2020-02-13 02:00","2020","02","13","02:00","-10.7","","-12.6","","85","","0.0","","19","","36","","","","","M","","","-21","","NA"
"-112.16","49.28","WARNER AGCM","3046951","2020-02-13 03:00","2020","02","13","03:00","-10.8","","-12.9","","84","","0.0","","19","","34","","","","","M","","","-21","","NA"
"-112.16","49.28","WARNER AGCM","3046951","2020-02-13 04:00","2020","02","13","04:00","-11.0","","-13.3","","83","","0.0","","19","","36","","","","","M","","","-22","","NA"
"-112.16","49.28","WARNER AGCM","3046951","2020-02-13 05:00","2020","02","13","05:00","-11.4","","-13.4","","85","","0.0","","18","","33","","","","","M","","","-22","","NA"
"-112.16","49.28","WARNER AGCM","3046951","2020-02-13 06:00","2020","02","13","06:00","-10.8","","-13.0","","84","","0.0","","18","","34","","","","","M","","","-21","","NA"
"-112.16","49.28","WARNER AGCM","3046951","2020-02-13 07:00","2020","02","13","07:00","-10.9","","-13.1","","84","","0.0","","18","","33","","","","","M","","","-21","","NA"
"-112.16","49.28","WARNER AGCM","3046951","2020-02-13 08:00","2020","02","13","08:00","-9.8","","-12.4","","81","","0.0","","18","","28","","","","","M","","","-19","","NA"
"-112.16","49.28","WARNER AGCM","3046951","2020-02-13 09:00","2020","02","13","09:00","-7.7","","-10.9","","78","","0.0","","19","","39","","","","","M","","","-18","","NA"
"-112.16","49.28","WARNER AGCM","3046951","2020-02-13 10:00","2020","02","13","10:00","-7.0","","-10.5","","76","","0.0","","19","","35","","","","","M","","","-16","","NA"
"-112.16","49.28","WARNER AGCM","3046951","2020-02-13 11:00","2020","02","13","11:00","-5.3","","-8.9","","76","","0.0","","18","","37","","","","","M","","","-14","","NA"
"-112.16","49.28","WARNER AGCM","3046951","2020-02-13 12:00","2020","02","13","12:00","-3.0","","-7.1","","73","","0.0","","19","","35","","","","","M","","","-11","","NA"
"-112.16","49.28","WARNER AGCM","3046951","2020-02-13 13:00","2020","02","13","13:00","0.0","","-5.6","","66","","0.0","","20","","37","","","","","M","","","-7","","NA"
"-112.16","49.28","WARNER AGCM","3046951","2020-02-13 14:00","2020","02","13","14:00","0.9","","-5.4","","63","","0.0","","21","","30","","","","","M","","","","","NA"
"-112.16","49.28","WARNER AGCM","3046951","2020-02-13 15:00","2020","02","13","15:00","1.0","","-4.4","","67","","0.0","","18","","25","","","","","M","","","","","NA"
"-112.16","49.28","WARNER AGCM","3046951","2020-02-13 16:00","2020","02","13","16:00","3.6","","-5.2","","53","","0.0","","22","","31","","","","","M","","","","","NA"
"-112.16","49.28","WARNER AGCM","3046951","2020-02-13 17:00","2020","02","13","17:00","2.5","","-4.6","","59","","0.0","","23","","27","","","","","M","","","","","NA"
"-112.16","49.28","WARNER AGCM","3046951","2020-02-13 18:00","2020","02","13","18:00","3.9","","-4.7","","54","","0.0","","23","","40","","","","","M","","","","","NA"
"-112.16","49.28","WARNER AGCM","3046951","2020-02-13 19:00","2020","02","13","19:00","2.9","","-3.8","","61","","0.0","","23","","46","","","","","M","","","","","NA"
"-112.16","49.28","WARNER AGCM","3046951","2020-02-13 20:00","2020","02","13","20:00","3.0","","-4.2","","59","","0.0","","25","","31","","","","","M","","","","","NA"
"-112.16","49.28","WARNER AGCM","3046951","2020-02-13 21:00","2020","02","13","21:00","1.6","","-4.9","","62","","0.0","","27","","27","","","","","M","","","","","NA"
"-112.16","49.28","WARNER AGCM","3046951","2020-02-13 22:00","2020","02","13","22:00","0.6","","-5.8","","62","","0.0","","27","","22","","","","","M","","","","","NA"
"-112.16","49.28","WARNER AGCM","3046951","2020-02-13 23:00","2020","02","13","23:00","-1.4","","-6.6","","68","","0.0","","26","","19","","","","","M","","","-7","","NA"
"-112.16","49.28","WARNER AGCM","3046951","2020-02-14 00:00","2020","02","14","00:00","-3.4","","-7.5","","73","","0.0","","25","","14","","","","","M","","","-8","","NA"
"-112.16","49.28","WARNER AGCM","3046951","2020-02-14 01:00","2020","02","14","01:00","-0.6","","-6.8","","63","","0.0","","28","","7","","","","","M","","","-3","","NA"
"-112.16","49.28","WARNER AGCM","3046951","2020-02-14 02:00","2020","02","14","02:00","-4.9","","-9.6","","70","","0.0","","21","","8","","","","","M","","","-8","","NA"
"-112.16","49.28","WARNER AGCM","3046951","2020-02-14 03:00","2020","02","14","03:00","-6.6","","-9.8","","78","","0.0","","23","","18","","","","","M","","","-13","","NA"
"-112.16","49.28","WARNER AGCM","3046951","2020-02-14 04:00","2020","02","14","04:00","-5.8","","-8.9","","78","","0.0","","22","","17","","","","","M","","","-12","","NA"
"-112.16","49.28","WARNER AGCM","3046951","2020-02-14 05:00","2020","02","14","05:00","-3.7","","-7.3","","76","","0.0","","23","","18","","","","","M","","","-10","","NA"
"-112.16","49.28","WARNER AGCM","3046951","2020-02-14 06:00","2020","02","14","06:00","-1.2","","-4.9","","75","","0.0","","25","","31","","","","","M","","","-8","","NA"
"-112.16","49.28","WARNER AGCM","3046951","2020-02-14 07:00","2020","02","14","07:00","-1.7","","-6.0","","73","","0.0","","26","","36","","","","","M","","","-9","","NA"
"-112.16","49.28","WARNER AGCM","3046951","2020-02-14 08:00","2020","02","14","08:00","-2.2","","-7.1","","70","","0.0","","30","","26","","","","","M","","","-9","","NA"
"-112.16","49.28","WARNER AGCM","3046951","2020-02-14 09:00","2020","02","14","09:00","0.6","","-7.9","","53","","0.0","","28","","45","","","","","M","","","","","NA"
"-112.16","49.28","WARNER AGCM","3046951","2020-02-14 10:00","2020","02","14","10:00","-1.5","","-3.4","","87","","0.0","","34","","31","","","","","M","","","-9","","NA"
"-112.16","49.28","WARNER AGCM","3046951","2020-02-14 11:00","2020","02","14","11:00","-1.6","","-3.0","","91","","0.0","","34","","24","","","","","M","","","-8","","NA"
"-112.16","49.28","WARNER AGCM","3046951","2020-02-14 12:00","2020","02","14","12:00","-0.8","","-3.5","","82","","0.0","","36","","10","","","","","M","","","-4","","NA"
"-112.16","49.28","WARNER AGCM","3046951","2020-02-14 13:00","2020","02","14","13:00","0.7","","-3.4","","74","","0.0","","31","","5","","","","","M","","","","","NA"
"-112.16","49.28","WARNER AGCM","3046951","2020-02-14 14:00","2020","02","14","14:00","2.6","","-3.8","","63","","0.0","","26","","5","","","","","M","","","","","NA"
"-112.16","49.28","WARNER AGCM","3046951","2020-02-14 15:00","2020","02","14","15:00","2.5","","-6.4","","52","","0.0","","28","","34","","","","","M","","","","","NA"
"-112.16","49.28","WARNER AGCM","3046951","2020-02-14 16:00","2020","02","14","16:00","2.3","","-7.1","","50","","0.0","","28","","29","","","","","M","","","","","NA"
"-112.16","49.28","WARNER AGCM","3046951","2020-02-14 17:00","2020","02","14","17:00","1.1","","-6.8","","56","","0.0","","27","","28","","","","","M","","","","","NA"
"-112.16","49.28","WARNER AGCM","3046951","2020-02-14 18:00","2020","02","14","18:00","-1.0","","-6.3","","67","","0.0","","27","","37","","","","","M","","","-8","","NA"
"-112.16","49.28","WARNER AGCM","3046951","2020-02-14 19:00","2020","02","14","19:00","-2.5","","-6.9","","72","","0.0","","26","","28","","","","","M","","","-10","","NA"
"-112.16","49.28","WARNER AGCM","3046951","2020-02-14 20:00","2020","02","14","20:00","-2.4","","-8.0","","66","","0.0","","26","","31","","","","","M","","","-10","","NA"
"-112.16","49.28","WARNER AGCM","3046951","2020-02-14 21:00","2020","02","14","21:00","-2.7","","-9.1","","61","","0.0","","26","","32","","","","","M","","","-10","","NA"
"-112.16","49.28","WARNER AGCM","3046951","2020-02-14 22:00","2020","02","14","22:00","-3.1","","-9.3","","62","","0.0","","26","","34","","","","","M","","","-11","","NA"
"-112.16","49.28","WARNER AGCM","3046951","2020-02-14 23:00","2020","02","14","23:00","-3.2","","-9.4","","62","","0.0","","26","","35","","","","","M","","","-11","","NA"
"-112.16","49.28","WARNER AGCM","3046951","2020-02-15 00:00","2020","02","15","00:00","-3.3","","-9.9","","60","","0.0","","27","","33","","","","","M","","","-11","","NA"
"-112.16","49.28","WARNER AGCM","3046951","2020-02-15 01:00","2020","02","15","01:00","-3.9","","-10.0","","62","","0.0","","27","","25","","","","","M","","","-11","","NA"
"-112.16","49.28","WARNER AGCM","3046951","2020-02-15 02:00","2020","02","15","02:00","-5.1","","-10.0","","68","","0.0","","26","","21","","","","","M","","","-12","","NA"
"-112.16","49.28","WARNER AGCM","3046951","2020-02-15 03:00","2020","02","15","03:00","-7.0","","-10.7","","75","","0.0","","31","","11","","","","","M","","","-12","","NA"
"-112.16","49.28","WARNER AGCM","3046951","2020-02-15 04:00","2020","02","15","04:00","-10.2","","-12.3","","84","","0.0","","25","","3","","","","","M","","","-12","","NA"
"-112.16","49.28","WARNER AGCM","3046951","2020-02-15 05:00","2020","02","15","05:00","-9.9","","-11.1","","91","","0.0","","9","","11","","","","","M","","","-15","","NA"
"-112.16","49.28","WARNER AGCM","3046951","2020-02-15 06:00","2020","02","15","06:00","-10.5","","-11.9","","90","","0.0","","12","","11","","","","","M","","","-16","","NA"
"-112.16","49.28","WARNER AGCM","3046951","2020-02-15 07:00","2020","02","15","07:00","-10.5","","-11.7","","90","","0.0","","12","","12","","","","","M","","","-17","","NA"
"-112.16","49.28","WARNER AGCM","3046951","2020-02-15 08:00","2020","02","15","08:00","-8.2","","-9.3","","92","","0.0","","18","","8","","","","","M","","","-12","","NA"
"-112.16","49.28","WARNER AGCM","3046951","2020-02-15 09:00","2020","02","15","09:00","-2.1","","-5.7","","77","","0.0","","23","","21","","","","","M","","","-8","","NA"
"-112.16","49.28","WARNER AGCM","3046951","2020-02-15 10:00","2020","02","15","10:00","0.0","","-6.1","","64","","0.0","","25","","27","","","","","M","","","-6","","NA"
"-112.16","49.28","WARNER AGCM","3046951","2020-02-15 11:00","2020","02","15","11:00","1.0","","-6.2","","59","","0.0","","25","","28","","","","","M","","","","","NA"
"-112.16","49.28","WARNER AGCM","3046951","2020-02-15 12:00","2020","02","15","12:00","1.7","","-5.7","","58","","0.0","","25","","35","","","","","M","","","","","NA"
"-112.16","49.28","WARNER AGCM","3046951","2020-02-15 13:00","2020","02","15","13:00","2.3","","-6.2","","53","","0.0","","27","","40","","","","","M","","","","","NA"
"-112.16","49.28","WARNER AGCM","3046951","2020-02-15 14:00","2020","02","15","14:00","2.6","","-5.4","","55","","0.0","","27","","35","","","","","M","","","","","NA"
"-112.16","49.28","WARNER AGCM","3046951","2020-02-15 15:00","2020","02","15","15:00","2.7","","-6.0","","53","","0.0","","28","","44","","","","","M","","","","","NA"
"-112.16","49.28","WARNER AGCM","3046951","2020-02-15 16:00","2020","02","15","16:00","2.0","","-5.5","","57","","0.0","","28","","36","","","","","M","","","","","NA"
"-112.16","49.28","WARNER AGCM","3046951","2020-02-15 17:00","2020","02","15","17:00","1.2","","-5.5","","61","","0.0","","27","","22","","","","","M","","","","","NA"
"-112.16","49.28","WARNER AGCM","3046951","2020-02-15 18:00","2020","02","15","18:00","1.4","","-5.5","","60","","0.0","","26","","37","","","","","M","","","","","NA"
"-112.16","49.28","WARNER AGCM","3046951","2020-02-15 19:00","2020","02","15","19:00","-0.9","","-6.1","","68","","0.0","","25","","30","","","","","M","","","-8","","NA"
"-112.16","49.28","WARNER AGCM","3046951","2020-02-15 20:00","2020","02","15","20:00","-1.1","","-6.6","","66","","0.0","","24","","30","","","","","M","","","-8","","NA"
"-112.16","49.28","WARNER AGCM","3046951","2020-02-15 21:00","2020","02","15","21:00","-2.8","","-7.2","","72","","0.0","","23","","26","","","","","M","","","-10","","NA"
"-112.16","49.28","WARNER AGCM","3046951","2020-02-15 22:00","2020","02","15","22:00","-3.1","","-7.2","","73","","0.0","","23","","19","","","","","M","","","-9","","NA"
"-112.16","49.28","WARNER AGCM","3046951","2020-02-15 23:00","2020","02","15","23:00","-4.0","","-7.6","","76","","0.0","","24","","17","","","","","M","","","-10","","NA"
"-112.16","49.28","WARNER AGCM","3046951","2020-02-16 00:00","2020","02","16","00:00","-2.3","","-6.6","","73","","0.0","","23","","17","","","","","M","","","-8","","NA"
"-112.16","49.28","WARNER AGCM","3046951","2020-02-16 01:00","2020","02","16","01:00","-1.2","","-5.6","","72","","0.0","","24","","15","","","","","M","","","-6","","NA"
"-112.16","49.28","WARNER AGCM","3046951","2020-02-16 02:00","2020","02","16","02:00","-1.3","","-5.6","","73","","0.0","","24","","18","","","","","M","","","-7","","NA"
"-112.16","49.28","WARNER AGCM","3046951","2020-02-16 03:00","2020","02","16","03:00","-1.3","","-5.9","","71","","0.0","","24","","19","","","","","M","","","-7","","NA"
"-112.16","49.28","WARNER AGCM","3046951","2020-02-16 04:00","2020","02","16","04:00","-1.4","","-5.9","","71","","0.0","","26","","19","","","","","M","","","-7","","NA"
"-112.16","49.28","WARNER AGCM","3046951","2020-02-16 05:00","2020","02","16","05:00","0.4","","-5.9","","63","","0.0","","28","","21","","","","","M","","","","","NA"
"-112.16","49.28","WARNER AGCM","3046951","2020-02-16 06:00","2020","02","16","06:00","-1.1","","-5.6","","71","","0.0","","31","","12","","","","","M","","","-5","","NA"
"-112.16","49.28","WARNER AGCM","3046951","2020-02-16 07:00","2020","02","16","07:00","-3.0","","-6.3","","78","","0.0","","33","","9","","","","","M","","","-7","","NA"
"-112.16","49.28","WARNER AGCM","3046951","2020-02-16 08:00","2020","02","16","08:00","-3.3","","-6.6","","78","","0.0","","14","","3","","","","","M","","","-5","","NA"
"-112.16","49.28","WARNER AGCM","3046951","2020-02-16 09:00","2020","02","16","09:00","-2.2","","-5.4","","79","","0.0","","10","","5","","","","","M","","","-4","","NA"
"-112.16","49.28","WARNER AGCM","3046951","2020-02-16 10:00","2020","02","16","10:00","1.1","","-5.3","","62","","0.0","","29","","6","","","","","M","","","","","NA"
"-112.16","49.28","WARNER AGCM","3046951","2020-02-16 11:00","2020","02","16","11:00","0.4","","-5.5","","65","","0.0","","29","","18","","","","","M","","","","","NA"
"-112.16","49.28","WARNER AGCM","3046951","2020-02-16 12:00","2020","02","16","12:00","1.0","","-5.5","","62","","0.0","","32","","32","","","","","M","","","","","NA"
"-112.16","49.28","WARNER AGCM","3046951","2020-02-16 13:00","2020","02","16","13:00","-0.1","","-5.0","","70","","0.0","","34","","27","","","","","M","","","-6","","NA"
"-112.16","49.28","WARNER AGCM","3046951","2020-02-16 14:00","2020","02","16","14:00","-0.8","","-2.4","","89","","0.0","","33","","20","","","","","M","","","-6","","NA"
"-112.16","49.28","WARNER AGCM","3046951","2020-02-16 15:00","2020","02","16","15:00","0.3","","-3.3","","77","","0.0","","32","","21","","","","","M","","","","","NA"
"-112.16","49.28","WARNER AGCM","3046951","2020-02-16 16:00","2020","02","16","16:00","-0.2","","-3.2","","80","","0.0","","34","","11","","","","","M","","","-4","","NA"
"-112.16","49.28","WARNER AGCM","3046951","2020-02-16 17:00","2020","02","16","17:00","-2.3","","-4.3","","86","","0.0","","30","","9","","","","","M","","","-6","","NA"
"-112.16","49.28","WARNER AGCM","3046951","2020-02-16 18:00","2020","02","16","18:00","-5.4","","-7.1","","88","","0.0","","9","","2","","","","","M","","","-6","","NA"
"-112.16","49.28","WARNER AGCM","3046951","2020-02-16 19:00","2020","02","16","19:00","-6.4","","-7.4","","93","","0.0","","10","","11","","","","","M","","","-11","","NA"
"-112.16","49.28","WARNER AGCM","3046951","2020-02-16 20:00","2020","02","16","20:00","-7.5","","-8.5","","93","","0.0","","14","","10","","","","","M","","","-12","","NA"
"-112.16","49.28","WARNER AGCM","3046951","2020-02-16 21:00","2020","02","16","21:00","-7.6","","-8.8","","92","","0.0","","18","","17","","","","","M","","","-14","","NA"
"-112.16","49.28","WARNER AGCM","3046951","2020-02-16 22:00","2020","02","16","22:00","-6.6","","-7.7","","92","","0.0","","19","","18","","","","","M","","","-13","","NA"
"-112.16","49.28","WARNER AGCM","3046951","2020-02-16 23:00","2020","02","16","23:00","-8.7","","-9.8","","92","","0.0","","21","","16","","","","","M","","","-15","","NA"
"-112.16","49.28","WARNER AGCM","3046951","2020-02-17 00:00","2020","02","17","00:00","-7.0","","-8.7","","88","","0.0","","23","","7","","","","","M","","","-11","","NA"
"-112.16","49.28","WARNER AGCM","3046951","2020-02-17 01:00","2020","02","17","01:00","-9.0","","-11.8","","80","","0.0","","28","","8","","","","","M","","","-13","","NA"
"-112.16","49.28","WARNER AGCM","3046951","2020-02-17 02:00","2020","02","17","02:00","-10.5","","-12.2","","87","","0.0","","30","","7","","","","","M","","","-15","","NA"
"-112.16","49.28","WARNER AGCM","3046951","2020-02-17 03:00","2020","02","17","03:00","-12.4","","-14.5","","84","","0.0","","25","","7","","","","","M","","","-17","","NA"
"-112.16","49.28","WARNER AGCM","3046951","2020-02-17 04:00","2020","02","17","04:00","-11.8","","-14.7","","79","","0.0","","27","","10","","","","","M","","","-17","","NA"
"-112.16","49.28","WARNER AGCM","3046951","2020-02-17 05:00","2020","02","17","05:00","-9.2","","-12.9","","75","","0.0","","23","","14","","","","","M","","","-16","","NA"
"-112.16","49.28","WARNER AGCM","3046951","2020-02-17 06:00","2020","02","17","06:00","-10.1","","-13.6","","76","","0.0","","24","","10","","","","","M","","","-15","","NA"
"-112.16","49.28","WARNER AGCM","3046951","2020-02-17 07:00","2020","02","17","07:00","-9.7","","-13.1","","76","","0.0","","25","","18","","","","","M","","","-17","","NA"
"-112.16","49.28","WARNER AGCM","3046951","2020-02-17 08:00","2020","02","17","08:00","-8.1","","-12.0","","74","","0.0","","26","","19","","","","","M","","","-15","","NA"
"-112.16","49.28","WARNER AGCM","3046951","2020-02-17 09:00","2020","02","17","09:00","-4.7","","-9.5","","69","","0.0","","27","","15","","","","","M","","","-10","","NA"
"-112.16","49.28","WARNER AGCM","3046951","2020-02-17 10:00","2020","02","17","10:00","-1.3","","-8.5","","58","","0.0","","29","","24","","","","","M","","","-7","","NA"
"-112.16","49.28","WARNER AGCM","3046951","2020-02-17 11:00","2020","02","17","11:00","-1.1","","-7.2","","63","","0.0","","30","","30","","","","","M","","","-8","","NA"
"-112.16","49.28","WARNER AGCM","3046951","2020-02-17 12:00","2020","02","17","12:00","-5.7","","-7.7","","86","","0.0","","35","","33","","","","","M","","","-14","","NA"
"-112.16","49.28","WARNER AGCM","3046951","2020-02-17 13:00","2020","02","17","13:00","-8.2","","-9.5","","90","","0.0","","34","","33","","","","","M","","","-18","","NA"
"-112.16","49.28","WARNER AGCM","3046951","2020-02-17 14:00","2020","02","17","14:00","-10.8","","-12.4","","88","","0.0","","35","","30","","","","","M","","","-21","","NA"
"-112.16","49.28","WARNER AGCM","3046951","2020-02-17 15:00","2020","02","17","15:00","-11.6","","-13.1","","88","","0.0","","36","","28","","","","","M","","","-21","","NA"
"-112.16","49.28","WARNER AGCM","3046951","2020-02-17 16:00","2020","02","17","16:00","-12.1","","-13.6","","89","","0.0","","36","","20","","","","","M","","","-21","","NA"
"-112.16","49.28","WARNER AGCM","3046951","2020-02-17 17:00","2020","02","17","17:00","-12.6","","-14.5","","85","","0.0","","36","","23","","","","","M","","","-22","","NA"
"-112.16","49.28","WARNER AGCM","3046951","2020-02-17 18:00","2020","02","17","18:00","-13.0","","-14.9","","86","","0.0","","2","","15","","","","","M","","","-20","","NA"
"-112.16","49.28","WARNER AGCM","3046951","2020-02-17 19:00","2020","02","17","19:00","-13.8","","-15.7","","86","","0.0","","3","","17","","","","","M","","","-22","","NA"
"-112.16","49.28","WARNER AGCM","3046951","2020-02-17 20:00","2020","02","17","20:00","-14.5","","-16.5","","84","","0.0","","4","","21","","","","","M","","","-24","","NA"
"-112.16","49.28","WARNER AGCM","3046951","2020-02-17 21:00","2020","02","17","21:00","-14.9","","-17.0","","84","","0.4","","2","","11","","","","","M","","","-21","","NA"
"-112.16","49.28","WARNER AGCM","3046951","2020-02-17 22:00","2020","02","17","22:00","-15.1","","-17.3","","83","","0.0","","5","","11","","","","","M","","","-22","","NA"
"-112.16","49.28","WARNER AGCM","3046951","2020-02-17 23:00","2020","02","17","23:00","-15.5","","-17.6","","84","","0.0","","6","","14","","","","","M","","","-23","","NA"
"-112.16","49.28","WARNER AGCM","3046951","2020-02-18 00:00","2020","02","18","00:00","-16.1","","-18.3","","83","","0.0","","8","","12","","","","","M","","","-23","","NA"
"-112.16","49.28","WARNER AGCM","3046951","2020-02-18 01:00","2020","02","18","01:00","-16.3","","-18.4","","84","","0.6","","8","","11","","","","","M","","","-23","","NA"
"-112.16","49.28","WARNER AGCM","3046951","2020-02-18 02:00","2020","02","18","02:00","-16.5","","-18.6","","84","","0.0","","7","","9","","","","","M","","","-23","","NA"
"-112.16","49.28","WARNER AGCM","3046951","2020-02-18 03:00","2020","02","18","03:00","-16.7","","-18.8","","83","","0.7","","10","","8","","","","","M","","","-22","","NA"
"-112.16","49.28","WARNER AGCM","3046951","2020-02-18 04:00","2020","02","18","04:00","-16.8","","-19.0","","84","","0.0","","11","","7","","","","","M","","","-22","","NA"
"-112.16","49.28","WARNER AGCM","3046951","2020-02-18 05:00","2020","02","18","05:00","-16.6","","-18.8","","83","","0.5","","12","","8","","","","","M","","","-22","","NA"
"-112.16","49.28","WARNER AGCM","3046951","2020-02-18 06:00","2020","02","18","06:00","-16.6","","-18.8","","83","","0.0","","13","","10","","","","","M","","","-23","","NA"
"-112.16","49.28","WARNER AGCM","3046951","2020-02-18 07:00","2020","02","18","07:00","-16.7","","-18.8","","84","","0.0","","12","","13","","","","","M","","","-24","","NA"
"-112.16","49.28","WARNER AGCM","3046951","2020-02-18 08:00","2020","02","18","08:00","-18.3","","-20.6","","82","","0.0","","14","","13","","","","","M","","","-26","","NA"
"-112.16","49.28","WARNER AGCM","3046951","2020-02-18 09:00","2020","02","18","09:00","-16.9","","-19.4","","80","","0.0","","17","","12","","","","","M","","","-24","","NA"
"-112.16","49.28","WARNER AGCM","3046951","2020-02-18 10:00","2020","02","18","10:00","-15.9","","-18.6","","79","","0.0","","17","","17","","","","","M","","","-25","","NA"
"-112.16","49.28","WARNER AGCM","3046951","2020-02-18 11:00","2020","02","18","11:00","-14.5","","-18.1","","74","","0.0","","13","","13","","","","","M","","","-22","","NA"
"-112.16","49.28","WARNER AGCM","3046951","2020-02-18 12:00","2020","02","18","12:00","-12.2","","-16.2","","72","","0.0","","18","","19","","","","","M","","","-20","","NA"
"-112.16","49.28","WARNER AGCM","3046951","2020-02-18 13:00","2020","02","18","13:00","-10.1","","-15.0","","67","","0.0","","18","","12","","","","","M","","","-16","","NA"
"-112.16","49.28","WARNER AGCM","3046951","2020-02-18 14:00","2020","02","18","14:00","-8.8","","-14.5","","63","","0.0","","17","","7","","","","","M","","","-13","","NA"
"-112.16","49.28","WARNER AGCM","3046951","2020-02-18 15:00","2020","02","18","15:00","-8.1","","-13.0","","67","","0.0","","21","","17","","","","","M","","","-15","","NA"
"-112.16","49.28","WARNER AGCM","3046951","2020-02-18 16:00","2020","02","18","16:00","-7.3","","-12.5","","67","","0.0","","22","","9","","","","","M","","","-12","","NA"
"-112.16","49.28","WARNER AGCM","3046951","2020-02-18 17:00","2020","02","18","17:00","-8.2","","-12.8","","70","","0.0","","25","","15","","","","","M","","","-15","","NA"
"-112.16","49.28","WARNER AGCM","3046951","2020-02-18 18:00","2020","02","18","18:00","-9.5","","-12.8","","77","","0.0","","25","","2","","","","","M","","","-11","","NA"
"-112.16","49.28","WARNER AGCM","3046951","2020-02-18 19:00","2020","02","18","19:00","-13.3","","-15.7","","82","","0.0","","16","","11","","","","","M","","","-20","","NA"
"-112.16","49.28","WARNER AGCM","3046951","2020-02-18 20:00","2020","02","18","20:00","-13.5","","-15.6","","84","","0.0","","16","","3","","","","","M","","","-16","","NA"
"-112.16","49.28","WARNER AGCM","3046951","2020-02-18 21:00","2020","02","18","21:00","-15.0","","-17.4","","82","","0.0","","24","","3","","","","","M","","","-17","","NA"
"-112.16","49.28","WARNER AGCM","3046951","2020-02-18 22:00","2020","02","18","22:00","-9.8","","-12.4","","81","","0.0","","23","","8","","","","","M","","","-14","","NA"
"-112.16","49.28","WARNER AGCM","3046951","2020-02-18 23:00","2020","02","18","23:00","-11.9","","-13.8","","86","","0.0","","7","","1","","","","","M","","","-13","","NA"
"-112.16","49.28","WARNER AGCM","3046951","2020-02-19 00:00","2020","02","19","00:00","-14.5","","-17.6","","77","","0.0","","20","","5","","","","","M","","","-18","","NA"
"-112.16","49.28","WARNER AGCM","3046951","2020-02-19 01:00","2020","02","19","01:00","-13.3","","-14.7","","90","","0.0","","23","","1","","","","","M","","","-14","","NA"
"-112.16","49.28","WARNER AGCM","3046951","2020-02-19 02:00","2020","02","19","02:00","-13.9","","-15.6","","87","","0.0","","22","","6","","","","","M","","","-18","","NA"
"-112.16","49.28","WARNER AGCM","3046951","2020-02-19 03:00","2020","02","19","03:00","-15.2","","-17.5","","82","","0.0","","25","","9","","","","","M","","","-21","","NA"
"-112.16","49.28","WARNER AGCM","3046951","2020-02-19 04:00","2020","02","19","04:00","-16.3","","-19.0","","80","","0.0","","24","","10","","","","","M","","","-23","","NA"
"-112.16","49.28","WARNER AGCM","3046951","2020-02-19 05:00","2020","02","19","05:00","-15.5","","-19.5","","72","","0.0","","24","","9","","","","","M","","","-21","","NA"
"-112.16","49.28","WARNER AGCM","3046951","2020-02-19 06:00","2020","02","19","06:00","-13.5","","-18.1","","68","","0.0","","23","","7","","","","","M","","","-18","","NA"
"-112.16","49.28","WARNER AGCM","3046951","2020-02-19 07:00","2020","02","19","07:00","-12.8","","-17.4","","68","","0.0","","24","","9","","","","","M","","","-18","","NA"
"-112.16","49.28","WARNER AGCM","3046951","2020-02-19 08:00","2020","02","19","08:00","-10.5","","-16.6","","61","","0.0","","25","","10","","","","","M","","","-16","","NA"
"-112.16","49.28","WARNER AGCM","3046951","2020-02-19 09:00","2020","02","19","09:00","-9.0","","-14.4","","65","","0.0","","23","","12","","","","","M","","","-15","","NA"
"-112.16","49.28","WARNER AGCM","3046951","2020-02-19 10:00","2020","02","19","10:00","-6.0","","-12.6","","60","","0.0","","22","","17","","","","","M","","","-12","","NA"
"-112.16","49.28","WARNER AGCM","3046951","2020-02-19 11:00","2020","02","19","11:00","-3.6","","-11.1","","56","","0.0","","22","","14","","","","","M","","","-9","","NA"
"-112.16","49.28","WARNER AGCM","3046951","2020-02-19 12:00","2020","02","19","12:00","-2.0","","-10.9","","50","","0.0","","22","","16","","","","","M","","","-7","","NA"
"-112.16","49.28","WARNER AGCM","3046951","2020-02-19 13:00","2020","02","19","13:00","-1.4","","-10.1","","52","","0.0","","23","","21","","","","","M","","","-7","","NA"
"-112.16","49.28","WARNER AGCM","3046951","2020-02-19 14:00","2020","02","19","14:00","-1.0","","-9.1","","54","","0.0","","22","","16","","","","","M","","","-6","","NA"
"-112.16","49.28","WARNER AGCM","3046951","2020-02-19 15:00","2020","02","19","15:00","-0.6","","-8.5","","55","","0.0","","22","","13","","","","","M","","","-5","","NA"
"-112.16","49.28","WARNER AGCM","3046951","2020-02-19 16:00","2020","02","19","16:00","-1.4","","-8.2","","60","","0.0","","20","","12","","","","","M","","","-5","","NA"
"-112.16","49.28","WARNER AGCM","3046951","2020-02-19 17:00","2020","02","19","17:00","-4.6","","-8.3","","75","","0.0","","17","","19","","","","","M","","","-11","","NA"
"-112.16","49.28","WARNER AGCM","3046951","2020-02-19 18:00","2020","02","19","18:00","-7.2","","-10.0","","80","","0.0","","18","","21","","","","","M","","","-15","","NA"
"-112.16","49.28","WARNER AGCM","3046951","2020-02-19 19:00","2020","02","19","19:00","-7.8","","-11.2","","76","","0.0","","19","","19","","","","","M","","","-15","","NA"
"-112.16","49.28","WARNER AGCM","3046951","2020-02-19 20:00","2020","02","19","20:00","-6.9","","-11.0","","72","","0.0","","20","","18","","","","","M","","","-14","","NA"
"-112.16","49.28","WARNER AGCM","3046951","2020-02-19 21:00","2020","02","19","21:00","-4.8","","-11.2","","61","","0.0","","22","","19","","","","","M","","","-11","","NA"
"-112.16","49.28","WARNER AGCM","3046951","2020-02-19 22:00","2020","02","19","22:00","-5.4","","-11.4","","63","","0.0","","22","","19","","","","","M","","","-12","","NA"
"-112.16","49.28","WARNER AGCM","3046951","2020-02-19 23:00","2020","02","19","23:00","-6.3","","-12.0","","64","","0.0","","22","","19","","","","","M","","","-13","","NA"
"-112.16","49.28","WARNER AGCM","3046951","2020-02-20 00:00","2020","02","20","00:00","-6.5","","-12.4","","63","","0.0","","22","","19","","","","","M","","","-13","","NA"
"-112.16","49.28","WARNER AGCM","3046951","2020-02-20 01:00","2020","02","20","01:00","-5.8","","-11.9","","62","","0.0","","23","","24","","","","","M","","","-13","","NA"
"-112.16","49.28","WARNER AGCM","3046951","2020-02-20 02:00","2020","02","20","02:00","-6.2","","-12.3","","62","","0.0","","23","","10","","","","","M","","","-11","","NA"
"-112.16","49.28","WARNER AGCM","3046951","2020-02-20 03:00","2020","02","20","03:00","-6.7","","-12.5","","64","","0.0","","23","","14","","","","","M","","","-12","","NA"
"-112.16","49.28","WARNER AGCM","3046951","2020-02-20 04:00","2020","02","20","04:00","-6.9","","-13.0","","62","","0.0","","13","","8","","","","","M","","","-11","","NA"
"-112.16","49.28","WARNER AGCM","3046951","2020-02-20 05:00","2020","02","20","05:00","-4.9","","-12.4","","56","","0.0","","23","","21","","","","","M","","","-12","","NA"
"-112.16","49.28","WARNER AGCM","3046951","2020-02-20 06:00","2020","02","20","06:00","-6.2","","-12.3","","62","","0.0","","20","","20","","","","","M","","","-13","","NA"
"-112.16","49.28","WARNER AGCM","3046951","2020-02-20 07:00","2020","02","20","07:00","-5.3","","-12.1","","59","","0.0","","22","","30","","","","","M","","","-13","","NA"
"-112.16","49.28","WARNER AGCM","3046951","2020-02-20 08:00","2020","02","20","08:00","-4.0","","-11.4","","56","","0.0","","22","","26","","","","","M","","","-11","","NA"
"-112.16","49.28","WARNER AGCM","3046951","2020-02-20 09:00","2020","02","20","09:00","-1.6","","-10.3","","51","","0.0","","22","","27","","","","","M","","","-8","","NA"
"-112.16","49.28","WARNER AGCM","3046951","2020-02-20 10:00","2020","02","20","10:00","-0.2","","-9.0","","52","","0.0","","24","","25","","","","","M","","","-6","","NA"
"-112.16","49.28","WARNER AGCM","3046951","2020-02-20 11:00","2020","02","20","11:00","2.2","","-7.0","","50","","0.0","","23","","27","","","","","M","","","","","NA"
"-112.16","49.28","WARNER AGCM","3046951","2020-02-20 12:00","2020","02","20","12:00","4.2","","-5.9","","48","","0.0","","24","","22","","","","","M","","","","","NA"
"-112.16","49.28","WARNER AGCM","3046951","2020-02-20 13:00","2020","02","20","13:00","5.4","","-4.8","","48","","0.0","","24","","19","","","","","M","","","","","NA"
"-112.16","49.28","WARNER AGCM","3046951","2020-02-20 14:00","2020","02","20","14:00","5.2","","-5.4","","46","","0.0","","25","","39","","","","","M","","","","","NA"
"-112.16","49.28","WARNER AGCM","3046951","2020-02-20 15:00","2020","02","20","15:00","5.2","","-5.2","","47","","0.0","","26","","36","","","","","M","","","","","NA"
"-112.16","49.28","WARNER AGCM","3046951","2020-02-20 16:00","2020","02","20","16:00","4.9","","-4.8","","49","","0.0","","26","","35","","","","","M","","","","","NA"
"-112.16","49.28","WARNER AGCM","3046951","2020-02-20 17:00","2020","02","20","17:00","4.6","","-6.7","","44","","0.0","","25","","41","","","","","M","","","","","NA"
"-112.16","49.28","WARNER AGCM","3046951","2020-02-20 18:00","2020","02","20","18:00","2.9","","-7.7","","46","","0.0","","26","","41","","","","","M","","","","","NA"
"-112.16","49.28","WARNER AGCM","3046951","2020-02-20 19:00","2020","02","20","19:00","1.7","","-9.4","","44","","0.0","","27","","33","","","","","M","","","","","NA"
"-112.16","49.28","WARNER AGCM","3046951","2020-02-20 20:00","2020","02","20","20:00","0.7","","-10.4","","43","","0.0","","23","","34","","","","","M","","","","","NA"
"-112.16","49.28","WARNER AGCM","3046951","2020-02-20 21:00","2020","02","20","21:00","-0.5","","-10.1","","49","","0.0","","24","","34","","","","","M","","","-8","","NA"
"-112.16","49.28","WARNER AGCM","3046951","2020-02-20 22:00","2020","02","20","22:00","-1.8","","-11.1","","49","","0.0","","25","","27","","","","","M","","","-8","","NA"
"-112.16","49.28","WARNER AGCM","3046951","2020-02-20 23:00","2020","02","20","23:00","-2.6","","-11.2","","51","","0.0","","24","","31","","","","","M","","","-10","","NA"
"-112.16","49.28","WARNER AGCM","3046951","2020-02-21 00:00","2020","02","21","00:00","-4.1","","-11.3","","57","","0.0","","24","","24","","","","","M","","","-11","","NA"
"-112.16","49.28","WARNER AGCM","3046951","2020-02-21 01:00","2020","02","21","01:00","-3.9","","-12.2","","52","","0.0","","24","","20","","","","","M","","","-10","","NA"
"-112.16","49.28","WARNER AGCM","3046951","2020-02-21 02:00","2020","02","21","02:00","-1.7","","-11.8","","46","","0.0","","25","","28","","","","","M","","","-8","","NA"
"-112.16","49.28","WARNER AGCM","3046951","2020-02-21 03:00","2020","02","21","03:00","-1.9","","-11.4","","48","","0.0","","24","","33","","","","","M","","","-9","","NA"
"-112.16","49.28","WARNER AGCM","3046951","2020-02-21 04:00","2020","02","21","04:00","-2.5","","-11.4","","50","","0.0","","25","","22","","","","","M","","","-9","","NA"
"-112.16","49.28","WARNER AGCM","3046951","2020-02-21 05:00","2020","02","21","05:00","-3.8","","-12.0","","53","","0.0","","25","","16","","","","","M","","","-9","","NA"
"-112.16","49.28","WARNER AGCM","3046951","2020-02-21 06:00","2020","02","21","06:00","-5.8","","-12.9","","57","","0.0","","22","","14","","","","","M","","","-11","","NA"
"-112.16","49.28","WARNER AGCM","3046951","2020-02-21 07:00","2020","02","21","07:00","-5.7","","-13.1","","56","","0.0","","23","","20","","","","","M","","","-12","","NA"
"-112.16","49.28","WARNER AGCM","3046951","2020-02-21 08:00","2020","02","21","08:00","-5.3","","-12.7","","56","","0.0","","22","","24","","","","","M","","","-13","","NA"
"-112.16","49.28","WARNER AGCM","3046951","2020-02-21 09:00","2020","02","21","09:00","-1.0","","-10.4","","49","","0.0","","22","","12","","","","","M","","","-5","","NA"
"-112.16","49.28","WARNER AGCM","3046951","2020-02-21 10:00","2020","02","21","10:00","1.3","","-7.8","","51","","0.0","","20","","22","","","","","M","","","","","NA"
"-112.16","49.28","WARNER AGCM","3046951","2020-02-21 11:00","2020","02","21","11:00","4.7","","-6.7","","44","","0.0","","23","","25","","","","","M","","","","","NA"
"-112.16","49.28","WARNER AGCM","3046951","2020-02-21 12:00","2020","02","21","12:00","6.0","","-5.6","","43","","0.0","","25","","26","","","","","M","","","","","NA"
"-112.16","49.28","WARNER AGCM","3046951","2020-02-21 13:00","2020","02","21","13:00","6.9","","-6.5","","38","","0.0","","25","","22","","","","","M","","","","","NA"
"-112.16","49.28","WARNER AGCM","3046951","2020-02-21 14:00","2020","02","21","14:00","6.6","","-6.2","","39","","0.0","","26","","30","","","","","M","","","","","NA"
"-112.16","49.28","WARNER AGCM","3046951","2020-02-21 15:00","2020","02","21","15:00","6.2","","-6.2","","41","","0.0","","27","","47","","","","","M","","","","","NA"
"-112.16","49.28","WARNER AGCM","3046951","2020-02-21 16:00","2020","02","21","16:00","6.1","","-7.1","","38","","0.0","","27","","37","","","","","M","","","","","NA"
"-112.16","49.28","WARNER AGCM","3046951","2020-02-21 17:00","2020","02","21","17:00","5.0","","-6.5","","43","","0.0","","26","","32","","","","","M","","","","","NA"
"-112.16","49.28","WARNER AGCM","3046951","2020-02-21 18:00","2020","02","21","18:00","2.9","","-5.8","","53","","0.0","","26","","16","","","","","M","","","","","NA"
"-112.16","49.28","WARNER AGCM","3046951","2020-02-21 19:00","2020","02","21","19:00","1.2","","-6.0","","58","","0.0","","25","","23","","","","","M","","","","","NA"
"-112.16","49.28","WARNER AGCM","3046951","2020-02-21 20:00","2020","02","21","20:00","1.9","","-7.4","","50","","0.0","","24","","25","","","","","M","","","","","NA"
"-112.16","49.28","WARNER AGCM","3046951","2020-02-21 21:00","2020","02","21","21:00","1.2","","-7.7","","51","","0.0","","25","","28","","","","","M","","","","","NA"
"-112.16","49.28","WARNER AGCM","3046951","2020-02-21 22:00","2020","02","21","22:00","0.3","","-7.7","","55","","0.0","","26","","28","","","","","M","","","","","NA"
"-112.16","49.28","WARNER AGCM","3046951","2020-02-21 23:00","2020","02","21","23:00","2.1","","-8.6","","45","","0.0","","27","","23","","","","","M","","","","","NA"
"-112.16","49.28","WARNER AGCM","3046951","2020-02-22 00:00","2020","02","22","00:00","0.9","","-8.1","","51","","0.0","","25","","33","","","","","M","","","","","NA"
"-112.16","49.28","WARNER AGCM","3046951","2020-02-22 01:00","2020","02","22","01:00","1.6","","-8.5","","47","","0.0","","25","","47","","","","","M","","","","","NA"
"-112.16","49.28","WARNER AGCM","3046951","2020-02-22 02:00","2020","02","22","02:00","1.5","","-8.7","","47","","0.0","","25","","36","","","","","M","","","","","NA"
"-112.16","49.28","WARNER AGCM","3046951","2020-02-22 03:00","2020","02","22","03:00","1.6","","-7.7","","50","","0.0","","25","","36","","","","","M","","","","","NA"
"-112.16","49.28","WARNER AGCM","3046951","2020-02-22 04:00","2020","02","22","04:00","0.9","","-6.8","","56","","0.0","","25","","22","","","","","M","","","","","NA"
"-112.16","49.28","WARNER AGCM","3046951","2020-02-22 05:00","2020","02","22","05:00","0.5","","-6.6","","59","","0.0","","25","","23","","","","","M","","","","","NA"
"-112.16","49.28","WARNER AGCM","3046951","2020-02-22 06:00","2020","02","22","06:00","0.9","","-6.5","","58","","0.0","","23","","26","","","","","M","","","","","NA"
"-112.16","49.28","WARNER AGCM","3046951","2020-02-22 07:00","2020","02","22","07:00","2.1","","-6.6","","53","","0.0","","25","","32","","","","","M","","","","","NA"
"-112.16","49.28","WARNER AGCM","3046951","2020-02-22 08:00","2020","02","22","08:00","1.1","","-6.4","","57","","0.0","","24","","20","","","","","M","","","","","NA"
"-112.16","49.28","WARNER AGCM","3046951","2020-02-22 09:00","2020","02","22","09:00","1.9","","-6.7","","53","","0.0","","23","","25","","","","","M","","","","","NA"
"-112.16","49.28","WARNER AGCM","3046951","2020-02-22 10:00","2020","02","22","10:00","5.0","","-6.1","","45","","0.0","","25","","36","","","","","M","","","","","NA"
"-112.16","49.28","WARNER AGCM","3046951","2020-02-22 11:00","2020","02","22","11:00","6.3","","-5.0","","44","","0.0","","26","","35","","","","","M","","","","","NA"
"-112.16","49.28","WARNER AGCM","3046951","2020-02-22 12:00","2020","02","22","12:00","7.4","","-4.1","","44","","0.0","","26","","33","","","","","M","","","","","NA"
"-112.16","49.28","WARNER AGCM","3046951","2020-02-22 13:00","2020","02","22","13:00","7.6","","-4.2","","43","","0.0","","27","","31","","","","","M","","","","","NA"
"-112.16","49.28","WARNER AGCM","3046951","2020-02-22 14:00","2020","02","22","14:00","7.5","","-4.9","","41","","0.0","","28","","37","","","","","M","","","","","NA"
"-112.16","49.28","WARNER AGCM","3046951","2020-02-22 15:00","2020","02","22","15:00","7.1","","-3.3","","48","","","M","26","","34","","","","","M","","","","","NA"
"-112.16","49.28","WARNER AGCM","3046951","2020-02-22 16:00","2020","02","22","16:00","6.8","","-5.1","","42","","0.0","","27","","42","","","","","M","","","","","NA"
"-112.16","49.28","WARNER AGCM","3046951","2020-02-22 17:00","2020","02","22","17:00","0.3","","-3.3","","77","","0.0","","2","","31","","","","","M","","","","","NA"
"-112.16","49.28","WARNER AGCM","3046951","2020-02-22 18:00","2020","02","22","18:00","-0.9","","-3.4","","83","","0.0","","2","","10","","","","","M","","","-4","","NA"
"-112.16","49.28","WARNER AGCM","3046951","2020-02-22 19:00","2020","02","22","19:00","-1.7","","-3.8","","85","","0.0","","34","","6","","","","","M","","","-4","","NA"
"-112.16","49.28","WARNER AGCM","3046951","2020-02-22 20:00","2020","02","22","20:00","-2.1","","-4.0","","87","","0.0","","22","","2","","","","","M","","","-3","","NA"
"-112.16","49.28","WARNER AGCM","3046951","2020-02-22 21:00","2020","02","22","21:00","-3.4","","-4.7","","91","","0.0","","22","","8","","","","","M","","","-7","","NA"
"-112.16","49.28","WARNER AGCM","3046951","2020-02-22 22:00","2020","02","22","22:00","-4.3","","-5.5","","92","","0.0","","25","","5","","","","","M","","","-6","","NA"
"-112.16","49.28","WARNER AGCM","3046951","2020-02-22 23:00","2020","02","22","23:00","-4.3","","-5.6","","91","","0.0","","21","","8","","","","","M","","","-8","","NA"
"-112.16","49.28","WARNER AGCM","3046951","2020-02-23 00:00","2020","02","23","00:00","-3.7","","-6.2","","83","","0.0","","20","","12","","","","","M","","","-8","","NA"
"-112.16","49.28","WARNER AGCM","3046951","2020-02-23 01:00","2020","02","23","01:00","-3.4","","-5.9","","83","","0.0","","20","","11","","","","","M","","","-8","","NA"
"-112.16","49.28","WARNER AGCM","3046951","2020-02-23 02:00","2020","02","23","02:00","-2.9","","-5.6","","82","","0.0","","20","","13","","","","","M","","","-8","","NA"
"-112.16","49.28","WARNER AGCM","3046951","2020-02-23 03:00","2020","02","23","03:00","-2.9","","-5.7","","81","","0.0","","22","","9","","","","","M","","","-6","","NA"
"-112.16","49.28","WARNER AGCM","3046951","2020-02-23 04:00","2020","02","23","04:00","-2.6","","-5.7","","79","","0.0","","20","","9","","","","","M","","","-6","","NA"
"-112.16","49.28","WARNER AGCM","3046951","2020-02-23 05:00","2020","02","23","05:00","-2.2","","-4.8","","82","","0.0","","19","","13","","","","","M","","","-7","","NA"
"-112.16","49.28","WARNER AGCM","3046951","2020-02-23 06:00","2020","02","23","06:00","-2.3","","-4.7","","84","","0.0","","19","","15","","","","","M","","","-7","","NA"
"-112.16","49.28","WARNER AGCM","3046951","2020-02-23 07:00","2020","02","23","07:00","-2.2","","-4.7","","83","","0.0","","18","","14","","","","","M","","","-7","","NA"
"-112.16","49.28","WARNER AGCM","3046951","2020-02-23 08:00","2020","02","23","08:00","-1.8","","-4.4","","83","","0.0","","18","","21","","","","","M","","","-8","","NA"
"-112.16","49.28","WARNER AGCM","3046951","2020-02-23 09:00","2020","02","23","09:00","-1.3","","-3.9","","82","","0.0","","14","","17","","","","","M","","","-6","","NA"
"-112.16","49.28","WARNER AGCM","3046951","2020-02-23 10:00","2020","02","23","10:00","-0.3","","-3.8","","77","","0.0","","15","","18","","","","","M","","","-5","","NA"
"-112.16","49.28","WARNER AGCM","3046951","2020-02-23 11:00","2020","02","23","11:00","0.1","","-4.3","","72","","0.0","","15","","28","","","","","M","","","","","NA"
"-112.16","49.28","WARNER AGCM","3046951","2020-02-23 12:00","2020","02","23","12:00","1.5","","-3.1","","71","","0.0","","16","","23","","","","","M","","","","","NA"
"-112.16","49.28","WARNER AGCM","3046951","2020-02-23 13:00","2020","02","23","13:00","3.5","","-1.8","","68","","0.0","","18","","29","","","","","M","","","","","NA"
"-112.16","49.28","WARNER AGCM","3046951","2020-02-23 14:00","2020","02","23","14:00","3.8","","-1.6","","68","","0.0","","17","","33","","","","","M","","","","","NA"
"-112.16","49.28","WARNER AGCM","3046951","2020-02-23 15:00","2020","02","23","15:00","3.5","","-1.5","","70","","0.0","","16","","32","","","","","M","","","","","NA"
"-112.16","49.28","WARNER AGCM","3046951","2020-02-23 16:00","2020","02","23","16:00","3.0","","-1.6","","72","","0.0","","16","","23","","","","","M","","","","","NA"
"-112.16","49.28","WARNER AGCM","3046951","2020-02-23 17:00","2020","02","23","17:00","2.7","","-1.8","","72","","0.0","","15","","18","","","","","M","","","","","NA"
"-112.16","49.28","WARNER AGCM","3046951","2020-02-23 18:00","2020","02","23","18:00","3.3","","-2.7","","65","","0.0","","24","","12","","","","","M","","","","","NA"
"-112.16","49.28","WARNER AGCM","3046951","2020-02-23 19:00","2020","02","23","19:00","2.5","","-3.1","","67","","0.0","","12","","3","","","","","M","","","","","NA"
"-112.16","49.28","WARNER AGCM","3046951","2020-02-23 20:00","2020","02","23","20:00","1.6","","-2.2","","76","","0.0","","22","","20","","","","","M","","","","","NA"
"-112.16","49.28","WARNER AGCM","3046951","2020-02-23 21:00","2020","02","23","21:00","2.2","","-2.1","","73","","0.0","","23","","32","","","","","M","","","","","NA"
"-112.16","49.28","WARNER AGCM","3046951","2020-02-23 22:00","2020","02","23","22:00","1.4","","-1.3","","82","","0.0","","26","","34","","","","","M","","","","","NA"
"-112.16","49.28","WARNER AGCM","3046951","2020-02-23 23:00","2020","02","23","23:00","0.6","","-0.9","","90","","0.0","","29","","27","","","","","M","","","","","NA"
"-112.16","49.28","WARNER AGCM","3046951","2020-02-24 00:00","2020","02","24","00:00","-1.6","","-2.8","","92","","0.0","","31","","49","","","","","M","","","-10","","NA"
"-112.16","49.28","WARNER AGCM","3046951","2020-02-24 01:00","2020","02","24","01:00","-2.1","","-3.1","","93","","0.0","","32","","40","","","","","M","","","-10","","NA"
"-112.16","49.28","WARNER AGCM","3046951","2020-02-24 02:00","2020","02","24","02:00","-2.2","","-3.3","","93","","0.0","","32","","36","","","","","M","","","-10","","NA"
"-112.16","49.28","WARNER AGCM","3046951","2020-02-24 03:00","2020","02","24","03:00","-2.8","","-3.8","","92","","0.0","","31","","34","","","","","M","","","-11","","NA"
"-112.16","49.28","WARNER AGCM","3046951","2020-02-24 04:00","2020","02","24","04:00","-3.6","","-4.4","","94","","0.0","","32","","26","","","","","M","","","-11","","NA"
"-112.16","49.28","WARNER AGCM","3046951","2020-02-24 05:00","2020","02","24","05:00","-4.0","","-4.7","","95","","0.0","","32","","26","","","","","M","","","-11","","NA"
"-112.16","49.28","WARNER AGCM","3046951","2020-02-24 06:00","2020","02","24","06:00","-4.0","","-4.7","","95","","0.0","","31","","20","","","","","M","","","-10","","NA"
"-112.16","49.28","WARNER AGCM","3046951","2020-02-24 07:00","2020","02","24","07:00","-4.2","","-4.9","","95","","0.0","","32","","20","","","","","M","","","-11","","NA"
"-112.16","49.28","WARNER AGCM","3046951","2020-02-24 08:00","2020","02","24","08:00","-4.1","","-4.7","","95","","0.0","","34","","17","","","","","M","","","-10","","NA"
"-112.16","49.28","WARNER AGCM","3046951","2020-02-24 09:00","2020","02","24","09:00","-3.9","","-4.6","","95","","0.4","","34","","14","","","","","M","","","-9","","NA"
"-112.16","49.28","WARNER AGCM","3046951","2020-02-24 10:00","2020","02","24","10:00","-3.7","","-4.5","","94","","0.0","","34","","14","","","","","M","","","-9","","NA"
"-112.16","49.28","WARNER AGCM","3046951","2020-02-24 11:00","2020","02","24","11:00","-2.9","","-4.7","","87","","0.0","","36","","11","","","","","M","","","-7","","NA"
"-112.16","49.28","WARNER AGCM","3046951","2020-02-24 12:00","2020","02","24","12:00","-2.6","","-4.8","","85","","0.0","","33","","11","","","","","M","","","-7","","NA"
"-112.16","49.28","WARNER AGCM","3046951","2020-02-24 13:00","2020","02","24","13:00","-2.4","","-4.5","","85","","0.0","","32","","11","","","","","M","","","-6","","NA"
"-112.16","49.28","WARNER AGCM","3046951","2020-02-24 14:00","2020","02","24","14:00","-2.3","","-4.9","","83","","0.0","","33","","12","","","","","M","","","-7","","NA"
"-112.16","49.28","WARNER AGCM","3046951","2020-02-24 15:00","2020","02","24","15:00","-2.6","","-4.4","","87","","0.0","","33","","12","","","","","M","","","-7","","NA"
"-112.16","49.28","WARNER AGCM","3046951","2020-02-24 16:00","2020","02","24","16:00","-2.5","","-4.1","","89","","0.0","","36","","14","","","","","M","","","-7","","NA"
"-112.16","49.28","WARNER AGCM","3046951","2020-02-24 17:00","2020","02","24","17:00","-2.9","","-4.5","","89","","0.0","","35","","12","","","","","M","","","-7","","NA"
"-112.16","49.28","WARNER AGCM","3046951","2020-02-24 18:00","2020","02","24","18:00","-3.4","","-4.9","","89","","0.0","","35","","6","","","","","M","","","-6","","NA"
"-112.16","49.28","WARNER AGCM","3046951","2020-02-24 19:00","2020","02","24","19:00","-3.4","","-4.7","","90","","0.0","","3","","3","","","","","M","","","-5","","NA"
"-112.16","49.28","WARNER AGCM","3046951","2020-02-24 20:00","2020","02","24","20:00","-3.4","","-4.6","","92","","0.4","","1","","7","","","","","M","","","-6","","NA"
"-112.16","49.28","WARNER AGCM","3046951","2020-02-24 21:00","2020","02","24","21:00","-3.7","","-4.8","","93","","0.0","","36","","8","","","","","M","","","-7","","NA"
"-112.16","49.28","WARNER AGCM","3046951","2020-02-24 22:00","2020","02","24","22:00","-4.3","","-7.3","","80","","0.0","","8","","5","","","","","M","","","-6","","NA"
"-112.16","49.28","WARNER AGCM","3046951","2020-02-24 23:00","2020","02","24","23:00","-4.3","","-8.3","","74","","0.0","","3","","4","","","","","M","","","-6","","NA"
"-112.16","49.28","WARNER AGCM","3046951","2020-02-25 00:00","2020","02","25","00:00","-4.5","","-6.8","","84","","0.0","","32","","5","","","","","M","","","-7","","NA"
"-112.16","49.28","WARNER AGCM","3046951","2020-02-25 01:00","2020","02","25","01:00","-4.8","","-6.7","","87","","0.0","","26","","5","","","","","M","","","-7","","NA"
"-112.16","49.28","WARNER AGCM","3046951","2020-02-25 02:00","2020","02","25","02:00","-4.6","","-7.3","","81","","0.0","","19","","5","","","","","M","","","-7","","NA"
"-112.16","49.28","WARNER AGCM","3046951","2020-02-25 03:00","2020","02","25","03:00","-4.4","","-7.6","","78","","0.0","","18","","6","","","","","M","","","-7","","NA"
"-112.16","49.28","WARNER AGCM","3046951","2020-02-25 04:00","2020","02","25","04:00","-4.3","","-7.1","","81","","0.0","","17","","5","","","","","M","","","-6","","NA"
"-112.16","49.28","WARNER AGCM","3046951","2020-02-25 05:00","2020","02","25","05:00","-4.7","","-7.3","","82","","0.0","","18","","8","","","","","M","","","-8","","NA"
"-112.16","49.28","WARNER AGCM","3046951","2020-02-25 06:00","2020","02","25","06:00","-7.8","","-9.6","","87","","0.0","","19","","9","","","","","M","","","-12","","NA"
"-112.16","49.28","WARNER AGCM","3046951","2020-02-25 07:00","2020","02","25","07:00","-9.3","","-10.9","","88","","0.5","","20","","14","","","","","M","","","-16","","NA"
"-112.16","49.28","WARNER AGCM","3046951","2020-02-25 08:00","2020","02","25","08:00","-9.1","","-11.0","","86","","0.0","","19","","14","","","","","M","","","-15","","NA"
"-112.16","49.28","WARNER AGCM","3046951","2020-02-25 09:00","2020","02","25","09:00","-4.9","","-8.3","","77","","0.0","","20","","14","","","","","M","","","-10","","NA"
"-112.16","49.28","WARNER AGCM","3046951","2020-02-25 10:00","2020","02","25","10:00","-4.1","","-7.5","","77","","0.0","","21","","24","","","","","M","","","-11","","NA"
"-112.16","49.28","WARNER AGCM","3046951","2020-02-25 11:00","2020","02","25","11:00","-3.1","","-6.7","","76","","0.0","","20","","26","","","","","M","","","-10","","NA"
"-112.16","49.28","WARNER AGCM","3046951","2020-02-25 12:00","2020","02","25","12:00","-1.5","","-5.6","","73","","0.0","","19","","28","","","","","M","","","-8","","NA"
"-112.16","49.28","WARNER AGCM","3046951","2020-02-25 13:00","2020","02","25","13:00","-0.6","","-5.1","","71","","0.0","","19","","28","","","","","M","","","-7","","NA"
"-112.16","49.28","WARNER AGCM","3046951","2020-02-25 14:00","2020","02","25","14:00","0.0","","-4.2","","73","","0.0","","19","","26","","","","","M","","","-6","","NA"
"-112.16","49.28","WARNER AGCM","3046951","2020-02-25 15:00","2020","02","25","15:00","1.2","","-3.8","","69","","0.0","","19","","28","","","","","M","","","","","NA"
"-112.16","49.28","WARNER AGCM","3046951","2020-02-25 16:00","2020","02","25","16:00","1.5","","-4.5","","65","","0.0","","22","","24","","","","","M","","","","","NA"
"-112.16","49.28","WARNER AGCM","3046951","2020-02-25 17:00","2020","02","25","17:00","1.6","","-5.1","","61","","0.0","","22","","24","","","","","M","","","","","NA"
"-112.16","49.28","WARNER AGCM","3046951","2020-02-25 18:00","2020","02","25","18:00","-0.6","","-5.1","","71","","0.0","","22","","19","","","","","M","","","-6","","NA"
"-112.16","49.28","WARNER AGCM","3046951","2020-02-25 19:00","2020","02","25","19:00","-1.9","","-5.7","","75","","0.0","","22","","16","","","","","M","","","-7","","NA"
"-112.16","49.28","WARNER AGCM","3046951","2020-02-25 20:00","2020","02","25","20:00","-2.5","","-6.0","","77","","0.0","","21","","17","","","","","M","","","-8","","NA"
"-112.16","49.28","WARNER AGCM","3046951","2020-02-25 21:00","2020","02","25","21:00","-2.3","","-6.3","","74","","0.0","","23","","18","","","","","M","","","-8","","NA"
"-112.16","49.28","WARNER AGCM","3046951","2020-02-25 22:00","2020","02","25","22:00","-0.3","","-5.5","","68","","0.0","","24","","20","","","","","M","","","-6","","NA"
"-112.16","49.28","WARNER AGCM","3046951","2020-02-25 23:00","2020","02","25","23:00","-0.7","","-5.4","","71","","0.0","","24","","18","","","","","M","","","-6","","NA"
"-112.16","49.28","WARNER AGCM","3046951","2020-02-26 00:00","2020","02","26","00:00","-0.4","","-5.4","","69","","0.0","","24","","19","","","","","M","","","-6","","NA"
"-112.16","49.28","WARNER AGCM","3046951","2020-02-26 01:00","2020","02","26","01:00","0.3","","-5.1","","67","","0.0","","27","","18","","","","","M","","","","","NA"
"-112.16","49.28","WARNER AGCM","3046951","2020-02-26 02:00","2020","02","26","02:00","1.2","","-4.3","","67","","0.0","","29","","29","","","","","M","","","","","NA"
"-112.16","49.28","WARNER AGCM","3046951","2020-02-26 03:00","2020","02","26","03:00","1.4","","-4.6","","64","","0.0","","28","","27","","","","","M","","","","","NA"
"-112.16","49.28","WARNER AGCM","3046951","2020-02-26 04:00","2020","02","26","04:00","1.8","","-4.7","","62","","0.0","","28","","30","","","","","M","","","","","NA"
"-112.16","49.28","WARNER AGCM","3046951","2020-02-26 05:00","2020","02","26","05:00","0.8","","-5.0","","65","","0.0","","28","","25","","","","","M","","","","","NA"
"-112.16","49.28","WARNER AGCM","3046951","2020-02-26 06:00","2020","02","26","06:00","1.0","","-5.4","","62","","0.0","","28","","24","","","","","M","","","","","NA"
"-112.16","49.28","WARNER AGCM","3046951","2020-02-26 07:00","2020","02","26","07:00","1.5","","-5.4","","60","","0.0","","29","","35","","","","","M","","","","","NA"
"-112.16","49.28","WARNER AGCM","3046951","2020-02-26 08:00","2020","02","26","08:00","2.2","","-4.9","","59","","0.0","","28","","22","","","","","M","","","","","NA"
"-112.16","49.28","WARNER AGCM","3046951","2020-02-26 09:00","2020","02","26","09:00","3.3","","-4.6","","56","","0.0","","28","","26","","","","","M","","","","","NA"
"-112.16","49.28","WARNER AGCM","3046951","2020-02-26 10:00","2020","02","26","10:00","4.0","","-4.5","","54","","0.0","","29","","31","","","","","M","","","","","NA"
"-112.16","49.28","WARNER AGCM","3046951","2020-02-26 11:00","2020","02","26","11:00","5.4","","-4.6","","49","","0.0","","28","","36","","","","","M","","","","","NA"
"-112.16","49.28","WARNER AGCM","3046951","2020-02-26 12:00","2020","02","26","12:00","5.6","","-4.2","","49","","0.0","","29","","37","","","","","M","","","","","NA"
"-112.16","49.28","WARNER AGCM","3046951","2020-02-26 13:00","2020","02","26","13:00","6.1","","-3.4","","50","","0.0","","29","","36","","","","","M","","","","","NA"
"-112.16","49.28","WARNER AGCM","3046951","2020-02-26 14:00","2020","02","26","14:00","6.5","","-4.5","","45","","0.0","","29","","45","","","","","M","","","","","NA"
"-112.16","49.28","WARNER AGCM","3046951","2020-02-26 15:00","2020","02","26","15:00","5.1","","-3.7","","53","","0.0","","30","","38","","","","","M","","","","","NA"
"-112.16","49.28","WARNER AGCM","3046951","2020-02-26 16:00","2020","02","26","16:00","3.1","","-3.5","","62","","0.0","","28","","46","","","","","M","","","","","NA"
"-112.16","49.28","WARNER AGCM","3046951","2020-02-26 17:00","2020","02","26","17:00","1.2","","-0.9","","86","","0.0","","30","","30","","","","","M","","","","","NA"
"-112.16","49.28","WARNER AGCM","3046951","2020-02-26 18:00","2020","02","26","18:00","0.8","","-0.7","","90","","0.0","","33","","16","","","","","M","","","","","NA"
"-112.16","49.28","WARNER AGCM","3046951","2020-02-26 19:00","2020","02","26","19:00","-0.2","","-1.4","","92","","0.0","","26","","12","","","","","M","","","-4","","NA"
"-112.16","49.28","WARNER AGCM","3046951","2020-02-26 20:00","2020","02","26","20:00","-0.4","","-2.7","","85","","0.0","","27","","11","","","","","M","","","-4","","NA"
"-112.16","49.28","WARNER AGCM","3046951","2020-02-26 21:00","2020","02","26","21:00","1.9","","-4.8","","61","","0.0","","28","","35","","","","","M","","","","","NA"
"-112.16","49.28","WARNER AGCM","3046951","2020-02-26 22:00","2020","02","26","22:00","2.1","","-5.5","","57","","0.0","","28","","38","","","","","M","","","","","NA"
"-112.16","49.28","WARNER AGCM","3046951","2020-02-26 23:00","2020","02","26","23:00","2.3","","-6.3","","53","","0.0","","28","","35","","","","","M","","","","","NA"
"-112.16","49.28","WARNER AGCM","3046951","2020-02-27 00:00","2020","02","27","00:00","2.4","","-6.7","","51","","0.0","","28","","37","","","","","M","","","","","NA"
"-112.16","49.28","WARNER AGCM","3046951","2020-02-27 01:00","2020","02","27","01:00","2.1","","-7.0","","51","","0.0","","28","","32","","","","","M","","","","","NA"
"-112.16","49.28","WARNER AGCM","3046951","2020-02-27 02:00","2020","02","27","02:00","1.2","","-6.7","","56","","0.0","","27","","32","","","","","M","","","","","NA"
"-112.16","49.28","WARNER AGCM","3046951","2020-02-27 03:00","2020","02","27","03:00","0.7","","-6.7","","58","","0.0","","27","","29","","","","","M","","","","","NA"
"-112.16","49.28","WARNER AGCM","3046951","2020-02-27 04:00","2020","02","27","04:00","0.5","","-7.1","","56","","0.0","","27","","24","","","","","M","","","","","NA"
"-112.16","49.28","WARNER AGCM","3046951","2020-02-27 05:00","2020","02","27","05:00","0.6","","-7.5","","55","","0.0","","27","","27","","","","","M","","","","","NA"
"-112.16","49.28","WARNER AGCM","3046951","2020-02-27 06:00","2020","02","27","06:00","0.6","","-7.7","","54","","0.0","","27","","20","","","","","M","","","","","NA"
"-112.16","49.28","WARNER AGCM","3046951","2020-02-27 07:00","2020","02","27","07:00","-0.3","","-7.2","","60","","0.0","","26","","19","","","","","M","","","-5","","NA"
"-112.16","49.28","WARNER AGCM","3046951","2020-02-27 08:00","2020","02","27","08:00","2.7","","-6.9","","49","","0.0","","28","","27","","","","","M","","","","","NA"
"-112.16","49.28","WARNER AGCM","3046951","2020-02-27 09:00","2020","02","27","09:00","4.7","","-6.5","","44","","0.0","","28","","30","","","","","M","","","","","NA"
"-112.16","49.28","WARNER AGCM","3046951","2020-02-27 10:00","2020","02","27","10:00","5.4","","-5.3","","46","","0.0","","28","","33","","","","","M","","","","","NA"
"-112.16","49.28","WARNER AGCM","3046951","2020-02-27 11:00","2020","02","27","11:00","6.5","","-4.6","","45","","0.0","","28","","42","","","","","M","","","","","NA"
"-112.16","49.28","WARNER AGCM","3046951","2020-02-27 12:00","2020","02","27","12:00","7.1","","-4.6","","43","","0.0","","28","","42","","","","","M","","","","","NA"
"-112.16","49.28","WARNER AGCM","3046951","2020-02-27 13:00","2020","02","27","13:00","7.4","","-4.5","","43","","0.0","","28","","45","","","","","M","","","","","NA"
"-112.16","49.28","WARNER AGCM","3046951","2020-02-27 14:00","2020","02","27","14:00","7.6","","-4.4","","42","","0.0","","28","","45","","","","","M","","","","","NA"
"-112.16","49.28","WARNER AGCM","3046951","2020-02-27 15:00","2020","02","27","15:00","7.8","","-5.4","","39","","0.0","","29","","50","","","","","M","","","","","NA"
"-112.16","49.28","WARNER AGCM","3046951","2020-02-27 16:00","2020","02","27","16:00","7.7","","-4.4","","42","","0.0","","29","","40","","","","","M","","","","","NA"
"-112.16","49.28","WARNER AGCM","3046951","2020-02-27 17:00","2020","02","27","17:00","7.2","","-4.1","","45","","0.0","","27","","26","","","","","M","","","","","NA"
"-112.16","49.28","WARNER AGCM","3046951","2020-02-27 18:00","2020","02","27","18:00","3.3","","-3.4","","62","","0.0","","25","","17","","","","","M","","","","","NA"
"-112.16","49.28","WARNER AGCM","3046951","2020-02-27 19:00","2020","02","27","19:00","3.7","","-3.1","","61","","0.0","","27","","29","","","","","M","","","","","NA"
"-112.16","49.28","WARNER AGCM","3046951","2020-02-27 20:00","2020","02","27","20:00","4.1","","-3.0","","60","","0.0","","27","","31","","","","","M","","","","","NA"
"-112.16","49.28","WARNER AGCM","3046951","2020-02-27 21:00","2020","02","27","21:00","4.5","","-3.1","","58","","0.0","","28","","26","","","","","M","","","","","NA"
"-112.16","49.28","WARNER AGCM","3046951","2020-02-27 22:00","2020","02","27","22:00","4.3","","-2.9","","60","","0.0","","28","","26","","","","","M","","","","","NA"
"-112.16","49.28","WARNER AGCM","3046951","2020-02-27 23:00","2020","02","27","23:00","4.4","","-2.7","","60","","0.0","","28","","27","","","","","M","","","","","NA"
"-112.16","49.28","WARNER AGCM","3046951","2020-02-28 00:00","2020","02","28","00:00","3.0","","-2.7","","66","","0.0","","26","","16","","","","","M","","","","","NA"
"-112.16","49.28","WARNER AGCM","3046951","2020-02-28 01:00","2020","02","28","01:00","2.5","","-2.6","","69","","0.0","","24","","15","","","","","M","","","","","NA"
"-112.16","49.28","WARNER AGCM","3046951","2020-02-28 02:00","2020","02","28","02:00","3.1","","-2.6","","66","","0.0","","24","","16","","","","","M","","","","","NA"
"-112.16","49.28","WARNER AGCM","3046951","2020-02-28 03:00","2020","02","28","03:00","5.0","","-2.8","","57","","0.0","","27","","25","","","","","M","","","","","NA"
"-112.16","49.28","WARNER AGCM","3046951","2020-02-28 04:00","2020","02","28","04:00","4.5","","-2.5","","60","","0.0","","24","","19","","","","","M","","","","","NA"
"-112.16","49.28","WARNER AGCM","3046951","2020-02-28 05:00","2020","02","28","05:00","4.9","","-2.4","","59","","0.0","","26","","17","","","","","M","","","","","NA"
"-112.16","49.28","WARNER AGCM","3046951","2020-02-28 06:00","2020","02","28","06:00","3.9","","-2.4","","64","","0.0","","29","","11","","","","","M","","","","","NA"
"-112.16","49.28","WARNER AGCM","3046951","2020-02-28 07:00","2020","02","28","07:00","3.4","","-2.8","","64","","0.0","","24","","11","","","","","M","","","","","NA"
"-112.16","49.28","WARNER AGCM","3046951","2020-02-28 08:00","2020","02","28","08:00","3.9","","-3.1","","60","","0.0","","26","","29","","","","","M","","","","","NA"
"-112.16","49.28","WARNER AGCM","3046951","2020-02-28 09:00","2020","02","28","09:00","5.2","","-3.1","","55","","0.0","","25","","24","","","","","M","","","","","NA"
"-112.16","49.28","WARNER AGCM","3046951","2020-02-28 10:00","2020","02","28","10:00","7.8","","-3.8","","44","","0.0","","28","","19","","","","","M","","","","","NA"
"-112.16","49.28","WARNER AGCM","3046951","2020-02-28 11:00","2020","02","28","11:00","8.6","","-3.3","","43","","0.0","","26","","21","","","","","M","","","","","NA"
"-112.16","49.28","WARNER AGCM","3046951","2020-02-28 12:00","2020","02","28","12:00","10.3","","-1.6","","44","","0.0","","26","","32","","","","","M","","","","","NA"
"-112.16","49.28","WARNER AGCM","3046951","2020-02-28 13:00","2020","02","28","13:00","11.4","","-1.1","","42","","0.0","","25","","29","","","","","M","","","","","NA"
"-112.16","49.28","WARNER AGCM","3046951","2020-02-28 14:00","2020","02","28","14:00","12.6","","-2.3","","35","","","M","25","","36","","","","","M","","","","","NA"
"-112.16","49.28","WARNER AGCM","3046951","2020-02-28 15:00","2020","02","28","15:00","12.4","","-3.0","","34","","0.0","","24","","32","","","","","M","","","","","NA"
"-112.16","49.28","WARNER AGCM","3046951","2020-02-28 16:00","2020","02","28","16:00","12.8","","-3.8","","31","","0.0","","24","","24","","","","","M","","","","","NA"
"-112.16","49.28","WARNER AGCM","3046951","2020-02-28 17:00","2020","02","28","17:00","11.5","","-2.3","","38","","0.0","","23","","22","","","","","M","","","","","NA"
"-112.16","49.28","WARNER AGCM","3046951","2020-02-28 18:00","2020","02","28","18:00","8.5","","-3.1","","44","","0.0","","21","","21","","","","","M","","","","","NA"
"-112.16","49.28","WARNER AGCM","3046951","2020-02-28 19:00","2020","02","28","19:00","5.7","","-2.7","","55","","0.0","","25","","14","","","","","M","","","","","NA"
"-112.16","49.28","WARNER AGCM","3046951","2020-02-28 20:00","2020","02","28","20:00","4.1","","-2.6","","62","","0.0","","23","","17","","","","","M","","","","","NA"
"-112.16","49.28","WARNER AGCM","3046951","2020-02-28 21:00","2020","02","28","21:00","2.6","","-2.9","","67","","0.0","","21","","14","","","","","M","","","","","NA"
"-112.16","49.28","WARNER AGCM","3046951","2020-02-28 22:00","2020","02","28","22:00","4.7","","-2.8","","59","","0.0","","20","","25","","","","","M","","","","","NA"
"-112.16","49.28","WARNER AGCM","3046951","2020-02-28 23:00","2020","02","28","23:00","7.1","","-3.9","","46","","0.0","","21","","27","","","","","M","","","","","NA"
"-112.16","49.28","WARNER AGCM","3046951","2020-02-29 00:00","2020","02","29","00:00","7.0","","-4.2","","45","","0.0","","20","","12","","","","","M","","","","","NA"
"-112.16","49.28","WARNER AGCM","3046951","2020-02-29 01:00","2020","02","29","01:00","6.5","","-4.5","","45","","0.0","","14","","10","","","","","M","","","","","NA"
"-112.16","49.28","WARNER AGCM","3046951","2020-02-29 02:00","2020","02","29","02:00","6.5","","-5.5","","42","","0.0","","10","","9","","","","","M","","","","","NA"
"-112.16","49.28","WARNER AGCM","3046951","2020-02-29 03:00","2020","02","29","03:00","6.9","","-4.4","","44","","0.0","","22","","23","","","","","M","","","","","NA"
"-112.16","49.28","WARNER AGCM","3046951","2020-02-29 04:00","2020","02","29","04:00","5.8","","-3.2","","52","","0.0","","22","","39","","","","","M","","","","","NA"
"-112.16","49.28","WARNER AGCM","3046951","2020-02-29 05:00","2020","02","29","05:00","5.4","","-2.9","","55","","0.0","","25","","69","","","","","M","","","","","NA"
"-112.16","49.28","WARNER AGCM","3046951","2020-02-29 06:00","2020","02","29","06:00","4.1","","-1.7","","66","","0.0","","23","","51","","","","","M","","","","","NA"
"-112.16","49.28","WARNER AGCM","3046951","2020-02-29 07:00","2020","02","29","07:00","4.2","","-5.9","","48","","0.0","","25","","57","","","","","M","","","","","NA"
"-112.16","49.28","WARNER AGCM","3046951","2020-02-29 08:00","2020","02","29","08:00","3.1","","-6.3","","50","","0.0","","25","","56","","","","","M","","","","","NA"
"-112.16","49.28","WARNER AGCM","3046951","2020-02-29 09:00","2020","02","29","09:00","4.6","","-8.9","","37","","0.0","","25","","57","","","","","M","","","","","NA"
"-112.16","49.28","WARNER AGCM","3046951","2020-02-29 10:00","2020","02","29","10:00","4.9","","-9.7","","34","","0.0","","24","","66","","","","","M","","","","","NA"
"-112.16","49.28","WARNER AGCM","3046951","2020-02-29 11:00","2020","02","29","11:00","4.9","","-7.9","","39","","0.0","","24","","62","","","","","M","","","","","NA"
"-112.16","49.28","WARNER AGCM","3046951","2020-02-29 12:00","2020","02","29","12:00","5.2","","-7.4","","40","","0.0","","24","","61","","","","","M","","","","","NA"
"-112.16","49.28","WARNER AGCM","3046951","2020-02-29 13:00","2020","02","29","13:00","5.3","","-8.3","","37","","0.0","","24","","65","","","","","M","","","","","NA"
"-112.16","49.28","WARNER AGCM","3046951","2020-02-29 14:00","2020","02","29","14:00","5.4","","-7.4","","39","","0.0","","24","","61","","","","","M","","","","","NA"
"-112.16","49.28","WARNER AGCM","3046951","2020-02-29 15:00","2020","02","29","15:00","5.7","","-8.2","","36","","0.0","","26","","58","","","","","M","","","","","NA"
"-112.16","49.28","WARNER AGCM","3046951","2020-02-29 16:00","2020","02","29","16:00","5.3","","-7.4","","39","","0.0","","26","","47","","","","","M","","","","","NA"
"-112.16","49.28","WARNER AGCM","3046951","2020-02-29 17:00","2020","02","29","17:00","3.6","","-6.8","","46","","0.0","","27","","45","","","","","M","","","","","NA"
"-112.16","49.28","WARNER AGCM","3046951","2020-02-29 18:00","2020","02","29","18:00","2.7","","-6.4","","51","","0.0","","28","","36","","","","","M","","","","","NA"
"-112.16","49.28","WARNER AGCM","3046951","2020-02-29 19:00","2020","02","29","19:00","-1.1","","-2.0","","94","","0.0","","34","","33","","","","","M","","","-8","","NA"
"-112.16","49.28","WARNER AGCM","3046951","2020-02-29 20:00","2020","02","29","20:00","-1.8","","-2.7","","94","","0.7","","32","","24","","","","","M","","","-8","","NA"
"-112.16","49.28","WARNER AGCM","3046951","2020-02-29 21:00","2020","02","29","21:00","-1.7","","-2.6","","94","","0.0","","30","","22","","","","","M","","","-8","","NA"
"-112.16","49.28","WARNER AGCM","3046951","2020-02-29 22:00","2020","02","29","22:00","-1.7","","-2.5","","95","","0.4","","31","","27","","","","","M","","","-8","","NA"
"-112.16","49.28","WARNER AGCM","3046951","2020-02-29 23:00","2020","02","29","23:00","-2.1","","-3.4","","91","","0.0","","33","","28","","","","","M","","","-9","","NA"
