"Longitude (x)","Latitude (y)","Station Name","Climate ID","Date/Time (LST)","Year","Month","Day","Time (LST)","Temp (°C)","Temp Flag","Dew Point Temp (°C)","Dew Point Temp Flag","Rel Hum (%)","Rel Hum Flag","Precip. Amount (mm)","Precip. Amount Flag","Wind Dir (10s deg)","Wind Dir Flag","Wind Spd (km/h)","Wind Spd Flag","Visibility (km)","Visibility Flag","Stn Press (kPa)","Stn Press Flag","Hmdx","Hmdx Flag","Wind Chill","Wind Chill Flag","Weather"
"-78.08","58.47","INUKJUAK A","7103280","2020-03-01 00:00","2020","03","01","00:00","-27.5","","-30.5","","76","","0.0","","6","","11","","16.1","","101.03","","","","-37","","NA"
"-78.08","58.47","INUKJUAK A","7103280","2020-03-01 01:00","2020","03","01","01:00","-27.4","","-30.5","","75","","0.0","","5","","9","","16.1","","101.02","","","","-36","","NA"
"-78.08","58.47","INUKJUAK A","7103280","2020-03-01 02:00","2020","03","01","02:00","-27.5","","-30.5","","76","","0.0","","4","","11","","16.1","","101.02","","","","-37","","NA"
"-78.08","58.47","INUKJUAK A","7103280","2020-03-01 03:00","2020","03","01","03:00","-28.1","","-31.1","","76","","0.0","","4","","15","","16.1","","101.01","","","","-39","","NA"
"-78.08","58.47","INUKJUAK A","7103280","2020-03-01 04:00","2020","03","01","04:00","-28.0","","-31.0","","76","","0.0","","5","","9","","16.1","","100.99","","","","-36","","NA"
"-78.08","58.47","INUKJUAK A","7103280","2020-03-01 05:00","2020","03","01","05:00","-28.2","","-31.2","","76","","0.0","","4","","8","","16.1","","101.00","","","","-36","","NA"
"-78.08","58.47","INUKJUAK A","7103280","2020-03-01 06:00","2020","03","01","06:00","-28.9","","-31.9","","76","","0.0","","4","","8","","16.1","","101.01","","","","-37","","NA"
"-78.08","58.47","INUKJUAK A","7103280","2020-03-01 07:00","2020","03","01","07:00","-28.7","","-31.7","","76","","0.0","","5","","8","","16.1","","101.02","","","","-36","","NA"
"-78.08","58.47","INUKJUAK A","7103280","2020-03-01 08:00","2020","03","01","08:00","-28.6","","-31.7","","75","","0.0","","5","","8","","16.1","","101.01","","","","-36","","NA"
"-78.08","58.47","INUKJUAK A","7103280","2020-03-01 09:00","2020","03","01","09:00","-26.7","","-29.7","","76","","0.0","","","M","4","","16.1","","101.00","","","","-31","","NA"
"-78.08","58.47","INUKJUAK A","7103280","2020-03-01 10:00","2020","03","01","10:00","-24.6","","-27.6","","77","","0.0","","6","","5","","16.1","","100.98","","","","-29","","NA"
"-78.08","58.47","INUKJUAK A","7103280","2020-03-01 11:00","2020","03","01","11:00","-22.5","","-25.5","","77","","0.0","","5","","8","","16.1","","100.96","","","","-29","","NA"
"-78.08","58.47","INUKJUAK A","7103280","2020-03-01 12:00","2020","03","01","12:00","-20.5","","-23.7","","76","","0.0","","7","","5","","16.1","","100.94","","","","-25","","NA"
"-78.08","58.47","INUKJUAK A","7103280","2020-03-01 13:00","2020","03","01","13:00","-18.4","","-21.4","","78","","0.0","","5","","5","","16.1","","100.91","","","","-22","","Snow"
"-78.08","58.47","INUKJUAK A","7103280","2020-03-01 14:00","2020","03","01","14:00","-17.3","","-20.3","","78","","0.0","","4","","4","","16.1","","100.87","","","","-20","","NA"
"-78.08","58.47","INUKJUAK A","7103280","2020-03-01 15:00","2020","03","01","15:00","-17.0","","-19.8","","79","","0.0","","2","","5","","4.0","","100.84","","","","-21","","Snow"
"-78.08","58.47","INUKJUAK A","7103280","2020-03-01 16:00","2020","03","01","16:00","-17.3","","-19.9","","81","","0.0","","7","","4","","9.7","","100.82","","","","-20","","Haze"
"-78.08","58.47","INUKJUAK A","7103280","2020-03-01 17:00","2020","03","01","17:00","-16.2","","-18.3","","84","","0.0","","17","","11","","16.1","","100.80","","","","-23","","NA"
"-78.08","58.47","INUKJUAK A","7103280","2020-03-01 18:00","2020","03","01","18:00","-16.5","","-18.5","","85","","0.0","","18","","17","","16.1","","100.79","","","","-25","","Snow"
"-78.08","58.47","INUKJUAK A","7103280","2020-03-01 19:00","2020","03","01","19:00","-16.6","","-18.7","","84","","0.0","","18","","13","","14.5","","100.76","","","","-24","","Snow"
"-78.08","58.47","INUKJUAK A","7103280","2020-03-01 20:00","2020","03","01","20:00","-17.5","","-19.7","","83","","0.0","","20","","22","","1.6","","100.77","","","","-28","","Snow"
"-78.08","58.47","INUKJUAK A","7103280","2020-03-01 21:00","2020","03","01","21:00","-16.9","","-19.1","","83","","0.0","","18","","15","","3.2","","100.70","","","","-25","","Snow"
"-78.08","58.47","INUKJUAK A","7103280","2020-03-01 22:00","2020","03","01","22:00","-16.3","","-18.4","","84","","0.0","","18","","15","","16.1","","100.64","","","","-25","","Snow"
"-78.08","58.47","INUKJUAK A","7103280","2020-03-01 23:00","2020","03","01","23:00","-17.1","","-19.3","","83","","0.0","","19","","18","","16.1","","100.55","","","","-26","","NA"
"-78.08","58.47","INUKJUAK A","7103280","2020-03-02 00:00","2020","03","02","00:00","-16.6","","-18.7","","84","","0.0","","19","","18","","16.1","","100.47","","","","-26","","Snow"
"-78.08","58.47","INUKJUAK A","7103280","2020-03-02 01:00","2020","03","02","01:00","-16.6","","-18.8","","83","","0.0","","16","","13","","16.1","","100.41","","","","-24","","Snow"
"-78.08","58.47","INUKJUAK A","7103280","2020-03-02 02:00","2020","03","02","02:00","-18.4","","-20.8","","82","","0.0","","15","","18","","16.1","","100.34","","","","-28","","NA"
"-78.08","58.47","INUKJUAK A","7103280","2020-03-02 03:00","2020","03","02","03:00","-21.0","","-23.5","","81","","0.0","","13","","17","","16.1","","100.23","","","","-31","","Snow"
"-78.08","58.47","INUKJUAK A","7103280","2020-03-02 04:00","2020","03","02","04:00","-22.0","","-24.6","","80","","0.0","","12","","21","","16.1","","100.14","","","","-33","","NA"
"-78.08","58.47","INUKJUAK A","7103280","2020-03-02 05:00","2020","03","02","05:00","-23.1","","-25.8","","79","","0.0","","9","","15","","16.1","","100.05","","","","-33","","NA"
"-78.08","58.47","INUKJUAK A","7103280","2020-03-02 06:00","2020","03","02","06:00","-22.4","","-25.1","","79","","0.0","","10","","17","","16.1","","99.95","","","","-33","","NA"
"-78.08","58.47","INUKJUAK A","7103280","2020-03-02 07:00","2020","03","02","07:00","-21.8","","-24.4","","80","","0.0","","11","","21","","16.1","","99.87","","","","-33","","NA"
"-78.08","58.47","INUKJUAK A","7103280","2020-03-02 08:00","2020","03","02","08:00","-22.2","","-24.9","","79","","0.0","","10","","26","","16.1","","99.75","","","","-35","","NA"
"-78.08","58.47","INUKJUAK A","7103280","2020-03-02 09:00","2020","03","02","09:00","-21.6","","-24.2","","80","","0.0","","7","","18","","16.1","","99.65","","","","-32","","NA"
"-78.08","58.47","INUKJUAK A","7103280","2020-03-02 10:00","2020","03","02","10:00","-20.6","","-23.2","","80","","0.0","","4","","15","","16.1","","99.55","","","","-30","","NA"
"-78.08","58.47","INUKJUAK A","7103280","2020-03-02 11:00","2020","03","02","11:00","-19.0","","-21.5","","81","","0.0","","7","","15","","16.1","","99.46","","","","-28","","NA"
"-78.08","58.47","INUKJUAK A","7103280","2020-03-02 12:00","2020","03","02","12:00","-17.7","","-20.1","","82","","0.0","","7","","15","","16.1","","99.35","","","","-26","","NA"
"-78.08","58.47","INUKJUAK A","7103280","2020-03-02 13:00","2020","03","02","13:00","-16.3","","-18.6","","83","","0.0","","7","","18","","16.1","","99.21","","","","-25","","NA"
"-78.08","58.47","INUKJUAK A","7103280","2020-03-02 14:00","2020","03","02","14:00","-16.5","","-19.2","","80","","0.0","","5","","22","","16.1","","99.11","","","","-27","","NA"
"-78.08","58.47","INUKJUAK A","7103280","2020-03-02 15:00","2020","03","02","15:00","-16.3","","-19.5","","77","","0.0","","6","","24","","16.1","","99.05","","","","-27","","Snow"
"-78.08","58.47","INUKJUAK A","7103280","2020-03-02 16:00","2020","03","02","16:00","-16.9","","-19.7","","79","","0.0","","4","","15","","16.1","","99.02","","","","-25","","NA"
"-78.08","58.47","INUKJUAK A","7103280","2020-03-02 17:00","2020","03","02","17:00","-17.5","","-20.2","","80","","0.0","","3","","18","","16.1","","99.02","","","","-27","","Snow"
"-78.08","58.47","INUKJUAK A","7103280","2020-03-02 18:00","2020","03","02","18:00","-18.9","","-21.5","","80","","0.0","","4","","18","","16.1","","99.01","","","","-29","","NA"
"-78.08","58.47","INUKJUAK A","7103280","2020-03-02 19:00","2020","03","02","19:00","-19.0","","-21.6","","80","","0.0","","6","","15","","16.1","","99.00","","","","-28","","Snow"
"-78.08","58.47","INUKJUAK A","7103280","2020-03-02 20:00","2020","03","02","20:00","-20.6","","-23.4","","79","","0.0","","","M","11","","16.1","","98.98","","","","-28","","NA"
"-78.08","58.47","INUKJUAK A","7103280","2020-03-02 21:00","2020","03","02","21:00","-20.8","","-23.4","","80","","0.0","","4","","15","","16.1","","98.96","","","","-30","","NA"
"-78.08","58.47","INUKJUAK A","7103280","2020-03-02 22:00","2020","03","02","22:00","-20.4","","-22.9","","81","","0.0","","1","","15","","16.1","","98.92","","","","-30","","NA"
"-78.08","58.47","INUKJUAK A","7103280","2020-03-02 23:00","2020","03","02","23:00","-22.7","","-25.3","","80","","0.0","","4","","11","","16.1","","98.90","","","","-31","","NA"
"-78.08","58.47","INUKJUAK A","7103280","2020-03-03 00:00","2020","03","03","00:00","-23.2","","-25.8","","80","","0.0","","36","","15","","16.1","","98.91","","","","-33","","NA"
"-78.08","58.47","INUKJUAK A","7103280","2020-03-03 01:00","2020","03","03","01:00","-23.2","","-25.8","","80","","0.0","","1","","15","","16.1","","98.94","","","","-33","","NA"
"-78.08","58.47","INUKJUAK A","7103280","2020-03-03 02:00","2020","03","03","02:00","-24.0","","-26.7","","79","","0.0","","36","","15","","16.1","","98.96","","","","-34","","NA"
"-78.08","58.47","INUKJUAK A","7103280","2020-03-03 03:00","2020","03","03","03:00","-24.3","","-26.8","","80","","0.0","","2","","11","","16.1","","98.98","","","","-33","","NA"
"-78.08","58.47","INUKJUAK A","7103280","2020-03-03 04:00","2020","03","03","04:00","-25.4","","-28.1","","79","","0.0","","1","","11","","16.1","","99.03","","","","-34","","NA"
"-78.08","58.47","INUKJUAK A","7103280","2020-03-03 05:00","2020","03","03","05:00","-25.1","","-27.9","","78","","0.0","","1","","11","","16.1","","99.07","","","","-34","","NA"
"-78.08","58.47","INUKJUAK A","7103280","2020-03-03 06:00","2020","03","03","06:00","-24.7","","-27.5","","78","","0.0","","2","","11","","16.1","","99.10","","","","-33","","NA"
"-78.08","58.47","INUKJUAK A","7103280","2020-03-03 07:00","2020","03","03","07:00","-22.8","","-25.5","","79","","0.0","","34","","24","","16.1","","99.13","","","","-35","","NA"
"-78.08","58.47","INUKJUAK A","7103280","2020-03-03 08:00","2020","03","03","08:00","-22.8","","-25.5","","79","","0.0","","1","","9","","16.1","","99.23","","","","-30","","Snow"
"-78.08","58.47","INUKJUAK A","7103280","2020-03-03 09:00","2020","03","03","09:00","-22.1","","-24.8","","79","","0.0","","","M","5","","16.1","","99.27","","","","-27","","NA"
"-78.08","58.47","INUKJUAK A","7103280","2020-03-03 10:00","2020","03","03","10:00","-20.8","","-23.4","","80","","0.0","","","M","4","","4.0","","99.32","","","","-24","","Snow"
"-78.08","58.47","INUKJUAK A","7103280","2020-03-03 11:00","2020","03","03","11:00","-19.9","","-22.5","","80","","0.0","","33","","15","","16.1","","99.37","","","","-29","","Snow"
"-78.08","58.47","INUKJUAK A","7103280","2020-03-03 12:00","2020","03","03","12:00","-19.5","","-22.1","","80","","0.0","","32","","11","","16.1","","99.40","","","","-27","","Snow"
"-78.08","58.47","INUKJUAK A","7103280","2020-03-03 13:00","2020","03","03","13:00","-18.6","","-21.3","","80","","0.0","","30","","11","","16.1","","99.45","","","","-26","","NA"
"-78.08","58.47","INUKJUAK A","7103280","2020-03-03 14:00","2020","03","03","14:00","-17.3","","-19.9","","81","","0.0","","30","","9","","9.7","","99.50","","","","-24","","Snow"
"-78.08","58.47","INUKJUAK A","7103280","2020-03-03 15:00","2020","03","03","15:00","-16.0","","-18.7","","80","","0.0","","28","","13","","14.5","","99.58","","","","-24","","Snow"
"-78.08","58.47","INUKJUAK A","7103280","2020-03-03 16:00","2020","03","03","16:00","-16.3","","-18.8","","81","","0.0","","28","","11","","16.1","","99.65","","","","-23","","Snow"
"-78.08","58.47","INUKJUAK A","7103280","2020-03-03 17:00","2020","03","03","17:00","-16.8","","-19.2","","82","","0.0","","31","","13","","12.9","","99.75","","","","-25","","Snow"
"-78.08","58.47","INUKJUAK A","7103280","2020-03-03 18:00","2020","03","03","18:00","-17.6","","-20.0","","82","","0.0","","33","","9","","3.6","","99.82","","","","-24","","Snow"
"-78.08","58.47","INUKJUAK A","7103280","2020-03-03 19:00","2020","03","03","19:00","-18.3","","-20.5","","83","","0.0","","34","","11","","16.1","","99.87","","","","-26","","Snow"
"-78.08","58.47","INUKJUAK A","7103280","2020-03-03 20:00","2020","03","03","20:00","-17.6","","-20.0","","82","","0.0","","32","","17","","16.1","","99.91","","","","-27","","Snow"
"-78.08","58.47","INUKJUAK A","7103280","2020-03-03 21:00","2020","03","03","21:00","-17.8","","-20.2","","82","","0.0","","33","","15","","16.1","","99.95","","","","-26","","Snow"
"-78.08","58.47","INUKJUAK A","7103280","2020-03-03 22:00","2020","03","03","22:00","-17.9","","-19.8","","85","","0.0","","30","","15","","16.1","","99.98","","","","-26","","NA"
"-78.08","58.47","INUKJUAK A","7103280","2020-03-03 23:00","2020","03","03","23:00","-17.2","","-19.2","","85","","0.0","","32","","15","","16.1","","99.98","","","","-26","","Snow"
"-78.08","58.47","INUKJUAK A","7103280","2020-03-04 00:00","2020","03","04","00:00","-18.7","","-21.1","","82","","0.0","","32","","13","","16.1","","100.00","","","","-27","","Snow"
"-78.08","58.47","INUKJUAK A","7103280","2020-03-04 01:00","2020","03","04","01:00","-19.5","","-21.8","","82","","0.0","","","M","4","","16.1","","100.06","","","","-23","","NA"
"-78.08","58.47","INUKJUAK A","7103280","2020-03-04 02:00","2020","03","04","02:00","-18.2","","-20.4","","83","","0.0","","27","","5","","14.5","","100.08","","","","-22","","Snow"
"-78.08","58.47","INUKJUAK A","7103280","2020-03-04 03:00","2020","03","04","03:00","-18.6","","-21.0","","82","","0.0","","26","","5","","14.5","","100.14","","","","-23","","Snow"
"-78.08","58.47","INUKJUAK A","7103280","2020-03-04 04:00","2020","03","04","04:00","-17.7","","-19.8","","84","","0.0","","33","","9","","16.1","","100.19","","","","-24","","Snow"
"-78.08","58.47","INUKJUAK A","7103280","2020-03-04 05:00","2020","03","04","05:00","-17.4","","-19.5","","84","","0.0","","32","","11","","16.1","","100.24","","","","-25","","Snow"
"-78.08","58.47","INUKJUAK A","7103280","2020-03-04 06:00","2020","03","04","06:00","-17.3","","-19.4","","84","","0.0","","31","","8","","1.0","","100.30","","","","-23","","Fog"
"-78.08","58.47","INUKJUAK A","7103280","2020-03-04 07:00","2020","03","04","07:00","-17.3","","-19.5","","83","","0.0","","32","","4","","0.4","","100.36","","","","-20","","Freezing Fog"
"-78.08","58.47","INUKJUAK A","7103280","2020-03-04 08:00","2020","03","04","08:00","-17.4","","-19.6","","83","","0.0","","32","","8","","0.6","","100.39","","","","-23","","Haze"
"-78.08","58.47","INUKJUAK A","7103280","2020-03-04 09:00","2020","03","04","09:00","-16.8","","-19.0","","83","","0.0","","34","","13","","0.6","","100.41","","","","-25","","Freezing Fog"
"-78.08","58.47","INUKJUAK A","7103280","2020-03-04 10:00","2020","03","04","10:00","-16.5","","-18.6","","84","","0.0","","32","","9","","0.8","","100.47","","","","-23","","Haze"
"-78.08","58.47","INUKJUAK A","7103280","2020-03-04 11:00","2020","03","04","11:00","-17.0","","-19.2","","83","","0.0","","35","","9","","0.8","","100.51","","","","-23","","Freezing Fog"
"-78.08","58.47","INUKJUAK A","7103280","2020-03-04 12:00","2020","03","04","12:00","-17.3","","-19.5","","83","","0.0","","36","","8","","0.8","","100.54","","","","-23","","Freezing Fog"
"-78.08","58.47","INUKJUAK A","7103280","2020-03-04 13:00","2020","03","04","13:00","-16.9","","-19.1","","83","","0.0","","28","","5","","1.2","","100.59","","","","-21","","Fog"
"-78.08","58.47","INUKJUAK A","7103280","2020-03-04 14:00","2020","03","04","14:00","-16.5","","-18.6","","84","","0.0","","","M","4","","1.0","","100.62","","","","-20","","Haze"
"-78.08","58.47","INUKJUAK A","7103280","2020-03-04 15:00","2020","03","04","15:00","-16.2","","-18.3","","84","","0.0","","28","","8","","16.1","","100.67","","","","-22","","Snow"
"-78.08","58.47","INUKJUAK A","7103280","2020-03-04 16:00","2020","03","04","16:00","-16.1","","-18.2","","84","","0.0","","33","","5","","16.1","","100.75","","","","-20","","NA"
"-78.08","58.47","INUKJUAK A","7103280","2020-03-04 17:00","2020","03","04","17:00","-15.4","","-17.4","","85","","0.0","","31","","5","","16.1","","100.79","","","","-19","","NA"
"-78.08","58.47","INUKJUAK A","7103280","2020-03-04 18:00","2020","03","04","18:00","-15.8","","-17.9","","84","","0.0","","31","","8","","16.1","","100.86","","","","-21","","NA"
"-78.08","58.47","INUKJUAK A","7103280","2020-03-04 19:00","2020","03","04","19:00","-16.7","","-19.0","","83","","0.0","","33","","8","","12.9","","100.90","","","","-22","","Snow"
"-78.08","58.47","INUKJUAK A","7103280","2020-03-04 20:00","2020","03","04","20:00","-18.7","","-21.2","","81","","0.0","","36","","4","","14.5","","100.97","","","","-22","","Snow"
"-78.08","58.47","INUKJUAK A","7103280","2020-03-04 21:00","2020","03","04","21:00","-19.2","","-21.6","","82","","0.0","","35","","11","","16.1","","100.99","","","","-27","","NA"
"-78.08","58.47","INUKJUAK A","7103280","2020-03-04 22:00","2020","03","04","22:00","-18.0","","-20.2","","83","","0.0","","35","","15","","16.1","","101.01","","","","-27","","NA"
"-78.08","58.47","INUKJUAK A","7103280","2020-03-04 23:00","2020","03","04","23:00","-17.0","","-19.2","","83","","0.0","","35","","17","","16.1","","101.05","","","","-26","","NA"
"-78.08","58.47","INUKJUAK A","7103280","2020-03-05 00:00","2020","03","05","00:00","-17.1","","-19.3","","83","","0.0","","2","","18","","16.1","","101.10","","","","-26","","Snow"
"-78.08","58.47","INUKJUAK A","7103280","2020-03-05 01:00","2020","03","05","01:00","-17.5","","-19.7","","83","","0.0","","","M","","M","","M","101.16","","","","","","NA"
"-78.08","58.47","INUKJUAK A","7103280","2020-03-05 02:00","2020","03","05","02:00","-18.8","","-21.2","","82","","0.0","","35","","15","","16.1","","101.18","","","","-28","","Snow"
"-78.08","58.47","INUKJUAK A","7103280","2020-03-05 03:00","2020","03","05","03:00","-20.1","","-22.6","","81","","0.0","","34","","9","","16.1","","101.26","","","","-27","","NA"
"-78.08","58.47","INUKJUAK A","7103280","2020-03-05 04:00","2020","03","05","04:00","-20.8","","-23.4","","80","","0.0","","35","","15","","16.1","","101.34","","","","-30","","NA"
"-78.08","58.47","INUKJUAK A","7103280","2020-03-05 05:00","2020","03","05","05:00","-22.8","","-25.5","","79","","0.0","","35","","11","","16.1","","101.44","","","","-31","","NA"
"-78.08","58.47","INUKJUAK A","7103280","2020-03-05 06:00","2020","03","05","06:00","-24.9","","-27.8","","78","","0.0","","34","","15","","16.1","","101.53","","","","-35","","NA"
"-78.08","58.47","INUKJUAK A","7103280","2020-03-05 07:00","2020","03","05","07:00","-25.5","","-28.4","","77","","0.0","","34","","13","","16.1","","101.59","","","","-35","","NA"
"-78.08","58.47","INUKJUAK A","7103280","2020-03-05 08:00","2020","03","05","08:00","-25.8","","-28.7","","77","","0.0","","36","","18","","16.1","","101.64","","","","-37","","NA"
"-78.08","58.47","INUKJUAK A","7103280","2020-03-05 09:00","2020","03","05","09:00","-25.7","","-28.7","","77","","0.0","","1","","11","","16.1","","101.69","","","","-34","","NA"
"-78.08","58.47","INUKJUAK A","7103280","2020-03-05 10:00","2020","03","05","10:00","-25.5","","-28.5","","76","","0.0","","","","0","","16.1","","101.74","","","","","","NA"
"-78.08","58.47","INUKJUAK A","7103280","2020-03-05 11:00","2020","03","05","11:00","-24.5","","-27.5","","77","","0.0","","34","","11","","16.1","","101.78","","","","-33","","Snow"
"-78.08","58.47","INUKJUAK A","7103280","2020-03-05 12:00","2020","03","05","12:00","-23.5","","-26.3","","78","","0.0","","35","","18","","16.1","","101.79","","","","-34","","NA"
"-78.08","58.47","INUKJUAK A","7103280","2020-03-05 13:00","2020","03","05","13:00","-22.9","","-25.7","","78","","0.0","","33","","11","","16.1","","101.83","","","","-31","","NA"
"-78.08","58.47","INUKJUAK A","7103280","2020-03-05 14:00","2020","03","05","14:00","-22.3","","-25.0","","79","","0.0","","34","","11","","16.1","","101.87","","","","-30","","Snow"
"-78.08","58.47","INUKJUAK A","7103280","2020-03-05 15:00","2020","03","05","15:00","-22.0","","-24.7","","79","","0.0","","33","","34","","16.1","","101.87","","","","-36","","Snow"
"-78.08","58.47","INUKJUAK A","7103280","2020-03-05 16:00","2020","03","05","16:00","-21.7","","-24.4","","79","","2.3","","34","","30","","6.4","","101.94","","","","-35","","Snow"
"-78.08","58.47","INUKJUAK A","7103280","2020-03-05 17:00","2020","03","05","17:00","-22.5","","-25.2","","79","","0.0","","33","","22","","14.5","","102.04","","","","-34","","Snow"
"-78.08","58.47","INUKJUAK A","7103280","2020-03-05 18:00","2020","03","05","18:00","-24.0","","-26.8","","78","","0.0","","33","","11","","16.1","","102.11","","","","-32","","Snow"
"-78.08","58.47","INUKJUAK A","7103280","2020-03-05 19:00","2020","03","05","19:00","-25.4","","-28.3","","77","","0.0","","","M","4","","16.1","","102.18","","","","-29","","NA"
"-78.08","58.47","INUKJUAK A","7103280","2020-03-05 20:00","2020","03","05","20:00","-26.3","","-29.4","","76","","0.0","","","","0","","16.1","","102.21","","","","","","NA"
"-78.08","58.47","INUKJUAK A","7103280","2020-03-05 21:00","2020","03","05","21:00","-26.9","","-30.0","","76","","0.0","","33","","9","","16.1","","102.24","","","","-35","","NA"
"-78.08","58.47","INUKJUAK A","7103280","2020-03-05 22:00","2020","03","05","22:00","-25.9","","-28.8","","77","","0.0","","","","0","","16.1","","102.23","","","","","","NA"
"-78.08","58.47","INUKJUAK A","7103280","2020-03-05 23:00","2020","03","05","23:00","-27.4","","-30.4","","76","","0.0","","","M","4","","16.1","","102.21","","","","-32","","NA"
"-78.08","58.47","INUKJUAK A","7103280","2020-03-06 00:00","2020","03","06","00:00","-31.0","","-34.5","","72","","0.0","","","M","4","","16.1","","102.22","","","","-36","","NA"
"-78.08","58.47","INUKJUAK A","7103280","2020-03-06 01:00","2020","03","06","01:00","-27.7","","-30.7","","76","","0.0","","24","","8","","4.8","","102.22","","","","-35","","Haze"
"-78.08","58.47","INUKJUAK A","7103280","2020-03-06 02:00","2020","03","06","02:00","-26.2","","-29.3","","76","","0.0","","22","","4","","16.1","","102.21","","","","-30","","NA"
"-78.08","58.47","INUKJUAK A","7103280","2020-03-06 03:00","2020","03","06","03:00","-23.8","","-26.6","","78","","0.0","","25","","8","","16.1","","102.21","","","","-31","","NA"
"-78.08","58.47","INUKJUAK A","7103280","2020-03-06 04:00","2020","03","06","04:00","-22.1","","-24.8","","79","","0.0","","23","","9","","16.1","","102.27","","","","-29","","NA"
"-78.08","58.47","INUKJUAK A","7103280","2020-03-06 05:00","2020","03","06","05:00","-20.6","","-23.2","","80","","0.0","","21","","15","","16.1","","102.27","","","","-30","","NA"
"-78.08","58.47","INUKJUAK A","7103280","2020-03-06 06:00","2020","03","06","06:00","-20.5","","-23.1","","80","","0.0","","21","","17","","16.1","","102.25","","","","-30","","NA"
"-78.08","58.47","INUKJUAK A","7103280","2020-03-06 07:00","2020","03","06","07:00","-20.2","","-22.7","","81","","0.0","","21","","13","","16.1","","102.24","","","","-29","","NA"
"-78.08","58.47","INUKJUAK A","7103280","2020-03-06 08:00","2020","03","06","08:00","-19.5","","-22.0","","81","","0.0","","21","","26","","16.1","","102.21","","","","-31","","NA"
"-78.08","58.47","INUKJUAK A","7103280","2020-03-06 09:00","2020","03","06","09:00","-19.2","","-21.7","","81","","0.0","","20","","22","","16.1","","102.23","","","","-30","","Snow"
"-78.08","58.47","INUKJUAK A","7103280","2020-03-06 10:00","2020","03","06","10:00","-18.6","","-21.0","","82","","0.0","","21","","26","","9.7","","102.20","","","","-30","","Snow"
"-78.08","58.47","INUKJUAK A","7103280","2020-03-06 11:00","2020","03","06","11:00","-17.8","","-20.2","","82","","0.0","","20","","26","","6.4","","102.15","","","","-29","","Snow"
"-78.08","58.47","INUKJUAK A","7103280","2020-03-06 12:00","2020","03","06","12:00","-17.3","","-19.5","","83","","0.0","","20","","34","","2.4","","102.09","","","","-30","","Snow"
"-78.08","58.47","INUKJUAK A","7103280","2020-03-06 13:00","2020","03","06","13:00","-16.6","","-18.9","","83","","0.0","","20","","34","","1.6","","102.07","","","","-29","","Snow"
"-78.08","58.47","INUKJUAK A","7103280","2020-03-06 14:00","2020","03","06","14:00","-15.8","","-17.9","","84","","0.0","","21","","32","","4.8","","102.05","","","","-27","","Snow"
"-78.08","58.47","INUKJUAK A","7103280","2020-03-06 15:00","2020","03","06","15:00","-14.5","","-16.4","","86","","0.0","","22","","34","","3.2","","102.04","","","","-26","","Fog"
"-78.08","58.47","INUKJUAK A","7103280","2020-03-06 16:00","2020","03","06","16:00","-14.8","","-16.8","","85","","0.0","","22","","30","","8.1","","102.03","","","","-26","","Snow"
"-78.08","58.47","INUKJUAK A","7103280","2020-03-06 17:00","2020","03","06","17:00","-14.5","","-16.5","","85","","0.0","","22","","26","","12.9","","102.03","","","","-25","","Snow"
"-78.08","58.47","INUKJUAK A","7103280","2020-03-06 18:00","2020","03","06","18:00","-15.2","","-17.2","","85","","0.0","","22","","24","","16.1","","102.00","","","","-25","","Snow"
"-78.08","58.47","INUKJUAK A","7103280","2020-03-06 19:00","2020","03","06","19:00","-15.5","","-17.6","","84","","0.0","","21","","21","","16.1","","101.98","","","","-25","","Snow"
"-78.08","58.47","INUKJUAK A","7103280","2020-03-06 20:00","2020","03","06","20:00","-15.2","","-17.2","","85","","0.0","","22","","26","","11.3","","101.95","","","","-26","","Snow"
"-78.08","58.47","INUKJUAK A","7103280","2020-03-06 21:00","2020","03","06","21:00","-14.8","","-16.8","","85","","0.0","","21","","21","","11.3","","101.86","","","","-24","","Snow"
"-78.08","58.47","INUKJUAK A","7103280","2020-03-06 22:00","2020","03","06","22:00","-14.6","","-16.6","","85","","0.0","","19","","17","","2.0","","101.77","","","","-23","","Snow"
"-78.08","58.47","INUKJUAK A","7103280","2020-03-06 23:00","2020","03","06","23:00","-13.5","","-15.4","","86","","0.0","","19","","24","","4.8","","101.65","","","","-23","","Snow"
"-78.08","58.47","INUKJUAK A","7103280","2020-03-07 00:00","2020","03","07","00:00","-12.4","","-14.1","","87","","0.0","","18","","24","","2.8","","101.53","","","","-22","","Snow"
"-78.08","58.47","INUKJUAK A","7103280","2020-03-07 01:00","2020","03","07","01:00","-11.6","","-13.2","","88","","0.0","","19","","28","","3.2","","101.45","","","","-21","","Snow"
"-78.08","58.47","INUKJUAK A","7103280","2020-03-07 02:00","2020","03","07","02:00","-11.3","","-12.9","","88","","0.0","","20","","43","","1.6","","101.32","","","","-23","","Snow,Blowing Snow"
"-78.08","58.47","INUKJUAK A","7103280","2020-03-07 03:00","2020","03","07","03:00","-11.8","","-13.4","","88","","0.0","","19","","35","","4.8","","101.20","","","","-23","","Snow"
"-78.08","58.47","INUKJUAK A","7103280","2020-03-07 04:00","2020","03","07","04:00","-12.3","","-14.0","","87","","0.0","","18","","35","","6.4","","101.04","","","","-23","","Snow"
"-78.08","58.47","INUKJUAK A","7103280","2020-03-07 05:00","2020","03","07","05:00","-13.4","","-15.3","","86","","0.0","","17","","41","","1.2","","100.85","","","","-25","","Snow,Blowing Snow"
"-78.08","58.47","INUKJUAK A","7103280","2020-03-07 06:00","2020","03","07","06:00","-13.9","","-15.8","","86","","0.0","","17","","52","","1.2","","100.61","","","","-27","","Snow,Blowing Snow"
"-78.08","58.47","INUKJUAK A","7103280","2020-03-07 07:00","2020","03","07","07:00","-13.9","","-15.8","","86","","0.0","","17","","52","","0.2","","100.42","","","","-27","","Heavy Snow,Blowing Snow"
"-78.08","58.47","INUKJUAK A","7103280","2020-03-07 08:00","2020","03","07","08:00","-13.7","","-15.6","","86","","0.0","","18","","46","","0.2","","100.27","","","","-26","","Heavy Snow,Blowing Snow"
"-78.08","58.47","INUKJUAK A","7103280","2020-03-07 09:00","2020","03","07","09:00","-13.3","","-15.2","","86","","0.0","","18","","39","","0.2","","100.10","","","","-25","","Heavy Snow"
"-78.08","58.47","INUKJUAK A","7103280","2020-03-07 10:00","2020","03","07","10:00","-12.2","","-13.9","","87","","0.0","","19","","46","","0.2","","99.94","","","","-24","","Heavy Snow,Blowing Snow"
"-78.08","58.47","INUKJUAK A","7103280","2020-03-07 11:00","2020","03","07","11:00","-11.3","","-13.0","","87","","0.0","","19","","54","","0.2","","99.79","","","","-24","","Heavy Snow,Blowing Snow"
"-78.08","58.47","INUKJUAK A","7103280","2020-03-07 12:00","2020","03","07","12:00","-10.4","","-12.0","","88","","0.0","","20","","35","","0.6","","99.68","","","","-21","","Moderate Snow"
"-78.08","58.47","INUKJUAK A","7103280","2020-03-07 13:00","2020","03","07","13:00","-9.5","","-11.3","","87","","0.0","","21","","37","","2.0","","99.59","","","","-20","","Snow"
"-78.08","58.47","INUKJUAK A","7103280","2020-03-07 14:00","2020","03","07","14:00","-8.5","","-10.2","","88","","0.0","","24","","30","","3.2","","99.61","","","","-18","","Snow"
"-78.08","58.47","INUKJUAK A","7103280","2020-03-07 15:00","2020","03","07","15:00","-15.8","","-18.2","","82","","0.0","","33","","59","","0.2","","99.79","","","","-31","","Heavy Snow,Blowing Snow"
"-78.08","58.47","INUKJUAK A","7103280","2020-03-07 16:00","2020","03","07","16:00","-18.2","","-20.9","","80","","0.0","","32","","65","","0.2","","100.03","","","","-34","","Heavy Snow,Blowing Snow"
"-78.08","58.47","INUKJUAK A","7103280","2020-03-07 17:00","2020","03","07","17:00","-22.0","","-24.9","","78","","0.4","","32","","54","","0.2","","100.33","","","","-39","","Heavy Snow,Blowing Snow"
"-78.08","58.47","INUKJUAK A","7103280","2020-03-07 18:00","2020","03","07","18:00","-25.3","","-28.4","","76","","0.6","","31","","58","","0.2","","100.55","","","","-44","","Heavy Snow,Blowing Snow"
"-78.08","58.47","INUKJUAK A","7103280","2020-03-07 19:00","2020","03","07","19:00","-27.5","","-30.8","","74","","0.6","","31","","63","","0.2","","100.74","","","","-47","","Heavy Snow,Blowing Snow"
"-78.08","58.47","INUKJUAK A","7103280","2020-03-07 20:00","2020","03","07","20:00","-28.5","","-31.8","","74","","0.3","","31","","58","","0.4","","100.95","","","","-48","","Heavy Snow,Blowing Snow"
"-78.08","58.47","INUKJUAK A","7103280","2020-03-07 21:00","2020","03","07","21:00","-28.9","","-32.2","","74","","0.2","","31","","55","","0.4","","101.12","","","","-48","","Heavy Snow,Blowing Snow"
"-78.08","58.47","INUKJUAK A","7103280","2020-03-07 22:00","2020","03","07","22:00","-29.4","","-32.8","","73","","0.1","","31","","52","","0.6","","101.31","","","","-48","","Moderate Snow,Blowing Snow"
"-78.08","58.47","INUKJUAK A","7103280","2020-03-07 23:00","2020","03","07","23:00","-30.1","","-33.5","","73","","0.0","","32","","43","","0.8","","101.44","","","","-48","","Moderate Snow,Blowing Snow"
"-78.08","58.47","INUKJUAK A","7103280","2020-03-08 00:00","2020","03","08","00:00","-30.5","","-34.0","","72","","0.0","","32","","37","","0.8","","101.56","","","","-48","","Moderate Snow"
"-78.08","58.47","INUKJUAK A","7103280","2020-03-08 01:00","2020","03","08","01:00","-30.6","","-34.1","","72","","0.0","","32","","50","","0.6","","101.61","","","","-50","","Moderate Snow,Blowing Snow"
"-78.08","58.47","INUKJUAK A","7103280","2020-03-08 02:00","2020","03","08","02:00","-31.0","","-34.5","","72","","0.0","","32","","48","","1.0","","101.72","","","","-50","","Snow,Blowing Snow"
"-78.08","58.47","INUKJUAK A","7103280","2020-03-08 03:00","2020","03","08","03:00","-31.0","","-34.7","","71","","0.0","","31","","37","","1.6","","101.84","","","","-48","","Haze"
"-78.08","58.47","INUKJUAK A","7103280","2020-03-08 04:00","2020","03","08","04:00","-31.0","","-34.7","","71","","0.0","","32","","43","","1.6","","101.92","","","","-49","","Blowing Snow"
"-78.08","58.47","INUKJUAK A","7103280","2020-03-08 05:00","2020","03","08","05:00","-30.7","","-34.7","","69","","0.0","","31","","37","","4.8","","102.03","","","","-48","","Haze"
"-78.08","58.47","INUKJUAK A","7103280","2020-03-08 06:00","2020","03","08","06:00","-30.0","","-33.5","","72","","0.0","","30","","26","","1.2","","102.12","","","","-45","","Snow"
"-78.08","58.47","INUKJUAK A","7103280","2020-03-08 07:00","2020","03","08","07:00","-29.9","","-33.4","","72","","0.0","","29","","35","","1.2","","102.13","","","","-46","","Snow"
"-78.08","58.47","INUKJUAK A","7103280","2020-03-08 08:00","2020","03","08","08:00","-29.7","","-33.6","","70","","0.0","","30","","35","","2.4","","102.16","","","","-46","","Haze"
"-78.08","58.47","INUKJUAK A","7103280","2020-03-08 09:00","2020","03","08","09:00","-29.2","","-33.4","","68","","0.0","","29","","28","","4.0","","102.22","","","","-44","","Haze"
"-78.08","58.47","INUKJUAK A","7103280","2020-03-08 10:00","2020","03","08","10:00","-29.2","","-32.9","","71","","0.0","","27","","28","","1.0","","102.23","","","","-44","","Snow"
"-78.08","58.47","INUKJUAK A","7103280","2020-03-08 11:00","2020","03","08","11:00","-28.2","","-32.4","","68","","0.0","","28","","34","","2.8","","102.25","","","","-44","","Snow"
"-78.08","58.47","INUKJUAK A","7103280","2020-03-08 12:00","2020","03","08","12:00","-28.0","","-32.1","","69","","0.0","","29","","34","","1.6","","102.29","","","","-44","","Haze"
"-78.08","58.47","INUKJUAK A","7103280","2020-03-08 13:00","2020","03","08","13:00","-27.8","","-31.7","","70","","0.0","","27","","34","","1.2","","102.34","","","","-44","","Haze"
"-78.08","58.47","INUKJUAK A","7103280","2020-03-08 14:00","2020","03","08","14:00","-27.9","","-31.8","","70","","0.0","","28","","35","","1.2","","102.39","","","","-44","","Snow"
"-78.08","58.47","INUKJUAK A","7103280","2020-03-08 15:00","2020","03","08","15:00","-27.6","","-31.4","","71","","0.0","","28","","26","","1.6","","102.47","","","","-42","","Snow"
"-78.08","58.47","INUKJUAK A","7103280","2020-03-08 16:00","2020","03","08","16:00","-28.0","","-31.7","","71","","0.0","","27","","30","","1.2","","102.47","","","","-43","","Snow"
"-78.08","58.47","INUKJUAK A","7103280","2020-03-08 17:00","2020","03","08","17:00","-28.2","","-31.9","","71","","0.0","","28","","24","","3.6","","102.50","","","","-42","","Haze"
"-78.08","58.47","INUKJUAK A","7103280","2020-03-08 18:00","2020","03","08","18:00","-28.4","","-32.0","","72","","0.0","","29","","41","","1.6","","102.46","","","","-46","","Snow,Blowing Snow"
"-78.08","58.47","INUKJUAK A","7103280","2020-03-08 19:00","2020","03","08","19:00","-29.5","","-33.1","","72","","0.0","","31","","30","","14.5","","102.50","","","","-45","","NA"
"-78.08","58.47","INUKJUAK A","7103280","2020-03-08 20:00","2020","03","08","20:00","-29.3","","-32.9","","72","","0.0","","31","","30","","8.1","","102.54","","","","-45","","Haze"
"-78.08","58.47","INUKJUAK A","7103280","2020-03-08 21:00","2020","03","08","21:00","-29.4","","-33.0","","72","","0.0","","30","","26","","16.1","","102.59","","","","-44","","NA"
"-78.08","58.47","INUKJUAK A","7103280","2020-03-08 22:00","2020","03","08","22:00","-28.9","","-32.3","","73","","0.0","","30","","28","","11.3","","102.61","","","","-44","","NA"
"-78.08","58.47","INUKJUAK A","7103280","2020-03-08 23:00","2020","03","08","23:00","-29.7","","-33.0","","74","","0.0","","27","","13","","16.1","","102.65","","","","-40","","NA"
"-78.08","58.47","INUKJUAK A","7103280","2020-03-09 00:00","2020","03","09","00:00","-29.4","","-32.7","","74","","0.0","","27","","15","","4.8","","102.70","","","","-41","","Snow"
"-78.08","58.47","INUKJUAK A","7103280","2020-03-09 01:00","2020","03","09","01:00","-28.9","","-32.0","","75","","0.0","","29","","18","","8.1","","102.70","","","","-41","","Haze"
"-78.08","58.47","INUKJUAK A","7103280","2020-03-09 02:00","2020","03","09","02:00","-29.7","","-32.8","","75","","0.0","","28","","21","","16.1","","102.73","","","","-43","","Snow"
"-78.08","58.47","INUKJUAK A","7103280","2020-03-09 03:00","2020","03","09","03:00","-29.0","","-32.2","","75","","0.0","","28","","21","","11.3","","102.81","","","","-42","","NA"
"-78.08","58.47","INUKJUAK A","7103280","2020-03-09 04:00","2020","03","09","04:00","-28.9","","-32.1","","75","","0.0","","30","","13","","14.5","","102.86","","","","-39","","Snow"
"-78.08","58.47","INUKJUAK A","7103280","2020-03-09 05:00","2020","03","09","05:00","-29.5","","-32.8","","74","","0.0","","30","","9","","4.8","","102.91","","","","-38","","Snow"
"-78.08","58.47","INUKJUAK A","7103280","2020-03-09 06:00","2020","03","09","06:00","-30.2","","-33.4","","74","","0.0","","28","","15","","16.1","","102.94","","","","-42","","NA"
"-78.08","58.47","INUKJUAK A","7103280","2020-03-09 07:00","2020","03","09","07:00","-30.0","","-33.3","","74","","0.0","","27","","18","","16.1","","102.96","","","","-42","","Snow"
"-78.08","58.47","INUKJUAK A","7103280","2020-03-09 08:00","2020","03","09","08:00","-28.8","","-31.9","","75","","0.0","","29","","17","","11.3","","102.97","","","","-41","","NA"
"-78.08","58.47","INUKJUAK A","7103280","2020-03-09 09:00","2020","03","09","09:00","-28.6","","-31.9","","74","","0.0","","24","","13","","9.7","","103.05","","","","-39","","Haze"
"-78.08","58.47","INUKJUAK A","7103280","2020-03-09 10:00","2020","03","09","10:00","-27.9","","-31.2","","74","","0.0","","26","","18","","1.2","","103.00","","","","-40","","Moderate Snow"
"-78.08","58.47","INUKJUAK A","7103280","2020-03-09 11:00","2020","03","09","11:00","-26.5","","-29.7","","75","","0.0","","27","","15","","14.5","","103.09","","","","-37","","NA"
"-78.08","58.47","INUKJUAK A","7103280","2020-03-09 12:00","2020","03","09","12:00","-25.3","","-28.4","","76","","0.0","","27","","9","","16.1","","103.12","","","","-33","","NA"
"-78.08","58.47","INUKJUAK A","7103280","2020-03-09 13:00","2020","03","09","13:00","-24.9","","-28.0","","76","","0.0","","24","","18","","9.7","","103.13","","","","-36","","Haze"
"-78.08","58.47","INUKJUAK A","7103280","2020-03-09 14:00","2020","03","09","14:00","-24.6","","-27.6","","77","","0.0","","27","","15","","16.1","","103.11","","","","-35","","Snow"
"-78.08","58.47","INUKJUAK A","7103280","2020-03-09 15:00","2020","03","09","15:00","-24.4","","-27.4","","77","","0.0","","29","","11","","16.1","","103.10","","","","-33","","NA"
"-78.08","58.47","INUKJUAK A","7103280","2020-03-09 16:00","2020","03","09","16:00","-24.4","","-27.4","","77","","0.0","","24","","15","","9.7","","103.07","","","","-35","","Snow"
"-78.08","58.47","INUKJUAK A","7103280","2020-03-09 17:00","2020","03","09","17:00","-24.7","","-27.7","","77","","0.0","","24","","13","","9.7","","103.11","","","","-34","","Fog"
"-78.08","58.47","INUKJUAK A","7103280","2020-03-09 18:00","2020","03","09","18:00","-26.0","","-29.1","","76","","0.0","","","M","4","","16.1","","103.07","","","","-30","","NA"
"-78.08","58.47","INUKJUAK A","7103280","2020-03-09 19:00","2020","03","09","19:00","-27.7","","-30.9","","75","","0.0","","","","0","","16.1","","103.05","","","","","","Snow"
"-78.08","58.47","INUKJUAK A","7103280","2020-03-09 20:00","2020","03","09","20:00","-28.5","","-31.6","","75","","0.0","","","","0","","12.9","","103.08","","","","","","Snow"
"-78.08","58.47","INUKJUAK A","7103280","2020-03-09 21:00","2020","03","09","21:00","-29.2","","-32.5","","74","","0.0","","","","0","","16.1","","103.07","","","","","","NA"
"-78.08","58.47","INUKJUAK A","7103280","2020-03-09 22:00","2020","03","09","22:00","-30.5","","-33.9","","73","","0.0","","","","0","","16.1","","103.06","","","","","","NA"
"-78.08","58.47","INUKJUAK A","7103280","2020-03-09 23:00","2020","03","09","23:00","-31.1","","-34.5","","73","","0.0","","2","","4","","16.1","","102.95","","","","-36","","NA"
"-78.08","58.47","INUKJUAK A","7103280","2020-03-10 00:00","2020","03","10","00:00","-29.9","","-33.2","","74","","0.0","","","M","4","","16.1","","102.91","","","","-34","","NA"
"-78.08","58.47","INUKJUAK A","7103280","2020-03-10 01:00","2020","03","10","01:00","-31.4","","-34.8","","73","","0.0","","","","0","","16.1","","102.89","","","","","","NA"
"-78.08","58.47","INUKJUAK A","7103280","2020-03-10 02:00","2020","03","10","02:00","-31.6","","-35.0","","73","","0.0","","4","","8","","16.1","","102.87","","","","-40","","NA"
"-78.08","58.47","INUKJUAK A","7103280","2020-03-10 03:00","2020","03","10","03:00","-32.7","","-36.2","","72","","0.0","","6","","8","","16.1","","102.83","","","","-41","","NA"
"-78.08","58.47","INUKJUAK A","7103280","2020-03-10 04:00","2020","03","10","04:00","-33.2","","-36.7","","72","","0.0","","7","","8","","16.1","","102.83","","","","-42","","NA"
"-78.08","58.47","INUKJUAK A","7103280","2020-03-10 05:00","2020","03","10","05:00","-33.3","","-36.7","","72","","0.0","","6","","9","","16.1","","102.78","","","","-43","","NA"
"-78.08","58.47","INUKJUAK A","7103280","2020-03-10 06:00","2020","03","10","06:00","-33.3","","-36.7","","72","","0.0","","7","","15","","16.1","","102.70","","","","-45","","NA"
"-78.08","58.47","INUKJUAK A","7103280","2020-03-10 07:00","2020","03","10","07:00","-33.6","","-37.2","","71","","0.0","","7","","13","","16.1","","102.64","","","","-45","","NA"
"-78.08","58.47","INUKJUAK A","7103280","2020-03-10 08:00","2020","03","10","08:00","-32.9","","-36.4","","72","","0.0","","6","","13","","16.1","","102.63","","","","-44","","NA"
"-78.08","58.47","INUKJUAK A","7103280","2020-03-10 09:00","2020","03","10","09:00","-31.4","","-34.9","","72","","0.0","","6","","8","","16.1","","102.60","","","","-40","","NA"
"-78.08","58.47","INUKJUAK A","7103280","2020-03-10 10:00","2020","03","10","10:00","-30.2","","-33.6","","73","","0.0","","5","","9","","16.1","","102.56","","","","-39","","NA"
"-78.08","58.47","INUKJUAK A","7103280","2020-03-10 11:00","2020","03","10","11:00","-27.6","","-30.8","","75","","0.0","","7","","9","","16.1","","102.52","","","","-36","","Snow"
"-78.08","58.47","INUKJUAK A","7103280","2020-03-10 12:00","2020","03","10","12:00","-26.2","","-29.4","","75","","0.0","","6","","11","","16.1","","102.47","","","","-35","","NA"
"-78.08","58.47","INUKJUAK A","7103280","2020-03-10 13:00","2020","03","10","13:00","-25.0","","-28.1","","76","","0.0","","6","","13","","16.1","","102.40","","","","-34","","Snow"
"-78.08","58.47","INUKJUAK A","7103280","2020-03-10 14:00","2020","03","10","14:00","-24.5","","-27.5","","77","","0.0","","6","","17","","16.1","","102.35","","","","-35","","Snow"
"-78.08","58.47","INUKJUAK A","7103280","2020-03-10 15:00","2020","03","10","15:00","-23.9","","-26.9","","77","","0.0","","5","","18","","16.1","","102.28","","","","-35","","NA"
"-78.08","58.47","INUKJUAK A","7103280","2020-03-10 16:00","2020","03","10","16:00","-24.0","","-27.0","","77","","0.0","","6","","22","","16.1","","102.23","","","","-36","","NA"
"-78.08","58.47","INUKJUAK A","7103280","2020-03-10 17:00","2020","03","10","17:00","-24.7","","-27.7","","77","","0.0","","6","","24","","16.1","","102.19","","","","-37","","NA"
"-78.08","58.47","INUKJUAK A","7103280","2020-03-10 18:00","2020","03","10","18:00","-26.3","","-29.4","","76","","0.0","","4","","17","","16.1","","102.22","","","","-38","","NA"
"-78.08","58.47","INUKJUAK A","7103280","2020-03-10 19:00","2020","03","10","19:00","-27.3","","-30.5","","75","","0.0","","4","","9","","16.1","","102.25","","","","-35","","NA"
"-78.08","58.47","INUKJUAK A","7103280","2020-03-10 20:00","2020","03","10","20:00","-28.9","","-32.2","","74","","0.0","","8","","9","","16.1","","102.24","","","","-37","","NA"
"-78.08","58.47","INUKJUAK A","7103280","2020-03-10 21:00","2020","03","10","21:00","-29.6","","-32.9","","74","","0.0","","7","","11","","16.1","","102.24","","","","-39","","NA"
"-78.08","58.47","INUKJUAK A","7103280","2020-03-10 22:00","2020","03","10","22:00","-30.2","","-33.6","","73","","0.0","","4","","18","","16.1","","102.21","","","","-43","","Snow"
"-78.08","58.47","INUKJUAK A","7103280","2020-03-10 23:00","2020","03","10","23:00","-30.2","","-33.5","","74","","0.0","","5","","21","","16.1","","102.15","","","","-44","","NA"
"-78.08","58.47","INUKJUAK A","7103280","2020-03-11 00:00","2020","03","11","00:00","-30.3","","-33.7","","73","","0.0","","6","","22","","16.1","","102.12","","","","-44","","Snow"
"-78.08","58.47","INUKJUAK A","7103280","2020-03-11 01:00","2020","03","11","01:00","-30.9","","-34.3","","73","","0.0","","9","","11","","16.1","","102.16","","","","-41","","NA"
"-78.08","58.47","INUKJUAK A","7103280","2020-03-11 02:00","2020","03","11","02:00","-31.8","","-35.3","","72","","0.0","","5","","13","","16.1","","102.10","","","","-43","","NA"
"-78.08","58.47","INUKJUAK A","7103280","2020-03-11 03:00","2020","03","11","03:00","-32.6","","-36.1","","72","","0.0","","7","","5","","16.1","","102.08","","","","-39","","NA"
"-78.08","58.47","INUKJUAK A","7103280","2020-03-11 04:00","2020","03","11","04:00","-32.3","","-35.8","","72","","0.0","","4","","13","","16.1","","102.09","","","","-43","","NA"
"-78.08","58.47","INUKJUAK A","7103280","2020-03-11 05:00","2020","03","11","05:00","-32.5","","-36.0","","72","","0.0","","6","","15","","16.1","","102.04","","","","-44","","NA"
"-78.08","58.47","INUKJUAK A","7103280","2020-03-11 06:00","2020","03","11","06:00","-32.7","","-36.2","","72","","0.0","","5","","13","","16.1","","102.08","","","","-44","","NA"
"-78.08","58.47","INUKJUAK A","7103280","2020-03-11 07:00","2020","03","11","07:00","-32.7","","-36.2","","72","","0.0","","6","","17","","16.1","","102.10","","","","-45","","NA"
"-78.08","58.47","INUKJUAK A","7103280","2020-03-11 08:00","2020","03","11","08:00","-31.9","","-35.4","","72","","0.0","","7","","18","","16.1","","102.11","","","","-45","","NA"
"-78.08","58.47","INUKJUAK A","7103280","2020-03-11 09:00","2020","03","11","09:00","-30.3","","-33.7","","73","","0.0","","8","","18","","16.1","","102.15","","","","-43","","NA"
"-78.08","58.47","INUKJUAK A","7103280","2020-03-11 10:00","2020","03","11","10:00","-28.2","","-31.6","","73","","0.0","","7","","15","","16.1","","102.14","","","","-39","","NA"
"-78.08","58.47","INUKJUAK A","7103280","2020-03-11 11:00","2020","03","11","11:00","-25.9","","-29.6","","72","","0.0","","5","","11","","16.1","","102.12","","","","-35","","NA"
"-78.08","58.47","INUKJUAK A","7103280","2020-03-11 12:00","2020","03","11","12:00","-23.5","","-27.7","","69","","0.0","","8","","13","","16.1","","102.11","","","","-33","","Snow"
"-78.08","58.47","INUKJUAK A","7103280","2020-03-11 13:00","2020","03","11","13:00","-22.4","","-27.1","","66","","0.0","","7","","13","","16.1","","102.11","","","","-31","","Snow"
"-78.08","58.47","INUKJUAK A","7103280","2020-03-11 14:00","2020","03","11","14:00","-21.4","","-26.0","","67","","0.0","","9","","18","","16.1","","102.08","","","","-32","","NA"
"-78.08","58.47","INUKJUAK A","7103280","2020-03-11 15:00","2020","03","11","15:00","-21.1","","-25.6","","68","","0.0","","8","","13","","16.1","","102.11","","","","-30","","Snow"
"-78.08","58.47","INUKJUAK A","7103280","2020-03-11 16:00","2020","03","11","16:00","-21.3","","-25.6","","69","","0.0","","8","","13","","16.1","","102.12","","","","-30","","NA"
"-78.08","58.47","INUKJUAK A","7103280","2020-03-11 17:00","2020","03","11","17:00","-22.3","","-26.4","","70","","0.0","","6","","13","","16.1","","102.12","","","","-31","","NA"
"-78.08","58.47","INUKJUAK A","7103280","2020-03-11 18:00","2020","03","11","18:00","-24.0","","-27.9","","71","","0.0","","4","","9","","16.1","","102.12","","","","-31","","NA"
"-78.08","58.47","INUKJUAK A","7103280","2020-03-11 19:00","2020","03","11","19:00","-24.0","","-28.2","","69","","0.0","","","M","11","","16.1","","102.09","","","","-32","","NA"
"-78.08","58.47","INUKJUAK A","7103280","2020-03-11 20:00","2020","03","11","20:00","-25.6","","-29.7","","69","","0.0","","8","","15","","16.1","","102.12","","","","-36","","NA"
"-78.08","58.47","INUKJUAK A","7103280","2020-03-11 21:00","2020","03","11","21:00","-25.4","","-29.7","","68","","0.0","","10","","24","","16.1","","102.10","","","","-38","","NA"
"-78.08","58.47","INUKJUAK A","7103280","2020-03-11 22:00","2020","03","11","22:00","-26.0","","-30.3","","68","","0.0","","3","","13","","16.1","","102.12","","","","-36","","NA"
"-78.08","58.47","INUKJUAK A","7103280","2020-03-11 23:00","2020","03","11","23:00","-25.4","","-30.0","","66","","0.0","","10","","18","","16.1","","102.12","","","","-37","","NA"
"-78.08","58.47","INUKJUAK A","7103280","2020-03-12 00:00","2020","03","12","00:00","-25.6","","-30.2","","66","","0.0","","11","","18","","16.1","","102.13","","","","-37","","NA"
"-78.08","58.47","INUKJUAK A","7103280","2020-03-12 01:00","2020","03","12","01:00","-25.8","","-30.1","","68","","0.0","","10","","21","","16.1","","102.12","","","","-38","","NA"
"-78.08","58.47","INUKJUAK A","7103280","2020-03-12 02:00","2020","03","12","02:00","-26.3","","-30.4","","69","","0.0","","9","","17","","16.1","","102.15","","","","-38","","NA"
"-78.08","58.47","INUKJUAK A","7103280","2020-03-12 03:00","2020","03","12","03:00","-27.4","","-31.5","","69","","0.0","","6","","11","","16.1","","102.16","","","","-37","","NA"
"-78.08","58.47","INUKJUAK A","7103280","2020-03-12 04:00","2020","03","12","04:00","-27.6","","-31.7","","69","","0.0","","2","","9","","16.1","","102.13","","","","-36","","NA"
"-78.08","58.47","INUKJUAK A","7103280","2020-03-12 05:00","2020","03","12","05:00","-27.8","","-32.2","","67","","0.0","","7","","13","","16.1","","102.17","","","","-38","","Snow"
"-78.08","58.47","INUKJUAK A","7103280","2020-03-12 06:00","2020","03","12","06:00","-27.9","","-32.2","","68","","0.0","","8","","17","","16.1","","102.19","","","","-40","","NA"
"-78.08","58.47","INUKJUAK A","7103280","2020-03-12 07:00","2020","03","12","07:00","-27.9","","-32.3","","67","","0.0","","5","","13","","16.1","","102.22","","","","-38","","NA"
"-78.08","58.47","INUKJUAK A","7103280","2020-03-12 08:00","2020","03","12","08:00","-28.0","","-32.2","","68","","0.0","","7","","11","","16.1","","102.24","","","","-37","","NA"
"-78.08","58.47","INUKJUAK A","7103280","2020-03-12 09:00","2020","03","12","09:00","-26.1","","-30.9","","65","","0.0","","11","","24","","16.1","","102.21","","","","-39","","NA"
"-78.08","58.47","INUKJUAK A","7103280","2020-03-12 10:00","2020","03","12","10:00","-24.6","","-29.4","","65","","0.0","","11","","24","","16.1","","102.21","","","","-37","","NA"
"-78.08","58.47","INUKJUAK A","7103280","2020-03-12 11:00","2020","03","12","11:00","-22.7","","-27.5","","66","","0.0","","12","","22","","16.1","","102.22","","","","-34","","Snow"
"-78.08","58.47","INUKJUAK A","7103280","2020-03-12 12:00","2020","03","12","12:00","-21.2","","-26.0","","66","","0.0","","36","","17","","16.1","","102.22","","","","-31","","NA"
"-78.08","58.47","INUKJUAK A","7103280","2020-03-12 13:00","2020","03","12","13:00","-20.0","","-24.7","","67","","0.0","","6","","9","","16.1","","102.25","","","","-27","","NA"
"-78.08","58.47","INUKJUAK A","7103280","2020-03-12 14:00","2020","03","12","14:00","-19.3","","-24.0","","67","","0.0","","9","","11","","16.1","","102.28","","","","-27","","Snow"
"-78.08","58.47","INUKJUAK A","7103280","2020-03-12 15:00","2020","03","12","15:00","-19.1","","-24.0","","66","","0.0","","12","","18","","16.1","","102.25","","","","-29","","NA"
"-78.08","58.47","INUKJUAK A","7103280","2020-03-12 16:00","2020","03","12","16:00","-19.4","","-23.9","","68","","0.0","","12","","18","","16.1","","102.26","","","","-29","","NA"
"-78.08","58.47","INUKJUAK A","7103280","2020-03-12 17:00","2020","03","12","17:00","-20.4","","-24.5","","70","","0.0","","11","","21","","16.1","","102.27","","","","-31","","NA"
"-78.08","58.47","INUKJUAK A","7103280","2020-03-12 18:00","2020","03","12","18:00","-22.0","","-25.9","","71","","0.0","","3","","9","","16.1","","102.28","","","","-29","","NA"
"-78.08","58.47","INUKJUAK A","7103280","2020-03-12 19:00","2020","03","12","19:00","-22.7","","-26.8","","70","","0.0","","4","","11","","16.1","","102.28","","","","-31","","NA"
"-78.08","58.47","INUKJUAK A","7103280","2020-03-12 20:00","2020","03","12","20:00","-23.1","","-27.2","","70","","0.0","","3","","13","","16.1","","102.27","","","","-32","","NA"
"-78.08","58.47","INUKJUAK A","7103280","2020-03-12 21:00","2020","03","12","21:00","-24.3","","-28.3","","70","","0.0","","14","","9","","16.1","","102.28","","","","-32","","NA"
"-78.08","58.47","INUKJUAK A","7103280","2020-03-12 22:00","2020","03","12","22:00","-24.8","","-28.8","","70","","0.0","","6","","15","","16.1","","102.25","","","","-35","","NA"
"-78.08","58.47","INUKJUAK A","7103280","2020-03-12 23:00","2020","03","12","23:00","-25.1","","-29.1","","70","","0.0","","10","","13","","16.1","","102.26","","","","-35","","NA"
"-78.08","58.47","INUKJUAK A","7103280","2020-03-13 00:00","2020","03","13","00:00","-25.0","","-29.1","","69","","0.0","","8","","15","","16.1","","102.25","","","","-35","","NA"
"-78.08","58.47","INUKJUAK A","7103280","2020-03-13 01:00","2020","03","13","01:00","-24.0","","-28.2","","69","","0.0","","8","","17","","16.1","","102.21","","","","-35","","NA"
"-78.08","58.47","INUKJUAK A","7103280","2020-03-13 02:00","2020","03","13","02:00","-22.9","","-27.8","","65","","0.0","","9","","18","","16.1","","102.16","","","","-34","","NA"
"-78.08","58.47","INUKJUAK A","7103280","2020-03-13 03:00","2020","03","13","03:00","-22.5","","-27.6","","64","","0.0","","11","","26","","16.1","","102.19","","","","-35","","NA"
"-78.08","58.47","INUKJUAK A","7103280","2020-03-13 04:00","2020","03","13","04:00","-24.9","","-29.2","","68","","0.0","","2","","15","","16.1","","102.11","","","","-35","","NA"
"-78.08","58.47","INUKJUAK A","7103280","2020-03-13 05:00","2020","03","13","05:00","-24.0","","-28.5","","67","","0.0","","7","","15","","16.1","","102.09","","","","-34","","NA"
"-78.08","58.47","INUKJUAK A","7103280","2020-03-13 06:00","2020","03","13","06:00","-23.8","","-28.3","","67","","0.0","","5","","11","","16.1","","102.12","","","","-32","","NA"
"-78.08","58.47","INUKJUAK A","7103280","2020-03-13 07:00","2020","03","13","07:00","-24.3","","-28.6","","68","","0.0","","5","","21","","16.1","","102.08","","","","-36","","NA"
"-78.08","58.47","INUKJUAK A","7103280","2020-03-13 08:00","2020","03","13","08:00","-23.6","","-28.3","","66","","0.0","","6","","13","","16.1","","102.08","","","","-33","","NA"
"-78.08","58.47","INUKJUAK A","7103280","2020-03-13 09:00","2020","03","13","09:00","-23.8","","-28.5","","66","","0.0","","1","","15","","16.1","","102.05","","","","-34","","NA"
"-78.08","58.47","INUKJUAK A","7103280","2020-03-13 10:00","2020","03","13","10:00","-22.0","","-26.3","","69","","0.0","","10","","26","","16.1","","102.06","","","","-34","","NA"
"-78.08","58.47","INUKJUAK A","7103280","2020-03-13 11:00","2020","03","13","11:00","-20.2","","-24.4","","70","","0.0","","8","","34","","16.1","","102.00","","","","-34","","NA"
"-78.08","58.47","INUKJUAK A","7103280","2020-03-13 12:00","2020","03","13","12:00","-18.7","","-23.1","","69","","0.0","","8","","28","","16.1","","101.98","","","","-31","","NA"
"-78.08","58.47","INUKJUAK A","7103280","2020-03-13 13:00","2020","03","13","13:00","-18.0","","-22.2","","70","","0.0","","7","","28","","16.1","","101.93","","","","-30","","Snow"
"-78.08","58.47","INUKJUAK A","7103280","2020-03-13 14:00","2020","03","13","14:00","-17.3","","-21.4","","71","","0.0","","7","","34","","16.1","","101.89","","","","-30","","NA"
"-78.08","58.47","INUKJUAK A","7103280","2020-03-13 15:00","2020","03","13","15:00","-16.8","","-20.9","","71","","0.0","","7","","39","","16.1","","101.86","","","","-30","","NA"
"-78.08","58.47","INUKJUAK A","7103280","2020-03-13 16:00","2020","03","13","16:00","-17.0","","-20.9","","72","","0.0","","7","","37","","16.1","","101.89","","","","-30","","NA"
"-78.08","58.47","INUKJUAK A","7103280","2020-03-13 17:00","2020","03","13","17:00","-17.7","","-21.4","","73","","0.0","","6","","34","","16.1","","101.91","","","","-30","","NA"
"-78.08","58.47","INUKJUAK A","7103280","2020-03-13 18:00","2020","03","13","18:00","-18.8","","-22.4","","74","","0.0","","5","","39","","16.1","","101.92","","","","-32","","NA"
"-78.08","58.47","INUKJUAK A","7103280","2020-03-13 19:00","2020","03","13","19:00","-19.7","","-23.2","","74","","0.0","","6","","37","","16.1","","101.98","","","","-33","","NA"
"-78.08","58.47","INUKJUAK A","7103280","2020-03-13 20:00","2020","03","13","20:00","-20.9","","-24.2","","75","","0.0","","5","","37","","16.1","","102.02","","","","-35","","NA"
"-78.08","58.47","INUKJUAK A","7103280","2020-03-13 21:00","2020","03","13","21:00","-21.9","","-25.2","","75","","0.0","","5","","39","","12.9","","102.05","","","","-37","","NA"
"-78.08","58.47","INUKJUAK A","7103280","2020-03-13 22:00","2020","03","13","22:00","-23.0","","-26.1","","76","","0.0","","4","","35","","12.9","","102.09","","","","-37","","NA"
"-78.08","58.47","INUKJUAK A","7103280","2020-03-13 23:00","2020","03","13","23:00","-23.6","","-26.7","","76","","0.0","","3","","35","","6.4","","102.16","","","","-38","","Haze"
"-78.08","58.47","INUKJUAK A","7103280","2020-03-14 00:00","2020","03","14","00:00","-24.0","","-27.1","","76","","0.0","","5","","32","","16.1","","102.20","","","","-38","","NA"
"-78.08","58.47","INUKJUAK A","7103280","2020-03-14 01:00","2020","03","14","01:00","-23.8","","-26.8","","77","","0.0","","3","","35","","8.1","","102.26","","","","-38","","Haze"
"-78.08","58.47","INUKJUAK A","7103280","2020-03-14 02:00","2020","03","14","02:00","-24.6","","-27.6","","77","","0.0","","3","","34","","4.8","","102.34","","","","-39","","Fog"
"-78.08","58.47","INUKJUAK A","7103280","2020-03-14 03:00","2020","03","14","03:00","-25.7","","-28.9","","75","","0.0","","2","","34","","8.1","","102.39","","","","-41","","Haze"
"-78.08","58.47","INUKJUAK A","7103280","2020-03-14 04:00","2020","03","14","04:00","-26.4","","-30.0","","72","","0.0","","3","","30","","16.1","","102.45","","","","-41","","NA"
"-78.08","58.47","INUKJUAK A","7103280","2020-03-14 05:00","2020","03","14","05:00","-26.7","","-30.3","","72","","0.0","","3","","37","","4.8","","102.51","","","","-43","","Haze"
"-78.08","58.47","INUKJUAK A","7103280","2020-03-14 06:00","2020","03","14","06:00","-27.4","","-30.9","","73","","0.0","","2","","34","","6.4","","102.60","","","","-43","","Haze"
"-78.08","58.47","INUKJUAK A","7103280","2020-03-14 07:00","2020","03","14","07:00","-27.6","","-31.2","","72","","0.0","","2","","30","","16.1","","102.70","","","","-42","","NA"
"-78.08","58.47","INUKJUAK A","7103280","2020-03-14 08:00","2020","03","14","08:00","-27.4","","-31.2","","71","","0.0","","2","","32","","16.1","","102.79","","","","-43","","NA"
"-78.08","58.47","INUKJUAK A","7103280","2020-03-14 09:00","2020","03","14","09:00","-26.7","","-30.5","","71","","0.0","","2","","26","","16.1","","102.88","","","","-40","","NA"
"-78.08","58.47","INUKJUAK A","7103280","2020-03-14 10:00","2020","03","14","10:00","-25.6","","-29.4","","71","","0.0","","1","","30","","8.1","","102.95","","","","-40","","Haze"
"-78.08","58.47","INUKJUAK A","7103280","2020-03-14 11:00","2020","03","14","11:00","-24.5","","-28.5","","70","","0.0","","36","","32","","16.1","","103.00","","","","-39","","NA"
"-78.08","58.47","INUKJUAK A","7103280","2020-03-14 12:00","2020","03","14","12:00","-23.8","","-28.0","","69","","0.0","","1","","30","","16.1","","103.10","","","","-38","","NA"
"-78.08","58.47","INUKJUAK A","7103280","2020-03-14 13:00","2020","03","14","13:00","-23.1","","-27.3","","69","","0.0","","36","","30","","16.1","","103.13","","","","-37","","NA"
"-78.08","58.47","INUKJUAK A","7103280","2020-03-14 14:00","2020","03","14","14:00","-22.3","","-26.7","","68","","0.0","","36","","39","","16.1","","103.17","","","","-37","","NA"
"-78.08","58.47","INUKJUAK A","7103280","2020-03-14 15:00","2020","03","14","15:00","-21.8","","-26.4","","67","","0.0","","1","","35","","16.1","","103.25","","","","-36","","NA"
"-78.08","58.47","INUKJUAK A","7103280","2020-03-14 16:00","2020","03","14","16:00","-21.8","","-26.2","","68","","0.0","","1","","26","","16.1","","103.35","","","","-34","","NA"
"-78.08","58.47","INUKJUAK A","7103280","2020-03-14 17:00","2020","03","14","17:00","-22.3","","-26.5","","69","","0.0","","1","","24","","16.1","","103.41","","","","-34","","NA"
"-78.08","58.47","INUKJUAK A","7103280","2020-03-14 18:00","2020","03","14","18:00","-23.7","","-27.4","","72","","0.0","","35","","18","","16.1","","103.47","","","","-35","","NA"
"-78.08","58.47","INUKJUAK A","7103280","2020-03-14 19:00","2020","03","14","19:00","-24.3","","-28.0","","72","","0.0","","35","","13","","16.1","","103.54","","","","-34","","NA"
"-78.08","58.47","INUKJUAK A","7103280","2020-03-14 20:00","2020","03","14","20:00","-26.1","","-28.9","","78","","0.0","","36","","8","","16.1","","103.53","","","","-33","","NA"
"-78.08","58.47","INUKJUAK A","7103280","2020-03-14 21:00","2020","03","14","21:00","-24.9","","-27.6","","79","","0.0","","","","0","","16.1","","103.55","","","","","","NA"
"-78.08","58.47","INUKJUAK A","7103280","2020-03-14 22:00","2020","03","14","22:00","-25.3","","-28.2","","78","","0.0","","34","","18","","16.1","","103.55","","","","-37","","NA"
"-78.08","58.47","INUKJUAK A","7103280","2020-03-14 23:00","2020","03","14","23:00","-26.4","","-29.5","","76","","0.0","","35","","9","","16.1","","103.56","","","","-34","","NA"
"-78.08","58.47","INUKJUAK A","7103280","2020-03-15 00:00","2020","03","15","00:00","-27.3","","-30.5","","75","","0.0","","","M","4","","16.1","","103.54","","","","-32","","NA"
"-78.08","58.47","INUKJUAK A","7103280","2020-03-15 01:00","2020","03","15","01:00","-29.8","","-33.4","","72","","0.0","","","M","4","","16.1","","103.53","","","","-34","","NA"
"-78.08","58.47","INUKJUAK A","7103280","2020-03-15 02:00","2020","03","15","02:00","-29.1","","-32.4","","74","","0.0","","","M","4","","16.1","","103.48","","","","-34","","NA"
"-78.08","58.47","INUKJUAK A","7103280","2020-03-15 03:00","2020","03","15","03:00","-27.3","","-30.6","","74","","0.0","","","M","4","","16.1","","103.46","","","","-32","","NA"
"-78.08","58.47","INUKJUAK A","7103280","2020-03-15 04:00","2020","03","15","04:00","-23.8","","-26.6","","78","","0.0","","28","","5","","16.1","","103.45","","","","-29","","NA"
"-78.08","58.47","INUKJUAK A","7103280","2020-03-15 05:00","2020","03","15","05:00","-25.4","","-28.4","","76","","0.0","","23","","15","","16.1","","103.44","","","","-36","","Snow"
"-78.08","58.47","INUKJUAK A","7103280","2020-03-15 06:00","2020","03","15","06:00","-24.6","","-27.6","","77","","0.0","","24","","15","","16.1","","103.43","","","","-35","","NA"
"-78.08","58.47","INUKJUAK A","7103280","2020-03-15 07:00","2020","03","15","07:00","-24.4","","-27.4","","77","","0.0","","23","","15","","6.4","","103.39","","","","-35","","Snow"
"-78.08","58.47","INUKJUAK A","7103280","2020-03-15 08:00","2020","03","15","08:00","-23.1","","-25.9","","78","","0.0","","24","","22","","11.3","","103.36","","","","-35","","NA"
"-78.08","58.47","INUKJUAK A","7103280","2020-03-15 09:00","2020","03","15","09:00","-22.6","","-25.5","","78","","0.0","","24","","17","","4.8","","103.27","","","","-33","","Fog"
"-78.08","58.47","INUKJUAK A","7103280","2020-03-15 10:00","2020","03","15","10:00","-21.8","","-24.5","","79","","0.0","","24","","28","","14.5","","103.19","","","","-35","","NA"
"-78.08","58.47","INUKJUAK A","7103280","2020-03-15 11:00","2020","03","15","11:00","-21.0","","-23.7","","79","","0.0","","24","","32","","16.1","","103.11","","","","-34","","NA"
"-78.08","58.47","INUKJUAK A","7103280","2020-03-15 12:00","2020","03","15","12:00","-19.9","","-22.5","","80","","0.0","","23","","35","","2.8","","103.03","","","","-33","","Fog"
"-78.08","58.47","INUKJUAK A","7103280","2020-03-15 13:00","2020","03","15","13:00","-19.5","","-22.1","","80","","0.0","","24","","45","","2.0","","102.92","","","","-34","","Blowing Snow"
"-78.08","58.47","INUKJUAK A","7103280","2020-03-15 14:00","2020","03","15","14:00","-18.6","","-21.1","","81","","0.0","","23","","39","","4.0","","102.84","","","","-32","","Fog"
"-78.08","58.47","INUKJUAK A","7103280","2020-03-15 15:00","2020","03","15","15:00","-18.2","","-20.7","","81","","0.0","","23","","45","","6.4","","102.72","","","","-32","","Blowing Snow"
"-78.08","58.47","INUKJUAK A","7103280","2020-03-15 16:00","2020","03","15","16:00","-18.0","","-20.5","","81","","0.0","","23","","41","","8.1","","102.65","","","","-32","","Fog"
"-78.08","58.47","INUKJUAK A","7103280","2020-03-15 17:00","2020","03","15","17:00","-18.2","","-20.9","","80","","0.0","","22","","46","","4.8","","102.50","","","","-32","","Haze"
"-78.08","58.47","INUKJUAK A","7103280","2020-03-15 18:00","2020","03","15","18:00","-18.4","","-21.2","","79","","0.0","","22","","41","","4.8","","102.38","","","","-32","","Haze"
"-78.08","58.47","INUKJUAK A","7103280","2020-03-15 19:00","2020","03","15","19:00","-18.9","","-21.5","","80","","0.0","","22","","41","","4.8","","102.29","","","","-33","","Fog"
"-78.08","58.47","INUKJUAK A","7103280","2020-03-15 20:00","2020","03","15","20:00","-19.1","","-21.7","","80","","0.0","","22","","39","","4.8","","102.21","","","","-33","","Haze"
"-78.08","58.47","INUKJUAK A","7103280","2020-03-15 21:00","2020","03","15","21:00","-19.0","","-21.6","","80","","0.0","","21","","41","","4.8","","102.12","","","","-33","","Haze"
"-78.08","58.47","INUKJUAK A","7103280","2020-03-15 22:00","2020","03","15","22:00","-18.8","","-21.4","","80","","0.0","","22","","37","","4.8","","102.02","","","","-32","","Fog"
"-78.08","58.47","INUKJUAK A","7103280","2020-03-15 23:00","2020","03","15","23:00","-18.5","","-21.0","","81","","0.0","","21","","43","","3.2","","101.88","","","","-33","","Blowing Snow"
"-78.08","58.47","INUKJUAK A","7103280","2020-03-16 00:00","2020","03","16","00:00","-18.2","","-21.2","","78","","0.0","","21","","43","","4.8","","101.74","","","","-32","","Blowing Snow"
"-78.08","58.47","INUKJUAK A","7103280","2020-03-16 01:00","2020","03","16","01:00","-17.4","","-20.5","","77","","0.0","","21","","41","","11.3","","101.60","","","","-31","","NA"
"-78.08","58.47","INUKJUAK A","7103280","2020-03-16 02:00","2020","03","16","02:00","-16.7","","-19.8","","77","","0.0","","21","","46","","6.4","","101.45","","","","-30","","Haze"
"-78.08","58.47","INUKJUAK A","7103280","2020-03-16 03:00","2020","03","16","03:00","-16.3","","-19.3","","78","","0.0","","21","","45","","4.8","","101.33","","","","-30","","Haze"
"-78.08","58.47","INUKJUAK A","7103280","2020-03-16 04:00","2020","03","16","04:00","-15.8","","-19.0","","77","","0.0","","21","","41","","9.7","","101.20","","","","-29","","Haze"
"-78.08","58.47","INUKJUAK A","7103280","2020-03-16 05:00","2020","03","16","05:00","-15.5","","-18.5","","78","","0.0","","21","","39","","11.3","","101.09","","","","-28","","NA"
"-78.08","58.47","INUKJUAK A","7103280","2020-03-16 06:00","2020","03","16","06:00","-15.4","","-18.3","","79","","0.0","","20","","34","","16.1","","100.95","","","","-27","","NA"
"-78.08","58.47","INUKJUAK A","7103280","2020-03-16 07:00","2020","03","16","07:00","-15.3","","-17.9","","81","","0.0","","19","","37","","12.9","","100.85","","","","-27","","NA"
"-78.08","58.47","INUKJUAK A","7103280","2020-03-16 08:00","2020","03","16","08:00","-14.9","","-17.5","","81","","0.0","","19","","37","","6.4","","100.73","","","","-27","","Fog"
"-78.08","58.47","INUKJUAK A","7103280","2020-03-16 09:00","2020","03","16","09:00","-13.7","","-16.2","","82","","0.0","","19","","37","","1.2","","100.62","","","","-25","","Snow"
"-78.08","58.47","INUKJUAK A","7103280","2020-03-16 10:00","2020","03","16","10:00","-12.6","","-14.9","","83","","0.0","","19","","35","","1.2","","100.48","","","","-24","","Snow"
"-78.08","58.47","INUKJUAK A","7103280","2020-03-16 11:00","2020","03","16","11:00","-11.6","","-13.8","","84","","0.0","","19","","41","","0.8","","100.32","","","","-23","","Moderate Snow,Blowing Snow"
"-78.08","58.47","INUKJUAK A","7103280","2020-03-16 12:00","2020","03","16","12:00","-10.7","","-12.8","","85","","0.0","","19","","34","","0.8","","100.16","","","","-21","","Moderate Snow"
"-78.08","58.47","INUKJUAK A","7103280","2020-03-16 13:00","2020","03","16","13:00","-10.2","","-12.3","","85","","0.0","","19","","45","","0.6","","100.00","","","","-22","","Moderate Snow"
"-78.08","58.47","INUKJUAK A","7103280","2020-03-16 14:00","2020","03","16","14:00","-9.8","","-11.9","","85","","0.0","","19","","48","","0.6","","99.85","","","","-21","","Moderate Snow"
"-78.08","58.47","INUKJUAK A","7103280","2020-03-16 15:00","2020","03","16","15:00","-9.0","","-10.8","","87","","0.0","","20","","45","","0.6","","99.72","","","","-20","","Moderate Snow"
"-78.08","58.47","INUKJUAK A","7103280","2020-03-16 16:00","2020","03","16","16:00","-9.1","","-10.9","","87","","0.0","","20","","39","","0.6","","99.59","","","","-19","","Moderate Snow"
"-78.08","58.47","INUKJUAK A","7103280","2020-03-16 17:00","2020","03","16","17:00","-9.0","","-10.6","","88","","0.0","","19","","35","","1.0","","99.50","","","","-19","","Snow"
"-78.08","58.47","INUKJUAK A","7103280","2020-03-16 18:00","2020","03","16","18:00","-8.6","","-10.4","","87","","0.0","","21","","30","","3.2","","99.41","","","","-18","","Snow"
"-78.08","58.47","INUKJUAK A","7103280","2020-03-16 19:00","2020","03","16","19:00","-8.5","","-10.2","","88","","0.0","","21","","30","","3.6","","99.33","","","","-18","","Snow"
"-78.08","58.47","INUKJUAK A","7103280","2020-03-16 20:00","2020","03","16","20:00","-8.5","","-10.0","","89","","0.0","","21","","28","","4.8","","99.27","","","","-17","","Snow"
"-78.08","58.47","INUKJUAK A","7103280","2020-03-16 21:00","2020","03","16","21:00","-8.8","","-10.2","","90","","0.0","","22","","22","","2.4","","99.19","","","","-17","","Snow"
"-78.08","58.47","INUKJUAK A","7103280","2020-03-16 22:00","2020","03","16","22:00","-9.1","","-10.6","","89","","0.0","","24","","21","","3.2","","99.16","","","","-17","","Snow"
"-78.08","58.47","INUKJUAK A","7103280","2020-03-16 23:00","2020","03","16","23:00","-9.9","","-11.5","","88","","0.0","","25","","21","","4.8","","99.13","","","","-18","","Snow"
"-78.08","58.47","INUKJUAK A","7103280","2020-03-17 00:00","2020","03","17","00:00","-11.0","","-12.8","","87","","0.0","","26","","22","","6.4","","99.11","","","","-20","","Snow"
"-78.08","58.47","INUKJUAK A","7103280","2020-03-17 01:00","2020","03","17","01:00","-12.4","","-14.1","","87","","0.0","","26","","21","","16.1","","99.10","","","","-21","","Snow"
"-78.08","58.47","INUKJUAK A","7103280","2020-03-17 02:00","2020","03","17","02:00","-13.6","","-15.6","","85","","0.0","","28","","24","","16.1","","99.09","","","","-23","","Snow"
"-78.08","58.47","INUKJUAK A","7103280","2020-03-17 03:00","2020","03","17","03:00","-14.3","","-16.6","","83","","0.0","","28","","28","","16.1","","99.13","","","","-25","","Snow"
"-78.08","58.47","INUKJUAK A","7103280","2020-03-17 04:00","2020","03","17","04:00","-14.9","","-17.2","","83","","0.0","","27","","26","","8.1","","99.20","","","","-25","","Snow"
"-78.08","58.47","INUKJUAK A","7103280","2020-03-17 05:00","2020","03","17","05:00","-17.0","","-19.7","","80","","0.0","","27","","30","","3.2","","99.26","","","","-29","","Snow"
"-78.08","58.47","INUKJUAK A","7103280","2020-03-17 06:00","2020","03","17","06:00","-17.9","","-20.8","","78","","0.0","","27","","30","","4.8","","99.30","","","","-30","","Snow"
"-78.08","58.47","INUKJUAK A","7103280","2020-03-17 07:00","2020","03","17","07:00","-18.7","","-21.6","","78","","0.0","","26","","32","","2.0","","99.35","","","","-31","","Snow"
"-78.08","58.47","INUKJUAK A","7103280","2020-03-17 08:00","2020","03","17","08:00","-19.4","","-22.2","","79","","0.0","","26","","26","","4.8","","99.41","","","","-31","","Haze"
"-78.08","58.47","INUKJUAK A","7103280","2020-03-17 09:00","2020","03","17","09:00","-19.8","","-22.9","","77","","0.0","","26","","26","","9.7","","99.48","","","","-32","","Haze"
"-78.08","58.47","INUKJUAK A","7103280","2020-03-17 10:00","2020","03","17","10:00","-18.9","","-22.1","","76","","0.0","","24","","22","","4.8","","99.52","","","","-30","","Snow"
"-78.08","58.47","INUKJUAK A","7103280","2020-03-17 11:00","2020","03","17","11:00","-18.7","","-21.9","","76","","0.0","","24","","26","","4.8","","99.55","","","","-30","","Haze"
"-78.08","58.47","INUKJUAK A","7103280","2020-03-17 12:00","2020","03","17","12:00","-18.6","","-22.0","","75","","0.0","","24","","34","","8.1","","99.58","","","","-31","","Snow"
"-78.08","58.47","INUKJUAK A","7103280","2020-03-17 13:00","2020","03","17","13:00","-18.8","","-22.2","","75","","0.0","","25","","28","","4.8","","99.63","","","","-31","","Snow"
"-78.08","58.47","INUKJUAK A","7103280","2020-03-17 14:00","2020","03","17","14:00","-18.3","","-21.9","","74","","0.0","","24","","32","","4.0","","99.66","","","","-31","","Snow"
"-78.08","58.47","INUKJUAK A","7103280","2020-03-17 15:00","2020","03","17","15:00","-17.7","","-21.4","","73","","0.0","","24","","35","","4.8","","99.75","","","","-30","","Haze"
"-78.08","58.47","INUKJUAK A","7103280","2020-03-17 16:00","2020","03","17","16:00","-18.0","","-21.3","","76","","0.0","","24","","35","","2.0","","99.78","","","","-31","","Snow"
"-78.08","58.47","INUKJUAK A","7103280","2020-03-17 17:00","2020","03","17","17:00","-17.8","","-20.9","","77","","0.0","","23","","32","","2.0","","99.82","","","","-30","","Snow"
"-78.08","58.47","INUKJUAK A","7103280","2020-03-17 18:00","2020","03","17","18:00","-18.0","","-20.8","","79","","0.0","","22","","28","","4.8","","99.87","","","","-30","","Snow"
"-78.08","58.47","INUKJUAK A","7103280","2020-03-17 19:00","2020","03","17","19:00","-17.6","","-20.6","","78","","0.0","","23","","26","","4.8","","99.92","","","","-29","","Snow"
"-78.08","58.47","INUKJUAK A","7103280","2020-03-17 20:00","2020","03","17","20:00","-17.7","","-20.5","","79","","0.0","","23","","21","","11.3","","99.95","","","","-28","","Snow"
"-78.08","58.47","INUKJUAK A","7103280","2020-03-17 21:00","2020","03","17","21:00","-17.9","","-20.3","","82","","0.0","","23","","18","","8.1","","99.96","","","","-27","","Snow"
"-78.08","58.47","INUKJUAK A","7103280","2020-03-17 22:00","2020","03","17","22:00","-16.8","","-19.0","","83","","0.0","","23","","21","","4.8","","99.96","","","","-27","","Snow"
"-78.08","58.47","INUKJUAK A","7103280","2020-03-17 23:00","2020","03","17","23:00","-17.9","","-20.6","","80","","0.0","","26","","22","","16.1","","99.99","","","","-28","","Snow"
"-78.08","58.47","INUKJUAK A","7103280","2020-03-18 00:00","2020","03","18","00:00","-18.0","","-20.4","","82","","0.0","","25","","18","","9.7","","100.05","","","","-27","","Snow"
"-78.08","58.47","INUKJUAK A","7103280","2020-03-18 01:00","2020","03","18","01:00","-18.0","","-20.4","","82","","0.0","","27","","24","","6.4","","100.13","","","","-29","","Snow"
"-78.08","58.47","INUKJUAK A","7103280","2020-03-18 02:00","2020","03","18","02:00","-18.5","","-21.0","","81","","0.0","","28","","24","","6.4","","100.25","","","","-29","","Snow"
"-78.08","58.47","INUKJUAK A","7103280","2020-03-18 03:00","2020","03","18","03:00","-19.1","","-21.9","","79","","0.0","","29","","34","","4.0","","100.33","","","","-32","","Snow"
"-78.08","58.47","INUKJUAK A","7103280","2020-03-18 04:00","2020","03","18","04:00","-20.5","","-23.3","","79","","0.0","","28","","32","","6.4","","100.40","","","","-34","","Haze"
"-78.08","58.47","INUKJUAK A","7103280","2020-03-18 05:00","2020","03","18","05:00","-22.0","","-24.7","","79","","0.0","","27","","28","","2.4","","100.53","","","","-35","","Snow"
"-78.08","58.47","INUKJUAK A","7103280","2020-03-18 06:00","2020","03","18","06:00","-23.1","","-25.9","","78","","0.0","","27","","30","","4.8","","100.60","","","","-37","","Haze"
"-78.08","58.47","INUKJUAK A","7103280","2020-03-18 07:00","2020","03","18","07:00","-23.7","","-26.7","","77","","0.0","","27","","30","","6.4","","100.71","","","","-37","","Snow"
"-78.08","58.47","INUKJUAK A","7103280","2020-03-18 08:00","2020","03","18","08:00","-23.5","","-26.6","","76","","0.0","","27","","30","","3.6","","100.81","","","","-37","","Haze"
"-78.08","58.47","INUKJUAK A","7103280","2020-03-18 09:00","2020","03","18","09:00","-22.9","","-26.0","","76","","0.0","","26","","26","","6.4","","100.89","","","","-36","","Haze"
"-78.08","58.47","INUKJUAK A","7103280","2020-03-18 10:00","2020","03","18","10:00","-22.1","","-25.4","","75","","0.0","","26","","32","","3.2","","100.98","","","","-36","","Haze"
"-78.08","58.47","INUKJUAK A","7103280","2020-03-18 11:00","2020","03","18","11:00","-22.3","","-25.8","","74","","0.0","","27","","30","","4.8","","101.07","","","","-36","","Haze"
"-78.08","58.47","INUKJUAK A","7103280","2020-03-18 12:00","2020","03","18","12:00","-21.8","","-25.3","","74","","0.0","","26","","32","","6.4","","101.14","","","","-35","","Haze"
"-78.08","58.47","INUKJUAK A","7103280","2020-03-18 13:00","2020","03","18","13:00","-21.5","","-25.0","","74","","0.0","","27","","35","","3.2","","101.23","","","","-35","","Snow"
"-78.08","58.47","INUKJUAK A","7103280","2020-03-18 14:00","2020","03","18","14:00","-21.4","","-25.0","","73","","0.0","","27","","37","","2.8","","101.35","","","","-36","","Haze"
"-78.08","58.47","INUKJUAK A","7103280","2020-03-18 15:00","2020","03","18","15:00","-21.4","","-25.0","","73","","0.0","","28","","34","","6.4","","101.42","","","","-35","","Haze"
"-78.08","58.47","INUKJUAK A","7103280","2020-03-18 16:00","2020","03","18","16:00","-21.2","","-24.8","","73","","0.0","","28","","34","","14.5","","101.53","","","","-35","","NA"
"-78.08","58.47","INUKJUAK A","7103280","2020-03-18 17:00","2020","03","18","17:00","-21.6","","-25.1","","74","","0.0","","28","","32","","16.1","","101.62","","","","-35","","NA"
"-78.08","58.47","INUKJUAK A","7103280","2020-03-18 18:00","2020","03","18","18:00","-22.0","","-25.5","","74","","0.0","","28","","30","","16.1","","101.67","","","","-35","","NA"
"-78.08","58.47","INUKJUAK A","7103280","2020-03-18 19:00","2020","03","18","19:00","-22.8","","-25.8","","77","","0.0","","26","","22","","16.1","","101.74","","","","-35","","NA"
"-78.08","58.47","INUKJUAK A","7103280","2020-03-18 20:00","2020","03","18","20:00","-22.8","","-25.7","","78","","0.0","","25","","17","","16.1","","101.83","","","","-33","","Snow"
"-78.08","58.47","INUKJUAK A","7103280","2020-03-18 21:00","2020","03","18","21:00","-23.1","","-25.9","","78","","0.0","","22","","9","","11.3","","101.89","","","","-30","","Snow"
"-78.08","58.47","INUKJUAK A","7103280","2020-03-18 22:00","2020","03","18","22:00","-23.7","","-26.5","","78","","0.0","","26","","22","","14.5","","101.88","","","","-36","","Snow"
"-78.08","58.47","INUKJUAK A","7103280","2020-03-18 23:00","2020","03","18","23:00","-24.3","","-27.1","","78","","0.0","","26","","18","","16.1","","101.90","","","","-35","","NA"
"-78.08","58.47","INUKJUAK A","7103280","2020-03-19 00:00","2020","03","19","00:00","-25.5","","-28.4","","77","","0.0","","25","","15","","16.1","","101.95","","","","-36","","Snow"
"-78.08","58.47","INUKJUAK A","7103280","2020-03-19 01:00","2020","03","19","01:00","-24.9","","-27.8","","77","","0.0","","26","","18","","3.2","","101.97","","","","-36","","Snow"
"-78.08","58.47","INUKJUAK A","7103280","2020-03-19 02:00","2020","03","19","02:00","-25.0","","-27.8","","78","","0.0","","26","","18","","16.1","","102.00","","","","-36","","NA"
"-78.08","58.47","INUKJUAK A","7103280","2020-03-19 03:00","2020","03","19","03:00","-26.7","","-29.7","","76","","0.0","","24","","18","","16.1","","102.06","","","","-38","","NA"
"-78.08","58.47","INUKJUAK A","7103280","2020-03-19 04:00","2020","03","19","04:00","-26.7","","-29.7","","76","","0.0","","23","","21","","16.1","","102.08","","","","-39","","NA"
"-78.08","58.47","INUKJUAK A","7103280","2020-03-19 05:00","2020","03","19","05:00","-26.7","","-29.7","","76","","0.0","","23","","22","","16.1","","102.09","","","","-39","","NA"
"-78.08","58.47","INUKJUAK A","7103280","2020-03-19 06:00","2020","03","19","06:00","-27.0","","-30.0","","76","","0.0","","22","","22","","16.1","","102.11","","","","-40","","NA"
"-78.08","58.47","INUKJUAK A","7103280","2020-03-19 07:00","2020","03","19","07:00","-26.9","","-29.9","","76","","0.0","","23","","22","","16.1","","102.14","","","","-40","","NA"
"-78.08","58.47","INUKJUAK A","7103280","2020-03-19 08:00","2020","03","19","08:00","-25.9","","-28.8","","77","","0.0","","24","","22","","2.0","","102.21","","","","-38","","Haze"
"-78.08","58.47","INUKJUAK A","7103280","2020-03-19 09:00","2020","03","19","09:00","-25.2","","-28.1","","77","","0.0","","24","","21","","11.3","","102.20","","","","-37","","NA"
"-78.08","58.47","INUKJUAK A","7103280","2020-03-19 10:00","2020","03","19","10:00","-24.4","","-27.4","","77","","0.0","","22","","21","","11.3","","102.21","","","","-36","","NA"
"-78.08","58.47","INUKJUAK A","7103280","2020-03-19 11:00","2020","03","19","11:00","-23.2","","-26.0","","78","","0.0","","23","","17","","9.7","","102.24","","","","-34","","Haze"
"-78.08","58.47","INUKJUAK A","7103280","2020-03-19 12:00","2020","03","19","12:00","-22.0","","-24.7","","79","","0.0","","23","","24","","16.1","","102.22","","","","-34","","NA"
"-78.08","58.47","INUKJUAK A","7103280","2020-03-19 13:00","2020","03","19","13:00","-21.4","","-24.1","","79","","0.0","","24","","26","","3.2","","102.27","","","","-34","","Snow"
"-78.08","58.47","INUKJUAK A","7103280","2020-03-19 14:00","2020","03","19","14:00","-20.8","","-23.6","","79","","0.0","","23","","28","","2.8","","102.28","","","","-33","","Fog"
"-78.08","58.47","INUKJUAK A","7103280","2020-03-19 15:00","2020","03","19","15:00","-20.4","","-23.0","","80","","0.0","","24","","26","","16.1","","102.31","","","","-32","","NA"
"-78.08","58.47","INUKJUAK A","7103280","2020-03-19 16:00","2020","03","19","16:00","-20.4","","-23.0","","80","","0.0","","24","","22","","16.1","","102.29","","","","-31","","NA"
"-78.08","58.47","INUKJUAK A","7103280","2020-03-19 17:00","2020","03","19","17:00","-20.8","","-23.4","","80","","0.0","","25","","15","","16.1","","102.27","","","","-30","","NA"
"-78.08","58.47","INUKJUAK A","7103280","2020-03-19 18:00","2020","03","19","18:00","-21.5","","-24.1","","80","","0.0","","24","","18","","16.1","","102.28","","","","-32","","NA"
"-78.08","58.47","INUKJUAK A","7103280","2020-03-19 19:00","2020","03","19","19:00","-21.7","","-24.3","","80","","0.0","","24","","21","","14.5","","102.31","","","","-33","","Snow"
"-78.08","58.47","INUKJUAK A","7103280","2020-03-19 20:00","2020","03","19","20:00","-22.4","","-25.1","","79","","0.0","","24","","17","","16.1","","102.27","","","","-33","","Snow"
"-78.08","58.47","INUKJUAK A","7103280","2020-03-19 21:00","2020","03","19","21:00","-23.9","","-26.7","","78","","0.0","","25","","9","","8.1","","102.30","","","","-31","","Snow"
"-78.08","58.47","INUKJUAK A","7103280","2020-03-19 22:00","2020","03","19","22:00","-23.1","","-25.9","","78","","0.0","","26","","8","","16.1","","102.26","","","","-30","","Snow"
"-78.08","58.47","INUKJUAK A","7103280","2020-03-19 23:00","2020","03","19","23:00","-24.6","","-27.4","","78","","0.0","","23","","5","","16.1","","102.24","","","","-29","","NA"
"-78.08","58.47","INUKJUAK A","7103280","2020-03-20 00:00","2020","03","20","00:00","-25.6","","-28.5","","77","","0.0","","24","","8","","16.1","","102.22","","","","-33","","Snow"
"-78.08","58.47","INUKJUAK A","7103280","2020-03-20 01:00","2020","03","20","01:00","-26.2","","-29.1","","77","","0.0","","24","","5","","16.1","","102.19","","","","-31","","NA"
"-78.08","58.47","INUKJUAK A","7103280","2020-03-20 02:00","2020","03","20","02:00","-27.3","","-30.3","","76","","0.0","","22","","5","","16.1","","102.18","","","","-33","","NA"
"-78.08","58.47","INUKJUAK A","7103280","2020-03-20 03:00","2020","03","20","03:00","-27.2","","-30.2","","76","","0.0","","22","","8","","16.1","","102.13","","","","-35","","NA"
"-78.08","58.47","INUKJUAK A","7103280","2020-03-20 04:00","2020","03","20","04:00","-28.3","","-31.5","","75","","0.0","","","M","4","","11.3","","102.10","","","","-33","","NA"
"-78.08","58.47","INUKJUAK A","7103280","2020-03-20 05:00","2020","03","20","05:00","-30.3","","-33.7","","73","","0.0","","","","0","","16.1","","102.07","","","","","","Snow"
"-78.08","58.47","INUKJUAK A","7103280","2020-03-20 06:00","2020","03","20","06:00","-29.8","","-33.1","","74","","0.0","","","M","4","","16.1","","102.04","","","","-34","","NA"
"-78.08","58.47","INUKJUAK A","7103280","2020-03-20 07:00","2020","03","20","07:00","-32.0","","-35.5","","72","","0.0","","","","0","","16.1","","102.03","","","","","","NA"
"-78.08","58.47","INUKJUAK A","7103280","2020-03-20 08:00","2020","03","20","08:00","-29.3","","-32.6","","74","","0.0","","23","","8","","16.1","","102.03","","","","-37","","NA"
"-78.08","58.47","INUKJUAK A","7103280","2020-03-20 09:00","2020","03","20","09:00","-27.1","","-30.3","","75","","0.0","","23","","5","","14.5","","101.98","","","","-32","","NA"
"-78.08","58.47","INUKJUAK A","7103280","2020-03-20 10:00","2020","03","20","10:00","-26.2","","-29.3","","76","","0.0","","23","","5","","16.1","","101.94","","","","-31","","NA"
"-78.08","58.47","INUKJUAK A","7103280","2020-03-20 11:00","2020","03","20","11:00","-25.4","","-28.5","","76","","0.0","","","","0","","16.1","","101.87","","","","","","NA"
"-78.08","58.47","INUKJUAK A","7103280","2020-03-20 12:00","2020","03","20","12:00","-24.7","","-27.7","","77","","0.0","","","","0","","14.5","","101.82","","","","","","Snow"
"-78.08","58.47","INUKJUAK A","7103280","2020-03-20 13:00","2020","03","20","13:00","-23.6","","-26.5","","78","","0.0","","32","","15","","16.1","","101.77","","","","-34","","Snow"
"-78.08","58.47","INUKJUAK A","7103280","2020-03-20 14:00","2020","03","20","14:00","-23.3","","-26.1","","78","","0.0","","34","","11","","16.1","","101.74","","","","-32","","NA"
"-78.08","58.47","INUKJUAK A","7103280","2020-03-20 15:00","2020","03","20","15:00","-23.1","","-25.9","","78","","0.0","","3","","9","","16.1","","101.72","","","","-30","","NA"
"-78.08","58.47","INUKJUAK A","7103280","2020-03-20 16:00","2020","03","20","16:00","-23.4","","-26.2","","78","","0.0","","2","","5","","8.1","","101.71","","","","-28","","Haze"
"-78.08","58.47","INUKJUAK A","7103280","2020-03-20 17:00","2020","03","20","17:00","-23.7","","-26.5","","78","","0.0","","36","","8","","16.1","","101.71","","","","-31","","NA"
"-78.08","58.47","INUKJUAK A","7103280","2020-03-20 18:00","2020","03","20","18:00","-24.4","","-27.4","","77","","0.0","","33","","11","","16.1","","101.74","","","","-33","","NA"
"-78.08","58.47","INUKJUAK A","7103280","2020-03-20 19:00","2020","03","20","19:00","-25.6","","-28.6","","76","","0.0","","33","","11","","16.1","","101.75","","","","-34","","NA"
"-78.08","58.47","INUKJUAK A","7103280","2020-03-20 20:00","2020","03","20","20:00","-25.3","","-28.2","","77","","0.0","","33","","5","","16.1","","101.78","","","","-30","","NA"
"-78.08","58.47","INUKJUAK A","7103280","2020-03-20 21:00","2020","03","20","21:00","-27.0","","-30.0","","76","","0.0","","","","0","","16.1","","101.79","","","","","","NA"
"-78.08","58.47","INUKJUAK A","7103280","2020-03-20 22:00","2020","03","20","22:00","-29.3","","-32.6","","74","","0.0","","","","0","","16.1","","101.79","","","","","","NA"
"-78.08","58.47","INUKJUAK A","7103280","2020-03-20 23:00","2020","03","20","23:00","-29.0","","-32.3","","74","","0.0","","32","","11","","16.1","","101.79","","","","-38","","NA"
"-78.08","58.47","INUKJUAK A","7103280","2020-03-21 00:00","2020","03","21","00:00","-30.1","","-33.3","","74","","0.0","","","M","4","","16.1","","101.80","","","","-35","","NA"
"-78.08","58.47","INUKJUAK A","7103280","2020-03-21 01:00","2020","03","21","01:00","-29.9","","-33.2","","74","","0.0","","","","0","","16.1","","101.82","","","","","","NA"
"-78.08","58.47","INUKJUAK A","7103280","2020-03-21 02:00","2020","03","21","02:00","-31.1","","-34.5","","73","","0.0","","","","0","","16.1","","101.85","","","","","","NA"
"-78.08","58.47","INUKJUAK A","7103280","2020-03-21 03:00","2020","03","21","03:00","-32.0","","-35.3","","73","","0.0","","","","0","","16.1","","101.87","","","","","","NA"
"-78.08","58.47","INUKJUAK A","7103280","2020-03-21 04:00","2020","03","21","04:00","-31.1","","-34.5","","73","","0.0","","","","0","","16.1","","101.92","","","","","","NA"
"-78.08","58.47","INUKJUAK A","7103280","2020-03-21 05:00","2020","03","21","05:00","-31.5","","-35.0","","72","","0.0","","","","0","","16.1","","101.99","","","","","","Snow"
"-78.08","58.47","INUKJUAK A","7103280","2020-03-21 06:00","2020","03","21","06:00","-32.8","","-36.3","","72","","0.0","","","M","4","","16.1","","102.02","","","","-38","","NA"
"-78.08","58.47","INUKJUAK A","7103280","2020-03-21 07:00","2020","03","21","07:00","-26.3","","-29.4","","76","","0.0","","31","","8","","16.1","","102.08","","","","-34","","Snow"
"-78.08","58.47","INUKJUAK A","7103280","2020-03-21 08:00","2020","03","21","08:00","-26.7","","-29.9","","75","","0.0","","25","","9","","16.1","","102.17","","","","-35","","NA"
"-78.08","58.47","INUKJUAK A","7103280","2020-03-21 09:00","2020","03","21","09:00","-24.6","","-27.6","","77","","0.0","","24","","13","","16.1","","102.22","","","","-34","","NA"
"-78.08","58.47","INUKJUAK A","7103280","2020-03-21 10:00","2020","03","21","10:00","-22.6","","-25.5","","78","","0.0","","28","","18","","16.1","","102.25","","","","-33","","NA"
"-78.08","58.47","INUKJUAK A","7103280","2020-03-21 11:00","2020","03","21","11:00","-21.9","","-24.6","","79","","0.0","","30","","17","","16.1","","102.32","","","","-32","","NA"
"-78.08","58.47","INUKJUAK A","7103280","2020-03-21 12:00","2020","03","21","12:00","-21.6","","-24.3","","79","","0.0","","29","","22","","16.1","","102.39","","","","-33","","NA"
"-78.08","58.47","INUKJUAK A","7103280","2020-03-21 13:00","2020","03","21","13:00","-21.0","","-23.7","","80","","0.0","","31","","21","","14.5","","102.45","","","","-32","","Snow"
"-78.08","58.47","INUKJUAK A","7103280","2020-03-21 14:00","2020","03","21","14:00","-20.0","","-22.6","","80","","0.0","","32","","18","","11.3","","102.49","","","","-30","","NA"
"-78.08","58.47","INUKJUAK A","7103280","2020-03-21 15:00","2020","03","21","15:00","-19.4","","-21.9","","81","","0.0","","29","","22","","9.7","","102.52","","","","-30","","Haze"
"-78.08","58.47","INUKJUAK A","7103280","2020-03-21 16:00","2020","03","21","16:00","-19.5","","-22.0","","81","","0.0","","27","","21","","16.1","","102.53","","","","-30","","Snow"
"-78.08","58.47","INUKJUAK A","7103280","2020-03-21 17:00","2020","03","21","17:00","-19.8","","-22.3","","81","","0.0","","27","","21","","16.1","","102.61","","","","-30","","NA"
"-78.08","58.47","INUKJUAK A","7103280","2020-03-21 18:00","2020","03","21","18:00","-20.2","","-22.8","","80","","0.0","","28","","18","","16.1","","102.68","","","","-30","","NA"
"-78.08","58.47","INUKJUAK A","7103280","2020-03-21 19:00","2020","03","21","19:00","-20.8","","-23.4","","80","","0.0","","26","","21","","16.1","","102.69","","","","-32","","NA"
"-78.08","58.47","INUKJUAK A","7103280","2020-03-21 20:00","2020","03","21","20:00","-20.8","","-23.4","","80","","0.0","","25","","21","","16.1","","102.72","","","","-32","","NA"
"-78.08","58.47","INUKJUAK A","7103280","2020-03-21 21:00","2020","03","21","21:00","-22.0","","-24.7","","79","","0.0","","24","","21","","16.1","","102.74","","","","-33","","NA"
"-78.08","58.47","INUKJUAK A","7103280","2020-03-21 22:00","2020","03","21","22:00","-22.9","","-25.6","","79","","0.0","","23","","24","","16.1","","102.70","","","","-35","","NA"
"-78.08","58.47","INUKJUAK A","7103280","2020-03-21 23:00","2020","03","21","23:00","-23.7","","-26.5","","78","","0.0","","22","","28","","3.6","","102.67","","","","-37","","Snow"
"-78.08","58.47","INUKJUAK A","7103280","2020-03-22 00:00","2020","03","22","00:00","-24.0","","-26.8","","78","","0.0","","","M","","M","","M","102.73","","","","","","NA"
"-78.08","58.47","INUKJUAK A","7103280","2020-03-22 01:00","2020","03","22","01:00","-23.3","","-26.1","","78","","0.0","","","M","","M","","M","102.67","","","","","","NA"
"-78.08","58.47","INUKJUAK A","7103280","2020-03-22 02:00","2020","03","22","02:00","-22.9","","-25.6","","79","","0.0","","21","","32","","2.0","","102.66","","","","-37","","Fog"
"-78.08","58.47","INUKJUAK A","7103280","2020-03-22 03:00","2020","03","22","03:00","-22.9","","-25.7","","78","","0.0","","21","","28","","2.4","","102.63","","","","-36","","Snow"
"-78.08","58.47","INUKJUAK A","7103280","2020-03-22 04:00","2020","03","22","04:00","-23.0","","-25.8","","78","","0.0","","20","","28","","3.6","","102.56","","","","-36","","Snow"
"-78.08","58.47","INUKJUAK A","7103280","2020-03-22 05:00","2020","03","22","05:00","-22.9","","-25.6","","79","","0.0","","20","","32","","4.0","","102.52","","","","-37","","Fog"
"-78.08","58.47","INUKJUAK A","7103280","2020-03-22 06:00","2020","03","22","06:00","-22.5","","-25.2","","79","","0.0","","20","","37","","2.4","","102.47","","","","-37","","Haze"
"-78.08","58.47","INUKJUAK A","7103280","2020-03-22 07:00","2020","03","22","07:00","-21.9","","-24.6","","79","","0.0","","20","","41","","2.4","","102.45","","","","-37","","Snow,Blowing Snow"
"-78.08","58.47","INUKJUAK A","7103280","2020-03-22 08:00","2020","03","22","08:00","-21.1","","-23.7","","80","","0.0","","19","","32","","16.1","","102.37","","","","-34","","NA"
"-78.08","58.47","INUKJUAK A","7103280","2020-03-22 09:00","2020","03","22","09:00","-19.7","","-22.2","","81","","0.0","","20","","32","","16.1","","102.30","","","","-33","","NA"
"-78.08","58.47","INUKJUAK A","7103280","2020-03-22 10:00","2020","03","22","10:00","-17.7","","-20.1","","82","","0.0","","20","","32","","16.1","","102.20","","","","-30","","NA"
"-78.08","58.47","INUKJUAK A","7103280","2020-03-22 11:00","2020","03","22","11:00","-16.7","","-18.9","","83","","0.0","","19","","30","","16.1","","102.12","","","","-28","","NA"
"-78.08","58.47","INUKJUAK A","7103280","2020-03-22 12:00","2020","03","22","12:00","-14.8","","-16.8","","85","","0.0","","20","","35","","9.7","","102.04","","","","-27","","Fog"
"-78.08","58.47","INUKJUAK A","7103280","2020-03-22 13:00","2020","03","22","13:00","-13.9","","-15.9","","85","","0.0","","20","","35","","12.9","","101.97","","","","-25","","NA"
"-78.08","58.47","INUKJUAK A","7103280","2020-03-22 14:00","2020","03","22","14:00","-13.0","","-15.0","","85","","0.0","","20","","35","","8.1","","101.89","","","","-24","","Fog"
"-78.08","58.47","INUKJUAK A","7103280","2020-03-22 15:00","2020","03","22","15:00","-12.5","","-14.7","","84","","0.0","","20","","34","","9.7","","101.79","","","","-23","","Haze"
"-78.08","58.47","INUKJUAK A","7103280","2020-03-22 16:00","2020","03","22","16:00","-11.9","","-14.7","","80","","0.0","","20","","35","","12.9","","101.71","","","","-23","","NA"
"-78.08","58.47","INUKJUAK A","7103280","2020-03-22 17:00","2020","03","22","17:00","-11.6","","-14.8","","78","","0.0","","20","","32","","16.1","","101.63","","","","-22","","NA"
"-78.08","58.47","INUKJUAK A","7103280","2020-03-22 18:00","2020","03","22","18:00","-11.6","","-14.7","","78","","0.0","","19","","34","","16.1","","101.55","","","","-22","","NA"
"-78.08","58.47","INUKJUAK A","7103280","2020-03-22 19:00","2020","03","22","19:00","-11.4","","-14.4","","79","","0.0","","19","","34","","16.1","","101.47","","","","-22","","NA"
"-78.08","58.47","INUKJUAK A","7103280","2020-03-22 20:00","2020","03","22","20:00","-11.1","","-14.1","","79","","0.0","","19","","32","","16.1","","101.40","","","","-21","","NA"
"-78.08","58.47","INUKJUAK A","7103280","2020-03-22 21:00","2020","03","22","21:00","-11.2","","-14.0","","80","","0.0","","19","","37","","12.9","","101.33","","","","-22","","NA"
"-78.08","58.47","INUKJUAK A","7103280","2020-03-22 22:00","2020","03","22","22:00","-11.0","","-13.8","","80","","0.0","","19","","34","","11.3","","101.25","","","","-21","","NA"
"-78.08","58.47","INUKJUAK A","7103280","2020-03-22 23:00","2020","03","22","23:00","-10.6","","-13.4","","80","","0.0","","19","","37","","6.4","","101.13","","","","-21","","Fog"
"-78.08","58.47","INUKJUAK A","7103280","2020-03-23 00:00","2020","03","23","00:00","-10.3","","-13.1","","80","","0.0","","19","","37","","4.8","","101.01","","","","-21","","Snow"
"-78.08","58.47","INUKJUAK A","7103280","2020-03-23 01:00","2020","03","23","01:00","-10.1","","-12.9","","80","","0.0","","19","","35","","16.1","","100.92","","","","-20","","NA"
"-78.08","58.47","INUKJUAK A","7103280","2020-03-23 02:00","2020","03","23","02:00","-9.8","","-12.8","","79","","0.0","","19","","39","","16.1","","100.79","","","","-20","","NA"
"-78.08","58.47","INUKJUAK A","7103280","2020-03-23 03:00","2020","03","23","03:00","-9.5","","-12.2","","81","","0.0","","19","","37","","8.1","","100.64","","","","-20","","Snow"
"-78.08","58.47","INUKJUAK A","7103280","2020-03-23 04:00","2020","03","23","04:00","-9.2","","-11.9","","81","","0.0","","19","","34","","3.6","","100.51","","","","-19","","Snow"
"-78.08","58.47","INUKJUAK A","7103280","2020-03-23 05:00","2020","03","23","05:00","-9.2","","-11.6","","83","","0.0","","19","","30","","9.7","","100.37","","","","-18","","Snow"
"-78.08","58.47","INUKJUAK A","7103280","2020-03-23 06:00","2020","03","23","06:00","-9.0","","-10.8","","87","","0.0","","19","","30","","1.2","","100.26","","","","-18","","Snow"
"-78.08","58.47","INUKJUAK A","7103280","2020-03-23 07:00","2020","03","23","07:00","-8.6","","-10.2","","88","","0.0","","19","","30","","1.2","","100.17","","","","-18","","Snow"
"-78.08","58.47","INUKJUAK A","7103280","2020-03-23 08:00","2020","03","23","08:00","-8.3","","-10.0","","88","","0.0","","19","","37","","1.2","","100.09","","","","-18","","Snow"
"-78.08","58.47","INUKJUAK A","7103280","2020-03-23 09:00","2020","03","23","09:00","-7.6","","-9.3","","88","","0.0","","19","","32","","1.2","","100.00","","","","-17","","Snow"
"-78.08","58.47","INUKJUAK A","7103280","2020-03-23 10:00","2020","03","23","10:00","-6.9","","-8.6","","88","","0.0","","20","","34","","2.0","","99.93","","","","-16","","Snow"
"-78.08","58.47","INUKJUAK A","7103280","2020-03-23 11:00","2020","03","23","11:00","-6.1","","-7.8","","88","","0.0","","20","","34","","8.1","","99.87","","","","-15","","Snow"
"-78.08","58.47","INUKJUAK A","7103280","2020-03-23 12:00","2020","03","23","12:00","-5.6","","-7.3","","88","","0.0","","21","","32","","4.8","","99.82","","","","-14","","Snow"
"-78.08","58.47","INUKJUAK A","7103280","2020-03-23 13:00","2020","03","23","13:00","-5.2","","-6.7","","89","","0.0","","21","","35","","4.0","","99.74","","","","-14","","Snow"
"-78.08","58.47","INUKJUAK A","7103280","2020-03-23 14:00","2020","03","23","14:00","-4.6","","-6.0","","90","","0.0","","22","","39","","8.1","","99.69","","","","-13","","Snow"
"-78.08","58.47","INUKJUAK A","7103280","2020-03-23 15:00","2020","03","23","15:00","-4.3","","-5.7","","90","","0.0","","23","","37","","3.6","","99.68","","","","-13","","Snow"
"-78.08","58.47","INUKJUAK A","7103280","2020-03-23 16:00","2020","03","23","16:00","-4.2","","-5.8","","89","","0.0","","24","","35","","8.1","","99.68","","","","-13","","Snow"
"-78.08","58.47","INUKJUAK A","7103280","2020-03-23 17:00","2020","03","23","17:00","-4.9","","-6.4","","89","","0.0","","25","","28","","11.3","","99.73","","","","-13","","Snow"
"-78.08","58.47","INUKJUAK A","7103280","2020-03-23 18:00","2020","03","23","18:00","-5.7","","-7.5","","87","","0.0","","26","","43","","2.0","","99.76","","","","-15","","Snow"
"-78.08","58.47","INUKJUAK A","7103280","2020-03-23 19:00","2020","03","23","19:00","-7.2","","-9.0","","87","","0.0","","27","","39","","1.6","","99.81","","","","-17","","Snow"
"-78.08","58.47","INUKJUAK A","7103280","2020-03-23 20:00","2020","03","23","20:00","-7.6","","-9.7","","85","","0.0","","26","","32","","8.1","","99.85","","","","-17","","Snow"
"-78.08","58.47","INUKJUAK A","7103280","2020-03-23 21:00","2020","03","23","21:00","-8.3","","-10.1","","87","","0.0","","25","","28","","3.2","","99.87","","","","-17","","Snow"
"-78.08","58.47","INUKJUAK A","7103280","2020-03-23 22:00","2020","03","23","22:00","-9.4","","-11.2","","87","","0.0","","26","","32","","4.8","","99.91","","","","-19","","Snow"
"-78.08","58.47","INUKJUAK A","7103280","2020-03-23 23:00","2020","03","23","23:00","-10.8","","-12.9","","85","","0.0","","30","","35","","2.4","","99.97","","","","-21","","Snow"
"-78.08","58.47","INUKJUAK A","7103280","2020-03-24 00:00","2020","03","24","00:00","-10.4","","-12.6","","84","","0.0","","29","","30","","9.7","","100.03","","","","-20","","Snow"
"-78.08","58.47","INUKJUAK A","7103280","2020-03-24 01:00","2020","03","24","01:00","-10.4","","-12.5","","85","","0.0","","29","","28","","16.1","","100.08","","","","-20","","Snow"
"-78.08","58.47","INUKJUAK A","7103280","2020-03-24 02:00","2020","03","24","02:00","-11.6","","-13.6","","85","","0.0","","28","","32","","4.8","","100.18","","","","-22","","Snow"
"-78.08","58.47","INUKJUAK A","7103280","2020-03-24 03:00","2020","03","24","03:00","-11.8","","-14.0","","84","","0.0","","28","","35","","2.8","","100.27","","","","-23","","Snow"
"-78.08","58.47","INUKJUAK A","7103280","2020-03-24 04:00","2020","03","24","04:00","-12.5","","-14.8","","83","","0.0","","30","","30","","8.1","","100.40","","","","-23","","Snow"
"-78.08","58.47","INUKJUAK A","7103280","2020-03-24 05:00","2020","03","24","05:00","-12.5","","-14.5","","85","","0.0","","28","","17","","16.1","","100.51","","","","-20","","Snow"
"-78.08","58.47","INUKJUAK A","7103280","2020-03-24 06:00","2020","03","24","06:00","-12.4","","-14.4","","85","","0.0","","28","","21","","9.7","","100.61","","","","-21","","Snow"
"-78.08","58.47","INUKJUAK A","7103280","2020-03-24 07:00","2020","03","24","07:00","-12.9","","-15.1","","84","","0.0","","31","","32","","16.1","","100.67","","","","-24","","Snow"
"-78.08","58.47","INUKJUAK A","7103280","2020-03-24 08:00","2020","03","24","08:00","-13.3","","-15.5","","84","","0.0","","29","","28","","6.4","","100.82","","","","-24","","Snow"
"-78.08","58.47","INUKJUAK A","7103280","2020-03-24 09:00","2020","03","24","09:00","-14.9","","-17.5","","81","","0.0","","29","","26","","16.1","","100.91","","","","-25","","NA"
"-78.08","58.47","INUKJUAK A","7103280","2020-03-24 10:00","2020","03","24","10:00","-15.1","","-17.7","","81","","0.0","","30","","22","","16.1","","100.95","","","","-25","","NA"
"-78.08","58.47","INUKJUAK A","7103280","2020-03-24 11:00","2020","03","24","11:00","-15.3","","-18.2","","79","","0.0","","29","","15","","16.1","","101.01","","","","-23","","NA"
"-78.08","58.47","INUKJUAK A","7103280","2020-03-24 12:00","2020","03","24","12:00","-14.7","","-17.6","","79","","0.0","","27","","24","","16.1","","101.10","","","","-25","","NA"
"-78.08","58.47","INUKJUAK A","7103280","2020-03-24 13:00","2020","03","24","13:00","-14.7","","-17.5","","79","","0.0","","27","","18","","16.1","","101.14","","","","-23","","NA"
"-78.08","58.47","INUKJUAK A","7103280","2020-03-24 14:00","2020","03","24","14:00","-14.5","","-17.4","","79","","0.0","","28","","18","","16.1","","101.18","","","","-23","","NA"
"-78.08","58.47","INUKJUAK A","7103280","2020-03-24 15:00","2020","03","24","15:00","-14.6","","-17.5","","79","","0.0","","27","","15","","16.1","","101.22","","","","-22","","NA"
"-78.08","58.47","INUKJUAK A","7103280","2020-03-24 16:00","2020","03","24","16:00","-15.0","","-17.9","","79","","0.0","","25","","13","","16.1","","101.25","","","","-22","","NA"
"-78.08","58.47","INUKJUAK A","7103280","2020-03-24 17:00","2020","03","24","17:00","-15.3","","-18.2","","79","","0.0","","26","","11","","16.1","","101.24","","","","-22","","NA"
"-78.08","58.47","INUKJUAK A","7103280","2020-03-24 18:00","2020","03","24","18:00","-15.7","","-18.4","","80","","0.0","","26","","11","","16.1","","101.27","","","","-22","","NA"
"-78.08","58.47","INUKJUAK A","7103280","2020-03-24 19:00","2020","03","24","19:00","-15.8","","-18.4","","81","","0.0","","27","","8","","16.1","","101.28","","","","-21","","NA"
"-78.08","58.47","INUKJUAK A","7103280","2020-03-24 20:00","2020","03","24","20:00","-16.3","","-18.8","","81","","0.0","","33","","9","","4.8","","101.31","","","","-22","","Snow"
"-78.08","58.47","INUKJUAK A","7103280","2020-03-24 21:00","2020","03","24","21:00","-16.5","","-18.9","","82","","0.0","","34","","18","","16.1","","101.29","","","","-26","","Snow"
"-78.08","58.47","INUKJUAK A","7103280","2020-03-24 22:00","2020","03","24","22:00","-18.3","","-20.7","","82","","0.0","","4","","9","","16.1","","101.34","","","","-25","","NA"
"-78.08","58.47","INUKJUAK A","7103280","2020-03-24 23:00","2020","03","24","23:00","-18.9","","-21.3","","82","","0.0","","5","","9","","16.1","","101.33","","","","-25","","NA"
"-78.08","58.47","INUKJUAK A","7103280","2020-03-25 00:00","2020","03","25","00:00","-20.0","","-22.3","","82","","0.0","","4","","9","","16.1","","101.34","","","","-27","","NA"
"-78.08","58.47","INUKJUAK A","7103280","2020-03-25 01:00","2020","03","25","01:00","-21.0","","-23.3","","82","","0.0","","4","","9","","16.1","","101.35","","","","-28","","NA"
"-78.08","58.47","INUKJUAK A","7103280","2020-03-25 02:00","2020","03","25","02:00","-21.6","","-24.0","","81","","0.0","","4","","11","","16.1","","101.33","","","","-30","","NA"
"-78.08","58.47","INUKJUAK A","7103280","2020-03-25 03:00","2020","03","25","03:00","-21.5","","-23.9","","81","","0.0","","6","","13","","16.1","","101.30","","","","-30","","NA"
"-78.08","58.47","INUKJUAK A","7103280","2020-03-25 04:00","2020","03","25","04:00","-21.4","","-23.8","","81","","0.0","","5","","11","","16.1","","101.25","","","","-29","","NA"
"-78.08","58.47","INUKJUAK A","7103280","2020-03-25 05:00","2020","03","25","05:00","-21.0","","-23.5","","81","","0.0","","4","","9","","16.1","","101.27","","","","-28","","NA"
"-78.08","58.47","INUKJUAK A","7103280","2020-03-25 06:00","2020","03","25","06:00","-20.3","","-22.8","","81","","0.0","","7","","22","","8.1","","101.20","","","","-31","","Haze"
"-78.08","58.47","INUKJUAK A","7103280","2020-03-25 07:00","2020","03","25","07:00","-19.4","","-21.9","","81","","0.0","","8","","24","","16.1","","101.12","","","","-31","","NA"
"-78.08","58.47","INUKJUAK A","7103280","2020-03-25 08:00","2020","03","25","08:00","-18.3","","-20.7","","82","","0.0","","8","","24","","16.1","","101.05","","","","-29","","NA"
"-78.08","58.47","INUKJUAK A","7103280","2020-03-25 09:00","2020","03","25","09:00","-17.6","","-20.1","","81","","0.0","","7","","34","","16.1","","100.94","","","","-30","","NA"
"-78.08","58.47","INUKJUAK A","7103280","2020-03-25 10:00","2020","03","25","10:00","-16.5","","-19.2","","80","","0.0","","8","","34","","16.1","","100.83","","","","-29","","NA"
"-78.08","58.47","INUKJUAK A","7103280","2020-03-25 11:00","2020","03","25","11:00","-15.0","","-17.9","","79","","0.0","","8","","39","","11.3","","100.67","","","","-27","","NA"
"-78.08","58.47","INUKJUAK A","7103280","2020-03-25 12:00","2020","03","25","12:00","-14.1","","-16.7","","81","","0.0","","8","","46","","2.8","","100.49","","","","-27","","Snow,Blowing Snow"
"-78.08","58.47","INUKJUAK A","7103280","2020-03-25 13:00","2020","03","25","13:00","-13.4","","-15.9","","82","","0.0","","8","","48","","3.2","","100.31","","","","-26","","Snow,Blowing Snow"
"-78.08","58.47","INUKJUAK A","7103280","2020-03-25 14:00","2020","03","25","14:00","-13.1","","-15.4","","83","","0.0","","7","","52","","2.0","","100.11","","","","-26","","Snow,Blowing Snow"
"-78.08","58.47","INUKJUAK A","7103280","2020-03-25 15:00","2020","03","25","15:00","-13.0","","-15.2","","84","","0.0","","7","","58","","0.8","","99.96","","","","-27","","Moderate Snow,Blowing Snow"
"-78.08","58.47","INUKJUAK A","7103280","2020-03-25 16:00","2020","03","25","16:00","-12.8","","-14.8","","85","","0.0","","7","","52","","0.6","","99.83","","","","-26","","Moderate Snow,Blowing Snow"
"-78.08","58.47","INUKJUAK A","7103280","2020-03-25 17:00","2020","03","25","17:00","-12.6","","-14.6","","85","","0.0","","6","","55","","0.4","","99.66","","","","-26","","Heavy Snow,Blowing Snow"
"-78.08","58.47","INUKJUAK A","7103280","2020-03-25 18:00","2020","03","25","18:00","-13.0","","-15.0","","85","","0.0","","6","","54","","0.4","","99.53","","","","-26","","Heavy Snow,Blowing Snow"
"-78.08","58.47","INUKJUAK A","7103280","2020-03-25 19:00","2020","03","25","19:00","-13.3","","-15.3","","85","","0.0","","5","","52","","0.8","","99.45","","","","-26","","Moderate Snow,Blowing Snow"
"-78.08","58.47","INUKJUAK A","7103280","2020-03-25 20:00","2020","03","25","20:00","-13.8","","-15.8","","85","","0.0","","3","","48","","0.8","","99.41","","","","-27","","Moderate Snow,Blowing Snow"
"-78.08","58.47","INUKJUAK A","7103280","2020-03-25 21:00","2020","03","25","21:00","-14.5","","-16.6","","84","","0.0","","2","","50","","1.0","","99.37","","","","-28","","Snow,Blowing Snow"
"-78.08","58.47","INUKJUAK A","7103280","2020-03-25 22:00","2020","03","25","22:00","-14.5","","-16.6","","84","","0.0","","1","","52","","1.0","","99.32","","","","-28","","Snow,Blowing Snow"
"-78.08","58.47","INUKJUAK A","7103280","2020-03-25 23:00","2020","03","25","23:00","-15.4","","-17.7","","83","","0.0","","36","","54","","1.0","","99.33","","","","-30","","Snow,Blowing Snow"
"-78.08","58.47","INUKJUAK A","7103280","2020-03-26 00:00","2020","03","26","00:00","-16.2","","-18.5","","83","","0.0","","36","","54","","0.8","","99.36","","","","-31","","Moderate Snow,Blowing Snow"
"-78.08","58.47","INUKJUAK A","7103280","2020-03-26 01:00","2020","03","26","01:00","-16.0","","-18.3","","83","","0.0","","35","","50","","0.8","","99.43","","","","-30","","Moderate Snow,Blowing Snow"
"-78.08","58.47","INUKJUAK A","7103280","2020-03-26 02:00","2020","03","26","02:00","-15.5","","-17.8","","83","","0.0","","34","","52","","0.6","","99.50","","","","-29","","Moderate Snow,Blowing Snow"
"-78.08","58.47","INUKJUAK A","7103280","2020-03-26 03:00","2020","03","26","03:00","-16.8","","-19.2","","82","","0.0","","33","","46","","1.0","","99.62","","","","-31","","Snow,Blowing Snow"
"-78.08","58.47","INUKJUAK A","7103280","2020-03-26 04:00","2020","03","26","04:00","-17.1","","-19.5","","82","","0.0","","32","","45","","1.2","","99.70","","","","-31","","Snow,Blowing Snow"
"-78.08","58.47","INUKJUAK A","7103280","2020-03-26 05:00","2020","03","26","05:00","-18.6","","-21.1","","81","","0.0","","32","","45","","1.2","","99.82","","","","-33","","Snow,Blowing Snow"
"-78.08","58.47","INUKJUAK A","7103280","2020-03-26 06:00","2020","03","26","06:00","-17.6","","-20.1","","81","","0.0","","32","","45","","0.8","","99.94","","","","-32","","Moderate Snow,Blowing Snow"
"-78.08","58.47","INUKJUAK A","7103280","2020-03-26 07:00","2020","03","26","07:00","-18.5","","-21.2","","80","","0.0","","31","","46","","0.6","","100.08","","","","-33","","Moderate Snow,Blowing Snow"
"-78.08","58.47","INUKJUAK A","7103280","2020-03-26 08:00","2020","03","26","08:00","-19.5","","-22.4","","78","","0.0","","31","","46","","1.2","","100.18","","","","-34","","Snow,Blowing Snow"
"-78.08","58.47","INUKJUAK A","7103280","2020-03-26 09:00","2020","03","26","09:00","-18.6","","-22.0","","75","","0.0","","31","","43","","2.8","","100.30","","","","-33","","Snow,Blowing Snow"
"-78.08","58.47","INUKJUAK A","7103280","2020-03-26 10:00","2020","03","26","10:00","-18.0","","-21.4","","75","","0.0","","32","","43","","4.0","","100.41","","","","-32","","Blowing Snow"
"-78.08","58.47","INUKJUAK A","7103280","2020-03-26 11:00","2020","03","26","11:00","-17.3","","-20.6","","76","","0.0","","31","","43","","3.6","","100.49","","","","-31","","Snow,Blowing Snow"
"-78.08","58.47","INUKJUAK A","7103280","2020-03-26 12:00","2020","03","26","12:00","-16.5","","-20.2","","73","","0.0","","30","","45","","4.0","","100.61","","","","-30","","Blowing Snow"
"-78.08","58.47","INUKJUAK A","7103280","2020-03-26 13:00","2020","03","26","13:00","-15.4","","-19.9","","69","","0.0","","31","","41","","6.4","","100.70","","","","-28","","Haze"
"-78.08","58.47","INUKJUAK A","7103280","2020-03-26 14:00","2020","03","26","14:00","-14.5","","-18.8","","70","","0.0","","30","","32","","16.1","","100.83","","","","-26","","NA"
"-78.08","58.47","INUKJUAK A","7103280","2020-03-26 15:00","2020","03","26","15:00","-14.4","","-17.9","","75","","0.0","","29","","32","","16.1","","100.91","","","","-26","","NA"
"-78.08","58.47","INUKJUAK A","7103280","2020-03-26 16:00","2020","03","26","16:00","-15.0","","-18.2","","77","","0.0","","28","","30","","16.1","","101.02","","","","-26","","NA"
"-78.08","58.47","INUKJUAK A","7103280","2020-03-26 17:00","2020","03","26","17:00","-15.6","","-18.5","","79","","0.0","","29","","17","","16.1","","101.11","","","","-24","","NA"
"-78.08","58.47","INUKJUAK A","7103280","2020-03-26 18:00","2020","03","26","18:00","-16.7","","-19.5","","79","","0.0","","28","","11","","16.1","","101.21","","","","-24","","NA"
"-78.08","58.47","INUKJUAK A","7103280","2020-03-26 19:00","2020","03","26","19:00","-17.4","","-19.9","","81","","0.0","","27","","18","","16.1","","101.26","","","","-27","","NA"
"-78.08","58.47","INUKJUAK A","7103280","2020-03-26 20:00","2020","03","26","20:00","-18.2","","-20.7","","81","","0.0","","26","","15","","16.1","","101.29","","","","-27","","NA"
"-78.08","58.47","INUKJUAK A","7103280","2020-03-26 21:00","2020","03","26","21:00","-20.1","","-22.6","","81","","0.0","","25","","9","","16.1","","101.35","","","","-27","","NA"
"-78.08","58.47","INUKJUAK A","7103280","2020-03-26 22:00","2020","03","26","22:00","-19.9","","-22.2","","82","","0.0","","23","","8","","16.1","","101.40","","","","-26","","NA"
"-78.08","58.47","INUKJUAK A","7103280","2020-03-26 23:00","2020","03","26","23:00","-19.4","","-21.4","","84","","0.0","","23","","13","","16.1","","101.43","","","","-28","","NA"
"-78.08","58.47","INUKJUAK A","7103280","2020-03-27 00:00","2020","03","27","00:00","-21.3","","-23.6","","82","","0.0","","23","","9","","16.1","","101.48","","","","-28","","NA"
"-78.08","58.47","INUKJUAK A","7103280","2020-03-27 01:00","2020","03","27","01:00","-21.7","","-24.2","","81","","0.0","","22","","9","","16.1","","101.53","","","","-29","","NA"
"-78.08","58.47","INUKJUAK A","7103280","2020-03-27 02:00","2020","03","27","02:00","-20.0","","-22.3","","82","","0.0","","23","","8","","16.1","","101.54","","","","-26","","NA"
"-78.08","58.47","INUKJUAK A","7103280","2020-03-27 03:00","2020","03","27","03:00","-20.3","","-22.8","","81","","0.0","","18","","18","","16.1","","101.57","","","","-30","","NA"
"-78.08","58.47","INUKJUAK A","7103280","2020-03-27 04:00","2020","03","27","04:00","-20.7","","-23.3","","80","","0.0","","17","","18","","6.4","","101.61","","","","-31","","Fog"
"-78.08","58.47","INUKJUAK A","7103280","2020-03-27 05:00","2020","03","27","05:00","-21.0","","-23.6","","80","","0.0","","17","","24","","2.0","","101.60","","","","-33","","Fog"
"-78.08","58.47","INUKJUAK A","7103280","2020-03-27 06:00","2020","03","27","06:00","-20.8","","-23.3","","81","","0.0","","17","","26","","3.6","","101.64","","","","-33","","Fog"
"-78.08","58.47","INUKJUAK A","7103280","2020-03-27 07:00","2020","03","27","07:00","-20.9","","-23.5","","80","","0.0","","16","","30","","9.7","","101.67","","","","-34","","Snow"
"-78.08","58.47","INUKJUAK A","7103280","2020-03-27 08:00","2020","03","27","08:00","-19.9","","-22.4","","81","","0.0","","16","","30","","9.7","","101.67","","","","-32","","Fog"
"-78.08","58.47","INUKJUAK A","7103280","2020-03-27 09:00","2020","03","27","09:00","-19.6","","-22.1","","81","","0.0","","18","","24","","3.2","","101.71","","","","-31","","Fog"
"-78.08","58.47","INUKJUAK A","7103280","2020-03-27 10:00","2020","03","27","10:00","-18.3","","-20.7","","82","","0.0","","17","","32","","8.1","","101.72","","","","-31","","Haze"
"-78.08","58.47","INUKJUAK A","7103280","2020-03-27 11:00","2020","03","27","11:00","-18.1","","-20.5","","82","","0.0","","17","","28","","11.3","","101.79","","","","-30","","NA"
"-78.08","58.47","INUKJUAK A","7103280","2020-03-27 12:00","2020","03","27","12:00","-17.3","","-19.7","","82","","0.0","","16","","30","","16.1","","101.77","","","","-29","","NA"
"-78.08","58.47","INUKJUAK A","7103280","2020-03-27 13:00","2020","03","27","13:00","-15.9","","-18.3","","82","","0.0","","16","","32","","16.1","","101.72","","","","-28","","NA"
"-78.08","58.47","INUKJUAK A","7103280","2020-03-27 14:00","2020","03","27","14:00","-14.7","","-19.3","","68","","0.0","","16","","37","","16.1","","101.73","","","","-27","","Snow"
"-78.08","58.47","INUKJUAK A","7103280","2020-03-27 15:00","2020","03","27","15:00","-14.2","","-19.1","","67","","0.0","","16","","34","","16.1","","101.75","","","","-26","","NA"
"-78.08","58.47","INUKJUAK A","7103280","2020-03-27 16:00","2020","03","27","16:00","-14.3","","-19.0","","68","","0.0","","15","","32","","16.1","","101.73","","","","-25","","NA"
"-78.08","58.47","INUKJUAK A","7103280","2020-03-27 17:00","2020","03","27","17:00","-14.4","","-18.9","","69","","0.0","","15","","30","","16.1","","101.74","","","","-25","","NA"
"-78.08","58.47","INUKJUAK A","7103280","2020-03-27 18:00","2020","03","27","18:00","-15.3","","-19.8","","69","","0.0","","15","","26","","16.1","","101.75","","","","-26","","NA"
"-78.08","58.47","INUKJUAK A","7103280","2020-03-27 19:00","2020","03","27","19:00","-16.5","","-21.1","","68","","0.0","","12","","22","","16.1","","101.76","","","","-27","","NA"
"-78.08","58.47","INUKJUAK A","7103280","2020-03-27 20:00","2020","03","27","20:00","-18.5","","-22.5","","71","","0.0","","12","","21","","16.1","","101.74","","","","-29","","NA"
"-78.08","58.47","INUKJUAK A","7103280","2020-03-27 21:00","2020","03","27","21:00","-19.6","","-23.6","","71","","0.0","","13","","24","","16.1","","101.73","","","","-31","","NA"
"-78.08","58.47","INUKJUAK A","7103280","2020-03-27 22:00","2020","03","27","22:00","-19.7","","-23.5","","72","","0.0","","12","","28","","16.1","","101.70","","","","-32","","NA"
"-78.08","58.47","INUKJUAK A","7103280","2020-03-27 23:00","2020","03","27","23:00","-20.4","","-24.4","","71","","0.0","","12","","32","","16.1","","101.66","","","","-33","","NA"
"-78.08","58.47","INUKJUAK A","7103280","2020-03-28 00:00","2020","03","28","00:00","-19.8","","-24.1","","69","","0.0","","12","","28","","16.1","","101.63","","","","-32","","NA"
"-78.08","58.47","INUKJUAK A","7103280","2020-03-28 01:00","2020","03","28","01:00","-22.0","","-25.7","","73","","0.0","","11","","17","","16.1","","101.59","","","","-32","","NA"
"-78.08","58.47","INUKJUAK A","7103280","2020-03-28 02:00","2020","03","28","02:00","-21.1","","-25.2","","70","","0.0","","11","","24","","16.1","","101.48","","","","-33","","NA"
"-78.08","58.47","INUKJUAK A","7103280","2020-03-28 03:00","2020","03","28","03:00","-21.0","","-25.3","","69","","0.0","","11","","21","","16.1","","101.43","","","","-32","","NA"
"-78.08","58.47","INUKJUAK A","7103280","2020-03-28 04:00","2020","03","28","04:00","-20.2","","-24.5","","69","","0.0","","11","","26","","16.1","","101.38","","","","-32","","NA"
"-78.08","58.47","INUKJUAK A","7103280","2020-03-28 05:00","2020","03","28","05:00","-19.2","","-23.6","","69","","0.0","","11","","26","","16.1","","101.33","","","","-31","","NA"
"-78.08","58.47","INUKJUAK A","7103280","2020-03-28 06:00","2020","03","28","06:00","-19.3","","-23.5","","70","","0.0","","10","","26","","16.1","","101.31","","","","-31","","NA"
"-78.08","58.47","INUKJUAK A","7103280","2020-03-28 07:00","2020","03","28","07:00","-18.0","","-22.4","","69","","0.0","","12","","32","","16.1","","101.26","","","","-30","","NA"
"-78.08","58.47","INUKJUAK A","7103280","2020-03-28 08:00","2020","03","28","08:00","-16.8","","-21.2","","69","","0.0","","12","","32","","16.1","","101.26","","","","-29","","NA"
"-78.08","58.47","INUKJUAK A","7103280","2020-03-28 09:00","2020","03","28","09:00","-15.5","","-20.0","","69","","0.0","","11","","34","","16.1","","101.20","","","","-27","","NA"
"-78.08","58.47","INUKJUAK A","7103280","2020-03-28 10:00","2020","03","28","10:00","-13.9","","-18.6","","68","","0.0","","11","","30","","16.1","","101.15","","","","-25","","NA"
"-78.08","58.47","INUKJUAK A","7103280","2020-03-28 11:00","2020","03","28","11:00","-13.0","","-17.7","","68","","0.0","","10","","34","","16.1","","101.12","","","","-24","","NA"
"-78.08","58.47","INUKJUAK A","7103280","2020-03-28 12:00","2020","03","28","12:00","-11.7","","-16.3","","69","","0.0","","10","","34","","16.1","","101.12","","","","-22","","NA"
"-78.08","58.47","INUKJUAK A","7103280","2020-03-28 13:00","2020","03","28","13:00","-10.8","","-15.6","","68","","0.0","","11","","32","","16.1","","101.12","","","","-21","","NA"
"-78.08","58.47","INUKJUAK A","7103280","2020-03-28 14:00","2020","03","28","14:00","-10.0","","-14.7","","69","","0.0","","11","","32","","16.1","","101.17","","","","-20","","NA"
"-78.08","58.47","INUKJUAK A","7103280","2020-03-28 15:00","2020","03","28","15:00","-9.7","","-14.4","","69","","0.0","","11","","28","","16.1","","101.23","","","","-19","","NA"
"-78.08","58.47","INUKJUAK A","7103280","2020-03-28 16:00","2020","03","28","16:00","-9.8","","-14.1","","71","","0.0","","11","","30","","16.1","","101.24","","","","-19","","NA"
"-78.08","58.47","INUKJUAK A","7103280","2020-03-28 17:00","2020","03","28","17:00","-10.7","","-14.8","","72","","0.0","","12","","24","","16.1","","101.29","","","","-19","","NA"
"-78.08","58.47","INUKJUAK A","7103280","2020-03-28 18:00","2020","03","28","18:00","-12.2","","-15.8","","75","","0.0","","6","","9","","16.1","","101.34","","","","-17","","NA"
"-78.08","58.47","INUKJUAK A","7103280","2020-03-28 19:00","2020","03","28","19:00","-13.0","","-16.7","","74","","0.0","","3","","9","","16.1","","101.38","","","","-18","","NA"
"-78.08","58.47","INUKJUAK A","7103280","2020-03-28 20:00","2020","03","28","20:00","-13.9","","-18.1","","71","","0.0","","9","","9","","16.1","","101.41","","","","-20","","NA"
"-78.08","58.47","INUKJUAK A","7103280","2020-03-28 21:00","2020","03","28","21:00","-14.9","","-18.8","","73","","0.0","","6","","8","","16.1","","101.45","","","","-20","","NA"
"-78.08","58.47","INUKJUAK A","7103280","2020-03-28 22:00","2020","03","28","22:00","-15.3","","-19.3","","72","","0.0","","9","","11","","16.1","","101.47","","","","-22","","NA"
"-78.08","58.47","INUKJUAK A","7103280","2020-03-28 23:00","2020","03","28","23:00","-14.8","","-18.5","","74","","0.0","","11","","11","","16.1","","101.40","","","","-21","","NA"
"-78.08","58.47","INUKJUAK A","7103280","2020-03-29 00:00","2020","03","29","00:00","-14.2","","-17.4","","77","","0.0","","","M","4","","16.1","","101.43","","","","-17","","NA"
"-78.08","58.47","INUKJUAK A","7103280","2020-03-29 01:00","2020","03","29","01:00","-15.3","","-18.2","","79","","0.0","","9","","8","","16.1","","101.41","","","","-21","","Snow"
"-78.08","58.47","INUKJUAK A","7103280","2020-03-29 02:00","2020","03","29","02:00","-15.6","","-18.2","","81","","0.0","","12","","21","","16.1","","101.35","","","","-25","","NA"
"-78.08","58.47","INUKJUAK A","7103280","2020-03-29 03:00","2020","03","29","03:00","-10.6","","-12.3","","87","","0.0","","15","","28","","16.1","","101.33","","","","-20","","NA"
"-78.08","58.47","INUKJUAK A","7103280","2020-03-29 04:00","2020","03","29","04:00","-9.7","","-12.4","","81","","0.0","","17","","32","","16.1","","101.34","","","","-19","","NA"
"-78.08","58.47","INUKJUAK A","7103280","2020-03-29 05:00","2020","03","29","05:00","-10.5","","-12.3","","87","","0.0","","17","","26","","16.1","","101.32","","","","-20","","NA"
"-78.08","58.47","INUKJUAK A","7103280","2020-03-29 06:00","2020","03","29","06:00","-10.1","","-11.4","","90","","0.0","","18","","32","","4.8","","101.27","","","","-20","","Fog"
"-78.08","58.47","INUKJUAK A","7103280","2020-03-29 07:00","2020","03","29","07:00","-8.4","","-9.8","","90","","0.0","","18","","32","","0.8","","101.23","","","","-18","","Moderate Snow"
"-78.08","58.47","INUKJUAK A","7103280","2020-03-29 08:00","2020","03","29","08:00","-8.4","","-9.9","","89","","0.0","","17","","46","","0.6","","101.13","","","","-19","","Moderate Snow"
"-78.08","58.47","INUKJUAK A","7103280","2020-03-29 09:00","2020","03","29","09:00","-8.2","","-9.9","","88","","0.0","","18","","39","","0.6","","101.14","","","","-18","","Moderate Snow"
"-78.08","58.47","INUKJUAK A","7103280","2020-03-29 10:00","2020","03","29","10:00","-8.1","","-9.8","","88","","0.0","","17","","45","","0.6","","101.02","","","","-19","","Moderate Snow"
"-78.08","58.47","INUKJUAK A","7103280","2020-03-29 11:00","2020","03","29","11:00","-6.9","","-8.4","","89","","0.0","","18","","45","","1.2","","100.93","","","","-17","","Fog"
"-78.08","58.47","INUKJUAK A","7103280","2020-03-29 12:00","2020","03","29","12:00","-5.7","","-7.2","","89","","0.0","","19","","48","","0.4","","100.89","","","","-16","","Heavy Snow"
"-78.08","58.47","INUKJUAK A","7103280","2020-03-29 13:00","2020","03","29","13:00","-5.5","","-6.7","","91","","0.0","","20","","46","","0.2","","100.91","","","","-15","","Heavy Snow"
"-78.08","58.47","INUKJUAK A","7103280","2020-03-29 14:00","2020","03","29","14:00","-5.1","","-6.5","","90","","0.0","","23","","54","","0.6","","100.92","","","","-15","","Moderate Snow"
"-78.08","58.47","INUKJUAK A","7103280","2020-03-29 15:00","2020","03","29","15:00","-10.1","","-13.0","","79","","0.0","","26","","45","","1.2","","101.10","","","","-21","","Snow"
"-78.08","58.47","INUKJUAK A","7103280","2020-03-29 16:00","2020","03","29","16:00","-12.6","","-15.0","","82","","0.0","","25","","48","","0.4","","101.28","","","","-25","","Heavy Snow,Blowing Snow"
"-78.08","58.47","INUKJUAK A","7103280","2020-03-29 17:00","2020","03","29","17:00","-12.4","","-14.7","","83","","0.0","","26","","50","","0.4","","101.39","","","","-25","","Heavy Snow,Blowing Snow"
"-78.08","58.47","INUKJUAK A","7103280","2020-03-29 18:00","2020","03","29","18:00","-11.9","","-14.1","","84","","0.0","","24","","39","","3.2","","101.53","","","","-23","","Snow"
"-78.08","58.47","INUKJUAK A","7103280","2020-03-29 19:00","2020","03","29","19:00","-11.1","","-13.4","","83","","0.0","","25","","39","","4.0","","101.63","","","","-22","","Snow"
"-78.08","58.47","INUKJUAK A","7103280","2020-03-29 20:00","2020","03","29","20:00","-11.4","","-13.9","","82","","0.0","","26","","26","","16.1","","101.84","","","","-21","","Snow"
"-78.08","58.47","INUKJUAK A","7103280","2020-03-29 21:00","2020","03","29","21:00","-11.9","","-14.5","","81","","0.0","","28","","35","","9.7","","101.96","","","","-23","","Snow"
"-78.08","58.47","INUKJUAK A","7103280","2020-03-29 22:00","2020","03","29","22:00","-12.8","","-15.3","","82","","0.0","","27","","26","","16.1","","102.08","","","","-23","","Snow"
"-78.08","58.47","INUKJUAK A","7103280","2020-03-29 23:00","2020","03","29","23:00","-14.0","","-16.2","","84","","0.0","","27","","21","","16.1","","102.16","","","","-23","","NA"
"-78.08","58.47","INUKJUAK A","7103280","2020-03-30 00:00","2020","03","30","00:00","-15.3","","-17.4","","85","","0.0","","26","","13","","16.1","","102.31","","","","-23","","NA"
"-78.08","58.47","INUKJUAK A","7103280","2020-03-30 01:00","2020","03","30","01:00","-15.8","","-17.9","","84","","0.0","","33","","18","","16.1","","102.38","","","","-25","","NA"
"-78.08","58.47","INUKJUAK A","7103280","2020-03-30 02:00","2020","03","30","02:00","-16.3","","-18.6","","83","","0.0","","31","","30","","16.1","","102.51","","","","-28","","NA"
"-78.08","58.47","INUKJUAK A","7103280","2020-03-30 03:00","2020","03","30","03:00","-17.6","","-19.9","","83","","0.0","","33","","22","","16.1","","102.61","","","","-28","","NA"
"-78.08","58.47","INUKJUAK A","7103280","2020-03-30 04:00","2020","03","30","04:00","-17.4","","-19.8","","82","","0.0","","32","","22","","16.1","","102.71","","","","-28","","NA"
"-78.08","58.47","INUKJUAK A","7103280","2020-03-30 05:00","2020","03","30","05:00","-18.8","","-21.0","","83","","0.0","","33","","22","","16.1","","102.86","","","","-29","","NA"
"-78.08","58.47","INUKJUAK A","7103280","2020-03-30 06:00","2020","03","30","06:00","-19.5","","-21.7","","83","","0.0","","35","","5","","16.1","","102.97","","","","-24","","NA"
"-78.08","58.47","INUKJUAK A","7103280","2020-03-30 07:00","2020","03","30","07:00","-19.6","","-21.8","","83","","0.0","","36","","11","","16.1","","103.07","","","","-27","","Snow"
"-78.08","58.47","INUKJUAK A","7103280","2020-03-30 08:00","2020","03","30","08:00","-19.2","","-21.6","","82","","0.0","","7","","5","","16.1","","103.14","","","","-23","","NA"
"-78.08","58.47","INUKJUAK A","7103280","2020-03-30 09:00","2020","03","30","09:00","-17.5","","-19.9","","82","","0.0","","35","","13","","16.1","","103.20","","","","-25","","NA"
"-78.08","58.47","INUKJUAK A","7103280","2020-03-30 10:00","2020","03","30","10:00","-16.6","","-19.3","","80","","0.0","","1","","15","","16.1","","103.25","","","","-25","","NA"
"-78.08","58.47","INUKJUAK A","7103280","2020-03-30 11:00","2020","03","30","11:00","-15.6","","-18.6","","78","","0.0","","3","","17","","16.1","","103.30","","","","-24","","NA"
"-78.08","58.47","INUKJUAK A","7103280","2020-03-30 12:00","2020","03","30","12:00","-15.2","","-18.5","","76","","0.0","","3","","17","","16.1","","103.33","","","","-24","","NA"
"-78.08","58.47","INUKJUAK A","7103280","2020-03-30 13:00","2020","03","30","13:00","-14.6","","-17.8","","77","","0.0","","3","","18","","16.1","","103.40","","","","-23","","NA"
"-78.08","58.47","INUKJUAK A","7103280","2020-03-30 14:00","2020","03","30","14:00","-14.5","","-18.0","","75","","0.0","","1","","24","","16.1","","103.42","","","","-24","","NA"
"-78.08","58.47","INUKJUAK A","7103280","2020-03-30 15:00","2020","03","30","15:00","-14.4","","-17.9","","75","","0.0","","1","","24","","16.1","","103.50","","","","-24","","NA"
"-78.08","58.47","INUKJUAK A","7103280","2020-03-30 16:00","2020","03","30","16:00","-14.5","","-17.9","","76","","0.0","","2","","22","","16.1","","103.56","","","","-24","","Snow"
"-78.08","58.47","INUKJUAK A","7103280","2020-03-30 17:00","2020","03","30","17:00","-15.2","","-18.5","","76","","0.0","","3","","21","","16.1","","103.60","","","","-25","","NA"
"-78.08","58.47","INUKJUAK A","7103280","2020-03-30 18:00","2020","03","30","18:00","-16.4","","-19.6","","77","","0.0","","3","","24","","16.1","","103.62","","","","-27","","NA"
"-78.08","58.47","INUKJUAK A","7103280","2020-03-30 19:00","2020","03","30","19:00","-18.1","","-20.9","","79","","0.0","","4","","17","","16.1","","103.66","","","","-27","","NA"
"-78.08","58.47","INUKJUAK A","7103280","2020-03-30 20:00","2020","03","30","20:00","-19.2","","-21.8","","80","","0.0","","4","","21","","16.1","","103.72","","","","-30","","NA"
"-78.08","58.47","INUKJUAK A","7103280","2020-03-30 21:00","2020","03","30","21:00","-19.8","","-22.6","","79","","0.0","","4","","21","","16.1","","103.74","","","","-30","","NA"
"-78.08","58.47","INUKJUAK A","7103280","2020-03-30 22:00","2020","03","30","22:00","-20.5","","-23.4","","78","","0.0","","5","","18","","16.1","","103.73","","","","-31","","NA"
"-78.08","58.47","INUKJUAK A","7103280","2020-03-30 23:00","2020","03","30","23:00","-21.4","","-24.3","","78","","0.0","","4","","17","","16.1","","103.75","","","","-31","","NA"
"-78.08","58.47","INUKJUAK A","7103280","2020-03-31 00:00","2020","03","31","00:00","-21.6","","-24.6","","77","","0.0","","6","","13","","16.1","","103.73","","","","-30","","NA"
"-78.08","58.47","INUKJUAK A","7103280","2020-03-31 01:00","2020","03","31","01:00","-21.7","","-24.7","","78","","0.0","","6","","11","","16.1","","103.74","","","","-30","","NA"
"-78.08","58.47","INUKJUAK A","7103280","2020-03-31 02:00","2020","03","31","02:00","-22.1","","-25.1","","77","","0.0","","6","","15","","16.1","","103.73","","","","-32","","NA"
"-78.08","58.47","INUKJUAK A","7103280","2020-03-31 03:00","2020","03","31","03:00","-21.6","","-24.6","","77","","0.0","","4","","15","","16.1","","103.74","","","","-31","","NA"
"-78.08","58.47","INUKJUAK A","7103280","2020-03-31 04:00","2020","03","31","04:00","-19.6","","-22.7","","77","","0.0","","9","","9","","16.1","","103.70","","","","-26","","NA"
"-78.08","58.47","INUKJUAK A","7103280","2020-03-31 05:00","2020","03","31","05:00","-18.0","","-21.1","","77","","0.0","","7","","21","","16.1","","103.69","","","","-28","","NA"
"-78.08","58.47","INUKJUAK A","7103280","2020-03-31 06:00","2020","03","31","06:00","-17.7","","-20.7","","78","","0.0","","6","","22","","16.1","","103.67","","","","-28","","NA"
"-78.08","58.47","INUKJUAK A","7103280","2020-03-31 07:00","2020","03","31","07:00","-17.3","","-20.6","","76","","0.0","","8","","21","","16.1","","103.71","","","","-27","","NA"
"-78.08","58.47","INUKJUAK A","7103280","2020-03-31 08:00","2020","03","31","08:00","-15.8","","-19.1","","76","","0.0","","8","","30","","16.1","","103.68","","","","-27","","NA"
"-78.08","58.47","INUKJUAK A","7103280","2020-03-31 09:00","2020","03","31","09:00","-14.3","","-17.8","","75","","0.0","","9","","26","","16.1","","103.65","","","","-24","","NA"
"-78.08","58.47","INUKJUAK A","7103280","2020-03-31 10:00","2020","03","31","10:00","-13.3","","-16.8","","75","","0.0","","9","","26","","16.1","","103.58","","","","-23","","NA"
"-78.08","58.47","INUKJUAK A","7103280","2020-03-31 11:00","2020","03","31","11:00","-11.4","","-15.3","","73","","0.0","","8","","22","","16.1","","103.56","","","","-20","","NA"
"-78.08","58.47","INUKJUAK A","7103280","2020-03-31 12:00","2020","03","31","12:00","-10.0","","-13.5","","76","","0.0","","9","","30","","16.1","","103.47","","","","-20","","NA"
"-78.08","58.47","INUKJUAK A","7103280","2020-03-31 13:00","2020","03","31","13:00","-9.1","","-12.6","","76","","0.0","","9","","32","","16.1","","103.44","","","","-19","","NA"
"-78.08","58.47","INUKJUAK A","7103280","2020-03-31 14:00","2020","03","31","14:00","-8.8","","-11.8","","79","","0.0","","9","","39","","14.5","","103.31","","","","-19","","NA"
"-78.08","58.47","INUKJUAK A","7103280","2020-03-31 15:00","2020","03","31","15:00","-8.4","","-11.4","","79","","0.0","","10","","39","","16.1","","103.27","","","","-19","","NA"
"-78.08","58.47","INUKJUAK A","7103280","2020-03-31 16:00","2020","03","31","16:00","-8.3","","-11.0","","81","","0.0","","9","","28","","16.1","","103.29","","","","-17","","NA"
"-78.08","58.47","INUKJUAK A","7103280","2020-03-31 17:00","2020","03","31","17:00","-8.8","","-11.3","","82","","0.0","","9","","37","","16.1","","103.24","","","","-19","","NA"
"-78.08","58.47","INUKJUAK A","7103280","2020-03-31 18:00","2020","03","31","18:00","-9.6","","-12.1","","82","","0.0","","9","","32","","16.1","","103.24","","","","-19","","NA"
"-78.08","58.47","INUKJUAK A","7103280","2020-03-31 19:00","2020","03","31","19:00","-10.4","","-12.9","","82","","0.0","","11","","30","","16.1","","103.20","","","","-20","","NA"
"-78.08","58.47","INUKJUAK A","7103280","2020-03-31 20:00","2020","03","31","20:00","-10.8","","-13.5","","81","","0.0","","12","","34","","16.1","","103.19","","","","-21","","NA"
"-78.08","58.47","INUKJUAK A","7103280","2020-03-31 21:00","2020","03","31","21:00","-11.1","","-13.6","","82","","0.0","","12","","32","","16.1","","103.16","","","","-21","","NA"
"-78.08","58.47","INUKJUAK A","7103280","2020-03-31 22:00","2020","03","31","22:00","-11.0","","-13.5","","82","","0.0","","11","","24","","16.1","","103.15","","","","-20","","NA"
"-78.08","58.47","INUKJUAK A","7103280","2020-03-31 23:00","2020","03","31","23:00","-10.9","","-13.7","","80","","0.0","","5","","11","","16.1","","103.14","","","","-17","","NA"
