"Longitude (x)","Latitude (y)","Station Name","Climate ID","Date/Time (LST)","Year","Month","Day","Time (LST)","Temp (°C)","Temp Flag","Dew Point Temp (°C)","Dew Point Temp Flag","Rel Hum (%)","Rel Hum Flag","Precip. Amount (mm)","Precip. Amount Flag","Wind Dir (10s deg)","Wind Dir Flag","Wind Spd (km/h)","Wind Spd Flag","Visibility (km)","Visibility Flag","Stn Press (kPa)","Stn Press Flag","Hmdx","Hmdx Flag","Wind Chill","Wind Chill Flag","Weather"
"-108.05","54.13","MEADOW LAKE A","4065057","2020-06-01 00:00","2020","06","01","00:00"
"-108.05","54.13","MEADOW LAKE A","4065057","2020-06-01 01:00","2020","06","01","01:00"
"-108.05","54.13","MEADOW LAKE A","4065057","2020-06-01 02:00","2020","06","01","02:00"
"-108.05","54.13","MEADOW LAKE A","4065057","2020-06-01 03:00","2020","06","01","03:00"
"-108.05","54.13","MEADOW LAKE A","4065057","2020-06-01 04:00","2020","06","01","04:00"
"-108.05","54.13","MEADOW LAKE A","4065057","2020-06-01 05:00","2020","06","01","05:00"
"-108.05","54.13","MEADOW LAKE A","4065057","2020-06-01 06:00","2020","06","01","06:00","12.6","","11.2","","91","","","","29","","52","","9.7","","94.00","","","","","","Rain"
"-108.05","54.13","MEADOW LAKE A","4065057","2020-06-01 07:00","2020","06","01","07:00","12.5","","10.8","","90","","","","29","","40","","9.7","","94.20","","","","","","Rain"
"-108.05","54.13","MEADOW LAKE A","4065057","2020-06-01 08:00","2020","06","01","08:00","12.8","","9.1","","78","","","","29","","42","","24.1","","94.39","","","","","","NA"
"-108.05","54.13","MEADOW LAKE A","4065057","2020-06-01 09:00","2020","06","01","09:00","13.2","","9.5","","78","","","","29","","32","","24.1","","94.51","","","","","","Cloudy"
"-108.05","54.13","MEADOW LAKE A","4065057","2020-06-01 10:00","2020","06","01","10:00","14.6","","9.5","","71","","","","28","","36","","24.1","","94.66","","","","","","NA"
"-108.05","54.13","MEADOW LAKE A","4065057","2020-06-01 11:00","2020","06","01","11:00","16.7","","8.0","","56","","","","29","","47","","24.1","","94.75","","","","","","NA"
"-108.05","54.13","MEADOW LAKE A","4065057","2020-06-01 12:00","2020","06","01","12:00","18.8","","8.3","","50","","","","29","","37","","24.1","","94.78","","","","","","Mainly Clear"
"-108.05","54.13","MEADOW LAKE A","4065057","2020-06-01 13:00","2020","06","01","13:00","19.5","","7.7","","46","","","","27","","40","","24.1","","94.84","","","","","","NA"
"-108.05","54.13","MEADOW LAKE A","4065057","2020-06-01 14:00","2020","06","01","14:00","20.8","","6.1","","38","","","","29","","36","","24.1","","94.82","","","","","","NA"
"-108.05","54.13","MEADOW LAKE A","4065057","2020-06-01 15:00","2020","06","01","15:00","22.4","","5.6","","33","","","","30","","34","","24.1","","94.82","","","","","","Mainly Clear"
"-108.05","54.13","MEADOW LAKE A","4065057","2020-06-01 16:00","2020","06","01","16:00","21.8","","4.1","","31","","","","32","","36","","24.1","","94.84","","","","","","NA"
"-108.05","54.13","MEADOW LAKE A","4065057","2020-06-01 17:00","2020","06","01","17:00","22.0","","2.9","","28","","","","29","","35","","24.1","","94.89","","","","","","NA"
"-108.05","54.13","MEADOW LAKE A","4065057","2020-06-01 18:00","2020","06","01","18:00","21.4","","3.7","","31","","","","29","","28","","24.1","","94.92","","","","","","Mainly Clear"
"-108.05","54.13","MEADOW LAKE A","4065057","2020-06-01 19:00","2020","06","01","19:00"
"-108.05","54.13","MEADOW LAKE A","4065057","2020-06-01 20:00","2020","06","01","20:00"
"-108.05","54.13","MEADOW LAKE A","4065057","2020-06-01 21:00","2020","06","01","21:00"
"-108.05","54.13","MEADOW LAKE A","4065057","2020-06-01 22:00","2020","06","01","22:00"
"-108.05","54.13","MEADOW LAKE A","4065057","2020-06-01 23:00","2020","06","01","23:00"
"-108.05","54.13","MEADOW LAKE A","4065057","2020-06-02 00:00","2020","06","02","00:00"
"-108.05","54.13","MEADOW LAKE A","4065057","2020-06-02 01:00","2020","06","02","01:00"
"-108.05","54.13","MEADOW LAKE A","4065057","2020-06-02 02:00","2020","06","02","02:00"
"-108.05","54.13","MEADOW LAKE A","4065057","2020-06-02 03:00","2020","06","02","03:00"
"-108.05","54.13","MEADOW LAKE A","4065057","2020-06-02 04:00","2020","06","02","04:00"
"-108.05","54.13","MEADOW LAKE A","4065057","2020-06-02 05:00","2020","06","02","05:00"
"-108.05","54.13","MEADOW LAKE A","4065057","2020-06-02 06:00","2020","06","02","06:00","7.5","","5.7","","89","","","","","","0","","24.1","","95.53","","","","","","Rain Showers"
"-108.05","54.13","MEADOW LAKE A","4065057","2020-06-02 07:00","2020","06","02","07:00","9.6","","7.0","","84","","","","23","","11","","24.1","","95.56","","","","","","NA"
"-108.05","54.13","MEADOW LAKE A","4065057","2020-06-02 08:00","2020","06","02","08:00","12.1","","7.5","","73","","","","24","","13","","24.1","","95.58","","","","","","NA"
"-108.05","54.13","MEADOW LAKE A","4065057","2020-06-02 09:00","2020","06","02","09:00","14.4","","7.2","","62","","","","22","","9","","24.1","","95.58","","","","","","Mainly Clear"
"-108.05","54.13","MEADOW LAKE A","4065057","2020-06-02 10:00","2020","06","02","10:00","17.0","","6.5","","50","","","","28","","14","","24.1","","95.56","","","","","","NA"
"-108.05","54.13","MEADOW LAKE A","4065057","2020-06-02 11:00","2020","06","02","11:00","19.2","","1.4","","30","","","","29","","25","","24.1","","95.52","","","","","","NA"
"-108.05","54.13","MEADOW LAKE A","4065057","2020-06-02 12:00","2020","06","02","12:00","19.8","","0.6","","27","","","","29","","28","","24.1","","95.49","","","","","","Mainly Clear"
"-108.05","54.13","MEADOW LAKE A","4065057","2020-06-02 13:00","2020","06","02","13:00","20.6","","0.0","","25","","","","28","","32","","24.1","","95.47","","","","","","NA"
"-108.05","54.13","MEADOW LAKE A","4065057","2020-06-02 14:00","2020","06","02","14:00","20.3","","1.4","","28","","","","26","","18","","24.1","","95.45","","","","","","NA"
"-108.05","54.13","MEADOW LAKE A","4065057","2020-06-02 15:00","2020","06","02","15:00","21.0","","1.1","","26","","","","28","","19","","24.1","","95.42","","","","","","Clear"
"-108.05","54.13","MEADOW LAKE A","4065057","2020-06-02 16:00","2020","06","02","16:00","21.4","","1.8","","27","","","","29","","19","","24.1","","95.39","","","","","","NA"
"-108.05","54.13","MEADOW LAKE A","4065057","2020-06-02 17:00","2020","06","02","17:00","21.8","","1.3","","25","","","","26","","27","","24.1","","95.34","","","","","","NA"
"-108.05","54.13","MEADOW LAKE A","4065057","2020-06-02 18:00","2020","06","02","18:00","21.9","","2.6","","28","","","","26","","27","","24.1","","95.32","","","","","","Mainly Clear"
"-108.05","54.13","MEADOW LAKE A","4065057","2020-06-02 19:00","2020","06","02","19:00"
"-108.05","54.13","MEADOW LAKE A","4065057","2020-06-02 20:00","2020","06","02","20:00"
"-108.05","54.13","MEADOW LAKE A","4065057","2020-06-02 21:00","2020","06","02","21:00"
"-108.05","54.13","MEADOW LAKE A","4065057","2020-06-02 22:00","2020","06","02","22:00"
"-108.05","54.13","MEADOW LAKE A","4065057","2020-06-02 23:00","2020","06","02","23:00"
"-108.05","54.13","MEADOW LAKE A","4065057","2020-06-03 00:00","2020","06","03","00:00"
"-108.05","54.13","MEADOW LAKE A","4065057","2020-06-03 01:00","2020","06","03","01:00"
"-108.05","54.13","MEADOW LAKE A","4065057","2020-06-03 02:00","2020","06","03","02:00"
"-108.05","54.13","MEADOW LAKE A","4065057","2020-06-03 03:00","2020","06","03","03:00"
"-108.05","54.13","MEADOW LAKE A","4065057","2020-06-03 04:00","2020","06","03","04:00"
"-108.05","54.13","MEADOW LAKE A","4065057","2020-06-03 05:00","2020","06","03","05:00"
"-108.05","54.13","MEADOW LAKE A","4065057","2020-06-03 06:00","2020","06","03","06:00","12.6","","7.0","","69","","","","10","","5","","24.1","","94.60","","","","","","Cloudy"
"-108.05","54.13","MEADOW LAKE A","4065057","2020-06-03 07:00","2020","06","03","07:00","12.1","","7.8","","75","","","","2","","13","","24.1","","94.50","","","","","","NA"
"-108.05","54.13","MEADOW LAKE A","4065057","2020-06-03 08:00","2020","06","03","08:00","12.8","","7.8","","72","","","","35","","6","","24.1","","94.45","","","","","","Rain"
"-108.05","54.13","MEADOW LAKE A","4065057","2020-06-03 09:00","2020","06","03","09:00","13.6","","6.5","","62","","","","12","","7","","11.3","","94.48","","","","","","Rain"
"-108.05","54.13","MEADOW LAKE A","4065057","2020-06-03 10:00","2020","06","03","10:00","13.8","","8.4","","70","","","","31","","18","","24.1","","94.46","","","","","","NA"
"-108.05","54.13","MEADOW LAKE A","4065057","2020-06-03 11:00","2020","06","03","11:00","11.9","","9.6","","86","","","","32","","17","","16.1","","94.50","","","","","","Rain"
"-108.05","54.13","MEADOW LAKE A","4065057","2020-06-03 12:00","2020","06","03","12:00","11.1","","9.9","","92","","","","33","","26","","4.8","","94.55","","","","","","Rain"
"-108.05","54.13","MEADOW LAKE A","4065057","2020-06-03 13:00","2020","06","03","13:00","10.9","","9.9","","94","","","","33","","26","","4.8","","94.61","","","","","","Rain"
"-108.05","54.13","MEADOW LAKE A","4065057","2020-06-03 14:00","2020","06","03","14:00","10.9","","10.0","","94","","","","32","","24","","4.8","","94.68","","","","","","Moderate Rain"
"-108.05","54.13","MEADOW LAKE A","4065057","2020-06-03 15:00","2020","06","03","15:00","10.9","","9.9","","94","","","","30","","26","","4.8","","94.73","","","","","","Moderate Rain"
"-108.05","54.13","MEADOW LAKE A","4065057","2020-06-03 16:00","2020","06","03","16:00","10.6","","9.7","","94","","","","29","","24","","4.0","","94.79","","","","","","Moderate Rain"
"-108.05","54.13","MEADOW LAKE A","4065057","2020-06-03 17:00","2020","06","03","17:00","10.3","","9.2","","93","","","","29","","29","","6.4","","94.83","","","","","","Rain"
"-108.05","54.13","MEADOW LAKE A","4065057","2020-06-03 18:00","2020","06","03","18:00","10.5","","9.5","","93","","","","29","","28","","6.4","","94.85","","","","","","Rain"
"-108.05","54.13","MEADOW LAKE A","4065057","2020-06-03 19:00","2020","06","03","19:00"
"-108.05","54.13","MEADOW LAKE A","4065057","2020-06-03 20:00","2020","06","03","20:00"
"-108.05","54.13","MEADOW LAKE A","4065057","2020-06-03 21:00","2020","06","03","21:00"
"-108.05","54.13","MEADOW LAKE A","4065057","2020-06-03 22:00","2020","06","03","22:00"
"-108.05","54.13","MEADOW LAKE A","4065057","2020-06-03 23:00","2020","06","03","23:00"
"-108.05","54.13","MEADOW LAKE A","4065057","2020-06-04 00:00","2020","06","04","00:00"
"-108.05","54.13","MEADOW LAKE A","4065057","2020-06-04 01:00","2020","06","04","01:00"
"-108.05","54.13","MEADOW LAKE A","4065057","2020-06-04 02:00","2020","06","04","02:00"
"-108.05","54.13","MEADOW LAKE A","4065057","2020-06-04 03:00","2020","06","04","03:00"
"-108.05","54.13","MEADOW LAKE A","4065057","2020-06-04 04:00","2020","06","04","04:00"
"-108.05","54.13","MEADOW LAKE A","4065057","2020-06-04 05:00","2020","06","04","05:00"
"-108.05","54.13","MEADOW LAKE A","4065057","2020-06-04 06:00","2020","06","04","06:00","9.6","","9.3","","98","","","","32","","14","","4.8","","94.97","","","","","","Rain,Fog"
"-108.05","54.13","MEADOW LAKE A","4065057","2020-06-04 07:00","2020","06","04","07:00","10.2","","9.5","","95","","","","5","","20","","4.0","","95.04","","","","","","Rain,Fog"
"-108.05","54.13","MEADOW LAKE A","4065057","2020-06-04 08:00","2020","06","04","08:00","9.9","","9.3","","96","","","","4","","18","","4.8","","95.10","","","","","","Rain,Fog"
"-108.05","54.13","MEADOW LAKE A","4065057","2020-06-04 09:00","2020","06","04","09:00","10.2","","9.5","","95","","","","6","","16","","6.4","","95.16","","","","","","Rain,Fog"
"-108.05","54.13","MEADOW LAKE A","4065057","2020-06-04 10:00","2020","06","04","10:00","10.7","","9.8","","94","","","","4","","13","","8.1","","95.20","","","","","","Rain,Fog"
"-108.05","54.13","MEADOW LAKE A","4065057","2020-06-04 11:00","2020","06","04","11:00","11.2","","9.7","","91","","","","5","","15","","8.1","","95.25","","","","","","Rain,Fog"
"-108.05","54.13","MEADOW LAKE A","4065057","2020-06-04 12:00","2020","06","04","12:00","11.7","","10.2","","91","","","","2","","18","","9.7","","95.28","","","","","","Rain,Fog"
"-108.05","54.13","MEADOW LAKE A","4065057","2020-06-04 13:00","2020","06","04","13:00","12.1","","9.9","","86","","","","4","","17","","16.1","","95.30","","","","","","Rain"
"-108.05","54.13","MEADOW LAKE A","4065057","2020-06-04 14:00","2020","06","04","14:00","12.1","","9.8","","86","","","","5","","8","","16.1","","95.30","","","","","","Rain"
"-108.05","54.13","MEADOW LAKE A","4065057","2020-06-04 15:00","2020","06","04","15:00","12.9","","10.2","","84","","","","6","","7","","24.1","","95.32","","","","","","Cloudy"
"-108.05","54.13","MEADOW LAKE A","4065057","2020-06-04 16:00","2020","06","04","16:00","11.4","","8.9","","84","","","","1","","16","","16.1","","95.34","","","","","","Rain Showers"
"-108.05","54.13","MEADOW LAKE A","4065057","2020-06-04 17:00","2020","06","04","17:00","11.5","","9.3","","86","","","","34","","9","","4.8","","95.39","","","","","","Rain Showers"
"-108.05","54.13","MEADOW LAKE A","4065057","2020-06-04 18:00","2020","06","04","18:00","11.9","","9.9","","87","","","","36","","14","","16.1","","95.42","","","","","","Rain Showers"
"-108.05","54.13","MEADOW LAKE A","4065057","2020-06-04 19:00","2020","06","04","19:00"
"-108.05","54.13","MEADOW LAKE A","4065057","2020-06-04 20:00","2020","06","04","20:00"
"-108.05","54.13","MEADOW LAKE A","4065057","2020-06-04 21:00","2020","06","04","21:00"
"-108.05","54.13","MEADOW LAKE A","4065057","2020-06-04 22:00","2020","06","04","22:00"
"-108.05","54.13","MEADOW LAKE A","4065057","2020-06-04 23:00","2020","06","04","23:00"
"-108.05","54.13","MEADOW LAKE A","4065057","2020-06-05 00:00","2020","06","05","00:00"
"-108.05","54.13","MEADOW LAKE A","4065057","2020-06-05 01:00","2020","06","05","01:00"
"-108.05","54.13","MEADOW LAKE A","4065057","2020-06-05 02:00","2020","06","05","02:00"
"-108.05","54.13","MEADOW LAKE A","4065057","2020-06-05 03:00","2020","06","05","03:00"
"-108.05","54.13","MEADOW LAKE A","4065057","2020-06-05 04:00","2020","06","05","04:00"
"-108.05","54.13","MEADOW LAKE A","4065057","2020-06-05 05:00","2020","06","05","05:00"
"-108.05","54.13","MEADOW LAKE A","4065057","2020-06-05 06:00","2020","06","05","06:00","8.4","","7.8","","96","","","","11","","9","","16.1","","95.82","","","","","","Cloudy"
"-108.05","54.13","MEADOW LAKE A","4065057","2020-06-05 07:00","2020","06","05","07:00","8.8","","8.2","","96","","","","5","","4","","9.7","","95.87","","","","","","Fog"
"-108.05","54.13","MEADOW LAKE A","4065057","2020-06-05 08:00","2020","06","05","08:00","9.2","","8.5","","95","","","","0","","1","","9.7","","95.90","","","","","","Fog"
"-108.05","54.13","MEADOW LAKE A","4065057","2020-06-05 09:00","2020","06","05","09:00","9.6","","8.6","","94","","","","4","","7","","19.3","","95.92","","","","","","Cloudy"
"-108.05","54.13","MEADOW LAKE A","4065057","2020-06-05 10:00","2020","06","05","10:00","9.9","","8.9","","94","","","","4","","11","","24.1","","95.97","","","","","","NA"
"-108.05","54.13","MEADOW LAKE A","4065057","2020-06-05 11:00","2020","06","05","11:00","10.6","","9.3","","91","","","","8","","12","","24.1","","95.99","","","","","","NA"
"-108.05","54.13","MEADOW LAKE A","4065057","2020-06-05 12:00","2020","06","05","12:00","10.7","","9.7","","94","","","","1","","14","","24.1","","96.02","","","","","","Rain Showers"
"-108.05","54.13","MEADOW LAKE A","4065057","2020-06-05 13:00","2020","06","05","13:00","11.1","","9.9","","92","","","","6","","10","","24.1","","96.03","","","","","","Rain Showers"
"-108.05","54.13","MEADOW LAKE A","4065057","2020-06-05 14:00","2020","06","05","14:00","12.2","","9.7","","85","","","","9","","19","","24.1","","96.00","","","","","","NA"
"-108.05","54.13","MEADOW LAKE A","4065057","2020-06-05 15:00","2020","06","05","15:00","12.0","","9.7","","85","","","","9","","14","","24.1","","96.03","","","","","","Cloudy"
"-108.05","54.13","MEADOW LAKE A","4065057","2020-06-05 16:00","2020","06","05","16:00","13.2","","9.5","","78","","","","13","","13","","19.3","","96.01","","","","","","Rain Showers"
"-108.05","54.13","MEADOW LAKE A","4065057","2020-06-05 17:00","2020","06","05","17:00","13.6","","9.2","","75","","","","11","","18","","19.3","","96.01","","","","","","Rain Showers"
"-108.05","54.13","MEADOW LAKE A","4065057","2020-06-05 18:00","2020","06","05","18:00","13.9","","8.7","","71","","","","13","","17","","24.1","","95.97","","","","","","Mostly Cloudy"
"-108.05","54.13","MEADOW LAKE A","4065057","2020-06-05 19:00","2020","06","05","19:00"
"-108.05","54.13","MEADOW LAKE A","4065057","2020-06-05 20:00","2020","06","05","20:00"
"-108.05","54.13","MEADOW LAKE A","4065057","2020-06-05 21:00","2020","06","05","21:00"
"-108.05","54.13","MEADOW LAKE A","4065057","2020-06-05 22:00","2020","06","05","22:00"
"-108.05","54.13","MEADOW LAKE A","4065057","2020-06-05 23:00","2020","06","05","23:00"
"-108.05","54.13","MEADOW LAKE A","4065057","2020-06-06 00:00","2020","06","06","00:00"
"-108.05","54.13","MEADOW LAKE A","4065057","2020-06-06 01:00","2020","06","06","01:00"
"-108.05","54.13","MEADOW LAKE A","4065057","2020-06-06 02:00","2020","06","06","02:00"
"-108.05","54.13","MEADOW LAKE A","4065057","2020-06-06 03:00","2020","06","06","03:00"
"-108.05","54.13","MEADOW LAKE A","4065057","2020-06-06 04:00","2020","06","06","04:00"
"-108.05","54.13","MEADOW LAKE A","4065057","2020-06-06 05:00","2020","06","06","05:00"
"-108.05","54.13","MEADOW LAKE A","4065057","2020-06-06 06:00","2020","06","06","06:00","8.4","","5.9","","84","","","","11","","28","","24.1","","95.80","","","","","","Cloudy"
"-108.05","54.13","MEADOW LAKE A","4065057","2020-06-06 07:00","2020","06","06","07:00","8.9","","6.2","","83","","","","10","","25","","24.1","","95.73","","","","","","NA"
"-108.05","54.13","MEADOW LAKE A","4065057","2020-06-06 08:00","2020","06","06","08:00","9.2","","6.7","","84","","","","9","","24","","24.1","","95.69","","","","","","NA"
"-108.05","54.13","MEADOW LAKE A","4065057","2020-06-06 09:00","2020","06","06","09:00","9.5","","7.1","","85","","","","10","","29","","24.1","","95.62","","","","","","Cloudy"
"-108.05","54.13","MEADOW LAKE A","4065057","2020-06-06 10:00","2020","06","06","10:00","10.3","","7.5","","83","","","","10","","28","","24.1","","95.59","","","","","","NA"
"-108.05","54.13","MEADOW LAKE A","4065057","2020-06-06 11:00","2020","06","06","11:00","10.9","","7.8","","81","","","","10","","26","","24.1","","95.50","","","","","","NA"
"-108.05","54.13","MEADOW LAKE A","4065057","2020-06-06 12:00","2020","06","06","12:00","10.8","","7.6","","81","","","","11","","34","","16.1","","95.43","","","","","","Rain"
"-108.05","54.13","MEADOW LAKE A","4065057","2020-06-06 13:00","2020","06","06","13:00","10.7","","7.4","","80","","","","11","","43","","24.1","","95.38","","","","","","Rain"
"-108.05","54.13","MEADOW LAKE A","4065057","2020-06-06 14:00","2020","06","06","14:00","10.1","","7.8","","86","","","","11","","35","","24.1","","95.31","","","","","","Rain"
"-108.05","54.13","MEADOW LAKE A","4065057","2020-06-06 15:00","2020","06","06","15:00","10.6","","7.9","","83","","","","11","","30","","24.1","","95.34","","","","","","Cloudy"
"-108.05","54.13","MEADOW LAKE A","4065057","2020-06-06 16:00","2020","06","06","16:00","10.8","","8.2","","83","","","","11","","31","","24.1","","95.33","","","","","","Rain"
"-108.05","54.13","MEADOW LAKE A","4065057","2020-06-06 17:00","2020","06","06","17:00","11.2","","8.3","","82","","","","11","","27","","24.1","","95.28","","","","","","Rain"
"-108.05","54.13","MEADOW LAKE A","4065057","2020-06-06 18:00","2020","06","06","18:00","11.3","","8.4","","82","","","","11","","28","","24.1","","95.22","","","","","","Rain"
"-108.05","54.13","MEADOW LAKE A","4065057","2020-06-06 19:00","2020","06","06","19:00"
"-108.05","54.13","MEADOW LAKE A","4065057","2020-06-06 20:00","2020","06","06","20:00"
"-108.05","54.13","MEADOW LAKE A","4065057","2020-06-06 21:00","2020","06","06","21:00"
"-108.05","54.13","MEADOW LAKE A","4065057","2020-06-06 22:00","2020","06","06","22:00"
"-108.05","54.13","MEADOW LAKE A","4065057","2020-06-06 23:00","2020","06","06","23:00"
"-108.05","54.13","MEADOW LAKE A","4065057","2020-06-07 00:00","2020","06","07","00:00"
"-108.05","54.13","MEADOW LAKE A","4065057","2020-06-07 01:00","2020","06","07","01:00"
"-108.05","54.13","MEADOW LAKE A","4065057","2020-06-07 02:00","2020","06","07","02:00"
"-108.05","54.13","MEADOW LAKE A","4065057","2020-06-07 03:00","2020","06","07","03:00"
"-108.05","54.13","MEADOW LAKE A","4065057","2020-06-07 04:00","2020","06","07","04:00"
"-108.05","54.13","MEADOW LAKE A","4065057","2020-06-07 05:00","2020","06","07","05:00"
"-108.05","54.13","MEADOW LAKE A","4065057","2020-06-07 06:00","2020","06","07","06:00","8.1","","7.5","","96","","","","7","","26","","4.8","","94.47","","","","","","Rain"
"-108.05","54.13","MEADOW LAKE A","4065057","2020-06-07 07:00","2020","06","07","07:00","8.0","","7.3","","95","","","","7","","23","","4.8","","94.40","","","","","","Rain"
"-108.05","54.13","MEADOW LAKE A","4065057","2020-06-07 08:00","2020","06","07","08:00","7.8","","7.1","","95","","","","6","","24","","4.8","","94.32","","","","","","Rain"
"-108.05","54.13","MEADOW LAKE A","4065057","2020-06-07 09:00","2020","06","07","09:00","7.9","","7.2","","95","","","","6","","23","","4.8","","94.20","","","","","","Rain"
"-108.05","54.13","MEADOW LAKE A","4065057","2020-06-07 10:00","2020","06","07","10:00","8.1","","7.3","","95","","","","7","","26","","4.8","","94.11","","","","","","Rain"
"-108.05","54.13","MEADOW LAKE A","4065057","2020-06-07 11:00","2020","06","07","11:00","8.2","","7.2","","93","","","","7","","28","","4.8","","94.02","","","","","","Rain"
"-108.05","54.13","MEADOW LAKE A","4065057","2020-06-07 12:00","2020","06","07","12:00","8.3","","7.4","","94","","","","7","","22","","4.8","","93.96","","","","","","Rain"
"-108.05","54.13","MEADOW LAKE A","4065057","2020-06-07 13:00","2020","06","07","13:00","8.3","","7.5","","95","","","","6","","23","","4.8","","93.93","","","","","","Rain"
"-108.05","54.13","MEADOW LAKE A","4065057","2020-06-07 14:00","2020","06","07","14:00","8.5","","7.9","","96","","","","6","","20","","4.8","","93.94","","","","","","Rain"
"-108.05","54.13","MEADOW LAKE A","4065057","2020-06-07 15:00","2020","06","07","15:00","8.8","","8.2","","96","","","","5","","22","","4.8","","93.92","","","","","","Rain"
"-108.05","54.13","MEADOW LAKE A","4065057","2020-06-07 16:00","2020","06","07","16:00","8.8","","8.0","","95","","","","6","","19","","4.8","","93.92","","","","","","Rain"
"-108.05","54.13","MEADOW LAKE A","4065057","2020-06-07 17:00","2020","06","07","17:00","8.7","","8.1","","96","","","","4","","18","","4.8","","93.95","","","","","","Rain"
"-108.05","54.13","MEADOW LAKE A","4065057","2020-06-07 18:00","2020","06","07","18:00","8.8","","8.3","","96","","","","3","","15","","4.8","","93.98","","","","","","Rain"
"-108.05","54.13","MEADOW LAKE A","4065057","2020-06-07 19:00","2020","06","07","19:00"
"-108.05","54.13","MEADOW LAKE A","4065057","2020-06-07 20:00","2020","06","07","20:00"
"-108.05","54.13","MEADOW LAKE A","4065057","2020-06-07 21:00","2020","06","07","21:00"
"-108.05","54.13","MEADOW LAKE A","4065057","2020-06-07 22:00","2020","06","07","22:00"
"-108.05","54.13","MEADOW LAKE A","4065057","2020-06-07 23:00","2020","06","07","23:00"
"-108.05","54.13","MEADOW LAKE A","4065057","2020-06-08 00:00","2020","06","08","00:00"
"-108.05","54.13","MEADOW LAKE A","4065057","2020-06-08 01:00","2020","06","08","01:00"
"-108.05","54.13","MEADOW LAKE A","4065057","2020-06-08 02:00","2020","06","08","02:00"
"-108.05","54.13","MEADOW LAKE A","4065057","2020-06-08 03:00","2020","06","08","03:00"
"-108.05","54.13","MEADOW LAKE A","4065057","2020-06-08 04:00","2020","06","08","04:00"
"-108.05","54.13","MEADOW LAKE A","4065057","2020-06-08 05:00","2020","06","08","05:00"
"-108.05","54.13","MEADOW LAKE A","4065057","2020-06-08 06:00","2020","06","08","06:00","6.4","","4.0","","84","","","","23","","23","","24.1","","94.65","","","","","","Cloudy"
"-108.05","54.13","MEADOW LAKE A","4065057","2020-06-08 07:00","2020","06","08","07:00","6.5","","4.2","","85","","","","23","","16","","24.1","","94.70","","","","","","NA"
"-108.05","54.13","MEADOW LAKE A","4065057","2020-06-08 08:00","2020","06","08","08:00","7.0","","4.3","","83","","","","25","","26","","24.1","","94.77","","","","","","NA"
"-108.05","54.13","MEADOW LAKE A","4065057","2020-06-08 09:00","2020","06","08","09:00","7.5","","4.4","","81","","","","25","","26","","24.1","","94.79","","","","","","Mostly Cloudy"
"-108.05","54.13","MEADOW LAKE A","4065057","2020-06-08 10:00","2020","06","08","10:00","7.5","","4.3","","80","","","","25","","29","","24.1","","94.83","","","","","","NA"
"-108.05","54.13","MEADOW LAKE A","4065057","2020-06-08 11:00","2020","06","08","11:00","8.5","","4.4","","75","","","","27","","26","","24.1","","94.87","","","","","","NA"
"-108.05","54.13","MEADOW LAKE A","4065057","2020-06-08 12:00","2020","06","08","12:00","9.5","","4.4","","70","","","","26","","22","","24.1","","94.95","","","","","","Cloudy"
"-108.05","54.13","MEADOW LAKE A","4065057","2020-06-08 13:00","2020","06","08","13:00","9.8","","4.0","","67","","","","26","","14","","24.1","","95.01","","","","","","NA"
"-108.05","54.13","MEADOW LAKE A","4065057","2020-06-08 14:00","2020","06","08","14:00","10.2","","4.6","","68","","","","28","","14","","24.1","","95.08","","","","","","NA"
"-108.05","54.13","MEADOW LAKE A","4065057","2020-06-08 15:00","2020","06","08","15:00","10.6","","3.9","","63","","","","29","","12","","24.1","","95.15","","","","","","Cloudy"
"-108.05","54.13","MEADOW LAKE A","4065057","2020-06-08 16:00","2020","06","08","16:00","10.8","","4.1","","63","","","","27","","8","","24.1","","95.16","","","","","","NA"
"-108.05","54.13","MEADOW LAKE A","4065057","2020-06-08 17:00","2020","06","08","17:00","11.0","","4.3","","63","","","","28","","9","","24.1","","95.19","","","","","","NA"
"-108.05","54.13","MEADOW LAKE A","4065057","2020-06-08 18:00","2020","06","08","18:00","11.0","","4.8","","66","","","","1","","4","","24.1","","95.20","","","","","","Cloudy"
"-108.05","54.13","MEADOW LAKE A","4065057","2020-06-08 19:00","2020","06","08","19:00"
"-108.05","54.13","MEADOW LAKE A","4065057","2020-06-08 20:00","2020","06","08","20:00"
"-108.05","54.13","MEADOW LAKE A","4065057","2020-06-08 21:00","2020","06","08","21:00"
"-108.05","54.13","MEADOW LAKE A","4065057","2020-06-08 22:00","2020","06","08","22:00"
"-108.05","54.13","MEADOW LAKE A","4065057","2020-06-08 23:00","2020","06","08","23:00"
"-108.05","54.13","MEADOW LAKE A","4065057","2020-06-09 00:00","2020","06","09","00:00"
"-108.05","54.13","MEADOW LAKE A","4065057","2020-06-09 01:00","2020","06","09","01:00"
"-108.05","54.13","MEADOW LAKE A","4065057","2020-06-09 02:00","2020","06","09","02:00"
"-108.05","54.13","MEADOW LAKE A","4065057","2020-06-09 03:00","2020","06","09","03:00"
"-108.05","54.13","MEADOW LAKE A","4065057","2020-06-09 04:00","2020","06","09","04:00"
"-108.05","54.13","MEADOW LAKE A","4065057","2020-06-09 05:00","2020","06","09","05:00"
"-108.05","54.13","MEADOW LAKE A","4065057","2020-06-09 06:00","2020","06","09","06:00","6.1","","5.2","","94","","","","25","","13","","24.1","","95.56","","","","","","Mainly Clear"
"-108.05","54.13","MEADOW LAKE A","4065057","2020-06-09 07:00","2020","06","09","07:00","8.0","","6.0","","88","","","","28","","15","","24.1","","95.58","","","","","","NA"
"-108.05","54.13","MEADOW LAKE A","4065057","2020-06-09 08:00","2020","06","09","08:00","9.9","","6.9","","82","","","","27","","13","","24.1","","95.60","","","","","","NA"
"-108.05","54.13","MEADOW LAKE A","4065057","2020-06-09 09:00","2020","06","09","09:00","12.7","","7.7","","72","","","","28","","20","","24.1","","95.61","","","","","","Mainly Clear"
"-108.05","54.13","MEADOW LAKE A","4065057","2020-06-09 10:00","2020","06","09","10:00","14.2","","7.4","","63","","","","28","","22","","24.1","","95.61","","","","","","NA"
"-108.05","54.13","MEADOW LAKE A","4065057","2020-06-09 11:00","2020","06","09","11:00","14.5","","7.1","","61","","","","26","","12","","24.1","","95.62","","","","","","NA"
"-108.05","54.13","MEADOW LAKE A","4065057","2020-06-09 12:00","2020","06","09","12:00","16.0","","8.0","","58","","","","27","","14","","24.1","","95.60","","","","","","Mostly Cloudy"
"-108.05","54.13","MEADOW LAKE A","4065057","2020-06-09 13:00","2020","06","09","13:00","17.4","","6.2","","48","","","","29","","16","","24.1","","95.53","","","","","","NA"
"-108.05","54.13","MEADOW LAKE A","4065057","2020-06-09 14:00","2020","06","09","14:00","17.8","","7.0","","49","","","","26","","17","","24.1","","95.47","","","","","","NA"
"-108.05","54.13","MEADOW LAKE A","4065057","2020-06-09 15:00","2020","06","09","15:00","18.4","","6.0","","44","","","","24","","23","","24.1","","95.45","","","","","","Mostly Cloudy"
"-108.05","54.13","MEADOW LAKE A","4065057","2020-06-09 16:00","2020","06","09","16:00","19.1","","5.6","","41","","","","24","","21","","24.1","","95.40","","","","","","NA"
"-108.05","54.13","MEADOW LAKE A","4065057","2020-06-09 17:00","2020","06","09","17:00","19.4","","6.0","","41","","","","27","","27","","24.1","","95.40","","","","","","NA"
"-108.05","54.13","MEADOW LAKE A","4065057","2020-06-09 18:00","2020","06","09","18:00","19.6","","5.8","","40","","","","26","","22","","24.1","","95.36","","","","","","Mainly Clear"
"-108.05","54.13","MEADOW LAKE A","4065057","2020-06-09 19:00","2020","06","09","19:00"
"-108.05","54.13","MEADOW LAKE A","4065057","2020-06-09 20:00","2020","06","09","20:00"
"-108.05","54.13","MEADOW LAKE A","4065057","2020-06-09 21:00","2020","06","09","21:00"
"-108.05","54.13","MEADOW LAKE A","4065057","2020-06-09 22:00","2020","06","09","22:00"
"-108.05","54.13","MEADOW LAKE A","4065057","2020-06-09 23:00","2020","06","09","23:00"
"-108.05","54.13","MEADOW LAKE A","4065057","2020-06-10 00:00","2020","06","10","00:00"
"-108.05","54.13","MEADOW LAKE A","4065057","2020-06-10 01:00","2020","06","10","01:00"
"-108.05","54.13","MEADOW LAKE A","4065057","2020-06-10 02:00","2020","06","10","02:00"
"-108.05","54.13","MEADOW LAKE A","4065057","2020-06-10 03:00","2020","06","10","03:00"
"-108.05","54.13","MEADOW LAKE A","4065057","2020-06-10 04:00","2020","06","10","04:00"
"-108.05","54.13","MEADOW LAKE A","4065057","2020-06-10 05:00","2020","06","10","05:00"
"-108.05","54.13","MEADOW LAKE A","4065057","2020-06-10 06:00","2020","06","10","06:00","8.8","","5.8","","81","","","","19","","8","","24.1","","95.45","","","","","","Mainly Clear"
"-108.05","54.13","MEADOW LAKE A","4065057","2020-06-10 07:00","2020","06","10","07:00","11.6","","6.4","","71","","","","26","","11","","24.1","","95.45","","","","","","NA"
"-108.05","54.13","MEADOW LAKE A","4065057","2020-06-10 08:00","2020","06","10","08:00","13.3","","6.4","","63","","","","28","","14","","24.1","","95.46","","","","","","NA"
"-108.05","54.13","MEADOW LAKE A","4065057","2020-06-10 09:00","2020","06","10","09:00","14.8","","6.8","","58","","","","29","","14","","24.1","","95.49","","","","","","Mainly Clear"
"-108.05","54.13","MEADOW LAKE A","4065057","2020-06-10 10:00","2020","06","10","10:00","17.6","","6.5","","48","","","","31","","16","","24.1","","95.50","","","","","","NA"
"-108.05","54.13","MEADOW LAKE A","4065057","2020-06-10 11:00","2020","06","10","11:00","17.4","","6.2","","47","","","","32","","12","","24.1","","95.50","","","","","","NA"
"-108.05","54.13","MEADOW LAKE A","4065057","2020-06-10 12:00","2020","06","10","12:00","18.9","","5.3","","40","","","","30","","9","","24.1","","95.49","","","","","","Mainly Clear"
"-108.05","54.13","MEADOW LAKE A","4065057","2020-06-10 13:00","2020","06","10","13:00","20.6","","6.4","","39","","","","32","","22","","24.1","","95.44","","","","","","NA"
"-108.05","54.13","MEADOW LAKE A","4065057","2020-06-10 14:00","2020","06","10","14:00","19.8","","5.2","","38","","","","32","","9","","24.1","","95.45","","","","","","NA"
"-108.05","54.13","MEADOW LAKE A","4065057","2020-06-10 15:00","2020","06","10","15:00","19.6","","5.6","","39","","","","28","","25","","24.1","","95.42","","","","","","Mainly Clear"
"-108.05","54.13","MEADOW LAKE A","4065057","2020-06-10 16:00","2020","06","10","16:00","17.6","","7.6","","51","","","","4","","8","","24.1","","95.46","","","","","","Thunderstorms"
"-108.05","54.13","MEADOW LAKE A","4065057","2020-06-10 17:00","2020","06","10","17:00","19.8","","5.6","","39","","","","33","","24","","24.1","","95.46","","","","","","NA"
"-108.05","54.13","MEADOW LAKE A","4065057","2020-06-10 18:00","2020","06","10","18:00","17.1","","7.0","","51","","","","35","","15","","24.1","","95.50","","","","","","Mostly Cloudy"
"-108.05","54.13","MEADOW LAKE A","4065057","2020-06-10 19:00","2020","06","10","19:00"
"-108.05","54.13","MEADOW LAKE A","4065057","2020-06-10 20:00","2020","06","10","20:00"
"-108.05","54.13","MEADOW LAKE A","4065057","2020-06-10 21:00","2020","06","10","21:00"
"-108.05","54.13","MEADOW LAKE A","4065057","2020-06-10 22:00","2020","06","10","22:00"
"-108.05","54.13","MEADOW LAKE A","4065057","2020-06-10 23:00","2020","06","10","23:00"
"-108.05","54.13","MEADOW LAKE A","4065057","2020-06-11 00:00","2020","06","11","00:00"
"-108.05","54.13","MEADOW LAKE A","4065057","2020-06-11 01:00","2020","06","11","01:00"
"-108.05","54.13","MEADOW LAKE A","4065057","2020-06-11 02:00","2020","06","11","02:00"
"-108.05","54.13","MEADOW LAKE A","4065057","2020-06-11 03:00","2020","06","11","03:00"
"-108.05","54.13","MEADOW LAKE A","4065057","2020-06-11 04:00","2020","06","11","04:00"
"-108.05","54.13","MEADOW LAKE A","4065057","2020-06-11 05:00","2020","06","11","05:00"
"-108.05","54.13","MEADOW LAKE A","4065057","2020-06-11 06:00","2020","06","11","06:00","7.3","","7.1","","99","","","","5","","8","","24.1","","96.12","","","","","","Mainly Clear"
"-108.05","54.13","MEADOW LAKE A","4065057","2020-06-11 07:00","2020","06","11","07:00","8.7","","8.0","","96","","","","3","","14","","24.1","","96.20","","","","","","NA"
"-108.05","54.13","MEADOW LAKE A","4065057","2020-06-11 08:00","2020","06","11","08:00","8.3","","7.5","","95","","","","8","","17","","24.1","","96.25","","","","","","NA"
"-108.05","54.13","MEADOW LAKE A","4065057","2020-06-11 09:00","2020","06","11","09:00","9.1","","7.8","","92","","","","6","","12","","24.1","","96.33","","","","","","Cloudy"
"-108.05","54.13","MEADOW LAKE A","4065057","2020-06-11 10:00","2020","06","11","10:00","10.2","","8.0","","86","","","","9","","13","","24.1","","96.37","","","","","","NA"
"-108.05","54.13","MEADOW LAKE A","4065057","2020-06-11 11:00","2020","06","11","11:00","11.4","","8.5","","82","","","","10","","9","","24.1","","96.40","","","","","","NA"
"-108.05","54.13","MEADOW LAKE A","4065057","2020-06-11 12:00","2020","06","11","12:00","13.0","","8.5","","74","","","","11","","10","","24.1","","96.42","","","","","","Mostly Cloudy"
"-108.05","54.13","MEADOW LAKE A","4065057","2020-06-11 13:00","2020","06","11","13:00","13.3","","7.4","","68","","","","8","","9","","24.1","","96.46","","","","","","NA"
"-108.05","54.13","MEADOW LAKE A","4065057","2020-06-11 14:00","2020","06","11","14:00","14.6","","7.5","","62","","","","8","","15","","24.1","","96.48","","","","","","NA"
"-108.05","54.13","MEADOW LAKE A","4065057","2020-06-11 15:00","2020","06","11","15:00","15.5","","7.3","","58","","","","4","","14","","24.1","","96.48","","","","","","Mainly Clear"
"-108.05","54.13","MEADOW LAKE A","4065057","2020-06-11 16:00","2020","06","11","16:00","16.4","","8.0","","57","","","","6","","18","","24.1","","96.49","","","","","","NA"
"-108.05","54.13","MEADOW LAKE A","4065057","2020-06-11 17:00","2020","06","11","17:00","16.6","","7.1","","53","","","","11","","12","","24.1","","96.51","","","","","","NA"
"-108.05","54.13","MEADOW LAKE A","4065057","2020-06-11 18:00","2020","06","11","18:00","16.9","","7.9","","55","","","","10","","9","","24.1","","96.51","","","","","","Mainly Clear"
"-108.05","54.13","MEADOW LAKE A","4065057","2020-06-11 19:00","2020","06","11","19:00"
"-108.05","54.13","MEADOW LAKE A","4065057","2020-06-11 20:00","2020","06","11","20:00"
"-108.05","54.13","MEADOW LAKE A","4065057","2020-06-11 21:00","2020","06","11","21:00"
"-108.05","54.13","MEADOW LAKE A","4065057","2020-06-11 22:00","2020","06","11","22:00"
"-108.05","54.13","MEADOW LAKE A","4065057","2020-06-11 23:00","2020","06","11","23:00"
"-108.05","54.13","MEADOW LAKE A","4065057","2020-06-12 00:00","2020","06","12","00:00"
"-108.05","54.13","MEADOW LAKE A","4065057","2020-06-12 01:00","2020","06","12","01:00"
"-108.05","54.13","MEADOW LAKE A","4065057","2020-06-12 02:00","2020","06","12","02:00"
"-108.05","54.13","MEADOW LAKE A","4065057","2020-06-12 03:00","2020","06","12","03:00"
"-108.05","54.13","MEADOW LAKE A","4065057","2020-06-12 04:00","2020","06","12","04:00"
"-108.05","54.13","MEADOW LAKE A","4065057","2020-06-12 05:00","2020","06","12","05:00"
"-108.05","54.13","MEADOW LAKE A","4065057","2020-06-12 06:00","2020","06","12","06:00","9.1","","6.7","","85","","","","14","","28","","24.1","","96.64","","","","","","Mostly Cloudy"
"-108.05","54.13","MEADOW LAKE A","4065057","2020-06-12 07:00","2020","06","12","07:00","10.0","","6.9","","81","","","","13","","17","","24.1","","96.62","","","","","","NA"
"-108.05","54.13","MEADOW LAKE A","4065057","2020-06-12 08:00","2020","06","12","08:00","11.4","","6.9","","74","","","","12","","19","","24.1","","96.61","","","","","","NA"
"-108.05","54.13","MEADOW LAKE A","4065057","2020-06-12 09:00","2020","06","12","09:00","13.7","","7.1","","64","","","","13","","24","","24.1","","96.56","","","","","","Clear"
"-108.05","54.13","MEADOW LAKE A","4065057","2020-06-12 10:00","2020","06","12","10:00","15.5","","7.8","","60","","","","13","","25","","24.1","","96.51","","","","","","NA"
"-108.05","54.13","MEADOW LAKE A","4065057","2020-06-12 11:00","2020","06","12","11:00","17.2","","8.6","","57","","","","12","","24","","24.1","","96.43","","","","","","NA"
"-108.05","54.13","MEADOW LAKE A","4065057","2020-06-12 12:00","2020","06","12","12:00","18.7","","8.7","","52","","","","14","","28","","24.1","","96.38","","","","","","Mainly Clear"
"-108.05","54.13","MEADOW LAKE A","4065057","2020-06-12 13:00","2020","06","12","13:00","19.5","","9.0","","50","","","","14","","23","","24.1","","96.35","","","","","","NA"
"-108.05","54.13","MEADOW LAKE A","4065057","2020-06-12 14:00","2020","06","12","14:00","19.4","","9.3","","52","","","","12","","22","","24.1","","96.29","","","","","","NA"
"-108.05","54.13","MEADOW LAKE A","4065057","2020-06-12 15:00","2020","06","12","15:00","19.1","","9.2","","52","","","","12","","27","","24.1","","96.25","","","","","","Mostly Cloudy"
"-108.05","54.13","MEADOW LAKE A","4065057","2020-06-12 16:00","2020","06","12","16:00","20.1","","9.7","","51","","","","12","","28","","24.1","","96.16","","","","","","NA"
"-108.05","54.13","MEADOW LAKE A","4065057","2020-06-12 17:00","2020","06","12","17:00","21.3","","10.7","","51","","","","12","","25","","24.1","","96.08","","","","","","NA"
"-108.05","54.13","MEADOW LAKE A","4065057","2020-06-12 18:00","2020","06","12","18:00","21.5","","10.7","","50","","","","12","","28","","24.1","","95.99","","","","","","Mainly Clear"
"-108.05","54.13","MEADOW LAKE A","4065057","2020-06-12 19:00","2020","06","12","19:00"
"-108.05","54.13","MEADOW LAKE A","4065057","2020-06-12 20:00","2020","06","12","20:00"
"-108.05","54.13","MEADOW LAKE A","4065057","2020-06-12 21:00","2020","06","12","21:00"
"-108.05","54.13","MEADOW LAKE A","4065057","2020-06-12 22:00","2020","06","12","22:00"
"-108.05","54.13","MEADOW LAKE A","4065057","2020-06-12 23:00","2020","06","12","23:00"
"-108.05","54.13","MEADOW LAKE A","4065057","2020-06-13 00:00","2020","06","13","00:00"
"-108.05","54.13","MEADOW LAKE A","4065057","2020-06-13 01:00","2020","06","13","01:00"
"-108.05","54.13","MEADOW LAKE A","4065057","2020-06-13 02:00","2020","06","13","02:00"
"-108.05","54.13","MEADOW LAKE A","4065057","2020-06-13 03:00","2020","06","13","03:00"
"-108.05","54.13","MEADOW LAKE A","4065057","2020-06-13 04:00","2020","06","13","04:00"
"-108.05","54.13","MEADOW LAKE A","4065057","2020-06-13 05:00","2020","06","13","05:00"
"-108.05","54.13","MEADOW LAKE A","4065057","2020-06-13 06:00","2020","06","13","06:00","14.9","","11.3","","79","","","","5","","19","","24.1","","95.53","","","","","","Thunderstorms,Rain Showers"
"-108.05","54.13","MEADOW LAKE A","4065057","2020-06-13 07:00","2020","06","13","07:00","16.1","","10.9","","71","","","","14","","19","","24.1","","95.52","","","","","","Thunderstorms"
"-108.05","54.13","MEADOW LAKE A","4065057","2020-06-13 08:00","2020","06","13","08:00","14.7","","12.0","","84","","","","14","","38","","24.1","","95.37","","","","","","NA"
"-108.05","54.13","MEADOW LAKE A","4065057","2020-06-13 09:00","2020","06","13","09:00","15.6","","12.8","","83","","","","8","","11","","24.1","","95.44","","","","","","Mostly Cloudy"
"-108.05","54.13","MEADOW LAKE A","4065057","2020-06-13 10:00","2020","06","13","10:00","17.4","","13.5","","78","","","","10","","26","","24.1","","95.23","","","","","","NA"
"-108.05","54.13","MEADOW LAKE A","4065057","2020-06-13 11:00","2020","06","13","11:00","19.6","","13.6","","68","","","","12","","28","","24.1","","95.08","","","","","","NA"
"-108.05","54.13","MEADOW LAKE A","4065057","2020-06-13 12:00","2020","06","13","12:00","21.2","","13.4","","61","","","","13","","41","","24.1","","94.98","","","","","","Mainly Clear"
"-108.05","54.13","MEADOW LAKE A","4065057","2020-06-13 13:00","2020","06","13","13:00","23.0","","14.4","","58","","","","15","","26","","24.1","","95.02","","27","","","","NA"
"-108.05","54.13","MEADOW LAKE A","4065057","2020-06-13 14:00","2020","06","13","14:00","22.2","","14.1","","59","","","","14","","27","","24.1","","95.03","","26","","","","NA"
"-108.05","54.13","MEADOW LAKE A","4065057","2020-06-13 15:00","2020","06","13","15:00","22.9","","14.3","","58","","","","12","","15","","24.1","","94.97","","26","","","","Cloudy"
"-108.05","54.13","MEADOW LAKE A","4065057","2020-06-13 16:00","2020","06","13","16:00","24.1","","15.5","","58","","","","10","","14","","24.1","","94.96","","28","","","","NA"
"-108.05","54.13","MEADOW LAKE A","4065057","2020-06-13 17:00","2020","06","13","17:00","22.7","","14.7","","60","","","","7","","16","","24.1","","94.85","","26","","","","NA"
"-108.05","54.13","MEADOW LAKE A","4065057","2020-06-13 18:00","2020","06","13","18:00","22.8","","15.2","","62","","","","8","","19","","24.1","","94.79","","27","","","","Cloudy"
"-108.05","54.13","MEADOW LAKE A","4065057","2020-06-13 19:00","2020","06","13","19:00"
"-108.05","54.13","MEADOW LAKE A","4065057","2020-06-13 20:00","2020","06","13","20:00"
"-108.05","54.13","MEADOW LAKE A","4065057","2020-06-13 21:00","2020","06","13","21:00"
"-108.05","54.13","MEADOW LAKE A","4065057","2020-06-13 22:00","2020","06","13","22:00"
"-108.05","54.13","MEADOW LAKE A","4065057","2020-06-13 23:00","2020","06","13","23:00"
"-108.05","54.13","MEADOW LAKE A","4065057","2020-06-14 00:00","2020","06","14","00:00"
"-108.05","54.13","MEADOW LAKE A","4065057","2020-06-14 01:00","2020","06","14","01:00"
"-108.05","54.13","MEADOW LAKE A","4065057","2020-06-14 02:00","2020","06","14","02:00"
"-108.05","54.13","MEADOW LAKE A","4065057","2020-06-14 03:00","2020","06","14","03:00"
"-108.05","54.13","MEADOW LAKE A","4065057","2020-06-14 04:00","2020","06","14","04:00"
"-108.05","54.13","MEADOW LAKE A","4065057","2020-06-14 05:00","2020","06","14","05:00"
"-108.05","54.13","MEADOW LAKE A","4065057","2020-06-14 06:00","2020","06","14","06:00","18.5","","15.2","","81","","","","12","","20","","24.1","","94.45","","","","","","Mostly Cloudy"
"-108.05","54.13","MEADOW LAKE A","4065057","2020-06-14 07:00","2020","06","14","07:00","18.5","","14.9","","79","","","","13","","23","","24.1","","94.41","","","","","","NA"
"-108.05","54.13","MEADOW LAKE A","4065057","2020-06-14 08:00","2020","06","14","08:00","20.5","","15.5","","73","","","","15","","32","","24.1","","94.33","","25","","","","NA"
"-108.05","54.13","MEADOW LAKE A","4065057","2020-06-14 09:00","2020","06","14","09:00","22.3","","16.9","","71","","","","14","","20","","24.1","","94.36","","28","","","","Mainly Clear"
"-108.05","54.13","MEADOW LAKE A","4065057","2020-06-14 10:00","2020","06","14","10:00","22.2","","16.9","","71","","","","13","","27","","24.1","","94.35","","27","","","","NA"
"-108.05","54.13","MEADOW LAKE A","4065057","2020-06-14 11:00","2020","06","14","11:00","23.6","","17.2","","67","","","","13","","20","","24.1","","94.36","","29","","","","NA"
"-108.05","54.13","MEADOW LAKE A","4065057","2020-06-14 12:00","2020","06","14","12:00","23.0","","17.0","","69","","","","14","","26","","24.1","","94.43","","28","","","","Mostly Cloudy"
"-108.05","54.13","MEADOW LAKE A","4065057","2020-06-14 13:00","2020","06","14","13:00","24.0","","16.9","","64","","","","15","","22","","24.1","","94.40","","29","","","","NA"
"-108.05","54.13","MEADOW LAKE A","4065057","2020-06-14 14:00","2020","06","14","14:00","24.0","","16.0","","60","","","","16","","19","","24.1","","94.44","","29","","","","NA"
"-108.05","54.13","MEADOW LAKE A","4065057","2020-06-14 15:00","2020","06","14","15:00","22.7","","15.2","","62","","","","18","","16","","24.1","","94.49","","27","","","","Rain Showers"
"-108.05","54.13","MEADOW LAKE A","4065057","2020-06-14 16:00","2020","06","14","16:00","21.4","","15.8","","70","","","","21","","16","","24.1","","94.51","","26","","","","NA"
"-108.05","54.13","MEADOW LAKE A","4065057","2020-06-14 17:00","2020","06","14","17:00","20.4","","13.2","","63","","","","19","","12","","24.1","","94.52","","","","","","NA"
"-108.05","54.13","MEADOW LAKE A","4065057","2020-06-14 18:00","2020","06","14","18:00","19.1","","12.7","","66","","","","20","","18","","24.1","","94.53","","","","","","Cloudy"
"-108.05","54.13","MEADOW LAKE A","4065057","2020-06-14 19:00","2020","06","14","19:00"
"-108.05","54.13","MEADOW LAKE A","4065057","2020-06-14 20:00","2020","06","14","20:00"
"-108.05","54.13","MEADOW LAKE A","4065057","2020-06-14 21:00","2020","06","14","21:00"
"-108.05","54.13","MEADOW LAKE A","4065057","2020-06-14 22:00","2020","06","14","22:00"
"-108.05","54.13","MEADOW LAKE A","4065057","2020-06-14 23:00","2020","06","14","23:00"
"-108.05","54.13","MEADOW LAKE A","4065057","2020-06-15 00:00","2020","06","15","00:00"
"-108.05","54.13","MEADOW LAKE A","4065057","2020-06-15 01:00","2020","06","15","01:00"
"-108.05","54.13","MEADOW LAKE A","4065057","2020-06-15 02:00","2020","06","15","02:00"
"-108.05","54.13","MEADOW LAKE A","4065057","2020-06-15 03:00","2020","06","15","03:00"
"-108.05","54.13","MEADOW LAKE A","4065057","2020-06-15 04:00","2020","06","15","04:00"
"-108.05","54.13","MEADOW LAKE A","4065057","2020-06-15 05:00","2020","06","15","05:00"
"-108.05","54.13","MEADOW LAKE A","4065057","2020-06-15 06:00","2020","06","15","06:00","12.2","","7.4","","72","","","","13","","16","","24.1","","94.48","","","","","","Clear"
"-108.05","54.13","MEADOW LAKE A","4065057","2020-06-15 07:00","2020","06","15","07:00","13.3","","7.3","","67","","","","13","","14","","24.1","","94.47","","","","","","NA"
"-108.05","54.13","MEADOW LAKE A","4065057","2020-06-15 08:00","2020","06","15","08:00","15.1","","6.1","","55","","","","15","","23","","24.1","","94.43","","","","","","NA"
"-108.05","54.13","MEADOW LAKE A","4065057","2020-06-15 09:00","2020","06","15","09:00","16.7","","6.9","","52","","","","18","","22","","24.1","","94.46","","","","","","Mainly Clear"
"-108.05","54.13","MEADOW LAKE A","4065057","2020-06-15 10:00","2020","06","15","10:00","18.0","","7.2","","49","","","","15","","28","","24.1","","94.41","","","","","","NA"
"-108.05","54.13","MEADOW LAKE A","4065057","2020-06-15 11:00","2020","06","15","11:00","19.2","","6.5","","43","","","","17","","28","","24.1","","94.39","","","","","","NA"
"-108.05","54.13","MEADOW LAKE A","4065057","2020-06-15 12:00","2020","06","15","12:00","19.2","","7.1","","45","","","","20","","39","","24.1","","94.41","","","","","","Mainly Clear"
"-108.05","54.13","MEADOW LAKE A","4065057","2020-06-15 13:00","2020","06","15","13:00","18.4","","7.1","","47","","","","18","","25","","24.1","","94.44","","","","","","NA"
"-108.05","54.13","MEADOW LAKE A","4065057","2020-06-15 14:00","2020","06","15","14:00","18.8","","8.6","","51","","","","20","","21","","24.1","","94.47","","","","","","NA"
"-108.05","54.13","MEADOW LAKE A","4065057","2020-06-15 15:00","2020","06","15","15:00","17.1","","10.0","","63","","","","24","","40","","24.1","","94.55","","","","","","Mostly Cloudy"
"-108.05","54.13","MEADOW LAKE A","4065057","2020-06-15 16:00","2020","06","15","16:00","14.4","","9.8","","74","","","","27","","32","","24.1","","94.69","","","","","","NA"
"-108.05","54.13","MEADOW LAKE A","4065057","2020-06-15 17:00","2020","06","15","17:00","14.9","","8.7","","66","","","","26","","30","","24.1","","94.77","","","","","","Rain Showers"
"-108.05","54.13","MEADOW LAKE A","4065057","2020-06-15 18:00","2020","06","15","18:00","16.2","","8.6","","60","","","","25","","26","","24.1","","94.80","","","","","","Rain Showers"
"-108.05","54.13","MEADOW LAKE A","4065057","2020-06-15 19:00","2020","06","15","19:00"
"-108.05","54.13","MEADOW LAKE A","4065057","2020-06-15 20:00","2020","06","15","20:00"
"-108.05","54.13","MEADOW LAKE A","4065057","2020-06-15 21:00","2020","06","15","21:00"
"-108.05","54.13","MEADOW LAKE A","4065057","2020-06-15 22:00","2020","06","15","22:00"
"-108.05","54.13","MEADOW LAKE A","4065057","2020-06-15 23:00","2020","06","15","23:00"
"-108.05","54.13","MEADOW LAKE A","4065057","2020-06-16 00:00","2020","06","16","00:00"
"-108.05","54.13","MEADOW LAKE A","4065057","2020-06-16 01:00","2020","06","16","01:00"
"-108.05","54.13","MEADOW LAKE A","4065057","2020-06-16 02:00","2020","06","16","02:00"
"-108.05","54.13","MEADOW LAKE A","4065057","2020-06-16 03:00","2020","06","16","03:00"
"-108.05","54.13","MEADOW LAKE A","4065057","2020-06-16 04:00","2020","06","16","04:00"
"-108.05","54.13","MEADOW LAKE A","4065057","2020-06-16 05:00","2020","06","16","05:00"
"-108.05","54.13","MEADOW LAKE A","4065057","2020-06-16 06:00","2020","06","16","06:00","8.4","","7.6","","95","","","","22","","5","","24.1","","95.10","","","","","","Mainly Clear"
"-108.05","54.13","MEADOW LAKE A","4065057","2020-06-16 07:00","2020","06","16","07:00","12.2","","9.8","","85","","","","36","","2","","24.1","","95.14","","","","","","NA"
"-108.05","54.13","MEADOW LAKE A","4065057","2020-06-16 08:00","2020","06","16","08:00","15.0","","9.2","","68","","","","1","","5","","24.1","","95.19","","","","","","NA"
"-108.05","54.13","MEADOW LAKE A","4065057","2020-06-16 09:00","2020","06","16","09:00","16.4","","8.6","","60","","","","36","","3","","24.1","","95.22","","","","","","Mainly Clear"
"-108.05","54.13","MEADOW LAKE A","4065057","2020-06-16 10:00","2020","06","16","10:00","17.5","","8.9","","57","","","","2","","4","","24.1","","95.24","","","","","","NA"
"-108.05","54.13","MEADOW LAKE A","4065057","2020-06-16 11:00","2020","06","16","11:00","18.2","","7.3","","49","","","","24","","10","","24.1","","95.25","","","","","","NA"
"-108.05","54.13","MEADOW LAKE A","4065057","2020-06-16 12:00","2020","06","16","12:00","19.6","","6.3","","42","","","","26","","17","","24.1","","95.24","","","","","","Clear"
"-108.05","54.13","MEADOW LAKE A","4065057","2020-06-16 13:00","2020","06","16","13:00","20.2","","7.5","","44","","","","25","","17","","24.1","","95.24","","","","","","NA"
"-108.05","54.13","MEADOW LAKE A","4065057","2020-06-16 14:00","2020","06","16","14:00","21.1","","7.2","","40","","","","27","","19","","24.1","","95.24","","","","","","NA"
"-108.05","54.13","MEADOW LAKE A","4065057","2020-06-16 15:00","2020","06","16","15:00","21.4","","7.8","","41","","","","25","","13","","24.1","","95.24","","","","","","Mainly Clear"
"-108.05","54.13","MEADOW LAKE A","4065057","2020-06-16 16:00","2020","06","16","16:00","22.2","","7.8","","39","","","","27","","17","","24.1","","95.26","","","","","","NA"
"-108.05","54.13","MEADOW LAKE A","4065057","2020-06-16 17:00","2020","06","16","17:00","22.6","","7.4","","37","","","","27","","19","","24.1","","95.24","","","","","","NA"
"-108.05","54.13","MEADOW LAKE A","4065057","2020-06-16 18:00","2020","06","16","18:00","22.8","","7.7","","37","","","","29","","13","","24.1","","95.23","","","","","","Mainly Clear"
"-108.05","54.13","MEADOW LAKE A","4065057","2020-06-16 19:00","2020","06","16","19:00"
"-108.05","54.13","MEADOW LAKE A","4065057","2020-06-16 20:00","2020","06","16","20:00"
"-108.05","54.13","MEADOW LAKE A","4065057","2020-06-16 21:00","2020","06","16","21:00"
"-108.05","54.13","MEADOW LAKE A","4065057","2020-06-16 22:00","2020","06","16","22:00"
"-108.05","54.13","MEADOW LAKE A","4065057","2020-06-16 23:00","2020","06","16","23:00"
"-108.05","54.13","MEADOW LAKE A","4065057","2020-06-17 00:00","2020","06","17","00:00"
"-108.05","54.13","MEADOW LAKE A","4065057","2020-06-17 01:00","2020","06","17","01:00"
"-108.05","54.13","MEADOW LAKE A","4065057","2020-06-17 02:00","2020","06","17","02:00"
"-108.05","54.13","MEADOW LAKE A","4065057","2020-06-17 03:00","2020","06","17","03:00"
"-108.05","54.13","MEADOW LAKE A","4065057","2020-06-17 04:00","2020","06","17","04:00"
"-108.05","54.13","MEADOW LAKE A","4065057","2020-06-17 05:00","2020","06","17","05:00"
"-108.05","54.13","MEADOW LAKE A","4065057","2020-06-17 06:00","2020","06","17","06:00","12.8","","11.2","","90","","","","3","","17","","24.1","","95.53","","","","","","Mostly Cloudy"
"-108.05","54.13","MEADOW LAKE A","4065057","2020-06-17 07:00","2020","06","17","07:00","12.7","","10.8","","88","","","","3","","18","","24.1","","95.56","","","","","","NA"
"-108.05","54.13","MEADOW LAKE A","4065057","2020-06-17 08:00","2020","06","17","08:00","12.2","","10.3","","88","","","","3","","18","","24.1","","95.59","","","","","","NA"
"-108.05","54.13","MEADOW LAKE A","4065057","2020-06-17 09:00","2020","06","17","09:00","12.2","","9.6","","84","","","","2","","24","","24.1","","95.62","","","","","","Cloudy"
"-108.05","54.13","MEADOW LAKE A","4065057","2020-06-17 10:00","2020","06","17","10:00","11.3","","9.5","","89","","","","3","","22","","24.1","","95.69","","","","","","NA"
"-108.05","54.13","MEADOW LAKE A","4065057","2020-06-17 11:00","2020","06","17","11:00","11.2","","8.8","","85","","","","3","","29","","4.8","","95.75","","","","","","Drizzle"
"-108.05","54.13","MEADOW LAKE A","4065057","2020-06-17 12:00","2020","06","17","12:00","12.2","","8.1","","76","","","","3","","25","","24.1","","95.77","","","","","","Cloudy"
"-108.05","54.13","MEADOW LAKE A","4065057","2020-06-17 13:00","2020","06","17","13:00","11.8","","7.9","","77","","","","2","","24","","24.1","","95.81","","","","","","NA"
"-108.05","54.13","MEADOW LAKE A","4065057","2020-06-17 14:00","2020","06","17","14:00","12.2","","8.2","","76","","","","2","","21","","24.1","","95.84","","","","","","NA"
"-108.05","54.13","MEADOW LAKE A","4065057","2020-06-17 15:00","2020","06","17","15:00","11.3","","8.8","","84","","","","3","","30","","8.1","","95.88","","","","","","Drizzle"
"-108.05","54.13","MEADOW LAKE A","4065057","2020-06-17 16:00","2020","06","17","16:00","12.1","","8.3","","77","","","","3","","26","","24.1","","95.94","","","","","","NA"
"-108.05","54.13","MEADOW LAKE A","4065057","2020-06-17 17:00","2020","06","17","17:00","12.2","","8.2","","76","","","","3","","29","","24.1","","96.00","","","","","","NA"
"-108.05","54.13","MEADOW LAKE A","4065057","2020-06-17 18:00","2020","06","17","18:00","11.6","","8.1","","79","","","","2","","27","","24.1","","96.04","","","","","","Cloudy"
"-108.05","54.13","MEADOW LAKE A","4065057","2020-06-17 19:00","2020","06","17","19:00"
"-108.05","54.13","MEADOW LAKE A","4065057","2020-06-17 20:00","2020","06","17","20:00"
"-108.05","54.13","MEADOW LAKE A","4065057","2020-06-17 21:00","2020","06","17","21:00"
"-108.05","54.13","MEADOW LAKE A","4065057","2020-06-17 22:00","2020","06","17","22:00"
"-108.05","54.13","MEADOW LAKE A","4065057","2020-06-17 23:00","2020","06","17","23:00"
"-108.05","54.13","MEADOW LAKE A","4065057","2020-06-18 00:00","2020","06","18","00:00"
"-108.05","54.13","MEADOW LAKE A","4065057","2020-06-18 01:00","2020","06","18","01:00"
"-108.05","54.13","MEADOW LAKE A","4065057","2020-06-18 02:00","2020","06","18","02:00"
"-108.05","54.13","MEADOW LAKE A","4065057","2020-06-18 03:00","2020","06","18","03:00"
"-108.05","54.13","MEADOW LAKE A","4065057","2020-06-18 04:00","2020","06","18","04:00"
"-108.05","54.13","MEADOW LAKE A","4065057","2020-06-18 05:00","2020","06","18","05:00"
"-108.05","54.13","MEADOW LAKE A","4065057","2020-06-18 06:00","2020","06","18","06:00","7.0","","4.9","","87","","","","34","","12","","24.1","","96.42","","","","","","Clear"
"-108.05","54.13","MEADOW LAKE A","4065057","2020-06-18 07:00","2020","06","18","07:00","8.8","","4.8","","76","","","","1","","16","","24.1","","96.45","","","","","","NA"
"-108.05","54.13","MEADOW LAKE A","4065057","2020-06-18 08:00","2020","06","18","08:00","10.3","","4.3","","66","","","","1","","19","","24.1","","96.44","","","","","","NA"
"-108.05","54.13","MEADOW LAKE A","4065057","2020-06-18 09:00","2020","06","18","09:00","11.0","","3.8","","61","","","","2","","17","","24.1","","96.42","","","","","","Mainly Clear"
"-108.05","54.13","MEADOW LAKE A","4065057","2020-06-18 10:00","2020","06","18","10:00","10.8","","3.0","","58","","","","1","","18","","24.1","","96.40","","","","","","NA"
"-108.05","54.13","MEADOW LAKE A","4065057","2020-06-18 11:00","2020","06","18","11:00","13.1","","1.7","","46","","","","3","","23","","24.1","","96.38","","","","","","NA"
"-108.05","54.13","MEADOW LAKE A","4065057","2020-06-18 12:00","2020","06","18","12:00","14.3","","2.6","","45","","","","2","","16","","24.1","","96.33","","","","","","Mainly Clear"
"-108.05","54.13","MEADOW LAKE A","4065057","2020-06-18 13:00","2020","06","18","13:00","15.2","","1.6","","39","","","","35","","17","","24.1","","96.29","","","","","","NA"
"-108.05","54.13","MEADOW LAKE A","4065057","2020-06-18 14:00","2020","06","18","14:00","16.3","","2.3","","39","","","","3","","22","","24.1","","96.24","","","","","","NA"
"-108.05","54.13","MEADOW LAKE A","4065057","2020-06-18 15:00","2020","06","18","15:00","17.2","","0.8","","33","","","","3","","24","","24.1","","96.18","","","","","","Clear"
"-108.05","54.13","MEADOW LAKE A","4065057","2020-06-18 16:00","2020","06","18","16:00","17.5","","1.0","","33","","","","1","","26","","24.1","","96.14","","","","","","NA"
"-108.05","54.13","MEADOW LAKE A","4065057","2020-06-18 17:00","2020","06","18","17:00","18.3","","1.8","","33","","","","2","","17","","24.1","","96.10","","","","","","NA"
"-108.05","54.13","MEADOW LAKE A","4065057","2020-06-18 18:00","2020","06","18","18:00","18.5","","1.5","","32","","","","2","","20","","24.1","","96.05","","","","","","Mainly Clear"
"-108.05","54.13","MEADOW LAKE A","4065057","2020-06-18 19:00","2020","06","18","19:00"
"-108.05","54.13","MEADOW LAKE A","4065057","2020-06-18 20:00","2020","06","18","20:00"
"-108.05","54.13","MEADOW LAKE A","4065057","2020-06-18 21:00","2020","06","18","21:00"
"-108.05","54.13","MEADOW LAKE A","4065057","2020-06-18 22:00","2020","06","18","22:00"
"-108.05","54.13","MEADOW LAKE A","4065057","2020-06-18 23:00","2020","06","18","23:00"
"-108.05","54.13","MEADOW LAKE A","4065057","2020-06-19 00:00","2020","06","19","00:00"
"-108.05","54.13","MEADOW LAKE A","4065057","2020-06-19 01:00","2020","06","19","01:00"
"-108.05","54.13","MEADOW LAKE A","4065057","2020-06-19 02:00","2020","06","19","02:00"
"-108.05","54.13","MEADOW LAKE A","4065057","2020-06-19 03:00","2020","06","19","03:00"
"-108.05","54.13","MEADOW LAKE A","4065057","2020-06-19 04:00","2020","06","19","04:00"
"-108.05","54.13","MEADOW LAKE A","4065057","2020-06-19 05:00","2020","06","19","05:00"
"-108.05","54.13","MEADOW LAKE A","4065057","2020-06-19 06:00","2020","06","19","06:00","7.8","","4.2","","78","","","","35","","7","","24.1","","95.70","","","","","","Mostly Cloudy"
"-108.05","54.13","MEADOW LAKE A","4065057","2020-06-19 07:00","2020","06","19","07:00","9.0","","4.2","","72","","","","33","","9","","24.1","","95.69","","","","","","NA"
"-108.05","54.13","MEADOW LAKE A","4065057","2020-06-19 08:00","2020","06","19","08:00","10.4","","5.2","","70","","","","1","","4","","24.1","","95.68","","","","","","NA"
"-108.05","54.13","MEADOW LAKE A","4065057","2020-06-19 09:00","2020","06","19","09:00","11.3","","5.2","","66","","","","32","","11","","24.1","","95.65","","","","","","Mostly Cloudy"
"-108.05","54.13","MEADOW LAKE A","4065057","2020-06-19 10:00","2020","06","19","10:00","12.0","","4.6","","60","","","","1","","13","","24.1","","95.67","","","","","","NA"
"-108.05","54.13","MEADOW LAKE A","4065057","2020-06-19 11:00","2020","06","19","11:00","11.9","","4.6","","61","","","","3","","14","","24.1","","95.70","","","","","","NA"
"-108.05","54.13","MEADOW LAKE A","4065057","2020-06-19 12:00","2020","06","19","12:00","9.5","","5.8","","78","","","","2","","23","","24.1","","95.75","","","","","","Cloudy"
"-108.05","54.13","MEADOW LAKE A","4065057","2020-06-19 13:00","2020","06","19","13:00","9.0","","6.7","","86","","","","35","","14","","16.1","","95.76","","","","","","Rain"
"-108.05","54.13","MEADOW LAKE A","4065057","2020-06-19 14:00","2020","06","19","14:00","9.1","","6.5","","84","","","","1","","18","","16.1","","95.74","","","","","","Rain"
"-108.05","54.13","MEADOW LAKE A","4065057","2020-06-19 15:00","2020","06","19","15:00","9.1","","5.1","","76","","","","36","","22","","19.3","","95.74","","","","","","Rain"
"-108.05","54.13","MEADOW LAKE A","4065057","2020-06-19 16:00","2020","06","19","16:00","11.0","","5.7","","70","","","","2","","17","","24.1","","95.71","","","","","","NA"
"-108.05","54.13","MEADOW LAKE A","4065057","2020-06-19 17:00","2020","06","19","17:00","11.2","","5.0","","65","","","","1","","13","","24.1","","95.66","","","","","","NA"
"-108.05","54.13","MEADOW LAKE A","4065057","2020-06-19 18:00","2020","06","19","18:00","11.0","","5.1","","67","","","","2","","12","","24.1","","95.63","","","","","","Cloudy"
"-108.05","54.13","MEADOW LAKE A","4065057","2020-06-19 19:00","2020","06","19","19:00"
"-108.05","54.13","MEADOW LAKE A","4065057","2020-06-19 20:00","2020","06","19","20:00"
"-108.05","54.13","MEADOW LAKE A","4065057","2020-06-19 21:00","2020","06","19","21:00"
"-108.05","54.13","MEADOW LAKE A","4065057","2020-06-19 22:00","2020","06","19","22:00"
"-108.05","54.13","MEADOW LAKE A","4065057","2020-06-19 23:00","2020","06","19","23:00"
"-108.05","54.13","MEADOW LAKE A","4065057","2020-06-20 00:00","2020","06","20","00:00"
"-108.05","54.13","MEADOW LAKE A","4065057","2020-06-20 01:00","2020","06","20","01:00"
"-108.05","54.13","MEADOW LAKE A","4065057","2020-06-20 02:00","2020","06","20","02:00"
"-108.05","54.13","MEADOW LAKE A","4065057","2020-06-20 03:00","2020","06","20","03:00"
"-108.05","54.13","MEADOW LAKE A","4065057","2020-06-20 04:00","2020","06","20","04:00"
"-108.05","54.13","MEADOW LAKE A","4065057","2020-06-20 05:00","2020","06","20","05:00"
"-108.05","54.13","MEADOW LAKE A","4065057","2020-06-20 06:00","2020","06","20","06:00","6.8","","5.3","","90","","","","8","","9","","24.1","","95.60","","","","","","Mostly Cloudy"
"-108.05","54.13","MEADOW LAKE A","4065057","2020-06-20 07:00","2020","06","20","07:00","7.2","","5.0","","86","","","","9","","9","","24.1","","95.59","","","","","","NA"
"-108.05","54.13","MEADOW LAKE A","4065057","2020-06-20 08:00","2020","06","20","08:00","8.5","","5.2","","79","","","","4","","13","","24.1","","95.60","","","","","","NA"
"-108.05","54.13","MEADOW LAKE A","4065057","2020-06-20 09:00","2020","06","20","09:00","8.4","","4.8","","78","","","","7","","10","","24.1","","95.62","","","","","","Mostly Cloudy"
"-108.05","54.13","MEADOW LAKE A","4065057","2020-06-20 10:00","2020","06","20","10:00","9.5","","4.3","","70","","","","7","","12","","24.1","","95.62","","","","","","NA"
"-108.05","54.13","MEADOW LAKE A","4065057","2020-06-20 11:00","2020","06","20","11:00","9.8","","4.3","","69","","","","2","","9","","24.1","","95.62","","","","","","NA"
"-108.05","54.13","MEADOW LAKE A","4065057","2020-06-20 12:00","2020","06","20","12:00","10.2","","4.4","","67","","","","6","","12","","24.1","","95.64","","","","","","Cloudy"
"-108.05","54.13","MEADOW LAKE A","4065057","2020-06-20 13:00","2020","06","20","13:00","11.0","","5.1","","67","","","","2","","13","","24.1","","95.66","","","","","","NA"
"-108.05","54.13","MEADOW LAKE A","4065057","2020-06-20 14:00","2020","06","20","14:00","11.4","","5.4","","66","","","","8","","10","","24.1","","95.66","","","","","","NA"
"-108.05","54.13","MEADOW LAKE A","4065057","2020-06-20 15:00","2020","06","20","15:00","12.3","","5.3","","62","","","","7","","12","","24.1","","95.64","","","","","","Cloudy"
"-108.05","54.13","MEADOW LAKE A","4065057","2020-06-20 16:00","2020","06","20","16:00","12.6","","6.7","","67","","","","9","","9","","24.1","","95.64","","","","","","NA"
"-108.05","54.13","MEADOW LAKE A","4065057","2020-06-20 17:00","2020","06","20","17:00","12.5","","6.5","","66","","","","8","","14","","24.1","","95.61","","","","","","NA"
"-108.05","54.13","MEADOW LAKE A","4065057","2020-06-20 18:00","2020","06","20","18:00","12.6","","6.1","","65","","","","5","","15","","24.1","","95.58","","","","","","Cloudy"
"-108.05","54.13","MEADOW LAKE A","4065057","2020-06-20 19:00","2020","06","20","19:00"
"-108.05","54.13","MEADOW LAKE A","4065057","2020-06-20 20:00","2020","06","20","20:00"
"-108.05","54.13","MEADOW LAKE A","4065057","2020-06-20 21:00","2020","06","20","21:00"
"-108.05","54.13","MEADOW LAKE A","4065057","2020-06-20 22:00","2020","06","20","22:00"
"-108.05","54.13","MEADOW LAKE A","4065057","2020-06-20 23:00","2020","06","20","23:00"
"-108.05","54.13","MEADOW LAKE A","4065057","2020-06-21 00:00","2020","06","21","00:00"
"-108.05","54.13","MEADOW LAKE A","4065057","2020-06-21 01:00","2020","06","21","01:00"
"-108.05","54.13","MEADOW LAKE A","4065057","2020-06-21 02:00","2020","06","21","02:00"
"-108.05","54.13","MEADOW LAKE A","4065057","2020-06-21 03:00","2020","06","21","03:00"
"-108.05","54.13","MEADOW LAKE A","4065057","2020-06-21 04:00","2020","06","21","04:00"
"-108.05","54.13","MEADOW LAKE A","4065057","2020-06-21 05:00","2020","06","21","05:00"
"-108.05","54.13","MEADOW LAKE A","4065057","2020-06-21 06:00","2020","06","21","06:00","10.2","","4.7","","69","","","","13","","5","","24.1","","95.65","","","","","","Mostly Cloudy"
"-108.05","54.13","MEADOW LAKE A","4065057","2020-06-21 07:00","2020","06","21","07:00","10.7","","4.1","","64","","","","12","","7","","24.1","","95.68","","","","","","NA"
"-108.05","54.13","MEADOW LAKE A","4065057","2020-06-21 08:00","2020","06","21","08:00","10.8","","3.8","","62","","","","9","","10","","24.1","","95.71","","","","","","NA"
"-108.05","54.13","MEADOW LAKE A","4065057","2020-06-21 09:00","2020","06","21","09:00","11.3","","3.3","","58","","","","13","","13","","24.1","","95.72","","","","","","Mostly Cloudy"
"-108.05","54.13","MEADOW LAKE A","4065057","2020-06-21 10:00","2020","06","21","10:00","11.9","","4.4","","60","","","","15","","10","","24.1","","95.75","","","","","","NA"
"-108.05","54.13","MEADOW LAKE A","4065057","2020-06-21 11:00","2020","06","21","11:00","12.3","","4.4","","58","","","","10","","5","","24.1","","95.78","","","","","","NA"
"-108.05","54.13","MEADOW LAKE A","4065057","2020-06-21 12:00","2020","06","21","12:00","13.6","","4.5","","54","","","","8","","5","","24.1","","95.78","","","","","","Mostly Cloudy"
"-108.05","54.13","MEADOW LAKE A","4065057","2020-06-21 13:00","2020","06","21","13:00","14.6","","5.1","","53","","","","20","","10","","24.1","","95.75","","","","","","NA"
"-108.05","54.13","MEADOW LAKE A","4065057","2020-06-21 14:00","2020","06","21","14:00","15.2","","5.5","","52","","","","3","","4","","24.1","","95.73","","","","","","NA"
"-108.05","54.13","MEADOW LAKE A","4065057","2020-06-21 15:00","2020","06","21","15:00","16.4","","4.7","","45","","","","27","","5","","24.1","","95.71","","","","","","Mainly Clear"
"-108.05","54.13","MEADOW LAKE A","4065057","2020-06-21 16:00","2020","06","21","16:00","17.1","","6.5","","49","","","","12","","7","","24.1","","95.71","","","","","","NA"
"-108.05","54.13","MEADOW LAKE A","4065057","2020-06-21 17:00","2020","06","21","17:00","18.0","","7.0","","48","","","","23","","3","","24.1","","95.69","","","","","","NA"
"-108.05","54.13","MEADOW LAKE A","4065057","2020-06-21 18:00","2020","06","21","18:00","18.1","","6.9","","48","","","","12","","7","","24.1","","95.69","","","","","","Mainly Clear"
"-108.05","54.13","MEADOW LAKE A","4065057","2020-06-21 19:00","2020","06","21","19:00"
"-108.05","54.13","MEADOW LAKE A","4065057","2020-06-21 20:00","2020","06","21","20:00"
"-108.05","54.13","MEADOW LAKE A","4065057","2020-06-21 21:00","2020","06","21","21:00"
"-108.05","54.13","MEADOW LAKE A","4065057","2020-06-21 22:00","2020","06","21","22:00"
"-108.05","54.13","MEADOW LAKE A","4065057","2020-06-21 23:00","2020","06","21","23:00"
"-108.05","54.13","MEADOW LAKE A","4065057","2020-06-22 00:00","2020","06","22","00:00"
"-108.05","54.13","MEADOW LAKE A","4065057","2020-06-22 01:00","2020","06","22","01:00"
"-108.05","54.13","MEADOW LAKE A","4065057","2020-06-22 02:00","2020","06","22","02:00"
"-108.05","54.13","MEADOW LAKE A","4065057","2020-06-22 03:00","2020","06","22","03:00"
"-108.05","54.13","MEADOW LAKE A","4065057","2020-06-22 04:00","2020","06","22","04:00"
"-108.05","54.13","MEADOW LAKE A","4065057","2020-06-22 05:00","2020","06","22","05:00"
"-108.05","54.13","MEADOW LAKE A","4065057","2020-06-22 06:00","2020","06","22","06:00","9.4","","7.3","","86","","","","24","","6","","24.1","","95.96","","","","","","Mainly Clear"
"-108.05","54.13","MEADOW LAKE A","4065057","2020-06-22 07:00","2020","06","22","07:00","12.7","","7.9","","72","","","","23","","4","","24.1","","95.98","","","","","","NA"
"-108.05","54.13","MEADOW LAKE A","4065057","2020-06-22 08:00","2020","06","22","08:00","15.8","","8.9","","63","","","","17","","6","","24.1","","95.98","","","","","","NA"
"-108.05","54.13","MEADOW LAKE A","4065057","2020-06-22 09:00","2020","06","22","09:00","17.9","","8.4","","53","","","","23","","8","","24.1","","95.98","","","","","","Clear"
"-108.05","54.13","MEADOW LAKE A","4065057","2020-06-22 10:00","2020","06","22","10:00","19.7","","8.2","","47","","","","22","","13","","24.1","","95.99","","","","","","NA"
"-108.05","54.13","MEADOW LAKE A","4065057","2020-06-22 11:00","2020","06","22","11:00","20.3","","7.7","","44","","","","23","","5","","24.1","","95.98","","","","","","NA"
"-108.05","54.13","MEADOW LAKE A","4065057","2020-06-22 12:00","2020","06","22","12:00","21.2","","7.7","","41","","","","23","","10","","24.1","","95.98","","","","","","Mainly Clear"
"-108.05","54.13","MEADOW LAKE A","4065057","2020-06-22 13:00","2020","06","22","13:00","21.9","","8.9","","43","","","","36","","5","","24.1","","95.94","","","","","","NA"
"-108.05","54.13","MEADOW LAKE A","4065057","2020-06-22 14:00","2020","06","22","14:00","22.0","","8.9","","43","","","","17","","7","","24.1","","95.90","","","","","","NA"
"-108.05","54.13","MEADOW LAKE A","4065057","2020-06-22 15:00","2020","06","22","15:00","23.1","","8.0","","37","","","","21","","7","","24.1","","95.88","","","","","","Mainly Clear"
"-108.05","54.13","MEADOW LAKE A","4065057","2020-06-22 16:00","2020","06","22","16:00","23.7","","9.2","","39","","","","13","","4","","24.1","","95.86","","25","","","","NA"
"-108.05","54.13","MEADOW LAKE A","4065057","2020-06-22 17:00","2020","06","22","17:00","24.1","","6.8","","32","","","","29","","9","","24.1","","95.86","","","","","","NA"
"-108.05","54.13","MEADOW LAKE A","4065057","2020-06-22 18:00","2020","06","22","18:00","24.3","","8.0","","35","","","","26","","8","","24.1","","95.84","","25","","","","Mainly Clear"
"-108.05","54.13","MEADOW LAKE A","4065057","2020-06-22 19:00","2020","06","22","19:00"
"-108.05","54.13","MEADOW LAKE A","4065057","2020-06-22 20:00","2020","06","22","20:00"
"-108.05","54.13","MEADOW LAKE A","4065057","2020-06-22 21:00","2020","06","22","21:00"
"-108.05","54.13","MEADOW LAKE A","4065057","2020-06-22 22:00","2020","06","22","22:00"
"-108.05","54.13","MEADOW LAKE A","4065057","2020-06-22 23:00","2020","06","22","23:00"
"-108.05","54.13","MEADOW LAKE A","4065057","2020-06-23 00:00","2020","06","23","00:00"
"-108.05","54.13","MEADOW LAKE A","4065057","2020-06-23 01:00","2020","06","23","01:00"
"-108.05","54.13","MEADOW LAKE A","4065057","2020-06-23 02:00","2020","06","23","02:00"
"-108.05","54.13","MEADOW LAKE A","4065057","2020-06-23 03:00","2020","06","23","03:00"
"-108.05","54.13","MEADOW LAKE A","4065057","2020-06-23 04:00","2020","06","23","04:00"
"-108.05","54.13","MEADOW LAKE A","4065057","2020-06-23 05:00","2020","06","23","05:00"
"-108.05","54.13","MEADOW LAKE A","4065057","2020-06-23 06:00","2020","06","23","06:00","13.0","","11.7","","92","","","","4","","4","","24.1","","95.73","","","","","","Mostly Cloudy"
"-108.05","54.13","MEADOW LAKE A","4065057","2020-06-23 07:00","2020","06","23","07:00","16.1","","12.3","","77","","","","","","0","","24.1","","95.70","","","","","","NA"
"-108.05","54.13","MEADOW LAKE A","4065057","2020-06-23 08:00","2020","06","23","08:00","17.6","","10.9","","65","","","","7","","4","","24.1","","95.67","","","","","","NA"
"-108.05","54.13","MEADOW LAKE A","4065057","2020-06-23 09:00","2020","06","23","09:00","19.4","","10.7","","56","","","","14","","4","","24.1","","95.63","","","","","","Cloudy"
"-108.05","54.13","MEADOW LAKE A","4065057","2020-06-23 10:00","2020","06","23","10:00","21.1","","12.7","","58","","","","11","","5","","24.1","","95.59","","","","","","NA"
"-108.05","54.13","MEADOW LAKE A","4065057","2020-06-23 11:00","2020","06","23","11:00","24.8","","11.8","","44","","","","19","","14","","24.1","","95.54","","27","","","","NA"
"-108.05","54.13","MEADOW LAKE A","4065057","2020-06-23 12:00","2020","06","23","12:00","26.5","","13.5","","44","","","","20","","14","","24.1","","95.51","","30","","","","Mostly Cloudy"
"-108.05","54.13","MEADOW LAKE A","4065057","2020-06-23 13:00","2020","06","23","13:00","25.7","","12.8","","44","","","","18","","16","","24.1","","95.46","","28","","","","NA"
"-108.05","54.13","MEADOW LAKE A","4065057","2020-06-23 14:00","2020","06","23","14:00","26.8","","11.9","","39","","","","17","","19","","24.1","","95.41","","29","","","","NA"
"-108.05","54.13","MEADOW LAKE A","4065057","2020-06-23 15:00","2020","06","23","15:00","25.3","","12.2","","44","","","","18","","13","","24.1","","95.38","","28","","","","Mostly Cloudy"
"-108.05","54.13","MEADOW LAKE A","4065057","2020-06-23 16:00","2020","06","23","16:00","26.2","","13.5","","45","","","","19","","13","","24.1","","95.34","","29","","","","NA"
"-108.05","54.13","MEADOW LAKE A","4065057","2020-06-23 17:00","2020","06","23","17:00","27.1","","13.6","","43","","","","15","","18","","24.1","","95.27","","30","","","","NA"
"-108.05","54.13","MEADOW LAKE A","4065057","2020-06-23 18:00","2020","06","23","18:00","27.7","","14.4","","43","","","","15","","23","","24.1","","95.18","","31","","","","Mainly Clear"
"-108.05","54.13","MEADOW LAKE A","4065057","2020-06-23 19:00","2020","06","23","19:00"
"-108.05","54.13","MEADOW LAKE A","4065057","2020-06-23 20:00","2020","06","23","20:00"
"-108.05","54.13","MEADOW LAKE A","4065057","2020-06-23 21:00","2020","06","23","21:00"
"-108.05","54.13","MEADOW LAKE A","4065057","2020-06-23 22:00","2020","06","23","22:00"
"-108.05","54.13","MEADOW LAKE A","4065057","2020-06-23 23:00","2020","06","23","23:00"
"-108.05","54.13","MEADOW LAKE A","4065057","2020-06-24 00:00","2020","06","24","00:00"
"-108.05","54.13","MEADOW LAKE A","4065057","2020-06-24 01:00","2020","06","24","01:00"
"-108.05","54.13","MEADOW LAKE A","4065057","2020-06-24 02:00","2020","06","24","02:00"
"-108.05","54.13","MEADOW LAKE A","4065057","2020-06-24 03:00","2020","06","24","03:00"
"-108.05","54.13","MEADOW LAKE A","4065057","2020-06-24 04:00","2020","06","24","04:00"
"-108.05","54.13","MEADOW LAKE A","4065057","2020-06-24 05:00","2020","06","24","05:00"
"-108.05","54.13","MEADOW LAKE A","4065057","2020-06-24 06:00","2020","06","24","06:00","15.6","","14.7","","94","","","","30","","18","","19.3","","95.25","","","","","","Rain"
"-108.05","54.13","MEADOW LAKE A","4065057","2020-06-24 07:00","2020","06","24","07:00","14.8","","14.0","","95","","","","32","","20","","16.1","","95.27","","","","","","Rain"
"-108.05","54.13","MEADOW LAKE A","4065057","2020-06-24 08:00","2020","06","24","08:00","14.8","","13.3","","91","","","","34","","23","","16.1","","95.26","","","","","","NA"
"-108.05","54.13","MEADOW LAKE A","4065057","2020-06-24 09:00","2020","06","24","09:00","15.8","","13.6","","87","","","","2","","20","","24.1","","95.21","","","","","","Mostly Cloudy"
"-108.05","54.13","MEADOW LAKE A","4065057","2020-06-24 10:00","2020","06","24","10:00","16.7","","13.1","","79","","","","4","","8","","24.1","","95.23","","","","","","NA"
"-108.05","54.13","MEADOW LAKE A","4065057","2020-06-24 11:00","2020","06","24","11:00","17.3","","12.9","","75","","","","36","","8","","24.1","","95.26","","","","","","NA"
"-108.05","54.13","MEADOW LAKE A","4065057","2020-06-24 12:00","2020","06","24","12:00","17.7","","12.9","","73","","","","36","","6","","24.1","","95.25","","","","","","Mostly Cloudy"
"-108.05","54.13","MEADOW LAKE A","4065057","2020-06-24 13:00","2020","06","24","13:00","20.3","","13.5","","65","","","","1","","10","","24.1","","95.23","","","","","","NA"
"-108.05","54.13","MEADOW LAKE A","4065057","2020-06-24 14:00","2020","06","24","14:00","21.1","","13.1","","60","","","","33","","14","","24.1","","95.21","","","","","","NA"
"-108.05","54.13","MEADOW LAKE A","4065057","2020-06-24 15:00","2020","06","24","15:00","21.8","","12.6","","55","","","","1","","9","","24.1","","95.20","","","","","","Mostly Cloudy"
"-108.05","54.13","MEADOW LAKE A","4065057","2020-06-24 16:00","2020","06","24","16:00","22.8","","11.1","","47","","","","2","","17","","24.1","","95.18","","25","","","","NA"
"-108.05","54.13","MEADOW LAKE A","4065057","2020-06-24 17:00","2020","06","24","17:00","22.7","","10.9","","47","","","","1","","12","","24.1","","95.14","","","","","","NA"
"-108.05","54.13","MEADOW LAKE A","4065057","2020-06-24 18:00","2020","06","24","18:00","22.8","","11.0","","47","","","","3","","10","","24.1","","95.11","","25","","","","Mainly Clear"
"-108.05","54.13","MEADOW LAKE A","4065057","2020-06-24 19:00","2020","06","24","19:00"
"-108.05","54.13","MEADOW LAKE A","4065057","2020-06-24 20:00","2020","06","24","20:00"
"-108.05","54.13","MEADOW LAKE A","4065057","2020-06-24 21:00","2020","06","24","21:00"
"-108.05","54.13","MEADOW LAKE A","4065057","2020-06-24 22:00","2020","06","24","22:00"
"-108.05","54.13","MEADOW LAKE A","4065057","2020-06-24 23:00","2020","06","24","23:00"
"-108.05","54.13","MEADOW LAKE A","4065057","2020-06-25 00:00","2020","06","25","00:00"
"-108.05","54.13","MEADOW LAKE A","4065057","2020-06-25 01:00","2020","06","25","01:00"
"-108.05","54.13","MEADOW LAKE A","4065057","2020-06-25 02:00","2020","06","25","02:00"
"-108.05","54.13","MEADOW LAKE A","4065057","2020-06-25 03:00","2020","06","25","03:00"
"-108.05","54.13","MEADOW LAKE A","4065057","2020-06-25 04:00","2020","06","25","04:00"
"-108.05","54.13","MEADOW LAKE A","4065057","2020-06-25 05:00","2020","06","25","05:00"
"-108.05","54.13","MEADOW LAKE A","4065057","2020-06-25 06:00","2020","06","25","06:00","14.8","","12.2","","84","","","","28","","15","","24.1","","95.25","","","","","","Mainly Clear"
"-108.05","54.13","MEADOW LAKE A","4065057","2020-06-25 07:00","2020","06","25","07:00","16.9","","13.2","","79","","","","25","","13","","24.1","","95.29","","","","","","NA"
"-108.05","54.13","MEADOW LAKE A","4065057","2020-06-25 08:00","2020","06","25","08:00","18.0","","13.6","","75","","","","23","","18","","24.1","","95.30","","","","","","NA"
"-108.05","54.13","MEADOW LAKE A","4065057","2020-06-25 09:00","2020","06","25","09:00","19.9","","13.0","","64","","","","26","","14","","24.1","","95.31","","","","","","Clear"
"-108.05","54.13","MEADOW LAKE A","4065057","2020-06-25 10:00","2020","06","25","10:00","21.1","","12.6","","58","","","","28","","16","","24.1","","95.32","","","","","","NA"
"-108.05","54.13","MEADOW LAKE A","4065057","2020-06-25 11:00","2020","06","25","11:00","23.0","","13.1","","53","","","","28","","19","","24.1","","95.30","","26","","","","NA"
"-108.05","54.13","MEADOW LAKE A","4065057","2020-06-25 12:00","2020","06","25","12:00","23.9","","12.6","","49","","","","28","","21","","24.1","","95.29","","26","","","","Mainly Clear"
"-108.05","54.13","MEADOW LAKE A","4065057","2020-06-25 13:00","2020","06","25","13:00","25.1","","10.4","","39","","","","29","","25","","24.1","","95.26","","27","","","","NA"
"-108.05","54.13","MEADOW LAKE A","4065057","2020-06-25 14:00","2020","06","25","14:00","25.8","","7.8","","32","","","","26","","25","","24.1","","95.27","","26","","","","NA"
"-108.05","54.13","MEADOW LAKE A","4065057","2020-06-25 15:00","2020","06","25","15:00","25.6","","7.5","","31","","","","29","","26","","24.1","","95.28","","26","","","","Mainly Clear"
"-108.05","54.13","MEADOW LAKE A","4065057","2020-06-25 16:00","2020","06","25","16:00","25.5","","8.4","","33","","","","28","","20","","24.1","","95.27","","26","","","","NA"
"-108.05","54.13","MEADOW LAKE A","4065057","2020-06-25 17:00","2020","06","25","17:00","25.5","","8.5","","33","","","","26","","30","","24.1","","95.24","","26","","","","NA"
"-108.05","54.13","MEADOW LAKE A","4065057","2020-06-25 18:00","2020","06","25","18:00","23.8","","8.6","","38","","","","27","","19","","24.1","","95.23","","","","","","Mainly Clear"
"-108.05","54.13","MEADOW LAKE A","4065057","2020-06-25 19:00","2020","06","25","19:00"
"-108.05","54.13","MEADOW LAKE A","4065057","2020-06-25 20:00","2020","06","25","20:00"
"-108.05","54.13","MEADOW LAKE A","4065057","2020-06-25 21:00","2020","06","25","21:00"
"-108.05","54.13","MEADOW LAKE A","4065057","2020-06-25 22:00","2020","06","25","22:00"
"-108.05","54.13","MEADOW LAKE A","4065057","2020-06-25 23:00","2020","06","25","23:00"
"-108.05","54.13","MEADOW LAKE A","4065057","2020-06-26 00:00","2020","06","26","00:00"
"-108.05","54.13","MEADOW LAKE A","4065057","2020-06-26 01:00","2020","06","26","01:00"
"-108.05","54.13","MEADOW LAKE A","4065057","2020-06-26 02:00","2020","06","26","02:00"
"-108.05","54.13","MEADOW LAKE A","4065057","2020-06-26 03:00","2020","06","26","03:00"
"-108.05","54.13","MEADOW LAKE A","4065057","2020-06-26 04:00","2020","06","26","04:00"
"-108.05","54.13","MEADOW LAKE A","4065057","2020-06-26 05:00","2020","06","26","05:00"
"-108.05","54.13","MEADOW LAKE A","4065057","2020-06-26 06:00","2020","06","26","06:00","14.1","","11.5","","84","","","","31","","7","","24.1","","95.39","","","","","","Mostly Cloudy"
"-108.05","54.13","MEADOW LAKE A","4065057","2020-06-26 07:00","2020","06","26","07:00","16.1","","9.2","","64","","","","31","","17","","24.1","","95.41","","","","","","NA"
"-108.05","54.13","MEADOW LAKE A","4065057","2020-06-26 08:00","2020","06","26","08:00","15.0","","11.9","","82","","","","22","","13","","19.3","","95.39","","","","","","Rain"
"-108.05","54.13","MEADOW LAKE A","4065057","2020-06-26 09:00","2020","06","26","09:00","15.9","","12.7","","81","","","","24","","11","","24.1","","95.34","","","","","","Mostly Cloudy"
"-108.05","54.13","MEADOW LAKE A","4065057","2020-06-26 10:00","2020","06","26","10:00","15.9","","12.4","","79","","","","21","","15","","16.1","","95.31","","","","","","Rain"
"-108.05","54.13","MEADOW LAKE A","4065057","2020-06-26 11:00","2020","06","26","11:00","17.4","","13.2","","76","","","","24","","5","","24.1","","95.26","","","","","","NA"
"-108.05","54.13","MEADOW LAKE A","4065057","2020-06-26 12:00","2020","06","26","12:00","20.1","","12.1","","59","","","","25","","10","","24.1","","95.21","","","","","","Mostly Cloudy"
"-108.05","54.13","MEADOW LAKE A","4065057","2020-06-26 13:00","2020","06","26","13:00","21.5","","12.1","","55","","","","26","","17","","24.1","","95.19","","","","","","NA"
"-108.05","54.13","MEADOW LAKE A","4065057","2020-06-26 14:00","2020","06","26","14:00","22.3","","12.3","","53","","","","26","","16","","24.1","","95.16","","25","","","","NA"
"-108.05","54.13","MEADOW LAKE A","4065057","2020-06-26 15:00","2020","06","26","15:00","22.3","","10.7","","47","","","","27","","21","","24.1","","95.16","","","","","","Cloudy"
"-108.05","54.13","MEADOW LAKE A","4065057","2020-06-26 16:00","2020","06","26","16:00","20.3","","11.9","","58","","","","26","","9","","24.1","","95.16","","","","","","NA"
"-108.05","54.13","MEADOW LAKE A","4065057","2020-06-26 17:00","2020","06","26","17:00","20.2","","12.7","","62","","","","24","","16","","24.1","","95.14","","","","","","Rain"
"-108.05","54.13","MEADOW LAKE A","4065057","2020-06-26 18:00","2020","06","26","18:00","20.4","","12.1","","59","","","","24","","17","","24.1","","95.08","","","","","","Mostly Cloudy"
"-108.05","54.13","MEADOW LAKE A","4065057","2020-06-26 19:00","2020","06","26","19:00"
"-108.05","54.13","MEADOW LAKE A","4065057","2020-06-26 20:00","2020","06","26","20:00"
"-108.05","54.13","MEADOW LAKE A","4065057","2020-06-26 21:00","2020","06","26","21:00"
"-108.05","54.13","MEADOW LAKE A","4065057","2020-06-26 22:00","2020","06","26","22:00"
"-108.05","54.13","MEADOW LAKE A","4065057","2020-06-26 23:00","2020","06","26","23:00"
"-108.05","54.13","MEADOW LAKE A","4065057","2020-06-27 00:00","2020","06","27","00:00"
"-108.05","54.13","MEADOW LAKE A","4065057","2020-06-27 01:00","2020","06","27","01:00"
"-108.05","54.13","MEADOW LAKE A","4065057","2020-06-27 02:00","2020","06","27","02:00"
"-108.05","54.13","MEADOW LAKE A","4065057","2020-06-27 03:00","2020","06","27","03:00"
"-108.05","54.13","MEADOW LAKE A","4065057","2020-06-27 04:00","2020","06","27","04:00"
"-108.05","54.13","MEADOW LAKE A","4065057","2020-06-27 05:00","2020","06","27","05:00"
"-108.05","54.13","MEADOW LAKE A","4065057","2020-06-27 06:00","2020","06","27","06:00","12.1","","11.3","","95","","","","36","","2","","24.1","","94.67","","","","","","Cloudy"
"-108.05","54.13","MEADOW LAKE A","4065057","2020-06-27 07:00","2020","06","27","07:00","13.0","","12.2","","94","","","","30","","4","","24.1","","94.69","","","","","","NA"
"-108.05","54.13","MEADOW LAKE A","4065057","2020-06-27 08:00","2020","06","27","08:00","13.6","","12.4","","92","","","","25","","4","","24.1","","94.66","","","","","","NA"
"-108.05","54.13","MEADOW LAKE A","4065057","2020-06-27 09:00","2020","06","27","09:00","14.7","","13.6","","93","","","","29","","13","","19.3","","94.65","","","","","","Rain"
"-108.05","54.13","MEADOW LAKE A","4065057","2020-06-27 10:00","2020","06","27","10:00","16.3","","13.0","","81","","","","31","","11","","24.1","","94.61","","","","","","NA"
"-108.05","54.13","MEADOW LAKE A","4065057","2020-06-27 11:00","2020","06","27","11:00","16.2","","12.8","","80","","","","26","","10","","24.1","","94.61","","","","","","Rain"
"-108.05","54.13","MEADOW LAKE A","4065057","2020-06-27 12:00","2020","06","27","12:00","16.6","","12.7","","77","","","","24","","13","","24.1","","94.66","","","","","","Cloudy"
"-108.05","54.13","MEADOW LAKE A","4065057","2020-06-27 13:00","2020","06","27","13:00","16.9","","13.9","","82","","","","25","","16","","24.1","","94.68","","","","","","NA"
"-108.05","54.13","MEADOW LAKE A","4065057","2020-06-27 14:00","2020","06","27","14:00","17.5","","14.3","","81","","","","26","","12","","24.1","","94.69","","","","","","NA"
"-108.05","54.13","MEADOW LAKE A","4065057","2020-06-27 15:00","2020","06","27","15:00","17.4","","13.6","","78","","","","27","","17","","24.1","","94.68","","","","","","Cloudy"
"-108.05","54.13","MEADOW LAKE A","4065057","2020-06-27 16:00","2020","06","27","16:00","19.0","","11.5","","61","","","","29","","21","","24.1","","94.62","","","","","","NA"
"-108.05","54.13","MEADOW LAKE A","4065057","2020-06-27 17:00","2020","06","27","17:00","18.3","","12.4","","68","","","","29","","15","","24.1","","94.62","","","","","","NA"
"-108.05","54.13","MEADOW LAKE A","4065057","2020-06-27 18:00","2020","06","27","18:00","18.4","","11.0","","62","","","","30","","16","","24.1","","94.62","","","","","","Mostly Cloudy"
"-108.05","54.13","MEADOW LAKE A","4065057","2020-06-27 19:00","2020","06","27","19:00"
"-108.05","54.13","MEADOW LAKE A","4065057","2020-06-27 20:00","2020","06","27","20:00"
"-108.05","54.13","MEADOW LAKE A","4065057","2020-06-27 21:00","2020","06","27","21:00"
"-108.05","54.13","MEADOW LAKE A","4065057","2020-06-27 22:00","2020","06","27","22:00"
"-108.05","54.13","MEADOW LAKE A","4065057","2020-06-27 23:00","2020","06","27","23:00"
"-108.05","54.13","MEADOW LAKE A","4065057","2020-06-28 00:00","2020","06","28","00:00"
"-108.05","54.13","MEADOW LAKE A","4065057","2020-06-28 01:00","2020","06","28","01:00"
"-108.05","54.13","MEADOW LAKE A","4065057","2020-06-28 02:00","2020","06","28","02:00"
"-108.05","54.13","MEADOW LAKE A","4065057","2020-06-28 03:00","2020","06","28","03:00"
"-108.05","54.13","MEADOW LAKE A","4065057","2020-06-28 04:00","2020","06","28","04:00"
"-108.05","54.13","MEADOW LAKE A","4065057","2020-06-28 05:00","2020","06","28","05:00"
"-108.05","54.13","MEADOW LAKE A","4065057","2020-06-28 06:00","2020","06","28","06:00","8.3","","8.2","","99","","","","24","","4","","2.4","","94.83","","","","","","Fog"
"-108.05","54.13","MEADOW LAKE A","4065057","2020-06-28 07:00","2020","06","28","07:00","10.2","","10.1","","99","","","","36","","3","","8.1","","94.89","","","","","","Fog"
"-108.05","54.13","MEADOW LAKE A","4065057","2020-06-28 08:00","2020","06","28","08:00","13.9","","13.0","","94","","","","3","","8","","16.1","","94.88","","","","","","NA"
"-108.05","54.13","MEADOW LAKE A","4065057","2020-06-28 09:00","2020","06","28","09:00","15.6","","12.3","","81","","","","2","","12","","24.1","","94.86","","","","","","Mostly Cloudy"
"-108.05","54.13","MEADOW LAKE A","4065057","2020-06-28 10:00","2020","06","28","10:00","17.2","","12.7","","75","","","","2","","11","","24.1","","94.86","","","","","","NA"
"-108.05","54.13","MEADOW LAKE A","4065057","2020-06-28 11:00","2020","06","28","11:00","17.3","","13.0","","76","","","","5","","11","","24.1","","94.88","","","","","","NA"
"-108.05","54.13","MEADOW LAKE A","4065057","2020-06-28 12:00","2020","06","28","12:00","17.3","","12.8","","75","","","","5","","14","","24.1","","94.93","","","","","","Cloudy"
"-108.05","54.13","MEADOW LAKE A","4065057","2020-06-28 13:00","2020","06","28","13:00","17.7","","12.8","","73","","","","4","","10","","24.1","","94.99","","","","","","NA"
"-108.05","54.13","MEADOW LAKE A","4065057","2020-06-28 14:00","2020","06","28","14:00","18.5","","13.4","","72","","","","2","","9","","24.1","","95.01","","","","","","NA"
"-108.05","54.13","MEADOW LAKE A","4065057","2020-06-28 15:00","2020","06","28","15:00","19.2","","12.9","","66","","","","2","","14","","24.1","","94.99","","","","","","Cloudy"
"-108.05","54.13","MEADOW LAKE A","4065057","2020-06-28 16:00","2020","06","28","16:00","20.2","","13.2","","64","","","","2","","17","","24.1","","94.97","","","","","","NA"
"-108.05","54.13","MEADOW LAKE A","4065057","2020-06-28 17:00","2020","06","28","17:00","20.1","","12.4","","61","","","","3","","22","","24.1","","94.98","","","","","","NA"
"-108.05","54.13","MEADOW LAKE A","4065057","2020-06-28 18:00","2020","06","28","18:00","18.7","","11.7","","63","","","","7","","19","","24.1","","94.99","","","","","","Cloudy"
"-108.05","54.13","MEADOW LAKE A","4065057","2020-06-28 19:00","2020","06","28","19:00"
"-108.05","54.13","MEADOW LAKE A","4065057","2020-06-28 20:00","2020","06","28","20:00"
"-108.05","54.13","MEADOW LAKE A","4065057","2020-06-28 21:00","2020","06","28","21:00"
"-108.05","54.13","MEADOW LAKE A","4065057","2020-06-28 22:00","2020","06","28","22:00"
"-108.05","54.13","MEADOW LAKE A","4065057","2020-06-28 23:00","2020","06","28","23:00"
"-108.05","54.13","MEADOW LAKE A","4065057","2020-06-29 00:00","2020","06","29","00:00"
"-108.05","54.13","MEADOW LAKE A","4065057","2020-06-29 01:00","2020","06","29","01:00"
"-108.05","54.13","MEADOW LAKE A","4065057","2020-06-29 02:00","2020","06","29","02:00"
"-108.05","54.13","MEADOW LAKE A","4065057","2020-06-29 03:00","2020","06","29","03:00"
"-108.05","54.13","MEADOW LAKE A","4065057","2020-06-29 04:00","2020","06","29","04:00"
"-108.05","54.13","MEADOW LAKE A","4065057","2020-06-29 05:00","2020","06","29","05:00"
"-108.05","54.13","MEADOW LAKE A","4065057","2020-06-29 06:00","2020","06","29","06:00","14.3","","13.2","","93","","","","6","","11","","24.1","","95.47","","","","","","Mostly Cloudy"
"-108.05","54.13","MEADOW LAKE A","4065057","2020-06-29 07:00","2020","06","29","07:00","15.3","","13.3","","88","","","","5","","19","","24.1","","95.45","","","","","","NA"
"-108.05","54.13","MEADOW LAKE A","4065057","2020-06-29 08:00","2020","06","29","08:00","15.4","","12.8","","84","","","","7","","15","","24.1","","95.48","","","","","","NA"
"-108.05","54.13","MEADOW LAKE A","4065057","2020-06-29 09:00","2020","06","29","09:00","16.6","","12.0","","74","","","","7","","14","","24.1","","95.51","","","","","","Mostly Cloudy"
"-108.05","54.13","MEADOW LAKE A","4065057","2020-06-29 10:00","2020","06","29","10:00","17.2","","12.5","","74","","","","3","","14","","24.1","","95.50","","","","","","NA"
"-108.05","54.13","MEADOW LAKE A","4065057","2020-06-29 11:00","2020","06","29","11:00","18.1","","12.5","","70","","","","5","","14","","24.1","","95.50","","","","","","NA"
"-108.05","54.13","MEADOW LAKE A","4065057","2020-06-29 12:00","2020","06","29","12:00","18.1","","12.4","","69","","","","6","","13","","24.1","","95.51","","","","","","Mostly Cloudy"
"-108.05","54.13","MEADOW LAKE A","4065057","2020-06-29 13:00","2020","06","29","13:00","19.0","","12.0","","63","","","","6","","16","","24.1","","95.51","","","","","","NA"
"-108.05","54.13","MEADOW LAKE A","4065057","2020-06-29 14:00","2020","06","29","14:00","18.3","","11.1","","62","","","","7","","14","","24.1","","95.52","","","","","","NA"
"-108.05","54.13","MEADOW LAKE A","4065057","2020-06-29 15:00","2020","06","29","15:00","19.1","","12.1","","63","","","","3","","21","","24.1","","95.50","","","","","","Cloudy"
"-108.05","54.13","MEADOW LAKE A","4065057","2020-06-29 16:00","2020","06","29","16:00","19.1","","12.7","","66","","","","4","","18","","24.1","","95.46","","","","","","NA"
"-108.05","54.13","MEADOW LAKE A","4065057","2020-06-29 17:00","2020","06","29","17:00","18.8","","11.8","","63","","","","8","","18","","24.1","","95.50","","","","","","NA"
"-108.05","54.13","MEADOW LAKE A","4065057","2020-06-29 18:00","2020","06","29","18:00","17.5","","12.2","","71","","","","9","","21","","24.1","","95.51","","","","","","Cloudy"
"-108.05","54.13","MEADOW LAKE A","4065057","2020-06-29 19:00","2020","06","29","19:00"
"-108.05","54.13","MEADOW LAKE A","4065057","2020-06-29 20:00","2020","06","29","20:00"
"-108.05","54.13","MEADOW LAKE A","4065057","2020-06-29 21:00","2020","06","29","21:00"
"-108.05","54.13","MEADOW LAKE A","4065057","2020-06-29 22:00","2020","06","29","22:00"
"-108.05","54.13","MEADOW LAKE A","4065057","2020-06-29 23:00","2020","06","29","23:00"
"-108.05","54.13","MEADOW LAKE A","4065057","2020-06-30 00:00","2020","06","30","00:00"
"-108.05","54.13","MEADOW LAKE A","4065057","2020-06-30 01:00","2020","06","30","01:00"
"-108.05","54.13","MEADOW LAKE A","4065057","2020-06-30 02:00","2020","06","30","02:00"
"-108.05","54.13","MEADOW LAKE A","4065057","2020-06-30 03:00","2020","06","30","03:00"
"-108.05","54.13","MEADOW LAKE A","4065057","2020-06-30 04:00","2020","06","30","04:00"
"-108.05","54.13","MEADOW LAKE A","4065057","2020-06-30 05:00","2020","06","30","05:00"
"-108.05","54.13","MEADOW LAKE A","4065057","2020-06-30 06:00","2020","06","30","06:00","12.1","","11.8","","98","","","","8","","8","","24.1","","95.39","","","","","","Mostly Cloudy"
"-108.05","54.13","MEADOW LAKE A","4065057","2020-06-30 07:00","2020","06","30","07:00","13.4","","12.5","","95","","","","6","","6","","24.1","","95.41","","","","","","NA"
"-108.05","54.13","MEADOW LAKE A","4065057","2020-06-30 08:00","2020","06","30","08:00","14.7","","13.1","","90","","","","5","","15","","24.1","","95.36","","","","","","NA"
"-108.05","54.13","MEADOW LAKE A","4065057","2020-06-30 09:00","2020","06","30","09:00","15.5","","12.7","","83","","","","4","","18","","24.1","","95.33","","","","","","Cloudy"
"-108.05","54.13","MEADOW LAKE A","4065057","2020-06-30 10:00","2020","06","30","10:00","15.4","","12.6","","83","","","","6","","20","","24.1","","95.35","","","","","","NA"
"-108.05","54.13","MEADOW LAKE A","4065057","2020-06-30 11:00","2020","06","30","11:00","15.9","","12.8","","82","","","","6","","18","","24.1","","95.29","","","","","","NA"
"-108.05","54.13","MEADOW LAKE A","4065057","2020-06-30 12:00","2020","06","30","12:00","16.1","","13.4","","84","","","","5","","20","","24.1","","95.25","","","","","","Cloudy"
"-108.05","54.13","MEADOW LAKE A","4065057","2020-06-30 13:00","2020","06","30","13:00","15.5","","13.6","","89","","","","7","","21","","6.4","","95.23","","","","","","Rain"
"-108.05","54.13","MEADOW LAKE A","4065057","2020-06-30 14:00","2020","06","30","14:00","15.5","","13.9","","90","","","","5","","20","","9.7","","95.21","","","","","","Rain"
"-108.05","54.13","MEADOW LAKE A","4065057","2020-06-30 15:00","2020","06","30","15:00","16.5","","13.8","","84","","","","6","","29","","24.1","","95.15","","","","","","Rain"
"-108.05","54.13","MEADOW LAKE A","4065057","2020-06-30 16:00","2020","06","30","16:00","15.1","","14.0","","93","","","","6","","25","","4.8","","95.12","","","","","","Rain"
"-108.05","54.13","MEADOW LAKE A","4065057","2020-06-30 17:00","2020","06","30","17:00","14.6","","14.2","","97","","","","7","","20","","1.2","","95.12","","","","","","Drizzle,Fog"
"-108.05","54.13","MEADOW LAKE A","4065057","2020-06-30 18:00","2020","06","30","18:00","14.8","","14.4","","97","","","","7","","17","","3.2","","95.08","","","","","","Drizzle,Fog"
"-108.05","54.13","MEADOW LAKE A","4065057","2020-06-30 19:00","2020","06","30","19:00"
"-108.05","54.13","MEADOW LAKE A","4065057","2020-06-30 20:00","2020","06","30","20:00"
"-108.05","54.13","MEADOW LAKE A","4065057","2020-06-30 21:00","2020","06","30","21:00"
"-108.05","54.13","MEADOW LAKE A","4065057","2020-06-30 22:00","2020","06","30","22:00"
"-108.05","54.13","MEADOW LAKE A","4065057","2020-06-30 23:00","2020","06","30","23:00"
