"Longitude (x)","Latitude (y)","Station Name","Climate ID","Date/Time (LST)","Year","Month","Day","Time (LST)","Temp (°C)","Temp Flag","Dew Point Temp (°C)","Dew Point Temp Flag","Rel Hum (%)","Rel Hum Flag","Precip. Amount (mm)","Precip. Amount Flag","Wind Dir (10s deg)","Wind Dir Flag","Wind Spd (km/h)","Wind Spd Flag","Visibility (km)","Visibility Flag","Stn Press (kPa)","Stn Press Flag","Hmdx","Hmdx Flag","Wind Chill","Wind Chill Flag","Weather"
"-56.07","48.97","BADGER (AUT)","8400301","2020-01-01 00:30","2020","01","01","00:30"
"-56.07","48.97","BADGER (AUT)","8400301","2020-01-01 01:30","2020","01","01","01:30"
"-56.07","48.97","BADGER (AUT)","8400301","2020-01-01 02:30","2020","01","01","02:30"
"-56.07","48.97","BADGER (AUT)","8400301","2020-01-01 03:30","2020","01","01","03:30"
"-56.07","48.97","BADGER (AUT)","8400301","2020-01-01 04:30","2020","01","01","04:30"
"-56.07","48.97","BADGER (AUT)","8400301","2020-01-01 05:30","2020","01","01","05:30"
"-56.07","48.97","BADGER (AUT)","8400301","2020-01-01 06:30","2020","01","01","06:30"
"-56.07","48.97","BADGER (AUT)","8400301","2020-01-01 07:30","2020","01","01","07:30"
"-56.07","48.97","BADGER (AUT)","8400301","2020-01-01 08:30","2020","01","01","08:30"
"-56.07","48.97","BADGER (AUT)","8400301","2020-01-01 09:30","2020","01","01","09:30"
"-56.07","48.97","BADGER (AUT)","8400301","2020-01-01 10:30","2020","01","01","10:30"
"-56.07","48.97","BADGER (AUT)","8400301","2020-01-01 11:30","2020","01","01","11:30"
"-56.07","48.97","BADGER (AUT)","8400301","2020-01-01 12:30","2020","01","01","12:30"
"-56.07","48.97","BADGER (AUT)","8400301","2020-01-01 13:30","2020","01","01","13:30"
"-56.07","48.97","BADGER (AUT)","8400301","2020-01-01 14:30","2020","01","01","14:30"
"-56.07","48.97","BADGER (AUT)","8400301","2020-01-01 15:30","2020","01","01","15:30"
"-56.07","48.97","BADGER (AUT)","8400301","2020-01-01 16:30","2020","01","01","16:30"
"-56.07","48.97","BADGER (AUT)","8400301","2020-01-01 17:30","2020","01","01","17:30"
"-56.07","48.97","BADGER (AUT)","8400301","2020-01-01 18:30","2020","01","01","18:30"
"-56.07","48.97","BADGER (AUT)","8400301","2020-01-01 19:30","2020","01","01","19:30"
"-56.07","48.97","BADGER (AUT)","8400301","2020-01-01 20:30","2020","01","01","20:30"
"-56.07","48.97","BADGER (AUT)","8400301","2020-01-01 21:30","2020","01","01","21:30"
"-56.07","48.97","BADGER (AUT)","8400301","2020-01-01 22:30","2020","01","01","22:30"
"-56.07","48.97","BADGER (AUT)","8400301","2020-01-01 23:30","2020","01","01","23:30"
"-56.07","48.97","BADGER (AUT)","8400301","2020-01-02 00:30","2020","01","02","00:30"
"-56.07","48.97","BADGER (AUT)","8400301","2020-01-02 01:30","2020","01","02","01:30"
"-56.07","48.97","BADGER (AUT)","8400301","2020-01-02 02:30","2020","01","02","02:30"
"-56.07","48.97","BADGER (AUT)","8400301","2020-01-02 03:30","2020","01","02","03:30"
"-56.07","48.97","BADGER (AUT)","8400301","2020-01-02 04:30","2020","01","02","04:30"
"-56.07","48.97","BADGER (AUT)","8400301","2020-01-02 05:30","2020","01","02","05:30"
"-56.07","48.97","BADGER (AUT)","8400301","2020-01-02 06:30","2020","01","02","06:30"
"-56.07","48.97","BADGER (AUT)","8400301","2020-01-02 07:30","2020","01","02","07:30"
"-56.07","48.97","BADGER (AUT)","8400301","2020-01-02 08:30","2020","01","02","08:30"
"-56.07","48.97","BADGER (AUT)","8400301","2020-01-02 09:30","2020","01","02","09:30"
"-56.07","48.97","BADGER (AUT)","8400301","2020-01-02 10:30","2020","01","02","10:30"
"-56.07","48.97","BADGER (AUT)","8400301","2020-01-02 11:30","2020","01","02","11:30"
"-56.07","48.97","BADGER (AUT)","8400301","2020-01-02 12:30","2020","01","02","12:30"
"-56.07","48.97","BADGER (AUT)","8400301","2020-01-02 13:30","2020","01","02","13:30"
"-56.07","48.97","BADGER (AUT)","8400301","2020-01-02 14:30","2020","01","02","14:30"
"-56.07","48.97","BADGER (AUT)","8400301","2020-01-02 15:30","2020","01","02","15:30","-0.5","","-3.7","","79","","","M","22","","11","","","","97.82","","","","-4","","NA"
"-56.07","48.97","BADGER (AUT)","8400301","2020-01-02 16:30","2020","01","02","16:30","-1.1","","-3.9","","81","","","M","22","","10","","","","97.91","","","","-5","","NA"
"-56.07","48.97","BADGER (AUT)","8400301","2020-01-02 17:30","2020","01","02","17:30","-1.3","","-4.3","","80","","","M","22","","10","","","","97.93","","","","-5","","NA"
"-56.07","48.97","BADGER (AUT)","8400301","2020-01-02 18:30","2020","01","02","18:30","-1.7","","-4.2","","83","","","M","22","","10","","","","97.97","","","","-5","","NA"
"-56.07","48.97","BADGER (AUT)","8400301","2020-01-02 19:30","2020","01","02","19:30","-1.9","","-4.6","","82","","","M","21","","11","","","","97.99","","","","-6","","NA"
"-56.07","48.97","BADGER (AUT)","8400301","2020-01-02 20:30","2020","01","02","20:30","-2.6","","-5.0","","84","","","M","22","","9","","","","98.03","","","","-6","","NA"
"-56.07","48.97","BADGER (AUT)","8400301","2020-01-02 21:30","2020","01","02","21:30","-2.5","","-4.6","","85","","","M","21","","9","","","","98.05","","","","-6","","NA"
"-56.07","48.97","BADGER (AUT)","8400301","2020-01-02 22:30","2020","01","02","22:30","-2.6","","-4.6","","86","","","M","22","","6","","","","98.09","","","","-5","","NA"
"-56.07","48.97","BADGER (AUT)","8400301","2020-01-02 23:30","2020","01","02","23:30","-2.6","","-4.7","","85","","","M","22","","7","","","","98.11","","","","-5","","NA"
"-56.07","48.97","BADGER (AUT)","8400301","2020-01-03 00:30","2020","01","03","00:30","-2.5","","-3.9","","90","","","M","21","","8","","","","98.12","","","","-6","","NA"
"-56.07","48.97","BADGER (AUT)","8400301","2020-01-03 01:30","2020","01","03","01:30","-1.9","","-4.4","","83","","","M","24","","12","","","","98.15","","","","-6","","NA"
"-56.07","48.97","BADGER (AUT)","8400301","2020-01-03 02:30","2020","01","03","02:30","-1.9","","-4.4","","83","","","M","24","","10","","","","98.18","","","","-6","","NA"
"-56.07","48.97","BADGER (AUT)","8400301","2020-01-03 03:30","2020","01","03","03:30","-2.1","","-4.7","","82","","","M","25","","11","","","","98.19","","","","-6","","NA"
"-56.07","48.97","BADGER (AUT)","8400301","2020-01-03 04:30","2020","01","03","04:30","-1.8","","-4.5","","82","","","M","25","","14","","","","98.23","","","","-6","","NA"
"-56.07","48.97","BADGER (AUT)","8400301","2020-01-03 05:30","2020","01","03","05:30","-1.6","","-4.4","","81","","","M","25","","14","","","","98.27","","","","-6","","NA"
"-56.07","48.97","BADGER (AUT)","8400301","2020-01-03 06:30","2020","01","03","06:30","-1.7","","-4.3","","82","","","M","25","","13","","","","98.33","","","","-6","","NA"
"-56.07","48.97","BADGER (AUT)","8400301","2020-01-03 07:30","2020","01","03","07:30","-1.8","","-4.7","","80","","","M","24","","12","","","","98.36","","","","-6","","NA"
"-56.07","48.97","BADGER (AUT)","8400301","2020-01-03 08:30","2020","01","03","08:30","-2.1","","-4.8","","81","","","M","22","","6","","","","98.45","","","","-4","","NA"
"-56.07","48.97","BADGER (AUT)","8400301","2020-01-03 09:30","2020","01","03","09:30","-0.9","","-4.0","","79","","","M","22","","9","","","","98.51","","","","-4","","NA"
"-56.07","48.97","BADGER (AUT)","8400301","2020-01-03 10:30","2020","01","03","10:30","-0.5","","-3.9","","78","","","M","22","","11","","","","98.54","","","","-4","","NA"
"-56.07","48.97","BADGER (AUT)","8400301","2020-01-03 11:30","2020","01","03","11:30","-0.1","","-4.1","","75","","","M","23","","10","","","","98.52","","","","-3","","NA"
"-56.07","48.97","BADGER (AUT)","8400301","2020-01-03 12:30","2020","01","03","12:30","-0.2","","-4.1","","75","","","M","24","","11","","","","98.50","","","","-4","","NA"
"-56.07","48.97","BADGER (AUT)","8400301","2020-01-03 13:30","2020","01","03","13:30","0.8","","-4.2","","69","","","M","25","","15","","","","98.48","","","","","","NA"
"-56.07","48.97","BADGER (AUT)","8400301","2020-01-03 14:30","2020","01","03","14:30","0.3","","-4.3","","71","","","M","24","","12","","","","98.54","","","","","","NA"
"-56.07","48.97","BADGER (AUT)","8400301","2020-01-03 15:30","2020","01","03","15:30","-0.8","","-4.4","","76","","","M","23","","11","","","","98.60","","","","-5","","NA"
"-56.07","48.97","BADGER (AUT)","8400301","2020-01-03 16:30","2020","01","03","16:30","-1.8","","-5.1","","78","","","M","24","","11","","","","98.66","","","","-6","","NA"
"-56.07","48.97","BADGER (AUT)","8400301","2020-01-03 17:30","2020","01","03","17:30","-2.6","","-5.7","","79","","","M","24","","7","","","","98.70","","","","-5","","NA"
"-56.07","48.97","BADGER (AUT)","8400301","2020-01-03 18:30","2020","01","03","18:30","-3.1","","-5.8","","82","","","M","17","","6","","","","98.77","","","","-6","","NA"
"-56.07","48.97","BADGER (AUT)","8400301","2020-01-03 19:30","2020","01","03","19:30","-4.0","","-6.5","","83","","","M","24","","4","","","","98.82","","","","-6","","NA"
"-56.07","48.97","BADGER (AUT)","8400301","2020-01-03 20:30","2020","01","03","20:30","-4.4","","-6.7","","84","","","M","25","","6","","","","98.88","","","","-7","","NA"
"-56.07","48.97","BADGER (AUT)","8400301","2020-01-03 21:30","2020","01","03","21:30","-4.6","","-6.5","","86","","","M","21","","3","","","","98.90","","","","-6","","NA"
"-56.07","48.97","BADGER (AUT)","8400301","2020-01-03 22:30","2020","01","03","22:30","-4.2","","-6.2","","86","","","M","25","","5","","","","98.90","","","","-6","","NA"
"-56.07","48.97","BADGER (AUT)","8400301","2020-01-03 23:30","2020","01","03","23:30","-5.8","","-7.0","","91","","","M","25","","4","","","","98.90","","","","-8","","NA"
"-56.07","48.97","BADGER (AUT)","8400301","2020-01-04 00:30","2020","01","04","00:30","-7.9","","-9.1","","91","","","M","0","","1","","","","98.90","","","","-8","","NA"
"-56.07","48.97","BADGER (AUT)","8400301","2020-01-04 01:30","2020","01","04","01:30","-6.6","","-7.3","","94","","","M","21","","1","","","","98.88","","","","-7","","NA"
"-56.07","48.97","BADGER (AUT)","8400301","2020-01-04 02:30","2020","01","04","02:30","-4.2","","-5.8","","88","","","M","24","","4","","","","98.90","","","","-6","","NA"
"-56.07","48.97","BADGER (AUT)","8400301","2020-01-04 03:30","2020","01","04","03:30","-4.0","","-5.8","","87","","","M","22","","5","","","","98.89","","","","-6","","NA"
"-56.07","48.97","BADGER (AUT)","8400301","2020-01-04 04:30","2020","01","04","04:30","-4.2","","-6.2","","86","","","M","24","","8","","","","98.87","","","","-8","","NA"
"-56.07","48.97","BADGER (AUT)","8400301","2020-01-04 05:30","2020","01","04","05:30","-4.3","","-6.2","","86","","","M","23","","5","","","","98.89","","","","-6","","NA"
"-56.07","48.97","BADGER (AUT)","8400301","2020-01-04 06:30","2020","01","04","06:30","-4.6","","-6.6","","86","","","M","25","","8","","","","98.87","","","","-8","","NA"
"-56.07","48.97","BADGER (AUT)","8400301","2020-01-04 07:30","2020","01","04","07:30","-4.7","","-6.4","","88","","","M","18","","2","","","","98.82","","","","-6","","NA"
"-56.07","48.97","BADGER (AUT)","8400301","2020-01-04 08:30","2020","01","04","08:30","-4.9","","-6.2","","91","","","M","0","","1","","","","98.86","","","","-5","","NA"
"-56.07","48.97","BADGER (AUT)","8400301","2020-01-04 09:30","2020","01","04","09:30","-4.0","","-5.6","","89","","","M","0","","1","","","","98.83","","","","-4","","NA"
"-56.07","48.97","BADGER (AUT)","8400301","2020-01-04 10:30","2020","01","04","10:30","-2.7","","-4.5","","87","","","M","17","","1","","","","98.79","","","","-3","","NA"
"-56.07","48.97","BADGER (AUT)","8400301","2020-01-04 11:30","2020","01","04","11:30","-2.4","","-4.0","","89","","","M","19","","3","","","","98.71","","","","-4","","NA"
"-56.07","48.97","BADGER (AUT)","8400301","2020-01-04 12:30","2020","01","04","12:30","-1.6","","-3.1","","90","","","M","25","","3","","","","98.65","","","","-3","","NA"
"-56.07","48.97","BADGER (AUT)","8400301","2020-01-04 13:30","2020","01","04","13:30","-0.9","","-2.7","","88","","","M","22","","5","","","","98.62","","","","-3","","NA"
"-56.07","48.97","BADGER (AUT)","8400301","2020-01-04 14:30","2020","01","04","14:30","-0.2","","-2.7","","83","","","M","25","","4","","","","98.65","","","","-1","","NA"
"-56.07","48.97","BADGER (AUT)","8400301","2020-01-04 15:30","2020","01","04","15:30","-0.7","","-3.1","","84","","","M","25","","5","","","","98.73","","","","-2","","NA"
"-56.07","48.97","BADGER (AUT)","8400301","2020-01-04 16:30","2020","01","04","16:30","-1.0","","-4.3","","78","","","M","28","","7","","","","98.77","","","","-4","","NA"
"-56.07","48.97","BADGER (AUT)","8400301","2020-01-04 17:30","2020","01","04","17:30","-1.7","","-3.8","","86","","","M","20","","3","","","","98.81","","","","-3","","NA"
"-56.07","48.97","BADGER (AUT)","8400301","2020-01-04 18:30","2020","01","04","18:30","-1.7","","-4.4","","82","","","M","29","","5","","","","98.85","","","","-4","","NA"
"-56.07","48.97","BADGER (AUT)","8400301","2020-01-04 19:30","2020","01","04","19:30","-3.1","","-4.6","","89","","","M","30","","4","","","","98.86","","","","-5","","NA"
"-56.07","48.97","BADGER (AUT)","8400301","2020-01-04 20:30","2020","01","04","20:30","-3.1","","-4.8","","88","","","M","28","","3","","","","98.87","","","","-4","","NA"
"-56.07","48.97","BADGER (AUT)","8400301","2020-01-04 21:30","2020","01","04","21:30","-3.5","","-4.9","","90","","","M","28","","2","","","","98.89","","","","-4","","NA"
"-56.07","48.97","BADGER (AUT)","8400301","2020-01-04 22:30","2020","01","04","22:30","-5.6","","-6.6","","92","","","M","32","","1","","","","98.90","","","","-6","","NA"
"-56.07","48.97","BADGER (AUT)","8400301","2020-01-04 23:30","2020","01","04","23:30","-7.2","","-8.1","","93","","","M","4","","2","","","","98.90","","","","-8","","NA"
"-56.07","48.97","BADGER (AUT)","8400301","2020-01-05 00:30","2020","01","05","00:30","-6.3","","-7.2","","94","","","M","1","","2","","","","98.90","","","","-7","","NA"
"-56.07","48.97","BADGER (AUT)","8400301","2020-01-05 01:30","2020","01","05","01:30","-5.8","","-6.6","","94","","","M","5","","2","","","","98.84","","","","-7","","NA"
"-56.07","48.97","BADGER (AUT)","8400301","2020-01-05 02:30","2020","01","05","02:30","-5.5","","-6.3","","94","","","M","0","","1","","","","98.83","","","","-6","","NA"
"-56.07","48.97","BADGER (AUT)","8400301","2020-01-05 03:30","2020","01","05","03:30","-5.4","","-6.2","","94","","","M","9","","2","","","","98.78","","","","-6","","NA"
"-56.07","48.97","BADGER (AUT)","8400301","2020-01-05 04:30","2020","01","05","04:30","-5.4","","-6.2","","94","","","M","","","0","","","","98.82","","","","","","NA"
"-56.07","48.97","BADGER (AUT)","8400301","2020-01-05 05:30","2020","01","05","05:30","-5.0","","-5.9","","94","","","M","0","","1","","","","98.78","","","","-5","","NA"
"-56.07","48.97","BADGER (AUT)","8400301","2020-01-05 06:30","2020","01","05","06:30","-5.0","","-5.8","","94","","","M","1","","2","","","","98.72","","","","-6","","NA"
"-56.07","48.97","BADGER (AUT)","8400301","2020-01-05 07:30","2020","01","05","07:30","-4.7","","-5.6","","94","","","M","6","","2","","","","98.63","","","","-6","","NA"
"-56.07","48.97","BADGER (AUT)","8400301","2020-01-05 08:30","2020","01","05","08:30","-4.7","","-5.6","","93","","","M","34","","2","","","","98.61","","","","-6","","NA"
"-56.07","48.97","BADGER (AUT)","8400301","2020-01-05 09:30","2020","01","05","09:30","-4.1","","-5.2","","92","","","M","5","","3","","","","98.59","","","","-5","","NA"
"-56.07","48.97","BADGER (AUT)","8400301","2020-01-05 10:30","2020","01","05","10:30","-3.7","","-5.1","","90","","","M","8","","1","","","","98.50","","","","-4","","NA"
"-56.07","48.97","BADGER (AUT)","8400301","2020-01-05 11:30","2020","01","05","11:30","-2.8","","-4.5","","88","","","M","10","","4","","","","98.38","","","","-4","","NA"
"-56.07","48.97","BADGER (AUT)","8400301","2020-01-05 12:30","2020","01","05","12:30","-2.5","","-4.6","","86","","","M","7","","4","","","","98.24","","","","-4","","NA"
"-56.07","48.97","BADGER (AUT)","8400301","2020-01-05 13:30","2020","01","05","13:30","-2.5","","-4.8","","84","","","M","6","","5","","","","98.10","","","","-4","","NA"
"-56.07","48.97","BADGER (AUT)","8400301","2020-01-05 14:30","2020","01","05","14:30","-2.7","","-4.8","","86","","","M","4","","8","","","","98.02","","","","-6","","NA"
"-56.07","48.97","BADGER (AUT)","8400301","2020-01-05 15:30","2020","01","05","15:30","-3.3","","-5.0","","88","","","M","3","","9","","","","98.02","","","","-7","","NA"
"-56.07","48.97","BADGER (AUT)","8400301","2020-01-05 16:30","2020","01","05","16:30","-3.5","","-5.0","","90","","","M","3","","9","","","","97.86","","","","-7","","NA"
"-56.07","48.97","BADGER (AUT)","8400301","2020-01-05 17:30","2020","01","05","17:30","-3.9","","-5.0","","92","","","M","4","","13","","","","97.74","","","","-9","","NA"
"-56.07","48.97","BADGER (AUT)","8400301","2020-01-05 18:30","2020","01","05","18:30","-4.0","","-5.2","","92","","","M","3","","10","","","","97.72","","","","-8","","NA"
"-56.07","48.97","BADGER (AUT)","8400301","2020-01-05 19:30","2020","01","05","19:30","-4.1","","-5.0","","93","","","M","3","","10","","","","97.51","","","","-8","","NA"
"-56.07","48.97","BADGER (AUT)","8400301","2020-01-05 20:30","2020","01","05","20:30","-3.9","","-4.8","","93","","","M","3","","11","","","","97.41","","","","-8","","NA"
"-56.07","48.97","BADGER (AUT)","8400301","2020-01-05 21:30","2020","01","05","21:30","-3.5","","-4.2","","95","","","M","3","","14","","","","97.37","","","","-9","","NA"
"-56.07","48.97","BADGER (AUT)","8400301","2020-01-05 22:30","2020","01","05","22:30","-3.4","","-4.2","","94","","","M","3","","15","","","","97.30","","","","-9","","NA"
"-56.07","48.97","BADGER (AUT)","8400301","2020-01-05 23:30","2020","01","05","23:30"
"-56.07","48.97","BADGER (AUT)","8400301","2020-01-06 00:30","2020","01","06","00:30"
"-56.07","48.97","BADGER (AUT)","8400301","2020-01-06 01:30","2020","01","06","01:30"
"-56.07","48.97","BADGER (AUT)","8400301","2020-01-06 02:30","2020","01","06","02:30"
"-56.07","48.97","BADGER (AUT)","8400301","2020-01-06 03:30","2020","01","06","03:30"
"-56.07","48.97","BADGER (AUT)","8400301","2020-01-06 04:30","2020","01","06","04:30"
"-56.07","48.97","BADGER (AUT)","8400301","2020-01-06 05:30","2020","01","06","05:30"
"-56.07","48.97","BADGER (AUT)","8400301","2020-01-06 06:30","2020","01","06","06:30"
"-56.07","48.97","BADGER (AUT)","8400301","2020-01-06 07:30","2020","01","06","07:30"
"-56.07","48.97","BADGER (AUT)","8400301","2020-01-06 08:30","2020","01","06","08:30"
"-56.07","48.97","BADGER (AUT)","8400301","2020-01-06 09:30","2020","01","06","09:30"
"-56.07","48.97","BADGER (AUT)","8400301","2020-01-06 10:30","2020","01","06","10:30"
"-56.07","48.97","BADGER (AUT)","8400301","2020-01-06 11:30","2020","01","06","11:30"
"-56.07","48.97","BADGER (AUT)","8400301","2020-01-06 12:30","2020","01","06","12:30"
"-56.07","48.97","BADGER (AUT)","8400301","2020-01-06 13:30","2020","01","06","13:30"
"-56.07","48.97","BADGER (AUT)","8400301","2020-01-06 14:30","2020","01","06","14:30"
"-56.07","48.97","BADGER (AUT)","8400301","2020-01-06 15:30","2020","01","06","15:30"
"-56.07","48.97","BADGER (AUT)","8400301","2020-01-06 16:30","2020","01","06","16:30"
"-56.07","48.97","BADGER (AUT)","8400301","2020-01-06 17:30","2020","01","06","17:30"
"-56.07","48.97","BADGER (AUT)","8400301","2020-01-06 18:30","2020","01","06","18:30"
"-56.07","48.97","BADGER (AUT)","8400301","2020-01-06 19:30","2020","01","06","19:30"
"-56.07","48.97","BADGER (AUT)","8400301","2020-01-06 20:30","2020","01","06","20:30"
"-56.07","48.97","BADGER (AUT)","8400301","2020-01-06 21:30","2020","01","06","21:30"
"-56.07","48.97","BADGER (AUT)","8400301","2020-01-06 22:30","2020","01","06","22:30"
"-56.07","48.97","BADGER (AUT)","8400301","2020-01-06 23:30","2020","01","06","23:30"
"-56.07","48.97","BADGER (AUT)","8400301","2020-01-07 00:30","2020","01","07","00:30"
"-56.07","48.97","BADGER (AUT)","8400301","2020-01-07 01:30","2020","01","07","01:30"
"-56.07","48.97","BADGER (AUT)","8400301","2020-01-07 02:30","2020","01","07","02:30"
"-56.07","48.97","BADGER (AUT)","8400301","2020-01-07 03:30","2020","01","07","03:30"
"-56.07","48.97","BADGER (AUT)","8400301","2020-01-07 04:30","2020","01","07","04:30"
"-56.07","48.97","BADGER (AUT)","8400301","2020-01-07 05:30","2020","01","07","05:30"
"-56.07","48.97","BADGER (AUT)","8400301","2020-01-07 06:30","2020","01","07","06:30"
"-56.07","48.97","BADGER (AUT)","8400301","2020-01-07 07:30","2020","01","07","07:30"
"-56.07","48.97","BADGER (AUT)","8400301","2020-01-07 08:30","2020","01","07","08:30"
"-56.07","48.97","BADGER (AUT)","8400301","2020-01-07 09:30","2020","01","07","09:30"
"-56.07","48.97","BADGER (AUT)","8400301","2020-01-07 10:30","2020","01","07","10:30"
"-56.07","48.97","BADGER (AUT)","8400301","2020-01-07 11:30","2020","01","07","11:30"
"-56.07","48.97","BADGER (AUT)","8400301","2020-01-07 12:30","2020","01","07","12:30"
"-56.07","48.97","BADGER (AUT)","8400301","2020-01-07 13:30","2020","01","07","13:30","-8.8","","-12.2","","76","","","M","24","","2","","","","100.02","","","","-10","","NA"
"-56.07","48.97","BADGER (AUT)","8400301","2020-01-07 14:30","2020","01","07","14:30","-7.7","","-11.1","","77","","","M","22","","2","","","","100.04","","","","-9","","NA"
"-56.07","48.97","BADGER (AUT)","8400301","2020-01-07 15:30","2020","01","07","15:30","-7.6","","-11.8","","72","","","M","24","","3","","","","100.06","","","","-9","","NA"
"-56.07","48.97","BADGER (AUT)","8400301","2020-01-07 16:30","2020","01","07","16:30","-12.4","","-14.6","","84","","","M","4","","3","","","","100.05","","","","-14","","NA"
"-56.07","48.97","BADGER (AUT)","8400301","2020-01-07 17:30","2020","01","07","17:30","-14.9","","-16.5","","87","","","M","22","","2","","","","100.10","","","","-16","","NA"
"-56.07","48.97","BADGER (AUT)","8400301","2020-01-07 18:30","2020","01","07","18:30","-14.2","","-15.5","","90","","","M","0","","1","","","","100.13","","","","-15","","NA"
"-56.07","48.97","BADGER (AUT)","8400301","2020-01-07 19:30","2020","01","07","19:30","-13.0","","-14.4","","90","","","M","33","","1","","","","100.14","","","","-14","","NA"
"-56.07","48.97","BADGER (AUT)","8400301","2020-01-07 20:30","2020","01","07","20:30","-12.8","","-14.2","","89","","","M","","","0","","","","100.19","","","","","","NA"
"-56.07","48.97","BADGER (AUT)","8400301","2020-01-07 21:30","2020","01","07","21:30","-13.2","","-14.5","","89","","","M","","","0","","","","100.21","","","","","","NA"
"-56.07","48.97","BADGER (AUT)","8400301","2020-01-07 22:30","2020","01","07","22:30","-11.9","","-13.2","","91","","","M","","","0","","","","100.23","","","","","","NA"
"-56.07","48.97","BADGER (AUT)","8400301","2020-01-07 23:30","2020","01","07","23:30","-14.8","","-16.9","","84","","","M","0","","1","","","","100.18","","","","-16","","NA"
"-56.07","48.97","BADGER (AUT)","8400301","2020-01-08 00:30","2020","01","08","00:30","-17.8","","-19.9","","84","","","M","32","","2","","","","100.17","","","","-19","","NA"
"-56.07","48.97","BADGER (AUT)","8400301","2020-01-08 01:30","2020","01","08","01:30","-18.6","","-20.4","","86","","","M","5","","1","","","","100.22","","","","-19","","NA"
"-56.07","48.97","BADGER (AUT)","8400301","2020-01-08 02:30","2020","01","08","02:30","-18.7","","-20.6","","85","","","M","29","","1","","","","100.31","","","","-20","","NA"
"-56.07","48.97","BADGER (AUT)","8400301","2020-01-08 03:30","2020","01","08","03:30","-19.2","","-21.4","","83","","","M","28","","2","","","","100.33","","","","-21","","NA"
"-56.07","48.97","BADGER (AUT)","8400301","2020-01-08 04:30","2020","01","08","04:30","-20.6","","-22.7","","84","","","M","0","","1","","","","100.31","","","","-21","","NA"
"-56.07","48.97","BADGER (AUT)","8400301","2020-01-08 05:30","2020","01","08","05:30","-21.2","","-23.2","","84","","","M","0","","1","","","","100.31","","","","-22","","NA"
"-56.07","48.97","BADGER (AUT)","8400301","2020-01-08 06:30","2020","01","08","06:30","-21.9","","-24.0","","83","","","M","32","","1","","","","100.38","","","","-23","","NA"
"-56.07","48.97","BADGER (AUT)","8400301","2020-01-08 07:30","2020","01","08","07:30","-21.6","","-23.6","","84","","","M","0","","1","","","","100.40","","","","-22","","NA"
"-56.07","48.97","BADGER (AUT)","8400301","2020-01-08 08:30","2020","01","08","08:30","-19.3","","-21.1","","86","","","M","16","","2","","","","100.37","","","","-21","","NA"
"-56.07","48.97","BADGER (AUT)","8400301","2020-01-08 09:30","2020","01","08","09:30","-17.6","","-19.7","","84","","","M","25","","2","","","","100.39","","","","-19","","NA"
"-56.07","48.97","BADGER (AUT)","8400301","2020-01-08 10:30","2020","01","08","10:30","-13.2","","-14.4","","90","","","M","26","","1","","","","100.35","","","","-14","","NA"
"-56.07","48.97","BADGER (AUT)","8400301","2020-01-08 11:30","2020","01","08","11:30","-10.7","","-12.1","","89","","","M","3","","2","","","","100.11","","","","-12","","NA"
"-56.07","48.97","BADGER (AUT)","8400301","2020-01-08 12:30","2020","01","08","12:30","-10.0","","-11.5","","88","","","M","0","","1","","","","100.01","","","","-11","","NA"
"-56.07","48.97","BADGER (AUT)","8400301","2020-01-08 13:30","2020","01","08","13:30","-8.1","","-9.7","","89","","","M","3","","4","","","","99.69","","","","-10","","NA"
"-56.07","48.97","BADGER (AUT)","8400301","2020-01-08 14:30","2020","01","08","14:30","-7.3","","-9.0","","88","","","M","6","","2","","","","99.53","","","","-8","","NA"
"-56.07","48.97","BADGER (AUT)","8400301","2020-01-08 15:30","2020","01","08","15:30","-7.0","","-8.4","","90","","","M","5","","2","","","","99.39","","","","-8","","NA"
"-56.07","48.97","BADGER (AUT)","8400301","2020-01-08 16:30","2020","01","08","16:30","-5.7","","-7.1","","90","","","M","3","","5","","","","99.22","","","","-8","","NA"
"-56.07","48.97","BADGER (AUT)","8400301","2020-01-08 17:30","2020","01","08","17:30","-5.4","","-6.3","","93","","","M","3","","7","","","","99.03","","","","-9","","NA"
"-56.07","48.97","BADGER (AUT)","8400301","2020-01-08 18:30","2020","01","08","18:30","-5.0","","-5.7","","95","","","M","2","","10","","","","98.64","","","","-9","","NA"
"-56.07","48.97","BADGER (AUT)","8400301","2020-01-08 19:30","2020","01","08","19:30"
"-56.07","48.97","BADGER (AUT)","8400301","2020-01-08 20:30","2020","01","08","20:30"
"-56.07","48.97","BADGER (AUT)","8400301","2020-01-08 21:30","2020","01","08","21:30"
"-56.07","48.97","BADGER (AUT)","8400301","2020-01-08 22:30","2020","01","08","22:30"
"-56.07","48.97","BADGER (AUT)","8400301","2020-01-08 23:30","2020","01","08","23:30"
"-56.07","48.97","BADGER (AUT)","8400301","2020-01-09 00:30","2020","01","09","00:30"
"-56.07","48.97","BADGER (AUT)","8400301","2020-01-09 01:30","2020","01","09","01:30"
"-56.07","48.97","BADGER (AUT)","8400301","2020-01-09 02:30","2020","01","09","02:30"
"-56.07","48.97","BADGER (AUT)","8400301","2020-01-09 03:30","2020","01","09","03:30"
"-56.07","48.97","BADGER (AUT)","8400301","2020-01-09 04:30","2020","01","09","04:30"
"-56.07","48.97","BADGER (AUT)","8400301","2020-01-09 05:30","2020","01","09","05:30"
"-56.07","48.97","BADGER (AUT)","8400301","2020-01-09 06:30","2020","01","09","06:30"
"-56.07","48.97","BADGER (AUT)","8400301","2020-01-09 07:30","2020","01","09","07:30"
"-56.07","48.97","BADGER (AUT)","8400301","2020-01-09 08:30","2020","01","09","08:30"
"-56.07","48.97","BADGER (AUT)","8400301","2020-01-09 09:30","2020","01","09","09:30"
"-56.07","48.97","BADGER (AUT)","8400301","2020-01-09 10:30","2020","01","09","10:30"
"-56.07","48.97","BADGER (AUT)","8400301","2020-01-09 11:30","2020","01","09","11:30"
"-56.07","48.97","BADGER (AUT)","8400301","2020-01-09 12:30","2020","01","09","12:30"
"-56.07","48.97","BADGER (AUT)","8400301","2020-01-09 13:30","2020","01","09","13:30"
"-56.07","48.97","BADGER (AUT)","8400301","2020-01-09 14:30","2020","01","09","14:30"
"-56.07","48.97","BADGER (AUT)","8400301","2020-01-09 15:30","2020","01","09","15:30","-6.6","","-11.1","","70","","","M","30","","18","","","","99.10","","","","-13","","NA"
"-56.07","48.97","BADGER (AUT)","8400301","2020-01-09 16:30","2020","01","09","16:30","-8.2","","-12.5","","71","","","M","29","","18","","","","99.32","","","","-15","","NA"
"-56.07","48.97","BADGER (AUT)","8400301","2020-01-09 17:30","2020","01","09","17:30","-8.8","","-13.4","","69","","","M","31","","14","","","","99.49","","","","-15","","NA"
"-56.07","48.97","BADGER (AUT)","8400301","2020-01-09 18:30","2020","01","09","18:30","-9.1","","-13.6","","70","","","M","30","","20","","","","99.68","","","","-17","","NA"
"-56.07","48.97","BADGER (AUT)","8400301","2020-01-09 19:30","2020","01","09","19:30","-10.2","","-14.8","","69","","","M","28","","15","","","","99.93","","","","-17","","NA"
"-56.07","48.97","BADGER (AUT)","8400301","2020-01-09 20:30","2020","01","09","20:30","-11.3","","-15.9","","69","","","M","30","","12","","","","100.12","","","","-17","","NA"
"-56.07","48.97","BADGER (AUT)","8400301","2020-01-09 21:30","2020","01","09","21:30","-12.2","","-16.4","","71","","","M","30","","14","","","","100.25","","","","-19","","NA"
"-56.07","48.97","BADGER (AUT)","8400301","2020-01-09 22:30","2020","01","09","22:30","-13.1","","-17.6","","69","","","M","30","","12","","","","100.43","","","","-20","","NA"
"-56.07","48.97","BADGER (AUT)","8400301","2020-01-09 23:30","2020","01","09","23:30","-13.7","","-18.0","","70","","","M","28","","15","","","","100.57","","","","-21","","NA"
"-56.07","48.97","BADGER (AUT)","8400301","2020-01-10 00:30","2020","01","10","00:30","-14.6","","-19.1","","69","","","M","28","","12","","","","100.66","","","","-21","","NA"
"-56.07","48.97","BADGER (AUT)","8400301","2020-01-10 01:30","2020","01","10","01:30","-14.6","","-19.3","","68","","","M","30","","14","","","","100.71","","","","-22","","NA"
"-56.07","48.97","BADGER (AUT)","8400301","2020-01-10 02:30","2020","01","10","02:30","-14.4","","-19.3","","67","","","M","29","","16","","","","100.82","","","","-22","","NA"
"-56.07","48.97","BADGER (AUT)","8400301","2020-01-10 03:30","2020","01","10","03:30","-14.6","","-19.8","","65","","","M","27","","11","","","","100.97","","","","-21","","NA"
"-56.07","48.97","BADGER (AUT)","8400301","2020-01-10 04:30","2020","01","10","04:30","-14.8","","-19.3","","69","","","M","29","","10","","","","101.09","","","","-21","","NA"
"-56.07","48.97","BADGER (AUT)","8400301","2020-01-10 05:30","2020","01","10","05:30","-14.5","","-18.8","","70","","","M","27","","11","","","","101.20","","","","-21","","NA"
"-56.07","48.97","BADGER (AUT)","8400301","2020-01-10 06:30","2020","01","10","06:30","-14.1","","-18.6","","69","","","M","28","","13","","","","101.23","","","","-21","","NA"
"-56.07","48.97","BADGER (AUT)","8400301","2020-01-10 07:30","2020","01","10","07:30","-14.1","","-18.6","","69","","","M","29","","11","","","","101.31","","","","-21","","NA"
"-56.07","48.97","BADGER (AUT)","8400301","2020-01-10 08:30","2020","01","10","08:30"
"-56.07","48.97","BADGER (AUT)","8400301","2020-01-10 09:30","2020","01","10","09:30"
"-56.07","48.97","BADGER (AUT)","8400301","2020-01-10 10:30","2020","01","10","10:30"
"-56.07","48.97","BADGER (AUT)","8400301","2020-01-10 11:30","2020","01","10","11:30"
"-56.07","48.97","BADGER (AUT)","8400301","2020-01-10 12:30","2020","01","10","12:30","-9.8","","-16.0","","61","","","M","25","","13","","","","101.57","","","","-16","","NA"
"-56.07","48.97","BADGER (AUT)","8400301","2020-01-10 13:30","2020","01","10","13:30","-8.9","","-14.8","","62","","","M","24","","4","","","","101.51","","","","-11","","NA"
"-56.07","48.97","BADGER (AUT)","8400301","2020-01-10 14:30","2020","01","10","14:30","-9.2","","-14.9","","63","","","M","23","","7","","","","101.50","","","","-13","","NA"
"-56.07","48.97","BADGER (AUT)","8400301","2020-01-10 15:30","2020","01","10","15:30","-8.9","","-14.1","","66","","","M","21","","8","","","","101.52","","","","-13","","NA"
"-56.07","48.97","BADGER (AUT)","8400301","2020-01-10 16:30","2020","01","10","16:30","-8.6","","-13.5","","68","","","M","22","","6","","","","101.50","","","","-12","","NA"
"-56.07","48.97","BADGER (AUT)","8400301","2020-01-10 17:30","2020","01","10","17:30","-8.2","","-11.5","","77","","","M","22","","6","","","","101.41","","","","-11","","NA"
"-56.07","48.97","BADGER (AUT)","8400301","2020-01-10 18:30","2020","01","10","18:30","-8.4","","-10.4","","85","","","M","19","","7","","","","101.29","","","","-12","","NA"
"-56.07","48.97","BADGER (AUT)","8400301","2020-01-10 19:30","2020","01","10","19:30","-7.8","","-10.3","","82","","","M","20","","8","","","","101.16","","","","-12","","NA"
"-56.07","48.97","BADGER (AUT)","8400301","2020-01-10 20:30","2020","01","10","20:30","-7.2","","-9.2","","86","","","M","20","","11","","","","101.06","","","","-12","","NA"
"-56.07","48.97","BADGER (AUT)","8400301","2020-01-10 21:30","2020","01","10","21:30","-7.1","","-8.8","","87","","","M","17","","7","","","","100.93","","","","-11","","NA"
"-56.07","48.97","BADGER (AUT)","8400301","2020-01-10 22:30","2020","01","10","22:30","-6.1","","-7.8","","88","","","M","18","","10","","","","100.75","","","","-11","","NA"
"-56.07","48.97","BADGER (AUT)","8400301","2020-01-10 23:30","2020","01","10","23:30","-5.8","","-7.3","","89","","","M","9","","4","","","","100.57","","","","-8","","NA"
"-56.07","48.97","BADGER (AUT)","8400301","2020-01-11 00:30","2020","01","11","00:30","-5.3","","-6.4","","92","","","M","10","","4","","","","100.38","","","","-7","","NA"
"-56.07","48.97","BADGER (AUT)","8400301","2020-01-11 01:30","2020","01","11","01:30","-3.1","","-4.3","","91","","","M","20","","4","","","","100.25","","","","-5","","NA"
"-56.07","48.97","BADGER (AUT)","8400301","2020-01-11 02:30","2020","01","11","02:30","-1.2","","-2.8","","89","","","M","23","","7","","","","100.33","","","","-4","","NA"
"-56.07","48.97","BADGER (AUT)","8400301","2020-01-11 03:30","2020","01","11","03:30","-0.7","","-3.0","","84","","","M","27","","6","","","","100.38","","","","-3","","NA"
"-56.07","48.97","BADGER (AUT)","8400301","2020-01-11 04:30","2020","01","11","04:30","-1.4","","-5.2","","75","","","M","27","","13","","","","100.39","","","","-6","","NA"
"-56.07","48.97","BADGER (AUT)","8400301","2020-01-11 05:30","2020","01","11","05:30","-1.9","","-5.5","","76","","","M","26","","12","","","","100.44","","","","-6","","NA"
"-56.07","48.97","BADGER (AUT)","8400301","2020-01-11 06:30","2020","01","11","06:30","-2.1","","-5.4","","78","","","M","25","","9","","","","100.53","","","","-6","","NA"
"-56.07","48.97","BADGER (AUT)","8400301","2020-01-11 07:30","2020","01","11","07:30","-2.1","","-5.0","","80","","","M","25","","11","","","","100.49","","","","-6","","NA"
"-56.07","48.97","BADGER (AUT)","8400301","2020-01-11 08:30","2020","01","11","08:30","-2.5","","-5.6","","79","","","M","25","","11","","","","100.57","","","","-7","","NA"
"-56.07","48.97","BADGER (AUT)","8400301","2020-01-11 09:30","2020","01","11","09:30","-1.8","","-5.1","","78","","","M","27","","13","","","","100.67","","","","-6","","NA"
"-56.07","48.97","BADGER (AUT)","8400301","2020-01-11 10:30","2020","01","11","10:30","-0.8","","-5.2","","72","","","M","22","","7","","","","100.72","","","","-3","","NA"
"-56.07","48.97","BADGER (AUT)","8400301","2020-01-11 11:30","2020","01","11","11:30","-0.3","","-4.7","","72","","","M","23","","7","","","","100.57","","","","-3","","NA"
"-56.07","48.97","BADGER (AUT)","8400301","2020-01-11 12:30","2020","01","11","12:30","0.4","","-3.9","","73","","","M","21","","8","","","","100.45","","","","","","NA"
"-56.07","48.97","BADGER (AUT)","8400301","2020-01-11 13:30","2020","01","11","13:30","0.8","","-3.3","","74","","","M","23","","8","","","","100.44","","","","","","NA"
"-56.07","48.97","BADGER (AUT)","8400301","2020-01-11 14:30","2020","01","11","14:30","0.5","","-3.2","","77","","","M","23","","9","","","","100.35","","","","","","NA"
"-56.07","48.97","BADGER (AUT)","8400301","2020-01-11 15:30","2020","01","11","15:30","0.2","","-3.1","","79","","","M","22","","11","","","","100.33","","","","","","NA"
"-56.07","48.97","BADGER (AUT)","8400301","2020-01-11 16:30","2020","01","11","16:30","-0.1","","-2.9","","81","","","M","22","","6","","","","100.20","","","","-2","","NA"
"-56.07","48.97","BADGER (AUT)","8400301","2020-01-11 17:30","2020","01","11","17:30","-0.3","","-2.7","","84","","","M","17","","8","","","","100.01","","","","-3","","NA"
"-56.07","48.97","BADGER (AUT)","8400301","2020-01-11 18:30","2020","01","11","18:30","-1.2","","-2.0","","94","","","M","19","","7","","","","99.87","","","","-4","","NA"
"-56.07","48.97","BADGER (AUT)","8400301","2020-01-11 19:30","2020","01","11","19:30","-1.2","","-1.7","","97","","","M","19","","5","","","","99.61","","","","-3","","NA"
"-56.07","48.97","BADGER (AUT)","8400301","2020-01-11 20:30","2020","01","11","20:30","-1.1","","-1.4","","97","","","M","17","","7","","","","99.32","","","","-4","","NA"
"-56.07","48.97","BADGER (AUT)","8400301","2020-01-11 21:30","2020","01","11","21:30","-1.1","","-1.5","","98","","","M","0","","1","","","","99.07","","","","-1","","NA"
"-56.07","48.97","BADGER (AUT)","8400301","2020-01-11 22:30","2020","01","11","22:30","-1.3","","-1.6","","98","","","M","34","","2","","","","98.93","","","","-2","","NA"
"-56.07","48.97","BADGER (AUT)","8400301","2020-01-11 23:30","2020","01","11","23:30","-1.4","","-1.7","","98","","","M","28","","2","","","","98.90","","","","-2","","NA"
"-56.07","48.97","BADGER (AUT)","8400301","2020-01-12 00:30","2020","01","12","00:30","-1.2","","-1.6","","97","","","M","21","","5","","","","99.02","","","","-3","","NA"
"-56.07","48.97","BADGER (AUT)","8400301","2020-01-12 01:30","2020","01","12","01:30","0.1","","-0.9","","93","","","M","27","","7","","","","99.17","","","","","","NA"
"-56.07","48.97","BADGER (AUT)","8400301","2020-01-12 02:30","2020","01","12","02:30","0.3","","-1.5","","88","","","M","29","","12","","","","99.31","","","","","","NA"
"-56.07","48.97","BADGER (AUT)","8400301","2020-01-12 03:30","2020","01","12","03:30","0.1","","-1.8","","87","","","M","27","","13","","","","99.43","","","","","","NA"
"-56.07","48.97","BADGER (AUT)","8400301","2020-01-12 04:30","2020","01","12","04:30","-2.2","","-5.4","","78","","","M","30","","14","","","","99.63","","","","-7","","NA"
"-56.07","48.97","BADGER (AUT)","8400301","2020-01-12 05:30","2020","01","12","05:30"
"-56.07","48.97","BADGER (AUT)","8400301","2020-01-12 06:30","2020","01","12","06:30"
"-56.07","48.97","BADGER (AUT)","8400301","2020-01-12 07:30","2020","01","12","07:30"
"-56.07","48.97","BADGER (AUT)","8400301","2020-01-12 08:30","2020","01","12","08:30"
"-56.07","48.97","BADGER (AUT)","8400301","2020-01-12 09:30","2020","01","12","09:30"
"-56.07","48.97","BADGER (AUT)","8400301","2020-01-12 10:30","2020","01","12","10:30"
"-56.07","48.97","BADGER (AUT)","8400301","2020-01-12 11:30","2020","01","12","11:30"
"-56.07","48.97","BADGER (AUT)","8400301","2020-01-12 12:30","2020","01","12","12:30"
"-56.07","48.97","BADGER (AUT)","8400301","2020-01-12 13:30","2020","01","12","13:30"
"-56.07","48.97","BADGER (AUT)","8400301","2020-01-12 14:30","2020","01","12","14:30"
"-56.07","48.97","BADGER (AUT)","8400301","2020-01-12 15:30","2020","01","12","15:30"
"-56.07","48.97","BADGER (AUT)","8400301","2020-01-12 16:30","2020","01","12","16:30"
"-56.07","48.97","BADGER (AUT)","8400301","2020-01-12 17:30","2020","01","12","17:30"
"-56.07","48.97","BADGER (AUT)","8400301","2020-01-12 18:30","2020","01","12","18:30"
"-56.07","48.97","BADGER (AUT)","8400301","2020-01-12 19:30","2020","01","12","19:30"
"-56.07","48.97","BADGER (AUT)","8400301","2020-01-12 20:30","2020","01","12","20:30"
"-56.07","48.97","BADGER (AUT)","8400301","2020-01-12 21:30","2020","01","12","21:30"
"-56.07","48.97","BADGER (AUT)","8400301","2020-01-12 22:30","2020","01","12","22:30"
"-56.07","48.97","BADGER (AUT)","8400301","2020-01-12 23:30","2020","01","12","23:30"
"-56.07","48.97","BADGER (AUT)","8400301","2020-01-13 00:30","2020","01","13","00:30"
"-56.07","48.97","BADGER (AUT)","8400301","2020-01-13 01:30","2020","01","13","01:30"
"-56.07","48.97","BADGER (AUT)","8400301","2020-01-13 02:30","2020","01","13","02:30"
"-56.07","48.97","BADGER (AUT)","8400301","2020-01-13 03:30","2020","01","13","03:30"
"-56.07","48.97","BADGER (AUT)","8400301","2020-01-13 04:30","2020","01","13","04:30"
"-56.07","48.97","BADGER (AUT)","8400301","2020-01-13 05:30","2020","01","13","05:30"
"-56.07","48.97","BADGER (AUT)","8400301","2020-01-13 06:30","2020","01","13","06:30"
"-56.07","48.97","BADGER (AUT)","8400301","2020-01-13 07:30","2020","01","13","07:30"
"-56.07","48.97","BADGER (AUT)","8400301","2020-01-13 08:30","2020","01","13","08:30"
"-56.07","48.97","BADGER (AUT)","8400301","2020-01-13 09:30","2020","01","13","09:30"
"-56.07","48.97","BADGER (AUT)","8400301","2020-01-13 10:30","2020","01","13","10:30"
"-56.07","48.97","BADGER (AUT)","8400301","2020-01-13 11:30","2020","01","13","11:30"
"-56.07","48.97","BADGER (AUT)","8400301","2020-01-13 12:30","2020","01","13","12:30"
"-56.07","48.97","BADGER (AUT)","8400301","2020-01-13 13:30","2020","01","13","13:30"
"-56.07","48.97","BADGER (AUT)","8400301","2020-01-13 14:30","2020","01","13","14:30"
"-56.07","48.97","BADGER (AUT)","8400301","2020-01-13 15:30","2020","01","13","15:30"
"-56.07","48.97","BADGER (AUT)","8400301","2020-01-13 16:30","2020","01","13","16:30"
"-56.07","48.97","BADGER (AUT)","8400301","2020-01-13 17:30","2020","01","13","17:30"
"-56.07","48.97","BADGER (AUT)","8400301","2020-01-13 18:30","2020","01","13","18:30"
"-56.07","48.97","BADGER (AUT)","8400301","2020-01-13 19:30","2020","01","13","19:30"
"-56.07","48.97","BADGER (AUT)","8400301","2020-01-13 20:30","2020","01","13","20:30"
"-56.07","48.97","BADGER (AUT)","8400301","2020-01-13 21:30","2020","01","13","21:30"
"-56.07","48.97","BADGER (AUT)","8400301","2020-01-13 22:30","2020","01","13","22:30"
"-56.07","48.97","BADGER (AUT)","8400301","2020-01-13 23:30","2020","01","13","23:30"
"-56.07","48.97","BADGER (AUT)","8400301","2020-01-14 00:30","2020","01","14","00:30"
"-56.07","48.97","BADGER (AUT)","8400301","2020-01-14 01:30","2020","01","14","01:30"
"-56.07","48.97","BADGER (AUT)","8400301","2020-01-14 02:30","2020","01","14","02:30"
"-56.07","48.97","BADGER (AUT)","8400301","2020-01-14 03:30","2020","01","14","03:30"
"-56.07","48.97","BADGER (AUT)","8400301","2020-01-14 04:30","2020","01","14","04:30"
"-56.07","48.97","BADGER (AUT)","8400301","2020-01-14 05:30","2020","01","14","05:30"
"-56.07","48.97","BADGER (AUT)","8400301","2020-01-14 06:30","2020","01","14","06:30"
"-56.07","48.97","BADGER (AUT)","8400301","2020-01-14 07:30","2020","01","14","07:30"
"-56.07","48.97","BADGER (AUT)","8400301","2020-01-14 08:30","2020","01","14","08:30"
"-56.07","48.97","BADGER (AUT)","8400301","2020-01-14 09:30","2020","01","14","09:30"
"-56.07","48.97","BADGER (AUT)","8400301","2020-01-14 10:30","2020","01","14","10:30"
"-56.07","48.97","BADGER (AUT)","8400301","2020-01-14 11:30","2020","01","14","11:30"
"-56.07","48.97","BADGER (AUT)","8400301","2020-01-14 12:30","2020","01","14","12:30"
"-56.07","48.97","BADGER (AUT)","8400301","2020-01-14 13:30","2020","01","14","13:30"
"-56.07","48.97","BADGER (AUT)","8400301","2020-01-14 14:30","2020","01","14","14:30"
"-56.07","48.97","BADGER (AUT)","8400301","2020-01-14 15:30","2020","01","14","15:30"
"-56.07","48.97","BADGER (AUT)","8400301","2020-01-14 16:30","2020","01","14","16:30"
"-56.07","48.97","BADGER (AUT)","8400301","2020-01-14 17:30","2020","01","14","17:30"
"-56.07","48.97","BADGER (AUT)","8400301","2020-01-14 18:30","2020","01","14","18:30"
"-56.07","48.97","BADGER (AUT)","8400301","2020-01-14 19:30","2020","01","14","19:30"
"-56.07","48.97","BADGER (AUT)","8400301","2020-01-14 20:30","2020","01","14","20:30"
"-56.07","48.97","BADGER (AUT)","8400301","2020-01-14 21:30","2020","01","14","21:30"
"-56.07","48.97","BADGER (AUT)","8400301","2020-01-14 22:30","2020","01","14","22:30"
"-56.07","48.97","BADGER (AUT)","8400301","2020-01-14 23:30","2020","01","14","23:30"
"-56.07","48.97","BADGER (AUT)","8400301","2020-01-15 00:30","2020","01","15","00:30"
"-56.07","48.97","BADGER (AUT)","8400301","2020-01-15 01:30","2020","01","15","01:30"
"-56.07","48.97","BADGER (AUT)","8400301","2020-01-15 02:30","2020","01","15","02:30"
"-56.07","48.97","BADGER (AUT)","8400301","2020-01-15 03:30","2020","01","15","03:30"
"-56.07","48.97","BADGER (AUT)","8400301","2020-01-15 04:30","2020","01","15","04:30"
"-56.07","48.97","BADGER (AUT)","8400301","2020-01-15 05:30","2020","01","15","05:30"
"-56.07","48.97","BADGER (AUT)","8400301","2020-01-15 06:30","2020","01","15","06:30"
"-56.07","48.97","BADGER (AUT)","8400301","2020-01-15 07:30","2020","01","15","07:30"
"-56.07","48.97","BADGER (AUT)","8400301","2020-01-15 08:30","2020","01","15","08:30"
"-56.07","48.97","BADGER (AUT)","8400301","2020-01-15 09:30","2020","01","15","09:30"
"-56.07","48.97","BADGER (AUT)","8400301","2020-01-15 10:30","2020","01","15","10:30"
"-56.07","48.97","BADGER (AUT)","8400301","2020-01-15 11:30","2020","01","15","11:30"
"-56.07","48.97","BADGER (AUT)","8400301","2020-01-15 12:30","2020","01","15","12:30"
"-56.07","48.97","BADGER (AUT)","8400301","2020-01-15 13:30","2020","01","15","13:30"
"-56.07","48.97","BADGER (AUT)","8400301","2020-01-15 14:30","2020","01","15","14:30"
"-56.07","48.97","BADGER (AUT)","8400301","2020-01-15 15:30","2020","01","15","15:30"
"-56.07","48.97","BADGER (AUT)","8400301","2020-01-15 16:30","2020","01","15","16:30"
"-56.07","48.97","BADGER (AUT)","8400301","2020-01-15 17:30","2020","01","15","17:30"
"-56.07","48.97","BADGER (AUT)","8400301","2020-01-15 18:30","2020","01","15","18:30"
"-56.07","48.97","BADGER (AUT)","8400301","2020-01-15 19:30","2020","01","15","19:30"
"-56.07","48.97","BADGER (AUT)","8400301","2020-01-15 20:30","2020","01","15","20:30"
"-56.07","48.97","BADGER (AUT)","8400301","2020-01-15 21:30","2020","01","15","21:30"
"-56.07","48.97","BADGER (AUT)","8400301","2020-01-15 22:30","2020","01","15","22:30"
"-56.07","48.97","BADGER (AUT)","8400301","2020-01-15 23:30","2020","01","15","23:30"
"-56.07","48.97","BADGER (AUT)","8400301","2020-01-16 00:30","2020","01","16","00:30"
"-56.07","48.97","BADGER (AUT)","8400301","2020-01-16 01:30","2020","01","16","01:30"
"-56.07","48.97","BADGER (AUT)","8400301","2020-01-16 02:30","2020","01","16","02:30"
"-56.07","48.97","BADGER (AUT)","8400301","2020-01-16 03:30","2020","01","16","03:30"
"-56.07","48.97","BADGER (AUT)","8400301","2020-01-16 04:30","2020","01","16","04:30"
"-56.07","48.97","BADGER (AUT)","8400301","2020-01-16 05:30","2020","01","16","05:30"
"-56.07","48.97","BADGER (AUT)","8400301","2020-01-16 06:30","2020","01","16","06:30"
"-56.07","48.97","BADGER (AUT)","8400301","2020-01-16 07:30","2020","01","16","07:30"
"-56.07","48.97","BADGER (AUT)","8400301","2020-01-16 08:30","2020","01","16","08:30"
"-56.07","48.97","BADGER (AUT)","8400301","2020-01-16 09:30","2020","01","16","09:30"
"-56.07","48.97","BADGER (AUT)","8400301","2020-01-16 10:30","2020","01","16","10:30"
"-56.07","48.97","BADGER (AUT)","8400301","2020-01-16 11:30","2020","01","16","11:30"
"-56.07","48.97","BADGER (AUT)","8400301","2020-01-16 12:30","2020","01","16","12:30"
"-56.07","48.97","BADGER (AUT)","8400301","2020-01-16 13:30","2020","01","16","13:30"
"-56.07","48.97","BADGER (AUT)","8400301","2020-01-16 14:30","2020","01","16","14:30"
"-56.07","48.97","BADGER (AUT)","8400301","2020-01-16 15:30","2020","01","16","15:30"
"-56.07","48.97","BADGER (AUT)","8400301","2020-01-16 16:30","2020","01","16","16:30"
"-56.07","48.97","BADGER (AUT)","8400301","2020-01-16 17:30","2020","01","16","17:30"
"-56.07","48.97","BADGER (AUT)","8400301","2020-01-16 18:30","2020","01","16","18:30"
"-56.07","48.97","BADGER (AUT)","8400301","2020-01-16 19:30","2020","01","16","19:30"
"-56.07","48.97","BADGER (AUT)","8400301","2020-01-16 20:30","2020","01","16","20:30"
"-56.07","48.97","BADGER (AUT)","8400301","2020-01-16 21:30","2020","01","16","21:30"
"-56.07","48.97","BADGER (AUT)","8400301","2020-01-16 22:30","2020","01","16","22:30"
"-56.07","48.97","BADGER (AUT)","8400301","2020-01-16 23:30","2020","01","16","23:30"
"-56.07","48.97","BADGER (AUT)","8400301","2020-01-17 00:30","2020","01","17","00:30"
"-56.07","48.97","BADGER (AUT)","8400301","2020-01-17 01:30","2020","01","17","01:30"
"-56.07","48.97","BADGER (AUT)","8400301","2020-01-17 02:30","2020","01","17","02:30"
"-56.07","48.97","BADGER (AUT)","8400301","2020-01-17 03:30","2020","01","17","03:30"
"-56.07","48.97","BADGER (AUT)","8400301","2020-01-17 04:30","2020","01","17","04:30"
"-56.07","48.97","BADGER (AUT)","8400301","2020-01-17 05:30","2020","01","17","05:30"
"-56.07","48.97","BADGER (AUT)","8400301","2020-01-17 06:30","2020","01","17","06:30"
"-56.07","48.97","BADGER (AUT)","8400301","2020-01-17 07:30","2020","01","17","07:30"
"-56.07","48.97","BADGER (AUT)","8400301","2020-01-17 08:30","2020","01","17","08:30"
"-56.07","48.97","BADGER (AUT)","8400301","2020-01-17 09:30","2020","01","17","09:30"
"-56.07","48.97","BADGER (AUT)","8400301","2020-01-17 10:30","2020","01","17","10:30"
"-56.07","48.97","BADGER (AUT)","8400301","2020-01-17 11:30","2020","01","17","11:30"
"-56.07","48.97","BADGER (AUT)","8400301","2020-01-17 12:30","2020","01","17","12:30"
"-56.07","48.97","BADGER (AUT)","8400301","2020-01-17 13:30","2020","01","17","13:30"
"-56.07","48.97","BADGER (AUT)","8400301","2020-01-17 14:30","2020","01","17","14:30"
"-56.07","48.97","BADGER (AUT)","8400301","2020-01-17 15:30","2020","01","17","15:30"
"-56.07","48.97","BADGER (AUT)","8400301","2020-01-17 16:30","2020","01","17","16:30"
"-56.07","48.97","BADGER (AUT)","8400301","2020-01-17 17:30","2020","01","17","17:30"
"-56.07","48.97","BADGER (AUT)","8400301","2020-01-17 18:30","2020","01","17","18:30"
"-56.07","48.97","BADGER (AUT)","8400301","2020-01-17 19:30","2020","01","17","19:30"
"-56.07","48.97","BADGER (AUT)","8400301","2020-01-17 20:30","2020","01","17","20:30"
"-56.07","48.97","BADGER (AUT)","8400301","2020-01-17 21:30","2020","01","17","21:30"
"-56.07","48.97","BADGER (AUT)","8400301","2020-01-17 22:30","2020","01","17","22:30"
"-56.07","48.97","BADGER (AUT)","8400301","2020-01-17 23:30","2020","01","17","23:30"
"-56.07","48.97","BADGER (AUT)","8400301","2020-01-18 00:30","2020","01","18","00:30"
"-56.07","48.97","BADGER (AUT)","8400301","2020-01-18 01:30","2020","01","18","01:30"
"-56.07","48.97","BADGER (AUT)","8400301","2020-01-18 02:30","2020","01","18","02:30"
"-56.07","48.97","BADGER (AUT)","8400301","2020-01-18 03:30","2020","01","18","03:30"
"-56.07","48.97","BADGER (AUT)","8400301","2020-01-18 04:30","2020","01","18","04:30"
"-56.07","48.97","BADGER (AUT)","8400301","2020-01-18 05:30","2020","01","18","05:30"
"-56.07","48.97","BADGER (AUT)","8400301","2020-01-18 06:30","2020","01","18","06:30"
"-56.07","48.97","BADGER (AUT)","8400301","2020-01-18 07:30","2020","01","18","07:30"
"-56.07","48.97","BADGER (AUT)","8400301","2020-01-18 08:30","2020","01","18","08:30"
"-56.07","48.97","BADGER (AUT)","8400301","2020-01-18 09:30","2020","01","18","09:30"
"-56.07","48.97","BADGER (AUT)","8400301","2020-01-18 10:30","2020","01","18","10:30"
"-56.07","48.97","BADGER (AUT)","8400301","2020-01-18 11:30","2020","01","18","11:30"
"-56.07","48.97","BADGER (AUT)","8400301","2020-01-18 12:30","2020","01","18","12:30"
"-56.07","48.97","BADGER (AUT)","8400301","2020-01-18 13:30","2020","01","18","13:30"
"-56.07","48.97","BADGER (AUT)","8400301","2020-01-18 14:30","2020","01","18","14:30"
"-56.07","48.97","BADGER (AUT)","8400301","2020-01-18 15:30","2020","01","18","15:30"
"-56.07","48.97","BADGER (AUT)","8400301","2020-01-18 16:30","2020","01","18","16:30"
"-56.07","48.97","BADGER (AUT)","8400301","2020-01-18 17:30","2020","01","18","17:30"
"-56.07","48.97","BADGER (AUT)","8400301","2020-01-18 18:30","2020","01","18","18:30"
"-56.07","48.97","BADGER (AUT)","8400301","2020-01-18 19:30","2020","01","18","19:30"
"-56.07","48.97","BADGER (AUT)","8400301","2020-01-18 20:30","2020","01","18","20:30"
"-56.07","48.97","BADGER (AUT)","8400301","2020-01-18 21:30","2020","01","18","21:30"
"-56.07","48.97","BADGER (AUT)","8400301","2020-01-18 22:30","2020","01","18","22:30"
"-56.07","48.97","BADGER (AUT)","8400301","2020-01-18 23:30","2020","01","18","23:30"
"-56.07","48.97","BADGER (AUT)","8400301","2020-01-19 00:30","2020","01","19","00:30"
"-56.07","48.97","BADGER (AUT)","8400301","2020-01-19 01:30","2020","01","19","01:30"
"-56.07","48.97","BADGER (AUT)","8400301","2020-01-19 02:30","2020","01","19","02:30"
"-56.07","48.97","BADGER (AUT)","8400301","2020-01-19 03:30","2020","01","19","03:30"
"-56.07","48.97","BADGER (AUT)","8400301","2020-01-19 04:30","2020","01","19","04:30"
"-56.07","48.97","BADGER (AUT)","8400301","2020-01-19 05:30","2020","01","19","05:30"
"-56.07","48.97","BADGER (AUT)","8400301","2020-01-19 06:30","2020","01","19","06:30"
"-56.07","48.97","BADGER (AUT)","8400301","2020-01-19 07:30","2020","01","19","07:30"
"-56.07","48.97","BADGER (AUT)","8400301","2020-01-19 08:30","2020","01","19","08:30"
"-56.07","48.97","BADGER (AUT)","8400301","2020-01-19 09:30","2020","01","19","09:30"
"-56.07","48.97","BADGER (AUT)","8400301","2020-01-19 10:30","2020","01","19","10:30"
"-56.07","48.97","BADGER (AUT)","8400301","2020-01-19 11:30","2020","01","19","11:30"
"-56.07","48.97","BADGER (AUT)","8400301","2020-01-19 12:30","2020","01","19","12:30"
"-56.07","48.97","BADGER (AUT)","8400301","2020-01-19 13:30","2020","01","19","13:30"
"-56.07","48.97","BADGER (AUT)","8400301","2020-01-19 14:30","2020","01","19","14:30"
"-56.07","48.97","BADGER (AUT)","8400301","2020-01-19 15:30","2020","01","19","15:30"
"-56.07","48.97","BADGER (AUT)","8400301","2020-01-19 16:30","2020","01","19","16:30"
"-56.07","48.97","BADGER (AUT)","8400301","2020-01-19 17:30","2020","01","19","17:30"
"-56.07","48.97","BADGER (AUT)","8400301","2020-01-19 18:30","2020","01","19","18:30"
"-56.07","48.97","BADGER (AUT)","8400301","2020-01-19 19:30","2020","01","19","19:30"
"-56.07","48.97","BADGER (AUT)","8400301","2020-01-19 20:30","2020","01","19","20:30"
"-56.07","48.97","BADGER (AUT)","8400301","2020-01-19 21:30","2020","01","19","21:30"
"-56.07","48.97","BADGER (AUT)","8400301","2020-01-19 22:30","2020","01","19","22:30"
"-56.07","48.97","BADGER (AUT)","8400301","2020-01-19 23:30","2020","01","19","23:30"
"-56.07","48.97","BADGER (AUT)","8400301","2020-01-20 00:30","2020","01","20","00:30"
"-56.07","48.97","BADGER (AUT)","8400301","2020-01-20 01:30","2020","01","20","01:30"
"-56.07","48.97","BADGER (AUT)","8400301","2020-01-20 02:30","2020","01","20","02:30"
"-56.07","48.97","BADGER (AUT)","8400301","2020-01-20 03:30","2020","01","20","03:30"
"-56.07","48.97","BADGER (AUT)","8400301","2020-01-20 04:30","2020","01","20","04:30"
"-56.07","48.97","BADGER (AUT)","8400301","2020-01-20 05:30","2020","01","20","05:30"
"-56.07","48.97","BADGER (AUT)","8400301","2020-01-20 06:30","2020","01","20","06:30"
"-56.07","48.97","BADGER (AUT)","8400301","2020-01-20 07:30","2020","01","20","07:30"
"-56.07","48.97","BADGER (AUT)","8400301","2020-01-20 08:30","2020","01","20","08:30"
"-56.07","48.97","BADGER (AUT)","8400301","2020-01-20 09:30","2020","01","20","09:30"
"-56.07","48.97","BADGER (AUT)","8400301","2020-01-20 10:30","2020","01","20","10:30"
"-56.07","48.97","BADGER (AUT)","8400301","2020-01-20 11:30","2020","01","20","11:30"
"-56.07","48.97","BADGER (AUT)","8400301","2020-01-20 12:30","2020","01","20","12:30"
"-56.07","48.97","BADGER (AUT)","8400301","2020-01-20 13:30","2020","01","20","13:30"
"-56.07","48.97","BADGER (AUT)","8400301","2020-01-20 14:30","2020","01","20","14:30"
"-56.07","48.97","BADGER (AUT)","8400301","2020-01-20 15:30","2020","01","20","15:30"
"-56.07","48.97","BADGER (AUT)","8400301","2020-01-20 16:30","2020","01","20","16:30"
"-56.07","48.97","BADGER (AUT)","8400301","2020-01-20 17:30","2020","01","20","17:30"
"-56.07","48.97","BADGER (AUT)","8400301","2020-01-20 18:30","2020","01","20","18:30"
"-56.07","48.97","BADGER (AUT)","8400301","2020-01-20 19:30","2020","01","20","19:30"
"-56.07","48.97","BADGER (AUT)","8400301","2020-01-20 20:30","2020","01","20","20:30"
"-56.07","48.97","BADGER (AUT)","8400301","2020-01-20 21:30","2020","01","20","21:30"
"-56.07","48.97","BADGER (AUT)","8400301","2020-01-20 22:30","2020","01","20","22:30"
"-56.07","48.97","BADGER (AUT)","8400301","2020-01-20 23:30","2020","01","20","23:30"
"-56.07","48.97","BADGER (AUT)","8400301","2020-01-21 00:30","2020","01","21","00:30"
"-56.07","48.97","BADGER (AUT)","8400301","2020-01-21 01:30","2020","01","21","01:30"
"-56.07","48.97","BADGER (AUT)","8400301","2020-01-21 02:30","2020","01","21","02:30"
"-56.07","48.97","BADGER (AUT)","8400301","2020-01-21 03:30","2020","01","21","03:30"
"-56.07","48.97","BADGER (AUT)","8400301","2020-01-21 04:30","2020","01","21","04:30"
"-56.07","48.97","BADGER (AUT)","8400301","2020-01-21 05:30","2020","01","21","05:30"
"-56.07","48.97","BADGER (AUT)","8400301","2020-01-21 06:30","2020","01","21","06:30"
"-56.07","48.97","BADGER (AUT)","8400301","2020-01-21 07:30","2020","01","21","07:30"
"-56.07","48.97","BADGER (AUT)","8400301","2020-01-21 08:30","2020","01","21","08:30"
"-56.07","48.97","BADGER (AUT)","8400301","2020-01-21 09:30","2020","01","21","09:30"
"-56.07","48.97","BADGER (AUT)","8400301","2020-01-21 10:30","2020","01","21","10:30"
"-56.07","48.97","BADGER (AUT)","8400301","2020-01-21 11:30","2020","01","21","11:30"
"-56.07","48.97","BADGER (AUT)","8400301","2020-01-21 12:30","2020","01","21","12:30"
"-56.07","48.97","BADGER (AUT)","8400301","2020-01-21 13:30","2020","01","21","13:30"
"-56.07","48.97","BADGER (AUT)","8400301","2020-01-21 14:30","2020","01","21","14:30"
"-56.07","48.97","BADGER (AUT)","8400301","2020-01-21 15:30","2020","01","21","15:30"
"-56.07","48.97","BADGER (AUT)","8400301","2020-01-21 16:30","2020","01","21","16:30"
"-56.07","48.97","BADGER (AUT)","8400301","2020-01-21 17:30","2020","01","21","17:30"
"-56.07","48.97","BADGER (AUT)","8400301","2020-01-21 18:30","2020","01","21","18:30"
"-56.07","48.97","BADGER (AUT)","8400301","2020-01-21 19:30","2020","01","21","19:30"
"-56.07","48.97","BADGER (AUT)","8400301","2020-01-21 20:30","2020","01","21","20:30"
"-56.07","48.97","BADGER (AUT)","8400301","2020-01-21 21:30","2020","01","21","21:30"
"-56.07","48.97","BADGER (AUT)","8400301","2020-01-21 22:30","2020","01","21","22:30"
"-56.07","48.97","BADGER (AUT)","8400301","2020-01-21 23:30","2020","01","21","23:30"
"-56.07","48.97","BADGER (AUT)","8400301","2020-01-22 00:30","2020","01","22","00:30"
"-56.07","48.97","BADGER (AUT)","8400301","2020-01-22 01:30","2020","01","22","01:30"
"-56.07","48.97","BADGER (AUT)","8400301","2020-01-22 02:30","2020","01","22","02:30"
"-56.07","48.97","BADGER (AUT)","8400301","2020-01-22 03:30","2020","01","22","03:30"
"-56.07","48.97","BADGER (AUT)","8400301","2020-01-22 04:30","2020","01","22","04:30"
"-56.07","48.97","BADGER (AUT)","8400301","2020-01-22 05:30","2020","01","22","05:30"
"-56.07","48.97","BADGER (AUT)","8400301","2020-01-22 06:30","2020","01","22","06:30"
"-56.07","48.97","BADGER (AUT)","8400301","2020-01-22 07:30","2020","01","22","07:30"
"-56.07","48.97","BADGER (AUT)","8400301","2020-01-22 08:30","2020","01","22","08:30"
"-56.07","48.97","BADGER (AUT)","8400301","2020-01-22 09:30","2020","01","22","09:30"
"-56.07","48.97","BADGER (AUT)","8400301","2020-01-22 10:30","2020","01","22","10:30"
"-56.07","48.97","BADGER (AUT)","8400301","2020-01-22 11:30","2020","01","22","11:30"
"-56.07","48.97","BADGER (AUT)","8400301","2020-01-22 12:30","2020","01","22","12:30"
"-56.07","48.97","BADGER (AUT)","8400301","2020-01-22 13:30","2020","01","22","13:30"
"-56.07","48.97","BADGER (AUT)","8400301","2020-01-22 14:30","2020","01","22","14:30"
"-56.07","48.97","BADGER (AUT)","8400301","2020-01-22 15:30","2020","01","22","15:30"
"-56.07","48.97","BADGER (AUT)","8400301","2020-01-22 16:30","2020","01","22","16:30"
"-56.07","48.97","BADGER (AUT)","8400301","2020-01-22 17:30","2020","01","22","17:30"
"-56.07","48.97","BADGER (AUT)","8400301","2020-01-22 18:30","2020","01","22","18:30"
"-56.07","48.97","BADGER (AUT)","8400301","2020-01-22 19:30","2020","01","22","19:30"
"-56.07","48.97","BADGER (AUT)","8400301","2020-01-22 20:30","2020","01","22","20:30"
"-56.07","48.97","BADGER (AUT)","8400301","2020-01-22 21:30","2020","01","22","21:30"
"-56.07","48.97","BADGER (AUT)","8400301","2020-01-22 22:30","2020","01","22","22:30"
"-56.07","48.97","BADGER (AUT)","8400301","2020-01-22 23:30","2020","01","22","23:30"
"-56.07","48.97","BADGER (AUT)","8400301","2020-01-23 00:30","2020","01","23","00:30"
"-56.07","48.97","BADGER (AUT)","8400301","2020-01-23 01:30","2020","01","23","01:30"
"-56.07","48.97","BADGER (AUT)","8400301","2020-01-23 02:30","2020","01","23","02:30"
"-56.07","48.97","BADGER (AUT)","8400301","2020-01-23 03:30","2020","01","23","03:30"
"-56.07","48.97","BADGER (AUT)","8400301","2020-01-23 04:30","2020","01","23","04:30"
"-56.07","48.97","BADGER (AUT)","8400301","2020-01-23 05:30","2020","01","23","05:30"
"-56.07","48.97","BADGER (AUT)","8400301","2020-01-23 06:30","2020","01","23","06:30"
"-56.07","48.97","BADGER (AUT)","8400301","2020-01-23 07:30","2020","01","23","07:30"
"-56.07","48.97","BADGER (AUT)","8400301","2020-01-23 08:30","2020","01","23","08:30"
"-56.07","48.97","BADGER (AUT)","8400301","2020-01-23 09:30","2020","01","23","09:30"
"-56.07","48.97","BADGER (AUT)","8400301","2020-01-23 10:30","2020","01","23","10:30"
"-56.07","48.97","BADGER (AUT)","8400301","2020-01-23 11:30","2020","01","23","11:30"
"-56.07","48.97","BADGER (AUT)","8400301","2020-01-23 12:30","2020","01","23","12:30"
"-56.07","48.97","BADGER (AUT)","8400301","2020-01-23 13:30","2020","01","23","13:30","-3.1","","-7.7","","70","","","M","24","","9","","","","100.59","","","","-7","","NA"
"-56.07","48.97","BADGER (AUT)","8400301","2020-01-23 14:30","2020","01","23","14:30","-2.5","","-6.7","","73","","","M","24","","8","","","","100.49","","","","-6","","NA"
"-56.07","48.97","BADGER (AUT)","8400301","2020-01-23 15:30","2020","01","23","15:30","-2.3","","-6.2","","75","","","M","21","","5","","","","100.42","","","","-4","","NA"
"-56.07","48.97","BADGER (AUT)","8400301","2020-01-23 16:30","2020","01","23","16:30","-2.5","","-5.7","","79","","","M","21","","7","","","","100.38","","","","-5","","NA"
"-56.07","48.97","BADGER (AUT)","8400301","2020-01-23 17:30","2020","01","23","17:30","-2.3","","-5.6","","78","","","M","22","","10","","","","100.35","","","","-6","","NA"
"-56.07","48.97","BADGER (AUT)","8400301","2020-01-23 18:30","2020","01","23","18:30","-2.1","","-5.0","","80","","","M","21","","5","","","","100.35","","","","-4","","NA"
"-56.07","48.97","BADGER (AUT)","8400301","2020-01-23 19:30","2020","01","23","19:30","-1.9","","-4.7","","81","","","M","19","","7","","","","100.34","","","","-5","","NA"
"-56.07","48.97","BADGER (AUT)","8400301","2020-01-23 20:30","2020","01","23","20:30","-1.8","","-4.3","","83","","","M","21","","8","","","","100.33","","","","-5","","NA"
"-56.07","48.97","BADGER (AUT)","8400301","2020-01-23 21:30","2020","01","23","21:30","-1.5","","-4.1","","83","","","M","22","","9","","","","100.31","","","","-5","","NA"
"-56.07","48.97","BADGER (AUT)","8400301","2020-01-23 22:30","2020","01","23","22:30","-1.4","","-4.1","","82","","","M","23","","7","","","","100.29","","","","-4","","NA"
"-56.07","48.97","BADGER (AUT)","8400301","2020-01-23 23:30","2020","01","23","23:30","-1.6","","-4.4","","81","","","M","25","","11","","","","100.28","","","","-5","","NA"
"-56.07","48.97","BADGER (AUT)","8400301","2020-01-24 00:30","2020","01","24","00:30","-1.7","","-4.3","","82","","","M","23","","9","","","","100.24","","","","-5","","NA"
"-56.07","48.97","BADGER (AUT)","8400301","2020-01-24 01:30","2020","01","24","01:30","-1.8","","-4.3","","83","","","M","23","","6","","","","100.24","","","","-4","","NA"
"-56.07","48.97","BADGER (AUT)","8400301","2020-01-24 02:30","2020","01","24","02:30","-1.7","","-4.1","","83","","","M","22","","6","","","","100.29","","","","-4","","NA"
"-56.07","48.97","BADGER (AUT)","8400301","2020-01-24 03:30","2020","01","24","03:30","-1.4","","-4.1","","82","","","M","24","","7","","","","100.32","","","","-4","","NA"
"-56.07","48.97","BADGER (AUT)","8400301","2020-01-24 04:30","2020","01","24","04:30","-1.7","","-4.5","","82","","","M","23","","3","","","","100.36","","","","-3","","NA"
"-56.07","48.97","BADGER (AUT)","8400301","2020-01-24 05:30","2020","01","24","05:30","-1.3","","-4.5","","79","","","M","23","","9","","","","100.44","","","","-5","","NA"
"-56.07","48.97","BADGER (AUT)","8400301","2020-01-24 06:30","2020","01","24","06:30","-1.5","","-4.4","","80","","","M","23","","9","","","","100.46","","","","-5","","NA"
"-56.07","48.97","BADGER (AUT)","8400301","2020-01-24 07:30","2020","01","24","07:30","-1.3","","-4.1","","81","","","M","23","","8","","","","100.55","","","","-4","","NA"
"-56.07","48.97","BADGER (AUT)","8400301","2020-01-24 08:30","2020","01","24","08:30","-1.2","","-3.7","","83","","","M","28","","7","","","","100.68","","","","-4","","NA"
"-56.07","48.97","BADGER (AUT)","8400301","2020-01-24 09:30","2020","01","24","09:30","-1.5","","-4.7","","79","","","M","30","","12","","","","100.82","","","","-6","","NA"
"-56.07","48.97","BADGER (AUT)","8400301","2020-01-24 10:30","2020","01","24","10:30","-2.3","","-8.9","","61","","","M","30","","15","","","","100.97","","","","-7","","NA"
"-56.07","48.97","BADGER (AUT)","8400301","2020-01-24 11:30","2020","01","24","11:30","-3.1","","-10.1","","58","","","M","29","","13","","","","101.07","","","","-8","","NA"
"-56.07","48.97","BADGER (AUT)","8400301","2020-01-24 12:30","2020","01","24","12:30","-3.2","","-11.5","","53","","","M","30","","15","","","","101.13","","","","-8","","NA"
"-56.07","48.97","BADGER (AUT)","8400301","2020-01-24 13:30","2020","01","24","13:30","-2.7","","-11.0","","53","","","M","29","","14","","","","101.21","","","","-8","","NA"
"-56.07","48.97","BADGER (AUT)","8400301","2020-01-24 14:30","2020","01","24","14:30","-3.8","","-12.6","","51","","","M","28","","15","","","","101.28","","","","-9","","NA"
"-56.07","48.97","BADGER (AUT)","8400301","2020-01-24 15:30","2020","01","24","15:30","-4.7","","-12.8","","53","","","M","28","","10","","","","101.39","","","","-9","","NA"
"-56.07","48.97","BADGER (AUT)","8400301","2020-01-24 16:30","2020","01","24","16:30","-7.2","","-13.9","","58","","","M","29","","11","","","","101.46","","","","-12","","NA"
"-56.07","48.97","BADGER (AUT)","8400301","2020-01-24 17:30","2020","01","24","17:30","-9.1","","-15.6","","59","","","M","28","","10","","","","101.55","","","","-14","","NA"
"-56.07","48.97","BADGER (AUT)","8400301","2020-01-24 18:30","2020","01","24","18:30","-11.2","","-16.6","","64","","","M","22","","4","","","","101.66","","","","-14","","NA"
"-56.07","48.97","BADGER (AUT)","8400301","2020-01-24 19:30","2020","01","24","19:30","-13.2","","-17.6","","70","","","M","27","","6","","","","101.72","","","","-17","","NA"
"-56.07","48.97","BADGER (AUT)","8400301","2020-01-24 20:30","2020","01","24","20:30","-15.1","","-18.6","","74","","","M","31","","3","","","","101.78","","","","-17","","NA"
"-56.07","48.97","BADGER (AUT)","8400301","2020-01-24 21:30","2020","01","24","21:30","-18.3","","-20.7","","82","","","M","21","","1","","","","101.79","","","","-19","","NA"
"-56.07","48.97","BADGER (AUT)","8400301","2020-01-24 22:30","2020","01","24","22:30","-21.1","","-23.4","","82","","","M","26","","2","","","","101.78","","","","-23","","NA"
"-56.07","48.97","BADGER (AUT)","8400301","2020-01-24 23:30","2020","01","24","23:30","-17.7","","-19.7","","84","","","M","25","","8","","","","101.78","","","","-24","","NA"
"-56.07","48.97","BADGER (AUT)","8400301","2020-01-25 00:30","2020","01","25","00:30","-20.5","","-22.7","","83","","","M","21","","4","","","","101.74","","","","-24","","NA"
"-56.07","48.97","BADGER (AUT)","8400301","2020-01-25 01:30","2020","01","25","01:30","-22.4","","-24.7","","81","","","M","0","","1","","","","101.75","","","","-23","","NA"
"-56.07","48.97","BADGER (AUT)","8400301","2020-01-25 02:30","2020","01","25","02:30","-23.8","","-26.2","","81","","","M","25","","4","","","","101.77","","","","-28","","NA"
"-56.07","48.97","BADGER (AUT)","8400301","2020-01-25 03:30","2020","01","25","03:30","-21.0","","-23.1","","83","","","M","24","","5","","","","101.74","","","","-25","","NA"
"-56.07","48.97","BADGER (AUT)","8400301","2020-01-25 04:30","2020","01","25","04:30","-22.4","","-24.7","","81","","","M","25","","4","","","","101.70","","","","-26","","NA"
"-56.07","48.97","BADGER (AUT)","8400301","2020-01-25 05:30","2020","01","25","05:30","-23.1","","-25.4","","81","","","M","25","","3","","","","101.72","","","","-26","","NA"
"-56.07","48.97","BADGER (AUT)","8400301","2020-01-25 06:30","2020","01","25","06:30","-22.8","","-25.1","","81","","","M","25","","4","","","","101.71","","","","-27","","NA"
"-56.07","48.97","BADGER (AUT)","8400301","2020-01-25 07:30","2020","01","25","07:30","-23.0","","-25.5","","80","","","M","24","","4","","","","101.72","","","","-27","","NA"
"-56.07","48.97","BADGER (AUT)","8400301","2020-01-25 08:30","2020","01","25","08:30","-23.6","","-26.0","","81","","","M","0","","1","","","","101.73","","","","-25","","NA"
"-56.07","48.97","BADGER (AUT)","8400301","2020-01-25 09:30","2020","01","25","09:30","-13.7","","-15.6","","86","","","M","22","","6","","","","101.68","","","","-18","","NA"
"-56.07","48.97","BADGER (AUT)","8400301","2020-01-25 10:30","2020","01","25","10:30","-9.8","","-13.4","","75","","","M","23","","8","","","","101.63","","","","-14","","NA"
"-56.07","48.97","BADGER (AUT)","8400301","2020-01-25 11:30","2020","01","25","11:30","-5.1","","-10.9","","64","","","M","25","","9","","","","101.56","","","","-9","","NA"
"-56.07","48.97","BADGER (AUT)","8400301","2020-01-25 12:30","2020","01","25","12:30","-3.5","","-10.9","","56","","","M","27","","15","","","","101.45","","","","-9","","NA"
"-56.07","48.97","BADGER (AUT)","8400301","2020-01-25 13:30","2020","01","25","13:30","-2.9","","-10.2","","57","","","M","26","","14","","","","101.40","","","","-8","","NA"
"-56.07","48.97","BADGER (AUT)","8400301","2020-01-25 14:30","2020","01","25","14:30","-2.7","","-10.4","","56","","","M","27","","12","","","","101.35","","","","-7","","NA"
"-56.07","48.97","BADGER (AUT)","8400301","2020-01-25 15:30","2020","01","25","15:30","-3.2","","-10.3","","58","","","M","27","","14","","","","101.36","","","","-8","","NA"
"-56.07","48.97","BADGER (AUT)","8400301","2020-01-25 16:30","2020","01","25","16:30","-4.6","","-10.7","","63","","","M","26","","7","","","","101.35","","","","-8","","NA"
"-56.07","48.97","BADGER (AUT)","8400301","2020-01-25 17:30","2020","01","25","17:30","-8.4","","-12.1","","74","","","M","32","","2","","","","101.33","","","","-9","","NA"
"-56.07","48.97","BADGER (AUT)","8400301","2020-01-25 18:30","2020","01","25","18:30","-12.2","","-14.3","","84","","","M","17","","2","","","","101.33","","","","-13","","NA"
"-56.07","48.97","BADGER (AUT)","8400301","2020-01-25 19:30","2020","01","25","19:30","-14.9","","-16.8","","85","","","M","0","","1","","","","101.28","","","","-16","","NA"
"-56.07","48.97","BADGER (AUT)","8400301","2020-01-25 20:30","2020","01","25","20:30","-15.7","","-17.6","","86","","","M","0","","1","","","","101.33","","","","-16","","NA"
"-56.07","48.97","BADGER (AUT)","8400301","2020-01-25 21:30","2020","01","25","21:30","-17.6","","-19.4","","86","","","M","18","","2","","","","101.29","","","","-19","","NA"
"-56.07","48.97","BADGER (AUT)","8400301","2020-01-25 22:30","2020","01","25","22:30","-18.3","","-20.1","","85","","","M","32","","2","","","","101.26","","","","-20","","NA"
"-56.07","48.97","BADGER (AUT)","8400301","2020-01-25 23:30","2020","01","25","23:30","-18.5","","-20.4","","85","","","M","36","","2","","","","101.24","","","","-20","","NA"
"-56.07","48.97","BADGER (AUT)","8400301","2020-01-26 00:30","2020","01","26","00:30","-10.1","","-11.5","","90","","","M","18","","7","","","","101.18","","","","-14","","NA"
"-56.07","48.97","BADGER (AUT)","8400301","2020-01-26 01:30","2020","01","26","01:30","-11.6","","-13.4","","87","","","M","19","","3","","","","101.10","","","","-13","","NA"
"-56.07","48.97","BADGER (AUT)","8400301","2020-01-26 02:30","2020","01","26","02:30","-11.5","","-13.6","","85","","","M","17","","2","","","","101.09","","","","-13","","NA"
"-56.07","48.97","BADGER (AUT)","8400301","2020-01-26 03:30","2020","01","26","03:30","-10.1","","-11.8","","87","","","M","24","","5","","","","101.06","","","","-13","","NA"
"-56.07","48.97","BADGER (AUT)","8400301","2020-01-26 04:30","2020","01","26","04:30","-10.6","","-12.1","","89","","","M","22","","3","","","","101.00","","","","-12","","NA"
"-56.07","48.97","BADGER (AUT)","8400301","2020-01-26 05:30","2020","01","26","05:30","-9.6","","-11.3","","88","","","M","20","","5","","","","100.93","","","","-12","","NA"
"-56.07","48.97","BADGER (AUT)","8400301","2020-01-26 06:30","2020","01","26","06:30","-9.4","","-11.4","","86","","","M","24","","5","","","","100.88","","","","-12","","NA"
"-56.07","48.97","BADGER (AUT)","8400301","2020-01-26 07:30","2020","01","26","07:30","-8.9","","-11.2","","83","","","M","24","","4","","","","100.84","","","","-11","","NA"
"-56.07","48.97","BADGER (AUT)","8400301","2020-01-26 08:30","2020","01","26","08:30","-8.3","","-11.7","","77","","","M","21","","6","","","","100.84","","","","-12","","NA"
"-56.07","48.97","BADGER (AUT)","8400301","2020-01-26 09:30","2020","01","26","09:30","-7.3","","-12.1","","69","","","M","20","","7","","","","100.79","","","","-11","","NA"
"-56.07","48.97","BADGER (AUT)","8400301","2020-01-26 10:30","2020","01","26","10:30","-6.3","","-12.3","","63","","","M","20","","5","","","","100.74","","","","-9","","NA"
"-56.07","48.97","BADGER (AUT)","8400301","2020-01-26 11:30","2020","01","26","11:30","-3.6","","-13.5","","46","","","M","21","","9","","","","100.70","","","","-7","","NA"
"-56.07","48.97","BADGER (AUT)","8400301","2020-01-26 12:30","2020","01","26","12:30","-3.0","","-13.2","","45","","","M","24","","8","","","","100.60","","","","-6","","NA"
"-56.07","48.97","BADGER (AUT)","8400301","2020-01-26 13:30","2020","01","26","13:30","-1.0","","-12.9","","40","","","M","24","","7","","","","100.49","","","","-4","","NA"
"-56.07","48.97","BADGER (AUT)","8400301","2020-01-26 14:30","2020","01","26","14:30","1.2","","-12.5","","35","","","M","25","","3","","","","100.38","","","","","","NA"
"-56.07","48.97","BADGER (AUT)","8400301","2020-01-26 15:30","2020","01","26","15:30","-1.2","","-8.4","","58","","","M","18","","8","","","","100.35","","","","-4","","NA"
"-56.07","48.97","BADGER (AUT)","8400301","2020-01-26 16:30","2020","01","26","16:30","-2.6","","-7.0","","72","","","M","18","","13","","","","100.30","","","","-7","","NA"
"-56.07","48.97","BADGER (AUT)","8400301","2020-01-26 17:30","2020","01","26","17:30","-3.1","","-6.9","","75","","","M","18","","8","","","","100.23","","","","-6","","NA"
"-56.07","48.97","BADGER (AUT)","8400301","2020-01-26 18:30","2020","01","26","18:30","-3.3","","-6.5","","79","","","M","18","","9","","","","100.16","","","","-7","","NA"
"-56.07","48.97","BADGER (AUT)","8400301","2020-01-26 19:30","2020","01","26","19:30","-3.9","","-6.6","","82","","","M","17","","8","","","","100.10","","","","-7","","NA"
"-56.07","48.97","BADGER (AUT)","8400301","2020-01-26 20:30","2020","01","26","20:30","-4.2","","-6.3","","85","","","M","16","","6","","","","100.01","","","","-7","","NA"
"-56.07","48.97","BADGER (AUT)","8400301","2020-01-26 21:30","2020","01","26","21:30","-4.2","","-6.1","","87","","","M","16","","3","","","","99.90","","","","-5","","NA"
"-56.07","48.97","BADGER (AUT)","8400301","2020-01-26 22:30","2020","01","26","22:30","-3.3","","-4.7","","90","","","M","16","","4","","","","99.77","","","","-5","","NA"
"-56.07","48.97","BADGER (AUT)","8400301","2020-01-26 23:30","2020","01","26","23:30","-3.4","","-4.5","","92","","","M","17","","3","","","","99.67","","","","-5","","NA"
"-56.07","48.97","BADGER (AUT)","8400301","2020-01-27 00:30","2020","01","27","00:30","-2.9","","-3.8","","94","","","M","14","","3","","","","99.52","","","","-4","","NA"
"-56.07","48.97","BADGER (AUT)","8400301","2020-01-27 01:30","2020","01","27","01:30","-3.1","","-4.1","","93","","","M","11","","2","","","","99.39","","","","-4","","NA"
"-56.07","48.97","BADGER (AUT)","8400301","2020-01-27 02:30","2020","01","27","02:30","-2.9","","-3.4","","96","","","M","10","","6","","","","99.26","","","","-5","","NA"
"-56.07","48.97","BADGER (AUT)","8400301","2020-01-27 03:30","2020","01","27","03:30","-2.8","","-3.3","","96","","","M","8","","4","","","","99.11","","","","-4","","NA"
"-56.07","48.97","BADGER (AUT)","8400301","2020-01-27 04:30","2020","01","27","04:30","-1.3","","-1.6","","98","","","M","8","","2","","","","98.93","","","","-2","","NA"
"-56.07","48.97","BADGER (AUT)","8400301","2020-01-27 05:30","2020","01","27","05:30","0.1","","-0.1","","99","","","M","0","","1","","","","98.69","","","","","","NA"
"-56.07","48.97","BADGER (AUT)","8400301","2020-01-27 06:30","2020","01","27","06:30","0.6","","0.4","","99","","","M","9","","4","","","","98.49","","","","","","NA"
"-56.07","48.97","BADGER (AUT)","8400301","2020-01-27 07:30","2020","01","27","07:30","0.8","","0.5","","98","","","M","8","","4","","","","98.35","","","","","","NA"
"-56.07","48.97","BADGER (AUT)","8400301","2020-01-27 08:30","2020","01","27","08:30","0.5","","0.3","","99","","","M","9","","3","","","","98.24","","","","","","NA"
"-56.07","48.97","BADGER (AUT)","8400301","2020-01-27 09:30","2020","01","27","09:30","0.9","","0.7","","99","","","M","3","","4","","","","98.12","","","","","","NA"
"-56.07","48.97","BADGER (AUT)","8400301","2020-01-27 10:30","2020","01","27","10:30","2.4","","2.2","","99","","","M","6","","3","","","","98.05","","","","","","NA"
"-56.07","48.97","BADGER (AUT)","8400301","2020-01-27 11:30","2020","01","27","11:30","3.8","","3.4","","98","","","M","","","0","","","","97.97","","","","","","NA"
"-56.07","48.97","BADGER (AUT)","8400301","2020-01-27 12:30","2020","01","27","12:30","3.9","","3.3","","96","","","M","32","","4","","","","97.89","","","","","","NA"
"-56.07","48.97","BADGER (AUT)","8400301","2020-01-27 13:30","2020","01","27","13:30","2.1","","1.3","","94","","","M","32","","8","","","","97.92","","","","","","NA"
"-56.07","48.97","BADGER (AUT)","8400301","2020-01-27 14:30","2020","01","27","14:30","2.1","","1.0","","93","","","M","31","","8","","","","97.98","","","","","","NA"
"-56.07","48.97","BADGER (AUT)","8400301","2020-01-27 15:30","2020","01","27","15:30","1.2","","0.3","","94","","","M","32","","9","","","","98.03","","","","","","NA"
"-56.07","48.97","BADGER (AUT)","8400301","2020-01-27 16:30","2020","01","27","16:30","0.5","","-0.6","","93","","","M","32","","9","","","","98.13","","","","","","NA"
"-56.07","48.97","BADGER (AUT)","8400301","2020-01-27 17:30","2020","01","27","17:30","-0.6","","-2.1","","90","","","M","35","","10","","","","98.24","","","","-4","","NA"
"-56.07","48.97","BADGER (AUT)","8400301","2020-01-27 18:30","2020","01","27","18:30","-1.4","","-3.0","","89","","","M","34","","11","","","","98.34","","","","-5","","NA"
"-56.07","48.97","BADGER (AUT)","8400301","2020-01-27 19:30","2020","01","27","19:30","-1.8","","-2.8","","93","","","M","1","","8","","","","98.49","","","","-5","","NA"
"-56.07","48.97","BADGER (AUT)","8400301","2020-01-27 20:30","2020","01","27","20:30","-2.0","","-2.9","","93","","","M","36","","7","","","","98.59","","","","-5","","NA"
"-56.07","48.97","BADGER (AUT)","8400301","2020-01-27 21:30","2020","01","27","21:30","-2.1","","-2.9","","94","","","M","35","","5","","","","98.66","","","","-4","","NA"
"-56.07","48.97","BADGER (AUT)","8400301","2020-01-27 22:30","2020","01","27","22:30","-2.2","","-3.1","","94","","","M","35","","9","","","","98.63","","","","-6","","NA"
"-56.07","48.97","BADGER (AUT)","8400301","2020-01-27 23:30","2020","01","27","23:30","-2.4","","-3.4","","93","","","M","36","","6","","","","98.63","","","","-5","","NA"
"-56.07","48.97","BADGER (AUT)","8400301","2020-01-28 00:30","2020","01","28","00:30","-2.5","","-3.3","","94","","","M","36","","5","","","","98.69","","","","-4","","NA"
"-56.07","48.97","BADGER (AUT)","8400301","2020-01-28 01:30","2020","01","28","01:30","-2.6","","-3.7","","92","","","M","2","","8","","","","98.69","","","","-6","","NA"
"-56.07","48.97","BADGER (AUT)","8400301","2020-01-28 02:30","2020","01","28","02:30","-2.8","","-3.8","","93","","","M","1","","8","","","","98.72","","","","-6","","NA"
"-56.07","48.97","BADGER (AUT)","8400301","2020-01-28 03:30","2020","01","28","03:30","-2.9","","-4.0","","92","","","M","3","","7","","","","98.72","","","","-6","","NA"
"-56.07","48.97","BADGER (AUT)","8400301","2020-01-28 04:30","2020","01","28","04:30","-2.9","","-4.0","","92","","","M","2","","10","","","","98.72","","","","-7","","NA"
"-56.07","48.97","BADGER (AUT)","8400301","2020-01-28 05:30","2020","01","28","05:30","-3.0","","-4.1","","92","","","M","1","","10","","","","98.75","","","","-7","","NA"
"-56.07","48.97","BADGER (AUT)","8400301","2020-01-28 06:30","2020","01","28","06:30","-3.1","","-4.0","","93","","","M","2","","7","","","","98.76","","","","-6","","NA"
"-56.07","48.97","BADGER (AUT)","8400301","2020-01-28 07:30","2020","01","28","07:30","-3.2","","-4.0","","94","","","M","1","","8","","","","98.80","","","","-6","","NA"
"-56.07","48.97","BADGER (AUT)","8400301","2020-01-28 08:30","2020","01","28","08:30","-3.0","","-3.7","","95","","","M","2","","6","","","","98.85","","","","-5","","NA"
"-56.07","48.97","BADGER (AUT)","8400301","2020-01-28 09:30","2020","01","28","09:30","-2.7","","-3.5","","94","","","M","2","","7","","","","98.86","","","","-6","","NA"
"-56.07","48.97","BADGER (AUT)","8400301","2020-01-28 10:30","2020","01","28","10:30","-2.3","","-3.3","","92","","","M","1","","6","","","","98.88","","","","-5","","NA"
"-56.07","48.97","BADGER (AUT)","8400301","2020-01-28 11:30","2020","01","28","11:30","-2.0","","-3.5","","89","","","M","2","","11","","","","98.84","","","","-6","","NA"
"-56.07","48.97","BADGER (AUT)","8400301","2020-01-28 12:30","2020","01","28","12:30","-2.0","","-3.3","","90","","","M","3","","9","","","","98.77","","","","-5","","NA"
"-56.07","48.97","BADGER (AUT)","8400301","2020-01-28 13:30","2020","01","28","13:30","-1.9","","-3.4","","90","","","M","2","","9","","","","98.76","","","","-5","","NA"
"-56.07","48.97","BADGER (AUT)","8400301","2020-01-28 14:30","2020","01","28","14:30","-2.3","","-3.6","","91","","","M","2","","11","","","","98.75","","","","-6","","NA"
"-56.07","48.97","BADGER (AUT)","8400301","2020-01-28 15:30","2020","01","28","15:30","-2.5","","-3.6","","92","","","M","2","","8","","","","98.78","","","","-6","","NA"
"-56.07","48.97","BADGER (AUT)","8400301","2020-01-28 16:30","2020","01","28","16:30","-3.0","","-4.3","","91","","","M","2","","8","","","","98.79","","","","-6","","NA"
"-56.07","48.97","BADGER (AUT)","8400301","2020-01-28 17:30","2020","01","28","17:30","-3.4","","-4.6","","91","","","M","2","","9","","","","98.83","","","","-7","","NA"
"-56.07","48.97","BADGER (AUT)","8400301","2020-01-28 18:30","2020","01","28","18:30","-3.6","","-4.6","","93","","","M","2","","8","","","","98.85","","","","-7","","NA"
"-56.07","48.97","BADGER (AUT)","8400301","2020-01-28 19:30","2020","01","28","19:30","-4.2","","-5.1","","93","","","M","2","","4","","","","98.86","","","","-6","","NA"
"-56.07","48.97","BADGER (AUT)","8400301","2020-01-28 20:30","2020","01","28","20:30","-5.7","","-6.6","","93","","","M","1","","3","","","","98.84","","","","-7","","NA"
"-56.07","48.97","BADGER (AUT)","8400301","2020-01-28 21:30","2020","01","28","21:30","-6.5","","-7.4","","93","","","M","2","","3","","","","98.86","","","","-8","","NA"
"-56.07","48.97","BADGER (AUT)","8400301","2020-01-28 22:30","2020","01","28","22:30","-7.7","","-8.7","","93","","","M","7","","2","","","","98.87","","","","-9","","NA"
"-56.07","48.97","BADGER (AUT)","8400301","2020-01-28 23:30","2020","01","28","23:30","-8.6","","-9.5","","93","","","M","4","","2","","","","98.87","","","","-10","","NA"
"-56.07","48.97","BADGER (AUT)","8400301","2020-01-29 00:30","2020","01","29","00:30","-10.0","","-11.2","","91","","","M","","","0","","","","98.82","","","","","","NA"
"-56.07","48.97","BADGER (AUT)","8400301","2020-01-29 01:30","2020","01","29","01:30","-10.6","","-11.5","","93","","","M","0","","1","","","","98.81","","","","-11","","NA"
"-56.07","48.97","BADGER (AUT)","8400301","2020-01-29 02:30","2020","01","29","02:30","-7.5","","-8.2","","95","","","M","1","","3","","","","98.83","","","","-9","","NA"
"-56.07","48.97","BADGER (AUT)","8400301","2020-01-29 03:30","2020","01","29","03:30","-6.1","","-6.8","","95","","","M","33","","3","","","","98.81","","","","-8","","NA"
"-56.07","48.97","BADGER (AUT)","8400301","2020-01-29 04:30","2020","01","29","04:30","-5.4","","-6.0","","96","","","M","1","","4","","","","98.81","","","","-7","","NA"
"-56.07","48.97","BADGER (AUT)","8400301","2020-01-29 05:30","2020","01","29","05:30","-5.2","","-6.1","","93","","","M","36","","4","","","","98.82","","","","-7","","NA"
"-56.07","48.97","BADGER (AUT)","8400301","2020-01-29 06:30","2020","01","29","06:30","-5.6","","-6.6","","93","","","M","2","","4","","","","98.80","","","","-7","","NA"
"-56.07","48.97","BADGER (AUT)","8400301","2020-01-29 07:30","2020","01","29","07:30","-6.3","","-7.4","","92","","","M","34","","1","","","","98.80","","","","-7","","NA"
"-56.07","48.97","BADGER (AUT)","8400301","2020-01-29 08:30","2020","01","29","08:30","-6.3","","-7.2","","93","","","M","36","","2","","","","98.83","","","","-7","","NA"
"-56.07","48.97","BADGER (AUT)","8400301","2020-01-29 09:30","2020","01","29","09:30","-5.0","","-6.1","","91","","","M","1","","4","","","","98.84","","","","-7","","NA"
"-56.07","48.97","BADGER (AUT)","8400301","2020-01-29 10:30","2020","01","29","10:30","-4.0","","-5.7","","88","","","M","2","","5","","","","98.84","","","","-6","","NA"
"-56.07","48.97","BADGER (AUT)","8400301","2020-01-29 11:30","2020","01","29","11:30","-3.4","","-5.3","","87","","","M","3","","6","","","","98.84","","","","-6","","NA"
"-56.07","48.97","BADGER (AUT)","8400301","2020-01-29 12:30","2020","01","29","12:30","-2.9","","-5.3","","84","","","M","3","","5","","","","98.77","","","","-5","","NA"
"-56.07","48.97","BADGER (AUT)","8400301","2020-01-29 13:30","2020","01","29","13:30","-2.9","","-5.8","","81","","","M","3","","7","","","","98.76","","","","-6","","NA"
"-56.07","48.97","BADGER (AUT)","8400301","2020-01-29 14:30","2020","01","29","14:30","-3.3","","-5.6","","84","","","M","3","","7","","","","98.76","","","","-6","","NA"
"-56.07","48.97","BADGER (AUT)","8400301","2020-01-29 15:30","2020","01","29","15:30","-3.4","","-5.6","","85","","","M","1","","6","","","","98.80","","","","-6","","NA"
"-56.07","48.97","BADGER (AUT)","8400301","2020-01-29 16:30","2020","01","29","16:30","-4.0","","-6.0","","86","","","M","3","","6","","","","98.84","","","","-7","","NA"
"-56.07","48.97","BADGER (AUT)","8400301","2020-01-29 17:30","2020","01","29","17:30","-4.7","","-6.4","","88","","","M","3","","5","","","","98.89","","","","-7","","NA"
"-56.07","48.97","BADGER (AUT)","8400301","2020-01-29 18:30","2020","01","29","18:30","-5.0","","-6.6","","89","","","M","1","","5","","","","98.95","","","","-7","","NA"
"-56.07","48.97","BADGER (AUT)","8400301","2020-01-29 19:30","2020","01","29","19:30","-5.3","","-7.0","","88","","","M","1","","6","","","","99.01","","","","-8","","NA"
"-56.07","48.97","BADGER (AUT)","8400301","2020-01-29 20:30","2020","01","29","20:30","-5.5","","-7.1","","89","","","M","1","","6","","","","99.04","","","","-8","","NA"
"-56.07","48.97","BADGER (AUT)","8400301","2020-01-29 21:30","2020","01","29","21:30","-5.6","","-7.7","","86","","","M","36","","8","","","","99.08","","","","-9","","NA"
"-56.07","48.97","BADGER (AUT)","8400301","2020-01-29 22:30","2020","01","29","22:30","-5.9","","-7.8","","86","","","M","33","","4","","","","99.09","","","","-8","","NA"
"-56.07","48.97","BADGER (AUT)","8400301","2020-01-29 23:30","2020","01","29","23:30","-5.8","","-7.3","","89","","","M","35","","8","","","","99.10","","","","-10","","NA"
"-56.07","48.97","BADGER (AUT)","8400301","2020-01-30 00:30","2020","01","30","00:30","-6.0","","-7.7","","88","","","M","34","","12","","","","99.13","","","","-11","","NA"
"-56.07","48.97","BADGER (AUT)","8400301","2020-01-30 01:30","2020","01","30","01:30","-6.5","","-8.2","","87","","","M","35","","11","","","","99.15","","","","-11","","NA"
"-56.07","48.97","BADGER (AUT)","8400301","2020-01-30 02:30","2020","01","30","02:30","-7.0","","-8.8","","88","","","M","35","","11","","","","99.19","","","","-12","","NA"
"-56.07","48.97","BADGER (AUT)","8400301","2020-01-30 03:30","2020","01","30","03:30","-7.4","","-9.1","","87","","","M","36","","10","","","","99.21","","","","-12","","NA"
"-56.07","48.97","BADGER (AUT)","8400301","2020-01-30 04:30","2020","01","30","04:30","-7.6","","-9.5","","86","","","M","35","","10","","","","99.28","","","","-12","","NA"
"-56.07","48.97","BADGER (AUT)","8400301","2020-01-30 05:30","2020","01","30","05:30","-8.0","","-9.9","","86","","","M","34","","10","","","","99.33","","","","-13","","NA"
"-56.07","48.97","BADGER (AUT)","8400301","2020-01-30 06:30","2020","01","30","06:30","-8.5","","-10.4","","86","","","M","35","","7","","","","99.40","","","","-12","","NA"
"-56.07","48.97","BADGER (AUT)","8400301","2020-01-30 07:30","2020","01","30","07:30","-8.6","","-10.5","","87","","","M","35","","5","","","","99.47","","","","-11","","NA"
"-56.07","48.97","BADGER (AUT)","8400301","2020-01-30 08:30","2020","01","30","08:30","-7.8","","-9.9","","85","","","M","36","","6","","","","99.55","","","","-11","","NA"
"-56.07","48.97","BADGER (AUT)","8400301","2020-01-30 09:30","2020","01","30","09:30","-6.8","","-9.3","","82","","","M","34","","9","","","","99.60","","","","-11","","NA"
"-56.07","48.97","BADGER (AUT)","8400301","2020-01-30 10:30","2020","01","30","10:30","-6.4","","-9.2","","80","","","M","34","","9","","","","99.65","","","","-11","","NA"
"-56.07","48.97","BADGER (AUT)","8400301","2020-01-30 11:30","2020","01","30","11:30","-6.5","","-9.4","","80","","","M","34","","11","","","","99.70","","","","-11","","NA"
"-56.07","48.97","BADGER (AUT)","8400301","2020-01-30 12:30","2020","01","30","12:30","-5.3","","-8.6","","77","","","M","34","","10","","","","99.70","","","","-10","","NA"
"-56.07","48.97","BADGER (AUT)","8400301","2020-01-30 13:30","2020","01","30","13:30","-5.2","","-8.6","","77","","","M","34","","10","","","","99.67","","","","-10","","NA"
"-56.07","48.97","BADGER (AUT)","8400301","2020-01-30 14:30","2020","01","30","14:30","-5.3","","-8.5","","78","","","M","34","","9","","","","99.70","","","","-9","","NA"
"-56.07","48.97","BADGER (AUT)","8400301","2020-01-30 15:30","2020","01","30","15:30","-5.6","","-8.7","","79","","","M","36","","8","","","","99.77","","","","-9","","NA"
"-56.07","48.97","BADGER (AUT)","8400301","2020-01-30 16:30","2020","01","30","16:30","-5.8","","-8.9","","79","","","M","35","","4","","","","99.80","","","","-8","","NA"
"-56.07","48.97","BADGER (AUT)","8400301","2020-01-30 17:30","2020","01","30","17:30","-6.3","","-9.0","","81","","","M","31","","5","","","","99.86","","","","-9","","NA"
"-56.07","48.97","BADGER (AUT)","8400301","2020-01-30 18:30","2020","01","30","18:30","-8.1","","-10.2","","85","","","M","26","","3","","","","99.91","","","","-10","","NA"
"-56.07","48.97","BADGER (AUT)","8400301","2020-01-30 19:30","2020","01","30","19:30","-12.1","","-13.7","","88","","","M","24","","2","","","","99.93","","","","-13","","NA"
"-56.07","48.97","BADGER (AUT)","8400301","2020-01-30 20:30","2020","01","30","20:30","-15.4","","-17.1","","87","","","M","21","","2","","","","99.93","","","","-17","","NA"
"-56.07","48.97","BADGER (AUT)","8400301","2020-01-30 21:30","2020","01","30","21:30","-17.8","","-19.7","","85","","","M","26","","2","","","","99.95","","","","-19","","NA"
"-56.07","48.97","BADGER (AUT)","8400301","2020-01-30 22:30","2020","01","30","22:30","-18.4","","-20.1","","87","","","M","26","","3","","","","99.94","","","","-21","","NA"
"-56.07","48.97","BADGER (AUT)","8400301","2020-01-30 23:30","2020","01","30","23:30","-19.5","","-21.6","","84","","","M","0","","1","","","","99.94","","","","-20","","NA"
"-56.07","48.97","BADGER (AUT)","8400301","2020-01-31 00:30","2020","01","31","00:30","-21.0","","-23.2","","83","","","M","","","0","","","","99.92","","","","","","NA"
"-56.07","48.97","BADGER (AUT)","8400301","2020-01-31 01:30","2020","01","31","01:30","-19.5","","-21.2","","86","","","M","0","","1","","","","99.88","","","","-20","","NA"
"-56.07","48.97","BADGER (AUT)","8400301","2020-01-31 02:30","2020","01","31","02:30","-13.0","","-14.2","","90","","","M","23","","3","","","","99.86","","","","-15","","NA"
"-56.07","48.97","BADGER (AUT)","8400301","2020-01-31 03:30","2020","01","31","03:30","-13.9","","-15.2","","90","","","M","21","","3","","","","99.81","","","","-16","","NA"
"-56.07","48.97","BADGER (AUT)","8400301","2020-01-31 04:30","2020","01","31","04:30","-15.4","","-17.2","","86","","","M","0","","1","","","","99.75","","","","-16","","NA"
"-56.07","48.97","BADGER (AUT)","8400301","2020-01-31 05:30","2020","01","31","05:30","-17.5","","-19.3","","86","","","M","","","0","","","","99.72","","","","","","NA"
"-56.07","48.97","BADGER (AUT)","8400301","2020-01-31 06:30","2020","01","31","06:30","-16.2","","-17.9","","87","","","M","","","0","","","","99.69","","","","","","NA"
"-56.07","48.97","BADGER (AUT)","8400301","2020-01-31 07:30","2020","01","31","07:30","-14.7","","-16.2","","88","","","M","29","","1","","","","99.63","","","","-15","","NA"
"-56.07","48.97","BADGER (AUT)","8400301","2020-01-31 08:30","2020","01","31","08:30","-8.8","","-10.0","","91","","","M","18","","6","","","","99.61","","","","-12","","NA"
"-56.07","48.97","BADGER (AUT)","8400301","2020-01-31 09:30","2020","01","31","09:30","-7.1","","-9.0","","86","","","M","21","","4","","","","99.58","","","","-9","","NA"
"-56.07","48.97","BADGER (AUT)","8400301","2020-01-31 10:30","2020","01","31","10:30","-4.8","","-8.6","","75","","","M","27","","12","","","","99.57","","","","-10","","NA"
"-56.07","48.97","BADGER (AUT)","8400301","2020-01-31 11:30","2020","01","31","11:30","-4.8","","-8.6","","75","","","M","29","","12","","","","99.60","","","","-10","","NA"
"-56.07","48.97","BADGER (AUT)","8400301","2020-01-31 12:30","2020","01","31","12:30","-5.1","","-9.5","","71","","","M","29","","12","","","","99.59","","","","-10","","NA"
"-56.07","48.97","BADGER (AUT)","8400301","2020-01-31 13:30","2020","01","31","13:30","-6.2","","-10.2","","74","","","M","29","","12","","","","99.62","","","","-11","","NA"
"-56.07","48.97","BADGER (AUT)","8400301","2020-01-31 14:30","2020","01","31","14:30","-6.3","","-11.7","","66","","","M","29","","13","","","","99.62","","","","-12","","NA"
"-56.07","48.97","BADGER (AUT)","8400301","2020-01-31 15:30","2020","01","31","15:30","-6.7","","-12.2","","65","","","M","31","","10","","","","99.68","","","","-11","","NA"
"-56.07","48.97","BADGER (AUT)","8400301","2020-01-31 16:30","2020","01","31","16:30","-7.6","","-12.8","","66","","","M","32","","11","","","","99.77","","","","-13","","NA"
"-56.07","48.97","BADGER (AUT)","8400301","2020-01-31 17:30","2020","01","31","17:30","-8.8","","-13.4","","70","","","M","31","","7","","","","99.88","","","","-13","","NA"
"-56.07","48.97","BADGER (AUT)","8400301","2020-01-31 18:30","2020","01","31","18:30","-9.3","","-13.7","","70","","","M","30","","9","","","","99.94","","","","-14","","NA"
"-56.07","48.97","BADGER (AUT)","8400301","2020-01-31 19:30","2020","01","31","19:30","-9.1","","-13.7","","69","","","M","32","","8","","","","100.00","","","","-13","","NA"
"-56.07","48.97","BADGER (AUT)","8400301","2020-01-31 20:30","2020","01","31","20:30","-9.1","","-13.4","","71","","","M","31","","6","","","","100.03","","","","-12","","NA"
"-56.07","48.97","BADGER (AUT)","8400301","2020-01-31 21:30","2020","01","31","21:30","-8.8","","-13.4","","69","","","M","31","","10","","","","100.11","","","","-14","","NA"
"-56.07","48.97","BADGER (AUT)","8400301","2020-01-31 22:30","2020","01","31","22:30","-9.0","","-13.0","","72","","","M","32","","6","","","","100.13","","","","-12","","NA"
"-56.07","48.97","BADGER (AUT)","8400301","2020-01-31 23:30","2020","01","31","23:30","-9.0","","-13.3","","71","","","M","31","","8","","","","100.16","","","","-13","","NA"
