"Longitude (x)","Latitude (y)","Station Name","Climate ID","Date/Time (LST)","Year","Month","Day","Time (LST)","Temp (°C)","Temp Flag","Dew Point Temp (°C)","Dew Point Temp Flag","Rel Hum (%)","Rel Hum Flag","Precip. Amount (mm)","Precip. Amount Flag","Wind Dir (10s deg)","Wind Dir Flag","Wind Spd (km/h)","Wind Spd Flag","Visibility (km)","Visibility Flag","Stn Press (kPa)","Stn Press Flag","Hmdx","Hmdx Flag","Wind Chill","Wind Chill Flag","Weather"
"-118.45","53.80","HENDRICKSON CREEK","3063135","2021-12-01 00:00","2021","12","01","00:00","1.6","","0.1","","90","","0.3","","30","","12","","","","83.61","","","","","","NA"
"-118.45","53.80","HENDRICKSON CREEK","3063135","2021-12-01 01:00","2021","12","01","01:00","0.1","","-1.4","","90","","1.0","","29","","21","","","","83.72","","","","","","NA"
"-118.45","53.80","HENDRICKSON CREEK","3063135","2021-12-01 02:00","2021","12","01","02:00","0.5","","-3.6","","74","","0.1","","29","","14","","","","83.80","","","","","","NA"
"-118.45","53.80","HENDRICKSON CREEK","3063135","2021-12-01 03:00","2021","12","01","03:00","0.1","","-4.3","","72","","0.0","","29","","17","","","","83.94","","","","","","NA"
"-118.45","53.80","HENDRICKSON CREEK","3063135","2021-12-01 04:00","2021","12","01","04:00","-0.5","","-4.7","","73","","0.0","","28","","14","","","","84.05","","","","-5","","NA"
"-118.45","53.80","HENDRICKSON CREEK","3063135","2021-12-01 05:00","2021","12","01","05:00","-0.9","","-5.9","","69","","0.0","","29","","11","","","","84.09","","","","-5","","NA"
"-118.45","53.80","HENDRICKSON CREEK","3063135","2021-12-01 06:00","2021","12","01","06:00","-1.3","","-6.2","","69","","0.0","","30","","9","","","","84.17","","","","-5","","NA"
"-118.45","53.80","HENDRICKSON CREEK","3063135","2021-12-01 07:00","2021","12","01","07:00","-0.8","","-7.4","","61","","0.0","","27","","13","","","","84.18","","","","-5","","NA"
"-118.45","53.80","HENDRICKSON CREEK","3063135","2021-12-01 08:00","2021","12","01","08:00","-0.5","","-8.3","","56","","0.0","","26","","15","","","","84.11","","","","-5","","NA"
"-118.45","53.80","HENDRICKSON CREEK","3063135","2021-12-01 09:00","2021","12","01","09:00","0.0","","-8.6","","52","","0.0","","27","","13","","","","84.10","","","","-4","","NA"
"-118.45","53.80","HENDRICKSON CREEK","3063135","2021-12-01 10:00","2021","12","01","10:00","0.5","","-9.1","","48","","0.0","","26","","13","","","","84.09","","","","","","NA"
"-118.45","53.80","HENDRICKSON CREEK","3063135","2021-12-01 11:00","2021","12","01","11:00","0.7","","-8.6","","50","","0.0","","27","","11","","","","84.17","","","","","","NA"
"-118.45","53.80","HENDRICKSON CREEK","3063135","2021-12-01 12:00","2021","12","01","12:00","0.9","","-8.6","","49","","0.0","","29","","8","","","","84.20","","","","","","NA"
"-118.45","53.80","HENDRICKSON CREEK","3063135","2021-12-01 13:00","2021","12","01","13:00","1.0","","-9.1","","47","","0.0","","26","","10","","","","84.19","","","","","","NA"
"-118.45","53.80","HENDRICKSON CREEK","3063135","2021-12-01 14:00","2021","12","01","14:00","0.6","","-8.2","","52","","0.0","","28","","12","","","","84.21","","","","","","NA"
"-118.45","53.80","HENDRICKSON CREEK","3063135","2021-12-01 15:00","2021","12","01","15:00","0.7","","-7.4","","55","","0.0","","26","","11","","","","84.24","","","","","","NA"
"-118.45","53.80","HENDRICKSON CREEK","3063135","2021-12-01 16:00","2021","12","01","16:00","0.5","","-8.2","","52","","0.0","","33","","3","","","","84.22","","","","","","NA"
"-118.45","53.80","HENDRICKSON CREEK","3063135","2021-12-01 17:00","2021","12","01","17:00","-3.0","","-7.4","","71","","0.0","","14","","1","","","","84.27","","","","-3","","NA"
"-118.45","53.80","HENDRICKSON CREEK","3063135","2021-12-01 18:00","2021","12","01","18:00","-4.3","","-7.9","","76","","0.3","","32","","1","","","","84.29","","","","-5","","NA"
"-118.45","53.80","HENDRICKSON CREEK","3063135","2021-12-01 19:00","2021","12","01","19:00","-6.0","","-8.3","","83","","0.0","","28","","2","","","","84.22","","","","-7","","NA"
"-118.45","53.80","HENDRICKSON CREEK","3063135","2021-12-01 20:00","2021","12","01","20:00","-8.0","","-10.1","","85","","0.2","","26","","4","","","","84.18","","","","-10","","NA"
"-118.45","53.80","HENDRICKSON CREEK","3063135","2021-12-01 21:00","2021","12","01","21:00","-7.6","","-10.0","","83","","0.0","","29","","2","","","","84.17","","","","-9","","NA"
"-118.45","53.80","HENDRICKSON CREEK","3063135","2021-12-01 22:00","2021","12","01","22:00","-9.6","","-10.3","","94","","0.0","","30","","2","","","","84.09","","","","-11","","NA"
"-118.45","53.80","HENDRICKSON CREEK","3063135","2021-12-01 23:00","2021","12","01","23:00","-4.3","","-5.2","","94","","0.0","","26","","8","","","","84.07","","","","-8","","NA"
"-118.45","53.80","HENDRICKSON CREEK","3063135","2021-12-02 00:00","2021","12","02","00:00","-6.9","","-8.4","","89","","0.3","","7","","2","","","","84.05","","","","-8","","NA"
"-118.45","53.80","HENDRICKSON CREEK","3063135","2021-12-02 01:00","2021","12","02","01:00","-3.8","","-4.9","","92","","0.0","","29","","7","","","","84.02","","","","-7","","NA"
"-118.45","53.80","HENDRICKSON CREEK","3063135","2021-12-02 02:00","2021","12","02","02:00","-2.7","","-4.6","","86","","0.0","","31","","7","","","","84.03","","","","-6","","NA"
"-118.45","53.80","HENDRICKSON CREEK","3063135","2021-12-02 03:00","2021","12","02","03:00","-2.9","","-4.1","","92","","0.0","","31","","5","","","","84.14","","","","-5","","NA"
"-118.45","53.80","HENDRICKSON CREEK","3063135","2021-12-02 04:00","2021","12","02","04:00","-2.5","","-5.1","","82","","1.1","","29","","16","","","","84.21","","","","-8","","NA"
"-118.45","53.80","HENDRICKSON CREEK","3063135","2021-12-02 05:00","2021","12","02","05:00","-5.2","","-8.9","","75","","0.0","","29","","18","","","","84.33","","","","-11","","NA"
"-118.45","53.80","HENDRICKSON CREEK","3063135","2021-12-02 06:00","2021","12","02","06:00","-5.5","","-12.4","","58","","0.0","","28","","15","","","","84.44","","","","-11","","NA"
"-118.45","53.80","HENDRICKSON CREEK","3063135","2021-12-02 07:00","2021","12","02","07:00","-5.9","","-12.9","","58","","0.0","","28","","16","","","","84.50","","","","-12","","NA"
"-118.45","53.80","HENDRICKSON CREEK","3063135","2021-12-02 08:00","2021","12","02","08:00","-6.9","","-11.3","","71","","0.0","","28","","16","","","","84.60","","","","-13","","NA"
"-118.45","53.80","HENDRICKSON CREEK","3063135","2021-12-02 09:00","2021","12","02","09:00","-7.1","","-12.2","","67","","0.0","","28","","11","","","","84.67","","","","-12","","NA"
"-118.45","53.80","HENDRICKSON CREEK","3063135","2021-12-02 10:00","2021","12","02","10:00","-7.0","","-13.6","","59","","0.0","","28","","14","","","","84.70","","","","-13","","NA"
"-118.45","53.80","HENDRICKSON CREEK","3063135","2021-12-02 11:00","2021","12","02","11:00","-5.9","","-12.9","","58","","0.0","","28","","15","","","","84.76","","","","-12","","NA"
"-118.45","53.80","HENDRICKSON CREEK","3063135","2021-12-02 12:00","2021","12","02","12:00","-5.5","","-14.6","","49","","0.0","","28","","17","","","","84.81","","","","-12","","NA"
"-118.45","53.80","HENDRICKSON CREEK","3063135","2021-12-02 13:00","2021","12","02","13:00","-5.1","","-14.8","","46","","0.0","","28","","15","","","","84.87","","","","-11","","NA"
"-118.45","53.80","HENDRICKSON CREEK","3063135","2021-12-02 14:00","2021","12","02","14:00","-5.2","","-15.6","","44","","0.0","","28","","13","","","","84.92","","","","-10","","NA"
"-118.45","53.80","HENDRICKSON CREEK","3063135","2021-12-02 15:00","2021","12","02","15:00","-6.3","","-14.1","","54","","0.0","","27","","14","","","","84.97","","","","-12","","NA"
"-118.45","53.80","HENDRICKSON CREEK","3063135","2021-12-02 16:00","2021","12","02","16:00","-7.0","","-15.0","","53","","0.2","","26","","11","","","","85.02","","","","-12","","NA"
"-118.45","53.80","HENDRICKSON CREEK","3063135","2021-12-02 17:00","2021","12","02","17:00","-8.5","","-15.2","","58","","0.2","","30","","6","","","","85.08","","","","-12","","NA"
"-118.45","53.80","HENDRICKSON CREEK","3063135","2021-12-02 18:00","2021","12","02","18:00","-11.9","","-15.9","","72","","0.0","","32","","3","","","","85.11","","","","-14","","NA"
"-118.45","53.80","HENDRICKSON CREEK","3063135","2021-12-02 19:00","2021","12","02","19:00","-8.0","","-16.2","","52","","0.3","","29","","7","","","","85.12","","","","-12","","NA"
"-118.45","53.80","HENDRICKSON CREEK","3063135","2021-12-02 20:00","2021","12","02","20:00","-8.2","","-16.2","","52","","0.0","","29","","7","","","","85.13","","","","-12","","NA"
"-118.45","53.80","HENDRICKSON CREEK","3063135","2021-12-02 21:00","2021","12","02","21:00","-9.7","","-16.4","","58","","0.0","","31","","4","","","","85.14","","","","-12","","NA"
"-118.45","53.80","HENDRICKSON CREEK","3063135","2021-12-02 22:00","2021","12","02","22:00","-9.2","","-13.7","","70","","0.0","","29","","6","","","","85.19","","","","-13","","NA"
"-118.45","53.80","HENDRICKSON CREEK","3063135","2021-12-02 23:00","2021","12","02","23:00","-8.9","","-13.1","","71","","0.0","","28","","8","","","","85.23","","","","-13","","NA"
"-118.45","53.80","HENDRICKSON CREEK","3063135","2021-12-03 00:00","2021","12","03","00:00","-13.2","","-15.6","","82","","0.0","","31","","3","","","","85.26","","","","-15","","NA"
"-118.45","53.80","HENDRICKSON CREEK","3063135","2021-12-03 01:00","2021","12","03","01:00","-16.8","","-18.9","","84","","0.0","","30","","2","","","","85.28","","","","-18","","NA"
"-118.45","53.80","HENDRICKSON CREEK","3063135","2021-12-03 02:00","2021","12","03","02:00","-10.8","","-15.0","","71","","0.3","","29","","6","","","","85.27","","","","-14","","NA"
"-118.45","53.80","HENDRICKSON CREEK","3063135","2021-12-03 03:00","2021","12","03","03:00","-9.7","","-15.5","","63","","0.1","","29","","7","","","","85.34","","","","-14","","NA"
"-118.45","53.80","HENDRICKSON CREEK","3063135","2021-12-03 04:00","2021","12","03","04:00","-8.5","","-15.1","","59","","0.0","","28","","8","","","","85.37","","","","-13","","NA"
"-118.45","53.80","HENDRICKSON CREEK","3063135","2021-12-03 05:00","2021","12","03","05:00","-8.1","","-16.4","","51","","0.0","","27","","11","","","","85.37","","","","-13","","NA"
"-118.45","53.80","HENDRICKSON CREEK","3063135","2021-12-03 06:00","2021","12","03","06:00","-8.1","","-17.6","","47","","0.0","","28","","9","","","","85.39","","","","-13","","NA"
"-118.45","53.80","HENDRICKSON CREEK","3063135","2021-12-03 07:00","2021","12","03","07:00","-8.6","","-18.2","","46","","0.0","","29","","7","","","","85.38","","","","-12","","NA"
"-118.45","53.80","HENDRICKSON CREEK","3063135","2021-12-03 08:00","2021","12","03","08:00","-8.5","","-18.7","","43","","0.0","","27","","8","","","","85.37","","","","-13","","NA"
"-118.45","53.80","HENDRICKSON CREEK","3063135","2021-12-03 09:00","2021","12","03","09:00","-8.8","","-18.1","","47","","0.0","","28","","8","","","","85.38","","","","-13","","NA"
"-118.45","53.80","HENDRICKSON CREEK","3063135","2021-12-03 10:00","2021","12","03","10:00","-7.3","","-17.9","","43","","0.0","","26","","10","","","","85.39","","","","-12","","NA"
"-118.45","53.80","HENDRICKSON CREEK","3063135","2021-12-03 11:00","2021","12","03","11:00","-5.9","","-18.1","","37","","0.0","","25","","11","","","","85.41","","","","-11","","NA"
"-118.45","53.80","HENDRICKSON CREEK","3063135","2021-12-03 12:00","2021","12","03","12:00","-5.0","","-18.7","","33","","0.0","","25","","11","","","","85.40","","","","-10","","NA"
"-118.45","53.80","HENDRICKSON CREEK","3063135","2021-12-03 13:00","2021","12","03","13:00","-4.0","","-18.3","","32","","0.0","","25","","12","","","","85.39","","","","-9","","NA"
"-118.45","53.80","HENDRICKSON CREEK","3063135","2021-12-03 14:00","2021","12","03","14:00","-4.0","","-18.9","","30","","0.0","","28","","8","","","","85.35","","","","-7","","NA"
"-118.45","53.80","HENDRICKSON CREEK","3063135","2021-12-03 15:00","2021","12","03","15:00","-4.0","","-18.3","","32","","0.0","","24","","7","","","","85.33","","","","-7","","NA"
"-118.45","53.80","HENDRICKSON CREEK","3063135","2021-12-03 16:00","2021","12","03","16:00","-6.2","","-18.2","","38","","0.0","","26","","5","","","","85.33","","","","-9","","NA"
"-118.45","53.80","HENDRICKSON CREEK","3063135","2021-12-03 17:00","2021","12","03","17:00","-8.9","","-18.4","","46","","0.4","","27","","3","","","","85.33","","","","-11","","NA"
"-118.45","53.80","HENDRICKSON CREEK","3063135","2021-12-03 18:00","2021","12","03","18:00","-12.8","","-18.2","","64","","0.0","","32","","3","","","","85.27","","","","-15","","NA"
"-118.45","53.80","HENDRICKSON CREEK","3063135","2021-12-03 19:00","2021","12","03","19:00","-9.0","","-18.1","","48","","0.4","","28","","5","","","","85.23","","","","-12","","NA"
"-118.45","53.80","HENDRICKSON CREEK","3063135","2021-12-03 20:00","2021","12","03","20:00","-8.5","","-17.8","","47","","0.0","","28","","7","","","","85.22","","","","-12","","NA"
"-118.45","53.80","HENDRICKSON CREEK","3063135","2021-12-03 21:00","2021","12","03","21:00","-9.9","","-18.3","","50","","0.0","","26","","4","","","","85.19","","","","-12","","NA"
"-118.45","53.80","HENDRICKSON CREEK","3063135","2021-12-03 22:00","2021","12","03","22:00","-14.2","","-19.0","","67","","0.0","","33","","3","","","","85.14","","","","-16","","NA"
"-118.45","53.80","HENDRICKSON CREEK","3063135","2021-12-03 23:00","2021","12","03","23:00","-15.7","","-20.0","","70","","0.0","","30","","4","","","","85.09","","","","-19","","NA"
"-118.45","53.80","HENDRICKSON CREEK","3063135","2021-12-04 00:00","2021","12","04","00:00","-18.3","","-20.8","","81","","0.0","","33","","4","","","","85.04","","","","-22","","NA"
"-118.45","53.80","HENDRICKSON CREEK","3063135","2021-12-04 01:00","2021","12","04","01:00","-18.9","","-21.9","","77","","0.2","","29","","3","","","","85.00","","","","-21","","NA"
"-118.45","53.80","HENDRICKSON CREEK","3063135","2021-12-04 02:00","2021","12","04","02:00","-21.1","","-23.4","","81","","0.0","","28","","4","","","","84.94","","","","-25","","NA"
"-118.45","53.80","HENDRICKSON CREEK","3063135","2021-12-04 03:00","2021","12","04","03:00","-22.3","","-24.4","","83","","0.0","","29","","3","","","","84.84","","","","-25","","NA"
"-118.45","53.80","HENDRICKSON CREEK","3063135","2021-12-04 04:00","2021","12","04","04:00","-23.8","","-26.5","","79","","0.2","","27","","4","","","","84.78","","","","-28","","NA"
"-118.45","53.80","HENDRICKSON CREEK","3063135","2021-12-04 05:00","2021","12","04","05:00","-24.9","","-27.4","","80","","0.1","","28","","4","","","","84.71","","","","-29","","NA"
"-118.45","53.80","HENDRICKSON CREEK","3063135","2021-12-04 06:00","2021","12","04","06:00","-24.2","","-26.6","","80","","0.1","","29","","3","","","","84.65","","","","-27","","NA"
"-118.45","53.80","HENDRICKSON CREEK","3063135","2021-12-04 07:00","2021","12","04","07:00","-24.6","","-27.3","","79","","0.0","","27","","4","","","","84.59","","","","-29","","NA"
"-118.45","53.80","HENDRICKSON CREEK","3063135","2021-12-04 08:00","2021","12","04","08:00","-24.3","","-27.0","","78","","0.0","","29","","2","","","","84.51","","","","-26","","NA"
"-118.45","53.80","HENDRICKSON CREEK","3063135","2021-12-04 09:00","2021","12","04","09:00","-24.4","","-27.1","","78","","0.0","","27","","2","","","","84.45","","","","-26","","NA"
"-118.45","53.80","HENDRICKSON CREEK","3063135","2021-12-04 10:00","2021","12","04","10:00","-21.3","","-23.6","","82","","0.0","","32","","3","","","","84.42","","","","-24","","NA"
"-118.45","53.80","HENDRICKSON CREEK","3063135","2021-12-04 11:00","2021","12","04","11:00","-17.3","","-19.6","","82","","0.0","","29","","3","","","","84.39","","","","-20","","NA"
"-118.45","53.80","HENDRICKSON CREEK","3063135","2021-12-04 12:00","2021","12","04","12:00","-14.4","","-17.2","","79","","0.0","","25","","3","","","","84.39","","","","-17","","NA"
"-118.45","53.80","HENDRICKSON CREEK","3063135","2021-12-04 13:00","2021","12","04","13:00","-10.3","","-19.6","","46","","0.0","","24","","4","","","","84.39","","","","-13","","NA"
"-118.45","53.80","HENDRICKSON CREEK","3063135","2021-12-04 14:00","2021","12","04","14:00","-8.5","","-19.6","","41","","0.0","","30","","3","","","","84.37","","","","-10","","NA"
"-118.45","53.80","HENDRICKSON CREEK","3063135","2021-12-04 15:00","2021","12","04","15:00","-7.8","","-19.7","","38","","0.0","","32","","5","","","","84.38","","","","-10","","NA"
"-118.45","53.80","HENDRICKSON CREEK","3063135","2021-12-04 16:00","2021","12","04","16:00","-9.7","","-16.1","","60","","0.0","","27","","3","","","","84.40","","","","-11","","NA"
"-118.45","53.80","HENDRICKSON CREEK","3063135","2021-12-04 17:00","2021","12","04","17:00","-9.8","","-18.2","","50","","0.0","","31","","4","","","","84.45","","","","-12","","NA"
"-118.45","53.80","HENDRICKSON CREEK","3063135","2021-12-04 18:00","2021","12","04","18:00","-9.1","","-19.0","","44","","0.0","","32","","6","","","","84.48","","","","-12","","NA"
"-118.45","53.80","HENDRICKSON CREEK","3063135","2021-12-04 19:00","2021","12","04","19:00","-9.0","","-17.7","","49","","0.0","","30","","6","","","","84.50","","","","-12","","NA"
"-118.45","53.80","HENDRICKSON CREEK","3063135","2021-12-04 20:00","2021","12","04","20:00","-10.2","","-15.4","","66","","0.0","","28","","3","","","","84.52","","","","-12","","NA"
"-118.45","53.80","HENDRICKSON CREEK","3063135","2021-12-04 21:00","2021","12","04","21:00","-10.3","","-14.5","","72","","0.1","","29","","5","","","","84.59","","","","-13","","NA"
"-118.45","53.80","HENDRICKSON CREEK","3063135","2021-12-04 22:00","2021","12","04","22:00","-14.6","","-17.8","","77","","0.2","","36","","8","","","","84.74","","","","-20","","NA"
"-118.45","53.80","HENDRICKSON CREEK","3063135","2021-12-04 23:00","2021","12","04","23:00","-15.9","","-18.5","","81","","0.8","","30","","5","","","","84.86","","","","-20","","NA"
"-118.45","53.80","HENDRICKSON CREEK","3063135","2021-12-05 00:00","2021","12","05","00:00","-14.9","","-16.9","","84","","1.0","","29","","5","","","","84.93","","","","-18","","NA"
"-118.45","53.80","HENDRICKSON CREEK","3063135","2021-12-05 01:00","2021","12","05","01:00","-14.5","","-16.7","","83","","0.6","","31","","6","","","","85.02","","","","-19","","NA"
"-118.45","53.80","HENDRICKSON CREEK","3063135","2021-12-05 02:00","2021","12","05","02:00","-13.6","","-15.6","","85","","0.7","","31","","7","","","","85.10","","","","-18","","NA"
"-118.45","53.80","HENDRICKSON CREEK","3063135","2021-12-05 03:00","2021","12","05","03:00","-13.4","","-15.9","","82","","0.2","","31","","9","","","","85.19","","","","-19","","NA"
"-118.45","53.80","HENDRICKSON CREEK","3063135","2021-12-05 04:00","2021","12","05","04:00","-15.2","","-17.9","","79","","0.0","","28","","2","","","","85.25","","","","-17","","NA"
"-118.45","53.80","HENDRICKSON CREEK","3063135","2021-12-05 05:00","2021","12","05","05:00","-14.7","","-16.9","","83","","0.0","","30","","4","","","","85.32","","","","-18","","NA"
"-118.45","53.80","HENDRICKSON CREEK","3063135","2021-12-05 06:00","2021","12","05","06:00","-15.5","","-18.1","","80","","0.0","","31","","8","","","","85.47","","","","-21","","NA"
"-118.45","53.80","HENDRICKSON CREEK","3063135","2021-12-05 07:00","2021","12","05","07:00","-16.6","","-19.1","","81","","0.2","","30","","4","","","","85.54","","","","-20","","NA"
"-118.45","53.80","HENDRICKSON CREEK","3063135","2021-12-05 08:00","2021","12","05","08:00","-16.8","","-19.4","","80","","0.1","","23","","3","","","","85.59","","","","-19","","NA"
"-118.45","53.80","HENDRICKSON CREEK","3063135","2021-12-05 09:00","2021","12","05","09:00","-19.0","","-21.7","","79","","0.0","","31","","2","","","","85.66","","","","-21","","NA"
"-118.45","53.80","HENDRICKSON CREEK","3063135","2021-12-05 10:00","2021","12","05","10:00","-20.8","","-23.5","","79","","0.0","","29","","2","","","","85.69","","","","-23","","NA"
"-118.45","53.80","HENDRICKSON CREEK","3063135","2021-12-05 11:00","2021","12","05","11:00","-17.5","","-19.4","","85","","0.2","","30","","5","","","","85.76","","","","-21","","NA"
"-118.45","53.80","HENDRICKSON CREEK","3063135","2021-12-05 12:00","2021","12","05","12:00","-13.4","","-17.5","","71","","0.0","","32","","6","","","","85.74","","","","-17","","NA"
"-118.45","53.80","HENDRICKSON CREEK","3063135","2021-12-05 13:00","2021","12","05","13:00","-12.0","","-17.5","","63","","0.0","","29","","7","","","","85.72","","","","-16","","NA"
"-118.45","53.80","HENDRICKSON CREEK","3063135","2021-12-05 14:00","2021","12","05","14:00","-11.4","","-18.0","","58","","0.0","","28","","10","","","","85.70","","","","-17","","NA"
"-118.45","53.80","HENDRICKSON CREEK","3063135","2021-12-05 15:00","2021","12","05","15:00","-11.8","","-18.9","","55","","0.0","","28","","6","","","","85.64","","","","-16","","NA"
"-118.45","53.80","HENDRICKSON CREEK","3063135","2021-12-05 16:00","2021","12","05","16:00","-13.1","","-19.9","","57","","0.0","","27","","6","","","","85.63","","","","-17","","NA"
"-118.45","53.80","HENDRICKSON CREEK","3063135","2021-12-05 17:00","2021","12","05","17:00","-18.1","","-20.9","","79","","0.2","","34","","2","","","","85.59","","","","-20","","NA"
"-118.45","53.80","HENDRICKSON CREEK","3063135","2021-12-05 18:00","2021","12","05","18:00","-21.1","","-23.9","","78","","0.0","","","","0","","","","85.54","","","","","","NA"
"-118.45","53.80","HENDRICKSON CREEK","3063135","2021-12-05 19:00","2021","12","05","19:00","-22.6","","-25.5","","78","","0.3","","29","","3","","","","85.49","","","","-25","","NA"
"-118.45","53.80","HENDRICKSON CREEK","3063135","2021-12-05 20:00","2021","12","05","20:00","-23.2","","-25.6","","80","","0.2","","32","","5","","","","85.43","","","","-28","","NA"
"-118.45","53.80","HENDRICKSON CREEK","3063135","2021-12-05 21:00","2021","12","05","21:00","-21.7","","-23.9","","82","","0.0","","31","","4","","","","85.36","","","","-25","","NA"
"-118.45","53.80","HENDRICKSON CREEK","3063135","2021-12-05 22:00","2021","12","05","22:00","-19.2","","-21.8","","80","","0.0","","31","","5","","","","85.30","","","","-23","","NA"
"-118.45","53.80","HENDRICKSON CREEK","3063135","2021-12-05 23:00","2021","12","05","23:00","-18.9","","-21.4","","80","","0.0","","32","","6","","","","85.19","","","","-24","","NA"
"-118.45","53.80","HENDRICKSON CREEK","3063135","2021-12-06 00:00","2021","12","06","00:00","-20.0","","-22.3","","82","","0.0","","","","0","","","","85.16","","","","","","NA"
"-118.45","53.80","HENDRICKSON CREEK","3063135","2021-12-06 01:00","2021","12","06","01:00","-19.8","","-22.0","","82","","0.0","","9","","1","","","","85.05","","","","-21","","NA"
"-118.45","53.80","HENDRICKSON CREEK","3063135","2021-12-06 02:00","2021","12","06","02:00","-18.6","","-20.7","","84","","0.0","","15","","1","","","","84.96","","","","-19","","NA"
"-118.45","53.80","HENDRICKSON CREEK","3063135","2021-12-06 03:00","2021","12","06","03:00","-17.6","","-19.7","","84","","0.0","","28","","2","","","","84.87","","","","-19","","NA"
"-118.45","53.80","HENDRICKSON CREEK","3063135","2021-12-06 04:00","2021","12","06","04:00","-16.4","","-18.4","","85","","0.0","","31","","3","","","","84.79","","","","-19","","NA"
"-118.45","53.80","HENDRICKSON CREEK","3063135","2021-12-06 05:00","2021","12","06","05:00","-12.2","","-17.0","","68","","0.0","","31","","9","","","","84.77","","","","-17","","NA"
"-118.45","53.80","HENDRICKSON CREEK","3063135","2021-12-06 06:00","2021","12","06","06:00","-12.4","","-15.9","","75","","0.0","","32","","5","","","","84.73","","","","-16","","NA"
"-118.45","53.80","HENDRICKSON CREEK","3063135","2021-12-06 07:00","2021","12","06","07:00","-12.4","","-16.4","","72","","0.0","","28","","6","","","","84.70","","","","-16","","NA"
"-118.45","53.80","HENDRICKSON CREEK","3063135","2021-12-06 08:00","2021","12","06","08:00","-15.8","","-18.5","","80","","0.0","","0","","1","","","","84.61","","","","-17","","NA"
"-118.45","53.80","HENDRICKSON CREEK","3063135","2021-12-06 09:00","2021","12","06","09:00","-15.7","","-18.6","","78","","0.1","","31","","5","","","","84.59","","","","-19","","NA"
"-118.45","53.80","HENDRICKSON CREEK","3063135","2021-12-06 10:00","2021","12","06","10:00","-15.3","","-17.8","","81","","0.0","","32","","7","","","","84.57","","","","-20","","NA"
"-118.45","53.80","HENDRICKSON CREEK","3063135","2021-12-06 11:00","2021","12","06","11:00","-11.3","","-17.2","","62","","0.4","","30","","8","","","","84.55","","","","-16","","NA"
"-118.45","53.80","HENDRICKSON CREEK","3063135","2021-12-06 12:00","2021","12","06","12:00","-9.9","","-16.5","","58","","0.0","","31","","7","","","","84.49","","","","-14","","NA"
"-118.45","53.80","HENDRICKSON CREEK","3063135","2021-12-06 13:00","2021","12","06","13:00","-8.3","","-16.5","","52","","0.0","","29","","9","","","","84.41","","","","-13","","NA"
"-118.45","53.80","HENDRICKSON CREEK","3063135","2021-12-06 14:00","2021","12","06","14:00","-8.1","","-16.5","","51","","0.0","","29","","9","","","","84.41","","","","-13","","NA"
"-118.45","53.80","HENDRICKSON CREEK","3063135","2021-12-06 15:00","2021","12","06","15:00","-7.8","","-16.4","","50","","0.0","","28","","7","","","","84.40","","","","-11","","NA"
"-118.45","53.80","HENDRICKSON CREEK","3063135","2021-12-06 16:00","2021","12","06","16:00","-10.1","","-16.7","","58","","0.0","","29","","5","","","","84.36","","","","-13","","NA"
"-118.45","53.80","HENDRICKSON CREEK","3063135","2021-12-06 17:00","2021","12","06","17:00","-12.4","","-16.9","","69","","0.3","","31","","4","","","","84.33","","","","-15","","NA"
"-118.45","53.80","HENDRICKSON CREEK","3063135","2021-12-06 18:00","2021","12","06","18:00","-11.4","","-17.1","","63","","0.4","","31","","8","","","","84.31","","","","-16","","NA"
"-118.45","53.80","HENDRICKSON CREEK","3063135","2021-12-06 19:00","2021","12","06","19:00","-14.8","","-18.1","","76","","0.0","","31","","7","","","","84.32","","","","-20","","NA"
"-118.45","53.80","HENDRICKSON CREEK","3063135","2021-12-06 20:00","2021","12","06","20:00","-17.8","","-20.6","","79","","0.0","","30","","5","","","","84.27","","","","-22","","NA"
"-118.45","53.80","HENDRICKSON CREEK","3063135","2021-12-06 21:00","2021","12","06","21:00","-17.7","","-19.9","","83","","0.3","","30","","4","","","","84.27","","","","-21","","NA"
"-118.45","53.80","HENDRICKSON CREEK","3063135","2021-12-06 22:00","2021","12","06","22:00","-17.7","","-20.1","","82","","0.1","","28","","1","","","","84.21","","","","-18","","NA"
"-118.45","53.80","HENDRICKSON CREEK","3063135","2021-12-06 23:00","2021","12","06","23:00","-17.2","","-19.6","","82","","0.0","","33","","2","","","","84.07","","","","-19","","NA"
"-118.45","53.80","HENDRICKSON CREEK","3063135","2021-12-07 00:00","2021","12","07","00:00","-12.6","","-17.4","","67","","0.0","","33","","8","","","","84.06","","","","-18","","NA"
"-118.45","53.80","HENDRICKSON CREEK","3063135","2021-12-07 01:00","2021","12","07","01:00","-8.4","","-18.3","","45","","0.0","","31","","7","","","","84.09","","","","-12","","NA"
"-118.45","53.80","HENDRICKSON CREEK","3063135","2021-12-07 02:00","2021","12","07","02:00","-7.0","","-17.0","","45","","0.0","","32","","10","","","","84.05","","","","-12","","NA"
"-118.45","53.80","HENDRICKSON CREEK","3063135","2021-12-07 03:00","2021","12","07","03:00","-6.7","","-15.7","","49","","0.0","","32","","8","","","","84.05","","","","-11","","NA"
"-118.45","53.80","HENDRICKSON CREEK","3063135","2021-12-07 04:00","2021","12","07","04:00","-6.2","","-14.2","","53","","0.0","","31","","9","","","","84.06","","","","-10","","NA"
"-118.45","53.80","HENDRICKSON CREEK","3063135","2021-12-07 05:00","2021","12","07","05:00","-6.0","","-13.1","","57","","0.0","","32","","10","","","","84.02","","","","-10","","NA"
"-118.45","53.80","HENDRICKSON CREEK","3063135","2021-12-07 06:00","2021","12","07","06:00","-5.3","","-12.1","","59","","0.0","","32","","12","","","","84.01","","","","-10","","NA"
"-118.45","53.80","HENDRICKSON CREEK","3063135","2021-12-07 07:00","2021","12","07","07:00","-4.3","","-11.3","","58","","0.0","","30","","10","","","","83.95","","","","-8","","NA"
"-118.45","53.80","HENDRICKSON CREEK","3063135","2021-12-07 08:00","2021","12","07","08:00","-3.9","","-11.0","","58","","0.0","","31","","10","","","","83.97","","","","-8","","NA"
"-118.45","53.80","HENDRICKSON CREEK","3063135","2021-12-07 09:00","2021","12","07","09:00","-3.8","","-7.4","","76","","0.0","","28","","8","","","","83.97","","","","-7","","NA"
"-118.45","53.80","HENDRICKSON CREEK","3063135","2021-12-07 10:00","2021","12","07","10:00","-3.2","","-5.0","","88","","0.0","","30","","6","","","","83.97","","","","-6","","NA"
"-118.45","53.80","HENDRICKSON CREEK","3063135","2021-12-07 11:00","2021","12","07","11:00","-2.5","","-4.0","","90","","0.6","","29","","5","","","","83.91","","","","-4","","NA"
"-118.45","53.80","HENDRICKSON CREEK","3063135","2021-12-07 12:00","2021","12","07","12:00","-1.7","","-4.4","","82","","0.0","","30","","5","","","","83.82","","","","-4","","NA"
"-118.45","53.80","HENDRICKSON CREEK","3063135","2021-12-07 13:00","2021","12","07","13:00","-1.7","","-4.5","","81","","0.0","","30","","6","","","","83.75","","","","-4","","NA"
"-118.45","53.80","HENDRICKSON CREEK","3063135","2021-12-07 14:00","2021","12","07","14:00","-0.2","","-3.3","","79","","0.3","","27","","7","","","","83.70","","","","-3","","NA"
"-118.45","53.80","HENDRICKSON CREEK","3063135","2021-12-07 15:00","2021","12","07","15:00","0.8","","-3.0","","76","","0.0","","30","","5","","","","83.62","","","","","","NA"
"-118.45","53.80","HENDRICKSON CREEK","3063135","2021-12-07 16:00","2021","12","07","16:00","3.2","","-2.7","","65","","0.0","","28","","11","","","","83.56","","","","","","NA"
"-118.45","53.80","HENDRICKSON CREEK","3063135","2021-12-07 17:00","2021","12","07","17:00","3.8","","-3.1","","61","","0.0","","29","","10","","","","83.49","","","","","","NA"
"-118.45","53.80","HENDRICKSON CREEK","3063135","2021-12-07 18:00","2021","12","07","18:00","3.5","","-3.2","","61","","0.0","","32","","8","","","","83.41","","","","","","NA"
"-118.45","53.80","HENDRICKSON CREEK","3063135","2021-12-07 19:00","2021","12","07","19:00","0.4","","-2.3","","82","","0.0","","","","0","","","","83.33","","","","","","NA"
"-118.45","53.80","HENDRICKSON CREEK","3063135","2021-12-07 20:00","2021","12","07","20:00","0.0","","-2.6","","83","","0.0","","30","","4","","","","83.27","","","","-1","","NA"
"-118.45","53.80","HENDRICKSON CREEK","3063135","2021-12-07 21:00","2021","12","07","21:00","-1.4","","-3.0","","89","","0.0","","22","","2","","","","83.26","","","","-2","","NA"
"-118.45","53.80","HENDRICKSON CREEK","3063135","2021-12-07 22:00","2021","12","07","22:00","-1.4","","-3.2","","88","","0.1","","34","","4","","","","83.21","","","","-3","","NA"
"-118.45","53.80","HENDRICKSON CREEK","3063135","2021-12-07 23:00","2021","12","07","23:00","-2.0","","-3.6","","88","","0.0","","12","","5","","","","83.12","","","","-4","","NA"
"-118.45","53.80","HENDRICKSON CREEK","3063135","2021-12-08 00:00","2021","12","08","00:00","-2.2","","-3.7","","89","","0.0","","22","","1","","","","83.01","","","","-3","","NA"
"-118.45","53.80","HENDRICKSON CREEK","3063135","2021-12-08 01:00","2021","12","08","01:00","-3.1","","-4.4","","91","","0.0","","11","","3","","","","82.88","","","","-4","","NA"
"-118.45","53.80","HENDRICKSON CREEK","3063135","2021-12-08 02:00","2021","12","08","02:00","-3.4","","-4.8","","90","","0.1","","20","","1","","","","82.80","","","","-4","","NA"
"-118.45","53.80","HENDRICKSON CREEK","3063135","2021-12-08 03:00","2021","12","08","03:00","-3.1","","-4.5","","90","","0.0","","29","","3","","","","82.74","","","","-4","","NA"
"-118.45","53.80","HENDRICKSON CREEK","3063135","2021-12-08 04:00","2021","12","08","04:00","-3.3","","-4.5","","91","","0.0","","31","","3","","","","82.69","","","","-5","","NA"
"-118.45","53.80","HENDRICKSON CREEK","3063135","2021-12-08 05:00","2021","12","08","05:00","-2.1","","-3.6","","89","","0.0","","29","","6","","","","82.64","","","","-4","","NA"
"-118.45","53.80","HENDRICKSON CREEK","3063135","2021-12-08 06:00","2021","12","08","06:00","-1.6","","-3.7","","85","","0.2","","31","","10","","","","82.65","","","","-5","","NA"
"-118.45","53.80","HENDRICKSON CREEK","3063135","2021-12-08 07:00","2021","12","08","07:00","-1.4","","-5.8","","72","","0.0","","29","","13","","","","82.67","","","","-6","","NA"
"-118.45","53.80","HENDRICKSON CREEK","3063135","2021-12-08 08:00","2021","12","08","08:00","-2.7","","-8.0","","66","","0.0","","29","","21","","","","82.79","","","","-9","","NA"
"-118.45","53.80","HENDRICKSON CREEK","3063135","2021-12-08 09:00","2021","12","08","09:00","-4.2","","-13.5","","48","","0.0","","29","","18","","","","82.85","","","","-10","","NA"
"-118.45","53.80","HENDRICKSON CREEK","3063135","2021-12-08 10:00","2021","12","08","10:00","-5.3","","-15.2","","46","","0.0","","29","","18","","","","82.87","","","","-12","","NA"
"-118.45","53.80","HENDRICKSON CREEK","3063135","2021-12-08 11:00","2021","12","08","11:00","-5.6","","-14.1","","51","","0.0","","26","","20","","","","82.95","","","","-12","","NA"
"-118.45","53.80","HENDRICKSON CREEK","3063135","2021-12-08 12:00","2021","12","08","12:00","-5.2","","-15.3","","45","","0.0","","27","","16","","","","82.96","","","","-11","","NA"
"-118.45","53.80","HENDRICKSON CREEK","3063135","2021-12-08 13:00","2021","12","08","13:00","-4.4","","-15.9","","40","","0.0","","27","","14","","","","83.00","","","","-10","","NA"
"-118.45","53.80","HENDRICKSON CREEK","3063135","2021-12-08 14:00","2021","12","08","14:00","-4.7","","-15.9","","41","","0.0","","27","","17","","","","83.02","","","","-11","","NA"
"-118.45","53.80","HENDRICKSON CREEK","3063135","2021-12-08 15:00","2021","12","08","15:00","-6.7","","-14.2","","55","","0.0","","28","","11","","","","83.06","","","","-12","","NA"
"-118.45","53.80","HENDRICKSON CREEK","3063135","2021-12-08 16:00","2021","12","08","16:00","-7.2","","-14.0","","59","","0.3","","27","","8","","","","83.12","","","","-11","","NA"
"-118.45","53.80","HENDRICKSON CREEK","3063135","2021-12-08 17:00","2021","12","08","17:00","-7.7","","-14.0","","61","","0.2","","29","","12","","","","83.14","","","","-13","","NA"
"-118.45","53.80","HENDRICKSON CREEK","3063135","2021-12-08 18:00","2021","12","08","18:00","-8.4","","-15.4","","57","","0.1","","29","","8","","","","83.18","","","","-13","","NA"
"-118.45","53.80","HENDRICKSON CREEK","3063135","2021-12-08 19:00","2021","12","08","19:00","-7.8","","-15.8","","53","","0.0","","27","","15","","","","83.19","","","","-14","","NA"
"-118.45","53.80","HENDRICKSON CREEK","3063135","2021-12-08 20:00","2021","12","08","20:00","-7.6","","-16.0","","51","","0.0","","28","","14","","","","83.20","","","","-14","","NA"
"-118.45","53.80","HENDRICKSON CREEK","3063135","2021-12-08 21:00","2021","12","08","21:00","-7.5","","-16.4","","49","","0.0","","27","","15","","","","83.21","","","","-14","","NA"
"-118.45","53.80","HENDRICKSON CREEK","3063135","2021-12-08 22:00","2021","12","08","22:00","-7.4","","-16.1","","49","","0.0","","26","","14","","","","83.18","","","","-13","","NA"
"-118.45","53.80","HENDRICKSON CREEK","3063135","2021-12-08 23:00","2021","12","08","23:00","-7.4","","-15.8","","51","","0.0","","26","","17","","","","83.21","","","","-14","","NA"
"-118.45","53.80","HENDRICKSON CREEK","3063135","2021-12-09 00:00","2021","12","09","00:00","-7.4","","-16.2","","49","","0.0","","28","","14","","","","83.24","","","","-13","","NA"
"-118.45","53.80","HENDRICKSON CREEK","3063135","2021-12-09 01:00","2021","12","09","01:00","-7.4","","-15.7","","52","","0.0","","27","","14","","","","83.23","","","","-13","","NA"
"-118.45","53.80","HENDRICKSON CREEK","3063135","2021-12-09 02:00","2021","12","09","02:00","-7.8","","-15.7","","53","","0.0","","27","","14","","","","83.23","","","","-14","","NA"
"-118.45","53.80","HENDRICKSON CREEK","3063135","2021-12-09 03:00","2021","12","09","03:00","-7.8","","-16.1","","51","","0.0","","28","","14","","","","83.23","","","","-14","","NA"
"-118.45","53.80","HENDRICKSON CREEK","3063135","2021-12-09 04:00","2021","12","09","04:00","-7.7","","-17.2","","46","","0.0","","28","","15","","","","83.22","","","","-14","","NA"
"-118.45","53.80","HENDRICKSON CREEK","3063135","2021-12-09 05:00","2021","12","09","05:00","-8.0","","-17.5","","47","","0.0","","28","","11","","","","83.23","","","","-13","","NA"
"-118.45","53.80","HENDRICKSON CREEK","3063135","2021-12-09 06:00","2021","12","09","06:00","-7.9","","-17.8","","45","","0.0","","27","","13","","","","83.23","","","","-14","","NA"
"-118.45","53.80","HENDRICKSON CREEK","3063135","2021-12-09 07:00","2021","12","09","07:00","-7.8","","-17.6","","46","","0.0","","28","","14","","","","83.25","","","","-14","","NA"
"-118.45","53.80","HENDRICKSON CREEK","3063135","2021-12-09 08:00","2021","12","09","08:00","-8.0","","-18.0","","44","","0.0","","27","","13","","","","83.28","","","","-14","","NA"
"-118.45","53.80","HENDRICKSON CREEK","3063135","2021-12-09 09:00","2021","12","09","09:00","-7.8","","-17.8","","45","","0.0","","26","","15","","","","83.31","","","","-14","","NA"
"-118.45","53.80","HENDRICKSON CREEK","3063135","2021-12-09 10:00","2021","12","09","10:00","-7.6","","-18.1","","43","","0.0","","27","","12","","","","83.35","","","","-13","","NA"
"-118.45","53.80","HENDRICKSON CREEK","3063135","2021-12-09 11:00","2021","12","09","11:00","-6.9","","-17.8","","41","","0.0","","26","","13","","","","83.37","","","","-12","","NA"
"-118.45","53.80","HENDRICKSON CREEK","3063135","2021-12-09 12:00","2021","12","09","12:00","-6.4","","-17.7","","40","","0.0","","26","","15","","","","83.42","","","","-12","","NA"
"-118.45","53.80","HENDRICKSON CREEK","3063135","2021-12-09 13:00","2021","12","09","13:00","-6.0","","-17.7","","39","","0.0","","27","","14","","","","83.44","","","","-12","","NA"
"-118.45","53.80","HENDRICKSON CREEK","3063135","2021-12-09 14:00","2021","12","09","14:00","-6.6","","-17.8","","40","","0.0","","28","","14","","","","83.43","","","","-12","","NA"
"-118.45","53.80","HENDRICKSON CREEK","3063135","2021-12-09 15:00","2021","12","09","15:00","-6.7","","-17.0","","44","","0.2","","28","","10","","","","83.44","","","","-11","","NA"
"-118.45","53.80","HENDRICKSON CREEK","3063135","2021-12-09 16:00","2021","12","09","16:00","-7.6","","-16.8","","48","","0.0","","28","","10","","","","83.46","","","","-12","","NA"
"-118.45","53.80","HENDRICKSON CREEK","3063135","2021-12-09 17:00","2021","12","09","17:00","-8.0","","-15.8","","53","","0.2","","28","","12","","","","83.48","","","","-13","","NA"
"-118.45","53.80","HENDRICKSON CREEK","3063135","2021-12-09 18:00","2021","12","09","18:00","-7.3","","-15.9","","50","","0.0","","27","","15","","","","83.52","","","","-13","","NA"
"-118.45","53.80","HENDRICKSON CREEK","3063135","2021-12-09 19:00","2021","12","09","19:00","-8.0","","-16.6","","50","","0.0","","28","","10","","","","83.54","","","","-13","","NA"
"-118.45","53.80","HENDRICKSON CREEK","3063135","2021-12-09 20:00","2021","12","09","20:00","-7.4","","-16.3","","49","","0.0","","27","","10","","","","83.58","","","","-12","","NA"
"-118.45","53.80","HENDRICKSON CREEK","3063135","2021-12-09 21:00","2021","12","09","21:00","-8.1","","-16.7","","50","","0.0","","27","","12","","","","83.60","","","","-14","","NA"
"-118.45","53.80","HENDRICKSON CREEK","3063135","2021-12-09 22:00","2021","12","09","22:00","-8.5","","-16.7","","51","","0.0","","28","","8","","","","83.59","","","","-13","","NA"
"-118.45","53.80","HENDRICKSON CREEK","3063135","2021-12-09 23:00","2021","12","09","23:00","-7.4","","-16.3","","49","","0.0","","28","","11","","","","83.58","","","","-12","","NA"
"-118.45","53.80","HENDRICKSON CREEK","3063135","2021-12-10 00:00","2021","12","10","00:00","-6.9","","-16.0","","48","","0.0","","26","","11","","","","83.63","","","","-12","","NA"
"-118.45","53.80","HENDRICKSON CREEK","3063135","2021-12-10 01:00","2021","12","10","01:00","-7.5","","-16.7","","48","","0.0","","28","","9","","","","83.62","","","","-12","","NA"
"-118.45","53.80","HENDRICKSON CREEK","3063135","2021-12-10 02:00","2021","12","10","02:00","-7.0","","-17.3","","44","","0.0","","27","","10","","","","83.57","","","","-12","","NA"
"-118.45","53.80","HENDRICKSON CREEK","3063135","2021-12-10 03:00","2021","12","10","03:00","-7.7","","-17.0","","47","","0.0","","26","","7","","","","83.59","","","","-11","","NA"
"-118.45","53.80","HENDRICKSON CREEK","3063135","2021-12-10 04:00","2021","12","10","04:00","-13.6","","-18.0","","69","","0.0","","26","","4","","","","83.56","","","","-16","","NA"
"-118.45","53.80","HENDRICKSON CREEK","3063135","2021-12-10 05:00","2021","12","10","05:00","-10.9","","-15.6","","68","","0.3","","32","","8","","","","83.50","","","","-16","","NA"
"-118.45","53.80","HENDRICKSON CREEK","3063135","2021-12-10 06:00","2021","12","10","06:00","-6.9","","-14.9","","53","","0.4","","28","","11","","","","83.45","","","","-12","","NA"
"-118.45","53.80","HENDRICKSON CREEK","3063135","2021-12-10 07:00","2021","12","10","07:00","-6.6","","-15.9","","48","","0.0","","28","","11","","","","83.45","","","","-12","","NA"
"-118.45","53.80","HENDRICKSON CREEK","3063135","2021-12-10 08:00","2021","12","10","08:00","-6.2","","-16.2","","45","","0.0","","28","","10","","","","83.40","","","","-11","","NA"
"-118.45","53.80","HENDRICKSON CREEK","3063135","2021-12-10 09:00","2021","12","10","09:00","-5.0","","-16.2","","41","","0.0","","27","","14","","","","83.39","","","","-10","","NA"
"-118.45","53.80","HENDRICKSON CREEK","3063135","2021-12-10 10:00","2021","12","10","10:00","-4.7","","-15.8","","42","","0.0","","28","","9","","","","83.41","","","","-9","","NA"
"-118.45","53.80","HENDRICKSON CREEK","3063135","2021-12-10 11:00","2021","12","10","11:00","-3.9","","-15.7","","39","","0.0","","27","","14","","","","83.40","","","","-9","","NA"
"-118.45","53.80","HENDRICKSON CREEK","3063135","2021-12-10 12:00","2021","12","10","12:00","-3.2","","-15.7","","37","","0.0","","29","","9","","","","83.33","","","","-7","","NA"
"-118.45","53.80","HENDRICKSON CREEK","3063135","2021-12-10 13:00","2021","12","10","13:00","-3.2","","-14.9","","40","","0.0","","26","","5","","","","83.26","","","","-5","","NA"
"-118.45","53.80","HENDRICKSON CREEK","3063135","2021-12-10 14:00","2021","12","10","14:00","-3.1","","-14.4","","41","","0.0","","27","","7","","","","83.28","","","","-6","","NA"
"-118.45","53.80","HENDRICKSON CREEK","3063135","2021-12-10 15:00","2021","12","10","15:00","-1.7","","-14.6","","37","","0.0","","25","","13","","","","83.23","","","","-6","","NA"
"-118.45","53.80","HENDRICKSON CREEK","3063135","2021-12-10 16:00","2021","12","10","16:00","-3.5","","-14.6","","42","","0.0","","26","","4","","","","83.24","","","","-5","","NA"
"-118.45","53.80","HENDRICKSON CREEK","3063135","2021-12-10 17:00","2021","12","10","17:00","-5.8","","-14.2","","52","","0.0","","16","","5","","","","83.15","","","","-8","","NA"
"-118.45","53.80","HENDRICKSON CREEK","3063135","2021-12-10 18:00","2021","12","10","18:00","-5.6","","-13.5","","54","","0.2","","16","","6","","","","83.03","","","","-8","","NA"
"-118.45","53.80","HENDRICKSON CREEK","3063135","2021-12-10 19:00","2021","12","10","19:00","-2.5","","-13.2","","43","","0.0","","22","","10","","","","82.93","","","","-6","","NA"
"-118.45","53.80","HENDRICKSON CREEK","3063135","2021-12-10 20:00","2021","12","10","20:00","-2.0","","-13.6","","40","","0.0","","22","","11","","","","82.82","","","","-6","","NA"
"-118.45","53.80","HENDRICKSON CREEK","3063135","2021-12-10 21:00","2021","12","10","21:00","-2.3","","-13.6","","42","","0.0","","21","","8","","","","82.72","","","","-5","","NA"
"-118.45","53.80","HENDRICKSON CREEK","3063135","2021-12-10 22:00","2021","12","10","22:00","-2.3","","-13.9","","41","","0.0","","24","","5","","","","82.58","","","","-4","","NA"
"-118.45","53.80","HENDRICKSON CREEK","3063135","2021-12-10 23:00","2021","12","10","23:00","-1.3","","-13.6","","38","","0.0","","24","","9","","","","82.47","","","","-5","","NA"
"-118.45","53.80","HENDRICKSON CREEK","3063135","2021-12-11 00:00","2021","12","11","00:00","-1.0","","-13.1","","39","","0.0","","23","","17","","","","82.38","","","","-6","","NA"
"-118.45","53.80","HENDRICKSON CREEK","3063135","2021-12-11 01:00","2021","12","11","01:00","-1.0","","-13.1","","39","","0.0","","23","","11","","","","82.26","","","","-5","","NA"
"-118.45","53.80","HENDRICKSON CREEK","3063135","2021-12-11 02:00","2021","12","11","02:00","-0.8","","-13.1","","39","","0.0","","23","","15","","","","82.17","","","","-5","","NA"
"-118.45","53.80","HENDRICKSON CREEK","3063135","2021-12-11 03:00","2021","12","11","03:00","-1.7","","-12.4","","44","","0.0","","24","","8","","","","82.11","","","","-5","","NA"
"-118.45","53.80","HENDRICKSON CREEK","3063135","2021-12-11 04:00","2021","12","11","04:00","-2.9","","-11.7","","50","","0.0","","15","","4","","","","82.04","","","","-4","","NA"
"-118.45","53.80","HENDRICKSON CREEK","3063135","2021-12-11 05:00","2021","12","11","05:00","-5.4","","-11.4","","63","","0.0","","11","","7","","","","81.93","","","","-9","","NA"
"-118.45","53.80","HENDRICKSON CREEK","3063135","2021-12-11 06:00","2021","12","11","06:00","-4.7","","-9.9","","67","","0.2","","11","","7","","","","81.86","","","","-8","","NA"
"-118.45","53.80","HENDRICKSON CREEK","3063135","2021-12-11 07:00","2021","12","11","07:00","-4.6","","-9.2","","70","","0.0","","12","","4","","","","81.86","","","","-6","","NA"
"-118.45","53.80","HENDRICKSON CREEK","3063135","2021-12-11 08:00","2021","12","11","08:00","-5.0","","-7.3","","84","","0.1","","29","","7","","","","82.00","","","","-8","","NA"
"-118.45","53.80","HENDRICKSON CREEK","3063135","2021-12-11 09:00","2021","12","11","09:00","-5.7","","-7.2","","89","","3.1","","28","","12","","","","82.09","","","","-11","","NA"
"-118.45","53.80","HENDRICKSON CREEK","3063135","2021-12-11 10:00","2021","12","11","10:00","-6.1","","-10.1","","73","","0.0","","30","","13","","","","82.14","","","","-11","","NA"
"-118.45","53.80","HENDRICKSON CREEK","3063135","2021-12-11 11:00","2021","12","11","11:00","-6.3","","-10.6","","71","","0.0","","27","","10","","","","82.21","","","","-11","","NA"
"-118.45","53.80","HENDRICKSON CREEK","3063135","2021-12-11 12:00","2021","12","11","12:00","-5.7","","-10.5","","69","","0.0","","27","","9","","","","82.23","","","","-10","","NA"
"-118.45","53.80","HENDRICKSON CREEK","3063135","2021-12-11 13:00","2021","12","11","13:00","-5.4","","-10.6","","67","","0.0","","26","","7","","","","82.24","","","","-9","","NA"
"-118.45","53.80","HENDRICKSON CREEK","3063135","2021-12-11 14:00","2021","12","11","14:00","-5.3","","-11.8","","60","","0.0","","26","","8","","","","82.23","","","","-9","","NA"
"-118.45","53.80","HENDRICKSON CREEK","3063135","2021-12-11 15:00","2021","12","11","15:00","-5.8","","-12.9","","57","","0.0","","29","","8","","","","82.27","","","","-10","","NA"
"-118.45","53.80","HENDRICKSON CREEK","3063135","2021-12-11 16:00","2021","12","11","16:00","-8.6","","-11.3","","81","","0.0","","35","","2","","","","82.29","","","","-10","","NA"
"-118.45","53.80","HENDRICKSON CREEK","3063135","2021-12-11 17:00","2021","12","11","17:00","-10.6","","-12.5","","86","","0.0","","","","0","","","","82.25","","","","","","NA"
"-118.45","53.80","HENDRICKSON CREEK","3063135","2021-12-11 18:00","2021","12","11","18:00","-12.6","","-14.4","","86","","0.3","","31","","2","","","","82.29","","","","-14","","NA"
"-118.45","53.80","HENDRICKSON CREEK","3063135","2021-12-11 19:00","2021","12","11","19:00","-16.1","","-18.3","","83","","0.0","","31","","2","","","","82.27","","","","-18","","NA"
"-118.45","53.80","HENDRICKSON CREEK","3063135","2021-12-11 20:00","2021","12","11","20:00","-18.9","","-21.3","","82","","0.0","","27","","3","","","","82.29","","","","-21","","NA"
"-118.45","53.80","HENDRICKSON CREEK","3063135","2021-12-11 21:00","2021","12","11","21:00","-19.6","","-21.9","","82","","0.3","","29","","2","","","","82.25","","","","-21","","NA"
"-118.45","53.80","HENDRICKSON CREEK","3063135","2021-12-11 22:00","2021","12","11","22:00","-17.7","","-19.6","","85","","0.3","","28","","3","","","","82.28","","","","-20","","NA"
"-118.45","53.80","HENDRICKSON CREEK","3063135","2021-12-11 23:00","2021","12","11","23:00","-16.0","","-17.8","","86","","0.0","","29","","4","","","","82.26","","","","-19","","NA"
"-118.45","53.80","HENDRICKSON CREEK","3063135","2021-12-12 00:00","2021","12","12","00:00","-15.2","","-17.0","","86","","0.0","","26","","1","","","","82.29","","","","-16","","NA"
"-118.45","53.80","HENDRICKSON CREEK","3063135","2021-12-12 01:00","2021","12","12","01:00","-14.7","","-16.4","","87","","0.0","","27","","3","","","","82.34","","","","-17","","NA"
"-118.45","53.80","HENDRICKSON CREEK","3063135","2021-12-12 02:00","2021","12","12","02:00","-14.4","","-16.2","","86","","0.0","","26","","2","","","","82.40","","","","-16","","NA"
"-118.45","53.80","HENDRICKSON CREEK","3063135","2021-12-12 03:00","2021","12","12","03:00","-7.5","","-12.5","","67","","0.0","","28","","7","","","","82.46","","","","-11","","NA"
"-118.45","53.80","HENDRICKSON CREEK","3063135","2021-12-12 04:00","2021","12","12","04:00","-8.1","","-12.4","","71","","0.0","","28","","3","","","","82.46","","","","-10","","NA"
"-118.45","53.80","HENDRICKSON CREEK","3063135","2021-12-12 05:00","2021","12","12","05:00","-14.6","","-16.5","","85","","0.0","","30","","3","","","","82.54","","","","-17","","NA"
"-118.45","53.80","HENDRICKSON CREEK","3063135","2021-12-12 06:00","2021","12","12","06:00","-17.5","","-19.1","","87","","0.0","","29","","3","","","","82.58","","","","-20","","NA"
"-118.45","53.80","HENDRICKSON CREEK","3063135","2021-12-12 07:00","2021","12","12","07:00","-20.2","","-22.6","","81","","0.3","","27","","4","","","","82.65","","","","-24","","NA"
"-118.45","53.80","HENDRICKSON CREEK","3063135","2021-12-12 08:00","2021","12","12","08:00","-21.6","","-24.0","","81","","0.0","","27","","3","","","","82.66","","","","-24","","NA"
"-118.45","53.80","HENDRICKSON CREEK","3063135","2021-12-12 09:00","2021","12","12","09:00","-22.1","","-24.4","","81","","0.0","","29","","2","","","","82.70","","","","-24","","NA"
"-118.45","53.80","HENDRICKSON CREEK","3063135","2021-12-12 10:00","2021","12","12","10:00","-22.3","","-24.7","","81","","0.2","","33","","2","","","","82.77","","","","-24","","NA"
"-118.45","53.80","HENDRICKSON CREEK","3063135","2021-12-12 11:00","2021","12","12","11:00","-18.1","","-20.1","","84","","0.0","","26","","3","","","","82.88","","","","-21","","NA"
"-118.45","53.80","HENDRICKSON CREEK","3063135","2021-12-12 12:00","2021","12","12","12:00","-14.5","","-16.4","","85","","0.0","","30","","2","","","","82.92","","","","-16","","NA"
"-118.45","53.80","HENDRICKSON CREEK","3063135","2021-12-12 13:00","2021","12","12","13:00","-7.4","","-12.1","","69","","0.0","","27","","3","","","","82.94","","","","-9","","NA"
"-118.45","53.80","HENDRICKSON CREEK","3063135","2021-12-12 14:00","2021","12","12","14:00","-6.6","","-13.0","","61","","0.0","","11","","8","","","","83.03","","","","-10","","NA"
"-118.45","53.80","HENDRICKSON CREEK","3063135","2021-12-12 15:00","2021","12","12","15:00","-6.1","","-12.1","","63","","0.0","","15","","4","","","","83.05","","","","-8","","NA"
"-118.45","53.80","HENDRICKSON CREEK","3063135","2021-12-12 16:00","2021","12","12","16:00","-9.6","","-13.0","","77","","0.0","","14","","1","","","","83.14","","","","-10","","NA"
"-118.45","53.80","HENDRICKSON CREEK","3063135","2021-12-12 17:00","2021","12","12","17:00","-14.6","","-16.8","","83","","0.0","","28","","3","","","","83.25","","","","-17","","NA"
"-118.45","53.80","HENDRICKSON CREEK","3063135","2021-12-12 18:00","2021","12","12","18:00","-18.4","","-20.5","","83","","0.3","","32","","3","","","","83.34","","","","-21","","NA"
"-118.45","53.80","HENDRICKSON CREEK","3063135","2021-12-12 19:00","2021","12","12","19:00","-20.3","","-22.7","","81","","0.3","","27","","4","","","","83.38","","","","-24","","NA"
"-118.45","53.80","HENDRICKSON CREEK","3063135","2021-12-12 20:00","2021","12","12","20:00","-22.3","","-24.7","","81","","0.0","","25","","2","","","","83.42","","","","-24","","NA"
"-118.45","53.80","HENDRICKSON CREEK","3063135","2021-12-12 21:00","2021","12","12","21:00","-22.8","","-25.1","","82","","0.2","","30","","3","","","","83.48","","","","-26","","NA"
"-118.45","53.80","HENDRICKSON CREEK","3063135","2021-12-12 22:00","2021","12","12","22:00","-24.4","","-27.2","","78","","0.0","","0","","1","","","","83.53","","","","-25","","NA"
"-118.45","53.80","HENDRICKSON CREEK","3063135","2021-12-12 23:00","2021","12","12","23:00","-25.3","","-28.0","","78","","0.1","","27","","3","","","","83.57","","","","-28","","NA"
"-118.45","53.80","HENDRICKSON CREEK","3063135","2021-12-13 00:00","2021","12","13","00:00","-25.1","","-28.0","","77","","0.1","","27","","1","","","","83.60","","","","-26","","NA"
"-118.45","53.80","HENDRICKSON CREEK","3063135","2021-12-13 01:00","2021","12","13","01:00","-25.1","","-28.0","","77","","0.0","","29","","2","","","","83.65","","","","-27","","NA"
"-118.45","53.80","HENDRICKSON CREEK","3063135","2021-12-13 02:00","2021","12","13","02:00","-22.1","","-24.4","","81","","0.0","","28","","2","","","","83.68","","","","-24","","NA"
"-118.45","53.80","HENDRICKSON CREEK","3063135","2021-12-13 03:00","2021","12","13","03:00","-20.6","","-23.1","","80","","0.0","","0","","1","","","","83.71","","","","-21","","NA"
"-118.45","53.80","HENDRICKSON CREEK","3063135","2021-12-13 04:00","2021","12","13","04:00","-18.3","","-20.3","","84","","0.0","","0","","1","","","","83.75","","","","-19","","NA"
"-118.45","53.80","HENDRICKSON CREEK","3063135","2021-12-13 05:00","2021","12","13","05:00","-17.0","","-19.2","","83","","0.0","","","","0","","","","83.82","","","","","","NA"
"-118.45","53.80","HENDRICKSON CREEK","3063135","2021-12-13 06:00","2021","12","13","06:00","-16.7","","-19.0","","82","","0.0","","0","","1","","","","83.88","","","","-17","","NA"
"-118.45","53.80","HENDRICKSON CREEK","3063135","2021-12-13 07:00","2021","12","13","07:00","-17.1","","-18.8","","87","","0.0","","28","","4","","","","83.94","","","","-20","","NA"
"-118.45","53.80","HENDRICKSON CREEK","3063135","2021-12-13 08:00","2021","12","13","08:00","-15.7","","-18.0","","83","","0.0","","30","","4","","","","84.03","","","","-19","","NA"
"-118.45","53.80","HENDRICKSON CREEK","3063135","2021-12-13 09:00","2021","12","13","09:00","-16.3","","-18.9","","80","","0.0","","30","","4","","","","84.13","","","","-19","","NA"
"-118.45","53.80","HENDRICKSON CREEK","3063135","2021-12-13 10:00","2021","12","13","10:00","-16.6","","-19.2","","80","","0.0","","30","","2","","","","84.22","","","","-18","","NA"
"-118.45","53.80","HENDRICKSON CREEK","3063135","2021-12-13 11:00","2021","12","13","11:00","-16.9","","-19.6","","79","","0.0","","33","","5","","","","84.23","","","","-21","","NA"
"-118.45","53.80","HENDRICKSON CREEK","3063135","2021-12-13 12:00","2021","12","13","12:00","-17.5","","-20.7","","76","","0.0","","36","","5","","","","84.25","","","","-21","","NA"
"-118.45","53.80","HENDRICKSON CREEK","3063135","2021-12-13 13:00","2021","12","13","13:00","-18.0","","-20.9","","78","","0.0","","1","","4","","","","84.26","","","","-21","","NA"
"-118.45","53.80","HENDRICKSON CREEK","3063135","2021-12-13 14:00","2021","12","13","14:00","-18.5","","-20.8","","83","","0.0","","3","","4","","","","84.25","","","","-22","","NA"
"-118.45","53.80","HENDRICKSON CREEK","3063135","2021-12-13 15:00","2021","12","13","15:00","-18.6","","-21.4","","79","","0.6","","34","","2","","","","84.25","","","","-20","","NA"
"-118.45","53.80","HENDRICKSON CREEK","3063135","2021-12-13 16:00","2021","12","13","16:00","-18.8","","-22.1","","75","","0.8","","32","","3","","","","84.31","","","","-21","","NA"
"-118.45","53.80","HENDRICKSON CREEK","3063135","2021-12-13 17:00","2021","12","13","17:00","-19.5","","-22.6","","76","","0.1","","0","","1","","","","84.32","","","","-20","","NA"
"-118.45","53.80","HENDRICKSON CREEK","3063135","2021-12-13 18:00","2021","12","13","18:00","-22.3","","-25.2","","77","","0.0","","34","","1","","","","84.36","","","","-23","","NA"
"-118.45","53.80","HENDRICKSON CREEK","3063135","2021-12-13 19:00","2021","12","13","19:00","-22.4","","-25.0","","80","","0.2","","0","","1","","","","84.39","","","","-23","","NA"
"-118.45","53.80","HENDRICKSON CREEK","3063135","2021-12-13 20:00","2021","12","13","20:00","-20.9","","-23.4","","81","","0.0","","0","","1","","","","84.37","","","","-22","","NA"
"-118.45","53.80","HENDRICKSON CREEK","3063135","2021-12-13 21:00","2021","12","13","21:00","-20.7","","-23.7","","77","","0.0","","7","","1","","","","84.38","","","","-22","","NA"
"-118.45","53.80","HENDRICKSON CREEK","3063135","2021-12-13 22:00","2021","12","13","22:00","-20.9","","-23.8","","78","","0.0","","7","","3","","","","84.41","","","","-24","","NA"
"-118.45","53.80","HENDRICKSON CREEK","3063135","2021-12-13 23:00","2021","12","13","23:00","-21.0","","-23.9","","77","","0.0","","7","","2","","","","84.30","","","","-23","","NA"
"-118.45","53.80","HENDRICKSON CREEK","3063135","2021-12-14 00:00","2021","12","14","00:00","-21.1","","-24.1","","77","","0.0","","1","","3","","","","84.27","","","","-24","","NA"
"-118.45","53.80","HENDRICKSON CREEK","3063135","2021-12-14 01:00","2021","12","14","01:00","-21.5","","-24.3","","78","","0.0","","34","","4","","","","84.25","","","","-25","","NA"
"-118.45","53.80","HENDRICKSON CREEK","3063135","2021-12-14 02:00","2021","12","14","02:00","-21.6","","-24.8","","76","","0.2","","8","","3","","","","84.26","","","","-24","","NA"
"-118.45","53.80","HENDRICKSON CREEK","3063135","2021-12-14 03:00","2021","12","14","03:00","-21.7","","-24.8","","76","","0.2","","20","","2","","","","84.21","","","","-24","","NA"
"-118.45","53.80","HENDRICKSON CREEK","3063135","2021-12-14 04:00","2021","12","14","04:00","-21.7","","-25.1","","74","","0.1","","","","0","","","","84.09","","","","","","NA"
"-118.45","53.80","HENDRICKSON CREEK","3063135","2021-12-14 05:00","2021","12","14","05:00","-21.7","","-25.4","","72","","0.0","","35","","2","","","","84.05","","","","-24","","NA"
"-118.45","53.80","HENDRICKSON CREEK","3063135","2021-12-14 06:00","2021","12","14","06:00","-22.1","","-25.3","","75","","0.6","","31","","4","","","","84.00","","","","-26","","NA"
"-118.45","53.80","HENDRICKSON CREEK","3063135","2021-12-14 07:00","2021","12","14","07:00","-22.2","","-25.2","","76","","0.9","","31","","2","","","","84.00","","","","-24","","NA"
"-118.45","53.80","HENDRICKSON CREEK","3063135","2021-12-14 08:00","2021","12","14","08:00","-22.3","","-25.5","","75","","0.5","","33","","2","","","","83.97","","","","-24","","NA"
"-118.45","53.80","HENDRICKSON CREEK","3063135","2021-12-14 09:00","2021","12","14","09:00","-22.4","","-25.5","","76","","0.6","","33","","1","","","","83.95","","","","-23","","NA"
"-118.45","53.80","HENDRICKSON CREEK","3063135","2021-12-14 10:00","2021","12","14","10:00","-22.3","","-25.5","","75","","0.3","","30","","3","","","","83.95","","","","-25","","NA"
"-118.45","53.80","HENDRICKSON CREEK","3063135","2021-12-14 11:00","2021","12","14","11:00","-22.1","","-25.4","","75","","0.0","","31","","6","","","","83.94","","","","-27","","NA"
"-118.45","53.80","HENDRICKSON CREEK","3063135","2021-12-14 12:00","2021","12","14","12:00","-22.0","","-25.6","","73","","0.0","","30","","8","","","","83.91","","","","-29","","NA"
"-118.45","53.80","HENDRICKSON CREEK","3063135","2021-12-14 13:00","2021","12","14","13:00","-21.6","","-25.2","","73","","0.0","","31","","6","","","","83.85","","","","-27","","NA"
"-118.45","53.80","HENDRICKSON CREEK","3063135","2021-12-14 14:00","2021","12","14","14:00","-19.4","","-23.8","","68","","0.0","","28","","4","","","","83.85","","","","-23","","NA"
"-118.45","53.80","HENDRICKSON CREEK","3063135","2021-12-14 15:00","2021","12","14","15:00","-19.6","","-23.8","","69","","0.0","","31","","4","","","","83.85","","","","-23","","NA"
"-118.45","53.80","HENDRICKSON CREEK","3063135","2021-12-14 16:00","2021","12","14","16:00","-21.2","","-24.5","","75","","0.0","","31","","4","","","","83.88","","","","-25","","NA"
"-118.45","53.80","HENDRICKSON CREEK","3063135","2021-12-14 17:00","2021","12","14","17:00","-24.2","","-27.1","","77","","0.0","","32","","4","","","","83.89","","","","-28","","NA"
"-118.45","53.80","HENDRICKSON CREEK","3063135","2021-12-14 18:00","2021","12","14","18:00","-28.1","","-31.4","","73","","0.3","","33","","2","","","","83.92","","","","-30","","NA"
"-118.45","53.80","HENDRICKSON CREEK","3063135","2021-12-14 19:00","2021","12","14","19:00","-30.0","","-33.3","","73","","0.3","","33","","3","","","","83.94","","","","-33","","NA"
"-118.45","53.80","HENDRICKSON CREEK","3063135","2021-12-14 20:00","2021","12","14","20:00","-30.5","","-33.8","","73","","0.0","","30","","2","","","","83.95","","","","-33","","NA"
"-118.45","53.80","HENDRICKSON CREEK","3063135","2021-12-14 21:00","2021","12","14","21:00","-31.5","","-35.1","","71","","0.0","","23","","1","","","","83.96","","","","-33","","NA"
"-118.45","53.80","HENDRICKSON CREEK","3063135","2021-12-14 22:00","2021","12","14","22:00","-32.5","","-35.9","","72","","0.0","","29","","3","","","","83.97","","","","-36","","NA"
"-118.45","53.80","HENDRICKSON CREEK","3063135","2021-12-14 23:00","2021","12","14","23:00","-32.9","","-36.3","","71","","0.0","","27","","3","","","","83.98","","","","-37","","NA"
"-118.45","53.80","HENDRICKSON CREEK","3063135","2021-12-15 00:00","2021","12","15","00:00","-33.5","","-36.9","","71","","0.2","","27","","3","","","","83.97","","","","-37","","NA"
"-118.45","53.80","HENDRICKSON CREEK","3063135","2021-12-15 01:00","2021","12","15","01:00","-33.7","","-37.2","","71","","0.1","","26","","1","","","","83.97","","","","-35","","NA"
"-118.45","53.80","HENDRICKSON CREEK","3063135","2021-12-15 02:00","2021","12","15","02:00","-33.4","","-36.9","","71","","0.0","","30","","2","","","","83.98","","","","-36","","NA"
"-118.45","53.80","HENDRICKSON CREEK","3063135","2021-12-15 03:00","2021","12","15","03:00","-31.8","","-34.9","","74","","0.0","","29","","2","","","","83.97","","","","-34","","NA"
"-118.45","53.80","HENDRICKSON CREEK","3063135","2021-12-15 04:00","2021","12","15","04:00","-29.7","","-32.7","","75","","0.0","","29","","1","","","","83.97","","","","-31","","NA"
"-118.45","53.80","HENDRICKSON CREEK","3063135","2021-12-15 05:00","2021","12","15","05:00","-28.6","","-31.8","","74","","0.0","","","","0","","","","83.97","","","","","","NA"
"-118.45","53.80","HENDRICKSON CREEK","3063135","2021-12-15 06:00","2021","12","15","06:00","-28.1","","-31.2","","75","","0.0","","27","","1","","","","83.99","","","","-29","","NA"
"-118.45","53.80","HENDRICKSON CREEK","3063135","2021-12-15 07:00","2021","12","15","07:00","-27.4","","-30.4","","75","","0.0","","27","","2","","","","84.01","","","","-30","","NA"
"-118.45","53.80","HENDRICKSON CREEK","3063135","2021-12-15 08:00","2021","12","15","08:00","-26.8","","-29.8","","76","","0.0","","0","","1","","","","84.01","","","","-28","","NA"
"-118.45","53.80","HENDRICKSON CREEK","3063135","2021-12-15 09:00","2021","12","15","09:00","-25.9","","-28.9","","76","","0.0","","29","","2","","","","84.02","","","","-28","","NA"
"-118.45","53.80","HENDRICKSON CREEK","3063135","2021-12-15 10:00","2021","12","15","10:00","-24.6","","-27.5","","77","","0.0","","31","","2","","","","84.06","","","","-27","","NA"
"-118.45","53.80","HENDRICKSON CREEK","3063135","2021-12-15 11:00","2021","12","15","11:00","-21.5","","-24.2","","79","","0.0","","30","","2","","","","84.09","","","","-23","","NA"
"-118.45","53.80","HENDRICKSON CREEK","3063135","2021-12-15 12:00","2021","12","15","12:00","-18.3","","-20.8","","81","","0.0","","","","0","","","","84.08","","","","","","NA"
"-118.45","53.80","HENDRICKSON CREEK","3063135","2021-12-15 13:00","2021","12","15","13:00","-14.3","","-16.8","","81","","0.0","","","","0","","","","84.05","","","","","","NA"
"-118.45","53.80","HENDRICKSON CREEK","3063135","2021-12-15 14:00","2021","12","15","14:00","-12.0","","-15.5","","76","","0.0","","","","0","","","","84.06","","","","","","NA"
"-118.45","53.80","HENDRICKSON CREEK","3063135","2021-12-15 15:00","2021","12","15","15:00","-11.9","","-14.2","","83","","0.0","","10","","1","","","","84.07","","","","-13","","NA"
"-118.45","53.80","HENDRICKSON CREEK","3063135","2021-12-15 16:00","2021","12","15","16:00","-12.8","","-15.0","","84","","0.0","","","","0","","","","84.10","","","","","","NA"
"-118.45","53.80","HENDRICKSON CREEK","3063135","2021-12-15 17:00","2021","12","15","17:00","-14.6","","-16.8","","83","","0.0","","0","","1","","","","84.10","","","","-15","","NA"
"-118.45","53.80","HENDRICKSON CREEK","3063135","2021-12-15 18:00","2021","12","15","18:00","-15.7","","-17.7","","84","","0.0","","29","","2","","","","84.07","","","","-17","","NA"
"-118.45","53.80","HENDRICKSON CREEK","3063135","2021-12-15 19:00","2021","12","15","19:00","-15.1","","-17.1","","85","","0.0","","28","","2","","","","84.04","","","","-17","","NA"
"-118.45","53.80","HENDRICKSON CREEK","3063135","2021-12-15 20:00","2021","12","15","20:00","-14.7","","-16.6","","85","","0.0","","30","","1","","","","84.00","","","","-15","","NA"
"-118.45","53.80","HENDRICKSON CREEK","3063135","2021-12-15 21:00","2021","12","15","21:00","-14.5","","-16.5","","85","","0.0","","27","","3","","","","83.95","","","","-17","","NA"
"-118.45","53.80","HENDRICKSON CREEK","3063135","2021-12-15 22:00","2021","12","15","22:00","-15.0","","-17.0","","84","","0.0","","","","0","","","","83.94","","","","","","NA"
"-118.45","53.80","HENDRICKSON CREEK","3063135","2021-12-15 23:00","2021","12","15","23:00","-13.9","","-15.7","","87","","0.0","","29","","2","","","","83.93","","","","-15","","NA"
"-118.45","53.80","HENDRICKSON CREEK","3063135","2021-12-16 00:00","2021","12","16","00:00","-13.5","","-15.3","","86","","0.0","","","","0","","","","83.91","","","","","","NA"
"-118.45","53.80","HENDRICKSON CREEK","3063135","2021-12-16 01:00","2021","12","16","01:00","-13.4","","-15.2","","86","","0.0","","","","0","","","","83.89","","","","","","NA"
"-118.45","53.80","HENDRICKSON CREEK","3063135","2021-12-16 02:00","2021","12","16","02:00","-12.8","","-14.6","","87","","0.2","","","","0","","","","83.82","","","","","","NA"
"-118.45","53.80","HENDRICKSON CREEK","3063135","2021-12-16 03:00","2021","12","16","03:00","-12.6","","-14.3","","87","","0.3","","","","0","","","","83.80","","","","","","NA"
"-118.45","53.80","HENDRICKSON CREEK","3063135","2021-12-16 04:00","2021","12","16","04:00","-12.4","","-14.2","","87","","0.4","","0","","1","","","","83.81","","","","-13","","NA"
"-118.45","53.80","HENDRICKSON CREEK","3063135","2021-12-16 05:00","2021","12","16","05:00","-13.5","","-16.4","","79","","0.4","","30","","5","","","","83.88","","","","-17","","NA"
"-118.45","53.80","HENDRICKSON CREEK","3063135","2021-12-16 06:00","2021","12","16","06:00","-18.7","","-22.0","","75","","0.0","","30","","9","","","","84.00","","","","-25","","NA"
"-118.45","53.80","HENDRICKSON CREEK","3063135","2021-12-16 07:00","2021","12","16","07:00","-20.6","","-23.9","","74","","0.9","","31","","5","","","","84.11","","","","-25","","NA"
"-118.45","53.80","HENDRICKSON CREEK","3063135","2021-12-16 08:00","2021","12","16","08:00","-22.1","","-25.3","","75","","0.3","","31","","7","","","","84.21","","","","-28","","NA"
"-118.45","53.80","HENDRICKSON CREEK","3063135","2021-12-16 09:00","2021","12","16","09:00","-22.7","","-26.0","","74","","0.6","","29","","9","","","","84.30","","","","-30","","NA"
"-118.45","53.80","HENDRICKSON CREEK","3063135","2021-12-16 10:00","2021","12","16","10:00","-23.3","","-26.7","","74","","0.3","","29","","8","","","","84.42","","","","-30","","NA"
"-118.45","53.80","HENDRICKSON CREEK","3063135","2021-12-16 11:00","2021","12","16","11:00","-23.4","","-26.8","","74","","0.7","","29","","8","","","","84.49","","","","-30","","NA"
"-118.45","53.80","HENDRICKSON CREEK","3063135","2021-12-16 12:00","2021","12","16","12:00","-23.4","","-27.0","","72","","0.2","","29","","10","","","","84.53","","","","-31","","NA"
"-118.45","53.80","HENDRICKSON CREEK","3063135","2021-12-16 13:00","2021","12","16","13:00","-22.9","","-26.6","","72","","0.3","","30","","8","","","","84.59","","","","-30","","NA"
"-118.45","53.80","HENDRICKSON CREEK","3063135","2021-12-16 14:00","2021","12","16","14:00","-22.7","","-26.7","","70","","0.0","","29","","7","","","","84.66","","","","-29","","NA"
"-118.45","53.80","HENDRICKSON CREEK","3063135","2021-12-16 15:00","2021","12","16","15:00","-23.4","","-27.5","","69","","0.0","","27","","6","","","","84.72","","","","-29","","NA"
"-118.45","53.80","HENDRICKSON CREEK","3063135","2021-12-16 16:00","2021","12","16","16:00","-24.4","","-27.8","","74","","0.0","","29","","4","","","","84.82","","","","-28","","NA"
"-118.45","53.80","HENDRICKSON CREEK","3063135","2021-12-16 17:00","2021","12","16","17:00","-25.2","","-28.2","","76","","0.3","","28","","3","","","","84.87","","","","-28","","NA"
"-118.45","53.80","HENDRICKSON CREEK","3063135","2021-12-16 18:00","2021","12","16","18:00","-26.0","","-29.2","","75","","0.0","","29","","4","","","","84.94","","","","-30","","NA"
"-118.45","53.80","HENDRICKSON CREEK","3063135","2021-12-16 19:00","2021","12","16","19:00","-26.4","","-29.4","","76","","0.0","","28","","3","","","","84.99","","","","-29","","NA"
"-118.45","53.80","HENDRICKSON CREEK","3063135","2021-12-16 20:00","2021","12","16","20:00","-26.2","","-29.3","","76","","0.0","","26","","3","","","","85.03","","","","-29","","NA"
"-118.45","53.80","HENDRICKSON CREEK","3063135","2021-12-16 21:00","2021","12","16","21:00","-30.1","","-33.7","","71","","0.0","","34","","2","","","","85.04","","","","-32","","NA"
"-118.45","53.80","HENDRICKSON CREEK","3063135","2021-12-16 22:00","2021","12","16","22:00","-32.6","","-36.3","","70","","0.0","","27","","2","","","","85.04","","","","-35","","NA"
"-118.45","53.80","HENDRICKSON CREEK","3063135","2021-12-16 23:00","2021","12","16","23:00","-34.6","","-38.2","","70","","0.3","","29","","3","","","","85.03","","","","-38","","NA"
"-118.45","53.80","HENDRICKSON CREEK","3063135","2021-12-17 00:00","2021","12","17","00:00","-35.4","","-38.9","","70","","0.2","","30","","2","","","","85.03","","","","-38","","NA"
"-118.45","53.80","HENDRICKSON CREEK","3063135","2021-12-17 01:00","2021","12","17","01:00","-36.6","","-40.2","","69","","0.2","","28","","2","","","","85.03","","","","-39","","NA"
"-118.45","53.80","HENDRICKSON CREEK","3063135","2021-12-17 02:00","2021","12","17","02:00","-36.9","","-40.5","","69","","0.0","","27","","2","","","","85.02","","","","-40","","NA"
"-118.45","53.80","HENDRICKSON CREEK","3063135","2021-12-17 03:00","2021","12","17","03:00","-37.3","","-40.9","","69","","0.0","","28","","2","","","","85.00","","","","-40","","NA"
"-118.45","53.80","HENDRICKSON CREEK","3063135","2021-12-17 04:00","2021","12","17","04:00","-37.1","","-40.8","","69","","0.0","","30","","2","","","","84.99","","","","-40","","NA"
"-118.45","53.80","HENDRICKSON CREEK","3063135","2021-12-17 05:00","2021","12","17","05:00","-36.9","","-40.5","","69","","0.0","","0","","1","","","","84.96","","","","-38","","NA"
"-118.45","53.80","HENDRICKSON CREEK","3063135","2021-12-17 06:00","2021","12","17","06:00","-35.6","","-39.1","","70","","0.0","","27","","5","","","","84.94","","","","-42","","NA"
"-118.45","53.80","HENDRICKSON CREEK","3063135","2021-12-17 07:00","2021","12","17","07:00","-33.5","","-36.9","","72","","0.0","","27","","7","","","","84.94","","","","-41","","NA"
"-118.45","53.80","HENDRICKSON CREEK","3063135","2021-12-17 08:00","2021","12","17","08:00","-32.1","","-35.4","","72","","0.0","","30","","6","","","","84.94","","","","-39","","NA"
"-118.45","53.80","HENDRICKSON CREEK","3063135","2021-12-17 09:00","2021","12","17","09:00","-31.0","","-34.3","","73","","0.0","","31","","5","","","","84.91","","","","-37","","NA"
"-118.45","53.80","HENDRICKSON CREEK","3063135","2021-12-17 10:00","2021","12","17","10:00","-29.6","","-32.9","","74","","0.0","","","","0","","","","84.94","","","","","","NA"
"-118.45","53.80","HENDRICKSON CREEK","3063135","2021-12-17 11:00","2021","12","17","11:00","-24.5","","-27.3","","77","","0.0","","","","0","","","","84.92","","","","","","NA"
"-118.45","53.80","HENDRICKSON CREEK","3063135","2021-12-17 12:00","2021","12","17","12:00","-19.6","","-22.2","","80","","0.0","","0","","1","","","","84.88","","","","-20","","NA"
"-118.45","53.80","HENDRICKSON CREEK","3063135","2021-12-17 13:00","2021","12","17","13:00","-12.5","","-16.2","","74","","0.0","","29","","2","","","","84.85","","","","-14","","NA"
"-118.45","53.80","HENDRICKSON CREEK","3063135","2021-12-17 14:00","2021","12","17","14:00","-11.0","","-14.9","","73","","0.0","","","","0","","","","84.82","","","","","","NA"
"-118.45","53.80","HENDRICKSON CREEK","3063135","2021-12-17 15:00","2021","12","17","15:00","-11.8","","-15.7","","73","","0.0","","28","","7","","","","84.83","","","","-16","","NA"
"-118.45","53.80","HENDRICKSON CREEK","3063135","2021-12-17 16:00","2021","12","17","16:00","-13.1","","-15.7","","81","","0.0","","0","","1","","","","84.81","","","","-14","","NA"
"-118.45","53.80","HENDRICKSON CREEK","3063135","2021-12-17 17:00","2021","12","17","17:00","-15.4","","-17.7","","82","","0.2","","","","0","","","","84.80","","","","","","NA"
"-118.45","53.80","HENDRICKSON CREEK","3063135","2021-12-17 18:00","2021","12","17","18:00","-14.9","","-16.8","","85","","0.0","","30","","5","","","","84.80","","","","-18","","NA"
"-118.45","53.80","HENDRICKSON CREEK","3063135","2021-12-17 19:00","2021","12","17","19:00","-10.2","","-15.0","","68","","0.0","","32","","11","","","","84.79","","","","-16","","NA"
"-118.45","53.80","HENDRICKSON CREEK","3063135","2021-12-17 20:00","2021","12","17","20:00","-12.3","","-14.7","","83","","0.0","","27","","4","","","","84.77","","","","-15","","NA"
"-118.45","53.80","HENDRICKSON CREEK","3063135","2021-12-17 21:00","2021","12","17","21:00","-12.4","","-14.2","","86","","0.0","","31","","2","","","","84.74","","","","-14","","NA"
"-118.45","53.80","HENDRICKSON CREEK","3063135","2021-12-17 22:00","2021","12","17","22:00","-14.0","","-15.8","","86","","0.0","","32","","2","","","","84.68","","","","-15","","NA"
"-118.45","53.80","HENDRICKSON CREEK","3063135","2021-12-17 23:00","2021","12","17","23:00","-16.7","","-19.1","","81","","0.0","","0","","1","","","","84.62","","","","-17","","NA"
"-118.45","53.80","HENDRICKSON CREEK","3063135","2021-12-18 00:00","2021","12","18","00:00","-16.0","","-18.0","","85","","0.2","","29","","3","","","","84.57","","","","-18","","NA"
"-118.45","53.80","HENDRICKSON CREEK","3063135","2021-12-18 01:00","2021","12","18","01:00","-14.9","","-16.8","","85","","0.0","","33","","2","","","","84.55","","","","-16","","NA"
"-118.45","53.80","HENDRICKSON CREEK","3063135","2021-12-18 02:00","2021","12","18","02:00","-15.0","","-16.7","","87","","0.0","","31","","3","","","","84.52","","","","-17","","NA"
"-118.45","53.80","HENDRICKSON CREEK","3063135","2021-12-18 03:00","2021","12","18","03:00","-14.5","","-16.0","","88","","0.0","","30","","3","","","","84.47","","","","-17","","NA"
"-118.45","53.80","HENDRICKSON CREEK","3063135","2021-12-18 04:00","2021","12","18","04:00","-13.5","","-15.3","","87","","0.0","","26","","2","","","","84.41","","","","-15","","NA"
"-118.45","53.80","HENDRICKSON CREEK","3063135","2021-12-18 05:00","2021","12","18","05:00","-13.2","","-15.0","","87","","0.0","","27","","2","","","","84.30","","","","-15","","NA"
"-118.45","53.80","HENDRICKSON CREEK","3063135","2021-12-18 06:00","2021","12","18","06:00","-13.0","","-14.8","","87","","0.0","","28","","2","","","","84.22","","","","-14","","NA"
"-118.45","53.80","HENDRICKSON CREEK","3063135","2021-12-18 07:00","2021","12","18","07:00","-11.9","","-13.8","","86","","0.0","","29","","4","","","","84.18","","","","-14","","NA"
"-118.45","53.80","HENDRICKSON CREEK","3063135","2021-12-18 08:00","2021","12","18","08:00","-12.5","","-14.4","","86","","0.0","","33","","2","","","","84.09","","","","-14","","NA"
"-118.45","53.80","HENDRICKSON CREEK","3063135","2021-12-18 09:00","2021","12","18","09:00","-13.0","","-14.7","","87","","0.0","","6","","2","","","","84.06","","","","-14","","NA"
"-118.45","53.80","HENDRICKSON CREEK","3063135","2021-12-18 10:00","2021","12","18","10:00","-12.0","","-13.7","","87","","0.0","","0","","1","","","","83.93","","","","-13","","NA"
"-118.45","53.80","HENDRICKSON CREEK","3063135","2021-12-18 11:00","2021","12","18","11:00","-9.8","","-11.7","","86","","0.0","","31","","4","","","","83.91","","","","-12","","NA"
"-118.45","53.80","HENDRICKSON CREEK","3063135","2021-12-18 12:00","2021","12","18","12:00","-8.6","","-10.9","","84","","0.0","","25","","2","","","","83.86","","","","-10","","NA"
"-118.45","53.80","HENDRICKSON CREEK","3063135","2021-12-18 13:00","2021","12","18","13:00","-8.2","","-10.3","","85","","0.0","","","","0","","","","83.82","","","","","","NA"
"-118.45","53.80","HENDRICKSON CREEK","3063135","2021-12-18 14:00","2021","12","18","14:00","-8.6","","-10.3","","87","","0.3","","10","","5","","","","83.74","","","","-11","","NA"
"-118.45","53.80","HENDRICKSON CREEK","3063135","2021-12-18 15:00","2021","12","18","15:00","-9.7","","-12.2","","82","","0.6","","10","","6","","","","83.68","","","","-13","","NA"
"-118.45","53.80","HENDRICKSON CREEK","3063135","2021-12-18 16:00","2021","12","18","16:00","-11.1","","-13.4","","84","","0.0","","13","","4","","","","83.73","","","","-14","","NA"
"-118.45","53.80","HENDRICKSON CREEK","3063135","2021-12-18 17:00","2021","12","18","17:00","-11.6","","-13.4","","86","","0.4","","0","","1","","","","83.76","","","","-12","","NA"
"-118.45","53.80","HENDRICKSON CREEK","3063135","2021-12-18 18:00","2021","12","18","18:00","-11.8","","-13.7","","86","","0.5","","27","","2","","","","83.81","","","","-13","","NA"
"-118.45","53.80","HENDRICKSON CREEK","3063135","2021-12-18 19:00","2021","12","18","19:00","-12.1","","-14.5","","82","","0.7","","32","","7","","","","83.85","","","","-16","","NA"
"-118.45","53.80","HENDRICKSON CREEK","3063135","2021-12-18 20:00","2021","12","18","20:00","-12.8","","-15.2","","82","","0.3","","31","","5","","","","83.91","","","","-16","","NA"
"-118.45","53.80","HENDRICKSON CREEK","3063135","2021-12-18 21:00","2021","12","18","21:00","-13.2","","-15.7","","82","","0.5","","31","","8","","","","83.97","","","","-18","","NA"
"-118.45","53.80","HENDRICKSON CREEK","3063135","2021-12-18 22:00","2021","12","18","22:00","-14.6","","-17.0","","81","","0.3","","30","","8","","","","84.07","","","","-20","","NA"
"-118.45","53.80","HENDRICKSON CREEK","3063135","2021-12-18 23:00","2021","12","18","23:00","-14.8","","-17.3","","81","","0.3","","30","","7","","","","84.16","","","","-20","","NA"
"-118.45","53.80","HENDRICKSON CREEK","3063135","2021-12-19 00:00","2021","12","19","00:00","-15.5","","-17.8","","82","","0.2","","30","","5","","","","84.23","","","","-19","","NA"
"-118.45","53.80","HENDRICKSON CREEK","3063135","2021-12-19 01:00","2021","12","19","01:00","-15.4","","-17.8","","82","","0.3","","30","","7","","","","84.30","","","","-20","","NA"
"-118.45","53.80","HENDRICKSON CREEK","3063135","2021-12-19 02:00","2021","12","19","02:00","-16.2","","-18.6","","82","","0.1","","28","","5","","","","84.38","","","","-20","","NA"
"-118.45","53.80","HENDRICKSON CREEK","3063135","2021-12-19 03:00","2021","12","19","03:00","-16.1","","-18.5","","82","","0.3","","30","","8","","","","84.49","","","","-22","","NA"
"-118.45","53.80","HENDRICKSON CREEK","3063135","2021-12-19 04:00","2021","12","19","04:00","-16.9","","-19.3","","81","","0.1","","30","","7","","","","84.58","","","","-22","","NA"
"-118.45","53.80","HENDRICKSON CREEK","3063135","2021-12-19 05:00","2021","12","19","05:00","-17.0","","-19.6","","80","","0.1","","32","","8","","","","84.64","","","","-23","","NA"
"-118.45","53.80","HENDRICKSON CREEK","3063135","2021-12-19 06:00","2021","12","19","06:00","-16.5","","-19.3","","79","","0.0","","29","","7","","","","84.71","","","","-22","","NA"
"-118.45","53.80","HENDRICKSON CREEK","3063135","2021-12-19 07:00","2021","12","19","07:00","-17.8","","-20.4","","80","","0.0","","31","","5","","","","84.76","","","","-22","","NA"
"-118.45","53.80","HENDRICKSON CREEK","3063135","2021-12-19 08:00","2021","12","19","08:00","-21.4","","-23.8","","81","","0.0","","34","","3","","","","84.80","","","","-24","","NA"
"-118.45","53.80","HENDRICKSON CREEK","3063135","2021-12-19 09:00","2021","12","19","09:00","-22.7","","-25.7","","77","","0.0","","32","","2","","","","84.82","","","","-25","","NA"
"-118.45","53.80","HENDRICKSON CREEK","3063135","2021-12-19 10:00","2021","12","19","10:00","-25.0","","-28.0","","76","","0.2","","27","","3","","","","84.87","","","","-28","","NA"
"-118.45","53.80","HENDRICKSON CREEK","3063135","2021-12-19 11:00","2021","12","19","11:00","-23.0","","-25.4","","81","","0.2","","32","","2","","","","84.90","","","","-25","","NA"
"-118.45","53.80","HENDRICKSON CREEK","3063135","2021-12-19 12:00","2021","12","19","12:00","-19.1","","-21.5","","81","","0.0","","27","","1","","","","84.90","","","","-20","","NA"
"-118.45","53.80","HENDRICKSON CREEK","3063135","2021-12-19 13:00","2021","12","19","13:00","-12.1","","-17.5","","64","","0.0","","27","","5","","","","84.93","","","","-15","","NA"
"-118.45","53.80","HENDRICKSON CREEK","3063135","2021-12-19 14:00","2021","12","19","14:00","-12.0","","-17.1","","65","","0.0","","29","","5","","","","84.95","","","","-15","","NA"
"-118.45","53.80","HENDRICKSON CREEK","3063135","2021-12-19 15:00","2021","12","19","15:00","-12.7","","-17.4","","68","","0.0","","31","","6","","","","84.98","","","","-17","","NA"
"-118.45","53.80","HENDRICKSON CREEK","3063135","2021-12-19 16:00","2021","12","19","16:00","-15.4","","-18.7","","76","","0.0","","31","","6","","","","84.99","","","","-20","","NA"
"-118.45","53.80","HENDRICKSON CREEK","3063135","2021-12-19 17:00","2021","12","19","17:00","-20.0","","-22.8","","78","","0.4","","27","","4","","","","85.03","","","","-23","","NA"
"-118.45","53.80","HENDRICKSON CREEK","3063135","2021-12-19 18:00","2021","12","19","18:00","-23.7","","-26.5","","78","","0.4","","0","","1","","","","85.05","","","","-25","","NA"
"-118.45","53.80","HENDRICKSON CREEK","3063135","2021-12-19 19:00","2021","12","19","19:00","-25.8","","-28.8","","76","","0.4","","","","0","","","","85.02","","","","","","NA"
"-118.45","53.80","HENDRICKSON CREEK","3063135","2021-12-19 20:00","2021","12","19","20:00","-26.3","","-29.1","","78","","0.0","","27","","3","","","","85.00","","","","-29","","NA"
"-118.45","53.80","HENDRICKSON CREEK","3063135","2021-12-19 21:00","2021","12","19","21:00","-26.1","","-28.8","","79","","0.0","","29","","4","","","","85.02","","","","-30","","NA"
"-118.45","53.80","HENDRICKSON CREEK","3063135","2021-12-19 22:00","2021","12","19","22:00","-27.1","","-30.0","","76","","0.0","","","","0","","","","85.00","","","","","","NA"
"-118.45","53.80","HENDRICKSON CREEK","3063135","2021-12-19 23:00","2021","12","19","23:00","-26.2","","-28.9","","78","","0.0","","27","","3","","","","85.01","","","","-29","","NA"
"-118.45","53.80","HENDRICKSON CREEK","3063135","2021-12-20 00:00","2021","12","20","00:00","-26.0","","-28.8","","77","","0.0","","0","","1","","","","84.99","","","","-27","","NA"
"-118.45","53.80","HENDRICKSON CREEK","3063135","2021-12-20 01:00","2021","12","20","01:00","-26.9","","-29.8","","76","","0.0","","29","","3","","","","84.97","","","","-30","","NA"
"-118.45","53.80","HENDRICKSON CREEK","3063135","2021-12-20 02:00","2021","12","20","02:00","-27.8","","-30.9","","75","","0.0","","27","","1","","","","84.96","","","","-29","","NA"
"-118.45","53.80","HENDRICKSON CREEK","3063135","2021-12-20 03:00","2021","12","20","03:00","-28.2","","-31.1","","76","","0.1","","31","","3","","","","84.94","","","","-31","","NA"
"-118.45","53.80","HENDRICKSON CREEK","3063135","2021-12-20 04:00","2021","12","20","04:00","-29.3","","-32.5","","73","","0.0","","0","","1","","","","84.90","","","","-30","","NA"
"-118.45","53.80","HENDRICKSON CREEK","3063135","2021-12-20 05:00","2021","12","20","05:00","-30.2","","-33.3","","74","","0.0","","29","","2","","","","84.86","","","","-32","","NA"
"-118.45","53.80","HENDRICKSON CREEK","3063135","2021-12-20 06:00","2021","12","20","06:00","-30.6","","-33.8","","74","","0.0","","31","","1","","","","84.82","","","","-32","","NA"
"-118.45","53.80","HENDRICKSON CREEK","3063135","2021-12-20 07:00","2021","12","20","07:00","-31.0","","-34.2","","73","","0.0","","30","","1","","","","84.78","","","","-32","","NA"
"-118.45","53.80","HENDRICKSON CREEK","3063135","2021-12-20 08:00","2021","12","20","08:00","-27.6","","-30.3","","78","","0.0","","27","","2","","","","84.74","","","","-30","","NA"
"-118.45","53.80","HENDRICKSON CREEK","3063135","2021-12-20 09:00","2021","12","20","09:00","-26.5","","-29.6","","75","","0.0","","","","0","","","","84.69","","","","","","NA"
"-118.45","53.80","HENDRICKSON CREEK","3063135","2021-12-20 10:00","2021","12","20","10:00","-26.7","","-29.6","","76","","0.0","","27","","2","","","","84.68","","","","-29","","NA"
"-118.45","53.80","HENDRICKSON CREEK","3063135","2021-12-20 11:00","2021","12","20","11:00","-24.0","","-26.7","","78","","0.0","","","","0","","","","84.62","","","","","","NA"
"-118.45","53.80","HENDRICKSON CREEK","3063135","2021-12-20 12:00","2021","12","20","12:00","-14.3","","-16.5","","83","","0.0","","30","","6","","","","84.53","","","","-18","","NA"
"-118.45","53.80","HENDRICKSON CREEK","3063135","2021-12-20 13:00","2021","12","20","13:00","-11.1","","-16.8","","63","","0.0","","29","","10","","","","84.48","","","","-17","","NA"
"-118.45","53.80","HENDRICKSON CREEK","3063135","2021-12-20 14:00","2021","12","20","14:00","-10.9","","-16.5","","63","","0.0","","30","","11","","","","84.42","","","","-17","","NA"
"-118.45","53.80","HENDRICKSON CREEK","3063135","2021-12-20 15:00","2021","12","20","15:00","-11.3","","-16.6","","65","","0.0","","28","","9","","","","84.38","","","","-16","","NA"
"-118.45","53.80","HENDRICKSON CREEK","3063135","2021-12-20 16:00","2021","12","20","16:00","-12.7","","-17.2","","69","","0.0","","29","","10","","","","84.34","","","","-18","","NA"
"-118.45","53.80","HENDRICKSON CREEK","3063135","2021-12-20 17:00","2021","12","20","17:00","-13.9","","-18.0","","71","","0.3","","30","","8","","","","84.32","","","","-19","","NA"
"-118.45","53.80","HENDRICKSON CREEK","3063135","2021-12-20 18:00","2021","12","20","18:00","-12.9","","-17.6","","68","","0.0","","29","","14","","","","84.26","","","","-20","","NA"
"-118.45","53.80","HENDRICKSON CREEK","3063135","2021-12-20 19:00","2021","12","20","19:00","-12.0","","-17.0","","66","","0.2","","29","","16","","","","84.22","","","","-19","","NA"
"-118.45","53.80","HENDRICKSON CREEK","3063135","2021-12-20 20:00","2021","12","20","20:00","-11.3","","-16.9","","64","","0.0","","29","","15","","","","84.18","","","","-18","","NA"
"-118.45","53.80","HENDRICKSON CREEK","3063135","2021-12-20 21:00","2021","12","20","21:00","-9.9","","-16.5","","59","","0.0","","29","","17","","","","84.16","","","","-17","","NA"
"-118.45","53.80","HENDRICKSON CREEK","3063135","2021-12-20 22:00","2021","12","20","22:00","-9.8","","-15.6","","63","","0.0","","30","","15","","","","84.15","","","","-16","","NA"
"-118.45","53.80","HENDRICKSON CREEK","3063135","2021-12-20 23:00","2021","12","20","23:00","-7.5","","-14.7","","56","","0.0","","30","","17","","","","84.07","","","","-14","","NA"
"-118.45","53.80","HENDRICKSON CREEK","3063135","2021-12-21 00:00","2021","12","21","00:00","-7.2","","-14.7","","55","","0.0","","29","","17","","","","84.09","","","","-14","","NA"
"-118.45","53.80","HENDRICKSON CREEK","3063135","2021-12-21 01:00","2021","12","21","01:00","-6.2","","-14.0","","54","","0.0","","29","","20","","","","84.10","","","","-13","","NA"
"-118.45","53.80","HENDRICKSON CREEK","3063135","2021-12-21 02:00","2021","12","21","02:00","-6.8","","-14.1","","56","","0.0","","30","","16","","","","84.18","","","","-13","","NA"
"-118.45","53.80","HENDRICKSON CREEK","3063135","2021-12-21 03:00","2021","12","21","03:00","-6.5","","-13.9","","55","","0.0","","29","","16","","","","84.18","","","","-13","","NA"
"-118.45","53.80","HENDRICKSON CREEK","3063135","2021-12-21 04:00","2021","12","21","04:00","-5.6","","-12.9","","56","","0.0","","29","","16","","","","84.14","","","","-12","","NA"
"-118.45","53.80","HENDRICKSON CREEK","3063135","2021-12-21 05:00","2021","12","21","05:00","-5.2","","-12.0","","59","","0.0","","29","","12","","","","84.10","","","","-10","","NA"
"-118.45","53.80","HENDRICKSON CREEK","3063135","2021-12-21 06:00","2021","12","21","06:00","-5.3","","-10.4","","67","","0.0","","29","","18","","","","84.12","","","","-12","","NA"
"-118.45","53.80","HENDRICKSON CREEK","3063135","2021-12-21 07:00","2021","12","21","07:00","-5.8","","-7.7","","86","","0.7","","30","","13","","","","84.10","","","","-11","","NA"
"-118.45","53.80","HENDRICKSON CREEK","3063135","2021-12-21 08:00","2021","12","21","08:00","-4.7","","-9.7","","68","","0.1","","30","","12","","","","84.02","","","","-9","","NA"
"-118.45","53.80","HENDRICKSON CREEK","3063135","2021-12-21 09:00","2021","12","21","09:00","-6.1","","-10.2","","73","","0.0","","32","","10","","","","83.92","","","","-11","","NA"
"-118.45","53.80","HENDRICKSON CREEK","3063135","2021-12-21 10:00","2021","12","21","10:00","-3.8","","-8.3","","71","","0.3","","30","","10","","","","83.89","","","","-8","","NA"
"-118.45","53.80","HENDRICKSON CREEK","3063135","2021-12-21 11:00","2021","12","21","11:00","-4.0","","-9.0","","68","","0.0","","30","","11","","","","83.89","","","","-8","","NA"
"-118.45","53.80","HENDRICKSON CREEK","3063135","2021-12-21 12:00","2021","12","21","12:00","-3.8","","-9.8","","63","","0.1","","31","","10","","","","83.83","","","","-8","","NA"
"-118.45","53.80","HENDRICKSON CREEK","3063135","2021-12-21 13:00","2021","12","21","13:00","-3.8","","-9.7","","64","","0.0","","30","","9","","","","83.78","","","","-8","","NA"
"-118.45","53.80","HENDRICKSON CREEK","3063135","2021-12-21 14:00","2021","12","21","14:00","-3.6","","-9.5","","64","","0.0","","32","","11","","","","83.75","","","","-8","","NA"
"-118.45","53.80","HENDRICKSON CREEK","3063135","2021-12-21 15:00","2021","12","21","15:00","-3.9","","-9.2","","67","","0.0","","31","","7","","","","83.71","","","","-7","","NA"
"-118.45","53.80","HENDRICKSON CREEK","3063135","2021-12-21 16:00","2021","12","21","16:00","-4.1","","-9.4","","66","","0.0","","27","","2","","","","83.74","","","","-5","","NA"
"-118.45","53.80","HENDRICKSON CREEK","3063135","2021-12-21 17:00","2021","12","21","17:00","-4.7","","-9.3","","70","","0.0","","28","","4","","","","83.74","","","","-6","","NA"
"-118.45","53.80","HENDRICKSON CREEK","3063135","2021-12-21 18:00","2021","12","21","18:00","-5.8","","-8.6","","81","","0.0","","12","","3","","","","83.75","","","","-7","","NA"
"-118.45","53.80","HENDRICKSON CREEK","3063135","2021-12-21 19:00","2021","12","21","19:00","-6.2","","-8.3","","85","","0.0","","0","","1","","","","83.74","","","","-7","","NA"
"-118.45","53.80","HENDRICKSON CREEK","3063135","2021-12-21 20:00","2021","12","21","20:00","-6.8","","-8.2","","90","","0.1","","","","0","","","","83.70","","","","","","NA"
"-118.45","53.80","HENDRICKSON CREEK","3063135","2021-12-21 21:00","2021","12","21","21:00","-6.7","","-8.0","","91","","0.1","","27","","1","","","","83.71","","","","-7","","NA"
"-118.45","53.80","HENDRICKSON CREEK","3063135","2021-12-21 22:00","2021","12","21","22:00","-6.8","","-8.0","","91","","0.2","","","","0","","","","83.74","","","","","","NA"
"-118.45","53.80","HENDRICKSON CREEK","3063135","2021-12-21 23:00","2021","12","21","23:00","-6.9","","-8.0","","91","","0.5","","","","0","","","","83.73","","","","","","NA"
"-118.45","53.80","HENDRICKSON CREEK","3063135","2021-12-22 00:00","2021","12","22","00:00","-7.5","","-8.8","","90","","0.1","","","","0","","","","83.70","","","","","","NA"
"-118.45","53.80","HENDRICKSON CREEK","3063135","2021-12-22 01:00","2021","12","22","01:00","-6.9","","-7.8","","93","","0.2","","13","","6","","","","83.61","","","","-10","","NA"
"-118.45","53.80","HENDRICKSON CREEK","3063135","2021-12-22 02:00","2021","12","22","02:00","-6.9","","-8.1","","91","","0.1","","10","","6","","","","83.56","","","","-10","","NA"
"-118.45","53.80","HENDRICKSON CREEK","3063135","2021-12-22 03:00","2021","12","22","03:00","-7.5","","-8.7","","91","","0.0","","10","","7","","","","83.46","","","","-11","","NA"
"-118.45","53.80","HENDRICKSON CREEK","3063135","2021-12-22 04:00","2021","12","22","04:00","-8.1","","-9.2","","92","","0.0","","11","","7","","","","83.43","","","","-12","","NA"
"-118.45","53.80","HENDRICKSON CREEK","3063135","2021-12-22 05:00","2021","12","22","05:00","-8.2","","-9.5","","90","","0.5","","13","","5","","","","83.35","","","","-11","","NA"
"-118.45","53.80","HENDRICKSON CREEK","3063135","2021-12-22 06:00","2021","12","22","06:00","-8.3","","-9.8","","89","","0.2","","9","","6","","","","83.32","","","","-12","","NA"
"-118.45","53.80","HENDRICKSON CREEK","3063135","2021-12-22 07:00","2021","12","22","07:00","-8.5","","-10.0","","89","","0.3","","12","","5","","","","83.27","","","","-11","","NA"
"-118.45","53.80","HENDRICKSON CREEK","3063135","2021-12-22 08:00","2021","12","22","08:00","-8.8","","-10.7","","86","","0.4","","10","","4","","","","83.26","","","","-11","","NA"
"-118.45","53.80","HENDRICKSON CREEK","3063135","2021-12-22 09:00","2021","12","22","09:00","-9.1","","-10.9","","87","","0.7","","7","","2","","","","83.27","","","","-10","","NA"
"-118.45","53.80","HENDRICKSON CREEK","3063135","2021-12-22 10:00","2021","12","22","10:00","-9.3","","-11.3","","85","","0.6","","7","","4","","","","83.29","","","","-12","","NA"
"-118.45","53.80","HENDRICKSON CREEK","3063135","2021-12-22 11:00","2021","12","22","11:00","-9.1","","-11.2","","84","","0.5","","0","","1","","","","83.30","","","","-10","","NA"
"-118.45","53.80","HENDRICKSON CREEK","3063135","2021-12-22 12:00","2021","12","22","12:00","-9.5","","-12.0","","82","","0.2","","32","","5","","","","83.31","","","","-12","","NA"
"-118.45","53.80","HENDRICKSON CREEK","3063135","2021-12-22 13:00","2021","12","22","13:00","-10.1","","-12.7","","81","","0.1","","33","","5","","","","83.27","","","","-13","","NA"
"-118.45","53.80","HENDRICKSON CREEK","3063135","2021-12-22 14:00","2021","12","22","14:00","-10.7","","-13.4","","81","","0.1","","30","","3","","","","83.23","","","","-13","","NA"
"-118.45","53.80","HENDRICKSON CREEK","3063135","2021-12-22 15:00","2021","12","22","15:00","-11.3","","-14.2","","79","","0.1","","30","","5","","","","83.23","","","","-14","","NA"
"-118.45","53.80","HENDRICKSON CREEK","3063135","2021-12-22 16:00","2021","12","22","16:00","-12.1","","-14.6","","81","","0.0","","31","","4","","","","83.24","","","","-15","","NA"
"-118.45","53.80","HENDRICKSON CREEK","3063135","2021-12-22 17:00","2021","12","22","17:00","-12.6","","-14.7","","84","","0.3","","27","","3","","","","83.25","","","","-15","","NA"
"-118.45","53.80","HENDRICKSON CREEK","3063135","2021-12-22 18:00","2021","12","22","18:00","-13.1","","-15.1","","85","","0.1","","","","0","","","","83.22","","","","","","NA"
"-118.45","53.80","HENDRICKSON CREEK","3063135","2021-12-22 19:00","2021","12","22","19:00","-13.2","","-15.1","","85","","0.2","","33","","1","","","","83.18","","","","-14","","NA"
"-118.45","53.80","HENDRICKSON CREEK","3063135","2021-12-22 20:00","2021","12","22","20:00","-13.1","","-15.1","","85","","0.2","","0","","1","","","","83.13","","","","-14","","NA"
"-118.45","53.80","HENDRICKSON CREEK","3063135","2021-12-22 21:00","2021","12","22","21:00","-13.8","","-16.3","","81","","0.3","","26","","1","","","","83.09","","","","-14","","NA"
"-118.45","53.80","HENDRICKSON CREEK","3063135","2021-12-22 22:00","2021","12","22","22:00","-14.4","","-16.7","","82","","0.7","","28","","4","","","","83.06","","","","-17","","NA"
"-118.45","53.80","HENDRICKSON CREEK","3063135","2021-12-22 23:00","2021","12","22","23:00","-14.6","","-16.9","","83","","0.6","","33","","2","","","","82.99","","","","-16","","NA"
"-118.45","53.80","HENDRICKSON CREEK","3063135","2021-12-23 00:00","2021","12","23","00:00","-15.3","","-17.9","","80","","0.8","","34","","4","","","","82.96","","","","-18","","NA"
"-118.45","53.80","HENDRICKSON CREEK","3063135","2021-12-23 01:00","2021","12","23","01:00","-15.8","","-18.2","","82","","1.1","","32","","2","","","","82.94","","","","-17","","NA"
"-118.45","53.80","HENDRICKSON CREEK","3063135","2021-12-23 02:00","2021","12","23","02:00","-16.3","","-18.9","","81","","0.9","","29","","5","","","","82.89","","","","-20","","NA"
"-118.45","53.80","HENDRICKSON CREEK","3063135","2021-12-23 03:00","2021","12","23","03:00","-16.6","","-19.1","","80","","0.8","","31","","5","","","","82.86","","","","-20","","NA"
"-118.45","53.80","HENDRICKSON CREEK","3063135","2021-12-23 04:00","2021","12","23","04:00","-16.8","","-19.3","","81","","0.8","","30","","3","","","","82.80","","","","-19","","NA"
"-118.45","53.80","HENDRICKSON CREEK","3063135","2021-12-23 05:00","2021","12","23","05:00","-16.9","","-19.4","","81","","0.6","","30","","3","","","","82.74","","","","-19","","NA"
"-118.45","53.80","HENDRICKSON CREEK","3063135","2021-12-23 06:00","2021","12","23","06:00","-17.1","","-19.6","","81","","0.7","","28","","4","","","","82.70","","","","-20","","NA"
"-118.45","53.80","HENDRICKSON CREEK","3063135","2021-12-23 07:00","2021","12","23","07:00","-17.2","","-19.6","","82","","1.1","","30","","3","","","","82.69","","","","-20","","NA"
"-118.45","53.80","HENDRICKSON CREEK","3063135","2021-12-23 08:00","2021","12","23","08:00","-17.7","","-20.4","","80","","0.6","","31","","3","","","","82.62","","","","-20","","NA"
"-118.45","53.80","HENDRICKSON CREEK","3063135","2021-12-23 09:00","2021","12","23","09:00","-17.9","","-20.6","","79","","0.3","","30","","5","","","","82.60","","","","-22","","NA"
"-118.45","53.80","HENDRICKSON CREEK","3063135","2021-12-23 10:00","2021","12","23","10:00","-18.1","","-20.8","","79","","0.2","","29","","4","","","","82.61","","","","-21","","NA"
"-118.45","53.80","HENDRICKSON CREEK","3063135","2021-12-23 11:00","2021","12","23","11:00","-18.1","","-21.0","","78","","0.2","","30","","7","","","","82.59","","","","-23","","NA"
"-118.45","53.80","HENDRICKSON CREEK","3063135","2021-12-23 12:00","2021","12","23","12:00","-17.6","","-20.5","","78","","0.0","","31","","5","","","","82.56","","","","-22","","NA"
"-118.45","53.80","HENDRICKSON CREEK","3063135","2021-12-23 13:00","2021","12","23","13:00","-17.4","","-20.5","","77","","0.0","","29","","8","","","","82.52","","","","-23","","NA"
"-118.45","53.80","HENDRICKSON CREEK","3063135","2021-12-23 14:00","2021","12","23","14:00","-17.3","","-20.7","","75","","0.0","","30","","9","","","","82.53","","","","-24","","NA"
"-118.45","53.80","HENDRICKSON CREEK","3063135","2021-12-23 15:00","2021","12","23","15:00","-17.3","","-20.5","","76","","0.0","","30","","7","","","","82.54","","","","-23","","NA"
"-118.45","53.80","HENDRICKSON CREEK","3063135","2021-12-23 16:00","2021","12","23","16:00","-17.6","","-20.7","","77","","0.0","","30","","3","","","","82.56","","","","-20","","NA"
"-118.45","53.80","HENDRICKSON CREEK","3063135","2021-12-23 17:00","2021","12","23","17:00","-17.8","","-20.6","","79","","0.2","","29","","4","","","","82.62","","","","-21","","NA"
"-118.45","53.80","HENDRICKSON CREEK","3063135","2021-12-23 18:00","2021","12","23","18:00","-18.4","","-21.2","","79","","0.1","","31","","5","","","","82.68","","","","-22","","NA"
"-118.45","53.80","HENDRICKSON CREEK","3063135","2021-12-23 19:00","2021","12","23","19:00","-19.0","","-21.7","","79","","0.1","","29","","6","","","","82.75","","","","-24","","NA"
"-118.45","53.80","HENDRICKSON CREEK","3063135","2021-12-23 20:00","2021","12","23","20:00","-19.5","","-22.1","","80","","0.1","","29","","4","","","","82.78","","","","-23","","NA"
"-118.45","53.80","HENDRICKSON CREEK","3063135","2021-12-23 21:00","2021","12","23","21:00","-19.9","","-22.7","","78","","0.1","","29","","5","","","","82.83","","","","-24","","NA"
"-118.45","53.80","HENDRICKSON CREEK","3063135","2021-12-23 22:00","2021","12","23","22:00","-20.3","","-23.1","","78","","0.0","","31","","5","","","","82.90","","","","-25","","NA"
"-118.45","53.80","HENDRICKSON CREEK","3063135","2021-12-23 23:00","2021","12","23","23:00","-20.6","","-23.4","","78","","0.0","","29","","5","","","","82.97","","","","-25","","NA"
"-118.45","53.80","HENDRICKSON CREEK","3063135","2021-12-24 00:00","2021","12","24","00:00","-21.1","","-24.1","","77","","0.0","","34","","7","","","","83.02","","","","-27","","NA"
"-118.45","53.80","HENDRICKSON CREEK","3063135","2021-12-24 01:00","2021","12","24","01:00","-22.2","","-25.0","","78","","0.1","","29","","2","","","","83.08","","","","-24","","NA"
"-118.45","53.80","HENDRICKSON CREEK","3063135","2021-12-24 02:00","2021","12","24","02:00","-22.4","","-25.1","","79","","0.2","","29","","6","","","","83.15","","","","-28","","NA"
"-118.45","53.80","HENDRICKSON CREEK","3063135","2021-12-24 03:00","2021","12","24","03:00","-24.1","","-27.2","","76","","0.0","","31","","5","","","","83.23","","","","-29","","NA"
"-118.45","53.80","HENDRICKSON CREEK","3063135","2021-12-24 04:00","2021","12","24","04:00","-24.7","","-27.6","","77","","0.0","","28","","4","","","","83.28","","","","-29","","NA"
"-118.45","53.80","HENDRICKSON CREEK","3063135","2021-12-24 05:00","2021","12","24","05:00","-24.7","","-27.7","","76","","0.1","","29","","4","","","","83.31","","","","-29","","NA"
"-118.45","53.80","HENDRICKSON CREEK","3063135","2021-12-24 06:00","2021","12","24","06:00","-25.2","","-28.2","","76","","0.0","","31","","8","","","","83.36","","","","-32","","NA"
"-118.45","53.80","HENDRICKSON CREEK","3063135","2021-12-24 07:00","2021","12","24","07:00","-25.5","","-28.4","","77","","0.0","","31","","7","","","","83.42","","","","-32","","NA"
"-118.45","53.80","HENDRICKSON CREEK","3063135","2021-12-24 08:00","2021","12","24","08:00","-25.9","","-28.9","","75","","0.0","","29","","4","","","","83.43","","","","-30","","NA"
"-118.45","53.80","HENDRICKSON CREEK","3063135","2021-12-24 09:00","2021","12","24","09:00","-25.9","","-28.9","","75","","0.0","","30","","4","","","","83.48","","","","-30","","NA"
"-118.45","53.80","HENDRICKSON CREEK","3063135","2021-12-24 10:00","2021","12","24","10:00","-25.7","","-28.9","","74","","0.1","","32","","3","","","","83.51","","","","-29","","NA"
"-118.45","53.80","HENDRICKSON CREEK","3063135","2021-12-24 11:00","2021","12","24","11:00","-25.4","","-28.8","","73","","0.0","","31","","5","","","","83.56","","","","-30","","NA"
"-118.45","53.80","HENDRICKSON CREEK","3063135","2021-12-24 12:00","2021","12","24","12:00","-25.0","","-28.7","","72","","0.0","","30","","6","","","","83.55","","","","-31","","NA"
"-118.45","53.80","HENDRICKSON CREEK","3063135","2021-12-24 13:00","2021","12","24","13:00","-24.6","","-29.1","","66","","0.0","","29","","10","","","","83.54","","","","-33","","NA"
"-118.45","53.80","HENDRICKSON CREEK","3063135","2021-12-24 14:00","2021","12","24","14:00","-24.4","","-28.8","","67","","0.0","","30","","7","","","","83.54","","","","-31","","NA"
"-118.45","53.80","HENDRICKSON CREEK","3063135","2021-12-24 15:00","2021","12","24","15:00","-25.8","","-29.6","","70","","0.0","","28","","4","","","","83.53","","","","-30","","NA"
"-118.45","53.80","HENDRICKSON CREEK","3063135","2021-12-24 16:00","2021","12","24","16:00","-27.0","","-30.4","","73","","0.3","","31","","5","","","","83.56","","","","-32","","NA"
"-118.45","53.80","HENDRICKSON CREEK","3063135","2021-12-24 17:00","2021","12","24","17:00","-29.1","","-32.4","","73","","0.0","","33","","6","","","","83.61","","","","-35","","NA"
"-118.45","53.80","HENDRICKSON CREEK","3063135","2021-12-24 18:00","2021","12","24","18:00","-30.3","","-33.4","","74","","0.3","","30","","6","","","","83.63","","","","-37","","NA"
"-118.45","53.80","HENDRICKSON CREEK","3063135","2021-12-24 19:00","2021","12","24","19:00","-30.5","","-33.8","","73","","0.3","","29","","5","","","","83.69","","","","-36","","NA"
"-118.45","53.80","HENDRICKSON CREEK","3063135","2021-12-24 20:00","2021","12","24","20:00","-30.8","","-34.0","","73","","0.0","","32","","5","","","","83.71","","","","-37","","NA"
"-118.45","53.80","HENDRICKSON CREEK","3063135","2021-12-24 21:00","2021","12","24","21:00","-30.1","","-33.5","","72","","0.0","","29","","5","","","","83.75","","","","-36","","NA"
"-118.45","53.80","HENDRICKSON CREEK","3063135","2021-12-24 22:00","2021","12","24","22:00","-30.7","","-34.2","","71","","0.0","","30","","6","","","","83.73","","","","-37","","NA"
"-118.45","53.80","HENDRICKSON CREEK","3063135","2021-12-24 23:00","2021","12","24","23:00","-30.8","","-34.2","","72","","0.0","","32","","8","","","","83.77","","","","-39","","NA"
"-118.45","53.80","HENDRICKSON CREEK","3063135","2021-12-25 00:00","2021","12","25","00:00","-30.6","","-33.9","","72","","0.0","","29","","6","","","","83.80","","","","-37","","NA"
"-118.45","53.80","HENDRICKSON CREEK","3063135","2021-12-25 01:00","2021","12","25","01:00","-30.8","","-34.3","","72","","0.0","","30","","6","","","","83.84","","","","-37","","NA"
"-118.45","53.80","HENDRICKSON CREEK","3063135","2021-12-25 02:00","2021","12","25","02:00","-31.1","","-34.6","","71","","0.0","","30","","7","","","","83.86","","","","-39","","NA"
"-118.45","53.80","HENDRICKSON CREEK","3063135","2021-12-25 03:00","2021","12","25","03:00","-31.1","","-34.7","","71","","0.0","","30","","6","","","","83.90","","","","-38","","NA"
"-118.45","53.80","HENDRICKSON CREEK","3063135","2021-12-25 04:00","2021","12","25","04:00","-31.4","","-35.0","","70","","0.0","","30","","6","","","","83.97","","","","-38","","NA"
"-118.45","53.80","HENDRICKSON CREEK","3063135","2021-12-25 05:00","2021","12","25","05:00","-31.3","","-35.0","","70","","0.0","","30","","6","","","","84.02","","","","-38","","NA"
"-118.45","53.80","HENDRICKSON CREEK","3063135","2021-12-25 06:00","2021","12","25","06:00","-31.3","","-35.0","","69","","0.0","","31","","8","","","","84.04","","","","-40","","NA"
"-118.45","53.80","HENDRICKSON CREEK","3063135","2021-12-25 07:00","2021","12","25","07:00","-31.2","","-35.0","","69","","0.0","","30","","6","","","","84.08","","","","-38","","NA"
"-118.45","53.80","HENDRICKSON CREEK","3063135","2021-12-25 08:00","2021","12","25","08:00","-31.1","","-34.9","","69","","0.0","","30","","6","","","","84.12","","","","-38","","NA"
"-118.45","53.80","HENDRICKSON CREEK","3063135","2021-12-25 09:00","2021","12","25","09:00","-31.0","","-34.8","","69","","0.1","","30","","5","","","","84.12","","","","-37","","NA"
"-118.45","53.80","HENDRICKSON CREEK","3063135","2021-12-25 10:00","2021","12","25","10:00","-30.8","","-34.7","","68","","0.0","","30","","4","","","","84.16","","","","-35","","NA"
"-118.45","53.80","HENDRICKSON CREEK","3063135","2021-12-25 11:00","2021","12","25","11:00","-30.5","","-34.7","","67","","0.0","","30","","6","","","","84.16","","","","-37","","NA"
"-118.45","53.80","HENDRICKSON CREEK","3063135","2021-12-25 12:00","2021","12","25","12:00","-30.0","","-34.2","","67","","0.0","","31","","4","","","","84.12","","","","-35","","NA"
"-118.45","53.80","HENDRICKSON CREEK","3063135","2021-12-25 13:00","2021","12","25","13:00","-29.4","","-33.7","","66","","0.0","","28","","4","","","","84.09","","","","-34","","NA"
"-118.45","53.80","HENDRICKSON CREEK","3063135","2021-12-25 14:00","2021","12","25","14:00","-29.3","","-33.7","","66","","0.0","","35","","3","","","","84.08","","","","-33","","NA"
"-118.45","53.80","HENDRICKSON CREEK","3063135","2021-12-25 15:00","2021","12","25","15:00","-29.1","","-33.4","","66","","0.0","","28","","1","","","","84.05","","","","-30","","NA"
"-118.45","53.80","HENDRICKSON CREEK","3063135","2021-12-25 16:00","2021","12","25","16:00","-29.3","","-33.3","","68","","0.0","","31","","2","","","","84.04","","","","-32","","NA"
"-118.45","53.80","HENDRICKSON CREEK","3063135","2021-12-25 17:00","2021","12","25","17:00","-29.8","","-33.9","","68","","0.0","","0","","1","","","","84.04","","","","-31","","NA"
"-118.45","53.80","HENDRICKSON CREEK","3063135","2021-12-25 18:00","2021","12","25","18:00","-30.1","","-34.0","","69","","0.2","","5","","2","","","","84.01","","","","-32","","NA"
"-118.45","53.80","HENDRICKSON CREEK","3063135","2021-12-25 19:00","2021","12","25","19:00","-30.2","","-34.1","","69","","0.1","","0","","1","","","","84.00","","","","-31","","NA"
"-118.45","53.80","HENDRICKSON CREEK","3063135","2021-12-25 20:00","2021","12","25","20:00","-30.7","","-34.8","","67","","0.1","","36","","3","","","","83.98","","","","-34","","NA"
"-118.45","53.80","HENDRICKSON CREEK","3063135","2021-12-25 21:00","2021","12","25","21:00","-31.5","","-35.7","","67","","0.0","","36","","4","","","","83.95","","","","-36","","NA"
"-118.45","53.80","HENDRICKSON CREEK","3063135","2021-12-25 22:00","2021","12","25","22:00","-31.8","","-35.8","","68","","0.1","","","","0","","","","83.92","","","","","","NA"
"-118.45","53.80","HENDRICKSON CREEK","3063135","2021-12-25 23:00","2021","12","25","23:00","-31.8","","-35.4","","70","","0.0","","","","0","","","","83.90","","","","","","NA"
"-118.45","53.80","HENDRICKSON CREEK","3063135","2021-12-26 00:00","2021","12","26","00:00","-31.7","","-35.4","","70","","0.1","","15","","1","","","","83.87","","","","-33","","NA"
"-118.45","53.80","HENDRICKSON CREEK","3063135","2021-12-26 01:00","2021","12","26","01:00","-32.2","","-36.0","","70","","0.0","","","","0","","","","83.83","","","","","","NA"
"-118.45","53.80","HENDRICKSON CREEK","3063135","2021-12-26 02:00","2021","12","26","02:00","-32.8","","-36.8","","67","","0.1","","35","","1","","","","83.80","","","","-34","","NA"
"-118.45","53.80","HENDRICKSON CREEK","3063135","2021-12-26 03:00","2021","12","26","03:00","-33.1","","-36.8","","69","","0.2","","27","","1","","","","83.81","","","","-34","","NA"
"-118.45","53.80","HENDRICKSON CREEK","3063135","2021-12-26 04:00","2021","12","26","04:00","-33.3","","-36.8","","70","","0.1","","","","0","","","","83.83","","","","","","NA"
"-118.45","53.80","HENDRICKSON CREEK","3063135","2021-12-26 05:00","2021","12","26","05:00","-33.2","","-36.8","","70","","0.0","","","","0","","","","83.83","","","","","","NA"
"-118.45","53.80","HENDRICKSON CREEK","3063135","2021-12-26 06:00","2021","12","26","06:00","-32.7","","-36.8","","67","","0.0","","33","","3","","","","83.85","","","","-36","","NA"
"-118.45","53.80","HENDRICKSON CREEK","3063135","2021-12-26 07:00","2021","12","26","07:00","-32.7","","-36.7","","67","","0.0","","27","","1","","","","83.90","","","","-34","","NA"
"-118.45","53.80","HENDRICKSON CREEK","3063135","2021-12-26 08:00","2021","12","26","08:00","-32.7","","-36.7","","68","","0.0","","28","","4","","","","83.92","","","","-37","","NA"
"-118.45","53.80","HENDRICKSON CREEK","3063135","2021-12-26 09:00","2021","12","26","09:00","-33.0","","-36.9","","68","","0.0","","28","","4","","","","83.94","","","","-38","","NA"
"-118.45","53.80","HENDRICKSON CREEK","3063135","2021-12-26 10:00","2021","12","26","10:00","-33.3","","-37.3","","67","","0.1","","28","","3","","","","84.02","","","","-37","","NA"
"-118.45","53.80","HENDRICKSON CREEK","3063135","2021-12-26 11:00","2021","12","26","11:00","-33.2","","-37.4","","66","","0.0","","29","","3","","","","84.07","","","","-37","","NA"
"-118.45","53.80","HENDRICKSON CREEK","3063135","2021-12-26 12:00","2021","12","26","12:00","-32.0","","-36.7","","64","","0.0","","0","","1","","","","84.08","","","","-33","","NA"
"-118.45","53.80","HENDRICKSON CREEK","3063135","2021-12-26 13:00","2021","12","26","13:00","-30.0","","-35.4","","60","","0.0","","28","","2","","","","84.05","","","","-32","","NA"
"-118.45","53.80","HENDRICKSON CREEK","3063135","2021-12-26 14:00","2021","12","26","14:00","-30.6","","-35.6","","61","","0.0","","36","","6","","","","84.10","","","","-37","","NA"
"-118.45","53.80","HENDRICKSON CREEK","3063135","2021-12-26 15:00","2021","12","26","15:00","-31.3","","-35.9","","64","","0.0","","35","","5","","","","84.12","","","","-37","","NA"
"-118.45","53.80","HENDRICKSON CREEK","3063135","2021-12-26 16:00","2021","12","26","16:00","-31.5","","-35.6","","67","","0.2","","28","","4","","","","84.16","","","","-36","","NA"
"-118.45","53.80","HENDRICKSON CREEK","3063135","2021-12-26 17:00","2021","12","26","17:00","-31.6","","-35.4","","69","","0.2","","29","","3","","","","84.21","","","","-35","","NA"
"-118.45","53.80","HENDRICKSON CREEK","3063135","2021-12-26 18:00","2021","12","26","18:00","-31.8","","-35.7","","69","","0.1","","24","","1","","","","84.27","","","","-33","","NA"
"-118.45","53.80","HENDRICKSON CREEK","3063135","2021-12-26 19:00","2021","12","26","19:00","-36.0","","-40.2","","65","","0.0","","27","","2","","","","84.29","","","","-39","","NA"
"-118.45","53.80","HENDRICKSON CREEK","3063135","2021-12-26 20:00","2021","12","26","20:00","-38.5","","-42.6","","65","","0.0","","0","","1","","","","84.26","","","","-40","","NA"
"-118.45","53.80","HENDRICKSON CREEK","3063135","2021-12-26 21:00","2021","12","26","21:00","-40.2","","-44.2","","66","","0.3","","30","","2","","","","84.22","","","","-43","","NA"
"-118.45","53.80","HENDRICKSON CREEK","3063135","2021-12-26 22:00","2021","12","26","22:00","-41.4","","-45.3","","66","","0.3","","28","","3","","","","84.17","","","","-46","","NA"
"-118.45","53.80","HENDRICKSON CREEK","3063135","2021-12-26 23:00","2021","12","26","23:00","-42.5","","-46.4","","65","","0.2","","27","","3","","","","84.11","","","","-47","","NA"
"-118.45","53.80","HENDRICKSON CREEK","3063135","2021-12-27 00:00","2021","12","27","00:00","-43.5","","-47.6","","64","","0.1","","27","","3","","","","84.04","","","","-48","","NA"
"-118.45","53.80","HENDRICKSON CREEK","3063135","2021-12-27 01:00","2021","12","27","01:00","-43.2","","-47.2","","65","","0.1","","30","","4","","","","84.04","","","","-49","","NA"
"-118.45","53.80","HENDRICKSON CREEK","3063135","2021-12-27 02:00","2021","12","27","02:00","-43.5","","-47.5","","65","","0.1","","26","","2","","","","83.91","","","","-46","","NA"
"-118.45","53.80","HENDRICKSON CREEK","3063135","2021-12-27 03:00","2021","12","27","03:00","-43.8","","-47.8","","64","","0.0","","30","","3","","","","83.84","","","","-48","","NA"
"-118.45","53.80","HENDRICKSON CREEK","3063135","2021-12-27 04:00","2021","12","27","04:00","-43.8","","-47.9","","64","","0.0","","31","","3","","","","83.72","","","","-48","","NA"
"-118.45","53.80","HENDRICKSON CREEK","3063135","2021-12-27 05:00","2021","12","27","05:00","-44.2","","-48.3","","64","","0.0","","29","","3","","","","83.57","","","","-49","","NA"
"-118.45","53.80","HENDRICKSON CREEK","3063135","2021-12-27 06:00","2021","12","27","06:00","-44.2","","-48.3","","64","","0.0","","29","","3","","","","83.44","","","","-49","","NA"
"-118.45","53.80","HENDRICKSON CREEK","3063135","2021-12-27 07:00","2021","12","27","07:00","-44.6","","-48.7","","64","","0.0","","29","","2","","","","83.33","","","","-48","","NA"
"-118.45","53.80","HENDRICKSON CREEK","3063135","2021-12-27 08:00","2021","12","27","08:00","-44.4","","-48.5","","64","","0.0","","26","","3","","","","83.26","","","","-49","","NA"
"-118.45","53.80","HENDRICKSON CREEK","3063135","2021-12-27 09:00","2021","12","27","09:00","-44.3","","-48.4","","64","","0.0","","","","0","","","","83.17","","","","","","NA"
"-118.45","53.80","HENDRICKSON CREEK","3063135","2021-12-27 10:00","2021","12","27","10:00","-42.9","","-47.0","","65","","0.0","","30","","2","","","","83.06","","","","-46","","NA"
"-118.45","53.80","HENDRICKSON CREEK","3063135","2021-12-27 11:00","2021","12","27","11:00","-38.4","","-42.2","","67","","0.0","","","","0","","","","82.97","","","","","","NA"
"-118.45","53.80","HENDRICKSON CREEK","3063135","2021-12-27 12:00","2021","12","27","12:00","-31.8","","-35.3","","71","","0.0","","33","","8","","","","82.91","","","","-40","","NA"
"-118.45","53.80","HENDRICKSON CREEK","3063135","2021-12-27 13:00","2021","12","27","13:00","-20.4","","-25.5","","64","","0.0","","32","","9","","","","82.89","","","","-27","","NA"
"-118.45","53.80","HENDRICKSON CREEK","3063135","2021-12-27 14:00","2021","12","27","14:00","-18.9","","-24.2","","63","","0.0","","31","","6","","","","82.89","","","","-24","","NA"
"-118.45","53.80","HENDRICKSON CREEK","3063135","2021-12-27 15:00","2021","12","27","15:00","-19.1","","-24.1","","65","","0.0","","31","","8","","","","82.92","","","","-25","","NA"
"-118.45","53.80","HENDRICKSON CREEK","3063135","2021-12-27 16:00","2021","12","27","16:00","-20.4","","-24.5","","70","","0.0","","28","","3","","","","82.96","","","","-23","","NA"
"-118.45","53.80","HENDRICKSON CREEK","3063135","2021-12-27 17:00","2021","12","27","17:00","-22.4","","-25.3","","77","","0.0","","31","","6","","","","83.00","","","","-28","","NA"
"-118.45","53.80","HENDRICKSON CREEK","3063135","2021-12-27 18:00","2021","12","27","18:00","-24.8","","-28.0","","75","","0.3","","27","","4","","","","83.00","","","","-29","","NA"
"-118.45","53.80","HENDRICKSON CREEK","3063135","2021-12-27 19:00","2021","12","27","19:00","-27.8","","-31.2","","73","","0.0","","32","","2","","","","83.05","","","","-30","","NA"
"-118.45","53.80","HENDRICKSON CREEK","3063135","2021-12-27 20:00","2021","12","27","20:00","-27.1","","-30.0","","76","","0.2","","27","","3","","","","83.10","","","","-30","","NA"
"-118.45","53.80","HENDRICKSON CREEK","3063135","2021-12-27 21:00","2021","12","27","21:00","-20.9","","-23.4","","80","","0.0","","32","","8","","","","83.18","","","","-27","","NA"
"-118.45","53.80","HENDRICKSON CREEK","3063135","2021-12-27 22:00","2021","12","27","22:00","-20.3","","-23.6","","75","","0.4","","30","","4","","","","83.21","","","","-24","","NA"
"-118.45","53.80","HENDRICKSON CREEK","3063135","2021-12-27 23:00","2021","12","27","23:00","-18.7","","-21.9","","76","","0.0","","32","","11","","","","83.26","","","","-26","","NA"
"-118.45","53.80","HENDRICKSON CREEK","3063135","2021-12-28 00:00","2021","12","28","00:00","-17.9","","-20.8","","78","","0.0","","32","","8","","","","83.26","","","","-24","","NA"
"-118.45","53.80","HENDRICKSON CREEK","3063135","2021-12-28 01:00","2021","12","28","01:00","-18.1","","-21.0","","78","","0.0","","31","","7","","","","83.24","","","","-23","","NA"
"-118.45","53.80","HENDRICKSON CREEK","3063135","2021-12-28 02:00","2021","12","28","02:00","-17.5","","-20.6","","77","","0.0","","32","","10","","","","83.24","","","","-24","","NA"
"-118.45","53.80","HENDRICKSON CREEK","3063135","2021-12-28 03:00","2021","12","28","03:00","-18.1","","-20.9","","79","","0.1","","32","","6","","","","83.29","","","","-23","","NA"
"-118.45","53.80","HENDRICKSON CREEK","3063135","2021-12-28 04:00","2021","12","28","04:00","-17.3","","-20.4","","77","","0.1","","29","","8","","","","83.28","","","","-23","","NA"
"-118.45","53.80","HENDRICKSON CREEK","3063135","2021-12-28 05:00","2021","12","28","05:00","-17.0","","-20.1","","77","","0.0","","30","","10","","","","83.28","","","","-24","","NA"
"-118.45","53.80","HENDRICKSON CREEK","3063135","2021-12-28 06:00","2021","12","28","06:00","-16.8","","-19.8","","77","","0.0","","29","","9","","","","83.33","","","","-23","","NA"
"-118.45","53.80","HENDRICKSON CREEK","3063135","2021-12-28 07:00","2021","12","28","07:00","-16.4","","-19.4","","78","","0.1","","29","","10","","","","83.38","","","","-23","","NA"
"-118.45","53.80","HENDRICKSON CREEK","3063135","2021-12-28 08:00","2021","12","28","08:00","-16.9","","-19.7","","79","","0.2","","30","","12","","","","83.46","","","","-24","","NA"
"-118.45","53.80","HENDRICKSON CREEK","3063135","2021-12-28 09:00","2021","12","28","09:00","-17.6","","-20.4","","79","","0.3","","31","","14","","","","83.53","","","","-26","","NA"
"-118.45","53.80","HENDRICKSON CREEK","3063135","2021-12-28 10:00","2021","12","28","10:00","-18.0","","-21.0","","77","","0.2","","30","","16","","","","83.57","","","","-27","","NA"
"-118.45","53.80","HENDRICKSON CREEK","3063135","2021-12-28 11:00","2021","12","28","11:00","-18.6","","-21.7","","76","","0.3","","30","","17","","","","83.64","","","","-28","","NA"
"-118.45","53.80","HENDRICKSON CREEK","3063135","2021-12-28 12:00","2021","12","28","12:00","-18.4","","-22.1","","73","","0.1","","30","","13","","","","83.72","","","","-26","","NA"
"-118.45","53.80","HENDRICKSON CREEK","3063135","2021-12-28 13:00","2021","12","28","13:00","-19.0","","-22.9","","72","","0.1","","28","","10","","","","83.77","","","","-26","","NA"
"-118.45","53.80","HENDRICKSON CREEK","3063135","2021-12-28 14:00","2021","12","28","14:00","-21.2","","-24.9","","72","","0.0","","33","","14","","","","83.83","","","","-30","","NA"
"-118.45","53.80","HENDRICKSON CREEK","3063135","2021-12-28 15:00","2021","12","28","15:00","-22.3","","-25.8","","73","","0.0","","30","","7","","","","83.87","","","","-28","","NA"
"-118.45","53.80","HENDRICKSON CREEK","3063135","2021-12-28 16:00","2021","12","28","16:00","-23.7","","-27.1","","73","","0.2","","31","","8","","","","83.93","","","","-31","","NA"
"-118.45","53.80","HENDRICKSON CREEK","3063135","2021-12-28 17:00","2021","12","28","17:00","-25.0","","-28.5","","73","","0.2","","32","","12","","","","84.06","","","","-34","","NA"
"-118.45","53.80","HENDRICKSON CREEK","3063135","2021-12-28 18:00","2021","12","28","18:00","-26.0","","-29.4","","73","","0.2","","32","","9","","","","84.09","","","","-34","","NA"
"-118.45","53.80","HENDRICKSON CREEK","3063135","2021-12-28 19:00","2021","12","28","19:00","-27.3","","-30.5","","74","","0.3","","27","","5","","","","84.14","","","","-33","","NA"
"-118.45","53.80","HENDRICKSON CREEK","3063135","2021-12-28 20:00","2021","12","28","20:00","-29.4","","-32.6","","74","","0.1","","29","","5","","","","84.16","","","","-35","","NA"
"-118.45","53.80","HENDRICKSON CREEK","3063135","2021-12-28 21:00","2021","12","28","21:00","-28.4","","-31.5","","74","","0.2","","27","","3","","","","84.21","","","","-32","","NA"
"-118.45","53.80","HENDRICKSON CREEK","3063135","2021-12-28 22:00","2021","12","28","22:00","-32.0","","-35.4","","72","","0.0","","30","","5","","","","84.19","","","","-38","","NA"
"-118.45","53.80","HENDRICKSON CREEK","3063135","2021-12-28 23:00","2021","12","28","23:00","-32.2","","-35.6","","72","","0.0","","32","","4","","","","84.19","","","","-37","","NA"
"-118.45","53.80","HENDRICKSON CREEK","3063135","2021-12-29 00:00","2021","12","29","00:00","-33.4","","-36.8","","71","","0.3","","31","","2","","","","84.19","","","","-36","","NA"
"-118.45","53.80","HENDRICKSON CREEK","3063135","2021-12-29 01:00","2021","12","29","01:00","-30.6","","-33.9","","73","","0.1","","31","","5","","","","84.17","","","","-36","","NA"
"-118.45","53.80","HENDRICKSON CREEK","3063135","2021-12-29 02:00","2021","12","29","02:00","-31.0","","-34.3","","73","","0.0","","30","","6","","","","84.16","","","","-38","","NA"
"-118.45","53.80","HENDRICKSON CREEK","3063135","2021-12-29 03:00","2021","12","29","03:00","-30.5","","-33.7","","73","","0.0","","32","","7","","","","84.15","","","","-38","","NA"
"-118.45","53.80","HENDRICKSON CREEK","3063135","2021-12-29 04:00","2021","12","29","04:00","-34.1","","-37.6","","70","","0.0","","15","","1","","","","84.12","","","","-35","","NA"
"-118.45","53.80","HENDRICKSON CREEK","3063135","2021-12-29 05:00","2021","12","29","05:00","-34.5","","-38.0","","70","","0.0","","0","","1","","","","84.04","","","","-36","","NA"
"-118.45","53.80","HENDRICKSON CREEK","3063135","2021-12-29 06:00","2021","12","29","06:00","-27.4","","-30.4","","75","","0.5","","30","","5","","","","83.98","","","","-33","","NA"
"-118.45","53.80","HENDRICKSON CREEK","3063135","2021-12-29 07:00","2021","12","29","07:00","-26.1","","-29.1","","76","","0.0","","28","","4","","","","83.89","","","","-30","","NA"
"-118.45","53.80","HENDRICKSON CREEK","3063135","2021-12-29 08:00","2021","12","29","08:00","-26.0","","-28.9","","76","","0.0","","30","","7","","","","83.77","","","","-33","","NA"
"-118.45","53.80","HENDRICKSON CREEK","3063135","2021-12-29 09:00","2021","12","29","09:00","-26.1","","-29.1","","76","","0.0","","29","","7","","","","83.79","","","","-33","","NA"
"-118.45","53.80","HENDRICKSON CREEK","3063135","2021-12-29 10:00","2021","12","29","10:00","-27.5","","-30.5","","75","","0.0","","33","","7","","","","83.62","","","","-34","","NA"
"-118.45","53.80","HENDRICKSON CREEK","3063135","2021-12-29 11:00","2021","12","29","11:00","-21.2","","-24.9","","72","","0.4","","32","","11","","","","83.59","","","","-29","","NA"
"-118.45","53.80","HENDRICKSON CREEK","3063135","2021-12-29 12:00","2021","12","29","12:00","-19.2","","-23.5","","69","","0.0","","33","","5","","","","83.41","","","","-23","","NA"
"-118.45","53.80","HENDRICKSON CREEK","3063135","2021-12-29 13:00","2021","12","29","13:00","-17.9","","-22.8","","65","","0.0","","29","","8","","","","83.26","","","","-24","","NA"
"-118.45","53.80","HENDRICKSON CREEK","3063135","2021-12-29 14:00","2021","12","29","14:00","-16.6","","-21.1","","69","","0.0","","31","","8","","","","83.13","","","","-22","","NA"
"-118.45","53.80","HENDRICKSON CREEK","3063135","2021-12-29 15:00","2021","12","29","15:00","-16.2","","-19.5","","76","","0.0","","28","","5","","","","83.02","","","","-20","","NA"
"-118.45","53.80","HENDRICKSON CREEK","3063135","2021-12-29 16:00","2021","12","29","16:00","-15.8","","-18.7","","78","","0.0","","34","","8","","","","82.88","","","","-21","","NA"
"-118.45","53.80","HENDRICKSON CREEK","3063135","2021-12-29 17:00","2021","12","29","17:00","-15.6","","-18.3","","79","","0.0","","30","","6","","","","82.83","","","","-20","","NA"
"-118.45","53.80","HENDRICKSON CREEK","3063135","2021-12-29 18:00","2021","12","29","18:00","-15.0","","-17.8","","79","","0.3","","30","","11","","","","82.74","","","","-22","","NA"
"-118.45","53.80","HENDRICKSON CREEK","3063135","2021-12-29 19:00","2021","12","29","19:00","-14.8","","-17.2","","82","","0.1","","33","","4","","","","82.67","","","","-18","","NA"
"-118.45","53.80","HENDRICKSON CREEK","3063135","2021-12-29 20:00","2021","12","29","20:00","-14.6","","-17.0","","81","","0.1","","32","","5","","","","82.60","","","","-18","","NA"
"-118.45","53.80","HENDRICKSON CREEK","3063135","2021-12-29 21:00","2021","12","29","21:00","-14.2","","-16.5","","83","","0.4","","31","","7","","","","82.61","","","","-19","","NA"
"-118.45","53.80","HENDRICKSON CREEK","3063135","2021-12-29 22:00","2021","12","29","22:00","-14.3","","-16.6","","83","","0.3","","31","","6","","","","82.67","","","","-18","","NA"
"-118.45","53.80","HENDRICKSON CREEK","3063135","2021-12-29 23:00","2021","12","29","23:00","-15.0","","-17.6","","81","","0.2","","31","","5","","","","82.76","","","","-19","","NA"
"-118.45","53.80","HENDRICKSON CREEK","3063135","2021-12-30 00:00","2021","12","30","00:00","-15.3","","-17.8","","81","","0.4","","31","","7","","","","82.85","","","","-20","","NA"
"-118.45","53.80","HENDRICKSON CREEK","3063135","2021-12-30 01:00","2021","12","30","01:00","-16.3","","-18.5","","83","","0.1","","30","","5","","","","82.91","","","","-20","","NA"
"-118.45","53.80","HENDRICKSON CREEK","3063135","2021-12-30 02:00","2021","12","30","02:00","-16.5","","-18.9","","81","","0.3","","28","","5","","","","83.00","","","","-20","","NA"
"-118.45","53.80","HENDRICKSON CREEK","3063135","2021-12-30 03:00","2021","12","30","03:00","-16.9","","-19.4","","81","","0.2","","30","","6","","","","83.10","","","","-21","","NA"
"-118.45","53.80","HENDRICKSON CREEK","3063135","2021-12-30 04:00","2021","12","30","04:00","-17.4","","-20.0","","80","","0.2","","31","","9","","","","83.19","","","","-24","","NA"
"-118.45","53.80","HENDRICKSON CREEK","3063135","2021-12-30 05:00","2021","12","30","05:00","-18.1","","-20.8","","79","","0.1","","29","","8","","","","83.26","","","","-24","","NA"
"-118.45","53.80","HENDRICKSON CREEK","3063135","2021-12-30 06:00","2021","12","30","06:00","-18.4","","-21.0","","80","","0.1","","30","","3","","","","83.32","","","","-21","","NA"
"-118.45","53.80","HENDRICKSON CREEK","3063135","2021-12-30 07:00","2021","12","30","07:00","-18.9","","-21.9","","77","","0.1","","33","","7","","","","83.42","","","","-24","","NA"
"-118.45","53.80","HENDRICKSON CREEK","3063135","2021-12-30 08:00","2021","12","30","08:00","-19.8","","-22.9","","77","","0.2","","31","","3","","","","83.52","","","","-22","","NA"
"-118.45","53.80","HENDRICKSON CREEK","3063135","2021-12-30 09:00","2021","12","30","09:00","-20.5","","-23.4","","77","","0.2","","32","","8","","","","83.61","","","","-27","","NA"
"-118.45","53.80","HENDRICKSON CREEK","3063135","2021-12-30 10:00","2021","12","30","10:00","-20.8","","-23.8","","77","","0.2","","29","","4","","","","83.68","","","","-24","","NA"
"-118.45","53.80","HENDRICKSON CREEK","3063135","2021-12-30 11:00","2021","12","30","11:00","-20.1","","-23.5","","74","","0.3","","31","","8","","","","83.75","","","","-26","","NA"
"-118.45","53.80","HENDRICKSON CREEK","3063135","2021-12-30 12:00","2021","12","30","12:00","-20.3","","-23.7","","74","","0.0","","31","","8","","","","83.73","","","","-27","","NA"
"-118.45","53.80","HENDRICKSON CREEK","3063135","2021-12-30 13:00","2021","12","30","13:00","-19.9","","-23.5","","73","","0.0","","29","","3","","","","83.70","","","","-22","","NA"
"-118.45","53.80","HENDRICKSON CREEK","3063135","2021-12-30 14:00","2021","12","30","14:00","-19.3","","-23.3","","70","","0.0","","29","","5","","","","83.70","","","","-23","","NA"
"-118.45","53.80","HENDRICKSON CREEK","3063135","2021-12-30 15:00","2021","12","30","15:00","-19.5","","-23.4","","71","","0.0","","30","","5","","","","83.74","","","","-24","","NA"
"-118.45","53.80","HENDRICKSON CREEK","3063135","2021-12-30 16:00","2021","12","30","16:00","-20.1","","-23.5","","74","","0.0","","30","","5","","","","83.79","","","","-24","","NA"
"-118.45","53.80","HENDRICKSON CREEK","3063135","2021-12-30 17:00","2021","12","30","17:00","-21.6","","-24.5","","77","","0.0","","30","","4","","","","83.83","","","","-25","","NA"
"-118.45","53.80","HENDRICKSON CREEK","3063135","2021-12-30 18:00","2021","12","30","18:00","-24.0","","-27.0","","76","","0.0","","28","","1","","","","83.89","","","","-25","","NA"
"-118.45","53.80","HENDRICKSON CREEK","3063135","2021-12-30 19:00","2021","12","30","19:00","-26.0","","-28.9","","77","","0.2","","30","","1","","","","83.92","","","","-27","","NA"
"-118.45","53.80","HENDRICKSON CREEK","3063135","2021-12-30 20:00","2021","12","30","20:00","-26.8","","-29.9","","75","","0.2","","28","","3","","","","83.93","","","","-30","","NA"
"-118.45","53.80","HENDRICKSON CREEK","3063135","2021-12-30 21:00","2021","12","30","21:00","-29.1","","-32.5","","72","","0.0","","28","","2","","","","83.94","","","","-31","","NA"
"-118.45","53.80","HENDRICKSON CREEK","3063135","2021-12-30 22:00","2021","12","30","22:00","-31.0","","-34.2","","74","","0.2","","33","","4","","","","83.97","","","","-36","","NA"
"-118.45","53.80","HENDRICKSON CREEK","3063135","2021-12-30 23:00","2021","12","30","23:00","-31.5","","-34.8","","73","","0.2","","","","0","","","","83.98","","","","","","NA"
"-118.45","53.80","HENDRICKSON CREEK","3063135","2021-12-31 00:00","2021","12","31","00:00","-31.0","","-34.3","","73","","0.0","","29","","3","","","","84.05","","","","-34","","NA"
"-118.45","53.80","HENDRICKSON CREEK","3063135","2021-12-31 01:00","2021","12","31","01:00","-32.0","","-35.4","","72","","0.0","","26","","3","","","","84.10","","","","-36","","NA"
"-118.45","53.80","HENDRICKSON CREEK","3063135","2021-12-31 02:00","2021","12","31","02:00","-34.0","","-37.6","","70","","0.0","","0","","1","","","","84.16","","","","-35","","NA"
"-118.45","53.80","HENDRICKSON CREEK","3063135","2021-12-31 03:00","2021","12","31","03:00","-35.4","","-38.9","","70","","0.2","","28","","3","","","","84.22","","","","-39","","NA"
"-118.45","53.80","HENDRICKSON CREEK","3063135","2021-12-31 04:00","2021","12","31","04:00","-34.6","","-38.1","","71","","0.2","","27","","3","","","","84.25","","","","-38","","NA"
"-118.45","53.80","HENDRICKSON CREEK","3063135","2021-12-31 05:00","2021","12","31","05:00","-34.6","","-38.1","","71","","0.0","","28","","3","","","","84.27","","","","-38","","NA"
"-118.45","53.80","HENDRICKSON CREEK","3063135","2021-12-31 06:00","2021","12","31","06:00","-35.0","","-38.5","","70","","0.0","","33","","2","","","","84.29","","","","-38","","NA"
"-118.45","53.80","HENDRICKSON CREEK","3063135","2021-12-31 07:00","2021","12","31","07:00","-35.0","","-38.5","","70","","0.0","","29","","2","","","","84.32","","","","-38","","NA"
"-118.45","53.80","HENDRICKSON CREEK","3063135","2021-12-31 08:00","2021","12","31","08:00","-35.8","","-39.4","","70","","0.0","","28","","1","","","","84.34","","","","-37","","NA"
"-118.45","53.80","HENDRICKSON CREEK","3063135","2021-12-31 09:00","2021","12","31","09:00","-36.5","","-40.2","","69","","0.0","","25","","3","","","","84.36","","","","-40","","NA"
"-118.45","53.80","HENDRICKSON CREEK","3063135","2021-12-31 10:00","2021","12","31","10:00","-35.7","","-39.3","","70","","0.0","","29","","4","","","","84.37","","","","-41","","NA"
"-118.45","53.80","HENDRICKSON CREEK","3063135","2021-12-31 11:00","2021","12","31","11:00","-30.5","","-33.7","","73","","0.0","","29","","4","","","","84.34","","","","-35","","NA"
"-118.45","53.80","HENDRICKSON CREEK","3063135","2021-12-31 12:00","2021","12","31","12:00","-21.0","","-23.5","","80","","0.0","","29","","5","","","","84.29","","","","-25","","NA"
"-118.45","53.80","HENDRICKSON CREEK","3063135","2021-12-31 13:00","2021","12","31","13:00","-16.9","","-22.5","","62","","0.0","","30","","6","","","","84.24","","","","-21","","NA"
"-118.45","53.80","HENDRICKSON CREEK","3063135","2021-12-31 14:00","2021","12","31","14:00","-15.4","","-21.4","","60","","0.0","","29","","5","","","","84.22","","","","-19","","NA"
"-118.45","53.80","HENDRICKSON CREEK","3063135","2021-12-31 15:00","2021","12","31","15:00","-15.6","","-21.4","","61","","0.0","","32","","6","","","","84.17","","","","-20","","NA"
"-118.45","53.80","HENDRICKSON CREEK","3063135","2021-12-31 16:00","2021","12","31","16:00","-18.1","","-22.1","","71","","0.0","","32","","7","","","","84.20","","","","-23","","NA"
"-118.45","53.80","HENDRICKSON CREEK","3063135","2021-12-31 17:00","2021","12","31","17:00","-24.0","","-27.5","","73","","0.4","","27","","3","","","","84.18","","","","-27","","NA"
"-118.45","53.80","HENDRICKSON CREEK","3063135","2021-12-31 18:00","2021","12","31","18:00","-27.9","","-31.3","","73","","0.3","","","","0","","","","84.16","","","","","","NA"
"-118.45","53.80","HENDRICKSON CREEK","3063135","2021-12-31 19:00","2021","12","31","19:00","-29.0","","-32.0","","75","","0.4","","0","","1","","","","84.16","","","","-30","","NA"
"-118.45","53.80","HENDRICKSON CREEK","3063135","2021-12-31 20:00","2021","12","31","20:00","-29.4","","-32.6","","74","","0.3","","27","","1","","","","84.13","","","","-31","","NA"
"-118.45","53.80","HENDRICKSON CREEK","3063135","2021-12-31 21:00","2021","12","31","21:00","-29.6","","-32.7","","74","","0.1","","27","","2","","","","84.08","","","","-32","","NA"
"-118.45","53.80","HENDRICKSON CREEK","3063135","2021-12-31 22:00","2021","12","31","22:00","-28.3","","-31.2","","76","","0.0","","31","","4","","","","84.08","","","","-33","","NA"
"-118.45","53.80","HENDRICKSON CREEK","3063135","2021-12-31 23:00","2021","12","31","23:00","-28.0","","-31.1","","75","","0.0","","32","","2","","","","84.01","","","","-30","","NA"
