"Longitude (x)","Latitude (y)","Station Name","Climate ID","Date/Time (LST)","Year","Month","Day","Time (LST)","Temp (°C)","Temp Flag","Dew Point Temp (°C)","Dew Point Temp Flag","Rel Hum (%)","Rel Hum Flag","Precip. Amount (mm)","Precip. Amount Flag","Wind Dir (10s deg)","Wind Dir Flag","Wind Spd (km/h)","Wind Spd Flag","Visibility (km)","Visibility Flag","Stn Press (kPa)","Stn Press Flag","Hmdx","Hmdx Flag","Wind Chill","Wind Chill Flag","Weather"
"-85.05","73.01","ARCTIC BAY A","2400401","2020-06-01 00:00","2020","06","01","00:00"
"-85.05","73.01","ARCTIC BAY A","2400401","2020-06-01 01:00","2020","06","01","01:00"
"-85.05","73.01","ARCTIC BAY A","2400401","2020-06-01 02:00","2020","06","01","02:00"
"-85.05","73.01","ARCTIC BAY A","2400401","2020-06-01 03:00","2020","06","01","03:00"
"-85.05","73.01","ARCTIC BAY A","2400401","2020-06-01 04:00","2020","06","01","04:00"
"-85.05","73.01","ARCTIC BAY A","2400401","2020-06-01 05:00","2020","06","01","05:00"
"-85.05","73.01","ARCTIC BAY A","2400401","2020-06-01 06:00","2020","06","01","06:00","-0.7","","-5.3","","71","","","","16","","5","","48.3","","101.23","","","","-2","","NA"
"-85.05","73.01","ARCTIC BAY A","2400401","2020-06-01 07:00","2020","06","01","07:00","-0.6","","-5.3","","71","","","","27","","12","","48.3","","101.25","","","","-5","","Mostly Cloudy"
"-85.05","73.01","ARCTIC BAY A","2400401","2020-06-01 08:00","2020","06","01","08:00","-0.3","","-5.6","","67","","","","20","","4","","48.3","","101.24","","","","-2","","NA"
"-85.05","73.01","ARCTIC BAY A","2400401","2020-06-01 09:00","2020","06","01","09:00","0.2","","-6.0","","63","","","","5","","11","","40.2","","101.26","","","","","","NA"
"-85.05","73.01","ARCTIC BAY A","2400401","2020-06-01 10:00","2020","06","01","10:00"
"-85.05","73.01","ARCTIC BAY A","2400401","2020-06-01 11:00","2020","06","01","11:00","0.9","","-5.4","","63","","","","27","","11","","48.3","","101.25","","","","","","NA"
"-85.05","73.01","ARCTIC BAY A","2400401","2020-06-01 12:00","2020","06","01","12:00","1.0","","-4.2","","68","","","","28","","19","","48.3","","101.27","","","","","","NA"
"-85.05","73.01","ARCTIC BAY A","2400401","2020-06-01 13:00","2020","06","01","13:00","1.2","","-3.9","","69","","","","28","","18","","48.3","","101.29","","","","","","Mostly Cloudy"
"-85.05","73.01","ARCTIC BAY A","2400401","2020-06-01 14:00","2020","06","01","14:00","1.2","","-3.8","","69","","","","30","","19","","48.3","","101.31","","","","","","NA"
"-85.05","73.01","ARCTIC BAY A","2400401","2020-06-01 15:00","2020","06","01","15:00","1.3","","-4.6","","65","","","","30","","19","","48.3","","101.31","","","","","","NA"
"-85.05","73.01","ARCTIC BAY A","2400401","2020-06-01 16:00","2020","06","01","16:00","1.6","","-4.2","","66","","","","28","","20","","48.3","","101.33","","","","","","Mostly Cloudy"
"-85.05","73.01","ARCTIC BAY A","2400401","2020-06-01 17:00","2020","06","01","17:00","2.3","","-4.4","","61","","","","30","","21","","48.3","","101.32","","","","","","NA"
"-85.05","73.01","ARCTIC BAY A","2400401","2020-06-01 18:00","2020","06","01","18:00"
"-85.05","73.01","ARCTIC BAY A","2400401","2020-06-01 19:00","2020","06","01","19:00"
"-85.05","73.01","ARCTIC BAY A","2400401","2020-06-01 20:00","2020","06","01","20:00"
"-85.05","73.01","ARCTIC BAY A","2400401","2020-06-01 21:00","2020","06","01","21:00"
"-85.05","73.01","ARCTIC BAY A","2400401","2020-06-01 22:00","2020","06","01","22:00"
"-85.05","73.01","ARCTIC BAY A","2400401","2020-06-01 23:00","2020","06","01","23:00"
"-85.05","73.01","ARCTIC BAY A","2400401","2020-06-02 00:00","2020","06","02","00:00"
"-85.05","73.01","ARCTIC BAY A","2400401","2020-06-02 01:00","2020","06","02","01:00"
"-85.05","73.01","ARCTIC BAY A","2400401","2020-06-02 02:00","2020","06","02","02:00"
"-85.05","73.01","ARCTIC BAY A","2400401","2020-06-02 03:00","2020","06","02","03:00"
"-85.05","73.01","ARCTIC BAY A","2400401","2020-06-02 04:00","2020","06","02","04:00"
"-85.05","73.01","ARCTIC BAY A","2400401","2020-06-02 05:00","2020","06","02","05:00"
"-85.05","73.01","ARCTIC BAY A","2400401","2020-06-02 06:00","2020","06","02","06:00","-2.7","","-3.6","","94","","","","25","","13","","48.3","","101.68","","","","-7","","NA"
"-85.05","73.01","ARCTIC BAY A","2400401","2020-06-02 07:00","2020","06","02","07:00","-2.8","","-3.6","","94","","","","27","","12","","48.3","","101.70","","","","-7","","Cloudy"
"-85.05","73.01","ARCTIC BAY A","2400401","2020-06-02 08:00","2020","06","02","08:00","-2.5","","-3.5","","93","","","","26","","15","","48.3","","101.74","","","","-7","","NA"
"-85.05","73.01","ARCTIC BAY A","2400401","2020-06-02 09:00","2020","06","02","09:00","-1.9","","-3.1","","92","","","","25","","15","","48.3","","101.78","","","","-7","","NA"
"-85.05","73.01","ARCTIC BAY A","2400401","2020-06-02 10:00","2020","06","02","10:00","-1.4","","-3.0","","89","","","","25","","15","","48.3","","101.82","","","","-6","","Mostly Cloudy"
"-85.05","73.01","ARCTIC BAY A","2400401","2020-06-02 11:00","2020","06","02","11:00","-0.5","","-2.6","","86","","","","25","","15","","48.3","","101.85","","","","-5","","NA"
"-85.05","73.01","ARCTIC BAY A","2400401","2020-06-02 12:00","2020","06","02","12:00","0.2","","-3.2","","78","","","","25","","17","","48.3","","101.89","","","","","","NA"
"-85.05","73.01","ARCTIC BAY A","2400401","2020-06-02 13:00","2020","06","02","13:00","0.0","","-3.3","","79","","","","24","","17","","48.3","","101.91","","","","-5","","Mostly Cloudy"
"-85.05","73.01","ARCTIC BAY A","2400401","2020-06-02 14:00","2020","06","02","14:00","0.0","","-4.1","","74","","","","25","","15","","48.3","","101.96","","","","-4","","NA"
"-85.05","73.01","ARCTIC BAY A","2400401","2020-06-02 15:00","2020","06","02","15:00","0.0","","-4.7","","71","","","","26","","14","","48.3","","101.99","","","","-4","","NA"
"-85.05","73.01","ARCTIC BAY A","2400401","2020-06-02 16:00","2020","06","02","16:00"
"-85.05","73.01","ARCTIC BAY A","2400401","2020-06-02 17:00","2020","06","02","17:00"
"-85.05","73.01","ARCTIC BAY A","2400401","2020-06-02 18:00","2020","06","02","18:00"
"-85.05","73.01","ARCTIC BAY A","2400401","2020-06-02 19:00","2020","06","02","19:00"
"-85.05","73.01","ARCTIC BAY A","2400401","2020-06-02 20:00","2020","06","02","20:00"
"-85.05","73.01","ARCTIC BAY A","2400401","2020-06-02 21:00","2020","06","02","21:00"
"-85.05","73.01","ARCTIC BAY A","2400401","2020-06-02 22:00","2020","06","02","22:00"
"-85.05","73.01","ARCTIC BAY A","2400401","2020-06-02 23:00","2020","06","02","23:00"
"-85.05","73.01","ARCTIC BAY A","2400401","2020-06-03 00:00","2020","06","03","00:00"
"-85.05","73.01","ARCTIC BAY A","2400401","2020-06-03 01:00","2020","06","03","01:00"
"-85.05","73.01","ARCTIC BAY A","2400401","2020-06-03 02:00","2020","06","03","02:00"
"-85.05","73.01","ARCTIC BAY A","2400401","2020-06-03 03:00","2020","06","03","03:00"
"-85.05","73.01","ARCTIC BAY A","2400401","2020-06-03 04:00","2020","06","03","04:00"
"-85.05","73.01","ARCTIC BAY A","2400401","2020-06-03 05:00","2020","06","03","05:00"
"-85.05","73.01","ARCTIC BAY A","2400401","2020-06-03 06:00","2020","06","03","06:00","-0.8","","-3.2","","84","","","","13","","9","","32.2","","102.46","","","","-4","","NA"
"-85.05","73.01","ARCTIC BAY A","2400401","2020-06-03 07:00","2020","06","03","07:00","-0.3","","-3.2","","81","","","","18","","5","","16.1","","102.52","","","","-2","","Cloudy"
"-85.05","73.01","ARCTIC BAY A","2400401","2020-06-03 08:00","2020","06","03","08:00","-0.6","","-2.4","","88","","","","23","","7","","32.2","","102.57","","","","-3","","NA"
"-85.05","73.01","ARCTIC BAY A","2400401","2020-06-03 09:00","2020","06","03","09:00","0.7","","-2.6","","79","","","","16","","5","","40.2","","102.61","","","","","","NA"
"-85.05","73.01","ARCTIC BAY A","2400401","2020-06-03 10:00","2020","06","03","10:00","2.1","","-4.7","","61","","","","13","","12","","40.2","","102.64","","","","","","Mostly Cloudy"
"-85.05","73.01","ARCTIC BAY A","2400401","2020-06-03 11:00","2020","06","03","11:00","2.2","","-4.0","","64","","","","13","","18","","16.1","","102.65","","","","","","NA"
"-85.05","73.01","ARCTIC BAY A","2400401","2020-06-03 12:00","2020","06","03","12:00","0.4","","-1.6","","86","","","","25","","16","","16.1","","102.75","","","","","","Snow"
"-85.05","73.01","ARCTIC BAY A","2400401","2020-06-03 13:00","2020","06","03","13:00","1.9","","-4.0","","65","","","","18","","8","","24.1","","102.79","","","","","","Cloudy"
"-85.05","73.01","ARCTIC BAY A","2400401","2020-06-03 14:00","2020","06","03","14:00","1.8","","-3.8","","67","","","","14","","18","","16.1","","102.85","","","","","","NA"
"-85.05","73.01","ARCTIC BAY A","2400401","2020-06-03 15:00","2020","06","03","15:00","1.9","","-4.0","","65","","","","12","","18","","16.1","","102.88","","","","","","Snow"
"-85.05","73.01","ARCTIC BAY A","2400401","2020-06-03 16:00","2020","06","03","16:00"
"-85.05","73.01","ARCTIC BAY A","2400401","2020-06-03 17:00","2020","06","03","17:00"
"-85.05","73.01","ARCTIC BAY A","2400401","2020-06-03 18:00","2020","06","03","18:00"
"-85.05","73.01","ARCTIC BAY A","2400401","2020-06-03 19:00","2020","06","03","19:00"
"-85.05","73.01","ARCTIC BAY A","2400401","2020-06-03 20:00","2020","06","03","20:00"
"-85.05","73.01","ARCTIC BAY A","2400401","2020-06-03 21:00","2020","06","03","21:00"
"-85.05","73.01","ARCTIC BAY A","2400401","2020-06-03 22:00","2020","06","03","22:00"
"-85.05","73.01","ARCTIC BAY A","2400401","2020-06-03 23:00","2020","06","03","23:00"
"-85.05","73.01","ARCTIC BAY A","2400401","2020-06-04 00:00","2020","06","04","00:00"
"-85.05","73.01","ARCTIC BAY A","2400401","2020-06-04 01:00","2020","06","04","01:00"
"-85.05","73.01","ARCTIC BAY A","2400401","2020-06-04 02:00","2020","06","04","02:00"
"-85.05","73.01","ARCTIC BAY A","2400401","2020-06-04 03:00","2020","06","04","03:00"
"-85.05","73.01","ARCTIC BAY A","2400401","2020-06-04 04:00","2020","06","04","04:00"
"-85.05","73.01","ARCTIC BAY A","2400401","2020-06-04 05:00","2020","06","04","05:00"
"-85.05","73.01","ARCTIC BAY A","2400401","2020-06-04 06:00","2020","06","04","06:00","-0.2","","-4.7","","72","","","","9","","18","","48.3","","103.03","","","","-5","","NA"
"-85.05","73.01","ARCTIC BAY A","2400401","2020-06-04 07:00","2020","06","04","07:00","-0.3","","-5.1","","70","","","","12","","27","","48.3","","102.99","","","","-7","","Mostly Cloudy"
"-85.05","73.01","ARCTIC BAY A","2400401","2020-06-04 08:00","2020","06","04","08:00","0.2","","-5.0","","68","","","","12","","26","","48.3","","102.94","","","","","","NA"
"-85.05","73.01","ARCTIC BAY A","2400401","2020-06-04 09:00","2020","06","04","09:00","0.3","","-5.0","","68","","","","12","","25","","40.2","","102.90","","","","","","NA"
"-85.05","73.01","ARCTIC BAY A","2400401","2020-06-04 10:00","2020","06","04","10:00","1.0","","-5.3","","63","","","","14","","13","","48.3","","102.86","","","","","","Cloudy"
"-85.05","73.01","ARCTIC BAY A","2400401","2020-06-04 11:00","2020","06","04","11:00","1.0","","-5.4","","62","","","","15","","9","","48.3","","102.85","","","","","","NA"
"-85.05","73.01","ARCTIC BAY A","2400401","2020-06-04 12:00","2020","06","04","12:00","-0.2","","-3.5","","79","","","","25","","13","","48.3","","102.81","","","","-4","","NA"
"-85.05","73.01","ARCTIC BAY A","2400401","2020-06-04 13:00","2020","06","04","13:00","0.4","","-2.4","","82","","","","24","","13","","48.3","","102.75","","","","","","Cloudy"
"-85.05","73.01","ARCTIC BAY A","2400401","2020-06-04 14:00","2020","06","04","14:00","0.5","","-2.4","","81","","","","25","","13","","48.3","","102.70","","","","","","NA"
"-85.05","73.01","ARCTIC BAY A","2400401","2020-06-04 15:00","2020","06","04","15:00","0.3","","-2.5","","81","","","","24","","13","","48.3","","102.67","","","","","","NA"
"-85.05","73.01","ARCTIC BAY A","2400401","2020-06-04 16:00","2020","06","04","16:00","0.1","","-1.3","","90","","","","24","","12","","48.3","","102.62","","","","","","Cloudy"
"-85.05","73.01","ARCTIC BAY A","2400401","2020-06-04 17:00","2020","06","04","17:00","0.7","","-2.2","","81","","","","26","","10","","48.3","","102.55","","","","","","NA"
"-85.05","73.01","ARCTIC BAY A","2400401","2020-06-04 18:00","2020","06","04","18:00"
"-85.05","73.01","ARCTIC BAY A","2400401","2020-06-04 19:00","2020","06","04","19:00"
"-85.05","73.01","ARCTIC BAY A","2400401","2020-06-04 20:00","2020","06","04","20:00"
"-85.05","73.01","ARCTIC BAY A","2400401","2020-06-04 21:00","2020","06","04","21:00"
"-85.05","73.01","ARCTIC BAY A","2400401","2020-06-04 22:00","2020","06","04","22:00"
"-85.05","73.01","ARCTIC BAY A","2400401","2020-06-04 23:00","2020","06","04","23:00"
"-85.05","73.01","ARCTIC BAY A","2400401","2020-06-05 00:00","2020","06","05","00:00"
"-85.05","73.01","ARCTIC BAY A","2400401","2020-06-05 01:00","2020","06","05","01:00"
"-85.05","73.01","ARCTIC BAY A","2400401","2020-06-05 02:00","2020","06","05","02:00"
"-85.05","73.01","ARCTIC BAY A","2400401","2020-06-05 03:00","2020","06","05","03:00"
"-85.05","73.01","ARCTIC BAY A","2400401","2020-06-05 04:00","2020","06","05","04:00"
"-85.05","73.01","ARCTIC BAY A","2400401","2020-06-05 05:00","2020","06","05","05:00"
"-85.05","73.01","ARCTIC BAY A","2400401","2020-06-05 06:00","2020","06","05","06:00","0.0","","-2.3","","85","","","","28","","8","","48.3","","102.06","","","","-3","","NA"
"-85.05","73.01","ARCTIC BAY A","2400401","2020-06-05 07:00","2020","06","05","07:00","0.1","","-2.6","","82","","","","28","","8","","40.2","","102.02","","","","","","Mainly Clear"
"-85.05","73.01","ARCTIC BAY A","2400401","2020-06-05 08:00","2020","06","05","08:00","0.7","","-2.5","","79","","","","28","","11","","40.2","","101.98","","","","","","NA"
"-85.05","73.01","ARCTIC BAY A","2400401","2020-06-05 09:00","2020","06","05","09:00","0.5","","-2.5","","80","","","","29","","18","","40.2","","101.93","","","","","","NA"
"-85.05","73.01","ARCTIC BAY A","2400401","2020-06-05 10:00","2020","06","05","10:00","1.3","","-2.3","","77","","","","29","","16","","48.3","","101.88","","","","","","Mainly Clear"
"-85.05","73.01","ARCTIC BAY A","2400401","2020-06-05 11:00","2020","06","05","11:00","1.7","","-1.8","","78","","","","27","","11","","48.3","","101.84","","","","","","NA"
"-85.05","73.01","ARCTIC BAY A","2400401","2020-06-05 12:00","2020","06","05","12:00","2.2","","-2.1","","73","","","","29","","15","","48.3","","101.80","","","","","","NA"
"-85.05","73.01","ARCTIC BAY A","2400401","2020-06-05 13:00","2020","06","05","13:00","2.4","","-1.9","","73","","","","29","","23","","48.3","","101.76","","","","","","Mostly Cloudy"
"-85.05","73.01","ARCTIC BAY A","2400401","2020-06-05 14:00","2020","06","05","14:00","2.9","","-1.6","","73","","","","29","","26","","48.3","","101.72","","","","","","NA"
"-85.05","73.01","ARCTIC BAY A","2400401","2020-06-05 15:00","2020","06","05","15:00","2.8","","-1.5","","73","","","","29","","22","","48.3","","101.69","","","","","","NA"
"-85.05","73.01","ARCTIC BAY A","2400401","2020-06-05 16:00","2020","06","05","16:00"
"-85.05","73.01","ARCTIC BAY A","2400401","2020-06-05 17:00","2020","06","05","17:00"
"-85.05","73.01","ARCTIC BAY A","2400401","2020-06-05 18:00","2020","06","05","18:00"
"-85.05","73.01","ARCTIC BAY A","2400401","2020-06-05 19:00","2020","06","05","19:00"
"-85.05","73.01","ARCTIC BAY A","2400401","2020-06-05 20:00","2020","06","05","20:00"
"-85.05","73.01","ARCTIC BAY A","2400401","2020-06-05 21:00","2020","06","05","21:00"
"-85.05","73.01","ARCTIC BAY A","2400401","2020-06-05 22:00","2020","06","05","22:00"
"-85.05","73.01","ARCTIC BAY A","2400401","2020-06-05 23:00","2020","06","05","23:00"
"-85.05","73.01","ARCTIC BAY A","2400401","2020-06-06 00:00","2020","06","06","00:00"
"-85.05","73.01","ARCTIC BAY A","2400401","2020-06-06 01:00","2020","06","06","01:00"
"-85.05","73.01","ARCTIC BAY A","2400401","2020-06-06 02:00","2020","06","06","02:00"
"-85.05","73.01","ARCTIC BAY A","2400401","2020-06-06 03:00","2020","06","06","03:00"
"-85.05","73.01","ARCTIC BAY A","2400401","2020-06-06 04:00","2020","06","06","04:00"
"-85.05","73.01","ARCTIC BAY A","2400401","2020-06-06 05:00","2020","06","06","05:00"
"-85.05","73.01","ARCTIC BAY A","2400401","2020-06-06 06:00","2020","06","06","06:00"
"-85.05","73.01","ARCTIC BAY A","2400401","2020-06-06 07:00","2020","06","06","07:00"
"-85.05","73.01","ARCTIC BAY A","2400401","2020-06-06 08:00","2020","06","06","08:00"
"-85.05","73.01","ARCTIC BAY A","2400401","2020-06-06 09:00","2020","06","06","09:00"
"-85.05","73.01","ARCTIC BAY A","2400401","2020-06-06 10:00","2020","06","06","10:00"
"-85.05","73.01","ARCTIC BAY A","2400401","2020-06-06 11:00","2020","06","06","11:00"
"-85.05","73.01","ARCTIC BAY A","2400401","2020-06-06 12:00","2020","06","06","12:00","2.3","","-2.7","","69","","","","29","","21","","48.3","","101.60","","","","","","NA"
"-85.05","73.01","ARCTIC BAY A","2400401","2020-06-06 13:00","2020","06","06","13:00","2.3","","-2.4","","71","","","","28","","22","","48.3","","101.59","","","","","","Mainly Clear"
"-85.05","73.01","ARCTIC BAY A","2400401","2020-06-06 14:00","2020","06","06","14:00","3.3","","-2.2","","67","","","","28","","19","","48.3","","101.60","","","","","","NA"
"-85.05","73.01","ARCTIC BAY A","2400401","2020-06-06 15:00","2020","06","06","15:00","2.6","","-2.4","","70","","","","29","","22","","48.3","","101.60","","","","","","NA"
"-85.05","73.01","ARCTIC BAY A","2400401","2020-06-06 16:00","2020","06","06","16:00","2.8","","-2.1","","70","","","","27","","17","","48.3","","101.60","","","","","","Mostly Cloudy"
"-85.05","73.01","ARCTIC BAY A","2400401","2020-06-06 17:00","2020","06","06","17:00","2.2","","-1.9","","74","","","","28","","15","","48.3","","101.59","","","","","","NA"
"-85.05","73.01","ARCTIC BAY A","2400401","2020-06-06 18:00","2020","06","06","18:00"
"-85.05","73.01","ARCTIC BAY A","2400401","2020-06-06 19:00","2020","06","06","19:00"
"-85.05","73.01","ARCTIC BAY A","2400401","2020-06-06 20:00","2020","06","06","20:00"
"-85.05","73.01","ARCTIC BAY A","2400401","2020-06-06 21:00","2020","06","06","21:00"
"-85.05","73.01","ARCTIC BAY A","2400401","2020-06-06 22:00","2020","06","06","22:00"
"-85.05","73.01","ARCTIC BAY A","2400401","2020-06-06 23:00","2020","06","06","23:00"
"-85.05","73.01","ARCTIC BAY A","2400401","2020-06-07 00:00","2020","06","07","00:00"
"-85.05","73.01","ARCTIC BAY A","2400401","2020-06-07 01:00","2020","06","07","01:00"
"-85.05","73.01","ARCTIC BAY A","2400401","2020-06-07 02:00","2020","06","07","02:00"
"-85.05","73.01","ARCTIC BAY A","2400401","2020-06-07 03:00","2020","06","07","03:00"
"-85.05","73.01","ARCTIC BAY A","2400401","2020-06-07 04:00","2020","06","07","04:00"
"-85.05","73.01","ARCTIC BAY A","2400401","2020-06-07 05:00","2020","06","07","05:00"
"-85.05","73.01","ARCTIC BAY A","2400401","2020-06-07 06:00","2020","06","07","06:00"
"-85.05","73.01","ARCTIC BAY A","2400401","2020-06-07 07:00","2020","06","07","07:00"
"-85.05","73.01","ARCTIC BAY A","2400401","2020-06-07 08:00","2020","06","07","08:00"
"-85.05","73.01","ARCTIC BAY A","2400401","2020-06-07 09:00","2020","06","07","09:00"
"-85.05","73.01","ARCTIC BAY A","2400401","2020-06-07 10:00","2020","06","07","10:00"
"-85.05","73.01","ARCTIC BAY A","2400401","2020-06-07 11:00","2020","06","07","11:00"
"-85.05","73.01","ARCTIC BAY A","2400401","2020-06-07 12:00","2020","06","07","12:00"
"-85.05","73.01","ARCTIC BAY A","2400401","2020-06-07 13:00","2020","06","07","13:00"
"-85.05","73.01","ARCTIC BAY A","2400401","2020-06-07 14:00","2020","06","07","14:00"
"-85.05","73.01","ARCTIC BAY A","2400401","2020-06-07 15:00","2020","06","07","15:00"
"-85.05","73.01","ARCTIC BAY A","2400401","2020-06-07 16:00","2020","06","07","16:00"
"-85.05","73.01","ARCTIC BAY A","2400401","2020-06-07 17:00","2020","06","07","17:00"
"-85.05","73.01","ARCTIC BAY A","2400401","2020-06-07 18:00","2020","06","07","18:00"
"-85.05","73.01","ARCTIC BAY A","2400401","2020-06-07 19:00","2020","06","07","19:00"
"-85.05","73.01","ARCTIC BAY A","2400401","2020-06-07 20:00","2020","06","07","20:00"
"-85.05","73.01","ARCTIC BAY A","2400401","2020-06-07 21:00","2020","06","07","21:00"
"-85.05","73.01","ARCTIC BAY A","2400401","2020-06-07 22:00","2020","06","07","22:00"
"-85.05","73.01","ARCTIC BAY A","2400401","2020-06-07 23:00","2020","06","07","23:00"
"-85.05","73.01","ARCTIC BAY A","2400401","2020-06-08 00:00","2020","06","08","00:00"
"-85.05","73.01","ARCTIC BAY A","2400401","2020-06-08 01:00","2020","06","08","01:00"
"-85.05","73.01","ARCTIC BAY A","2400401","2020-06-08 02:00","2020","06","08","02:00"
"-85.05","73.01","ARCTIC BAY A","2400401","2020-06-08 03:00","2020","06","08","03:00"
"-85.05","73.01","ARCTIC BAY A","2400401","2020-06-08 04:00","2020","06","08","04:00"
"-85.05","73.01","ARCTIC BAY A","2400401","2020-06-08 05:00","2020","06","08","05:00"
"-85.05","73.01","ARCTIC BAY A","2400401","2020-06-08 06:00","2020","06","08","06:00","0.8","","-2.9","","77","","","","36","","3","","48.3","","101.37","","","","","","NA"
"-85.05","73.01","ARCTIC BAY A","2400401","2020-06-08 07:00","2020","06","08","07:00","0.6","","-2.7","","79","","","","36","","1","","48.3","","101.39","","","","","","Mainly Clear"
"-85.05","73.01","ARCTIC BAY A","2400401","2020-06-08 08:00","2020","06","08","08:00","1.3","","-2.4","","76","","","","27","","13","","48.3","","101.41","","","","","","NA"
"-85.05","73.01","ARCTIC BAY A","2400401","2020-06-08 09:00","2020","06","08","09:00","1.1","","-1.5","","83","","","","24","","12","","48.3","","101.43","","","","","","NA"
"-85.05","73.01","ARCTIC BAY A","2400401","2020-06-08 10:00","2020","06","08","10:00","1.5","","-1.7","","79","","","","26","","10","","48.3","","101.44","","","","","","Clear"
"-85.05","73.01","ARCTIC BAY A","2400401","2020-06-08 11:00","2020","06","08","11:00","3.3","","-2.0","","68","","","","31","","18","","48.3","","101.44","","","","","","NA"
"-85.05","73.01","ARCTIC BAY A","2400401","2020-06-08 12:00","2020","06","08","12:00","3.9","","-1.6","","67","","","","29","","17","","48.3","","101.46","","","","","","NA"
"-85.05","73.01","ARCTIC BAY A","2400401","2020-06-08 13:00","2020","06","08","13:00","4.7","","-1.0","","66","","","","26","","19","","48.3","","101.44","","","","","","Clear"
"-85.05","73.01","ARCTIC BAY A","2400401","2020-06-08 14:00","2020","06","08","14:00","4.2","","-1.6","","66","","","","28","","16","","48.3","","101.49","","","","","","NA"
"-85.05","73.01","ARCTIC BAY A","2400401","2020-06-08 15:00","2020","06","08","15:00","2.8","","-0.9","","77","","","","24","","16","","48.3","","101.52","","","","","","NA"
"-85.05","73.01","ARCTIC BAY A","2400401","2020-06-08 16:00","2020","06","08","16:00","3.1","","-0.9","","75","","","","25","","16","","40.2","","101.55","","","","","","Clear"
"-85.05","73.01","ARCTIC BAY A","2400401","2020-06-08 17:00","2020","06","08","17:00","4.4","","-1.2","","67","","","","29","","24","","40.2","","101.56","","","","","","NA"
"-85.05","73.01","ARCTIC BAY A","2400401","2020-06-08 18:00","2020","06","08","18:00"
"-85.05","73.01","ARCTIC BAY A","2400401","2020-06-08 19:00","2020","06","08","19:00"
"-85.05","73.01","ARCTIC BAY A","2400401","2020-06-08 20:00","2020","06","08","20:00"
"-85.05","73.01","ARCTIC BAY A","2400401","2020-06-08 21:00","2020","06","08","21:00"
"-85.05","73.01","ARCTIC BAY A","2400401","2020-06-08 22:00","2020","06","08","22:00"
"-85.05","73.01","ARCTIC BAY A","2400401","2020-06-08 23:00","2020","06","08","23:00"
"-85.05","73.01","ARCTIC BAY A","2400401","2020-06-09 00:00","2020","06","09","00:00"
"-85.05","73.01","ARCTIC BAY A","2400401","2020-06-09 01:00","2020","06","09","01:00"
"-85.05","73.01","ARCTIC BAY A","2400401","2020-06-09 02:00","2020","06","09","02:00"
"-85.05","73.01","ARCTIC BAY A","2400401","2020-06-09 03:00","2020","06","09","03:00"
"-85.05","73.01","ARCTIC BAY A","2400401","2020-06-09 04:00","2020","06","09","04:00"
"-85.05","73.01","ARCTIC BAY A","2400401","2020-06-09 05:00","2020","06","09","05:00"
"-85.05","73.01","ARCTIC BAY A","2400401","2020-06-09 06:00","2020","06","09","06:00","0.4","","-1.5","","87","","","","27","","10","","48.3","","101.69","","","","","","NA"
"-85.05","73.01","ARCTIC BAY A","2400401","2020-06-09 07:00","2020","06","09","07:00","1.1","","-1.3","","84","","","","26","","10","","48.3","","101.66","","","","","","Clear"
"-85.05","73.01","ARCTIC BAY A","2400401","2020-06-09 08:00","2020","06","09","08:00","0.8","","-1.4","","86","","","","26","","10","","48.3","","101.63","","","","","","NA"
"-85.05","73.01","ARCTIC BAY A","2400401","2020-06-09 09:00","2020","06","09","09:00","1.4","","-1.0","","84","","","","25","","16","","48.3","","101.59","","","","","","NA"
"-85.05","73.01","ARCTIC BAY A","2400401","2020-06-09 10:00","2020","06","09","10:00","2.2","","-0.9","","80","","","","25","","17","","48.3","","101.54","","","","","","Mainly Clear"
"-85.05","73.01","ARCTIC BAY A","2400401","2020-06-09 11:00","2020","06","09","11:00","2.9","","-1.0","","76","","","","25","","14","","48.3","","101.48","","","","","","NA"
"-85.05","73.01","ARCTIC BAY A","2400401","2020-06-09 12:00","2020","06","09","12:00","2.7","","-0.6","","79","","","","25","","18","","48.3","","101.43","","","","","","NA"
"-85.05","73.01","ARCTIC BAY A","2400401","2020-06-09 13:00","2020","06","09","13:00","3.1","","-0.5","","77","","","","25","","16","","48.3","","101.39","","","","","","Mainly Clear"
"-85.05","73.01","ARCTIC BAY A","2400401","2020-06-09 14:00","2020","06","09","14:00","3.1","","-1.2","","73","","","","24","","19","","48.3","","101.38","","","","","","NA"
"-85.05","73.01","ARCTIC BAY A","2400401","2020-06-09 15:00","2020","06","09","15:00","3.6","","-0.6","","74","","","","26","","18","","48.3","","101.34","","","","","","NA"
"-85.05","73.01","ARCTIC BAY A","2400401","2020-06-09 16:00","2020","06","09","16:00"
"-85.05","73.01","ARCTIC BAY A","2400401","2020-06-09 17:00","2020","06","09","17:00"
"-85.05","73.01","ARCTIC BAY A","2400401","2020-06-09 18:00","2020","06","09","18:00"
"-85.05","73.01","ARCTIC BAY A","2400401","2020-06-09 19:00","2020","06","09","19:00"
"-85.05","73.01","ARCTIC BAY A","2400401","2020-06-09 20:00","2020","06","09","20:00"
"-85.05","73.01","ARCTIC BAY A","2400401","2020-06-09 21:00","2020","06","09","21:00"
"-85.05","73.01","ARCTIC BAY A","2400401","2020-06-09 22:00","2020","06","09","22:00"
"-85.05","73.01","ARCTIC BAY A","2400401","2020-06-09 23:00","2020","06","09","23:00"
"-85.05","73.01","ARCTIC BAY A","2400401","2020-06-10 00:00","2020","06","10","00:00"
"-85.05","73.01","ARCTIC BAY A","2400401","2020-06-10 01:00","2020","06","10","01:00"
"-85.05","73.01","ARCTIC BAY A","2400401","2020-06-10 02:00","2020","06","10","02:00"
"-85.05","73.01","ARCTIC BAY A","2400401","2020-06-10 03:00","2020","06","10","03:00"
"-85.05","73.01","ARCTIC BAY A","2400401","2020-06-10 04:00","2020","06","10","04:00"
"-85.05","73.01","ARCTIC BAY A","2400401","2020-06-10 05:00","2020","06","10","05:00"
"-85.05","73.01","ARCTIC BAY A","2400401","2020-06-10 06:00","2020","06","10","06:00","2.3","","-1.5","","76","","","","27","","9","","48.3","","101.30","","","","","","NA"
"-85.05","73.01","ARCTIC BAY A","2400401","2020-06-10 07:00","2020","06","10","07:00","2.4","","-1.2","","77","","","","23","","7","","48.3","","101.27","","","","","","Mostly Cloudy"
"-85.05","73.01","ARCTIC BAY A","2400401","2020-06-10 08:00","2020","06","10","08:00","3.0","","-1.3","","73","","","","20","","7","","48.3","","101.27","","","","","","NA"
"-85.05","73.01","ARCTIC BAY A","2400401","2020-06-10 09:00","2020","06","10","09:00","2.6","","-0.8","","78","","","","19","","10","","48.3","","101.24","","","","","","NA"
"-85.05","73.01","ARCTIC BAY A","2400401","2020-06-10 10:00","2020","06","10","10:00","2.4","","-1.0","","78","","","","20","","8","","48.3","","101.20","","","","","","Mainly Clear"
"-85.05","73.01","ARCTIC BAY A","2400401","2020-06-10 11:00","2020","06","10","11:00","3.8","","-0.9","","71","","","","26","","16","","48.3","","101.18","","","","","","NA"
"-85.05","73.01","ARCTIC BAY A","2400401","2020-06-10 12:00","2020","06","10","12:00","2.9","","-1.1","","75","","","","25","","20","","48.3","","101.15","","","","","","NA"
"-85.05","73.01","ARCTIC BAY A","2400401","2020-06-10 13:00","2020","06","10","13:00","4.0","","-0.9","","71","","","","26","","20","","48.3","","101.12","","","","","","Mainly Clear"
"-85.05","73.01","ARCTIC BAY A","2400401","2020-06-10 14:00","2020","06","10","14:00","3.9","","-0.4","","73","","","","26","","16","","48.3","","101.12","","","","","","NA"
"-85.05","73.01","ARCTIC BAY A","2400401","2020-06-10 15:00","2020","06","10","15:00","5.0","","-1.3","","64","","","","25","","14","","48.3","","101.11","","","","","","NA"
"-85.05","73.01","ARCTIC BAY A","2400401","2020-06-10 16:00","2020","06","10","16:00"
"-85.05","73.01","ARCTIC BAY A","2400401","2020-06-10 17:00","2020","06","10","17:00"
"-85.05","73.01","ARCTIC BAY A","2400401","2020-06-10 18:00","2020","06","10","18:00"
"-85.05","73.01","ARCTIC BAY A","2400401","2020-06-10 19:00","2020","06","10","19:00"
"-85.05","73.01","ARCTIC BAY A","2400401","2020-06-10 20:00","2020","06","10","20:00"
"-85.05","73.01","ARCTIC BAY A","2400401","2020-06-10 21:00","2020","06","10","21:00"
"-85.05","73.01","ARCTIC BAY A","2400401","2020-06-10 22:00","2020","06","10","22:00"
"-85.05","73.01","ARCTIC BAY A","2400401","2020-06-10 23:00","2020","06","10","23:00"
"-85.05","73.01","ARCTIC BAY A","2400401","2020-06-11 00:00","2020","06","11","00:00"
"-85.05","73.01","ARCTIC BAY A","2400401","2020-06-11 01:00","2020","06","11","01:00"
"-85.05","73.01","ARCTIC BAY A","2400401","2020-06-11 02:00","2020","06","11","02:00"
"-85.05","73.01","ARCTIC BAY A","2400401","2020-06-11 03:00","2020","06","11","03:00"
"-85.05","73.01","ARCTIC BAY A","2400401","2020-06-11 04:00","2020","06","11","04:00"
"-85.05","73.01","ARCTIC BAY A","2400401","2020-06-11 05:00","2020","06","11","05:00"
"-85.05","73.01","ARCTIC BAY A","2400401","2020-06-11 06:00","2020","06","11","06:00","3.3","","-0.1","","78","","","","15","","3","","48.3","","100.78","","","","","","NA"
"-85.05","73.01","ARCTIC BAY A","2400401","2020-06-11 07:00","2020","06","11","07:00","5.7","","1.0","","72","","","","29","","14","","48.3","","100.76","","","","","","Mostly Cloudy"
"-85.05","73.01","ARCTIC BAY A","2400401","2020-06-11 08:00","2020","06","11","08:00","5.9","","1.2","","72","","","","30","","16","","48.3","","100.72","","","","","","NA"
"-85.05","73.01","ARCTIC BAY A","2400401","2020-06-11 09:00","2020","06","11","09:00","6.5","","1.6","","71","","","","27","","22","","48.3","","100.69","","","","","","NA"
"-85.05","73.01","ARCTIC BAY A","2400401","2020-06-11 10:00","2020","06","11","10:00","5.6","","0.8","","71","","","","26","","29","","48.3","","100.66","","","","","","Mainly Clear"
"-85.05","73.01","ARCTIC BAY A","2400401","2020-06-11 11:00","2020","06","11","11:00","5.1","","0.2","","71","","","","26","","28","","48.3","","100.69","","","","","","NA"
"-85.05","73.01","ARCTIC BAY A","2400401","2020-06-11 12:00","2020","06","11","12:00","5.0","","0.2","","71","","","","26","","25","","48.3","","100.67","","","","","","NA"
"-85.05","73.01","ARCTIC BAY A","2400401","2020-06-11 13:00","2020","06","11","13:00","5.8","","0.3","","68","","","","27","","21","","48.3","","100.68","","","","","","Clear"
"-85.05","73.01","ARCTIC BAY A","2400401","2020-06-11 14:00","2020","06","11","14:00","6.4","","0.2","","65","","","","29","","17","","48.3","","100.70","","","","","","NA"
"-85.05","73.01","ARCTIC BAY A","2400401","2020-06-11 15:00","2020","06","11","15:00","6.8","","0.0","","62","","","","26","","17","","48.3","","100.71","","","","","","NA"
"-85.05","73.01","ARCTIC BAY A","2400401","2020-06-11 16:00","2020","06","11","16:00","6.7","","-0.1","","62","","","","26","","18","","48.3","","100.72","","","","","","Clear"
"-85.05","73.01","ARCTIC BAY A","2400401","2020-06-11 17:00","2020","06","11","17:00","6.6","","-0.1","","62","","","","26","","21","","48.3","","100.73","","","","","","NA"
"-85.05","73.01","ARCTIC BAY A","2400401","2020-06-11 18:00","2020","06","11","18:00"
"-85.05","73.01","ARCTIC BAY A","2400401","2020-06-11 19:00","2020","06","11","19:00"
"-85.05","73.01","ARCTIC BAY A","2400401","2020-06-11 20:00","2020","06","11","20:00"
"-85.05","73.01","ARCTIC BAY A","2400401","2020-06-11 21:00","2020","06","11","21:00"
"-85.05","73.01","ARCTIC BAY A","2400401","2020-06-11 22:00","2020","06","11","22:00"
"-85.05","73.01","ARCTIC BAY A","2400401","2020-06-11 23:00","2020","06","11","23:00"
"-85.05","73.01","ARCTIC BAY A","2400401","2020-06-12 00:00","2020","06","12","00:00"
"-85.05","73.01","ARCTIC BAY A","2400401","2020-06-12 01:00","2020","06","12","01:00"
"-85.05","73.01","ARCTIC BAY A","2400401","2020-06-12 02:00","2020","06","12","02:00"
"-85.05","73.01","ARCTIC BAY A","2400401","2020-06-12 03:00","2020","06","12","03:00"
"-85.05","73.01","ARCTIC BAY A","2400401","2020-06-12 04:00","2020","06","12","04:00"
"-85.05","73.01","ARCTIC BAY A","2400401","2020-06-12 05:00","2020","06","12","05:00"
"-85.05","73.01","ARCTIC BAY A","2400401","2020-06-12 06:00","2020","06","12","06:00","2.7","","-0.5","","80","","","","23","","7","","48.3","","101.00","","","","","","NA"
"-85.05","73.01","ARCTIC BAY A","2400401","2020-06-12 07:00","2020","06","12","07:00","3.6","","-0.1","","77","","","","20","","4","","48.3","","101.01","","","","","","Clear"
"-85.05","73.01","ARCTIC BAY A","2400401","2020-06-12 08:00","2020","06","12","08:00","5.3","","0.0","","69","","","","29","","16","","48.3","","101.01","","","","","","NA"
"-85.05","73.01","ARCTIC BAY A","2400401","2020-06-12 09:00","2020","06","12","09:00","4.0","","0.4","","78","","","","25","","10","","32.2","","101.02","","","","","","NA"
"-85.05","73.01","ARCTIC BAY A","2400401","2020-06-12 10:00","2020","06","12","10:00","5.6","","1.2","","73","","","","29","","19","","48.3","","100.99","","","","","","Mainly Clear"
"-85.05","73.01","ARCTIC BAY A","2400401","2020-06-12 11:00","2020","06","12","11:00","6.1","","1.1","","70","","","","31","","21","","48.3","","100.98","","","","","","NA"
"-85.05","73.01","ARCTIC BAY A","2400401","2020-06-12 12:00","2020","06","12","12:00","7.1","","1.1","","66","","","","30","","20","","48.3","","100.98","","","","","","NA"
"-85.05","73.01","ARCTIC BAY A","2400401","2020-06-12 13:00","2020","06","12","13:00","7.7","","1.2","","64","","","","29","","19","","48.3","","100.98","","","","","","Mainly Clear"
"-85.05","73.01","ARCTIC BAY A","2400401","2020-06-12 14:00","2020","06","12","14:00","8.2","","1.3","","62","","","","29","","18","","48.3","","100.99","","","","","","NA"
"-85.05","73.01","ARCTIC BAY A","2400401","2020-06-12 15:00","2020","06","12","15:00","7.6","","1.5","","65","","","","28","","26","","48.3","","101.00","","","","","","NA"
"-85.05","73.01","ARCTIC BAY A","2400401","2020-06-12 16:00","2020","06","12","16:00"
"-85.05","73.01","ARCTIC BAY A","2400401","2020-06-12 17:00","2020","06","12","17:00"
"-85.05","73.01","ARCTIC BAY A","2400401","2020-06-12 18:00","2020","06","12","18:00"
"-85.05","73.01","ARCTIC BAY A","2400401","2020-06-12 19:00","2020","06","12","19:00"
"-85.05","73.01","ARCTIC BAY A","2400401","2020-06-12 20:00","2020","06","12","20:00"
"-85.05","73.01","ARCTIC BAY A","2400401","2020-06-12 21:00","2020","06","12","21:00"
"-85.05","73.01","ARCTIC BAY A","2400401","2020-06-12 22:00","2020","06","12","22:00"
"-85.05","73.01","ARCTIC BAY A","2400401","2020-06-12 23:00","2020","06","12","23:00"
"-85.05","73.01","ARCTIC BAY A","2400401","2020-06-13 00:00","2020","06","13","00:00"
"-85.05","73.01","ARCTIC BAY A","2400401","2020-06-13 01:00","2020","06","13","01:00"
"-85.05","73.01","ARCTIC BAY A","2400401","2020-06-13 02:00","2020","06","13","02:00"
"-85.05","73.01","ARCTIC BAY A","2400401","2020-06-13 03:00","2020","06","13","03:00"
"-85.05","73.01","ARCTIC BAY A","2400401","2020-06-13 04:00","2020","06","13","04:00"
"-85.05","73.01","ARCTIC BAY A","2400401","2020-06-13 05:00","2020","06","13","05:00"
"-85.05","73.01","ARCTIC BAY A","2400401","2020-06-13 06:00","2020","06","13","06:00"
"-85.05","73.01","ARCTIC BAY A","2400401","2020-06-13 07:00","2020","06","13","07:00"
"-85.05","73.01","ARCTIC BAY A","2400401","2020-06-13 08:00","2020","06","13","08:00"
"-85.05","73.01","ARCTIC BAY A","2400401","2020-06-13 09:00","2020","06","13","09:00"
"-85.05","73.01","ARCTIC BAY A","2400401","2020-06-13 10:00","2020","06","13","10:00"
"-85.05","73.01","ARCTIC BAY A","2400401","2020-06-13 11:00","2020","06","13","11:00"
"-85.05","73.01","ARCTIC BAY A","2400401","2020-06-13 12:00","2020","06","13","12:00","3.6","","0.3","","79","","","","29","","27","","48.3","","100.93","","","","","","NA"
"-85.05","73.01","ARCTIC BAY A","2400401","2020-06-13 13:00","2020","06","13","13:00","3.6","","0.3","","79","","","","29","","31","","48.3","","100.91","","","","","","Mainly Clear"
"-85.05","73.01","ARCTIC BAY A","2400401","2020-06-13 14:00","2020","06","13","14:00","3.7","","0.5","","79","","","","30","","32","","48.3","","100.89","","","","","","NA"
"-85.05","73.01","ARCTIC BAY A","2400401","2020-06-13 15:00","2020","06","13","15:00","4.1","","0.5","","77","","","","29","","27","","48.3","","100.92","","","","","","NA"
"-85.05","73.01","ARCTIC BAY A","2400401","2020-06-13 16:00","2020","06","13","16:00","3.7","","0.6","","80","","","","29","","28","","48.3","","100.91","","","","","","Mainly Clear"
"-85.05","73.01","ARCTIC BAY A","2400401","2020-06-13 17:00","2020","06","13","17:00","3.1","","0.0","","80","","","","29","","28","","40.2","","100.90","","","","","","NA"
"-85.05","73.01","ARCTIC BAY A","2400401","2020-06-13 18:00","2020","06","13","18:00"
"-85.05","73.01","ARCTIC BAY A","2400401","2020-06-13 19:00","2020","06","13","19:00"
"-85.05","73.01","ARCTIC BAY A","2400401","2020-06-13 20:00","2020","06","13","20:00"
"-85.05","73.01","ARCTIC BAY A","2400401","2020-06-13 21:00","2020","06","13","21:00"
"-85.05","73.01","ARCTIC BAY A","2400401","2020-06-13 22:00","2020","06","13","22:00"
"-85.05","73.01","ARCTIC BAY A","2400401","2020-06-13 23:00","2020","06","13","23:00"
"-85.05","73.01","ARCTIC BAY A","2400401","2020-06-14 00:00","2020","06","14","00:00"
"-85.05","73.01","ARCTIC BAY A","2400401","2020-06-14 01:00","2020","06","14","01:00"
"-85.05","73.01","ARCTIC BAY A","2400401","2020-06-14 02:00","2020","06","14","02:00"
"-85.05","73.01","ARCTIC BAY A","2400401","2020-06-14 03:00","2020","06","14","03:00"
"-85.05","73.01","ARCTIC BAY A","2400401","2020-06-14 04:00","2020","06","14","04:00"
"-85.05","73.01","ARCTIC BAY A","2400401","2020-06-14 05:00","2020","06","14","05:00"
"-85.05","73.01","ARCTIC BAY A","2400401","2020-06-14 06:00","2020","06","14","06:00"
"-85.05","73.01","ARCTIC BAY A","2400401","2020-06-14 07:00","2020","06","14","07:00"
"-85.05","73.01","ARCTIC BAY A","2400401","2020-06-14 08:00","2020","06","14","08:00"
"-85.05","73.01","ARCTIC BAY A","2400401","2020-06-14 09:00","2020","06","14","09:00"
"-85.05","73.01","ARCTIC BAY A","2400401","2020-06-14 10:00","2020","06","14","10:00"
"-85.05","73.01","ARCTIC BAY A","2400401","2020-06-14 11:00","2020","06","14","11:00"
"-85.05","73.01","ARCTIC BAY A","2400401","2020-06-14 12:00","2020","06","14","12:00"
"-85.05","73.01","ARCTIC BAY A","2400401","2020-06-14 13:00","2020","06","14","13:00"
"-85.05","73.01","ARCTIC BAY A","2400401","2020-06-14 14:00","2020","06","14","14:00"
"-85.05","73.01","ARCTIC BAY A","2400401","2020-06-14 15:00","2020","06","14","15:00"
"-85.05","73.01","ARCTIC BAY A","2400401","2020-06-14 16:00","2020","06","14","16:00"
"-85.05","73.01","ARCTIC BAY A","2400401","2020-06-14 17:00","2020","06","14","17:00"
"-85.05","73.01","ARCTIC BAY A","2400401","2020-06-14 18:00","2020","06","14","18:00"
"-85.05","73.01","ARCTIC BAY A","2400401","2020-06-14 19:00","2020","06","14","19:00"
"-85.05","73.01","ARCTIC BAY A","2400401","2020-06-14 20:00","2020","06","14","20:00"
"-85.05","73.01","ARCTIC BAY A","2400401","2020-06-14 21:00","2020","06","14","21:00"
"-85.05","73.01","ARCTIC BAY A","2400401","2020-06-14 22:00","2020","06","14","22:00"
"-85.05","73.01","ARCTIC BAY A","2400401","2020-06-14 23:00","2020","06","14","23:00"
"-85.05","73.01","ARCTIC BAY A","2400401","2020-06-15 00:00","2020","06","15","00:00"
"-85.05","73.01","ARCTIC BAY A","2400401","2020-06-15 01:00","2020","06","15","01:00"
"-85.05","73.01","ARCTIC BAY A","2400401","2020-06-15 02:00","2020","06","15","02:00"
"-85.05","73.01","ARCTIC BAY A","2400401","2020-06-15 03:00","2020","06","15","03:00"
"-85.05","73.01","ARCTIC BAY A","2400401","2020-06-15 04:00","2020","06","15","04:00"
"-85.05","73.01","ARCTIC BAY A","2400401","2020-06-15 05:00","2020","06","15","05:00"
"-85.05","73.01","ARCTIC BAY A","2400401","2020-06-15 06:00","2020","06","15","06:00","3.4","","0.2","","80","","","","30","","21","","48.3","","101.20","","","","","","NA"
"-85.05","73.01","ARCTIC BAY A","2400401","2020-06-15 07:00","2020","06","15","07:00","3.4","","0.5","","81","","","","28","","19","","48.3","","101.20","","","","","","Mainly Clear"
"-85.05","73.01","ARCTIC BAY A","2400401","2020-06-15 08:00","2020","06","15","08:00","3.6","","0.6","","80","","","","26","","16","","48.3","","101.22","","","","","","NA"
"-85.05","73.01","ARCTIC BAY A","2400401","2020-06-15 09:00","2020","06","15","09:00","4.9","","0.8","","75","","","","29","","22","","48.3","","101.22","","","","","","NA"
"-85.05","73.01","ARCTIC BAY A","2400401","2020-06-15 10:00","2020","06","15","10:00","5.5","","1.0","","73","","","","29","","21","","48.3","","101.20","","","","","","Mainly Clear"
"-85.05","73.01","ARCTIC BAY A","2400401","2020-06-15 11:00","2020","06","15","11:00","5.6","","1.2","","74","","","","30","","26","","48.3","","101.21","","","","","","NA"
"-85.05","73.01","ARCTIC BAY A","2400401","2020-06-15 12:00","2020","06","15","12:00","5.8","","1.1","","72","","","","29","","26","","48.3","","101.23","","","","","","NA"
"-85.05","73.01","ARCTIC BAY A","2400401","2020-06-15 13:00","2020","06","15","13:00","5.9","","1.3","","72","","","","30","","32","","48.3","","101.22","","","","","","Mainly Clear"
"-85.05","73.01","ARCTIC BAY A","2400401","2020-06-15 14:00","2020","06","15","14:00","7.0","","1.7","","69","","","","29","","30","","48.3","","101.23","","","","","","NA"
"-85.05","73.01","ARCTIC BAY A","2400401","2020-06-15 15:00","2020","06","15","15:00","8.4","","1.8","","63","","","","29","","26","","48.3","","101.25","","","","","","NA"
"-85.05","73.01","ARCTIC BAY A","2400401","2020-06-15 16:00","2020","06","15","16:00","8.8","","2.1","","63","","","","29","","21","","48.3","","101.25","","","","","","Clear"
"-85.05","73.01","ARCTIC BAY A","2400401","2020-06-15 17:00","2020","06","15","17:00","8.5","","1.2","","60","","","","31","","23","","48.3","","101.26","","","","","","NA"
"-85.05","73.01","ARCTIC BAY A","2400401","2020-06-15 18:00","2020","06","15","18:00"
"-85.05","73.01","ARCTIC BAY A","2400401","2020-06-15 19:00","2020","06","15","19:00"
"-85.05","73.01","ARCTIC BAY A","2400401","2020-06-15 20:00","2020","06","15","20:00"
"-85.05","73.01","ARCTIC BAY A","2400401","2020-06-15 21:00","2020","06","15","21:00"
"-85.05","73.01","ARCTIC BAY A","2400401","2020-06-15 22:00","2020","06","15","22:00"
"-85.05","73.01","ARCTIC BAY A","2400401","2020-06-15 23:00","2020","06","15","23:00"
"-85.05","73.01","ARCTIC BAY A","2400401","2020-06-16 00:00","2020","06","16","00:00"
"-85.05","73.01","ARCTIC BAY A","2400401","2020-06-16 01:00","2020","06","16","01:00"
"-85.05","73.01","ARCTIC BAY A","2400401","2020-06-16 02:00","2020","06","16","02:00"
"-85.05","73.01","ARCTIC BAY A","2400401","2020-06-16 03:00","2020","06","16","03:00"
"-85.05","73.01","ARCTIC BAY A","2400401","2020-06-16 04:00","2020","06","16","04:00"
"-85.05","73.01","ARCTIC BAY A","2400401","2020-06-16 05:00","2020","06","16","05:00"
"-85.05","73.01","ARCTIC BAY A","2400401","2020-06-16 06:00","2020","06","16","06:00","6.1","","0.5","","67","","","","36","","3","","48.3","","101.28","","","","","","NA"
"-85.05","73.01","ARCTIC BAY A","2400401","2020-06-16 07:00","2020","06","16","07:00","5.5","","0.8","","72","","","","25","","8","","48.3","","101.26","","","","","","Clear"
"-85.05","73.01","ARCTIC BAY A","2400401","2020-06-16 08:00","2020","06","16","08:00","6.5","","0.6","","66","","","","23","","5","","48.3","","101.24","","","","","","NA"
"-85.05","73.01","ARCTIC BAY A","2400401","2020-06-16 09:00","2020","06","16","09:00","7.2","","0.8","","64","","","","26","","11","","48.3","","101.21","","","","","","NA"
"-85.05","73.01","ARCTIC BAY A","2400401","2020-06-16 10:00","2020","06","16","10:00","7.8","","1.1","","63","","","","25","","16","","48.3","","101.18","","","","","","Clear"
"-85.05","73.01","ARCTIC BAY A","2400401","2020-06-16 11:00","2020","06","16","11:00","9.5","","1.3","","56","","","","29","","22","","48.3","","101.15","","","","","","NA"
"-85.05","73.01","ARCTIC BAY A","2400401","2020-06-16 12:00","2020","06","16","12:00","9.3","","1.5","","58","","","","28","","26","","48.3","","101.12","","","","","","NA"
"-85.05","73.01","ARCTIC BAY A","2400401","2020-06-16 13:00","2020","06","16","13:00","10.0","","1.1","","54","","","","29","","26","","48.3","","101.10","","","","","","Clear"
"-85.05","73.01","ARCTIC BAY A","2400401","2020-06-16 14:00","2020","06","16","14:00","7.2","","1.3","","66","","","","26","","21","","48.3","","101.10","","","","","","NA"
"-85.05","73.01","ARCTIC BAY A","2400401","2020-06-16 15:00","2020","06","16","15:00","6.7","","1.2","","68","","","","25","","21","","48.3","","101.09","","","","","","NA"
"-85.05","73.01","ARCTIC BAY A","2400401","2020-06-16 16:00","2020","06","16","16:00"
"-85.05","73.01","ARCTIC BAY A","2400401","2020-06-16 17:00","2020","06","16","17:00"
"-85.05","73.01","ARCTIC BAY A","2400401","2020-06-16 18:00","2020","06","16","18:00"
"-85.05","73.01","ARCTIC BAY A","2400401","2020-06-16 19:00","2020","06","16","19:00"
"-85.05","73.01","ARCTIC BAY A","2400401","2020-06-16 20:00","2020","06","16","20:00"
"-85.05","73.01","ARCTIC BAY A","2400401","2020-06-16 21:00","2020","06","16","21:00"
"-85.05","73.01","ARCTIC BAY A","2400401","2020-06-16 22:00","2020","06","16","22:00"
"-85.05","73.01","ARCTIC BAY A","2400401","2020-06-16 23:00","2020","06","16","23:00"
"-85.05","73.01","ARCTIC BAY A","2400401","2020-06-17 00:00","2020","06","17","00:00"
"-85.05","73.01","ARCTIC BAY A","2400401","2020-06-17 01:00","2020","06","17","01:00"
"-85.05","73.01","ARCTIC BAY A","2400401","2020-06-17 02:00","2020","06","17","02:00"
"-85.05","73.01","ARCTIC BAY A","2400401","2020-06-17 03:00","2020","06","17","03:00"
"-85.05","73.01","ARCTIC BAY A","2400401","2020-06-17 04:00","2020","06","17","04:00"
"-85.05","73.01","ARCTIC BAY A","2400401","2020-06-17 05:00","2020","06","17","05:00"
"-85.05","73.01","ARCTIC BAY A","2400401","2020-06-17 06:00","2020","06","17","06:00","3.7","","0.6","","80","","","","25","","10","","48.3","","101.08","","","","","","NA"
"-85.05","73.01","ARCTIC BAY A","2400401","2020-06-17 07:00","2020","06","17","07:00","6.5","","1.2","","69","","","","27","","18","","48.3","","101.08","","","","","","Clear"
"-85.05","73.01","ARCTIC BAY A","2400401","2020-06-17 08:00","2020","06","17","08:00","5.0","","0.9","","75","","","","25","","12","","48.3","","101.09","","","","","","NA"
"-85.05","73.01","ARCTIC BAY A","2400401","2020-06-17 09:00","2020","06","17","09:00","6.8","","1.1","","67","","","","28","","17","","48.3","","101.08","","","","","","NA"
"-85.05","73.01","ARCTIC BAY A","2400401","2020-06-17 10:00","2020","06","17","10:00","5.7","","1.0","","72","","","","25","","18","","48.3","","101.08","","","","","","Clear"
"-85.05","73.01","ARCTIC BAY A","2400401","2020-06-17 11:00","2020","06","17","11:00","5.3","","0.9","","73","","","","25","","19","","48.3","","101.07","","","","","","NA"
"-85.05","73.01","ARCTIC BAY A","2400401","2020-06-17 12:00","2020","06","17","12:00","6.2","","1.7","","73","","","","25","","18","","48.3","","101.07","","","","","","NA"
"-85.05","73.01","ARCTIC BAY A","2400401","2020-06-17 13:00","2020","06","17","13:00","6.6","","1.0","","68","","","","26","","14","","48.3","","101.06","","","","","","Clear"
"-85.05","73.01","ARCTIC BAY A","2400401","2020-06-17 14:00","2020","06","17","14:00","8.1","","1.3","","62","","","","25","","13","","48.3","","101.07","","","","","","NA"
"-85.05","73.01","ARCTIC BAY A","2400401","2020-06-17 15:00","2020","06","17","15:00","7.1","","0.4","","62","","","","22","","18","","48.3","","101.06","","","","","","NA"
"-85.05","73.01","ARCTIC BAY A","2400401","2020-06-17 16:00","2020","06","17","16:00"
"-85.05","73.01","ARCTIC BAY A","2400401","2020-06-17 17:00","2020","06","17","17:00"
"-85.05","73.01","ARCTIC BAY A","2400401","2020-06-17 18:00","2020","06","17","18:00"
"-85.05","73.01","ARCTIC BAY A","2400401","2020-06-17 19:00","2020","06","17","19:00"
"-85.05","73.01","ARCTIC BAY A","2400401","2020-06-17 20:00","2020","06","17","20:00"
"-85.05","73.01","ARCTIC BAY A","2400401","2020-06-17 21:00","2020","06","17","21:00"
"-85.05","73.01","ARCTIC BAY A","2400401","2020-06-17 22:00","2020","06","17","22:00"
"-85.05","73.01","ARCTIC BAY A","2400401","2020-06-17 23:00","2020","06","17","23:00"
"-85.05","73.01","ARCTIC BAY A","2400401","2020-06-18 00:00","2020","06","18","00:00"
"-85.05","73.01","ARCTIC BAY A","2400401","2020-06-18 01:00","2020","06","18","01:00"
"-85.05","73.01","ARCTIC BAY A","2400401","2020-06-18 02:00","2020","06","18","02:00"
"-85.05","73.01","ARCTIC BAY A","2400401","2020-06-18 03:00","2020","06","18","03:00"
"-85.05","73.01","ARCTIC BAY A","2400401","2020-06-18 04:00","2020","06","18","04:00"
"-85.05","73.01","ARCTIC BAY A","2400401","2020-06-18 05:00","2020","06","18","05:00"
"-85.05","73.01","ARCTIC BAY A","2400401","2020-06-18 06:00","2020","06","18","06:00","4.8","","1.0","","76","","","","26","","8","","48.3","","101.08","","","","","","NA"
"-85.05","73.01","ARCTIC BAY A","2400401","2020-06-18 07:00","2020","06","18","07:00","5.8","","1.0","","71","","","","26","","4","","48.3","","101.06","","","","","","Mainly Clear"
"-85.05","73.01","ARCTIC BAY A","2400401","2020-06-18 08:00","2020","06","18","08:00","7.0","","1.1","","66","","","","24","","5","","48.3","","101.06","","","","","","NA"
"-85.05","73.01","ARCTIC BAY A","2400401","2020-06-18 09:00","2020","06","18","09:00","6.2","","1.5","","72","","","","26","","12","","48.3","","101.04","","","","","","NA"
"-85.05","73.01","ARCTIC BAY A","2400401","2020-06-18 10:00","2020","06","18","10:00","7.0","","1.6","","69","","","","25","","11","","48.3","","101.03","","","","","","Clear"
"-85.05","73.01","ARCTIC BAY A","2400401","2020-06-18 11:00","2020","06","18","11:00","8.2","","2.0","","65","","","","25","","17","","48.3","","101.00","","","","","","NA"
"-85.05","73.01","ARCTIC BAY A","2400401","2020-06-18 12:00","2020","06","18","12:00","5.7","","1.7","","75","","","","25","","12","","48.3","","100.99","","","","","","NA"
"-85.05","73.01","ARCTIC BAY A","2400401","2020-06-18 13:00","2020","06","18","13:00","7.6","","2.1","","68","","","","26","","19","","48.3","","100.98","","","","","","Clear"
"-85.05","73.01","ARCTIC BAY A","2400401","2020-06-18 14:00","2020","06","18","14:00","8.6","","2.5","","65","","","","28","","20","","48.3","","100.96","","","","","","NA"
"-85.05","73.01","ARCTIC BAY A","2400401","2020-06-18 15:00","2020","06","18","15:00","7.5","","2.4","","70","","","","26","","22","","48.3","","100.95","","","","","","NA"
"-85.05","73.01","ARCTIC BAY A","2400401","2020-06-18 16:00","2020","06","18","16:00","9.4","","2.4","","61","","","","28","","23","","32.2","","100.95","","","","","","Clear"
"-85.05","73.01","ARCTIC BAY A","2400401","2020-06-18 17:00","2020","06","18","17:00","9.9","","2.5","","60","","","","28","","21","","48.3","","100.95","","","","","","NA"
"-85.05","73.01","ARCTIC BAY A","2400401","2020-06-18 18:00","2020","06","18","18:00"
"-85.05","73.01","ARCTIC BAY A","2400401","2020-06-18 19:00","2020","06","18","19:00"
"-85.05","73.01","ARCTIC BAY A","2400401","2020-06-18 20:00","2020","06","18","20:00"
"-85.05","73.01","ARCTIC BAY A","2400401","2020-06-18 21:00","2020","06","18","21:00"
"-85.05","73.01","ARCTIC BAY A","2400401","2020-06-18 22:00","2020","06","18","22:00"
"-85.05","73.01","ARCTIC BAY A","2400401","2020-06-18 23:00","2020","06","18","23:00"
"-85.05","73.01","ARCTIC BAY A","2400401","2020-06-19 00:00","2020","06","19","00:00"
"-85.05","73.01","ARCTIC BAY A","2400401","2020-06-19 01:00","2020","06","19","01:00"
"-85.05","73.01","ARCTIC BAY A","2400401","2020-06-19 02:00","2020","06","19","02:00"
"-85.05","73.01","ARCTIC BAY A","2400401","2020-06-19 03:00","2020","06","19","03:00"
"-85.05","73.01","ARCTIC BAY A","2400401","2020-06-19 04:00","2020","06","19","04:00"
"-85.05","73.01","ARCTIC BAY A","2400401","2020-06-19 05:00","2020","06","19","05:00"
"-85.05","73.01","ARCTIC BAY A","2400401","2020-06-19 06:00","2020","06","19","06:00","2.1","","-0.1","","85","","","","10","","3","","48.3","","100.60","","","","","","NA"
"-85.05","73.01","ARCTIC BAY A","2400401","2020-06-19 07:00","2020","06","19","07:00","0.9","","-0.4","","91","","","","27","","4","","48.3","","100.58","","","","","","Mainly Clear"
"-85.05","73.01","ARCTIC BAY A","2400401","2020-06-19 08:00","2020","06","19","08:00","3.6","","0.6","","81","","","","21","","5","","48.3","","100.52","","","","","","NA"
"-85.05","73.01","ARCTIC BAY A","2400401","2020-06-19 09:00","2020","06","19","09:00","2.6","","0.2","","84","","","","22","","4","","48.3","","100.48","","","","","","NA"
"-85.05","73.01","ARCTIC BAY A","2400401","2020-06-19 10:00","2020","06","19","10:00","3.7","","0.6","","80","","","","25","","12","","48.3","","100.41","","","","","","Mostly Cloudy"
"-85.05","73.01","ARCTIC BAY A","2400401","2020-06-19 11:00","2020","06","19","11:00","5.5","","1.3","","74","","","","28","","14","","48.3","","100.37","","","","","","NA"
"-85.05","73.01","ARCTIC BAY A","2400401","2020-06-19 12:00","2020","06","19","12:00","4.8","","1.5","","79","","","","25","","14","","48.3","","100.35","","","","","","NA"
"-85.05","73.01","ARCTIC BAY A","2400401","2020-06-19 13:00","2020","06","19","13:00","4.4","","1.1","","79","","","","20","","4","","40.2","","100.31","","","","","","Cloudy"
"-85.05","73.01","ARCTIC BAY A","2400401","2020-06-19 14:00","2020","06","19","14:00","5.7","","2.0","","77","","","","7","","6","","40.2","","100.27","","","","","","NA"
"-85.05","73.01","ARCTIC BAY A","2400401","2020-06-19 15:00","2020","06","19","15:00","3.8","","1.6","","85","","","","0","","1","","32.2","","100.28","","","","","","Rain Showers"
"-85.05","73.01","ARCTIC BAY A","2400401","2020-06-19 16:00","2020","06","19","16:00"
"-85.05","73.01","ARCTIC BAY A","2400401","2020-06-19 17:00","2020","06","19","17:00"
"-85.05","73.01","ARCTIC BAY A","2400401","2020-06-19 18:00","2020","06","19","18:00"
"-85.05","73.01","ARCTIC BAY A","2400401","2020-06-19 19:00","2020","06","19","19:00"
"-85.05","73.01","ARCTIC BAY A","2400401","2020-06-19 20:00","2020","06","19","20:00"
"-85.05","73.01","ARCTIC BAY A","2400401","2020-06-19 21:00","2020","06","19","21:00"
"-85.05","73.01","ARCTIC BAY A","2400401","2020-06-19 22:00","2020","06","19","22:00"
"-85.05","73.01","ARCTIC BAY A","2400401","2020-06-19 23:00","2020","06","19","23:00"
"-85.05","73.01","ARCTIC BAY A","2400401","2020-06-20 00:00","2020","06","20","00:00"
"-85.05","73.01","ARCTIC BAY A","2400401","2020-06-20 01:00","2020","06","20","01:00"
"-85.05","73.01","ARCTIC BAY A","2400401","2020-06-20 02:00","2020","06","20","02:00"
"-85.05","73.01","ARCTIC BAY A","2400401","2020-06-20 03:00","2020","06","20","03:00"
"-85.05","73.01","ARCTIC BAY A","2400401","2020-06-20 04:00","2020","06","20","04:00"
"-85.05","73.01","ARCTIC BAY A","2400401","2020-06-20 05:00","2020","06","20","05:00"
"-85.05","73.01","ARCTIC BAY A","2400401","2020-06-20 06:00","2020","06","20","06:00"
"-85.05","73.01","ARCTIC BAY A","2400401","2020-06-20 07:00","2020","06","20","07:00"
"-85.05","73.01","ARCTIC BAY A","2400401","2020-06-20 08:00","2020","06","20","08:00"
"-85.05","73.01","ARCTIC BAY A","2400401","2020-06-20 09:00","2020","06","20","09:00"
"-85.05","73.01","ARCTIC BAY A","2400401","2020-06-20 10:00","2020","06","20","10:00"
"-85.05","73.01","ARCTIC BAY A","2400401","2020-06-20 11:00","2020","06","20","11:00"
"-85.05","73.01","ARCTIC BAY A","2400401","2020-06-20 12:00","2020","06","20","12:00","6.9","","2.2","","72","","","","12","","28","","40.2","","100.45","","","","","","NA"
"-85.05","73.01","ARCTIC BAY A","2400401","2020-06-20 13:00","2020","06","20","13:00","7.4","","2.4","","71","","","","12","","31","","32.2","","100.46","","","","","","Cloudy"
"-85.05","73.01","ARCTIC BAY A","2400401","2020-06-20 14:00","2020","06","20","14:00","6.9","","2.2","","72","","","","13","","17","","40.2","","100.52","","","","","","NA"
"-85.05","73.01","ARCTIC BAY A","2400401","2020-06-20 15:00","2020","06","20","15:00","6.5","","2.1","","73","","","","29","","10","","40.2","","100.59","","","","","","NA"
"-85.05","73.01","ARCTIC BAY A","2400401","2020-06-20 16:00","2020","06","20","16:00","5.9","","2.0","","76","","","","24","","5","","40.2","","100.64","","","","","","Cloudy"
"-85.05","73.01","ARCTIC BAY A","2400401","2020-06-20 17:00","2020","06","20","17:00","5.3","","2.1","","80","","","","30","","16","","40.2","","100.67","","","","","","NA"
"-85.05","73.01","ARCTIC BAY A","2400401","2020-06-20 18:00","2020","06","20","18:00"
"-85.05","73.01","ARCTIC BAY A","2400401","2020-06-20 19:00","2020","06","20","19:00"
"-85.05","73.01","ARCTIC BAY A","2400401","2020-06-20 20:00","2020","06","20","20:00"
"-85.05","73.01","ARCTIC BAY A","2400401","2020-06-20 21:00","2020","06","20","21:00"
"-85.05","73.01","ARCTIC BAY A","2400401","2020-06-20 22:00","2020","06","20","22:00"
"-85.05","73.01","ARCTIC BAY A","2400401","2020-06-20 23:00","2020","06","20","23:00"
"-85.05","73.01","ARCTIC BAY A","2400401","2020-06-21 00:00","2020","06","21","00:00"
"-85.05","73.01","ARCTIC BAY A","2400401","2020-06-21 01:00","2020","06","21","01:00"
"-85.05","73.01","ARCTIC BAY A","2400401","2020-06-21 02:00","2020","06","21","02:00"
"-85.05","73.01","ARCTIC BAY A","2400401","2020-06-21 03:00","2020","06","21","03:00"
"-85.05","73.01","ARCTIC BAY A","2400401","2020-06-21 04:00","2020","06","21","04:00"
"-85.05","73.01","ARCTIC BAY A","2400401","2020-06-21 05:00","2020","06","21","05:00"
"-85.05","73.01","ARCTIC BAY A","2400401","2020-06-21 06:00","2020","06","21","06:00"
"-85.05","73.01","ARCTIC BAY A","2400401","2020-06-21 07:00","2020","06","21","07:00"
"-85.05","73.01","ARCTIC BAY A","2400401","2020-06-21 08:00","2020","06","21","08:00"
"-85.05","73.01","ARCTIC BAY A","2400401","2020-06-21 09:00","2020","06","21","09:00"
"-85.05","73.01","ARCTIC BAY A","2400401","2020-06-21 10:00","2020","06","21","10:00"
"-85.05","73.01","ARCTIC BAY A","2400401","2020-06-21 11:00","2020","06","21","11:00"
"-85.05","73.01","ARCTIC BAY A","2400401","2020-06-21 12:00","2020","06","21","12:00"
"-85.05","73.01","ARCTIC BAY A","2400401","2020-06-21 13:00","2020","06","21","13:00"
"-85.05","73.01","ARCTIC BAY A","2400401","2020-06-21 14:00","2020","06","21","14:00"
"-85.05","73.01","ARCTIC BAY A","2400401","2020-06-21 15:00","2020","06","21","15:00"
"-85.05","73.01","ARCTIC BAY A","2400401","2020-06-21 16:00","2020","06","21","16:00"
"-85.05","73.01","ARCTIC BAY A","2400401","2020-06-21 17:00","2020","06","21","17:00"
"-85.05","73.01","ARCTIC BAY A","2400401","2020-06-21 18:00","2020","06","21","18:00"
"-85.05","73.01","ARCTIC BAY A","2400401","2020-06-21 19:00","2020","06","21","19:00"
"-85.05","73.01","ARCTIC BAY A","2400401","2020-06-21 20:00","2020","06","21","20:00"
"-85.05","73.01","ARCTIC BAY A","2400401","2020-06-21 21:00","2020","06","21","21:00"
"-85.05","73.01","ARCTIC BAY A","2400401","2020-06-21 22:00","2020","06","21","22:00"
"-85.05","73.01","ARCTIC BAY A","2400401","2020-06-21 23:00","2020","06","21","23:00"
"-85.05","73.01","ARCTIC BAY A","2400401","2020-06-22 00:00","2020","06","22","00:00"
"-85.05","73.01","ARCTIC BAY A","2400401","2020-06-22 01:00","2020","06","22","01:00"
"-85.05","73.01","ARCTIC BAY A","2400401","2020-06-22 02:00","2020","06","22","02:00"
"-85.05","73.01","ARCTIC BAY A","2400401","2020-06-22 03:00","2020","06","22","03:00"
"-85.05","73.01","ARCTIC BAY A","2400401","2020-06-22 04:00","2020","06","22","04:00"
"-85.05","73.01","ARCTIC BAY A","2400401","2020-06-22 05:00","2020","06","22","05:00"
"-85.05","73.01","ARCTIC BAY A","2400401","2020-06-22 06:00","2020","06","22","06:00","3.8","","3.2","","96","","","","36","","1","","3.2","","101.02","","","","","","Fog"
"-85.05","73.01","ARCTIC BAY A","2400401","2020-06-22 07:00","2020","06","22","07:00","2.7","","2.6","","99","","","","24","","5","","3.2","","101.02","","","","","","Fog"
"-85.05","73.01","ARCTIC BAY A","2400401","2020-06-22 08:00","2020","06","22","08:00","3.3","","3.0","","97","","","","26","","4","","2.4","","101.02","","","","","","Fog"
"-85.05","73.01","ARCTIC BAY A","2400401","2020-06-22 09:00","2020","06","22","09:00","4.1","","3.8","","97","","","","24","","7","","3.2","","101.02","","","","","","Fog"
"-85.05","73.01","ARCTIC BAY A","2400401","2020-06-22 10:00","2020","06","22","10:00","4.8","","4.8","","100","","","","25","","14","","8.1","","101.02","","","","","","Fog"
"-85.05","73.01","ARCTIC BAY A","2400401","2020-06-22 11:00","2020","06","22","11:00","4.7","","4.3","","97","","","","26","","14","","8.1","","101.01","","","","","","Fog"
"-85.05","73.01","ARCTIC BAY A","2400401","2020-06-22 12:00","2020","06","22","12:00","5.2","","4.1","","93","","","","25","","16","","16.1","","100.99","","","","","","NA"
"-85.05","73.01","ARCTIC BAY A","2400401","2020-06-22 13:00","2020","06","22","13:00","5.2","","3.7","","90","","","","24","","14","","24.1","","100.95","","","","","","Mainly Clear"
"-85.05","73.01","ARCTIC BAY A","2400401","2020-06-22 14:00","2020","06","22","14:00","5.5","","3.9","","89","","","","25","","18","","48.3","","100.93","","","","","","NA"
"-85.05","73.01","ARCTIC BAY A","2400401","2020-06-22 15:00","2020","06","22","15:00","6.4","","3.8","","84","","","","25","","17","","48.3","","100.93","","","","","","NA"
"-85.05","73.01","ARCTIC BAY A","2400401","2020-06-22 16:00","2020","06","22","16:00","7.9","","4.1","","77","","","","29","","22","","48.3","","100.90","","","","","","Cloudy"
"-85.05","73.01","ARCTIC BAY A","2400401","2020-06-22 17:00","2020","06","22","17:00","6.2","","3.7","","84","","","","25","","18","","48.3","","100.92","","","","","","NA"
"-85.05","73.01","ARCTIC BAY A","2400401","2020-06-22 18:00","2020","06","22","18:00"
"-85.05","73.01","ARCTIC BAY A","2400401","2020-06-22 19:00","2020","06","22","19:00"
"-85.05","73.01","ARCTIC BAY A","2400401","2020-06-22 20:00","2020","06","22","20:00"
"-85.05","73.01","ARCTIC BAY A","2400401","2020-06-22 21:00","2020","06","22","21:00"
"-85.05","73.01","ARCTIC BAY A","2400401","2020-06-22 22:00","2020","06","22","22:00"
"-85.05","73.01","ARCTIC BAY A","2400401","2020-06-22 23:00","2020","06","22","23:00"
"-85.05","73.01","ARCTIC BAY A","2400401","2020-06-23 00:00","2020","06","23","00:00"
"-85.05","73.01","ARCTIC BAY A","2400401","2020-06-23 01:00","2020","06","23","01:00"
"-85.05","73.01","ARCTIC BAY A","2400401","2020-06-23 02:00","2020","06","23","02:00"
"-85.05","73.01","ARCTIC BAY A","2400401","2020-06-23 03:00","2020","06","23","03:00"
"-85.05","73.01","ARCTIC BAY A","2400401","2020-06-23 04:00","2020","06","23","04:00"
"-85.05","73.01","ARCTIC BAY A","2400401","2020-06-23 05:00","2020","06","23","05:00"
"-85.05","73.01","ARCTIC BAY A","2400401","2020-06-23 06:00","2020","06","23","06:00","5.6","","3.5","","86","","","","36","","3","","48.3","","100.85","","","","","","NA"
"-85.05","73.01","ARCTIC BAY A","2400401","2020-06-23 07:00","2020","06","23","07:00","6.5","","3.1","","79","","","","31","","9","","40.2","","100.84","","","","","","Cloudy"
"-85.05","73.01","ARCTIC BAY A","2400401","2020-06-23 08:00","2020","06","23","08:00","3.8","","2.1","","89","","","","25","","4","","40.2","","100.85","","","","","","NA"
"-85.05","73.01","ARCTIC BAY A","2400401","2020-06-23 09:00","2020","06","23","09:00","4.5","","2.7","","88","","","","25","","9","","40.2","","100.81","","","","","","NA"
"-85.05","73.01","ARCTIC BAY A","2400401","2020-06-23 10:00","2020","06","23","10:00","5.6","","3.2","","85","","","","26","","11","","40.2","","100.77","","","","","","Cloudy"
"-85.05","73.01","ARCTIC BAY A","2400401","2020-06-23 11:00","2020","06","23","11:00","6.9","","3.4","","79","","","","30","","8","","40.2","","100.73","","","","","","NA"
"-85.05","73.01","ARCTIC BAY A","2400401","2020-06-23 12:00","2020","06","23","12:00","6.1","","3.1","","81","","","","26","","12","","40.2","","100.72","","","","","","NA"
"-85.05","73.01","ARCTIC BAY A","2400401","2020-06-23 13:00","2020","06","23","13:00","3.5","","1.7","","88","","","","27","","13","","40.2","","100.71","","","","","","Mostly Cloudy"
"-85.05","73.01","ARCTIC BAY A","2400401","2020-06-23 14:00","2020","06","23","14:00","4.1","","2.0","","86","","","","26","","14","","40.2","","100.68","","","","","","NA"
"-85.05","73.01","ARCTIC BAY A","2400401","2020-06-23 15:00","2020","06","23","15:00","5.8","","3.0","","82","","","","26","","16","","40.2","","100.68","","","","","","NA"
"-85.05","73.01","ARCTIC BAY A","2400401","2020-06-23 16:00","2020","06","23","16:00"
"-85.05","73.01","ARCTIC BAY A","2400401","2020-06-23 17:00","2020","06","23","17:00"
"-85.05","73.01","ARCTIC BAY A","2400401","2020-06-23 18:00","2020","06","23","18:00"
"-85.05","73.01","ARCTIC BAY A","2400401","2020-06-23 19:00","2020","06","23","19:00"
"-85.05","73.01","ARCTIC BAY A","2400401","2020-06-23 20:00","2020","06","23","20:00"
"-85.05","73.01","ARCTIC BAY A","2400401","2020-06-23 21:00","2020","06","23","21:00"
"-85.05","73.01","ARCTIC BAY A","2400401","2020-06-23 22:00","2020","06","23","22:00"
"-85.05","73.01","ARCTIC BAY A","2400401","2020-06-23 23:00","2020","06","23","23:00"
"-85.05","73.01","ARCTIC BAY A","2400401","2020-06-24 00:00","2020","06","24","00:00"
"-85.05","73.01","ARCTIC BAY A","2400401","2020-06-24 01:00","2020","06","24","01:00"
"-85.05","73.01","ARCTIC BAY A","2400401","2020-06-24 02:00","2020","06","24","02:00"
"-85.05","73.01","ARCTIC BAY A","2400401","2020-06-24 03:00","2020","06","24","03:00"
"-85.05","73.01","ARCTIC BAY A","2400401","2020-06-24 04:00","2020","06","24","04:00"
"-85.05","73.01","ARCTIC BAY A","2400401","2020-06-24 05:00","2020","06","24","05:00"
"-85.05","73.01","ARCTIC BAY A","2400401","2020-06-24 06:00","2020","06","24","06:00","4.4","","3.2","","92","","","","36","","3","","32.2","","100.30","","","","","","NA"
"-85.05","73.01","ARCTIC BAY A","2400401","2020-06-24 07:00","2020","06","24","07:00","3.9","","3.9","","100","","","","36","","3","","48.3","","100.29","","","","","","Clear"
"-85.05","73.01","ARCTIC BAY A","2400401","2020-06-24 08:00","2020","06","24","08:00","5.7","","5.7","","100","","","","5","","8","","48.3","","100.28","","","","","","NA"
"-85.05","73.01","ARCTIC BAY A","2400401","2020-06-24 09:00","2020","06","24","09:00","6.9","","5.6","","91","","","","30","","12","","48.3","","100.25","","","","","","NA"
"-85.05","73.01","ARCTIC BAY A","2400401","2020-06-24 10:00","2020","06","24","10:00","5.1","","2.8","","85","","","","25","","9","","48.3","","100.24","","","","","","Mainly Clear"
"-85.05","73.01","ARCTIC BAY A","2400401","2020-06-24 11:00","2020","06","24","11:00","9.5","","4.8","","72","","","","28","","15","","48.3","","100.21","","","","","","NA"
"-85.05","73.01","ARCTIC BAY A","2400401","2020-06-24 12:00","2020","06","24","12:00","10.2","","5.0","","70","","","","29","","15","","48.3","","100.20","","","","","","NA"
"-85.05","73.01","ARCTIC BAY A","2400401","2020-06-24 13:00","2020","06","24","13:00","10.3","","4.2","","66","","","","27","","17","","48.3","","100.20","","","","","","Mainly Clear"
"-85.05","73.01","ARCTIC BAY A","2400401","2020-06-24 14:00","2020","06","24","14:00","9.9","","3.7","","65","","","","25","","14","","48.3","","100.20","","","","","","NA"
"-85.05","73.01","ARCTIC BAY A","2400401","2020-06-24 15:00","2020","06","24","15:00","11.0","","5.3","","68","","","","28","","20","","48.3","","100.21","","","","","","NA"
"-85.05","73.01","ARCTIC BAY A","2400401","2020-06-24 16:00","2020","06","24","16:00"
"-85.05","73.01","ARCTIC BAY A","2400401","2020-06-24 17:00","2020","06","24","17:00"
"-85.05","73.01","ARCTIC BAY A","2400401","2020-06-24 18:00","2020","06","24","18:00"
"-85.05","73.01","ARCTIC BAY A","2400401","2020-06-24 19:00","2020","06","24","19:00"
"-85.05","73.01","ARCTIC BAY A","2400401","2020-06-24 20:00","2020","06","24","20:00"
"-85.05","73.01","ARCTIC BAY A","2400401","2020-06-24 21:00","2020","06","24","21:00"
"-85.05","73.01","ARCTIC BAY A","2400401","2020-06-24 22:00","2020","06","24","22:00"
"-85.05","73.01","ARCTIC BAY A","2400401","2020-06-24 23:00","2020","06","24","23:00"
"-85.05","73.01","ARCTIC BAY A","2400401","2020-06-25 00:00","2020","06","25","00:00"
"-85.05","73.01","ARCTIC BAY A","2400401","2020-06-25 01:00","2020","06","25","01:00"
"-85.05","73.01","ARCTIC BAY A","2400401","2020-06-25 02:00","2020","06","25","02:00"
"-85.05","73.01","ARCTIC BAY A","2400401","2020-06-25 03:00","2020","06","25","03:00"
"-85.05","73.01","ARCTIC BAY A","2400401","2020-06-25 04:00","2020","06","25","04:00"
"-85.05","73.01","ARCTIC BAY A","2400401","2020-06-25 05:00","2020","06","25","05:00"
"-85.05","73.01","ARCTIC BAY A","2400401","2020-06-25 06:00","2020","06","25","06:00","7.3","","2.1","","70","","","","28","","16","","48.3","","100.33","","","","","","NA"
"-85.05","73.01","ARCTIC BAY A","2400401","2020-06-25 07:00","2020","06","25","07:00","8.0","","2.6","","68","","","","32","","11","","48.3","","100.37","","","","","","Mostly Cloudy"
"-85.05","73.01","ARCTIC BAY A","2400401","2020-06-25 08:00","2020","06","25","08:00","7.0","","2.6","","73","","","","23","","5","","48.3","","100.39","","","","","","NA"
"-85.05","73.01","ARCTIC BAY A","2400401","2020-06-25 09:00","2020","06","25","09:00","6.7","","2.6","","75","","","","31","","22","","32.2","","100.40","","","","","","NA"
"-85.05","73.01","ARCTIC BAY A","2400401","2020-06-25 10:00","2020","06","25","10:00","6.2","","2.6","","78","","","","30","","18","","16.1","","100.43","","","","","","Cloudy"
"-85.05","73.01","ARCTIC BAY A","2400401","2020-06-25 11:00","2020","06","25","11:00","3.4","","3.0","","97","","","","29","","19","","16.1","","100.51","","","","","","Rain Showers"
"-85.05","73.01","ARCTIC BAY A","2400401","2020-06-25 12:00","2020","06","25","12:00","3.6","","3.6","","100","","","","27","","19","","16.1","","100.60","","","","","","Rain Showers"
"-85.05","73.01","ARCTIC BAY A","2400401","2020-06-25 13:00","2020","06","25","13:00","5.5","","4.7","","94","","","","23","","9","","16.1","","100.62","","","","","","Rain Showers"
"-85.05","73.01","ARCTIC BAY A","2400401","2020-06-25 14:00","2020","06","25","14:00","3.9","","3.9","","100","","","","21","","7","","32.2","","100.67","","","","","","Rain"
"-85.05","73.01","ARCTIC BAY A","2400401","2020-06-25 15:00","2020","06","25","15:00","4.6","","4.1","","97","","","","26","","6","","40.2","","100.70","","","","","","NA"
"-85.05","73.01","ARCTIC BAY A","2400401","2020-06-25 16:00","2020","06","25","16:00","5.5","","5.1","","97","","","","27","","7","","40.2","","100.74","","","","","","Cloudy"
"-85.05","73.01","ARCTIC BAY A","2400401","2020-06-25 17:00","2020","06","25","17:00","4.8","","3.8","","93","","","","28","","14","","40.2","","100.77","","","","","","NA"
"-85.05","73.01","ARCTIC BAY A","2400401","2020-06-25 18:00","2020","06","25","18:00"
"-85.05","73.01","ARCTIC BAY A","2400401","2020-06-25 19:00","2020","06","25","19:00"
"-85.05","73.01","ARCTIC BAY A","2400401","2020-06-25 20:00","2020","06","25","20:00"
"-85.05","73.01","ARCTIC BAY A","2400401","2020-06-25 21:00","2020","06","25","21:00"
"-85.05","73.01","ARCTIC BAY A","2400401","2020-06-25 22:00","2020","06","25","22:00"
"-85.05","73.01","ARCTIC BAY A","2400401","2020-06-25 23:00","2020","06","25","23:00"
"-85.05","73.01","ARCTIC BAY A","2400401","2020-06-26 00:00","2020","06","26","00:00"
"-85.05","73.01","ARCTIC BAY A","2400401","2020-06-26 01:00","2020","06","26","01:00"
"-85.05","73.01","ARCTIC BAY A","2400401","2020-06-26 02:00","2020","06","26","02:00"
"-85.05","73.01","ARCTIC BAY A","2400401","2020-06-26 03:00","2020","06","26","03:00"
"-85.05","73.01","ARCTIC BAY A","2400401","2020-06-26 04:00","2020","06","26","04:00"
"-85.05","73.01","ARCTIC BAY A","2400401","2020-06-26 05:00","2020","06","26","05:00"
"-85.05","73.01","ARCTIC BAY A","2400401","2020-06-26 06:00","2020","06","26","06:00","7.2","","4.7","","84","","","","36","","3","","32.2","","101.21","","","","","","NA"
"-85.05","73.01","ARCTIC BAY A","2400401","2020-06-26 07:00","2020","06","26","07:00","5.7","","3.8","","87","","","","24","","4","","32.2","","101.22","","","","","","Mostly Cloudy"
"-85.05","73.01","ARCTIC BAY A","2400401","2020-06-26 08:00","2020","06","26","08:00","7.0","","4.7","","85","","","","24","","8","","32.2","","101.24","","","","","","NA"
"-85.05","73.01","ARCTIC BAY A","2400401","2020-06-26 09:00","2020","06","26","09:00","7.7","","4.9","","82","","","","26","","9","","32.2","","101.24","","","","","","NA"
"-85.05","73.01","ARCTIC BAY A","2400401","2020-06-26 10:00","2020","06","26","10:00","5.6","","3.2","","84","","","","25","","9","","32.2","","101.26","","","","","","Mostly Cloudy"
"-85.05","73.01","ARCTIC BAY A","2400401","2020-06-26 11:00","2020","06","26","11:00","6.5","","3.0","","79","","","","24","","7","","32.2","","101.24","","","","","","NA"
"-85.05","73.01","ARCTIC BAY A","2400401","2020-06-26 12:00","2020","06","26","12:00","7.1","","3.1","","76","","","","25","","8","","32.2","","101.23","","","","","","NA"
"-85.05","73.01","ARCTIC BAY A","2400401","2020-06-26 13:00","2020","06","26","13:00","4.4","","2.2","","86","","","","24","","5","","32.2","","101.24","","","","","","Mostly Cloudy"
"-85.05","73.01","ARCTIC BAY A","2400401","2020-06-26 14:00","2020","06","26","14:00","9.4","","5.5","","76","","","","28","","14","","40.2","","101.21","","","","","","NA"
"-85.05","73.01","ARCTIC BAY A","2400401","2020-06-26 15:00","2020","06","26","15:00","4.2","","2.1","","86","","","","26","","8","","32.2","","101.26","","","","","","NA"
"-85.05","73.01","ARCTIC BAY A","2400401","2020-06-26 16:00","2020","06","26","16:00"
"-85.05","73.01","ARCTIC BAY A","2400401","2020-06-26 17:00","2020","06","26","17:00"
"-85.05","73.01","ARCTIC BAY A","2400401","2020-06-26 18:00","2020","06","26","18:00"
"-85.05","73.01","ARCTIC BAY A","2400401","2020-06-26 19:00","2020","06","26","19:00"
"-85.05","73.01","ARCTIC BAY A","2400401","2020-06-26 20:00","2020","06","26","20:00"
"-85.05","73.01","ARCTIC BAY A","2400401","2020-06-26 21:00","2020","06","26","21:00"
"-85.05","73.01","ARCTIC BAY A","2400401","2020-06-26 22:00","2020","06","26","22:00"
"-85.05","73.01","ARCTIC BAY A","2400401","2020-06-26 23:00","2020","06","26","23:00"
"-85.05","73.01","ARCTIC BAY A","2400401","2020-06-27 00:00","2020","06","27","00:00"
"-85.05","73.01","ARCTIC BAY A","2400401","2020-06-27 01:00","2020","06","27","01:00"
"-85.05","73.01","ARCTIC BAY A","2400401","2020-06-27 02:00","2020","06","27","02:00"
"-85.05","73.01","ARCTIC BAY A","2400401","2020-06-27 03:00","2020","06","27","03:00"
"-85.05","73.01","ARCTIC BAY A","2400401","2020-06-27 04:00","2020","06","27","04:00"
"-85.05","73.01","ARCTIC BAY A","2400401","2020-06-27 05:00","2020","06","27","05:00"
"-85.05","73.01","ARCTIC BAY A","2400401","2020-06-27 06:00","2020","06","27","06:00"
"-85.05","73.01","ARCTIC BAY A","2400401","2020-06-27 07:00","2020","06","27","07:00"
"-85.05","73.01","ARCTIC BAY A","2400401","2020-06-27 08:00","2020","06","27","08:00"
"-85.05","73.01","ARCTIC BAY A","2400401","2020-06-27 09:00","2020","06","27","09:00"
"-85.05","73.01","ARCTIC BAY A","2400401","2020-06-27 10:00","2020","06","27","10:00"
"-85.05","73.01","ARCTIC BAY A","2400401","2020-06-27 11:00","2020","06","27","11:00"
"-85.05","73.01","ARCTIC BAY A","2400401","2020-06-27 12:00","2020","06","27","12:00","11.9","","6.7","","70","","","","27","","13","","40.2","","101.13","","","","","","NA"
"-85.05","73.01","ARCTIC BAY A","2400401","2020-06-27 13:00","2020","06","27","13:00","10.6","","6.0","","73","","","","27","","12","","40.2","","101.14","","","","","","Mostly Cloudy"
"-85.05","73.01","ARCTIC BAY A","2400401","2020-06-27 14:00","2020","06","27","14:00","11.6","","6.2","","69","","","","29","","14","","40.2","","101.14","","","","","","NA"
"-85.05","73.01","ARCTIC BAY A","2400401","2020-06-27 15:00","2020","06","27","15:00","12.3","","7.0","","70","","","","29","","4","","48.3","","101.16","","","","","","NA"
"-85.05","73.01","ARCTIC BAY A","2400401","2020-06-27 16:00","2020","06","27","16:00","12.2","","6.9","","70","","","","26","","4","","32.2","","101.18","","","","","","Mostly Cloudy"
"-85.05","73.01","ARCTIC BAY A","2400401","2020-06-27 17:00","2020","06","27","17:00","16.5","","9.0","","61","","","","12","","20","","48.3","","101.16","","","","","","NA"
"-85.05","73.01","ARCTIC BAY A","2400401","2020-06-27 18:00","2020","06","27","18:00"
"-85.05","73.01","ARCTIC BAY A","2400401","2020-06-27 19:00","2020","06","27","19:00"
"-85.05","73.01","ARCTIC BAY A","2400401","2020-06-27 20:00","2020","06","27","20:00"
"-85.05","73.01","ARCTIC BAY A","2400401","2020-06-27 21:00","2020","06","27","21:00"
"-85.05","73.01","ARCTIC BAY A","2400401","2020-06-27 22:00","2020","06","27","22:00"
"-85.05","73.01","ARCTIC BAY A","2400401","2020-06-27 23:00","2020","06","27","23:00"
"-85.05","73.01","ARCTIC BAY A","2400401","2020-06-28 00:00","2020","06","28","00:00"
"-85.05","73.01","ARCTIC BAY A","2400401","2020-06-28 01:00","2020","06","28","01:00"
"-85.05","73.01","ARCTIC BAY A","2400401","2020-06-28 02:00","2020","06","28","02:00"
"-85.05","73.01","ARCTIC BAY A","2400401","2020-06-28 03:00","2020","06","28","03:00"
"-85.05","73.01","ARCTIC BAY A","2400401","2020-06-28 04:00","2020","06","28","04:00"
"-85.05","73.01","ARCTIC BAY A","2400401","2020-06-28 05:00","2020","06","28","05:00"
"-85.05","73.01","ARCTIC BAY A","2400401","2020-06-28 06:00","2020","06","28","06:00"
"-85.05","73.01","ARCTIC BAY A","2400401","2020-06-28 07:00","2020","06","28","07:00"
"-85.05","73.01","ARCTIC BAY A","2400401","2020-06-28 08:00","2020","06","28","08:00"
"-85.05","73.01","ARCTIC BAY A","2400401","2020-06-28 09:00","2020","06","28","09:00"
"-85.05","73.01","ARCTIC BAY A","2400401","2020-06-28 10:00","2020","06","28","10:00"
"-85.05","73.01","ARCTIC BAY A","2400401","2020-06-28 11:00","2020","06","28","11:00"
"-85.05","73.01","ARCTIC BAY A","2400401","2020-06-28 12:00","2020","06","28","12:00"
"-85.05","73.01","ARCTIC BAY A","2400401","2020-06-28 13:00","2020","06","28","13:00"
"-85.05","73.01","ARCTIC BAY A","2400401","2020-06-28 14:00","2020","06","28","14:00"
"-85.05","73.01","ARCTIC BAY A","2400401","2020-06-28 15:00","2020","06","28","15:00"
"-85.05","73.01","ARCTIC BAY A","2400401","2020-06-28 16:00","2020","06","28","16:00"
"-85.05","73.01","ARCTIC BAY A","2400401","2020-06-28 17:00","2020","06","28","17:00"
"-85.05","73.01","ARCTIC BAY A","2400401","2020-06-28 18:00","2020","06","28","18:00"
"-85.05","73.01","ARCTIC BAY A","2400401","2020-06-28 19:00","2020","06","28","19:00"
"-85.05","73.01","ARCTIC BAY A","2400401","2020-06-28 20:00","2020","06","28","20:00"
"-85.05","73.01","ARCTIC BAY A","2400401","2020-06-28 21:00","2020","06","28","21:00"
"-85.05","73.01","ARCTIC BAY A","2400401","2020-06-28 22:00","2020","06","28","22:00"
"-85.05","73.01","ARCTIC BAY A","2400401","2020-06-28 23:00","2020","06","28","23:00"
"-85.05","73.01","ARCTIC BAY A","2400401","2020-06-29 00:00","2020","06","29","00:00"
"-85.05","73.01","ARCTIC BAY A","2400401","2020-06-29 01:00","2020","06","29","01:00"
"-85.05","73.01","ARCTIC BAY A","2400401","2020-06-29 02:00","2020","06","29","02:00"
"-85.05","73.01","ARCTIC BAY A","2400401","2020-06-29 03:00","2020","06","29","03:00"
"-85.05","73.01","ARCTIC BAY A","2400401","2020-06-29 04:00","2020","06","29","04:00"
"-85.05","73.01","ARCTIC BAY A","2400401","2020-06-29 05:00","2020","06","29","05:00"
"-85.05","73.01","ARCTIC BAY A","2400401","2020-06-29 06:00","2020","06","29","06:00","1.2","","0.6","","96","","","","22","","3","","3.2","","101.30","","","","","","Rain Showers,Fog"
"-85.05","73.01","ARCTIC BAY A","2400401","2020-06-29 07:00","2020","06","29","07:00","1.4","","1.4","","100","","","","36","","3","","3.2","","101.31","","","","","","Rain Showers,Fog"
"-85.05","73.01","ARCTIC BAY A","2400401","2020-06-29 08:00","2020","06","29","08:00","1.2","","1.2","","100","","","","23","","4","","3.2","","101.30","","","","","","Rain Showers,Fog"
"-85.05","73.01","ARCTIC BAY A","2400401","2020-06-29 09:00","2020","06","29","09:00","1.1","","1.1","","100","","","","24","","4","","3.2","","101.31","","","","","","Rain Showers,Fog"
"-85.05","73.01","ARCTIC BAY A","2400401","2020-06-29 10:00","2020","06","29","10:00","1.7","","1.7","","100","","","","24","","3","","2.4","","101.31","","","","","","Rain Showers,Fog"
"-85.05","73.01","ARCTIC BAY A","2400401","2020-06-29 11:00","2020","06","29","11:00","1.8","","1.8","","100","","","","25","","3","","2.4","","101.31","","","","","","Rain Showers,Fog"
"-85.05","73.01","ARCTIC BAY A","2400401","2020-06-29 12:00","2020","06","29","12:00","2.3","","2.3","","100","","","","17","","3","","2.4","","101.31","","","","","","Rain Showers,Fog"
"-85.05","73.01","ARCTIC BAY A","2400401","2020-06-29 13:00","2020","06","29","13:00","3.0","","3.0","","100","","","","36","","2","","2.4","","101.32","","","","","","Rain Showers,Fog"
"-85.05","73.01","ARCTIC BAY A","2400401","2020-06-29 14:00","2020","06","29","14:00","2.4","","2.4","","100","","","","36","","1","","2.4","","101.34","","","","","","Rain Showers,Fog"
"-85.05","73.01","ARCTIC BAY A","2400401","2020-06-29 15:00","2020","06","29","15:00","2.8","","2.8","","100","","","","20","","3","","2.8","","101.36","","","","","","Rain Showers,Fog"
"-85.05","73.01","ARCTIC BAY A","2400401","2020-06-29 16:00","2020","06","29","16:00","3.8","","3.8","","100","","","","15","","3","","2.4","","101.38","","","","","","Rain Showers,Fog"
"-85.05","73.01","ARCTIC BAY A","2400401","2020-06-29 17:00","2020","06","29","17:00","4.2","","4.2","","100","","","","13","","6","","2.4","","101.38","","","","","","Rain Showers,Fog"
"-85.05","73.01","ARCTIC BAY A","2400401","2020-06-29 18:00","2020","06","29","18:00"
"-85.05","73.01","ARCTIC BAY A","2400401","2020-06-29 19:00","2020","06","29","19:00"
"-85.05","73.01","ARCTIC BAY A","2400401","2020-06-29 20:00","2020","06","29","20:00"
"-85.05","73.01","ARCTIC BAY A","2400401","2020-06-29 21:00","2020","06","29","21:00"
"-85.05","73.01","ARCTIC BAY A","2400401","2020-06-29 22:00","2020","06","29","22:00"
"-85.05","73.01","ARCTIC BAY A","2400401","2020-06-29 23:00","2020","06","29","23:00"
"-85.05","73.01","ARCTIC BAY A","2400401","2020-06-30 00:00","2020","06","30","00:00"
"-85.05","73.01","ARCTIC BAY A","2400401","2020-06-30 01:00","2020","06","30","01:00"
"-85.05","73.01","ARCTIC BAY A","2400401","2020-06-30 02:00","2020","06","30","02:00"
"-85.05","73.01","ARCTIC BAY A","2400401","2020-06-30 03:00","2020","06","30","03:00"
"-85.05","73.01","ARCTIC BAY A","2400401","2020-06-30 04:00","2020","06","30","04:00"
"-85.05","73.01","ARCTIC BAY A","2400401","2020-06-30 05:00","2020","06","30","05:00"
"-85.05","73.01","ARCTIC BAY A","2400401","2020-06-30 06:00","2020","06","30","06:00","7.7","","7.7","","100","","","","36","","2","","32.2","","101.61","","","","","","NA"
"-85.05","73.01","ARCTIC BAY A","2400401","2020-06-30 07:00","2020","06","30","07:00","4.2","","2.9","","90","","","","24","","3","","32.2","","101.63","","","","","","Cloudy"
"-85.05","73.01","ARCTIC BAY A","2400401","2020-06-30 08:00","2020","06","30","08:00","3.3","","3.3","","100","","","","36","","3","","32.2","","101.64","","","","","","NA"
"-85.05","73.01","ARCTIC BAY A","2400401","2020-06-30 09:00","2020","06","30","09:00","5.4","","5.4","","100","","","","21","","5","","32.2","","101.64","","","","","","NA"
"-85.05","73.01","ARCTIC BAY A","2400401","2020-06-30 10:00","2020","06","30","10:00","6.2","","5.0","","92","","","","","","0","","32.2","","101.65","","","","","","Cloudy"
"-85.05","73.01","ARCTIC BAY A","2400401","2020-06-30 11:00","2020","06","30","11:00","4.7","","3.2","","90","","","","23","","6","","32.2","","101.67","","","","","","NA"
"-85.05","73.01","ARCTIC BAY A","2400401","2020-06-30 12:00","2020","06","30","12:00","2.9","","2.0","","94","","","","29","","7","","32.2","","101.66","","","","","","NA"
"-85.05","73.01","ARCTIC BAY A","2400401","2020-06-30 13:00","2020","06","30","13:00","5.6","","4.6","","93","","","","36","","2","","32.2","","101.68","","","","","","Cloudy"
"-85.05","73.01","ARCTIC BAY A","2400401","2020-06-30 14:00","2020","06","30","14:00","5.0","","3.5","","90","","","","22","","4","","32.2","","101.70","","","","","","NA"
"-85.05","73.01","ARCTIC BAY A","2400401","2020-06-30 15:00","2020","06","30","15:00","3.7","","2.8","","94","","","","36","","1","","32.2","","101.74","","","","","","NA"
"-85.05","73.01","ARCTIC BAY A","2400401","2020-06-30 16:00","2020","06","30","16:00"
"-85.05","73.01","ARCTIC BAY A","2400401","2020-06-30 17:00","2020","06","30","17:00"
"-85.05","73.01","ARCTIC BAY A","2400401","2020-06-30 18:00","2020","06","30","18:00"
"-85.05","73.01","ARCTIC BAY A","2400401","2020-06-30 19:00","2020","06","30","19:00"
"-85.05","73.01","ARCTIC BAY A","2400401","2020-06-30 20:00","2020","06","30","20:00"
"-85.05","73.01","ARCTIC BAY A","2400401","2020-06-30 21:00","2020","06","30","21:00"
"-85.05","73.01","ARCTIC BAY A","2400401","2020-06-30 22:00","2020","06","30","22:00"
"-85.05","73.01","ARCTIC BAY A","2400401","2020-06-30 23:00","2020","06","30","23:00"
