"Longitude (x)","Latitude (y)","Station Name","Climate ID","Date/Time (LST)","Year","Month","Day","Time (LST)","Temp (°C)","Temp Flag","Dew Point Temp (°C)","Dew Point Temp Flag","Rel Hum (%)","Rel Hum Flag","Precip. Amount (mm)","Precip. Amount Flag","Wind Dir (10s deg)","Wind Dir Flag","Wind Spd (km/h)","Wind Spd Flag","Visibility (km)","Visibility Flag","Stn Press (kPa)","Stn Press Flag","Hmdx","Hmdx Flag","Wind Chill","Wind Chill Flag","Weather"
"-130.70","54.58","GREY ISLET (AUT)","1063303","2019-07-01 00:00","2019","07","01","00:00","15.0","","13.2","","89","","0.0","","","M","","M","","","101.90","","","","","","NA"
"-130.70","54.58","GREY ISLET (AUT)","1063303","2019-07-01 01:00","2019","07","01","01:00","14.2","","12.7","","91","","0.0","","","M","","M","","","101.86","","","","","","NA"
"-130.70","54.58","GREY ISLET (AUT)","1063303","2019-07-01 02:00","2019","07","01","02:00","13.6","","12.5","","93","","0.0","","","M","","M","","","101.83","","","","","","NA"
"-130.70","54.58","GREY ISLET (AUT)","1063303","2019-07-01 03:00","2019","07","01","03:00","13.8","","12.7","","93","","0.0","","","M","","M","","","101.81","","","","","","NA"
"-130.70","54.58","GREY ISLET (AUT)","1063303","2019-07-01 04:00","2019","07","01","04:00","13.8","","12.6","","93","","0.0","","","M","","M","","","101.75","","","","","","NA"
"-130.70","54.58","GREY ISLET (AUT)","1063303","2019-07-01 05:00","2019","07","01","05:00","14.0","","13.0","","93","","0.0","","","M","","M","","","101.73","","","","","","NA"
"-130.70","54.58","GREY ISLET (AUT)","1063303","2019-07-01 06:00","2019","07","01","06:00","13.7","","12.6","","93","","0.0","","","M","","M","","","101.72","","","","","","NA"
"-130.70","54.58","GREY ISLET (AUT)","1063303","2019-07-01 07:00","2019","07","01","07:00","13.6","","12.5","","93","","0.0","","","M","","M","","","101.71","","","","","","NA"
"-130.70","54.58","GREY ISLET (AUT)","1063303","2019-07-01 08:00","2019","07","01","08:00","13.9","","12.8","","93","","0.0","","","M","","M","","","101.71","","","","","","NA"
"-130.70","54.58","GREY ISLET (AUT)","1063303","2019-07-01 09:00","2019","07","01","09:00","14.2","","12.9","","92","","0.0","","","M","","M","","","101.72","","","","","","NA"
"-130.70","54.58","GREY ISLET (AUT)","1063303","2019-07-01 10:00","2019","07","01","10:00","14.6","","13.2","","91","","0.0","","","M","","M","","","101.71","","","","","","NA"
"-130.70","54.58","GREY ISLET (AUT)","1063303","2019-07-01 11:00","2019","07","01","11:00","14.9","","13.4","","91","","0.0","","","M","","M","","","101.70","","","","","","NA"
"-130.70","54.58","GREY ISLET (AUT)","1063303","2019-07-01 12:00","2019","07","01","12:00","14.9","","13.4","","91","","0.0","","","M","","M","","","101.72","","","","","","NA"
"-130.70","54.58","GREY ISLET (AUT)","1063303","2019-07-01 13:00","2019","07","01","13:00","15.3","","13.6","","90","","0.0","","","M","","M","","","101.74","","","","","","NA"
"-130.70","54.58","GREY ISLET (AUT)","1063303","2019-07-01 14:00","2019","07","01","14:00","15.7","","13.9","","89","","0.0","","","M","","M","","","101.71","","","","","","NA"
"-130.70","54.58","GREY ISLET (AUT)","1063303","2019-07-01 15:00","2019","07","01","15:00","15.2","","13.5","","90","","0.0","","","M","","M","","","101.69","","","","","","NA"
"-130.70","54.58","GREY ISLET (AUT)","1063303","2019-07-01 16:00","2019","07","01","16:00","15.0","","13.5","","90","","0.0","","","M","","M","","","101.68","","","","","","NA"
"-130.70","54.58","GREY ISLET (AUT)","1063303","2019-07-01 17:00","2019","07","01","17:00","14.4","","13.1","","92","","0.0","","","M","","M","","","101.65","","","","","","NA"
"-130.70","54.58","GREY ISLET (AUT)","1063303","2019-07-01 18:00","2019","07","01","18:00","14.2","","12.9","","92","","0.0","","","M","","M","","","101.62","","","","","","NA"
"-130.70","54.58","GREY ISLET (AUT)","1063303","2019-07-01 19:00","2019","07","01","19:00","14.1","","12.9","","92","","0.0","","","M","","M","","","101.63","","","","","","NA"
"-130.70","54.58","GREY ISLET (AUT)","1063303","2019-07-01 20:00","2019","07","01","20:00","14.2","","12.8","","92","","0.0","","","M","","M","","","101.63","","","","","","NA"
"-130.70","54.58","GREY ISLET (AUT)","1063303","2019-07-01 21:00","2019","07","01","21:00","13.9","","12.6","","92","","0.0","","","M","","M","","","101.65","","","","","","NA"
"-130.70","54.58","GREY ISLET (AUT)","1063303","2019-07-01 22:00","2019","07","01","22:00","13.8","","12.7","","93","","0.0","","","M","","M","","","101.66","","","","","","NA"
"-130.70","54.58","GREY ISLET (AUT)","1063303","2019-07-01 23:00","2019","07","01","23:00","13.6","","12.6","","94","","0.0","","","M","","M","","","101.68","","","","","","NA"
"-130.70","54.58","GREY ISLET (AUT)","1063303","2019-07-02 00:00","2019","07","02","00:00","13.8","","12.9","","95","","0.0","","","M","","M","","","101.67","","","","","","NA"
"-130.70","54.58","GREY ISLET (AUT)","1063303","2019-07-02 01:00","2019","07","02","01:00","13.9","","12.9","","94","","0.0","","","M","","M","","","101.67","","","","","","NA"
"-130.70","54.58","GREY ISLET (AUT)","1063303","2019-07-02 02:00","2019","07","02","02:00","13.6","","12.6","","94","","0.0","","","M","","M","","","101.68","","","","","","NA"
"-130.70","54.58","GREY ISLET (AUT)","1063303","2019-07-02 03:00","2019","07","02","03:00","13.7","","12.6","","94","","0.0","","","M","","M","","","101.67","","","","","","NA"
"-130.70","54.58","GREY ISLET (AUT)","1063303","2019-07-02 04:00","2019","07","02","04:00","13.6","","12.6","","93","","0.0","","","M","","M","","","101.65","","","","","","NA"
"-130.70","54.58","GREY ISLET (AUT)","1063303","2019-07-02 05:00","2019","07","02","05:00","13.5","","12.6","","94","","0.0","","","M","","M","","","101.66","","","","","","NA"
"-130.70","54.58","GREY ISLET (AUT)","1063303","2019-07-02 06:00","2019","07","02","06:00","13.6","","12.5","","93","","0.0","","","M","","M","","","101.67","","","","","","NA"
"-130.70","54.58","GREY ISLET (AUT)","1063303","2019-07-02 07:00","2019","07","02","07:00","13.9","","12.6","","92","","0.0","","","M","","M","","","101.67","","","","","","NA"
"-130.70","54.58","GREY ISLET (AUT)","1063303","2019-07-02 08:00","2019","07","02","08:00","14.3","","13.1","","92","","0.0","","","M","","M","","","101.67","","","","","","NA"
"-130.70","54.58","GREY ISLET (AUT)","1063303","2019-07-02 09:00","2019","07","02","09:00","14.9","","13.3","","90","","0.0","","","M","","M","","","101.67","","","","","","NA"
"-130.70","54.58","GREY ISLET (AUT)","1063303","2019-07-02 10:00","2019","07","02","10:00","15.4","","13.8","","90","","0.0","","","M","","M","","","101.67","","","","","","NA"
"-130.70","54.58","GREY ISLET (AUT)","1063303","2019-07-02 11:00","2019","07","02","11:00","15.7","","14.0","","90","","0.0","","","M","","M","","","101.65","","","","","","NA"
"-130.70","54.58","GREY ISLET (AUT)","1063303","2019-07-02 12:00","2019","07","02","12:00","16.5","","14.1","","86","","0.0","","","M","","M","","","101.66","","","","","","NA"
"-130.70","54.58","GREY ISLET (AUT)","1063303","2019-07-02 13:00","2019","07","02","13:00","16.4","","14.2","","87","","0.0","","","M","","M","","","101.61","","","","","","NA"
"-130.70","54.58","GREY ISLET (AUT)","1063303","2019-07-02 14:00","2019","07","02","14:00","16.9","","14.5","","86","","0.0","","","M","","M","","","101.58","","","","","","NA"
"-130.70","54.58","GREY ISLET (AUT)","1063303","2019-07-02 15:00","2019","07","02","15:00","15.5","","14.2","","92","","0.0","","","M","","M","","","101.56","","","","","","NA"
"-130.70","54.58","GREY ISLET (AUT)","1063303","2019-07-02 16:00","2019","07","02","16:00","15.8","","14.1","","90","","0.0","","","M","","M","","","101.54","","","","","","NA"
"-130.70","54.58","GREY ISLET (AUT)","1063303","2019-07-02 17:00","2019","07","02","17:00","15.6","","13.9","","90","","0.0","","","M","","M","","","101.49","","","","","","NA"
"-130.70","54.58","GREY ISLET (AUT)","1063303","2019-07-02 18:00","2019","07","02","18:00","15.2","","13.6","","90","","0.0","","","M","","M","","","101.47","","","","","","NA"
"-130.70","54.58","GREY ISLET (AUT)","1063303","2019-07-02 19:00","2019","07","02","19:00","14.1","","13.0","","93","","0.0","","","M","","M","","","101.46","","","","","","NA"
"-130.70","54.58","GREY ISLET (AUT)","1063303","2019-07-02 20:00","2019","07","02","20:00","13.7","","12.7","","94","","0.0","","","M","","M","","","101.46","","","","","","NA"
"-130.70","54.58","GREY ISLET (AUT)","1063303","2019-07-02 21:00","2019","07","02","21:00","13.4","","12.7","","95","","0.0","","","M","","M","","","101.48","","","","","","NA"
"-130.70","54.58","GREY ISLET (AUT)","1063303","2019-07-02 22:00","2019","07","02","22:00","13.4","","12.5","","94","","0.0","","","M","","M","","","101.48","","","","","","NA"
"-130.70","54.58","GREY ISLET (AUT)","1063303","2019-07-02 23:00","2019","07","02","23:00","13.5","","12.4","","93","","0.0","","","M","","M","","","101.49","","","","","","NA"
"-130.70","54.58","GREY ISLET (AUT)","1063303","2019-07-03 00:00","2019","07","03","00:00","13.4","","12.2","","93","","0.0","","","M","","M","","","101.48","","","","","","NA"
"-130.70","54.58","GREY ISLET (AUT)","1063303","2019-07-03 01:00","2019","07","03","01:00","13.3","","12.1","","92","","0.0","","","M","","M","","","101.48","","","","","","NA"
"-130.70","54.58","GREY ISLET (AUT)","1063303","2019-07-03 02:00","2019","07","03","02:00","13.2","","11.8","","91","","0.0","","","M","","M","","","101.49","","","","","","NA"
"-130.70","54.58","GREY ISLET (AUT)","1063303","2019-07-03 03:00","2019","07","03","03:00","13.0","","11.6","","91","","0.0","","","M","","M","","","101.49","","","","","","NA"
"-130.70","54.58","GREY ISLET (AUT)","1063303","2019-07-03 04:00","2019","07","03","04:00","12.8","","11.6","","93","","0.0","","","M","","M","","","101.48","","","","","","NA"
"-130.70","54.58","GREY ISLET (AUT)","1063303","2019-07-03 05:00","2019","07","03","05:00","12.6","","11.6","","93","","0.0","","","M","","M","","","101.51","","","","","","NA"
"-130.70","54.58","GREY ISLET (AUT)","1063303","2019-07-03 06:00","2019","07","03","06:00","12.5","","11.7","","95","","0.0","","","M","","M","","","101.53","","","","","","NA"
"-130.70","54.58","GREY ISLET (AUT)","1063303","2019-07-03 07:00","2019","07","03","07:00","12.5","","11.6","","94","","0.0","","","M","","M","","","101.53","","","","","","NA"
"-130.70","54.58","GREY ISLET (AUT)","1063303","2019-07-03 08:00","2019","07","03","08:00","12.8","","11.5","","92","","0.0","","","M","","M","","","101.55","","","","","","NA"
"-130.70","54.58","GREY ISLET (AUT)","1063303","2019-07-03 09:00","2019","07","03","09:00","12.7","","11.1","","90","","0.0","","","M","","M","","","101.57","","","","","","NA"
"-130.70","54.58","GREY ISLET (AUT)","1063303","2019-07-03 10:00","2019","07","03","10:00","12.8","","11.3","","91","","0.0","","","M","","M","","","101.58","","","","","","NA"
"-130.70","54.58","GREY ISLET (AUT)","1063303","2019-07-03 11:00","2019","07","03","11:00","13.2","","11.5","","89","","0.0","","","M","","M","","","101.59","","","","","","NA"
"-130.70","54.58","GREY ISLET (AUT)","1063303","2019-07-03 12:00","2019","07","03","12:00","13.5","","11.7","","89","","0.0","","","M","","M","","","101.60","","","","","","NA"
"-130.70","54.58","GREY ISLET (AUT)","1063303","2019-07-03 13:00","2019","07","03","13:00","14.4","","12.0","","85","","0.0","","","M","","M","","","101.59","","","","","","NA"
"-130.70","54.58","GREY ISLET (AUT)","1063303","2019-07-03 14:00","2019","07","03","14:00","15.4","","12.3","","82","","0.0","","","M","","M","","","101.59","","","","","","NA"
"-130.70","54.58","GREY ISLET (AUT)","1063303","2019-07-03 15:00","2019","07","03","15:00","15.8","","12.7","","82","","0.0","","","M","","M","","","101.59","","","","","","NA"
"-130.70","54.58","GREY ISLET (AUT)","1063303","2019-07-03 16:00","2019","07","03","16:00","15.5","","12.9","","85","","0.0","","","M","","M","","","101.55","","","","","","NA"
"-130.70","54.58","GREY ISLET (AUT)","1063303","2019-07-03 17:00","2019","07","03","17:00","15.0","","11.9","","82","","0.0","","","M","","M","","","101.56","","","","","","NA"
"-130.70","54.58","GREY ISLET (AUT)","1063303","2019-07-03 18:00","2019","07","03","18:00","14.9","","12.3","","85","","0.0","","","M","","M","","","101.57","","","","","","NA"
"-130.70","54.58","GREY ISLET (AUT)","1063303","2019-07-03 19:00","2019","07","03","19:00","15.3","","12.3","","83","","0.0","","","M","","M","","","101.59","","","","","","NA"
"-130.70","54.58","GREY ISLET (AUT)","1063303","2019-07-03 20:00","2019","07","03","20:00","14.8","","12.1","","84","","0.0","","","M","","M","","","101.58","","","","","","NA"
"-130.70","54.58","GREY ISLET (AUT)","1063303","2019-07-03 21:00","2019","07","03","21:00","14.1","","12.0","","87","","0.0","","","M","","M","","","101.59","","","","","","NA"
"-130.70","54.58","GREY ISLET (AUT)","1063303","2019-07-03 22:00","2019","07","03","22:00","13.6","","11.6","","88","","0.0","","","M","","M","","","101.61","","","","","","NA"
"-130.70","54.58","GREY ISLET (AUT)","1063303","2019-07-03 23:00","2019","07","03","23:00","13.6","","11.0","","84","","0.0","","","M","","M","","","101.65","","","","","","NA"
"-130.70","54.58","GREY ISLET (AUT)","1063303","2019-07-04 00:00","2019","07","04","00:00","13.6","","11.8","","89","","0.0","","","M","","M","","","101.65","","","","","","NA"
"-130.70","54.58","GREY ISLET (AUT)","1063303","2019-07-04 01:00","2019","07","04","01:00","13.6","","11.8","","89","","0.0","","","M","","M","","","101.66","","","","","","NA"
"-130.70","54.58","GREY ISLET (AUT)","1063303","2019-07-04 02:00","2019","07","04","02:00","13.6","","11.3","","86","","0.0","","","M","","M","","","101.67","","","","","","NA"
"-130.70","54.58","GREY ISLET (AUT)","1063303","2019-07-04 03:00","2019","07","04","03:00","13.6","","11.5","","87","","0.0","","","M","","M","","","101.68","","","","","","NA"
"-130.70","54.58","GREY ISLET (AUT)","1063303","2019-07-04 04:00","2019","07","04","04:00","13.8","","11.6","","86","","0.0","","","M","","M","","","101.65","","","","","","NA"
"-130.70","54.58","GREY ISLET (AUT)","1063303","2019-07-04 05:00","2019","07","04","05:00","14.0","","11.8","","86","","0.0","","","M","","M","","","101.68","","","","","","NA"
"-130.70","54.58","GREY ISLET (AUT)","1063303","2019-07-04 06:00","2019","07","04","06:00","14.0","","11.9","","87","","0.0","","","M","","M","","","101.70","","","","","","NA"
"-130.70","54.58","GREY ISLET (AUT)","1063303","2019-07-04 07:00","2019","07","04","07:00","14.4","","11.8","","85","","0.0","","","M","","M","","","101.69","","","","","","NA"
"-130.70","54.58","GREY ISLET (AUT)","1063303","2019-07-04 08:00","2019","07","04","08:00","14.8","","12.6","","87","","0.0","","","M","","M","","","101.69","","","","","","NA"
"-130.70","54.58","GREY ISLET (AUT)","1063303","2019-07-04 09:00","2019","07","04","09:00","14.9","","13.0","","88","","0.0","","","M","","M","","","101.66","","","","","","NA"
"-130.70","54.58","GREY ISLET (AUT)","1063303","2019-07-04 10:00","2019","07","04","10:00","14.8","","13.1","","89","","0.0","","","M","","M","","","101.67","","","","","","NA"
"-130.70","54.58","GREY ISLET (AUT)","1063303","2019-07-04 11:00","2019","07","04","11:00","17.0","","13.4","","79","","0.0","","","M","","M","","","101.66","","","","","","NA"
"-130.70","54.58","GREY ISLET (AUT)","1063303","2019-07-04 12:00","2019","07","04","12:00","18.5","","13.7","","74","","0.0","","","M","","M","","","101.65","","","","","","NA"
"-130.70","54.58","GREY ISLET (AUT)","1063303","2019-07-04 13:00","2019","07","04","13:00","17.7","","13.7","","77","","0.0","","","M","","M","","","101.64","","","","","","NA"
"-130.70","54.58","GREY ISLET (AUT)","1063303","2019-07-04 14:00","2019","07","04","14:00","17.8","","13.5","","76","","0.0","","","M","","M","","","101.63","","","","","","NA"
"-130.70","54.58","GREY ISLET (AUT)","1063303","2019-07-04 15:00","2019","07","04","15:00","17.6","","13.9","","79","","0.0","","","M","","M","","","101.65","","","","","","NA"
"-130.70","54.58","GREY ISLET (AUT)","1063303","2019-07-04 16:00","2019","07","04","16:00","19.7","","14.9","","74","","0.0","","","M","","M","","","101.65","","","","","","NA"
"-130.70","54.58","GREY ISLET (AUT)","1063303","2019-07-04 17:00","2019","07","04","17:00","18.0","","14.1","","78","","0.0","","","M","","M","","","101.65","","","","","","NA"
"-130.70","54.58","GREY ISLET (AUT)","1063303","2019-07-04 18:00","2019","07","04","18:00","17.4","","14.5","","83","","0.0","","","M","","M","","","101.68","","","","","","NA"
"-130.70","54.58","GREY ISLET (AUT)","1063303","2019-07-04 19:00","2019","07","04","19:00","16.7","","14.1","","85","","0.0","","","M","","M","","","101.71","","","","","","NA"
"-130.70","54.58","GREY ISLET (AUT)","1063303","2019-07-04 20:00","2019","07","04","20:00","16.0","","14.1","","88","","0.0","","","M","","M","","","101.77","","","","","","NA"
"-130.70","54.58","GREY ISLET (AUT)","1063303","2019-07-04 21:00","2019","07","04","21:00","16.3","","14.3","","88","","0.0","","","M","","M","","","101.75","","","","","","NA"
"-130.70","54.58","GREY ISLET (AUT)","1063303","2019-07-04 22:00","2019","07","04","22:00","15.7","","13.7","","88","","0.0","","","M","","M","","","101.82","","","","","","NA"
"-130.70","54.58","GREY ISLET (AUT)","1063303","2019-07-04 23:00","2019","07","04","23:00","15.1","","13.6","","90","","0.0","","","M","","M","","","101.83","","","","","","NA"
"-130.70","54.58","GREY ISLET (AUT)","1063303","2019-07-05 00:00","2019","07","05","00:00","15.1","","13.6","","91","","0.0","","","M","","M","","","101.86","","","","","","NA"
"-130.70","54.58","GREY ISLET (AUT)","1063303","2019-07-05 01:00","2019","07","05","01:00","14.6","","13.2","","92","","0.0","","","M","","M","","","101.87","","","","","","NA"
"-130.70","54.58","GREY ISLET (AUT)","1063303","2019-07-05 02:00","2019","07","05","02:00","16.4","","13.4","","83","","0.0","","","M","","M","","","101.86","","","","","","NA"
"-130.70","54.58","GREY ISLET (AUT)","1063303","2019-07-05 03:00","2019","07","05","03:00","15.7","","13.2","","85","","0.0","","","M","","M","","","101.83","","","","","","NA"
"-130.70","54.58","GREY ISLET (AUT)","1063303","2019-07-05 04:00","2019","07","05","04:00","15.9","","12.8","","82","","0.0","","","M","","M","","","101.84","","","","","","NA"
"-130.70","54.58","GREY ISLET (AUT)","1063303","2019-07-05 05:00","2019","07","05","05:00","15.6","","12.6","","82","","0.0","","","M","","M","","","101.85","","","","","","NA"
"-130.70","54.58","GREY ISLET (AUT)","1063303","2019-07-05 06:00","2019","07","05","06:00","15.3","","12.4","","83","","0.0","","","M","","M","","","101.87","","","","","","NA"
"-130.70","54.58","GREY ISLET (AUT)","1063303","2019-07-05 07:00","2019","07","05","07:00","15.9","","12.5","","80","","0.0","","","M","","M","","","101.90","","","","","","NA"
"-130.70","54.58","GREY ISLET (AUT)","1063303","2019-07-05 08:00","2019","07","05","08:00","16.6","","12.7","","78","","0.0","","","M","","M","","","101.91","","","","","","NA"
"-130.70","54.58","GREY ISLET (AUT)","1063303","2019-07-05 09:00","2019","07","05","09:00","17.5","","12.3","","71","","0.0","","","M","","M","","","101.86","","","","","","NA"
"-130.70","54.58","GREY ISLET (AUT)","1063303","2019-07-05 10:00","2019","07","05","10:00","18.4","","12.5","","69","","0.0","","","M","","M","","","101.85","","","","","","NA"
"-130.70","54.58","GREY ISLET (AUT)","1063303","2019-07-05 11:00","2019","07","05","11:00","18.6","","13.0","","70","","0.0","","","M","","M","","","101.82","","","","","","NA"
"-130.70","54.58","GREY ISLET (AUT)","1063303","2019-07-05 12:00","2019","07","05","12:00","19.4","","12.8","","66","","0.0","","","M","","M","","","101.77","","","","","","NA"
"-130.70","54.58","GREY ISLET (AUT)","1063303","2019-07-05 13:00","2019","07","05","13:00","21.1","","11.5","","55","","0.0","","","M","","M","","","101.75","","","","","","NA"
"-130.70","54.58","GREY ISLET (AUT)","1063303","2019-07-05 14:00","2019","07","05","14:00","20.7","","12.2","","58","","0.0","","","M","","M","","","101.71","","","","","","NA"
"-130.70","54.58","GREY ISLET (AUT)","1063303","2019-07-05 15:00","2019","07","05","15:00","21.6","","11.5","","53","","0.0","","","M","","M","","","101.68","","","","","","NA"
"-130.70","54.58","GREY ISLET (AUT)","1063303","2019-07-05 16:00","2019","07","05","16:00","21.3","","11.2","","53","","0.0","","","M","","M","","","101.65","","","","","","NA"
"-130.70","54.58","GREY ISLET (AUT)","1063303","2019-07-05 17:00","2019","07","05","17:00","21.7","","10.7","","50","","0.0","","","M","","M","","","101.63","","","","","","NA"
"-130.70","54.58","GREY ISLET (AUT)","1063303","2019-07-05 18:00","2019","07","05","18:00","22.2","","10.7","","48","","0.0","","","M","","M","","","101.62","","","","","","NA"
"-130.70","54.58","GREY ISLET (AUT)","1063303","2019-07-05 19:00","2019","07","05","19:00","21.4","","11.2","","52","","0.0","","","M","","M","","","101.61","","","","","","NA"
"-130.70","54.58","GREY ISLET (AUT)","1063303","2019-07-05 20:00","2019","07","05","20:00","21.2","","11.1","","53","","0.0","","","M","","M","","","101.61","","","","","","NA"
"-130.70","54.58","GREY ISLET (AUT)","1063303","2019-07-05 21:00","2019","07","05","21:00","17.0","","12.2","","73","","0.0","","","M","","M","","","101.64","","","","","","NA"
"-130.70","54.58","GREY ISLET (AUT)","1063303","2019-07-05 22:00","2019","07","05","22:00","17.5","","11.4","","68","","0.0","","","M","","M","","","101.67","","","","","","NA"
"-130.70","54.58","GREY ISLET (AUT)","1063303","2019-07-05 23:00","2019","07","05","23:00","16.9","","12.0","","73","","0.0","","","M","","M","","","101.68","","","","","","NA"
"-130.70","54.58","GREY ISLET (AUT)","1063303","2019-07-06 00:00","2019","07","06","00:00","15.0","","12.7","","86","","0.0","","","M","","M","","","101.69","","","","","","NA"
"-130.70","54.58","GREY ISLET (AUT)","1063303","2019-07-06 01:00","2019","07","06","01:00","14.3","","12.5","","89","","0.0","","","M","","M","","","101.70","","","","","","NA"
"-130.70","54.58","GREY ISLET (AUT)","1063303","2019-07-06 02:00","2019","07","06","02:00","14.0","","12.5","","91","","0.0","","","M","","M","","","101.71","","","","","","NA"
"-130.70","54.58","GREY ISLET (AUT)","1063303","2019-07-06 03:00","2019","07","06","03:00","13.7","","12.4","","92","","0.0","","","M","","M","","","101.73","","","","","","NA"
"-130.70","54.58","GREY ISLET (AUT)","1063303","2019-07-06 04:00","2019","07","06","04:00","13.3","","12.2","","93","","0.0","","","M","","M","","","101.71","","","","","","NA"
"-130.70","54.58","GREY ISLET (AUT)","1063303","2019-07-06 05:00","2019","07","06","05:00","13.1","","12.2","","94","","0.0","","","M","","M","","","101.69","","","","","","NA"
"-130.70","54.58","GREY ISLET (AUT)","1063303","2019-07-06 06:00","2019","07","06","06:00","13.3","","12.4","","94","","0.0","","","M","","M","","","101.68","","","","","","NA"
"-130.70","54.58","GREY ISLET (AUT)","1063303","2019-07-06 07:00","2019","07","06","07:00","13.8","","12.7","","93","","0.0","","","M","","M","","","101.67","","","","","","NA"
"-130.70","54.58","GREY ISLET (AUT)","1063303","2019-07-06 08:00","2019","07","06","08:00","14.4","","13.1","","92","","0.0","","","M","","M","","","101.65","","","","","","NA"
"-130.70","54.58","GREY ISLET (AUT)","1063303","2019-07-06 09:00","2019","07","06","09:00","15.2","","13.8","","92","","0.0","","","M","","M","","","101.67","","","","","","NA"
"-130.70","54.58","GREY ISLET (AUT)","1063303","2019-07-06 10:00","2019","07","06","10:00","15.0","","13.8","","92","","0.0","","","M","","M","","","101.61","","","","","","NA"
"-130.70","54.58","GREY ISLET (AUT)","1063303","2019-07-06 11:00","2019","07","06","11:00","15.3","","13.6","","90","","0.0","","","M","","M","","","101.59","","","","","","NA"
"-130.70","54.58","GREY ISLET (AUT)","1063303","2019-07-06 12:00","2019","07","06","12:00","16.0","","13.6","","86","","0.0","","","M","","M","","","101.58","","","","","","NA"
"-130.70","54.58","GREY ISLET (AUT)","1063303","2019-07-06 13:00","2019","07","06","13:00","16.0","","13.5","","85","","0.0","","","M","","M","","","101.53","","","","","","NA"
"-130.70","54.58","GREY ISLET (AUT)","1063303","2019-07-06 14:00","2019","07","06","14:00","16.5","","13.9","","85","","0.0","","","M","","M","","","101.49","","","","","","NA"
"-130.70","54.58","GREY ISLET (AUT)","1063303","2019-07-06 15:00","2019","07","06","15:00","15.2","","13.2","","88","","0.0","","","M","","M","","","101.47","","","","","","NA"
"-130.70","54.58","GREY ISLET (AUT)","1063303","2019-07-06 16:00","2019","07","06","16:00","16.1","","13.8","","86","","0.0","","","M","","M","","","101.42","","","","","","NA"
"-130.70","54.58","GREY ISLET (AUT)","1063303","2019-07-06 17:00","2019","07","06","17:00","15.7","","13.4","","86","","0.0","","","M","","M","","","101.38","","","","","","NA"
"-130.70","54.58","GREY ISLET (AUT)","1063303","2019-07-06 18:00","2019","07","06","18:00","15.1","","13.1","","88","","0.0","","","M","","M","","","101.37","","","","","","NA"
"-130.70","54.58","GREY ISLET (AUT)","1063303","2019-07-06 19:00","2019","07","06","19:00","15.1","","13.1","","88","","0.0","","","M","","M","","","101.36","","","","","","NA"
"-130.70","54.58","GREY ISLET (AUT)","1063303","2019-07-06 20:00","2019","07","06","20:00","14.9","","13.3","","90","","0.0","","","M","","M","","","101.36","","","","","","NA"
"-130.70","54.58","GREY ISLET (AUT)","1063303","2019-07-06 21:00","2019","07","06","21:00","14.2","","12.8","","91","","0.0","","","M","","M","","","101.35","","","","","","NA"
"-130.70","54.58","GREY ISLET (AUT)","1063303","2019-07-06 22:00","2019","07","06","22:00","13.8","","12.4","","92","","0.0","","","M","","M","","","101.36","","","","","","NA"
"-130.70","54.58","GREY ISLET (AUT)","1063303","2019-07-06 23:00","2019","07","06","23:00","13.3","","12.1","","93","","0.0","","","M","","M","","","101.36","","","","","","NA"
"-130.70","54.58","GREY ISLET (AUT)","1063303","2019-07-07 00:00","2019","07","07","00:00","12.9","","11.9","","94","","0.0","","","M","","M","","","101.40","","","","","","NA"
"-130.70","54.58","GREY ISLET (AUT)","1063303","2019-07-07 01:00","2019","07","07","01:00","12.7","","11.9","","95","","0.0","","","M","","M","","","101.43","","","","","","NA"
"-130.70","54.58","GREY ISLET (AUT)","1063303","2019-07-07 02:00","2019","07","07","02:00","12.6","","11.9","","95","","0.0","","","M","","M","","","101.46","","","","","","NA"
"-130.70","54.58","GREY ISLET (AUT)","1063303","2019-07-07 03:00","2019","07","07","03:00","12.6","","11.9","","95","","0.0","","","M","","M","","","101.47","","","","","","NA"
"-130.70","54.58","GREY ISLET (AUT)","1063303","2019-07-07 04:00","2019","07","07","04:00","12.8","","12.2","","96","","0.0","","","M","","M","","","101.49","","","","","","NA"
"-130.70","54.58","GREY ISLET (AUT)","1063303","2019-07-07 05:00","2019","07","07","05:00","12.8","","12.1","","96","","0.0","","","M","","M","","","101.51","","","","","","NA"
"-130.70","54.58","GREY ISLET (AUT)","1063303","2019-07-07 06:00","2019","07","07","06:00","13.0","","12.3","","96","","0.0","","","M","","M","","","101.48","","","","","","NA"
"-130.70","54.58","GREY ISLET (AUT)","1063303","2019-07-07 07:00","2019","07","07","07:00","13.2","","12.5","","96","","0.0","","","M","","M","","","101.47","","","","","","NA"
"-130.70","54.58","GREY ISLET (AUT)","1063303","2019-07-07 08:00","2019","07","07","08:00","13.2","","12.6","","96","","0.0","","","M","","M","","","101.47","","","","","","NA"
"-130.70","54.58","GREY ISLET (AUT)","1063303","2019-07-07 09:00","2019","07","07","09:00","13.6","","12.9","","96","","0.0","","","M","","M","","","101.46","","","","","","NA"
"-130.70","54.58","GREY ISLET (AUT)","1063303","2019-07-07 10:00","2019","07","07","10:00","14.0","","13.3","","96","","0.0","","","M","","M","","","101.44","","","","","","NA"
"-130.70","54.58","GREY ISLET (AUT)","1063303","2019-07-07 11:00","2019","07","07","11:00","14.2","","13.5","","96","","0.0","","","M","","M","","","101.43","","","","","","NA"
"-130.70","54.58","GREY ISLET (AUT)","1063303","2019-07-07 12:00","2019","07","07","12:00","14.0","","13.2","","95","","0.0","","","M","","M","","","101.43","","","","","","NA"
"-130.70","54.58","GREY ISLET (AUT)","1063303","2019-07-07 13:00","2019","07","07","13:00","14.3","","13.3","","93","","0.0","","","M","","M","","","101.38","","","","","","NA"
"-130.70","54.58","GREY ISLET (AUT)","1063303","2019-07-07 14:00","2019","07","07","14:00","14.7","","13.3","","91","","0.0","","","M","","M","","","101.35","","","","","","NA"
"-130.70","54.58","GREY ISLET (AUT)","1063303","2019-07-07 15:00","2019","07","07","15:00","14.7","","13.2","","90","","0.0","","","M","","M","","","101.33","","","","","","NA"
"-130.70","54.58","GREY ISLET (AUT)","1063303","2019-07-07 16:00","2019","07","07","16:00","16.2","","14.1","","87","","0.0","","","M","","M","","","101.32","","","","","","NA"
"-130.70","54.58","GREY ISLET (AUT)","1063303","2019-07-07 17:00","2019","07","07","17:00","15.6","","13.5","","87","","0.0","","","M","","M","","","101.26","","","","","","NA"
"-130.70","54.58","GREY ISLET (AUT)","1063303","2019-07-07 18:00","2019","07","07","18:00","16.1","","14.0","","87","","0.0","","","M","","M","","","101.24","","","","","","NA"
"-130.70","54.58","GREY ISLET (AUT)","1063303","2019-07-07 19:00","2019","07","07","19:00","14.6","","12.7","","88","","0.0","","","M","","M","","","101.25","","","","","","NA"
"-130.70","54.58","GREY ISLET (AUT)","1063303","2019-07-07 20:00","2019","07","07","20:00","14.4","","12.3","","87","","0.0","","","M","","M","","","101.23","","","","","","NA"
"-130.70","54.58","GREY ISLET (AUT)","1063303","2019-07-07 21:00","2019","07","07","21:00","13.9","","12.0","","88","","0.0","","","M","","M","","","101.23","","","","","","NA"
"-130.70","54.58","GREY ISLET (AUT)","1063303","2019-07-07 22:00","2019","07","07","22:00","13.8","","12.1","","90","","0.0","","","M","","M","","","101.27","","","","","","NA"
"-130.70","54.58","GREY ISLET (AUT)","1063303","2019-07-07 23:00","2019","07","07","23:00","13.7","","12.1","","90","","0.0","","","M","","M","","","101.28","","","","","","NA"
"-130.70","54.58","GREY ISLET (AUT)","1063303","2019-07-08 00:00","2019","07","08","00:00","13.9","","12.3","","90","","0.0","","","M","","M","","","101.29","","","","","","NA"
"-130.70","54.58","GREY ISLET (AUT)","1063303","2019-07-08 01:00","2019","07","08","01:00","14.0","","12.6","","91","","0.0","","","M","","M","","","101.28","","","","","","NA"
"-130.70","54.58","GREY ISLET (AUT)","1063303","2019-07-08 02:00","2019","07","08","02:00","14.0","","12.5","","91","","0.0","","","M","","M","","","101.27","","","","","","NA"
"-130.70","54.58","GREY ISLET (AUT)","1063303","2019-07-08 03:00","2019","07","08","03:00","14.0","","12.5","","91","","0.0","","","M","","M","","","101.26","","","","","","NA"
"-130.70","54.58","GREY ISLET (AUT)","1063303","2019-07-08 04:00","2019","07","08","04:00","13.6","","12.5","","93","","0.0","","","M","","M","","","101.28","","","","","","NA"
"-130.70","54.58","GREY ISLET (AUT)","1063303","2019-07-08 05:00","2019","07","08","05:00","13.5","","12.6","","95","","0.0","","","M","","M","","","101.29","","","","","","NA"
"-130.70","54.58","GREY ISLET (AUT)","1063303","2019-07-08 06:00","2019","07","08","06:00","13.3","","12.7","","96","","0.0","","","M","","M","","","101.27","","","","","","NA"
"-130.70","54.58","GREY ISLET (AUT)","1063303","2019-07-08 07:00","2019","07","08","07:00","13.2","","12.6","","96","","0.0","","","M","","M","","","101.28","","","","","","NA"
"-130.70","54.58","GREY ISLET (AUT)","1063303","2019-07-08 08:00","2019","07","08","08:00","13.3","","12.7","","96","","0.0","","","M","","M","","","101.31","","","","","","NA"
"-130.70","54.58","GREY ISLET (AUT)","1063303","2019-07-08 09:00","2019","07","08","09:00","13.5","","12.8","","96","","0.0","","","M","","M","","","101.32","","","","","","NA"
"-130.70","54.58","GREY ISLET (AUT)","1063303","2019-07-08 10:00","2019","07","08","10:00","14.2","","13.2","","94","","0.0","","","M","","M","","","101.30","","","","","","NA"
"-130.70","54.58","GREY ISLET (AUT)","1063303","2019-07-08 11:00","2019","07","08","11:00","14.1","","12.9","","93","","0.0","","","M","","M","","","101.32","","","","","","NA"
"-130.70","54.58","GREY ISLET (AUT)","1063303","2019-07-08 12:00","2019","07","08","12:00","14.5","","13.0","","91","","0.0","","","M","","M","","","101.31","","","","","","NA"
"-130.70","54.58","GREY ISLET (AUT)","1063303","2019-07-08 13:00","2019","07","08","13:00","14.8","","13.3","","91","","0.0","","","M","","M","","","101.32","","","","","","NA"
"-130.70","54.58","GREY ISLET (AUT)","1063303","2019-07-08 14:00","2019","07","08","14:00","15.1","","13.3","","89","","0.0","","","M","","M","","","101.34","","","","","","NA"
"-130.70","54.58","GREY ISLET (AUT)","1063303","2019-07-08 15:00","2019","07","08","15:00","15.4","","13.0","","86","","0.0","","","M","","M","","","101.34","","","","","","NA"
"-130.70","54.58","GREY ISLET (AUT)","1063303","2019-07-08 16:00","2019","07","08","16:00","15.0","","12.4","","85","","0.0","","","M","","M","","","101.30","","","","","","NA"
"-130.70","54.58","GREY ISLET (AUT)","1063303","2019-07-08 17:00","2019","07","08","17:00","15.1","","12.7","","86","","0.0","","","M","","M","","","101.29","","","","","","NA"
"-130.70","54.58","GREY ISLET (AUT)","1063303","2019-07-08 18:00","2019","07","08","18:00","14.5","","11.9","","85","","0.0","","","M","","M","","","101.30","","","","","","NA"
"-130.70","54.58","GREY ISLET (AUT)","1063303","2019-07-08 19:00","2019","07","08","19:00","14.2","","12.0","","87","","0.0","","","M","","M","","","101.32","","","","","","NA"
"-130.70","54.58","GREY ISLET (AUT)","1063303","2019-07-08 20:00","2019","07","08","20:00","14.0","","12.2","","89","","0.0","","","M","","M","","","101.36","","","","","","NA"
"-130.70","54.58","GREY ISLET (AUT)","1063303","2019-07-08 21:00","2019","07","08","21:00","13.9","","12.2","","90","","0.0","","","M","","M","","","101.37","","","","","","NA"
"-130.70","54.58","GREY ISLET (AUT)","1063303","2019-07-08 22:00","2019","07","08","22:00","13.8","","12.0","","89","","0.0","","","M","","M","","","101.36","","","","","","NA"
"-130.70","54.58","GREY ISLET (AUT)","1063303","2019-07-08 23:00","2019","07","08","23:00","13.5","","12.0","","91","","0.0","","","M","","M","","","101.37","","","","","","NA"
"-130.70","54.58","GREY ISLET (AUT)","1063303","2019-07-09 00:00","2019","07","09","00:00","13.3","","12.0","","92","","0.0","","","M","","M","","","101.39","","","","","","NA"
"-130.70","54.58","GREY ISLET (AUT)","1063303","2019-07-09 01:00","2019","07","09","01:00","13.4","","12.0","","91","","0.0","","","M","","M","","","101.40","","","","","","NA"
"-130.70","54.58","GREY ISLET (AUT)","1063303","2019-07-09 02:00","2019","07","09","02:00","13.2","","12.0","","93","","0.0","","","M","","M","","","101.40","","","","","","NA"
"-130.70","54.58","GREY ISLET (AUT)","1063303","2019-07-09 03:00","2019","07","09","03:00","13.1","","11.9","","93","","0.0","","","M","","M","","","101.41","","","","","","NA"
"-130.70","54.58","GREY ISLET (AUT)","1063303","2019-07-09 04:00","2019","07","09","04:00","13.0","","12.0","","94","","0.0","","","M","","M","","","101.40","","","","","","NA"
"-130.70","54.58","GREY ISLET (AUT)","1063303","2019-07-09 05:00","2019","07","09","05:00","13.0","","12.0","","94","","0.0","","","M","","M","","","101.41","","","","","","NA"
"-130.70","54.58","GREY ISLET (AUT)","1063303","2019-07-09 06:00","2019","07","09","06:00","12.9","","12.2","","95","","0.0","","","M","","M","","","101.42","","","","","","NA"
"-130.70","54.58","GREY ISLET (AUT)","1063303","2019-07-09 07:00","2019","07","09","07:00","12.9","","12.2","","96","","0.0","","","M","","M","","","101.41","","","","","","NA"
"-130.70","54.58","GREY ISLET (AUT)","1063303","2019-07-09 08:00","2019","07","09","08:00","13.0","","12.2","","95","","0.0","","","M","","M","","","101.40","","","","","","NA"
"-130.70","54.58","GREY ISLET (AUT)","1063303","2019-07-09 09:00","2019","07","09","09:00","13.6","","12.6","","93","","0.0","","","M","","M","","","101.41","","","","","","NA"
"-130.70","54.58","GREY ISLET (AUT)","1063303","2019-07-09 10:00","2019","07","09","10:00","13.9","","12.5","","91","","0.0","","","M","","M","","","101.40","","","","","","NA"
"-130.70","54.58","GREY ISLET (AUT)","1063303","2019-07-09 11:00","2019","07","09","11:00","15.1","","13.5","","90","","0.0","","","M","","M","","","101.42","","","","","","NA"
"-130.70","54.58","GREY ISLET (AUT)","1063303","2019-07-09 12:00","2019","07","09","12:00","15.8","","13.8","","88","","0.0","","","M","","M","","","101.41","","","","","","NA"
"-130.70","54.58","GREY ISLET (AUT)","1063303","2019-07-09 13:00","2019","07","09","13:00","15.9","","13.3","","85","","0.0","","","M","","M","","","101.40","","","","","","NA"
"-130.70","54.58","GREY ISLET (AUT)","1063303","2019-07-09 14:00","2019","07","09","14:00","17.4","","13.9","","80","","0.0","","","M","","M","","","101.37","","","","","","NA"
"-130.70","54.58","GREY ISLET (AUT)","1063303","2019-07-09 15:00","2019","07","09","15:00","18.2","","14.4","","79","","0.0","","","M","","M","","","101.35","","","","","","NA"
"-130.70","54.58","GREY ISLET (AUT)","1063303","2019-07-09 16:00","2019","07","09","16:00","15.9","","13.7","","86","","0.0","","","M","","M","","","101.29","","","","","","NA"
"-130.70","54.58","GREY ISLET (AUT)","1063303","2019-07-09 17:00","2019","07","09","17:00","16.0","","13.5","","85","","0.0","","","M","","M","","","101.25","","","","","","NA"
"-130.70","54.58","GREY ISLET (AUT)","1063303","2019-07-09 18:00","2019","07","09","18:00","16.1","","13.4","","84","","0.0","","","M","","M","","","101.21","","","","","","NA"
"-130.70","54.58","GREY ISLET (AUT)","1063303","2019-07-09 19:00","2019","07","09","19:00","15.8","","12.8","","83","","0.0","","","M","","M","","","101.20","","","","","","NA"
"-130.70","54.58","GREY ISLET (AUT)","1063303","2019-07-09 20:00","2019","07","09","20:00","15.5","","13.1","","85","","0.0","","","M","","M","","","101.17","","","","","","NA"
"-130.70","54.58","GREY ISLET (AUT)","1063303","2019-07-09 21:00","2019","07","09","21:00","15.1","","12.6","","85","","0.0","","","M","","M","","","101.17","","","","","","NA"
"-130.70","54.58","GREY ISLET (AUT)","1063303","2019-07-09 22:00","2019","07","09","22:00","14.3","","11.9","","86","","0.0","","","M","","M","","","101.16","","","","","","NA"
"-130.70","54.58","GREY ISLET (AUT)","1063303","2019-07-09 23:00","2019","07","09","23:00","13.7","","11.9","","89","","0.0","","","M","","M","","","101.14","","","","","","NA"
"-130.70","54.58","GREY ISLET (AUT)","1063303","2019-07-10 00:00","2019","07","10","00:00","13.7","","12.0","","90","","0.0","","","M","","M","","","101.12","","","","","","NA"
"-130.70","54.58","GREY ISLET (AUT)","1063303","2019-07-10 01:00","2019","07","10","01:00","13.2","","11.6","","90","","0.0","","","M","","M","","","101.07","","","","","","NA"
"-130.70","54.58","GREY ISLET (AUT)","1063303","2019-07-10 02:00","2019","07","10","02:00","13.2","","11.7","","91","","0.0","","","M","","M","","","101.03","","","","","","NA"
"-130.70","54.58","GREY ISLET (AUT)","1063303","2019-07-10 03:00","2019","07","10","03:00","13.1","","11.5","","90","","0.0","","","M","","M","","","101.00","","","","","","NA"
"-130.70","54.58","GREY ISLET (AUT)","1063303","2019-07-10 04:00","2019","07","10","04:00","13.3","","12.1","","92","","0.0","","","M","","M","","","100.97","","","","","","NA"
"-130.70","54.58","GREY ISLET (AUT)","1063303","2019-07-10 05:00","2019","07","10","05:00","12.9","","12.1","","95","","0.0","","","M","","M","","","100.93","","","","","","NA"
"-130.70","54.58","GREY ISLET (AUT)","1063303","2019-07-10 06:00","2019","07","10","06:00","13.7","","12.9","","95","","0.0","","","M","","M","","","100.93","","","","","","NA"
"-130.70","54.58","GREY ISLET (AUT)","1063303","2019-07-10 07:00","2019","07","10","07:00","14.3","","12.9","","91","","0.0","","","M","","M","","","100.90","","","","","","NA"
"-130.70","54.58","GREY ISLET (AUT)","1063303","2019-07-10 08:00","2019","07","10","08:00","13.8","","12.3","","91","","0.0","","","M","","M","","","100.88","","","","","","NA"
"-130.70","54.58","GREY ISLET (AUT)","1063303","2019-07-10 09:00","2019","07","10","09:00","14.8","","13.2","","90","","0.0","","","M","","M","","","100.90","","","","","","NA"
"-130.70","54.58","GREY ISLET (AUT)","1063303","2019-07-10 10:00","2019","07","10","10:00","15.6","","13.8","","89","","0.0","","","M","","M","","","100.91","","","","","","NA"
"-130.70","54.58","GREY ISLET (AUT)","1063303","2019-07-10 11:00","2019","07","10","11:00","17.3","","14.9","","86","","0.0","","","M","","M","","","100.97","","","","","","NA"
"-130.70","54.58","GREY ISLET (AUT)","1063303","2019-07-10 12:00","2019","07","10","12:00","16.0","","13.8","","87","","0.0","","","M","","M","","","101.00","","","","","","NA"
"-130.70","54.58","GREY ISLET (AUT)","1063303","2019-07-10 13:00","2019","07","10","13:00","17.1","","14.8","","86","","0.0","","","M","","M","","","101.06","","","","","","NA"
"-130.70","54.58","GREY ISLET (AUT)","1063303","2019-07-10 14:00","2019","07","10","14:00","16.8","","14.3","","86","","0.0","","","M","","M","","","101.09","","","","","","NA"
"-130.70","54.58","GREY ISLET (AUT)","1063303","2019-07-10 15:00","2019","07","10","15:00","17.2","","14.8","","86","","0.0","","","M","","M","","","101.11","","","","","","NA"
"-130.70","54.58","GREY ISLET (AUT)","1063303","2019-07-10 16:00","2019","07","10","16:00","16.9","","14.7","","87","","0.0","","","M","","M","","","101.13","","","","","","NA"
"-130.70","54.58","GREY ISLET (AUT)","1063303","2019-07-10 17:00","2019","07","10","17:00","16.2","","13.5","","84","","0.0","","","M","","M","","","101.15","","","","","","NA"
"-130.70","54.58","GREY ISLET (AUT)","1063303","2019-07-10 18:00","2019","07","10","18:00","16.7","","14.1","","85","","0.0","","","M","","M","","","101.17","","","","","","NA"
"-130.70","54.58","GREY ISLET (AUT)","1063303","2019-07-10 19:00","2019","07","10","19:00","16.5","","14.1","","86","","0.0","","","M","","M","","","101.21","","","","","","NA"
"-130.70","54.58","GREY ISLET (AUT)","1063303","2019-07-10 20:00","2019","07","10","20:00","15.9","","14.1","","89","","0.0","","","M","","M","","","101.22","","","","","","NA"
"-130.70","54.58","GREY ISLET (AUT)","1063303","2019-07-10 21:00","2019","07","10","21:00","15.7","","14.2","","91","","0.0","","","M","","M","","","101.27","","","","","","NA"
"-130.70","54.58","GREY ISLET (AUT)","1063303","2019-07-10 22:00","2019","07","10","22:00","15.3","","14.2","","93","","0.0","","","M","","M","","","101.33","","","","","","NA"
"-130.70","54.58","GREY ISLET (AUT)","1063303","2019-07-10 23:00","2019","07","10","23:00","15.4","","14.1","","93","","0.0","","","M","","M","","","101.38","","","","","","NA"
"-130.70","54.58","GREY ISLET (AUT)","1063303","2019-07-11 00:00","2019","07","11","00:00","15.1","","13.9","","93","","0.0","","","M","","M","","","101.44","","","","","","NA"
"-130.70","54.58","GREY ISLET (AUT)","1063303","2019-07-11 01:00","2019","07","11","01:00","14.6","","13.7","","95","","0.0","","","M","","M","","","101.48","","","","","","NA"
"-130.70","54.58","GREY ISLET (AUT)","1063303","2019-07-11 02:00","2019","07","11","02:00","14.9","","14.0","","94","","0.0","","","M","","M","","","101.51","","","","","","NA"
"-130.70","54.58","GREY ISLET (AUT)","1063303","2019-07-11 03:00","2019","07","11","03:00","14.9","","13.9","","94","","0.0","","","M","","M","","","101.54","","","","","","NA"
"-130.70","54.58","GREY ISLET (AUT)","1063303","2019-07-11 04:00","2019","07","11","04:00","14.8","","13.9","","94","","0.0","","","M","","M","","","101.55","","","","","","NA"
"-130.70","54.58","GREY ISLET (AUT)","1063303","2019-07-11 05:00","2019","07","11","05:00","14.6","","13.8","","95","","0.0","","","M","","M","","","101.57","","","","","","NA"
"-130.70","54.58","GREY ISLET (AUT)","1063303","2019-07-11 06:00","2019","07","11","06:00","14.8","","14.0","","95","","0.0","","","M","","M","","","101.59","","","","","","NA"
"-130.70","54.58","GREY ISLET (AUT)","1063303","2019-07-11 07:00","2019","07","11","07:00","14.9","","14.2","","95","","0.0","","","M","","M","","","101.62","","","","","","NA"
"-130.70","54.58","GREY ISLET (AUT)","1063303","2019-07-11 08:00","2019","07","11","08:00","16.0","","15.0","","94","","0.0","","","M","","M","","","101.65","","","","","","NA"
"-130.70","54.58","GREY ISLET (AUT)","1063303","2019-07-11 09:00","2019","07","11","09:00","15.8","","14.6","","93","","0.0","","","M","","M","","","101.68","","","","","","NA"
"-130.70","54.58","GREY ISLET (AUT)","1063303","2019-07-11 10:00","2019","07","11","10:00","15.9","","14.8","","93","","0.0","","","M","","M","","","101.71","","","","","","NA"
"-130.70","54.58","GREY ISLET (AUT)","1063303","2019-07-11 11:00","2019","07","11","11:00","16.1","","14.7","","92","","0.0","","","M","","M","","","101.73","","","","","","NA"
"-130.70","54.58","GREY ISLET (AUT)","1063303","2019-07-11 12:00","2019","07","11","12:00","16.3","","15.4","","95","","0.0","","","M","","M","","","101.75","","","","","","NA"
"-130.70","54.58","GREY ISLET (AUT)","1063303","2019-07-11 13:00","2019","07","11","13:00","16.0","","14.6","","92","","0.0","","","M","","M","","","101.76","","","","","","NA"
"-130.70","54.58","GREY ISLET (AUT)","1063303","2019-07-11 14:00","2019","07","11","14:00","16.6","","14.5","","88","","0.0","","","M","","M","","","101.77","","","","","","NA"
"-130.70","54.58","GREY ISLET (AUT)","1063303","2019-07-11 15:00","2019","07","11","15:00","17.1","","15.4","","90","","0.0","","","M","","M","","","101.77","","","","","","NA"
"-130.70","54.58","GREY ISLET (AUT)","1063303","2019-07-11 16:00","2019","07","11","16:00","16.3","","14.0","","86","","0.0","","","M","","M","","","101.76","","","","","","NA"
"-130.70","54.58","GREY ISLET (AUT)","1063303","2019-07-11 17:00","2019","07","11","17:00","16.7","","13.8","","83","","0.0","","","M","","M","","","101.74","","","","","","NA"
"-130.70","54.58","GREY ISLET (AUT)","1063303","2019-07-11 18:00","2019","07","11","18:00","15.9","","13.9","","88","","0.2","","","M","","M","","","101.70","","","","","","NA"
"-130.70","54.58","GREY ISLET (AUT)","1063303","2019-07-11 19:00","2019","07","11","19:00","15.5","","13.6","","88","","0.0","","","M","","M","","","101.72","","","","","","NA"
"-130.70","54.58","GREY ISLET (AUT)","1063303","2019-07-11 20:00","2019","07","11","20:00","15.4","","13.9","","90","","0.0","","","M","","M","","","101.73","","","","","","NA"
"-130.70","54.58","GREY ISLET (AUT)","1063303","2019-07-11 21:00","2019","07","11","21:00","15.2","","13.8","","92","","0.0","","","M","","M","","","101.73","","","","","","NA"
"-130.70","54.58","GREY ISLET (AUT)","1063303","2019-07-11 22:00","2019","07","11","22:00","14.8","","14.0","","95","","0.2","","","M","","M","","","101.72","","","","","","NA"
"-130.70","54.58","GREY ISLET (AUT)","1063303","2019-07-11 23:00","2019","07","11","23:00","14.9","","13.9","","93","","0.0","","","M","","M","","","101.72","","","","","","NA"
"-130.70","54.58","GREY ISLET (AUT)","1063303","2019-07-12 00:00","2019","07","12","00:00","14.7","","13.8","","95","","0.0","","","M","","M","","","101.72","","","","","","NA"
"-130.70","54.58","GREY ISLET (AUT)","1063303","2019-07-12 01:00","2019","07","12","01:00","14.5","","13.7","","95","","0.0","","","M","","M","","","101.73","","","","","","NA"
"-130.70","54.58","GREY ISLET (AUT)","1063303","2019-07-12 02:00","2019","07","12","02:00","14.6","","13.8","","95","","0.0","","","M","","M","","","101.71","","","","","","NA"
"-130.70","54.58","GREY ISLET (AUT)","1063303","2019-07-12 03:00","2019","07","12","03:00","14.4","","13.5","","95","","0.0","","","M","","M","","","101.70","","","","","","NA"
"-130.70","54.58","GREY ISLET (AUT)","1063303","2019-07-12 04:00","2019","07","12","04:00","14.2","","13.5","","96","","0.0","","","M","","M","","","101.68","","","","","","NA"
"-130.70","54.58","GREY ISLET (AUT)","1063303","2019-07-12 05:00","2019","07","12","05:00","14.4","","13.7","","96","","0.0","","","M","","M","","","101.67","","","","","","NA"
"-130.70","54.58","GREY ISLET (AUT)","1063303","2019-07-12 06:00","2019","07","12","06:00","14.5","","13.8","","96","","0.0","","","M","","M","","","101.67","","","","","","NA"
"-130.70","54.58","GREY ISLET (AUT)","1063303","2019-07-12 07:00","2019","07","12","07:00","14.9","","14.3","","96","","0.0","","","M","","M","","","101.68","","","","","","NA"
"-130.70","54.58","GREY ISLET (AUT)","1063303","2019-07-12 08:00","2019","07","12","08:00","15.0","","14.3","","96","","0.0","","","M","","M","","","101.69","","","","","","NA"
"-130.70","54.58","GREY ISLET (AUT)","1063303","2019-07-12 09:00","2019","07","12","09:00","16.1","","15.3","","95","","0.0","","","M","","M","","","101.67","","","","","","NA"
"-130.70","54.58","GREY ISLET (AUT)","1063303","2019-07-12 10:00","2019","07","12","10:00","16.1","","14.7","","92","","0.0","","","M","","M","","","101.65","","","","","","NA"
"-130.70","54.58","GREY ISLET (AUT)","1063303","2019-07-12 11:00","2019","07","12","11:00","18.2","","15.2","","83","","0.0","","","M","","M","","","101.65","","","","","","NA"
"-130.70","54.58","GREY ISLET (AUT)","1063303","2019-07-12 12:00","2019","07","12","12:00","18.4","","15.6","","84","","0.0","","","M","","M","","","101.63","","","","","","NA"
"-130.70","54.58","GREY ISLET (AUT)","1063303","2019-07-12 13:00","2019","07","12","13:00","17.6","","14.3","","81","","0.0","","","M","","M","","","101.63","","","","","","NA"
"-130.70","54.58","GREY ISLET (AUT)","1063303","2019-07-12 14:00","2019","07","12","14:00","19.0","","15.9","","83","","0.0","","","M","","M","","","101.59","","","","","","NA"
"-130.70","54.58","GREY ISLET (AUT)","1063303","2019-07-12 15:00","2019","07","12","15:00","18.6","","15.4","","82","","0.2","","","M","","M","","","101.58","","","","","","NA"
"-130.70","54.58","GREY ISLET (AUT)","1063303","2019-07-12 16:00","2019","07","12","16:00","19.4","","15.1","","76","","0.0","","","M","","M","","","101.54","","","","","","NA"
"-130.70","54.58","GREY ISLET (AUT)","1063303","2019-07-12 17:00","2019","07","12","17:00","18.3","","14.4","","78","","0.0","","","M","","M","","","101.51","","","","","","NA"
"-130.70","54.58","GREY ISLET (AUT)","1063303","2019-07-12 18:00","2019","07","12","18:00","18.0","","14.9","","82","","0.0","","","M","","M","","","101.50","","","","","","NA"
"-130.70","54.58","GREY ISLET (AUT)","1063303","2019-07-12 19:00","2019","07","12","19:00","17.5","","14.5","","83","","0.0","","","M","","M","","","101.48","","","","","","NA"
"-130.70","54.58","GREY ISLET (AUT)","1063303","2019-07-12 20:00","2019","07","12","20:00","17.3","","14.4","","84","","0.0","","","M","","M","","","101.46","","","","","","NA"
"-130.70","54.58","GREY ISLET (AUT)","1063303","2019-07-12 21:00","2019","07","12","21:00","16.3","","14.0","","86","","0.0","","","M","","M","","","101.48","","","","","","NA"
"-130.70","54.58","GREY ISLET (AUT)","1063303","2019-07-12 22:00","2019","07","12","22:00","15.9","","13.4","","85","","0.0","","","M","","M","","","101.50","","","","","","NA"
"-130.70","54.58","GREY ISLET (AUT)","1063303","2019-07-12 23:00","2019","07","12","23:00","15.6","","13.4","","87","","0.0","","","M","","M","","","101.47","","","","","","NA"
"-130.70","54.58","GREY ISLET (AUT)","1063303","2019-07-13 00:00","2019","07","13","00:00","16.0","","13.5","","85","","0.0","","","M","","M","","","101.45","","","","","","NA"
"-130.70","54.58","GREY ISLET (AUT)","1063303","2019-07-13 01:00","2019","07","13","01:00","15.5","","13.7","","89","","0.0","","","M","","M","","","101.47","","","","","","NA"
"-130.70","54.58","GREY ISLET (AUT)","1063303","2019-07-13 02:00","2019","07","13","02:00","15.4","","13.8","","90","","0.0","","","M","","M","","","101.46","","","","","","NA"
"-130.70","54.58","GREY ISLET (AUT)","1063303","2019-07-13 03:00","2019","07","13","03:00","15.4","","13.8","","90","","0.0","","","M","","M","","","101.45","","","","","","NA"
"-130.70","54.58","GREY ISLET (AUT)","1063303","2019-07-13 04:00","2019","07","13","04:00","15.1","","13.7","","91","","0.0","","","M","","M","","","101.45","","","","","","NA"
"-130.70","54.58","GREY ISLET (AUT)","1063303","2019-07-13 05:00","2019","07","13","05:00","15.0","","13.7","","92","","0.0","","","M","","M","","","101.46","","","","","","NA"
"-130.70","54.58","GREY ISLET (AUT)","1063303","2019-07-13 06:00","2019","07","13","06:00","15.2","","13.8","","92","","0.0","","","M","","M","","","101.48","","","","","","NA"
"-130.70","54.58","GREY ISLET (AUT)","1063303","2019-07-13 07:00","2019","07","13","07:00","15.4","","13.7","","89","","0.0","","","M","","M","","","101.48","","","","","","NA"
"-130.70","54.58","GREY ISLET (AUT)","1063303","2019-07-13 08:00","2019","07","13","08:00","15.9","","14.0","","89","","0.0","","","M","","M","","","101.50","","","","","","NA"
"-130.70","54.58","GREY ISLET (AUT)","1063303","2019-07-13 09:00","2019","07","13","09:00","15.9","","14.0","","89","","0.0","","","M","","M","","","101.50","","","","","","NA"
"-130.70","54.58","GREY ISLET (AUT)","1063303","2019-07-13 10:00","2019","07","13","10:00","16.2","","14.4","","89","","0.0","","","M","","M","","","101.50","","","","","","NA"
"-130.70","54.58","GREY ISLET (AUT)","1063303","2019-07-13 11:00","2019","07","13","11:00","16.5","","14.6","","88","","0.0","","","M","","M","","","101.50","","","","","","NA"
"-130.70","54.58","GREY ISLET (AUT)","1063303","2019-07-13 12:00","2019","07","13","12:00","17.1","","14.8","","87","","0.0","","","M","","M","","","101.50","","","","","","NA"
"-130.70","54.58","GREY ISLET (AUT)","1063303","2019-07-13 13:00","2019","07","13","13:00","18.6","","15.4","","81","","0.0","","","M","","M","","","101.48","","","","","","NA"
"-130.70","54.58","GREY ISLET (AUT)","1063303","2019-07-13 14:00","2019","07","13","14:00","18.9","","15.0","","78","","0.0","","","M","","M","","","101.47","","","","","","NA"
"-130.70","54.58","GREY ISLET (AUT)","1063303","2019-07-13 15:00","2019","07","13","15:00","18.8","","15.7","","83","","0.0","","","M","","M","","","101.46","","","","","","NA"
"-130.70","54.58","GREY ISLET (AUT)","1063303","2019-07-13 16:00","2019","07","13","16:00","19.5","","16.0","","80","","0.0","","","M","","M","","","101.44","","","","","","NA"
"-130.70","54.58","GREY ISLET (AUT)","1063303","2019-07-13 17:00","2019","07","13","17:00","17.9","","14.5","","81","","0.0","","","M","","M","","","101.41","","","","","","NA"
"-130.70","54.58","GREY ISLET (AUT)","1063303","2019-07-13 18:00","2019","07","13","18:00","18.4","","14.5","","78","","0.0","","","M","","M","","","101.39","","","","","","NA"
"-130.70","54.58","GREY ISLET (AUT)","1063303","2019-07-13 19:00","2019","07","13","19:00","18.6","","15.1","","80","","0.0","","","M","","M","","","101.41","","","","","","NA"
"-130.70","54.58","GREY ISLET (AUT)","1063303","2019-07-13 20:00","2019","07","13","20:00","17.8","","14.5","","81","","0.0","","","M","","M","","","101.41","","","","","","NA"
"-130.70","54.58","GREY ISLET (AUT)","1063303","2019-07-13 21:00","2019","07","13","21:00","16.4","","14.1","","86","","0.0","","","M","","M","","","101.43","","","","","","NA"
"-130.70","54.58","GREY ISLET (AUT)","1063303","2019-07-13 22:00","2019","07","13","22:00","16.0","","14.3","","90","","0.0","","","M","","M","","","101.45","","","","","","NA"
"-130.70","54.58","GREY ISLET (AUT)","1063303","2019-07-13 23:00","2019","07","13","23:00","15.9","","14.1","","89","","0.0","","","M","","M","","","101.47","","","","","","NA"
"-130.70","54.58","GREY ISLET (AUT)","1063303","2019-07-14 00:00","2019","07","14","00:00","16.1","","14.0","","88","","0.0","","","M","","M","","","101.47","","","","","","NA"
"-130.70","54.58","GREY ISLET (AUT)","1063303","2019-07-14 01:00","2019","07","14","01:00","16.0","","14.3","","90","","0.0","","","M","","M","","","101.49","","","","","","NA"
"-130.70","54.58","GREY ISLET (AUT)","1063303","2019-07-14 02:00","2019","07","14","02:00","15.8","","14.4","","91","","0.0","","","M","","M","","","101.51","","","","","","NA"
"-130.70","54.58","GREY ISLET (AUT)","1063303","2019-07-14 03:00","2019","07","14","03:00","15.7","","13.9","","89","","0.0","","","M","","M","","","101.51","","","","","","NA"
"-130.70","54.58","GREY ISLET (AUT)","1063303","2019-07-14 04:00","2019","07","14","04:00","15.4","","13.4","","88","","0.0","","","M","","M","","","101.52","","","","","","NA"
"-130.70","54.58","GREY ISLET (AUT)","1063303","2019-07-14 05:00","2019","07","14","05:00","15.3","","13.3","","88","","0.0","","","M","","M","","","101.54","","","","","","NA"
"-130.70","54.58","GREY ISLET (AUT)","1063303","2019-07-14 06:00","2019","07","14","06:00","15.4","","13.4","","88","","0.0","","","M","","M","","","101.55","","","","","","NA"
"-130.70","54.58","GREY ISLET (AUT)","1063303","2019-07-14 07:00","2019","07","14","07:00","15.8","","13.6","","87","","0.0","","","M","","M","","","101.58","","","","","","NA"
"-130.70","54.58","GREY ISLET (AUT)","1063303","2019-07-14 08:00","2019","07","14","08:00","15.9","","13.8","","87","","0.0","","","M","","M","","","101.61","","","","","","NA"
"-130.70","54.58","GREY ISLET (AUT)","1063303","2019-07-14 09:00","2019","07","14","09:00","16.3","","14.2","","87","","0.0","","","M","","M","","","101.64","","","","","","NA"
"-130.70","54.58","GREY ISLET (AUT)","1063303","2019-07-14 10:00","2019","07","14","10:00","16.4","","14.3","","88","","0.0","","","M","","M","","","101.65","","","","","","NA"
"-130.70","54.58","GREY ISLET (AUT)","1063303","2019-07-14 11:00","2019","07","14","11:00","17.4","","14.0","","81","","0.0","","","M","","M","","","101.69","","","","","","NA"
"-130.70","54.58","GREY ISLET (AUT)","1063303","2019-07-14 12:00","2019","07","14","12:00","17.8","","14.2","","79","","0.0","","","M","","M","","","101.70","","","","","","NA"
"-130.70","54.58","GREY ISLET (AUT)","1063303","2019-07-14 13:00","2019","07","14","13:00","17.5","","14.2","","81","","0.0","","","M","","M","","","101.72","","","","","","NA"
"-130.70","54.58","GREY ISLET (AUT)","1063303","2019-07-14 14:00","2019","07","14","14:00","18.1","","14.6","","80","","0.0","","","M","","M","","","101.71","","","","","","NA"
"-130.70","54.58","GREY ISLET (AUT)","1063303","2019-07-14 15:00","2019","07","14","15:00","17.9","","14.0","","78","","0.0","","","M","","M","","","101.71","","","","","","NA"
"-130.70","54.58","GREY ISLET (AUT)","1063303","2019-07-14 16:00","2019","07","14","16:00","17.4","","14.0","","80","","0.0","","","M","","M","","","101.71","","","","","","NA"
"-130.70","54.58","GREY ISLET (AUT)","1063303","2019-07-14 17:00","2019","07","14","17:00","16.8","","14.0","","83","","0.0","","","M","","M","","","101.71","","","","","","NA"
"-130.70","54.58","GREY ISLET (AUT)","1063303","2019-07-14 18:00","2019","07","14","18:00","16.3","","14.1","","87","","0.0","","","M","","M","","","101.72","","","","","","NA"
"-130.70","54.58","GREY ISLET (AUT)","1063303","2019-07-14 19:00","2019","07","14","19:00","16.1","","13.9","","87","","0.0","","","M","","M","","","101.72","","","","","","NA"
"-130.70","54.58","GREY ISLET (AUT)","1063303","2019-07-14 20:00","2019","07","14","20:00","15.9","","13.8","","87","","0.0","","","M","","M","","","101.72","","","","","","NA"
"-130.70","54.58","GREY ISLET (AUT)","1063303","2019-07-14 21:00","2019","07","14","21:00","15.9","","13.9","","88","","0.0","","","M","","M","","","101.73","","","","","","NA"
"-130.70","54.58","GREY ISLET (AUT)","1063303","2019-07-14 22:00","2019","07","14","22:00","15.5","","13.7","","89","","0.0","","","M","","M","","","101.76","","","","","","NA"
"-130.70","54.58","GREY ISLET (AUT)","1063303","2019-07-14 23:00","2019","07","14","23:00","15.5","","13.7","","89","","0.0","","","M","","M","","","101.77","","","","","","NA"
"-130.70","54.58","GREY ISLET (AUT)","1063303","2019-07-15 00:00","2019","07","15","00:00","15.4","","13.8","","90","","0.0","","","M","","M","","","101.78","","","","","","NA"
"-130.70","54.58","GREY ISLET (AUT)","1063303","2019-07-15 01:00","2019","07","15","01:00","15.4","","13.7","","90","","0.0","","","M","","M","","","101.80","","","","","","NA"
"-130.70","54.58","GREY ISLET (AUT)","1063303","2019-07-15 02:00","2019","07","15","02:00","15.3","","13.8","","91","","0.0","","","M","","M","","","101.79","","","","","","NA"
"-130.70","54.58","GREY ISLET (AUT)","1063303","2019-07-15 03:00","2019","07","15","03:00","15.3","","13.9","","91","","0.0","","","M","","M","","","101.77","","","","","","NA"
"-130.70","54.58","GREY ISLET (AUT)","1063303","2019-07-15 04:00","2019","07","15","04:00","15.2","","13.7","","91","","0.0","","","M","","M","","","101.75","","","","","","NA"
"-130.70","54.58","GREY ISLET (AUT)","1063303","2019-07-15 05:00","2019","07","15","05:00","15.1","","13.8","","92","","0.0","","","M","","M","","","101.75","","","","","","NA"
"-130.70","54.58","GREY ISLET (AUT)","1063303","2019-07-15 06:00","2019","07","15","06:00","15.2","","13.8","","92","","0.0","","","M","","M","","","101.74","","","","","","NA"
"-130.70","54.58","GREY ISLET (AUT)","1063303","2019-07-15 07:00","2019","07","15","07:00","15.5","","13.6","","89","","0.0","","","M","","M","","","101.73","","","","","","NA"
"-130.70","54.58","GREY ISLET (AUT)","1063303","2019-07-15 08:00","2019","07","15","08:00","15.8","","13.6","","87","","0.0","","","M","","M","","","101.74","","","","","","NA"
"-130.70","54.58","GREY ISLET (AUT)","1063303","2019-07-15 09:00","2019","07","15","09:00","16.3","","13.7","","84","","0.0","","","M","","M","","","101.75","","","","","","NA"
"-130.70","54.58","GREY ISLET (AUT)","1063303","2019-07-15 10:00","2019","07","15","10:00","16.8","","14.1","","84","","0.0","","","M","","M","","","101.77","","","","","","NA"
"-130.70","54.58","GREY ISLET (AUT)","1063303","2019-07-15 11:00","2019","07","15","11:00","17.0","","14.4","","84","","0.0","","","M","","M","","","101.78","","","","","","NA"
"-130.70","54.58","GREY ISLET (AUT)","1063303","2019-07-15 12:00","2019","07","15","12:00","18.2","","14.6","","80","","0.0","","","M","","M","","","101.78","","","","","","NA"
"-130.70","54.58","GREY ISLET (AUT)","1063303","2019-07-15 13:00","2019","07","15","13:00","19.1","","13.7","","71","","0.0","","","M","","M","","","101.75","","","","","","NA"
"-130.70","54.58","GREY ISLET (AUT)","1063303","2019-07-15 14:00","2019","07","15","14:00","19.7","","15.7","","78","","0.0","","","M","","M","","","101.73","","","","","","NA"
"-130.70","54.58","GREY ISLET (AUT)","1063303","2019-07-15 15:00","2019","07","15","15:00","17.8","","14.6","","82","","0.0","","","M","","M","","","101.72","","","","","","NA"
"-130.70","54.58","GREY ISLET (AUT)","1063303","2019-07-15 16:00","2019","07","15","16:00","17.5","","14.2","","81","","0.0","","","M","","M","","","101.69","","","","","","NA"
"-130.70","54.58","GREY ISLET (AUT)","1063303","2019-07-15 17:00","2019","07","15","17:00","18.8","","15.2","","80","","0.0","","","M","","M","","","101.66","","","","","","NA"
"-130.70","54.58","GREY ISLET (AUT)","1063303","2019-07-15 18:00","2019","07","15","18:00","18.7","","14.5","","76","","0.0","","","M","","M","","","101.64","","","","","","NA"
"-130.70","54.58","GREY ISLET (AUT)","1063303","2019-07-15 19:00","2019","07","15","19:00","17.6","","13.3","","76","","0.0","","","M","","M","","","101.62","","","","","","NA"
"-130.70","54.58","GREY ISLET (AUT)","1063303","2019-07-15 20:00","2019","07","15","20:00","17.0","","12.8","","77","","0.0","","","M","","M","","","101.59","","","","","","NA"
"-130.70","54.58","GREY ISLET (AUT)","1063303","2019-07-15 21:00","2019","07","15","21:00","16.3","","12.0","","75","","0.0","","","M","","M","","","101.56","","","","","","NA"
"-130.70","54.58","GREY ISLET (AUT)","1063303","2019-07-15 22:00","2019","07","15","22:00","15.8","","12.0","","78","","0.0","","","M","","M","","","101.56","","","","","","NA"
"-130.70","54.58","GREY ISLET (AUT)","1063303","2019-07-15 23:00","2019","07","15","23:00","15.5","","12.1","","80","","0.0","","","M","","M","","","101.53","","","","","","NA"
"-130.70","54.58","GREY ISLET (AUT)","1063303","2019-07-16 00:00","2019","07","16","00:00","15.3","","12.0","","81","","0.0","","","M","","M","","","101.50","","","","","","NA"
"-130.70","54.58","GREY ISLET (AUT)","1063303","2019-07-16 01:00","2019","07","16","01:00","15.1","","11.8","","81","","0.0","","","M","","M","","","101.49","","","","","","NA"
"-130.70","54.58","GREY ISLET (AUT)","1063303","2019-07-16 02:00","2019","07","16","02:00","14.9","","12.2","","84","","0.0","","","M","","M","","","101.44","","","","","","NA"
"-130.70","54.58","GREY ISLET (AUT)","1063303","2019-07-16 03:00","2019","07","16","03:00","15.1","","12.4","","84","","0.0","","","M","","M","","","101.41","","","","","","NA"
"-130.70","54.58","GREY ISLET (AUT)","1063303","2019-07-16 04:00","2019","07","16","04:00","15.1","","11.8","","81","","0.0","","","M","","M","","","101.39","","","","","","NA"
"-130.70","54.58","GREY ISLET (AUT)","1063303","2019-07-16 05:00","2019","07","16","05:00","14.8","","12.8","","87","","0.0","","","M","","M","","","101.34","","","","","","NA"
"-130.70","54.58","GREY ISLET (AUT)","1063303","2019-07-16 06:00","2019","07","16","06:00","15.4","","12.9","","85","","0.0","","","M","","M","","","101.32","","","","","","NA"
"-130.70","54.58","GREY ISLET (AUT)","1063303","2019-07-16 07:00","2019","07","16","07:00","15.3","","13.2","","88","","0.0","","","M","","M","","","101.30","","","","","","NA"
"-130.70","54.58","GREY ISLET (AUT)","1063303","2019-07-16 08:00","2019","07","16","08:00","15.5","","13.6","","89","","0.0","","","M","","M","","","101.27","","","","","","NA"
"-130.70","54.58","GREY ISLET (AUT)","1063303","2019-07-16 09:00","2019","07","16","09:00","15.1","","13.4","","90","","0.0","","","M","","M","","","101.24","","","","","","NA"
"-130.70","54.58","GREY ISLET (AUT)","1063303","2019-07-16 10:00","2019","07","16","10:00","15.4","","13.5","","88","","0.0","","","M","","M","","","101.19","","","","","","NA"
"-130.70","54.58","GREY ISLET (AUT)","1063303","2019-07-16 11:00","2019","07","16","11:00","15.9","","13.8","","88","","0.0","","","M","","M","","","101.16","","","","","","NA"
"-130.70","54.58","GREY ISLET (AUT)","1063303","2019-07-16 12:00","2019","07","16","12:00","16.1","","14.4","","90","","0.0","","","M","","M","","","101.13","","","","","","NA"
"-130.70","54.58","GREY ISLET (AUT)","1063303","2019-07-16 13:00","2019","07","16","13:00","16.1","","13.5","","84","","0.2","","","M","","M","","","101.09","","","","","","NA"
"-130.70","54.58","GREY ISLET (AUT)","1063303","2019-07-16 14:00","2019","07","16","14:00","16.0","","13.5","","85","","0.2","","","M","","M","","","101.01","","","","","","NA"
"-130.70","54.58","GREY ISLET (AUT)","1063303","2019-07-16 15:00","2019","07","16","15:00","15.8","","13.7","","88","","0.2","","","M","","M","","","100.93","","","","","","NA"
"-130.70","54.58","GREY ISLET (AUT)","1063303","2019-07-16 16:00","2019","07","16","16:00","15.6","","13.7","","89","","0.4","","","M","","M","","","100.82","","","","","","NA"
"-130.70","54.58","GREY ISLET (AUT)","1063303","2019-07-16 17:00","2019","07","16","17:00","15.4","","13.8","","91","","0.4","","","M","","M","","","100.72","","","","","","NA"
"-130.70","54.58","GREY ISLET (AUT)","1063303","2019-07-16 18:00","2019","07","16","18:00","15.2","","14.0","","93","","0.4","","","M","","M","","","100.64","","","","","","NA"
"-130.70","54.58","GREY ISLET (AUT)","1063303","2019-07-16 19:00","2019","07","16","19:00","15.3","","14.3","","94","","0.4","","","M","","M","","","100.50","","","","","","NA"
"-130.70","54.58","GREY ISLET (AUT)","1063303","2019-07-16 20:00","2019","07","16","20:00","15.4","","14.4","","94","","0.2","","","M","","M","","","100.39","","","","","","NA"
"-130.70","54.58","GREY ISLET (AUT)","1063303","2019-07-16 21:00","2019","07","16","21:00","15.3","","14.0","","92","","0.6","","","M","","M","","","100.29","","","","","","NA"
"-130.70","54.58","GREY ISLET (AUT)","1063303","2019-07-16 22:00","2019","07","16","22:00","15.3","","13.1","","87","","0.6","","","M","","M","","","100.19","","","","","","NA"
"-130.70","54.58","GREY ISLET (AUT)","1063303","2019-07-16 23:00","2019","07","16","23:00","15.0","","13.5","","91","","0.8","","","M","","M","","","100.08","","","","","","NA"
"-130.70","54.58","GREY ISLET (AUT)","1063303","2019-07-17 00:00","2019","07","17","00:00","14.8","","13.8","","94","","0.8","","","M","","M","","","99.93","","","","","","NA"
"-130.70","54.58","GREY ISLET (AUT)","1063303","2019-07-17 01:00","2019","07","17","01:00","14.7","","13.8","","95","","0.6","","","M","","M","","","99.82","","","","","","NA"
"-130.70","54.58","GREY ISLET (AUT)","1063303","2019-07-17 02:00","2019","07","17","02:00","14.6","","13.7","","94","","0.4","","","M","","M","","","99.73","","","","","","NA"
"-130.70","54.58","GREY ISLET (AUT)","1063303","2019-07-17 03:00","2019","07","17","03:00","14.7","","13.7","","94","","0.2","","","M","","M","","","99.59","","","","","","NA"
"-130.70","54.58","GREY ISLET (AUT)","1063303","2019-07-17 04:00","2019","07","17","04:00","14.3","","13.4","","94","","0.0","","","M","","M","","","99.52","","","","","","NA"
"-130.70","54.58","GREY ISLET (AUT)","1063303","2019-07-17 05:00","2019","07","17","05:00","14.2","","13.2","","94","","0.0","","","M","","M","","","99.49","","","","","","NA"
"-130.70","54.58","GREY ISLET (AUT)","1063303","2019-07-17 06:00","2019","07","17","06:00","14.2","","13.3","","94","","0.0","","","M","","M","","","99.49","","","","","","NA"
"-130.70","54.58","GREY ISLET (AUT)","1063303","2019-07-17 07:00","2019","07","17","07:00","13.3","","12.4","","95","","0.0","","","M","","M","","","99.52","","","","","","NA"
"-130.70","54.58","GREY ISLET (AUT)","1063303","2019-07-17 08:00","2019","07","17","08:00","13.5","","12.4","","93","","0.0","","","M","","M","","","99.60","","","","","","NA"
"-130.70","54.58","GREY ISLET (AUT)","1063303","2019-07-17 09:00","2019","07","17","09:00","13.5","","12.3","","92","","0.0","","","M","","M","","","99.67","","","","","","NA"
"-130.70","54.58","GREY ISLET (AUT)","1063303","2019-07-17 10:00","2019","07","17","10:00","13.9","","12.5","","92","","0.0","","","M","","M","","","99.73","","","","","","NA"
"-130.70","54.58","GREY ISLET (AUT)","1063303","2019-07-17 11:00","2019","07","17","11:00","13.8","","12.5","","92","","0.0","","","M","","M","","","99.82","","","","","","NA"
"-130.70","54.58","GREY ISLET (AUT)","1063303","2019-07-17 12:00","2019","07","17","12:00","14.0","","12.8","","92","","0.0","","","M","","M","","","99.90","","","","","","NA"
"-130.70","54.58","GREY ISLET (AUT)","1063303","2019-07-17 13:00","2019","07","17","13:00","13.9","","12.3","","90","","0.0","","","M","","M","","","99.98","","","","","","NA"
"-130.70","54.58","GREY ISLET (AUT)","1063303","2019-07-17 14:00","2019","07","17","14:00","13.9","","12.7","","93","","0.0","","","M","","M","","","100.05","","","","","","NA"
"-130.70","54.58","GREY ISLET (AUT)","1063303","2019-07-17 15:00","2019","07","17","15:00","13.6","","12.4","","93","","0.0","","","M","","M","","","100.13","","","","","","NA"
"-130.70","54.58","GREY ISLET (AUT)","1063303","2019-07-17 16:00","2019","07","17","16:00","13.6","","12.2","","91","","0.0","","","M","","M","","","100.17","","","","","","NA"
"-130.70","54.58","GREY ISLET (AUT)","1063303","2019-07-17 17:00","2019","07","17","17:00","13.5","","12.3","","92","","0.0","","","M","","M","","","100.24","","","","","","NA"
"-130.70","54.58","GREY ISLET (AUT)","1063303","2019-07-17 18:00","2019","07","17","18:00","13.6","","12.2","","91","","0.0","","","M","","M","","","100.31","","","","","","NA"
"-130.70","54.58","GREY ISLET (AUT)","1063303","2019-07-17 19:00","2019","07","17","19:00","13.5","","12.1","","92","","0.0","","","M","","M","","","100.36","","","","","","NA"
"-130.70","54.58","GREY ISLET (AUT)","1063303","2019-07-17 20:00","2019","07","17","20:00","13.5","","12.2","","92","","0.0","","","M","","M","","","100.39","","","","","","NA"
"-130.70","54.58","GREY ISLET (AUT)","1063303","2019-07-17 21:00","2019","07","17","21:00","14.1","","12.1","","87","","0.0","","","M","","M","","","100.43","","","","","","NA"
"-130.70","54.58","GREY ISLET (AUT)","1063303","2019-07-17 22:00","2019","07","17","22:00","14.0","","12.0","","88","","0.0","","","M","","M","","","100.47","","","","","","NA"
"-130.70","54.58","GREY ISLET (AUT)","1063303","2019-07-17 23:00","2019","07","17","23:00","13.8","","11.9","","88","","0.0","","","M","","M","","","100.54","","","","","","NA"
"-130.70","54.58","GREY ISLET (AUT)","1063303","2019-07-18 00:00","2019","07","18","00:00","13.7","","11.8","","88","","0.0","","","M","","M","","","100.62","","","","","","NA"
"-130.70","54.58","GREY ISLET (AUT)","1063303","2019-07-18 01:00","2019","07","18","01:00","13.8","","11.6","","87","","0.0","","","M","","M","","","100.67","","","","","","NA"
"-130.70","54.58","GREY ISLET (AUT)","1063303","2019-07-18 02:00","2019","07","18","02:00","13.6","","11.1","","85","","0.0","","","M","","M","","","100.73","","","","","","NA"
"-130.70","54.58","GREY ISLET (AUT)","1063303","2019-07-18 03:00","2019","07","18","03:00","13.4","","11.2","","87","","0.0","","","M","","M","","","100.77","","","","","","NA"
"-130.70","54.58","GREY ISLET (AUT)","1063303","2019-07-18 04:00","2019","07","18","04:00","13.0","","11.3","","89","","0.0","","","M","","M","","","100.83","","","","","","NA"
"-130.70","54.58","GREY ISLET (AUT)","1063303","2019-07-18 05:00","2019","07","18","05:00","13.0","","11.2","","89","","0.0","","","M","","M","","","100.87","","","","","","NA"
"-130.70","54.58","GREY ISLET (AUT)","1063303","2019-07-18 06:00","2019","07","18","06:00","13.0","","11.5","","91","","0.0","","","M","","M","","","100.91","","","","","","NA"
"-130.70","54.58","GREY ISLET (AUT)","1063303","2019-07-18 07:00","2019","07","18","07:00","13.2","","11.7","","91","","0.0","","","M","","M","","","100.96","","","","","","NA"
"-130.70","54.58","GREY ISLET (AUT)","1063303","2019-07-18 08:00","2019","07","18","08:00","13.4","","11.7","","89","","0.0","","","M","","M","","","101.02","","","","","","NA"
"-130.70","54.58","GREY ISLET (AUT)","1063303","2019-07-18 09:00","2019","07","18","09:00","13.2","","11.7","","91","","0.0","","","M","","M","","","101.05","","","","","","NA"
"-130.70","54.58","GREY ISLET (AUT)","1063303","2019-07-18 10:00","2019","07","18","10:00","13.9","","11.9","","87","","0.0","","","M","","M","","","101.09","","","","","","NA"
"-130.70","54.58","GREY ISLET (AUT)","1063303","2019-07-18 11:00","2019","07","18","11:00","14.4","","11.9","","85","","0.0","","","M","","M","","","101.16","","","","","","NA"
"-130.70","54.58","GREY ISLET (AUT)","1063303","2019-07-18 12:00","2019","07","18","12:00","14.5","","11.3","","81","","0.0","","","M","","M","","","101.23","","","","","","NA"
"-130.70","54.58","GREY ISLET (AUT)","1063303","2019-07-18 13:00","2019","07","18","13:00","15.5","","11.5","","77","","0.0","","","M","","M","","","101.26","","","","","","NA"
"-130.70","54.58","GREY ISLET (AUT)","1063303","2019-07-18 14:00","2019","07","18","14:00","16.2","","11.6","","74","","0.0","","","M","","M","","","101.31","","","","","","NA"
"-130.70","54.58","GREY ISLET (AUT)","1063303","2019-07-18 15:00","2019","07","18","15:00","15.6","","12.2","","80","","0.0","","","M","","M","","","101.36","","","","","","NA"
"-130.70","54.58","GREY ISLET (AUT)","1063303","2019-07-18 16:00","2019","07","18","16:00","15.9","","12.8","","82","","0.0","","","M","","M","","","101.38","","","","","","NA"
"-130.70","54.58","GREY ISLET (AUT)","1063303","2019-07-18 17:00","2019","07","18","17:00","15.6","","12.0","","79","","0.0","","","M","","M","","","101.39","","","","","","NA"
"-130.70","54.58","GREY ISLET (AUT)","1063303","2019-07-18 18:00","2019","07","18","18:00","15.2","","12.2","","82","","0.0","","","M","","M","","","101.41","","","","","","NA"
"-130.70","54.58","GREY ISLET (AUT)","1063303","2019-07-18 19:00","2019","07","18","19:00","15.4","","11.5","","77","","0.0","","","M","","M","","","101.43","","","","","","NA"
"-130.70","54.58","GREY ISLET (AUT)","1063303","2019-07-18 20:00","2019","07","18","20:00","14.8","","12.3","","85","","0.0","","","M","","M","","","101.45","","","","","","NA"
"-130.70","54.58","GREY ISLET (AUT)","1063303","2019-07-18 21:00","2019","07","18","21:00","14.5","","12.1","","86","","0.0","","","M","","M","","","101.50","","","","","","NA"
"-130.70","54.58","GREY ISLET (AUT)","1063303","2019-07-18 22:00","2019","07","18","22:00","14.0","","11.9","","87","","0.0","","","M","","M","","","101.54","","","","","","NA"
"-130.70","54.58","GREY ISLET (AUT)","1063303","2019-07-18 23:00","2019","07","18","23:00","14.2","","12.0","","87","","0.0","","","M","","M","","","101.56","","","","","","NA"
"-130.70","54.58","GREY ISLET (AUT)","1063303","2019-07-19 00:00","2019","07","19","00:00","13.8","","12.2","","90","","0.0","","","M","","M","","","101.58","","","","","","NA"
"-130.70","54.58","GREY ISLET (AUT)","1063303","2019-07-19 01:00","2019","07","19","01:00","13.6","","12.2","","92","","0.0","","","M","","M","","","101.60","","","","","","NA"
"-130.70","54.58","GREY ISLET (AUT)","1063303","2019-07-19 02:00","2019","07","19","02:00","13.3","","12.1","","92","","0.0","","","M","","M","","","101.63","","","","","","NA"
"-130.70","54.58","GREY ISLET (AUT)","1063303","2019-07-19 03:00","2019","07","19","03:00","12.7","","11.3","","92","","0.0","","","M","","M","","","101.64","","","","","","NA"
"-130.70","54.58","GREY ISLET (AUT)","1063303","2019-07-19 04:00","2019","07","19","04:00","13.1","","11.7","","91","","0.0","","","M","","M","","","101.67","","","","","","NA"
"-130.70","54.58","GREY ISLET (AUT)","1063303","2019-07-19 05:00","2019","07","19","05:00","13.4","","12.0","","91","","0.0","","","M","","M","","","101.68","","","","","","NA"
"-130.70","54.58","GREY ISLET (AUT)","1063303","2019-07-19 06:00","2019","07","19","06:00","13.3","","12.1","","92","","0.0","","","M","","M","","","101.72","","","","","","NA"
"-130.70","54.58","GREY ISLET (AUT)","1063303","2019-07-19 07:00","2019","07","19","07:00","13.6","","12.3","","92","","0.0","","","M","","M","","","101.74","","","","","","NA"
"-130.70","54.58","GREY ISLET (AUT)","1063303","2019-07-19 08:00","2019","07","19","08:00"
"-130.70","54.58","GREY ISLET (AUT)","1063303","2019-07-19 09:00","2019","07","19","09:00","14.1","","12.5","","90","","0.0","","","M","","M","","","101.81","","","","","","NA"
"-130.70","54.58","GREY ISLET (AUT)","1063303","2019-07-19 10:00","2019","07","19","10:00","14.4","","12.5","","88","","0.0","","","M","","M","","","101.84","","","","","","NA"
"-130.70","54.58","GREY ISLET (AUT)","1063303","2019-07-19 11:00","2019","07","19","11:00","15.0","","13.1","","89","","0.0","","","M","","M","","","101.88","","","","","","NA"
"-130.70","54.58","GREY ISLET (AUT)","1063303","2019-07-19 12:00","2019","07","19","12:00","15.4","","13.3","","87","","0.0","","","M","","M","","","101.91","","","","","","NA"
"-130.70","54.58","GREY ISLET (AUT)","1063303","2019-07-19 13:00","2019","07","19","13:00","15.9","","12.1","","79","","0.0","","","M","","M","","","101.93","","","","","","NA"
"-130.70","54.58","GREY ISLET (AUT)","1063303","2019-07-19 14:00","2019","07","19","14:00","16.6","","13.0","","79","","0.0","","","M","","M","","","101.94","","","","","","NA"
"-130.70","54.58","GREY ISLET (AUT)","1063303","2019-07-19 15:00","2019","07","19","15:00","17.1","","13.0","","77","","0.0","","","M","","M","","","101.98","","","","","","NA"
"-130.70","54.58","GREY ISLET (AUT)","1063303","2019-07-19 16:00","2019","07","19","16:00","18.5","","13.1","","71","","0.0","","","M","","M","","","101.99","","","","","","NA"
"-130.70","54.58","GREY ISLET (AUT)","1063303","2019-07-19 17:00","2019","07","19","17:00","16.9","","12.5","","75","","0.0","","","M","","M","","","101.97","","","","","","NA"
"-130.70","54.58","GREY ISLET (AUT)","1063303","2019-07-19 18:00","2019","07","19","18:00","16.4","","12.1","","76","","0.0","","","M","","M","","","101.96","","","","","","NA"
"-130.70","54.58","GREY ISLET (AUT)","1063303","2019-07-19 19:00","2019","07","19","19:00","16.0","","12.3","","79","","0.0","","","M","","M","","","101.98","","","","","","NA"
"-130.70","54.58","GREY ISLET (AUT)","1063303","2019-07-19 20:00","2019","07","19","20:00","16.5","","13.1","","81","","0.0","","","M","","M","","","102.00","","","","","","NA"
"-130.70","54.58","GREY ISLET (AUT)","1063303","2019-07-19 21:00","2019","07","19","21:00","15.1","","13.3","","89","","0.0","","","M","","M","","","102.01","","","","","","NA"
"-130.70","54.58","GREY ISLET (AUT)","1063303","2019-07-19 22:00","2019","07","19","22:00","15.0","","13.2","","89","","0.0","","","M","","M","","","102.03","","","","","","NA"
"-130.70","54.58","GREY ISLET (AUT)","1063303","2019-07-19 23:00","2019","07","19","23:00","14.4","","12.3","","87","","0.0","","","M","","M","","","102.03","","","","","","NA"
"-130.70","54.58","GREY ISLET (AUT)","1063303","2019-07-20 00:00","2019","07","20","00:00","14.6","","12.2","","85","","0.0","","","M","","M","","","102.05","","","","","","NA"
"-130.70","54.58","GREY ISLET (AUT)","1063303","2019-07-20 01:00","2019","07","20","01:00","14.3","","12.7","","90","","0.0","","","M","","M","","","102.05","","","","","","NA"
"-130.70","54.58","GREY ISLET (AUT)","1063303","2019-07-20 02:00","2019","07","20","02:00","13.9","","12.6","","92","","0.0","","","M","","M","","","102.05","","","","","","NA"
"-130.70","54.58","GREY ISLET (AUT)","1063303","2019-07-20 03:00","2019","07","20","03:00","13.8","","12.5","","92","","0.0","","","M","","M","","","102.03","","","","","","NA"
"-130.70","54.58","GREY ISLET (AUT)","1063303","2019-07-20 04:00","2019","07","20","04:00","13.6","","12.5","","93","","0.0","","","M","","M","","","102.01","","","","","","NA"
"-130.70","54.58","GREY ISLET (AUT)","1063303","2019-07-20 05:00","2019","07","20","05:00","13.5","","12.6","","94","","0.0","","","M","","M","","","102.01","","","","","","NA"
"-130.70","54.58","GREY ISLET (AUT)","1063303","2019-07-20 06:00","2019","07","20","06:00","13.6","","12.5","","94","","0.0","","","M","","M","","","102.01","","","","","","NA"
"-130.70","54.58","GREY ISLET (AUT)","1063303","2019-07-20 07:00","2019","07","20","07:00","13.7","","12.7","","94","","0.0","","","M","","M","","","102.01","","","","","","NA"
"-130.70","54.58","GREY ISLET (AUT)","1063303","2019-07-20 08:00","2019","07","20","08:00","15.1","","13.7","","91","","0.0","","","M","","M","","","102.03","","","","","","NA"
"-130.70","54.58","GREY ISLET (AUT)","1063303","2019-07-20 09:00","2019","07","20","09:00","16.0","","12.8","","82","","0.0","","","M","","M","","","102.04","","","","","","NA"
"-130.70","54.58","GREY ISLET (AUT)","1063303","2019-07-20 10:00","2019","07","20","10:00","16.9","","13.8","","82","","0.0","","","M","","M","","","102.01","","","","","","NA"
"-130.70","54.58","GREY ISLET (AUT)","1063303","2019-07-20 11:00","2019","07","20","11:00","16.9","","13.1","","78","","0.0","","","M","","M","","","101.99","","","","","","NA"
"-130.70","54.58","GREY ISLET (AUT)","1063303","2019-07-20 12:00","2019","07","20","12:00","17.3","","12.5","","74","","0.0","","","M","","M","","","101.98","","","","","","NA"
"-130.70","54.58","GREY ISLET (AUT)","1063303","2019-07-20 13:00","2019","07","20","13:00","18.0","","12.5","","70","","0.0","","","M","","M","","","101.98","","","","","","NA"
"-130.70","54.58","GREY ISLET (AUT)","1063303","2019-07-20 14:00","2019","07","20","14:00","19.2","","13.8","","71","","0.0","","","M","","M","","","101.98","","","","","","NA"
"-130.70","54.58","GREY ISLET (AUT)","1063303","2019-07-20 15:00","2019","07","20","15:00","18.9","","13.6","","72","","0.0","","","M","","M","","","101.98","","","","","","NA"
"-130.70","54.58","GREY ISLET (AUT)","1063303","2019-07-20 16:00","2019","07","20","16:00","18.7","","13.1","","70","","0.0","","","M","","M","","","101.97","","","","","","NA"
"-130.70","54.58","GREY ISLET (AUT)","1063303","2019-07-20 17:00","2019","07","20","17:00","17.9","","12.5","","71","","0.0","","","M","","M","","","101.92","","","","","","NA"
"-130.70","54.58","GREY ISLET (AUT)","1063303","2019-07-20 18:00","2019","07","20","18:00","18.6","","13.6","","73","","0.0","","","M","","M","","","101.88","","","","","","NA"
"-130.70","54.58","GREY ISLET (AUT)","1063303","2019-07-20 19:00","2019","07","20","19:00","16.9","","11.0","","68","","0.0","","","M","","M","","","101.85","","","","","","NA"
"-130.70","54.58","GREY ISLET (AUT)","1063303","2019-07-20 20:00","2019","07","20","20:00","15.9","","12.2","","79","","0.0","","","M","","M","","","101.85","","","","","","NA"
"-130.70","54.58","GREY ISLET (AUT)","1063303","2019-07-20 21:00","2019","07","20","21:00","15.1","","12.4","","84","","0.0","","","M","","M","","","101.84","","","","","","NA"
"-130.70","54.58","GREY ISLET (AUT)","1063303","2019-07-20 22:00","2019","07","20","22:00","14.8","","12.1","","84","","0.0","","","M","","M","","","101.81","","","","","","NA"
"-130.70","54.58","GREY ISLET (AUT)","1063303","2019-07-20 23:00","2019","07","20","23:00","14.5","","12.1","","86","","0.0","","","M","","M","","","101.75","","","","","","NA"
"-130.70","54.58","GREY ISLET (AUT)","1063303","2019-07-21 00:00","2019","07","21","00:00","14.4","","12.2","","87","","0.0","","","M","","M","","","101.72","","","","","","NA"
"-130.70","54.58","GREY ISLET (AUT)","1063303","2019-07-21 01:00","2019","07","21","01:00","14.7","","12.7","","88","","0.0","","","M","","M","","","101.67","","","","","","NA"
"-130.70","54.58","GREY ISLET (AUT)","1063303","2019-07-21 02:00","2019","07","21","02:00","14.4","","12.7","","90","","0.0","","","M","","M","","","101.62","","","","","","NA"
"-130.70","54.58","GREY ISLET (AUT)","1063303","2019-07-21 03:00","2019","07","21","03:00","13.9","","11.9","","88","","0.0","","","M","","M","","","101.58","","","","","","NA"
"-130.70","54.58","GREY ISLET (AUT)","1063303","2019-07-21 04:00","2019","07","21","04:00","13.7","","12.0","","89","","0.0","","","M","","M","","","101.58","","","","","","NA"
"-130.70","54.58","GREY ISLET (AUT)","1063303","2019-07-21 05:00","2019","07","21","05:00","13.7","","11.8","","89","","0.0","","","M","","M","","","101.54","","","","","","NA"
"-130.70","54.58","GREY ISLET (AUT)","1063303","2019-07-21 06:00","2019","07","21","06:00","13.9","","12.0","","88","","0.0","","","M","","M","","","101.50","","","","","","NA"
"-130.70","54.58","GREY ISLET (AUT)","1063303","2019-07-21 07:00","2019","07","21","07:00","13.8","","12.2","","90","","0.0","","","M","","M","","","101.50","","","","","","NA"
"-130.70","54.58","GREY ISLET (AUT)","1063303","2019-07-21 08:00","2019","07","21","08:00","15.1","","12.3","","84","","0.0","","","M","","M","","","101.47","","","","","","NA"
"-130.70","54.58","GREY ISLET (AUT)","1063303","2019-07-21 09:00","2019","07","21","09:00","15.9","","13.2","","84","","0.0","","","M","","M","","","101.46","","","","","","NA"
"-130.70","54.58","GREY ISLET (AUT)","1063303","2019-07-21 10:00","2019","07","21","10:00","16.3","","12.6","","79","","0.0","","","M","","M","","","101.45","","","","","","NA"
"-130.70","54.58","GREY ISLET (AUT)","1063303","2019-07-21 11:00","2019","07","21","11:00","17.2","","13.8","","80","","0.0","","","M","","M","","","101.44","","","","","","NA"
"-130.70","54.58","GREY ISLET (AUT)","1063303","2019-07-21 12:00","2019","07","21","12:00","18.0","","14.1","","78","","0.0","","","M","","M","","","101.43","","","","","","NA"
"-130.70","54.58","GREY ISLET (AUT)","1063303","2019-07-21 13:00","2019","07","21","13:00","19.1","","15.1","","78","","0.0","","","M","","M","","","101.45","","","","","","NA"
"-130.70","54.58","GREY ISLET (AUT)","1063303","2019-07-21 14:00","2019","07","21","14:00","18.8","","14.8","","78","","0.0","","","M","","M","","","101.48","","","","","","NA"
"-130.70","54.58","GREY ISLET (AUT)","1063303","2019-07-21 15:00","2019","07","21","15:00","17.1","","13.8","","81","","0.0","","","M","","M","","","101.53","","","","","","NA"
"-130.70","54.58","GREY ISLET (AUT)","1063303","2019-07-21 16:00","2019","07","21","16:00","18.4","","13.9","","75","","0.0","","","M","","M","","","101.57","","","","","","NA"
"-130.70","54.58","GREY ISLET (AUT)","1063303","2019-07-21 17:00","2019","07","21","17:00","17.8","","14.4","","81","","0.0","","","M","","M","","","101.58","","","","","","NA"
"-130.70","54.58","GREY ISLET (AUT)","1063303","2019-07-21 18:00","2019","07","21","18:00","16.6","","14.3","","86","","0.0","","","M","","M","","","101.53","","","","","","NA"
"-130.70","54.58","GREY ISLET (AUT)","1063303","2019-07-21 19:00","2019","07","21","19:00","16.1","","13.9","","87","","0.0","","","M","","M","","","101.55","","","","","","NA"
"-130.70","54.58","GREY ISLET (AUT)","1063303","2019-07-21 20:00","2019","07","21","20:00","15.3","","13.7","","90","","0.0","","","M","","M","","","101.57","","","","","","NA"
"-130.70","54.58","GREY ISLET (AUT)","1063303","2019-07-21 21:00","2019","07","21","21:00","15.1","","12.8","","86","","0.0","","","M","","M","","","101.56","","","","","","NA"
"-130.70","54.58","GREY ISLET (AUT)","1063303","2019-07-21 22:00","2019","07","21","22:00","14.7","","12.7","","87","","0.0","","","M","","M","","","101.59","","","","","","NA"
"-130.70","54.58","GREY ISLET (AUT)","1063303","2019-07-21 23:00","2019","07","21","23:00","14.2","","12.4","","89","","0.0","","","M","","M","","","101.56","","","","","","NA"
"-130.70","54.58","GREY ISLET (AUT)","1063303","2019-07-22 00:00","2019","07","22","00:00","13.8","","12.3","","91","","0.0","","","M","","M","","","101.55","","","","","","NA"
"-130.70","54.58","GREY ISLET (AUT)","1063303","2019-07-22 01:00","2019","07","22","01:00","14.0","","12.5","","91","","0.0","","","M","","M","","","101.55","","","","","","NA"
"-130.70","54.58","GREY ISLET (AUT)","1063303","2019-07-22 02:00","2019","07","22","02:00","13.7","","12.4","","92","","0.0","","","M","","M","","","101.54","","","","","","NA"
"-130.70","54.58","GREY ISLET (AUT)","1063303","2019-07-22 03:00","2019","07","22","03:00","13.9","","12.3","","91","","0.0","","","M","","M","","","101.49","","","","","","NA"
"-130.70","54.58","GREY ISLET (AUT)","1063303","2019-07-22 04:00","2019","07","22","04:00","13.9","","12.3","","90","","0.0","","","M","","M","","","101.46","","","","","","NA"
"-130.70","54.58","GREY ISLET (AUT)","1063303","2019-07-22 05:00","2019","07","22","05:00","13.9","","12.2","","89","","0.0","","","M","","M","","","101.41","","","","","","NA"
"-130.70","54.58","GREY ISLET (AUT)","1063303","2019-07-22 06:00","2019","07","22","06:00","14.2","","12.1","","87","","0.0","","","M","","M","","","101.38","","","","","","NA"
"-130.70","54.58","GREY ISLET (AUT)","1063303","2019-07-22 07:00","2019","07","22","07:00","14.1","","12.1","","88","","0.0","","","M","","M","","","101.36","","","","","","NA"
"-130.70","54.58","GREY ISLET (AUT)","1063303","2019-07-22 08:00","2019","07","22","08:00","14.8","","12.0","","84","","0.0","","","M","","M","","","101.30","","","","","","NA"
"-130.70","54.58","GREY ISLET (AUT)","1063303","2019-07-22 09:00","2019","07","22","09:00","15.7","","12.4","","81","","0.0","","","M","","M","","","101.27","","","","","","NA"
"-130.70","54.58","GREY ISLET (AUT)","1063303","2019-07-22 10:00","2019","07","22","10:00","16.4","","12.2","","76","","0.0","","","M","","M","","","101.23","","","","","","NA"
"-130.70","54.58","GREY ISLET (AUT)","1063303","2019-07-22 11:00","2019","07","22","11:00","17.7","","12.8","","73","","0.0","","","M","","M","","","101.20","","","","","","NA"
"-130.70","54.58","GREY ISLET (AUT)","1063303","2019-07-22 12:00","2019","07","22","12:00","18.4","","13.9","","75","","0.0","","","M","","M","","","101.16","","","","","","NA"
"-130.70","54.58","GREY ISLET (AUT)","1063303","2019-07-22 13:00","2019","07","22","13:00","18.7","","13.2","","70","","0.0","","","M","","M","","","101.13","","","","","","NA"
"-130.70","54.58","GREY ISLET (AUT)","1063303","2019-07-22 14:00","2019","07","22","14:00","18.7","","12.8","","69","","0.0","","","M","","M","","","101.12","","","","","","NA"
"-130.70","54.58","GREY ISLET (AUT)","1063303","2019-07-22 15:00","2019","07","22","15:00","19.4","","13.1","","67","","0.0","","","M","","M","","","101.10","","","","","","NA"
"-130.70","54.58","GREY ISLET (AUT)","1063303","2019-07-22 16:00","2019","07","22","16:00","17.8","","13.6","","76","","0.0","","","M","","M","","","101.21","","","","","","NA"
"-130.70","54.58","GREY ISLET (AUT)","1063303","2019-07-22 17:00","2019","07","22","17:00","16.0","","13.2","","83","","0.0","","","M","","M","","","101.38","","","","","","NA"
"-130.70","54.58","GREY ISLET (AUT)","1063303","2019-07-22 18:00","2019","07","22","18:00","14.6","","13.2","","92","","0.0","","","M","","M","","","101.46","","","","","","NA"
"-130.70","54.58","GREY ISLET (AUT)","1063303","2019-07-22 19:00","2019","07","22","19:00","15.3","","13.4","","88","","0.0","","","M","","M","","","101.47","","","","","","NA"
"-130.70","54.58","GREY ISLET (AUT)","1063303","2019-07-22 20:00","2019","07","22","20:00","14.7","","13.0","","90","","0.0","","","M","","M","","","101.48","","","","","","NA"
"-130.70","54.58","GREY ISLET (AUT)","1063303","2019-07-22 21:00","2019","07","22","21:00","13.9","","12.7","","93","","0.0","","","M","","M","","","101.50","","","","","","NA"
"-130.70","54.58","GREY ISLET (AUT)","1063303","2019-07-22 22:00","2019","07","22","22:00","14.3","","12.9","","92","","0.0","","","M","","M","","","101.51","","","","","","NA"
"-130.70","54.58","GREY ISLET (AUT)","1063303","2019-07-22 23:00","2019","07","22","23:00","14.3","","13.1","","92","","0.0","","","M","","M","","","101.53","","","","","","NA"
"-130.70","54.58","GREY ISLET (AUT)","1063303","2019-07-23 00:00","2019","07","23","00:00","13.6","","12.5","","93","","0.0","","","M","","M","","","101.52","","","","","","NA"
"-130.70","54.58","GREY ISLET (AUT)","1063303","2019-07-23 01:00","2019","07","23","01:00","13.5","","12.4","","93","","0.0","","","M","","M","","","101.52","","","","","","NA"
"-130.70","54.58","GREY ISLET (AUT)","1063303","2019-07-23 02:00","2019","07","23","02:00","13.5","","12.6","","94","","0.0","","","M","","M","","","101.52","","","","","","NA"
"-130.70","54.58","GREY ISLET (AUT)","1063303","2019-07-23 03:00","2019","07","23","03:00","13.4","","12.6","","95","","0.0","","","M","","M","","","101.54","","","","","","NA"
"-130.70","54.58","GREY ISLET (AUT)","1063303","2019-07-23 04:00","2019","07","23","04:00","15.7","","11.7","","78","","0.0","","","M","","M","","","101.54","","","","","","NA"
"-130.70","54.58","GREY ISLET (AUT)","1063303","2019-07-23 05:00","2019","07","23","05:00","13.7","","12.5","","93","","0.0","","","M","","M","","","101.59","","","","","","NA"
"-130.70","54.58","GREY ISLET (AUT)","1063303","2019-07-23 06:00","2019","07","23","06:00","13.7","","12.6","","93","","0.0","","","M","","M","","","101.61","","","","","","NA"
"-130.70","54.58","GREY ISLET (AUT)","1063303","2019-07-23 07:00","2019","07","23","07:00","14.2","","12.9","","92","","0.0","","","M","","M","","","101.62","","","","","","NA"
"-130.70","54.58","GREY ISLET (AUT)","1063303","2019-07-23 08:00","2019","07","23","08:00","14.1","","12.6","","91","","0.0","","","M","","M","","","101.63","","","","","","NA"
"-130.70","54.58","GREY ISLET (AUT)","1063303","2019-07-23 09:00","2019","07","23","09:00","14.9","","11.7","","81","","0.0","","","M","","M","","","101.62","","","","","","NA"
"-130.70","54.58","GREY ISLET (AUT)","1063303","2019-07-23 10:00","2019","07","23","10:00","15.1","","11.9","","81","","0.0","","","M","","M","","","101.65","","","","","","NA"
"-130.70","54.58","GREY ISLET (AUT)","1063303","2019-07-23 11:00","2019","07","23","11:00","15.6","","12.0","","79","","0.0","","","M","","M","","","101.68","","","","","","NA"
"-130.70","54.58","GREY ISLET (AUT)","1063303","2019-07-23 12:00","2019","07","23","12:00","16.0","","12.2","","78","","0.0","","","M","","M","","","101.65","","","","","","NA"
"-130.70","54.58","GREY ISLET (AUT)","1063303","2019-07-23 13:00","2019","07","23","13:00","16.6","","12.0","","74","","0.0","","","M","","M","","","101.66","","","","","","NA"
"-130.70","54.58","GREY ISLET (AUT)","1063303","2019-07-23 14:00","2019","07","23","14:00","17.4","","12.2","","71","","0.0","","","M","","M","","","101.65","","","","","","NA"
"-130.70","54.58","GREY ISLET (AUT)","1063303","2019-07-23 15:00","2019","07","23","15:00","17.5","","12.6","","73","","0.0","","","M","","M","","","101.66","","","","","","NA"
"-130.70","54.58","GREY ISLET (AUT)","1063303","2019-07-23 16:00","2019","07","23","16:00","16.4","","11.9","","75","","0.0","","","M","","M","","","101.66","","","","","","NA"
"-130.70","54.58","GREY ISLET (AUT)","1063303","2019-07-23 17:00","2019","07","23","17:00","16.5","","11.2","","71","","0.0","","","M","","M","","","101.66","","","","","","NA"
"-130.70","54.58","GREY ISLET (AUT)","1063303","2019-07-23 18:00","2019","07","23","18:00","16.4","","11.1","","71","","0.0","","","M","","M","","","101.63","","","","","","NA"
"-130.70","54.58","GREY ISLET (AUT)","1063303","2019-07-23 19:00","2019","07","23","19:00","16.0","","11.1","","73","","0.0","","","M","","M","","","101.64","","","","","","NA"
"-130.70","54.58","GREY ISLET (AUT)","1063303","2019-07-23 20:00","2019","07","23","20:00","15.5","","11.2","","76","","0.0","","","M","","M","","","101.64","","","","","","NA"
"-130.70","54.58","GREY ISLET (AUT)","1063303","2019-07-23 21:00","2019","07","23","21:00","14.8","","11.4","","80","","0.0","","","M","","M","","","101.68","","","","","","NA"
"-130.70","54.58","GREY ISLET (AUT)","1063303","2019-07-23 22:00","2019","07","23","22:00","14.2","","11.5","","84","","0.0","","","M","","M","","","101.72","","","","","","NA"
"-130.70","54.58","GREY ISLET (AUT)","1063303","2019-07-23 23:00","2019","07","23","23:00","14.0","","11.7","","86","","0.0","","","M","","M","","","101.72","","","","","","NA"
"-130.70","54.58","GREY ISLET (AUT)","1063303","2019-07-24 00:00","2019","07","24","00:00","13.9","","11.8","","87","","0.0","","","M","","M","","","101.75","","","","","","NA"
"-130.70","54.58","GREY ISLET (AUT)","1063303","2019-07-24 01:00","2019","07","24","01:00","14.0","","12.0","","88","","0.0","","","M","","M","","","101.75","","","","","","NA"
"-130.70","54.58","GREY ISLET (AUT)","1063303","2019-07-24 02:00","2019","07","24","02:00","14.3","","11.8","","85","","0.0","","","M","","M","","","101.75","","","","","","NA"
"-130.70","54.58","GREY ISLET (AUT)","1063303","2019-07-24 03:00","2019","07","24","03:00","14.3","","11.5","","83","","0.0","","","M","","M","","","101.77","","","","","","NA"
"-130.70","54.58","GREY ISLET (AUT)","1063303","2019-07-24 04:00","2019","07","24","04:00","14.2","","11.5","","84","","0.0","","","M","","M","","","101.79","","","","","","NA"
"-130.70","54.58","GREY ISLET (AUT)","1063303","2019-07-24 05:00","2019","07","24","05:00","14.2","","11.4","","84","","0.0","","","M","","M","","","101.81","","","","","","NA"
"-130.70","54.58","GREY ISLET (AUT)","1063303","2019-07-24 06:00","2019","07","24","06:00","14.0","","11.4","","84","","0.0","","","M","","M","","","101.82","","","","","","NA"
"-130.70","54.58","GREY ISLET (AUT)","1063303","2019-07-24 07:00","2019","07","24","07:00","14.0","","11.7","","86","","0.0","","","M","","M","","","101.84","","","","","","NA"
"-130.70","54.58","GREY ISLET (AUT)","1063303","2019-07-24 08:00","2019","07","24","08:00","14.1","","11.7","","86","","0.0","","","M","","M","","","101.87","","","","","","NA"
"-130.70","54.58","GREY ISLET (AUT)","1063303","2019-07-24 09:00","2019","07","24","09:00","14.2","","11.5","","84","","0.0","","","M","","M","","","101.85","","","","","","NA"
"-130.70","54.58","GREY ISLET (AUT)","1063303","2019-07-24 10:00","2019","07","24","10:00","14.4","","11.9","","85","","0.0","","","M","","M","","","101.86","","","","","","NA"
"-130.70","54.58","GREY ISLET (AUT)","1063303","2019-07-24 11:00","2019","07","24","11:00","15.0","","11.6","","80","","0.0","","","M","","M","","","101.87","","","","","","NA"
"-130.70","54.58","GREY ISLET (AUT)","1063303","2019-07-24 12:00","2019","07","24","12:00","15.9","","12.0","","78","","0.0","","","M","","M","","","101.90","","","","","","NA"
"-130.70","54.58","GREY ISLET (AUT)","1063303","2019-07-24 13:00","2019","07","24","13:00","17.1","","13.0","","77","","0.0","","","M","","M","","","101.92","","","","","","NA"
"-130.70","54.58","GREY ISLET (AUT)","1063303","2019-07-24 14:00","2019","07","24","14:00","16.6","","12.9","","79","","0.0","","","M","","M","","","101.90","","","","","","NA"
"-130.70","54.58","GREY ISLET (AUT)","1063303","2019-07-24 15:00","2019","07","24","15:00","14.7","","12.1","","84","","0.0","","","M","","M","","","101.90","","","","","","NA"
"-130.70","54.58","GREY ISLET (AUT)","1063303","2019-07-24 16:00","2019","07","24","16:00","15.3","","12.9","","85","","0.0","","","M","","M","","","101.84","","","","","","NA"
"-130.70","54.58","GREY ISLET (AUT)","1063303","2019-07-24 17:00","2019","07","24","17:00","17.2","","13.8","","80","","0.0","","","M","","M","","","101.79","","","","","","NA"
"-130.70","54.58","GREY ISLET (AUT)","1063303","2019-07-24 18:00","2019","07","24","18:00","16.7","","13.0","","79","","0.0","","","M","","M","","","101.75","","","","","","NA"
"-130.70","54.58","GREY ISLET (AUT)","1063303","2019-07-24 19:00","2019","07","24","19:00","15.5","","12.7","","83","","0.0","","","M","","M","","","101.70","","","","","","NA"
"-130.70","54.58","GREY ISLET (AUT)","1063303","2019-07-24 20:00","2019","07","24","20:00","15.4","","11.8","","79","","0.0","","","M","","M","","","101.66","","","","","","NA"
"-130.70","54.58","GREY ISLET (AUT)","1063303","2019-07-24 21:00","2019","07","24","21:00","14.7","","11.9","","84","","0.0","","","M","","M","","","101.62","","","","","","NA"
"-130.70","54.58","GREY ISLET (AUT)","1063303","2019-07-24 22:00","2019","07","24","22:00","14.5","","12.3","","87","","0.0","","","M","","M","","","101.56","","","","","","NA"
"-130.70","54.58","GREY ISLET (AUT)","1063303","2019-07-24 23:00","2019","07","24","23:00","14.3","","12.4","","88","","0.0","","","M","","M","","","101.47","","","","","","NA"
"-130.70","54.58","GREY ISLET (AUT)","1063303","2019-07-25 00:00","2019","07","25","00:00","14.1","","12.2","","88","","0.0","","","M","","M","","","101.40","","","","","","NA"
"-130.70","54.58","GREY ISLET (AUT)","1063303","2019-07-25 01:00","2019","07","25","01:00","14.2","","12.5","","90","","0.0","","","M","","M","","","101.39","","","","","","NA"
"-130.70","54.58","GREY ISLET (AUT)","1063303","2019-07-25 02:00","2019","07","25","02:00","14.3","","12.2","","88","","0.0","","","M","","M","","","101.36","","","","","","NA"
"-130.70","54.58","GREY ISLET (AUT)","1063303","2019-07-25 03:00","2019","07","25","03:00","14.2","","12.3","","88","","0.0","","","M","","M","","","101.28","","","","","","NA"
"-130.70","54.58","GREY ISLET (AUT)","1063303","2019-07-25 04:00","2019","07","25","04:00","14.2","","12.1","","87","","0.0","","","M","","M","","","101.27","","","","","","NA"
"-130.70","54.58","GREY ISLET (AUT)","1063303","2019-07-25 05:00","2019","07","25","05:00","14.5","","12.1","","86","","0.0","","","M","","M","","","101.24","","","","","","NA"
"-130.70","54.58","GREY ISLET (AUT)","1063303","2019-07-25 06:00","2019","07","25","06:00","14.5","","11.8","","84","","0.0","","","M","","M","","","101.21","","","","","","NA"
"-130.70","54.58","GREY ISLET (AUT)","1063303","2019-07-25 07:00","2019","07","25","07:00","14.3","","11.9","","85","","0.0","","","M","","M","","","101.28","","","","","","NA"
"-130.70","54.58","GREY ISLET (AUT)","1063303","2019-07-25 08:00","2019","07","25","08:00","13.8","","12.7","","93","","0.0","","","M","","M","","","101.32","","","","","","NA"
"-130.70","54.58","GREY ISLET (AUT)","1063303","2019-07-25 09:00","2019","07","25","09:00","13.8","","12.9","","94","","0.0","","","M","","M","","","101.35","","","","","","NA"
"-130.70","54.58","GREY ISLET (AUT)","1063303","2019-07-25 10:00","2019","07","25","10:00","13.9","","13.1","","95","","0.0","","","M","","M","","","101.39","","","","","","NA"
"-130.70","54.58","GREY ISLET (AUT)","1063303","2019-07-25 11:00","2019","07","25","11:00","14.2","","13.4","","95","","0.0","","","M","","M","","","101.40","","","","","","NA"
"-130.70","54.58","GREY ISLET (AUT)","1063303","2019-07-25 12:00","2019","07","25","12:00","14.9","","13.6","","92","","0.0","","","M","","M","","","101.42","","","","","","NA"
"-130.70","54.58","GREY ISLET (AUT)","1063303","2019-07-25 13:00","2019","07","25","13:00","14.9","","13.1","","89","","0.0","","","M","","M","","","101.45","","","","","","NA"
"-130.70","54.58","GREY ISLET (AUT)","1063303","2019-07-25 14:00","2019","07","25","14:00","15.1","","13.2","","88","","0.0","","","M","","M","","","101.44","","","","","","NA"
"-130.70","54.58","GREY ISLET (AUT)","1063303","2019-07-25 15:00","2019","07","25","15:00","14.9","","13.1","","89","","0.0","","","M","","M","","","101.45","","","","","","NA"
"-130.70","54.58","GREY ISLET (AUT)","1063303","2019-07-25 16:00","2019","07","25","16:00","14.5","","13.3","","93","","0.0","","","M","","M","","","101.42","","","","","","NA"
"-130.70","54.58","GREY ISLET (AUT)","1063303","2019-07-25 17:00","2019","07","25","17:00","14.3","","13.3","","94","","0.0","","","M","","M","","","101.40","","","","","","NA"
"-130.70","54.58","GREY ISLET (AUT)","1063303","2019-07-25 18:00","2019","07","25","18:00","14.3","","13.5","","95","","0.0","","","M","","M","","","101.37","","","","","","NA"
"-130.70","54.58","GREY ISLET (AUT)","1063303","2019-07-25 19:00","2019","07","25","19:00","14.3","","13.4","","95","","0.0","","","M","","M","","","101.32","","","","","","NA"
"-130.70","54.58","GREY ISLET (AUT)","1063303","2019-07-25 20:00","2019","07","25","20:00","14.3","","13.5","","95","","0.0","","","M","","M","","","101.28","","","","","","NA"
"-130.70","54.58","GREY ISLET (AUT)","1063303","2019-07-25 21:00","2019","07","25","21:00","14.0","","13.3","","96","","0.0","","","M","","M","","","101.24","","","","","","NA"
"-130.70","54.58","GREY ISLET (AUT)","1063303","2019-07-25 22:00","2019","07","25","22:00","13.9","","13.3","","96","","0.0","","","M","","M","","","101.18","","","","","","NA"
"-130.70","54.58","GREY ISLET (AUT)","1063303","2019-07-25 23:00","2019","07","25","23:00","14.0","","13.4","","96","","0.0","","","M","","M","","","101.15","","","","","","NA"
"-130.70","54.58","GREY ISLET (AUT)","1063303","2019-07-26 00:00","2019","07","26","00:00","14.0","","13.5","","97","","0.0","","","M","","M","","","101.13","","","","","","NA"
"-130.70","54.58","GREY ISLET (AUT)","1063303","2019-07-26 01:00","2019","07","26","01:00","14.2","","13.7","","97","","0.0","","","M","","M","","","101.09","","","","","","NA"
"-130.70","54.58","GREY ISLET (AUT)","1063303","2019-07-26 02:00","2019","07","26","02:00","14.1","","13.7","","97","","0.0","","","M","","M","","","101.08","","","","","","NA"
"-130.70","54.58","GREY ISLET (AUT)","1063303","2019-07-26 03:00","2019","07","26","03:00","14.3","","13.7","","97","","0.0","","","M","","M","","","101.05","","","","","","NA"
"-130.70","54.58","GREY ISLET (AUT)","1063303","2019-07-26 04:00","2019","07","26","04:00","14.3","","13.7","","96","","0.0","","","M","","M","","","101.02","","","","","","NA"
"-130.70","54.58","GREY ISLET (AUT)","1063303","2019-07-26 05:00","2019","07","26","05:00","14.4","","13.8","","97","","0.0","","","M","","M","","","100.97","","","","","","NA"
"-130.70","54.58","GREY ISLET (AUT)","1063303","2019-07-26 06:00","2019","07","26","06:00","14.1","","13.6","","97","","0.0","","","M","","M","","","100.93","","","","","","NA"
"-130.70","54.58","GREY ISLET (AUT)","1063303","2019-07-26 07:00","2019","07","26","07:00","14.1","","13.6","","97","","0.0","","","M","","M","","","100.90","","","","","","NA"
"-130.70","54.58","GREY ISLET (AUT)","1063303","2019-07-26 08:00","2019","07","26","08:00","14.2","","13.7","","97","","0.0","","","M","","M","","","100.87","","","","","","NA"
"-130.70","54.58","GREY ISLET (AUT)","1063303","2019-07-26 09:00","2019","07","26","09:00","14.2","","13.7","","97","","0.0","","","M","","M","","","100.84","","","","","","NA"
"-130.70","54.58","GREY ISLET (AUT)","1063303","2019-07-26 10:00","2019","07","26","10:00","14.4","","13.9","","97","","0.0","","","M","","M","","","100.83","","","","","","NA"
"-130.70","54.58","GREY ISLET (AUT)","1063303","2019-07-26 11:00","2019","07","26","11:00","14.6","","14.1","","96","","0.0","","","M","","M","","","100.86","","","","","","NA"
"-130.70","54.58","GREY ISLET (AUT)","1063303","2019-07-26 12:00","2019","07","26","12:00","14.9","","14.3","","97","","0.0","","","M","","M","","","100.88","","","","","","NA"
"-130.70","54.58","GREY ISLET (AUT)","1063303","2019-07-26 13:00","2019","07","26","13:00","15.0","","14.5","","97","","0.0","","","M","","M","","","100.92","","","","","","NA"
"-130.70","54.58","GREY ISLET (AUT)","1063303","2019-07-26 14:00","2019","07","26","14:00","14.4","","13.9","","97","","0.0","","","M","","M","","","100.97","","","","","","NA"
"-130.70","54.58","GREY ISLET (AUT)","1063303","2019-07-26 15:00","2019","07","26","15:00","14.4","","13.9","","97","","0.0","","","M","","M","","","101.01","","","","","","NA"
"-130.70","54.58","GREY ISLET (AUT)","1063303","2019-07-26 16:00","2019","07","26","16:00","14.3","","13.7","","96","","0.0","","","M","","M","","","101.04","","","","","","NA"
"-130.70","54.58","GREY ISLET (AUT)","1063303","2019-07-26 17:00","2019","07","26","17:00","14.3","","13.9","","97","","0.0","","","M","","M","","","101.05","","","","","","NA"
"-130.70","54.58","GREY ISLET (AUT)","1063303","2019-07-26 18:00","2019","07","26","18:00","14.2","","13.7","","97","","0.0","","","M","","M","","","101.06","","","","","","NA"
"-130.70","54.58","GREY ISLET (AUT)","1063303","2019-07-26 19:00","2019","07","26","19:00","14.2","","13.7","","97","","0.0","","","M","","M","","","101.09","","","","","","NA"
"-130.70","54.58","GREY ISLET (AUT)","1063303","2019-07-26 20:00","2019","07","26","20:00","14.3","","13.8","","97","","0.0","","","M","","M","","","101.11","","","","","","NA"
"-130.70","54.58","GREY ISLET (AUT)","1063303","2019-07-26 21:00","2019","07","26","21:00","14.2","","13.7","","97","","0.0","","","M","","M","","","101.15","","","","","","NA"
"-130.70","54.58","GREY ISLET (AUT)","1063303","2019-07-26 22:00","2019","07","26","22:00","14.3","","13.8","","97","","0.0","","","M","","M","","","101.18","","","","","","NA"
"-130.70","54.58","GREY ISLET (AUT)","1063303","2019-07-26 23:00","2019","07","26","23:00","14.2","","13.8","","97","","0.0","","","M","","M","","","101.22","","","","","","NA"
"-130.70","54.58","GREY ISLET (AUT)","1063303","2019-07-27 00:00","2019","07","27","00:00","14.4","","14.0","","97","","0.0","","","M","","M","","","101.26","","","","","","NA"
"-130.70","54.58","GREY ISLET (AUT)","1063303","2019-07-27 01:00","2019","07","27","01:00","14.5","","14.0","","97","","0.0","","","M","","M","","","101.31","","","","","","NA"
"-130.70","54.58","GREY ISLET (AUT)","1063303","2019-07-27 02:00","2019","07","27","02:00","14.3","","13.8","","97","","0.0","","","M","","M","","","101.35","","","","","","NA"
"-130.70","54.58","GREY ISLET (AUT)","1063303","2019-07-27 03:00","2019","07","27","03:00","14.2","","13.7","","97","","0.0","","","M","","M","","","101.39","","","","","","NA"
"-130.70","54.58","GREY ISLET (AUT)","1063303","2019-07-27 04:00","2019","07","27","04:00","14.2","","13.7","","97","","0.0","","","M","","M","","","101.44","","","","","","NA"
"-130.70","54.58","GREY ISLET (AUT)","1063303","2019-07-27 05:00","2019","07","27","05:00","14.1","","13.5","","96","","0.0","","","M","","M","","","101.51","","","","","","NA"
"-130.70","54.58","GREY ISLET (AUT)","1063303","2019-07-27 06:00","2019","07","27","06:00","14.2","","13.7","","97","","0.0","","","M","","M","","","101.58","","","","","","NA"
"-130.70","54.58","GREY ISLET (AUT)","1063303","2019-07-27 07:00","2019","07","27","07:00","14.2","","13.6","","97","","0.0","","","M","","M","","","101.65","","","","","","NA"
"-130.70","54.58","GREY ISLET (AUT)","1063303","2019-07-27 08:00","2019","07","27","08:00","14.1","","13.7","","97","","0.0","","","M","","M","","","101.73","","","","","","NA"
"-130.70","54.58","GREY ISLET (AUT)","1063303","2019-07-27 09:00","2019","07","27","09:00","14.3","","13.9","","97","","0.0","","","M","","M","","","101.79","","","","","","NA"
"-130.70","54.58","GREY ISLET (AUT)","1063303","2019-07-27 10:00","2019","07","27","10:00","14.3","","13.8","","97","","0.0","","","M","","M","","","101.87","","","","","","NA"
"-130.70","54.58","GREY ISLET (AUT)","1063303","2019-07-27 11:00","2019","07","27","11:00","14.8","","14.3","","97","","0.0","","","M","","M","","","101.94","","","","","","NA"
"-130.70","54.58","GREY ISLET (AUT)","1063303","2019-07-27 12:00","2019","07","27","12:00","15.0","","14.2","","95","","0.0","","","M","","M","","","102.01","","","","","","NA"
"-130.70","54.58","GREY ISLET (AUT)","1063303","2019-07-27 13:00","2019","07","27","13:00","15.2","","14.0","","92","","0.0","","","M","","M","","","102.09","","","","","","NA"
"-130.70","54.58","GREY ISLET (AUT)","1063303","2019-07-27 14:00","2019","07","27","14:00","15.3","","13.7","","90","","0.0","","","M","","M","","","102.14","","","","","","NA"
"-130.70","54.58","GREY ISLET (AUT)","1063303","2019-07-27 15:00","2019","07","27","15:00","15.5","","13.7","","89","","0.0","","","M","","M","","","102.20","","","","","","NA"
"-130.70","54.58","GREY ISLET (AUT)","1063303","2019-07-27 16:00","2019","07","27","16:00","15.1","","13.9","","92","","0.0","","","M","","M","","","102.25","","","","","","NA"
"-130.70","54.58","GREY ISLET (AUT)","1063303","2019-07-27 17:00","2019","07","27","17:00","14.8","","13.8","","94","","0.0","","","M","","M","","","102.29","","","","","","NA"
"-130.70","54.58","GREY ISLET (AUT)","1063303","2019-07-27 18:00","2019","07","27","18:00","15.2","","13.1","","87","","0.0","","","M","","M","","","102.31","","","","","","NA"
"-130.70","54.58","GREY ISLET (AUT)","1063303","2019-07-27 19:00","2019","07","27","19:00","15.5","","11.7","","78","","0.0","","","M","","M","","","102.35","","","","","","NA"
"-130.70","54.58","GREY ISLET (AUT)","1063303","2019-07-27 20:00","2019","07","27","20:00","14.8","","13.1","","90","","0.0","","","M","","M","","","102.38","","","","","","NA"
"-130.70","54.58","GREY ISLET (AUT)","1063303","2019-07-27 21:00","2019","07","27","21:00","14.4","","13.1","","92","","0.0","","","M","","M","","","102.39","","","","","","NA"
"-130.70","54.58","GREY ISLET (AUT)","1063303","2019-07-27 22:00","2019","07","27","22:00","14.4","","13.0","","91","","0.0","","","M","","M","","","102.44","","","","","","NA"
"-130.70","54.58","GREY ISLET (AUT)","1063303","2019-07-27 23:00","2019","07","27","23:00","14.2","","13.0","","92","","0.0","","","M","","M","","","102.46","","","","","","NA"
"-130.70","54.58","GREY ISLET (AUT)","1063303","2019-07-28 00:00","2019","07","28","00:00","14.2","","13.1","","93","","0.0","","","M","","M","","","102.45","","","","","","NA"
"-130.70","54.58","GREY ISLET (AUT)","1063303","2019-07-28 01:00","2019","07","28","01:00","14.2","","13.1","","94","","0.0","","","M","","M","","","102.45","","","","","","NA"
"-130.70","54.58","GREY ISLET (AUT)","1063303","2019-07-28 02:00","2019","07","28","02:00","13.8","","12.8","","94","","0.0","","","M","","M","","","102.46","","","","","","NA"
"-130.70","54.58","GREY ISLET (AUT)","1063303","2019-07-28 03:00","2019","07","28","03:00","13.8","","12.4","","91","","0.0","","","M","","M","","","102.45","","","","","","NA"
"-130.70","54.58","GREY ISLET (AUT)","1063303","2019-07-28 04:00","2019","07","28","04:00","13.5","","12.4","","93","","0.0","","","M","","M","","","102.44","","","","","","NA"
"-130.70","54.58","GREY ISLET (AUT)","1063303","2019-07-28 05:00","2019","07","28","05:00","13.5","","12.4","","93","","0.0","","","M","","M","","","102.42","","","","","","NA"
"-130.70","54.58","GREY ISLET (AUT)","1063303","2019-07-28 06:00","2019","07","28","06:00","13.7","","12.7","","94","","0.0","","","M","","M","","","102.39","","","","","","NA"
"-130.70","54.58","GREY ISLET (AUT)","1063303","2019-07-28 07:00","2019","07","28","07:00","13.8","","12.8","","94","","0.0","","","M","","M","","","102.38","","","","","","NA"
"-130.70","54.58","GREY ISLET (AUT)","1063303","2019-07-28 08:00","2019","07","28","08:00","13.9","","12.8","","94","","0.0","","","M","","M","","","102.39","","","","","","NA"
"-130.70","54.58","GREY ISLET (AUT)","1063303","2019-07-28 09:00","2019","07","28","09:00","13.7","","12.7","","94","","0.0","","","M","","M","","","102.41","","","","","","NA"
"-130.70","54.58","GREY ISLET (AUT)","1063303","2019-07-28 10:00","2019","07","28","10:00","13.9","","12.8","","93","","0.0","","","M","","M","","","102.40","","","","","","NA"
"-130.70","54.58","GREY ISLET (AUT)","1063303","2019-07-28 11:00","2019","07","28","11:00","13.8","","13.0","","95","","0.0","","","M","","M","","","102.41","","","","","","NA"
"-130.70","54.58","GREY ISLET (AUT)","1063303","2019-07-28 12:00","2019","07","28","12:00","14.1","","13.0","","93","","0.0","","","M","","M","","","102.39","","","","","","NA"
"-130.70","54.58","GREY ISLET (AUT)","1063303","2019-07-28 13:00","2019","07","28","13:00","14.0","","13.0","","93","","0.0","","","M","","M","","","102.38","","","","","","NA"
"-130.70","54.58","GREY ISLET (AUT)","1063303","2019-07-28 14:00","2019","07","28","14:00","14.2","","13.0","","93","","0.0","","","M","","M","","","102.36","","","","","","NA"
"-130.70","54.58","GREY ISLET (AUT)","1063303","2019-07-28 15:00","2019","07","28","15:00","14.6","","13.1","","91","","0.0","","","M","","M","","","102.33","","","","","","NA"
"-130.70","54.58","GREY ISLET (AUT)","1063303","2019-07-28 16:00","2019","07","28","16:00","14.4","","12.9","","90","","0.0","","","M","","M","","","102.31","","","","","","NA"
"-130.70","54.58","GREY ISLET (AUT)","1063303","2019-07-28 17:00","2019","07","28","17:00","14.7","","13.0","","90","","0.0","","","M","","M","","","102.25","","","","","","NA"
"-130.70","54.58","GREY ISLET (AUT)","1063303","2019-07-28 18:00","2019","07","28","18:00","14.0","","12.6","","91","","0.0","","","M","","M","","","102.21","","","","","","NA"
"-130.70","54.58","GREY ISLET (AUT)","1063303","2019-07-28 19:00","2019","07","28","19:00","14.2","","12.9","","92","","0.0","","","M","","M","","","102.18","","","","","","NA"
"-130.70","54.58","GREY ISLET (AUT)","1063303","2019-07-28 20:00","2019","07","28","20:00","14.2","","12.8","","92","","0.0","","","M","","M","","","102.14","","","","","","NA"
"-130.70","54.58","GREY ISLET (AUT)","1063303","2019-07-28 21:00","2019","07","28","21:00","13.5","","11.8","","89","","0.0","","","M","","M","","","102.15","","","","","","NA"
"-130.70","54.58","GREY ISLET (AUT)","1063303","2019-07-28 22:00","2019","07","28","22:00","13.6","","12.1","","91","","0.0","","","M","","M","","","102.14","","","","","","NA"
"-130.70","54.58","GREY ISLET (AUT)","1063303","2019-07-28 23:00","2019","07","28","23:00","13.3","","11.8","","90","","0.0","","","M","","M","","","102.09","","","","","","NA"
"-130.70","54.58","GREY ISLET (AUT)","1063303","2019-07-29 00:00","2019","07","29","00:00","13.3","","11.3","","88","","0.0","","","M","","M","","","102.05","","","","","","NA"
"-130.70","54.58","GREY ISLET (AUT)","1063303","2019-07-29 01:00","2019","07","29","01:00","13.2","","11.7","","91","","0.0","","","M","","M","","","102.01","","","","","","NA"
"-130.70","54.58","GREY ISLET (AUT)","1063303","2019-07-29 02:00","2019","07","29","02:00","12.9","","11.8","","93","","0.0","","","M","","M","","","101.99","","","","","","NA"
"-130.70","54.58","GREY ISLET (AUT)","1063303","2019-07-29 03:00","2019","07","29","03:00","12.9","","11.7","","93","","0.0","","","M","","M","","","101.96","","","","","","NA"
"-130.70","54.58","GREY ISLET (AUT)","1063303","2019-07-29 04:00","2019","07","29","04:00","12.9","","11.8","","93","","0.0","","","M","","M","","","101.91","","","","","","NA"
"-130.70","54.58","GREY ISLET (AUT)","1063303","2019-07-29 05:00","2019","07","29","05:00","12.8","","11.7","","93","","0.0","","","M","","M","","","101.87","","","","","","NA"
"-130.70","54.58","GREY ISLET (AUT)","1063303","2019-07-29 06:00","2019","07","29","06:00","13.0","","12.1","","94","","0.0","","","M","","M","","","101.82","","","","","","NA"
"-130.70","54.58","GREY ISLET (AUT)","1063303","2019-07-29 07:00","2019","07","29","07:00","13.6","","12.6","","94","","0.0","","","M","","M","","","101.80","","","","","","NA"
"-130.70","54.58","GREY ISLET (AUT)","1063303","2019-07-29 08:00","2019","07","29","08:00","13.8","","12.5","","92","","0.0","","","M","","M","","","101.81","","","","","","NA"
"-130.70","54.58","GREY ISLET (AUT)","1063303","2019-07-29 09:00","2019","07","29","09:00","14.3","","12.8","","91","","0.0","","","M","","M","","","101.79","","","","","","NA"
"-130.70","54.58","GREY ISLET (AUT)","1063303","2019-07-29 10:00","2019","07","29","10:00","14.5","","12.5","","88","","0.0","","","M","","M","","","101.77","","","","","","NA"
"-130.70","54.58","GREY ISLET (AUT)","1063303","2019-07-29 11:00","2019","07","29","11:00","15.6","","13.5","","87","","0.0","","","M","","M","","","101.75","","","","","","NA"
"-130.70","54.58","GREY ISLET (AUT)","1063303","2019-07-29 12:00","2019","07","29","12:00","16.3","","13.1","","81","","0.0","","","M","","M","","","101.70","","","","","","NA"
"-130.70","54.58","GREY ISLET (AUT)","1063303","2019-07-29 13:00","2019","07","29","13:00","15.0","","12.6","","86","","0.0","","","M","","M","","","101.66","","","","","","NA"
"-130.70","54.58","GREY ISLET (AUT)","1063303","2019-07-29 14:00","2019","07","29","14:00","15.2","","12.5","","84","","0.0","","","M","","M","","","101.62","","","","","","NA"
"-130.70","54.58","GREY ISLET (AUT)","1063303","2019-07-29 15:00","2019","07","29","15:00","15.3","","12.7","","85","","0.0","","","M","","M","","","101.58","","","","","","NA"
"-130.70","54.58","GREY ISLET (AUT)","1063303","2019-07-29 16:00","2019","07","29","16:00","15.8","","11.8","","77","","0.0","","","M","","M","","","101.53","","","","","","NA"
"-130.70","54.58","GREY ISLET (AUT)","1063303","2019-07-29 17:00","2019","07","29","17:00","15.7","","11.0","","74","","0.0","","","M","","M","","","101.50","","","","","","NA"
"-130.70","54.58","GREY ISLET (AUT)","1063303","2019-07-29 18:00","2019","07","29","18:00","15.9","","10.4","","70","","0.0","","","M","","M","","","101.48","","","","","","NA"
"-130.70","54.58","GREY ISLET (AUT)","1063303","2019-07-29 19:00","2019","07","29","19:00","15.8","","9.8","","67","","0.0","","","M","","M","","","101.44","","","","","","NA"
"-130.70","54.58","GREY ISLET (AUT)","1063303","2019-07-29 20:00","2019","07","29","20:00","15.2","","10.1","","72","","0.0","","","M","","M","","","101.39","","","","","","NA"
"-130.70","54.58","GREY ISLET (AUT)","1063303","2019-07-29 21:00","2019","07","29","21:00","15.0","","10.2","","73","","0.0","","","M","","M","","","101.41","","","","","","NA"
"-130.70","54.58","GREY ISLET (AUT)","1063303","2019-07-29 22:00","2019","07","29","22:00","14.4","","10.5","","78","","0.0","","","M","","M","","","101.38","","","","","","NA"
"-130.70","54.58","GREY ISLET (AUT)","1063303","2019-07-29 23:00","2019","07","29","23:00","13.7","","10.6","","81","","0.0","","","M","","M","","","101.35","","","","","","NA"
"-130.70","54.58","GREY ISLET (AUT)","1063303","2019-07-30 00:00","2019","07","30","00:00","13.2","","10.4","","83","","0.0","","","M","","M","","","101.32","","","","","","NA"
"-130.70","54.58","GREY ISLET (AUT)","1063303","2019-07-30 01:00","2019","07","30","01:00","13.2","","11.2","","88","","0.0","","","M","","M","","","101.29","","","","","","NA"
"-130.70","54.58","GREY ISLET (AUT)","1063303","2019-07-30 02:00","2019","07","30","02:00","13.3","","11.5","","89","","0.0","","","M","","M","","","101.26","","","","","","NA"
"-130.70","54.58","GREY ISLET (AUT)","1063303","2019-07-30 03:00","2019","07","30","03:00","13.5","","11.2","","86","","0.0","","","M","","M","","","101.24","","","","","","NA"
"-130.70","54.58","GREY ISLET (AUT)","1063303","2019-07-30 04:00","2019","07","30","04:00","13.2","","10.8","","86","","0.0","","","M","","M","","","101.22","","","","","","NA"
"-130.70","54.58","GREY ISLET (AUT)","1063303","2019-07-30 05:00","2019","07","30","05:00","13.7","","11.4","","86","","0.0","","","M","","M","","","101.22","","","","","","NA"
"-130.70","54.58","GREY ISLET (AUT)","1063303","2019-07-30 06:00","2019","07","30","06:00","13.6","","11.7","","89","","0.0","","","M","","M","","","101.22","","","","","","NA"
"-130.70","54.58","GREY ISLET (AUT)","1063303","2019-07-30 07:00","2019","07","30","07:00","13.5","","11.7","","89","","0.0","","","M","","M","","","101.24","","","","","","NA"
"-130.70","54.58","GREY ISLET (AUT)","1063303","2019-07-30 08:00","2019","07","30","08:00","13.6","","12.2","","91","","0.0","","","M","","M","","","101.26","","","","","","NA"
"-130.70","54.58","GREY ISLET (AUT)","1063303","2019-07-30 09:00","2019","07","30","09:00","12.8","","11.1","","89","","0.0","","","M","","M","","","101.27","","","","","","NA"
"-130.70","54.58","GREY ISLET (AUT)","1063303","2019-07-30 10:00","2019","07","30","10:00","12.7","","11.0","","89","","0.0","","","M","","M","","","101.28","","","","","","NA"
"-130.70","54.58","GREY ISLET (AUT)","1063303","2019-07-30 11:00","2019","07","30","11:00","13.6","","12.1","","91","","0.0","","","M","","M","","","101.28","","","","","","NA"
"-130.70","54.58","GREY ISLET (AUT)","1063303","2019-07-30 12:00","2019","07","30","12:00","14.3","","12.7","","90","","0.0","","","M","","M","","","101.29","","","","","","NA"
"-130.70","54.58","GREY ISLET (AUT)","1063303","2019-07-30 13:00","2019","07","30","13:00","14.4","","12.5","","89","","0.0","","","M","","M","","","101.29","","","","","","NA"
"-130.70","54.58","GREY ISLET (AUT)","1063303","2019-07-30 14:00","2019","07","30","14:00","15.9","","13.3","","85","","0.0","","","M","","M","","","101.29","","","","","","NA"
"-130.70","54.58","GREY ISLET (AUT)","1063303","2019-07-30 15:00","2019","07","30","15:00","15.1","","12.6","","85","","0.0","","","M","","M","","","101.29","","","","","","NA"
"-130.70","54.58","GREY ISLET (AUT)","1063303","2019-07-30 16:00","2019","07","30","16:00","15.4","","12.8","","85","","0.0","","","M","","M","","","101.27","","","","","","NA"
"-130.70","54.58","GREY ISLET (AUT)","1063303","2019-07-30 17:00","2019","07","30","17:00","14.8","","12.0","","83","","0.0","","","M","","M","","","101.27","","","","","","NA"
"-130.70","54.58","GREY ISLET (AUT)","1063303","2019-07-30 18:00","2019","07","30","18:00","14.8","","12.2","","85","","0.0","","","M","","M","","","101.27","","","","","","NA"
"-130.70","54.58","GREY ISLET (AUT)","1063303","2019-07-30 19:00","2019","07","30","19:00","13.7","","12.0","","90","","0.0","","","M","","M","","","101.27","","","","","","NA"
"-130.70","54.58","GREY ISLET (AUT)","1063303","2019-07-30 20:00","2019","07","30","20:00","13.3","","11.8","","91","","0.0","","","M","","M","","","101.28","","","","","","NA"
"-130.70","54.58","GREY ISLET (AUT)","1063303","2019-07-30 21:00","2019","07","30","21:00","13.4","","12.1","","92","","0.0","","","M","","M","","","101.30","","","","","","NA"
"-130.70","54.58","GREY ISLET (AUT)","1063303","2019-07-30 22:00","2019","07","30","22:00","13.1","","12.0","","93","","0.0","","","M","","M","","","101.33","","","","","","NA"
"-130.70","54.58","GREY ISLET (AUT)","1063303","2019-07-30 23:00","2019","07","30","23:00","13.1","","12.0","","93","","0.0","","","M","","M","","","101.34","","","","","","NA"
"-130.70","54.58","GREY ISLET (AUT)","1063303","2019-07-31 00:00","2019","07","31","00:00","13.0","","11.9","","94","","0.0","","","M","","M","","","101.35","","","","","","NA"
"-130.70","54.58","GREY ISLET (AUT)","1063303","2019-07-31 01:00","2019","07","31","01:00","12.9","","12.0","","95","","0.0","","","M","","M","","","101.33","","","","","","NA"
"-130.70","54.58","GREY ISLET (AUT)","1063303","2019-07-31 02:00","2019","07","31","02:00","13.0","","12.1","","95","","0.0","","","M","","M","","","101.34","","","","","","NA"
"-130.70","54.58","GREY ISLET (AUT)","1063303","2019-07-31 03:00","2019","07","31","03:00","12.8","","12.0","","95","","0.0","","","M","","M","","","101.36","","","","","","NA"
"-130.70","54.58","GREY ISLET (AUT)","1063303","2019-07-31 04:00","2019","07","31","04:00","13.0","","12.2","","95","","0.0","","","M","","M","","","101.36","","","","","","NA"
"-130.70","54.58","GREY ISLET (AUT)","1063303","2019-07-31 05:00","2019","07","31","05:00","12.9","","12.1","","95","","0.0","","","M","","M","","","101.37","","","","","","NA"
"-130.70","54.58","GREY ISLET (AUT)","1063303","2019-07-31 06:00","2019","07","31","06:00","13.0","","12.3","","95","","0.0","","","M","","M","","","101.40","","","","","","NA"
"-130.70","54.58","GREY ISLET (AUT)","1063303","2019-07-31 07:00","2019","07","31","07:00","13.4","","12.6","","95","","0.0","","","M","","M","","","101.43","","","","","","NA"
"-130.70","54.58","GREY ISLET (AUT)","1063303","2019-07-31 08:00","2019","07","31","08:00","12.9","","12.1","","95","","0.0","","","M","","M","","","101.49","","","","","","NA"
"-130.70","54.58","GREY ISLET (AUT)","1063303","2019-07-31 09:00","2019","07","31","09:00","12.9","","12.1","","95","","0.0","","","M","","M","","","101.53","","","","","","NA"
"-130.70","54.58","GREY ISLET (AUT)","1063303","2019-07-31 10:00","2019","07","31","10:00","13.8","","12.3","","91","","0.0","","","M","","M","","","101.53","","","","","","NA"
"-130.70","54.58","GREY ISLET (AUT)","1063303","2019-07-31 11:00","2019","07","31","11:00","15.2","","12.5","","84","","0.0","","","M","","M","","","101.55","","","","","","NA"
"-130.70","54.58","GREY ISLET (AUT)","1063303","2019-07-31 12:00","2019","07","31","12:00","16.6","","13.6","","82","","0.0","","","M","","M","","","101.56","","","","","","NA"
"-130.70","54.58","GREY ISLET (AUT)","1063303","2019-07-31 13:00","2019","07","31","13:00","17.7","","14.0","","79","","0.0","","","M","","M","","","101.57","","","","","","NA"
"-130.70","54.58","GREY ISLET (AUT)","1063303","2019-07-31 14:00","2019","07","31","14:00","15.7","","12.8","","83","","0.0","","","M","","M","","","101.59","","","","","","NA"
"-130.70","54.58","GREY ISLET (AUT)","1063303","2019-07-31 15:00","2019","07","31","15:00","15.6","","12.0","","79","","0.0","","","M","","M","","","101.60","","","","","","NA"
"-130.70","54.58","GREY ISLET (AUT)","1063303","2019-07-31 16:00","2019","07","31","16:00","14.8","","11.7","","82","","0.0","","","M","","M","","","101.60","","","","","","NA"
"-130.70","54.58","GREY ISLET (AUT)","1063303","2019-07-31 17:00","2019","07","31","17:00","15.1","","12.0","","82","","0.0","","","M","","M","","","101.58","","","","","","NA"
"-130.70","54.58","GREY ISLET (AUT)","1063303","2019-07-31 18:00","2019","07","31","18:00","15.2","","12.1","","82","","0.0","","","M","","M","","","101.58","","","","","","NA"
"-130.70","54.58","GREY ISLET (AUT)","1063303","2019-07-31 19:00","2019","07","31","19:00","15.3","","11.2","","77","","0.0","","","M","","M","","","101.59","","","","","","NA"
"-130.70","54.58","GREY ISLET (AUT)","1063303","2019-07-31 20:00","2019","07","31","20:00","15.0","","10.7","","76","","0.0","","","M","","M","","","101.59","","","","","","NA"
"-130.70","54.58","GREY ISLET (AUT)","1063303","2019-07-31 21:00","2019","07","31","21:00","14.0","","11.5","","85","","0.0","","","M","","M","","","101.62","","","","","","NA"
"-130.70","54.58","GREY ISLET (AUT)","1063303","2019-07-31 22:00","2019","07","31","22:00","13.1","","11.5","","90","","0.0","","","M","","M","","","101.64","","","","","","NA"
"-130.70","54.58","GREY ISLET (AUT)","1063303","2019-07-31 23:00","2019","07","31","23:00","12.5","","10.9","","90","","0.0","","","M","","M","","","101.61","","","","","","NA"
