"Longitude (x)","Latitude (y)","Station Name","Climate ID","Date/Time (LST)","Year","Month","Day","Time (LST)","Temp (°C)","Temp Flag","Dew Point Temp (°C)","Dew Point Temp Flag","Rel Hum (%)","Rel Hum Flag","Precip. Amount (mm)","Precip. Amount Flag","Wind Dir (10s deg)","Wind Dir Flag","Wind Spd (km/h)","Wind Spd Flag","Visibility (km)","Visibility Flag","Stn Press (kPa)","Stn Press Flag","Hmdx","Hmdx Flag","Wind Chill","Wind Chill Flag","Weather"
"-75.67","62.18","SALLUIT","7117800","2023-04-01 00:00","2023","04","01","00:00","-15.2","","-19.2","","71","","0.0","","","","0","","","","98.48","","","","","","NA"
"-75.67","62.18","SALLUIT","7117800","2023-04-01 01:00","2023","04","01","01:00","-14.8","","-18.7","","72","","0.0","","19","","3","","","","98.47","","","","-17","","NA"
"-75.67","62.18","SALLUIT","7117800","2023-04-01 02:00","2023","04","01","02:00","-14.4","","-18.5","","71","","0.0","","0","","1","","","","98.45","","","","-15","","NA"
"-75.67","62.18","SALLUIT","7117800","2023-04-01 03:00","2023","04","01","03:00","-14.2","","-18.2","","71","","0.0","","0","","1","","","","98.42","","","","-15","","NA"
"-75.67","62.18","SALLUIT","7117800","2023-04-01 04:00","2023","04","01","04:00","-15.2","","-19.2","","71","","0.0","","6","","2","","","","98.39","","","","-17","","NA"
"-75.67","62.18","SALLUIT","7117800","2023-04-01 05:00","2023","04","01","05:00","-14.8","","-18.7","","72","","0.0","","","","0","","","","98.35","","","","","","NA"
"-75.67","62.18","SALLUIT","7117800","2023-04-01 06:00","2023","04","01","06:00","-15.7","","-19.4","","74","","0.0","","0","","1","","","","98.34","","","","-16","","NA"
"-75.67","62.18","SALLUIT","7117800","2023-04-01 07:00","2023","04","01","07:00","-15.8","","-19.8","","71","","0.0","","","","0","","","","98.34","","","","","","NA"
"-75.67","62.18","SALLUIT","7117800","2023-04-01 08:00","2023","04","01","08:00","-14.8","","-19.5","","67","","0.0","","","","0","","","","98.30","","","","","","NA"
"-75.67","62.18","SALLUIT","7117800","2023-04-01 09:00","2023","04","01","09:00","-14.4","","-19.6","","65","","0.0","","","","0","","","","98.28","","","","","","NA"
"-75.67","62.18","SALLUIT","7117800","2023-04-01 10:00","2023","04","01","10:00","-13.3","","-19.7","","59","","0.0","","13","","4","","","","98.25","","","","-16","","NA"
"-75.67","62.18","SALLUIT","7117800","2023-04-01 11:00","2023","04","01","11:00","-13.4","","-19.0","","63","","0.0","","28","","3","","","","98.21","","","","-15","","NA"
"-75.67","62.18","SALLUIT","7117800","2023-04-01 12:00","2023","04","01","12:00","-13.2","","-18.8","","63","","0.0","","22","","2","","","","98.20","","","","-15","","NA"
"-75.67","62.18","SALLUIT","7117800","2023-04-01 13:00","2023","04","01","13:00","-12.3","","-17.5","","65","","0.0","","23","","2","","","","98.17","","","","-14","","NA"
"-75.67","62.18","SALLUIT","7117800","2023-04-01 14:00","2023","04","01","14:00","-13.1","","-17.9","","67","","0.0","","6","","5","","","","98.17","","","","-16","","NA"
"-75.67","62.18","SALLUIT","7117800","2023-04-01 15:00","2023","04","01","15:00","-12.2","","-17.2","","67","","0.0","","4","","3","","","","98.15","","","","-14","","NA"
"-75.67","62.18","SALLUIT","7117800","2023-04-01 16:00","2023","04","01","16:00","-13.1","","-17.3","","71","","0.0","","6","","10","","","","98.13","","","","-19","","NA"
"-75.67","62.18","SALLUIT","7117800","2023-04-01 17:00","2023","04","01","17:00","-12.4","","-16.2","","73","","0.0","","6","","6","","","","98.15","","","","-16","","NA"
"-75.67","62.18","SALLUIT","7117800","2023-04-01 18:00","2023","04","01","18:00","-12.1","","-15.0","","79","","0.0","","4","","12","","","","98.13","","","","-18","","NA"
"-75.67","62.18","SALLUIT","7117800","2023-04-01 19:00","2023","04","01","19:00","-12.9","","-15.3","","82","","0.0","","6","","14","","","","98.14","","","","-20","","NA"
"-75.67","62.18","SALLUIT","7117800","2023-04-01 20:00","2023","04","01","20:00","-11.9","","-15.1","","77","","0.0","","7","","19","","","","98.15","","","","-20","","NA"
"-75.67","62.18","SALLUIT","7117800","2023-04-01 21:00","2023","04","01","21:00","-12.6","","-15.2","","81","","0.0","","7","","8","","","","98.17","","","","-18","","NA"
"-75.67","62.18","SALLUIT","7117800","2023-04-01 22:00","2023","04","01","22:00","-13.1","","-15.8","","80","","0.0","","7","","8","","","","98.17","","","","-18","","NA"
"-75.67","62.18","SALLUIT","7117800","2023-04-01 23:00","2023","04","01","23:00","-12.7","","-16.3","","75","","0.0","","2","","16","","","","98.13","","","","-20","","NA"
"-75.67","62.18","SALLUIT","7117800","2023-04-02 00:00","2023","04","02","00:00","-13.2","","-16.5","","76","","0.0","","6","","5","","","","98.14","","","","-17","","NA"
"-75.67","62.18","SALLUIT","7117800","2023-04-02 01:00","2023","04","02","01:00","-12.3","","-16.4","","71","","0.0","","3","","16","","","","98.13","","","","-20","","NA"
"-75.67","62.18","SALLUIT","7117800","2023-04-02 02:00","2023","04","02","02:00","-12.7","","-15.8","","78","","0.0","","4","","21","","","","98.13","","","","-21","","NA"
"-75.67","62.18","SALLUIT","7117800","2023-04-02 03:00","2023","04","02","03:00","-12.5","","-16.1","","74","","0.0","","4","","23","","","","98.13","","","","-22","","NA"
"-75.67","62.18","SALLUIT","7117800","2023-04-02 04:00","2023","04","02","04:00","-12.6","","-16.5","","73","","0.0","","4","","27","","","","98.14","","","","-22","","NA"
"-75.67","62.18","SALLUIT","7117800","2023-04-02 05:00","2023","04","02","05:00","-12.6","","-16.8","","71","","0.0","","7","","26","","","","98.17","","","","-22","","NA"
"-75.67","62.18","SALLUIT","7117800","2023-04-02 06:00","2023","04","02","06:00","-12.4","","-17.1","","68","","0.0","","14","","13","","","","98.20","","","","-19","","NA"
"-75.67","62.18","SALLUIT","7117800","2023-04-02 07:00","2023","04","02","07:00","-13.1","","-17.6","","69","","0.0","","7","","1","","","","98.26","","","","-14","","NA"
"-75.67","62.18","SALLUIT","7117800","2023-04-02 08:00","2023","04","02","08:00","-13.6","","-17.8","","71","","0.0","","13","","11","","","","98.31","","","","-20","","NA"
"-75.67","62.18","SALLUIT","7117800","2023-04-02 09:00","2023","04","02","09:00","-12.4","","-18.1","","63","","0.0","","10","","10","","","","98.37","","","","-18","","NA"
"-75.67","62.18","SALLUIT","7117800","2023-04-02 10:00","2023","04","02","10:00","-12.5","","-17.8","","64","","0.0","","13","","13","","","","98.40","","","","-19","","NA"
"-75.67","62.18","SALLUIT","7117800","2023-04-02 11:00","2023","04","02","11:00","-12.3","","-18.3","","61","","0.0","","12","","23","","","","98.40","","","","-21","","NA"
"-75.67","62.18","SALLUIT","7117800","2023-04-02 12:00","2023","04","02","12:00","-12.3","","-18.2","","61","","0.0","","11","","21","","","","98.46","","","","-21","","NA"
"-75.67","62.18","SALLUIT","7117800","2023-04-02 13:00","2023","04","02","13:00","-11.8","","-19.1","","55","","0.0","","6","","12","","","","98.51","","","","-18","","NA"
"-75.67","62.18","SALLUIT","7117800","2023-04-02 14:00","2023","04","02","14:00","-12.0","","-18.4","","59","","0.0","","6","","22","","","","98.52","","","","-21","","NA"
"-75.67","62.18","SALLUIT","7117800","2023-04-02 15:00","2023","04","02","15:00","-12.0","","-18.4","","58","","0.0","","5","","19","","","","98.55","","","","-20","","NA"
"-75.67","62.18","SALLUIT","7117800","2023-04-02 16:00","2023","04","02","16:00","-12.5","","-18.8","","59","","0.0","","7","","17","","","","98.58","","","","-20","","NA"
"-75.67","62.18","SALLUIT","7117800","2023-04-02 17:00","2023","04","02","17:00","-12.8","","-18.4","","63","","0.0","","4","","14","","","","98.61","","","","-20","","NA"
"-75.67","62.18","SALLUIT","7117800","2023-04-02 18:00","2023","04","02","18:00","-13.1","","-19.2","","60","","0.0","","6","","21","","","","98.63","","","","-22","","NA"
"-75.67","62.18","SALLUIT","7117800","2023-04-02 19:00","2023","04","02","19:00","-14.1","","-18.2","","71","","0.0","","9","","16","","","","98.69","","","","-22","","NA"
"-75.67","62.18","SALLUIT","7117800","2023-04-02 20:00","2023","04","02","20:00","-13.1","","-16.2","","78","","0.0","","6","","16","","","","98.73","","","","-21","","NA"
"-75.67","62.18","SALLUIT","7117800","2023-04-02 21:00","2023","04","02","21:00","-13.6","","-16.4","","80","","0.0","","26","","2","","","","98.77","","","","-15","","NA"
"-75.67","62.18","SALLUIT","7117800","2023-04-02 22:00","2023","04","02","22:00","-13.4","","-16.0","","81","","0.0","","5","","2","","","","98.76","","","","-15","","NA"
"-75.67","62.18","SALLUIT","7117800","2023-04-02 23:00","2023","04","02","23:00","-13.4","","-16.0","","81","","0.0","","0","","1","","","","98.75","","","","-14","","NA"
"-75.67","62.18","SALLUIT","7117800","2023-04-03 00:00","2023","04","03","00:00","-13.7","","-16.2","","81","","0.0","","20","","3","","","","98.74","","","","-16","","NA"
"-75.67","62.18","SALLUIT","7117800","2023-04-03 01:00","2023","04","03","01:00","-13.5","","-16.1","","81","","0.0","","31","","4","","","","98.76","","","","-16","","NA"
"-75.67","62.18","SALLUIT","7117800","2023-04-03 02:00","2023","04","03","02:00","-13.3","","-15.7","","82","","0.0","","35","","4","","","","98.76","","","","-16","","NA"
"-75.67","62.18","SALLUIT","7117800","2023-04-03 03:00","2023","04","03","03:00","-14.1","","-16.0","","86","","0.0","","32","","7","","","","98.78","","","","-19","","NA"
"-75.67","62.18","SALLUIT","7117800","2023-04-03 04:00","2023","04","03","04:00","-15.3","","-17.0","","87","","0.0","","31","","4","","","","98.78","","","","-18","","NA"
"-75.67","62.18","SALLUIT","7117800","2023-04-03 05:00","2023","04","03","05:00","-15.8","","-17.4","","87","","0.0","","31","","2","","","","98.80","","","","-17","","NA"
"-75.67","62.18","SALLUIT","7117800","2023-04-03 06:00","2023","04","03","06:00","-15.5","","-18.1","","80","","0.0","","34","","7","","","","98.83","","","","-20","","NA"
"-75.67","62.18","SALLUIT","7117800","2023-04-03 07:00","2023","04","03","07:00","-15.4","","-17.4","","85","","0.0","","33","","7","","","","98.84","","","","-20","","NA"
"-75.67","62.18","SALLUIT","7117800","2023-04-03 08:00","2023","04","03","08:00","-15.7","","-18.3","","80","","","M","25","","3","","","","98.83","","","","-18","","NA"
"-75.67","62.18","SALLUIT","7117800","2023-04-03 09:00","2023","04","03","09:00","-15.6","","-18.7","","77","","","M","25","","5","","","","98.82","","","","-19","","NA"
"-75.67","62.18","SALLUIT","7117800","2023-04-03 10:00","2023","04","03","10:00","-14.9","","-18.7","","73","","0.0","","24","","5","","","","98.83","","","","-18","","NA"
"-75.67","62.18","SALLUIT","7117800","2023-04-03 11:00","2023","04","03","11:00","-14.9","","-19.1","","70","","0.0","","29","","7","","","","98.84","","","","-20","","NA"
"-75.67","62.18","SALLUIT","7117800","2023-04-03 12:00","2023","04","03","12:00","-14.0","","-17.5","","74","","0.0","","29","","5","","","","98.82","","","","-17","","NA"
"-75.67","62.18","SALLUIT","7117800","2023-04-03 13:00","2023","04","03","13:00","-13.8","","-17.4","","74","","0.0","","29","","12","","","","98.81","","","","-21","","NA"
"-75.67","62.18","SALLUIT","7117800","2023-04-03 14:00","2023","04","03","14:00","-13.6","","-17.6","","71","","0.0","","33","","19","","","","98.81","","","","-22","","NA"
"-75.67","62.18","SALLUIT","7117800","2023-04-03 15:00","2023","04","03","15:00","-13.3","","-16.1","","79","","0.0","","36","","14","","","","98.83","","","","-21","","NA"
"-75.67","62.18","SALLUIT","7117800","2023-04-03 16:00","2023","04","03","16:00","-13.4","","-16.0","","81","","0.0","","36","","19","","","","98.84","","","","-22","","NA"
"-75.67","62.18","SALLUIT","7117800","2023-04-03 17:00","2023","04","03","17:00","-13.4","","-15.7","","82","","0.0","","1","","17","","","","98.86","","","","-21","","NA"
"-75.67","62.18","SALLUIT","7117800","2023-04-03 18:00","2023","04","03","18:00","-13.4","","-15.8","","82","","0.0","","1","","16","","","","98.89","","","","-21","","NA"
"-75.67","62.18","SALLUIT","7117800","2023-04-03 19:00","2023","04","03","19:00","-13.3","","-15.7","","83","","0.0","","35","","18","","","","98.90","","","","-22","","NA"
"-75.67","62.18","SALLUIT","7117800","2023-04-03 20:00","2023","04","03","20:00","-13.8","","-15.6","","86","","0.0","","1","","25","","","","98.90","","","","-24","","NA"
"-75.67","62.18","SALLUIT","7117800","2023-04-03 21:00","2023","04","03","21:00","-13.9","","-15.4","","89","","0.0","","2","","18","","","","98.91","","","","-22","","NA"
"-75.67","62.18","SALLUIT","7117800","2023-04-03 22:00","2023","04","03","22:00","-14.2","","-15.9","","87","","0.0","","1","","16","","","","98.92","","","","-22","","NA"
"-75.67","62.18","SALLUIT","7117800","2023-04-03 23:00","2023","04","03","23:00","-14.6","","-16.3","","87","","0.0","","2","","13","","","","98.91","","","","-22","","NA"
"-75.67","62.18","SALLUIT","7117800","2023-04-04 00:00","2023","04","04","00:00","-14.7","","-16.4","","87","","0.0","","1","","9","","","","98.92","","","","-20","","NA"
"-75.67","62.18","SALLUIT","7117800","2023-04-04 01:00","2023","04","04","01:00","-14.7","","-16.5","","86","","0.0","","35","","12","","","","98.93","","","","-22","","NA"
"-75.67","62.18","SALLUIT","7117800","2023-04-04 02:00","2023","04","04","02:00","-14.8","","-16.6","","86","","0.0","","35","","9","","","","98.95","","","","-21","","NA"
"-75.67","62.18","SALLUIT","7117800","2023-04-04 03:00","2023","04","04","03:00","-14.9","","-16.7","","86","","0.0","","2","","11","","","","98.98","","","","-21","","NA"
"-75.67","62.18","SALLUIT","7117800","2023-04-04 04:00","2023","04","04","04:00","-15.2","","-17.0","","86","","0.0","","34","","9","","","","99.03","","","","-21","","NA"
"-75.67","62.18","SALLUIT","7117800","2023-04-04 05:00","2023","04","04","05:00","-15.3","","-17.1","","86","","0.0","","36","","11","","","","99.05","","","","-22","","NA"
"-75.67","62.18","SALLUIT","7117800","2023-04-04 06:00","2023","04","04","06:00","-15.2","","-17.1","","86","","0.0","","1","","10","","","","99.06","","","","-21","","NA"
"-75.67","62.18","SALLUIT","7117800","2023-04-04 07:00","2023","04","04","07:00","-15.3","","-17.3","","85","","0.0","","36","","8","","","","99.07","","","","-21","","NA"
"-75.67","62.18","SALLUIT","7117800","2023-04-04 08:00","2023","04","04","08:00","-15.2","","-17.3","","84","","0.0","","1","","8","","","","99.09","","","","-21","","NA"
"-75.67","62.18","SALLUIT","7117800","2023-04-04 09:00","2023","04","04","09:00","-14.9","","-17.1","","83","","0.0","","2","","6","","","","99.12","","","","-19","","NA"
"-75.67","62.18","SALLUIT","7117800","2023-04-04 10:00","2023","04","04","10:00","-14.3","","-16.6","","83","","0.0","","1","","7","","","","99.13","","","","-19","","NA"
"-75.67","62.18","SALLUIT","7117800","2023-04-04 11:00","2023","04","04","11:00","-14.0","","-16.4","","82","","0.3","","36","","6","","","","99.14","","","","-18","","NA"
"-75.67","62.18","SALLUIT","7117800","2023-04-04 12:00","2023","04","04","12:00","-14.2","","-16.9","","80","","0.0","","34","","10","","","","99.14","","","","-20","","NA"
"-75.67","62.18","SALLUIT","7117800","2023-04-04 13:00","2023","04","04","13:00","-13.8","","-16.5","","80","","0.0","","35","","5","","","","99.21","","","","-17","","NA"
"-75.67","62.18","SALLUIT","7117800","2023-04-04 14:00","2023","04","04","14:00","-13.6","","-16.2","","81","","0.0","","34","","7","","","","99.26","","","","-18","","NA"
"-75.67","62.18","SALLUIT","7117800","2023-04-04 15:00","2023","04","04","15:00","-13.5","","-15.9","","82","","0.0","","35","","8","","","","99.30","","","","-19","","NA"
"-75.67","62.18","SALLUIT","7117800","2023-04-04 16:00","2023","04","04","16:00","-13.3","","-16.1","","80","","0.0","","33","","11","","","","99.37","","","","-20","","NA"
"-75.67","62.18","SALLUIT","7117800","2023-04-04 17:00","2023","04","04","17:00","-12.9","","-16.7","","73","","0.0","","35","","7","","","","99.40","","","","-17","","NA"
"-75.67","62.18","SALLUIT","7117800","2023-04-04 18:00","2023","04","04","18:00","-13.4","","-16.5","","77","","0.0","","2","","15","","","","99.43","","","","-21","","NA"
"-75.67","62.18","SALLUIT","7117800","2023-04-04 19:00","2023","04","04","19:00","-14.0","","-16.0","","85","","0.0","","2","","10","","","","99.51","","","","-20","","NA"
"-75.67","62.18","SALLUIT","7117800","2023-04-04 20:00","2023","04","04","20:00","-14.5","","-16.3","","87","","0.0","","5","","8","","","","99.56","","","","-20","","NA"
"-75.67","62.18","SALLUIT","7117800","2023-04-04 21:00","2023","04","04","21:00","-14.1","","-17.0","","78","","0.0","","35","","12","","","","99.60","","","","-21","","NA"
"-75.67","62.18","SALLUIT","7117800","2023-04-04 22:00","2023","04","04","22:00","-14.3","","-17.8","","75","","0.0","","34","","14","","","","99.64","","","","-22","","NA"
"-75.67","62.18","SALLUIT","7117800","2023-04-04 23:00","2023","04","04","23:00","-14.6","","-18.4","","73","","0.0","","36","","11","","","","99.68","","","","-21","","NA"
"-75.67","62.18","SALLUIT","7117800","2023-04-05 00:00","2023","04","05","00:00","-14.9","","-18.9","","72","","0.0","","2","","6","","","","99.72","","","","-19","","NA"
"-75.67","62.18","SALLUIT","7117800","2023-04-05 01:00","2023","04","05","01:00","-16.0","","-19.5","","75","","0.0","","23","","4","","","","99.76","","","","-19","","NA"
"-75.67","62.18","SALLUIT","7117800","2023-04-05 02:00","2023","04","05","02:00","-16.1","","-20.6","","68","","0.0","","24","","8","","","","99.80","","","","-22","","NA"
"-75.67","62.18","SALLUIT","7117800","2023-04-05 03:00","2023","04","05","03:00","-18.1","","-21.9","","72","","0.0","","24","","15","","","","99.86","","","","-27","","NA"
"-75.67","62.18","SALLUIT","7117800","2023-04-05 04:00","2023","04","05","04:00","-19.0","","-22.6","","73","","0.0","","24","","15","","","","99.91","","","","-28","","NA"
"-75.67","62.18","SALLUIT","7117800","2023-04-05 05:00","2023","04","05","05:00","-19.6","","-22.7","","76","","0.0","","26","","22","","","","99.96","","","","-30","","NA"
"-75.67","62.18","SALLUIT","7117800","2023-04-05 06:00","2023","04","05","06:00","-21.8","","-24.5","","79","","0.0","","22","","19","","","","100.01","","","","-32","","NA"
"-75.67","62.18","SALLUIT","7117800","2023-04-05 07:00","2023","04","05","07:00","-19.7","","-22.7","","77","","0.0","","23","","27","","","","100.03","","","","-32","","NA"
"-75.67","62.18","SALLUIT","7117800","2023-04-05 08:00","2023","04","05","08:00","-18.0","","-21.4","","75","","0.0","","23","","17","","","","100.04","","","","-27","","NA"
"-75.67","62.18","SALLUIT","7117800","2023-04-05 09:00","2023","04","05","09:00","-17.6","","-21.0","","75","","0.0","","22","","21","","","","100.03","","","","-28","","NA"
"-75.67","62.18","SALLUIT","7117800","2023-04-05 10:00","2023","04","05","10:00","-16.9","","-19.6","","80","","0.0","","25","","33","","","","100.04","","","","-29","","NA"
"-75.67","62.18","SALLUIT","7117800","2023-04-05 11:00","2023","04","05","11:00","-16.8","","-20.8","","72","","0.0","","25","","34","","","","100.02","","","","-29","","NA"
"-75.67","62.18","SALLUIT","7117800","2023-04-05 12:00","2023","04","05","12:00","-16.6","","-20.6","","71","","0.0","","25","","31","","","","100.07","","","","-28","","NA"
"-75.67","62.18","SALLUIT","7117800","2023-04-05 13:00","2023","04","05","13:00","-16.8","","-21.6","","66","","0.0","","25","","34","","","","100.08","","","","-29","","NA"
"-75.67","62.18","SALLUIT","7117800","2023-04-05 14:00","2023","04","05","14:00","-17.0","","-21.7","","67","","0.0","","24","","36","","","","100.09","","","","-30","","NA"
"-75.67","62.18","SALLUIT","7117800","2023-04-05 15:00","2023","04","05","15:00","-16.9","","-21.4","","68","","0.0","","25","","33","","","","100.06","","","","-29","","NA"
"-75.67","62.18","SALLUIT","7117800","2023-04-05 16:00","2023","04","05","16:00","-16.7","","-21.1","","69","","0.0","","25","","26","","","","100.03","","","","-28","","NA"
"-75.67","62.18","SALLUIT","7117800","2023-04-05 17:00","2023","04","05","17:00","-17.3","","-20.8","","74","","0.0","","25","","35","","","","99.99","","","","-30","","NA"
"-75.67","62.18","SALLUIT","7117800","2023-04-05 18:00","2023","04","05","18:00","-18.0","","-21.4","","74","","0.0","","23","","26","","","","100.04","","","","-29","","NA"
"-75.67","62.18","SALLUIT","7117800","2023-04-05 19:00","2023","04","05","19:00","-18.6","","-21.4","","79","","0.0","","20","","26","","","","100.02","","","","-30","","NA"
"-75.67","62.18","SALLUIT","7117800","2023-04-05 20:00","2023","04","05","20:00","-19.5","","-22.1","","79","","0.0","","24","","28","","","","99.99","","","","-32","","NA"
"-75.67","62.18","SALLUIT","7117800","2023-04-05 21:00","2023","04","05","21:00","-20.2","","-22.7","","80","","0.0","","20","","35","","","","99.94","","","","-34","","NA"
"-75.67","62.18","SALLUIT","7117800","2023-04-05 22:00","2023","04","05","22:00","-20.3","","-23.1","","78","","0.0","","19","","24","","","","99.93","","","","-32","","NA"
"-75.67","62.18","SALLUIT","7117800","2023-04-05 23:00","2023","04","05","23:00","-19.7","","-22.7","","77","","0.0","","17","","30","","","","99.85","","","","-32","","NA"
"-75.67","62.18","SALLUIT","7117800","2023-04-06 00:00","2023","04","06","00:00","-19.7","","-22.8","","76","","0.0","","17","","21","","","","99.78","","","","-30","","NA"
"-75.67","62.18","SALLUIT","7117800","2023-04-06 01:00","2023","04","06","01:00","-20.7","","-23.6","","78","","0.0","","19","","25","","","","99.71","","","","-33","","NA"
"-75.67","62.18","SALLUIT","7117800","2023-04-06 02:00","2023","04","06","02:00","-21.4","","-23.6","","82","","0.0","","19","","23","","","","99.58","","","","-33","","NA"
"-75.67","62.18","SALLUIT","7117800","2023-04-06 03:00","2023","04","06","03:00","-22.0","","-24.4","","81","","0.0","","18","","28","","","","99.58","","","","-35","","NA"
"-75.67","62.18","SALLUIT","7117800","2023-04-06 04:00","2023","04","06","04:00","-21.0","","-23.4","","81","","0.0","","19","","26","","","","99.55","","","","-33","","NA"
"-75.67","62.18","SALLUIT","7117800","2023-04-06 05:00","2023","04","06","05:00","-20.9","","-23.3","","81","","0.0","","18","","24","","","","99.46","","","","-33","","NA"
"-75.67","62.18","SALLUIT","7117800","2023-04-06 06:00","2023","04","06","06:00","-20.2","","-22.6","","81","","0.0","","24","","7","","","","99.35","","","","-26","","NA"
"-75.67","62.18","SALLUIT","7117800","2023-04-06 07:00","2023","04","06","07:00","-20.7","","-23.3","","79","","0.0","","26","","4","","","","99.25","","","","-24","","NA"
"-75.67","62.18","SALLUIT","7117800","2023-04-06 08:00","2023","04","06","08:00","-21.0","","-23.8","","79","","0.0","","18","","19","","","","99.21","","","","-31","","NA"
"-75.67","62.18","SALLUIT","7117800","2023-04-06 09:00","2023","04","06","09:00","-19.9","","-22.9","","77","","0.0","","20","","11","","","","99.12","","","","-28","","NA"
"-75.67","62.18","SALLUIT","7117800","2023-04-06 10:00","2023","04","06","10:00","-20.1","","-23.3","","76","","0.0","","25","","10","","","","99.01","","","","-27","","NA"
"-75.67","62.18","SALLUIT","7117800","2023-04-06 11:00","2023","04","06","11:00","-18.2","","-21.5","","75","","0.0","","24","","2","","","","98.89","","","","-20","","NA"
"-75.67","62.18","SALLUIT","7117800","2023-04-06 12:00","2023","04","06","12:00","-17.7","","-21.0","","75","","0.0","","1","","5","","","","98.81","","","","-22","","NA"
"-75.67","62.18","SALLUIT","7117800","2023-04-06 13:00","2023","04","06","13:00","-17.3","","-20.8","","75","","0.0","","5","","8","","","","98.76","","","","-23","","NA"
"-75.67","62.18","SALLUIT","7117800","2023-04-06 14:00","2023","04","06","14:00","-17.2","","-20.8","","74","","0.0","","5","","10","","","","98.70","","","","-24","","NA"
"-75.67","62.18","SALLUIT","7117800","2023-04-06 15:00","2023","04","06","15:00","-16.7","","-20.2","","74","","0.0","","5","","10","","","","98.63","","","","-23","","NA"
"-75.67","62.18","SALLUIT","7117800","2023-04-06 16:00","2023","04","06","16:00","-16.9","","-20.0","","77","","0.0","","4","","12","","","","98.58","","","","-24","","NA"
"-75.67","62.18","SALLUIT","7117800","2023-04-06 17:00","2023","04","06","17:00","-16.9","","-19.4","","81","","0.0","","3","","10","","","","98.53","","","","-24","","NA"
"-75.67","62.18","SALLUIT","7117800","2023-04-06 18:00","2023","04","06","18:00","-16.7","","-18.9","","83","","0.0","","36","","15","","","","98.51","","","","-25","","NA"
"-75.67","62.18","SALLUIT","7117800","2023-04-06 19:00","2023","04","06","19:00","-17.0","","-19.3","","82","","0.0","","36","","17","","","","98.49","","","","-26","","NA"
"-75.67","62.18","SALLUIT","7117800","2023-04-06 20:00","2023","04","06","20:00","-16.9","","-19.0","","84","","0.0","","3","","16","","","","98.48","","","","-26","","NA"
"-75.67","62.18","SALLUIT","7117800","2023-04-06 21:00","2023","04","06","21:00","-16.7","","-19.3","","80","","0.0","","1","","24","","","","98.44","","","","-27","","NA"
"-75.67","62.18","SALLUIT","7117800","2023-04-06 22:00","2023","04","06","22:00","-16.5","","-19.2","","80","","0.0","","3","","26","","","","98.40","","","","-27","","NA"
"-75.67","62.18","SALLUIT","7117800","2023-04-06 23:00","2023","04","06","23:00","-16.7","","-19.8","","77","","0.0","","1","","28","","","","98.38","","","","-28","","NA"
"-75.67","62.18","SALLUIT","7117800","2023-04-07 00:00","2023","04","07","00:00","-17.0","","-19.4","","81","","0.0","","1","","27","","","","98.36","","","","-28","","NA"
"-75.67","62.18","SALLUIT","7117800","2023-04-07 01:00","2023","04","07","01:00","-17.5","","-19.5","","84","","0.0","","2","","25","","","","98.36","","","","-28","","NA"
"-75.67","62.18","SALLUIT","7117800","2023-04-07 02:00","2023","04","07","02:00","-17.4","","-19.4","","84","","0.0","","1","","23","","","","98.37","","","","-28","","NA"
"-75.67","62.18","SALLUIT","7117800","2023-04-07 03:00","2023","04","07","03:00","-17.7","","-20.1","","81","","0.0","","35","","20","","","","98.40","","","","-28","","NA"
"-75.67","62.18","SALLUIT","7117800","2023-04-07 04:00","2023","04","07","04:00","-18.0","","-20.0","","84","","0.0","","2","","23","","","","98.42","","","","-29","","NA"
"-75.67","62.18","SALLUIT","7117800","2023-04-07 05:00","2023","04","07","05:00","-17.9","","-20.0","","84","","0.0","","2","","19","","","","98.45","","","","-28","","NA"
"-75.67","62.18","SALLUIT","7117800","2023-04-07 06:00","2023","04","07","06:00","-18.1","","-20.4","","83","","0.0","","35","","20","","","","98.48","","","","-28","","NA"
"-75.67","62.18","SALLUIT","7117800","2023-04-07 07:00","2023","04","07","07:00","-18.7","","-21.0","","82","","0.0","","34","","16","","","","98.52","","","","-28","","NA"
"-75.67","62.18","SALLUIT","7117800","2023-04-07 08:00","2023","04","07","08:00","-18.1","","-20.5","","81","","0.0","","1","","18","","","","98.55","","","","-28","","NA"
"-75.67","62.18","SALLUIT","7117800","2023-04-07 09:00","2023","04","07","09:00","-18.4","","-21.0","","80","","0.0","","35","","20","","","","98.56","","","","-28","","NA"
"-75.67","62.18","SALLUIT","7117800","2023-04-07 10:00","2023","04","07","10:00","-18.3","","-21.1","","79","","0.0","","36","","12","","","","98.59","","","","-26","","NA"
"-75.67","62.18","SALLUIT","7117800","2023-04-07 11:00","2023","04","07","11:00","-18.3","","-21.3","","77","","0.0","","33","","13","","","","98.58","","","","-26","","NA"
"-75.67","62.18","SALLUIT","7117800","2023-04-07 12:00","2023","04","07","12:00","-18.0","","-21.0","","77","","0.0","","28","","10","","","","98.61","","","","-25","","NA"
"-75.67","62.18","SALLUIT","7117800","2023-04-07 13:00","2023","04","07","13:00","-17.8","","-22.1","","69","","0.0","","27","","8","","","","98.64","","","","-24","","NA"
"-75.67","62.18","SALLUIT","7117800","2023-04-07 14:00","2023","04","07","14:00","-17.1","","-21.8","","67","","0.0","","28","","8","","","","98.64","","","","-23","","NA"
"-75.67","62.18","SALLUIT","7117800","2023-04-07 15:00","2023","04","07","15:00","-16.9","","-22.5","","62","","0.0","","34","","1","","","","98.67","","","","-18","","NA"
"-75.67","62.18","SALLUIT","7117800","2023-04-07 16:00","2023","04","07","16:00","-17.3","","-21.3","","71","","0.0","","35","","4","","","","98.68","","","","-20","","NA"
"-75.67","62.18","SALLUIT","7117800","2023-04-07 17:00","2023","04","07","17:00","-16.6","","-21.7","","65","","0.0","","19","","2","","","","98.70","","","","-18","","NA"
"-75.67","62.18","SALLUIT","7117800","2023-04-07 18:00","2023","04","07","18:00","-17.9","","-21.7","","72","","0.0","","28","","13","","","","98.71","","","","-26","","NA"
"-75.67","62.18","SALLUIT","7117800","2023-04-07 19:00","2023","04","07","19:00","-18.9","","-22.4","","73","","0.0","","21","","6","","","","98.72","","","","-24","","NA"
"-75.67","62.18","SALLUIT","7117800","2023-04-07 20:00","2023","04","07","20:00","-19.6","","-22.9","","75","","0.0","","23","","5","","","","98.73","","","","-24","","NA"
"-75.67","62.18","SALLUIT","7117800","2023-04-07 21:00","2023","04","07","21:00","-20.3","","-23.4","","77","","0.0","","20","","6","","","","98.70","","","","-25","","NA"
"-75.67","62.18","SALLUIT","7117800","2023-04-07 22:00","2023","04","07","22:00","-21.2","","-24.1","","78","","0.0","","22","","8","","","","98.68","","","","-28","","NA"
"-75.67","62.18","SALLUIT","7117800","2023-04-07 23:00","2023","04","07","23:00","-22.1","","-24.7","","79","","0.0","","21","","9","","","","98.68","","","","-29","","NA"
"-75.67","62.18","SALLUIT","7117800","2023-04-08 00:00","2023","04","08","00:00","-22.3","","-25.0","","79","","0.0","","21","","17","","","","98.68","","","","-33","","NA"
"-75.67","62.18","SALLUIT","7117800","2023-04-08 01:00","2023","04","08","01:00","-23.1","","-25.9","","78","","0.0","","21","","24","","","","98.66","","","","-35","","NA"
"-75.67","62.18","SALLUIT","7117800","2023-04-08 02:00","2023","04","08","02:00","-21.9","","-24.6","","79","","0.0","","21","","25","","","","98.65","","","","-34","","NA"
"-75.67","62.18","SALLUIT","7117800","2023-04-08 03:00","2023","04","08","03:00","-19.7","","-22.0","","81","","0.0","","23","","16","","","","98.61","","","","-29","","NA"
"-75.67","62.18","SALLUIT","7117800","2023-04-08 04:00","2023","04","08","04:00","-19.5","","-22.2","","79","","0.0","","22","","17","","","","98.60","","","","-29","","NA"
"-75.67","62.18","SALLUIT","7117800","2023-04-08 05:00","2023","04","08","05:00","-19.3","","-22.0","","79","","0.0","","22","","16","","","","98.58","","","","-29","","NA"
"-75.67","62.18","SALLUIT","7117800","2023-04-08 06:00","2023","04","08","06:00","-17.7","","-20.4","","80","","0.0","","25","","26","","","","98.56","","","","-29","","NA"
"-75.67","62.18","SALLUIT","7117800","2023-04-08 07:00","2023","04","08","07:00","-17.5","","-20.4","","78","","0.0","","25","","21","","","","98.54","","","","-28","","NA"
"-75.67","62.18","SALLUIT","7117800","2023-04-08 08:00","2023","04","08","08:00","-17.6","","-20.8","","76","","0.0","","22","","23","","","","98.49","","","","-28","","NA"
"-75.67","62.18","SALLUIT","7117800","2023-04-08 09:00","2023","04","08","09:00","-16.2","","-19.6","","75","","0.0","","23","","20","","","","98.49","","","","-26","","NA"
"-75.67","62.18","SALLUIT","7117800","2023-04-08 10:00","2023","04","08","10:00","-15.6","","-19.3","","73","","0.0","","25","","31","","","","98.43","","","","-27","","NA"
"-75.67","62.18","SALLUIT","7117800","2023-04-08 11:00","2023","04","08","11:00","-14.9","","-18.6","","73","","0.0","","22","","22","","","","98.44","","","","-24","","NA"
"-75.67","62.18","SALLUIT","7117800","2023-04-08 12:00","2023","04","08","12:00","-14.6","","-18.1","","74","","0.0","","23","","22","","","","98.42","","","","-24","","NA"
"-75.67","62.18","SALLUIT","7117800","2023-04-08 13:00","2023","04","08","13:00","-14.2","","-18.0","","73","","0.0","","26","","32","","","","98.41","","","","-25","","NA"
"-75.67","62.18","SALLUIT","7117800","2023-04-08 14:00","2023","04","08","14:00","-13.5","","-17.2","","74","","0.0","","25","","23","","","","98.40","","","","-23","","NA"
"-75.67","62.18","SALLUIT","7117800","2023-04-08 15:00","2023","04","08","15:00","-13.2","","-16.7","","75","","0.0","","24","","20","","","","98.38","","","","-22","","NA"
"-75.67","62.18","SALLUIT","7117800","2023-04-08 16:00","2023","04","08","16:00","-13.7","","-16.7","","78","","0.0","","25","","22","","","","98.37","","","","-23","","NA"
"-75.67","62.18","SALLUIT","7117800","2023-04-08 17:00","2023","04","08","17:00","-13.6","","-16.4","","79","","0.0","","21","","21","","","","98.36","","","","-23","","NA"
"-75.67","62.18","SALLUIT","7117800","2023-04-08 18:00","2023","04","08","18:00","-14.2","","-16.6","","83","","0.0","","27","","20","","","","98.32","","","","-23","","NA"
"-75.67","62.18","SALLUIT","7117800","2023-04-08 19:00","2023","04","08","19:00","-14.4","","-16.8","","82","","0.0","","23","","11","","","","98.29","","","","-21","","NA"
"-75.67","62.18","SALLUIT","7117800","2023-04-08 20:00","2023","04","08","20:00","-14.1","","-16.8","","80","","0.0","","22","","17","","","","98.25","","","","-22","","NA"
"-75.67","62.18","SALLUIT","7117800","2023-04-08 21:00","2023","04","08","21:00","-14.9","","-17.6","","80","","0.0","","18","","20","","","","98.20","","","","-24","","NA"
"-75.67","62.18","SALLUIT","7117800","2023-04-08 22:00","2023","04","08","22:00","-14.5","","-17.5","","78","","0.0","","17","","22","","","","98.15","","","","-24","","NA"
"-75.67","62.18","SALLUIT","7117800","2023-04-08 23:00","2023","04","08","23:00","-14.2","","-17.0","","79","","0.0","","17","","25","","","","98.12","","","","-24","","NA"
"-75.67","62.18","SALLUIT","7117800","2023-04-09 00:00","2023","04","09","00:00","-13.7","","-16.3","","81","","0.0","","17","","23","","","","98.06","","","","-23","","NA"
"-75.67","62.18","SALLUIT","7117800","2023-04-09 01:00","2023","04","09","01:00","-14.2","","-16.6","","81","","0.0","","17","","22","","","","98.06","","","","-24","","NA"
"-75.67","62.18","SALLUIT","7117800","2023-04-09 02:00","2023","04","09","02:00","-14.2","","-16.5","","83","","0.0","","16","","20","","","","98.03","","","","-23","","NA"
"-75.67","62.18","SALLUIT","7117800","2023-04-09 03:00","2023","04","09","03:00","-13.5","","-16.2","","81","","0.0","","22","","1","","","","97.99","","","","-14","","NA"
"-75.67","62.18","SALLUIT","7117800","2023-04-09 04:00","2023","04","09","04:00","-13.6","","-16.9","","76","","0.0","","15","","25","","","","97.94","","","","-23","","NA"
"-75.67","62.18","SALLUIT","7117800","2023-04-09 05:00","2023","04","09","05:00","-13.0","","-16.8","","73","","0.0","","14","","22","","","","97.91","","","","-22","","NA"
"-75.67","62.18","SALLUIT","7117800","2023-04-09 06:00","2023","04","09","06:00","-13.3","","-16.8","","75","","0.0","","26","","4","","","","97.89","","","","-16","","NA"
"-75.67","62.18","SALLUIT","7117800","2023-04-09 07:00","2023","04","09","07:00","-12.2","","-16.4","","71","","0.0","","15","","18","","","","97.83","","","","-20","","NA"
"-75.67","62.18","SALLUIT","7117800","2023-04-09 08:00","2023","04","09","08:00","-11.3","","-16.8","","64","","0.0","","11","","6","","","","97.82","","","","-15","","NA"
"-75.67","62.18","SALLUIT","7117800","2023-04-09 09:00","2023","04","09","09:00","-13.5","","-18.0","","69","","0.0","","15","","31","","","","97.74","","","","-24","","NA"
"-75.67","62.18","SALLUIT","7117800","2023-04-09 10:00","2023","04","09","10:00","-11.3","","-15.9","","69","","0.0","","17","","21","","","","97.72","","","","-20","","NA"
"-75.67","62.18","SALLUIT","7117800","2023-04-09 11:00","2023","04","09","11:00","-10.4","","-15.5","","66","","0.0","","19","","11","","","","97.65","","","","-16","","NA"
"-75.67","62.18","SALLUIT","7117800","2023-04-09 12:00","2023","04","09","12:00","-9.8","","-14.2","","70","","0.0","","16","","31","","","","97.57","","","","-19","","NA"
"-75.67","62.18","SALLUIT","7117800","2023-04-09 13:00","2023","04","09","13:00","-11.5","","-14.9","","76","","0.0","","13","","54","","","","97.52","","","","-24","","NA"
"-75.67","62.18","SALLUIT","7117800","2023-04-09 14:00","2023","04","09","14:00","-10.3","","-13.5","","77","","0.0","","15","","59","","","","97.38","","","","-23","","NA"
"-75.67","62.18","SALLUIT","7117800","2023-04-09 15:00","2023","04","09","15:00","-8.7","","-11.9","","78","","0.0","","14","","48","","","","97.30","","","","-20","","NA"
"-75.67","62.18","SALLUIT","7117800","2023-04-09 16:00","2023","04","09","16:00","-8.8","","-11.2","","83","","0.0","","15","","47","","","","97.30","","","","-20","","NA"
"-75.67","62.18","SALLUIT","7117800","2023-04-09 17:00","2023","04","09","17:00","-8.4","","-10.6","","85","","0.0","","15","","40","","","","97.28","","","","-19","","NA"
"-75.67","62.18","SALLUIT","7117800","2023-04-09 18:00","2023","04","09","18:00","-8.5","","-10.6","","85","","0.0","","15","","69","","","","97.07","","","","-21","","NA"
"-75.67","62.18","SALLUIT","7117800","2023-04-09 19:00","2023","04","09","19:00","-8.7","","-10.7","","86","","0.0","","16","","72","","","","97.04","","","","-22","","NA"
"-75.67","62.18","SALLUIT","7117800","2023-04-09 20:00","2023","04","09","20:00","-8.8","","-10.8","","86","","0.0","","16","","66","","","","96.99","","","","-21","","NA"
"-75.67","62.18","SALLUIT","7117800","2023-04-09 21:00","2023","04","09","21:00","-8.9","","-11.0","","85","","0.0","","16","","74","","","","96.87","","","","-22","","NA"
"-75.67","62.18","SALLUIT","7117800","2023-04-09 22:00","2023","04","09","22:00","-8.6","","-10.7","","85","","0.0","","16","","74","","","","96.82","","","","-22","","NA"
"-75.67","62.18","SALLUIT","7117800","2023-04-09 23:00","2023","04","09","23:00","-8.7","","-10.8","","85","","0.0","","15","","63","","","","96.78","","","","-21","","NA"
"-75.67","62.18","SALLUIT","7117800","2023-04-10 00:00","2023","04","10","00:00","-8.4","","-10.3","","86","","0.0","","16","","63","","","","96.75","","","","-21","","NA"
"-75.67","62.18","SALLUIT","7117800","2023-04-10 01:00","2023","04","10","01:00","-8.0","","-10.3","","84","","0.0","","16","","45","","","","96.79","","","","-19","","NA"
"-75.67","62.18","SALLUIT","7117800","2023-04-10 02:00","2023","04","10","02:00","-7.8","","-9.9","","85","","0.0","","16","","48","","","","96.71","","","","-19","","NA"
"-75.67","62.18","SALLUIT","7117800","2023-04-10 03:00","2023","04","10","03:00","-7.2","","-9.2","","86","","0.0","","16","","45","","","","96.67","","","","-18","","NA"
"-75.67","62.18","SALLUIT","7117800","2023-04-10 04:00","2023","04","10","04:00","-6.9","","-8.8","","87","","0.0","","16","","47","","","","96.61","","","","-17","","NA"
"-75.67","62.18","SALLUIT","7117800","2023-04-10 05:00","2023","04","10","05:00","-6.7","","-8.4","","88","","0.0","","16","","47","","","","96.55","","","","-17","","NA"
"-75.67","62.18","SALLUIT","7117800","2023-04-10 06:00","2023","04","10","06:00","-6.5","","-8.4","","86","","0.0","","16","","45","","","","96.55","","","","-17","","NA"
"-75.67","62.18","SALLUIT","7117800","2023-04-10 07:00","2023","04","10","07:00","-6.0","","-8.1","","85","","0.0","","16","","36","","","","96.56","","","","-15","","NA"
"-75.67","62.18","SALLUIT","7117800","2023-04-10 08:00","2023","04","10","08:00","-5.1","","-7.1","","86","","0.0","","17","","35","","","","96.53","","","","-14","","NA"
"-75.67","62.18","SALLUIT","7117800","2023-04-10 09:00","2023","04","10","09:00","-4.8","","-7.1","","84","","0.0","","17","","38","","","","96.46","","","","-14","","NA"
"-75.67","62.18","SALLUIT","7117800","2023-04-10 10:00","2023","04","10","10:00","-4.2","","-6.6","","83","","0.0","","18","","42","","","","96.44","","","","-13","","NA"
"-75.67","62.18","SALLUIT","7117800","2023-04-10 11:00","2023","04","10","11:00","-3.6","","-6.1","","83","","0.0","","18","","34","","","","96.48","","","","-12","","NA"
"-75.67","62.18","SALLUIT","7117800","2023-04-10 12:00","2023","04","10","12:00","-3.3","","-5.9","","82","","0.0","","17","","31","","","","96.44","","","","-11","","NA"
"-75.67","62.18","SALLUIT","7117800","2023-04-10 13:00","2023","04","10","13:00","-2.9","","-5.5","","82","","0.0","","20","","28","","","","96.46","","","","-10","","NA"
"-75.67","62.18","SALLUIT","7117800","2023-04-10 14:00","2023","04","10","14:00","-3.5","","-5.6","","85","","0.0","","19","","27","","","","96.45","","","","-11","","NA"
"-75.67","62.18","SALLUIT","7117800","2023-04-10 15:00","2023","04","10","15:00","-3.6","","-5.5","","87","","0.0","","18","","26","","","","96.47","","","","-11","","NA"
"-75.67","62.18","SALLUIT","7117800","2023-04-10 16:00","2023","04","10","16:00","-3.8","","-5.2","","90","","0.0","","17","","34","","","","96.46","","","","-12","","NA"
"-75.67","62.18","SALLUIT","7117800","2023-04-10 17:00","2023","04","10","17:00","-3.9","","-5.0","","92","","0.0","","20","","38","","","","96.44","","","","-12","","NA"
"-75.67","62.18","SALLUIT","7117800","2023-04-10 18:00","2023","04","10","18:00","-4.1","","-5.0","","93","","0.0","","19","","37","","","","96.45","","","","-13","","NA"
"-75.67","62.18","SALLUIT","7117800","2023-04-10 19:00","2023","04","10","19:00","-4.3","","-5.0","","95","","0.0","","19","","39","","","","96.47","","","","-13","","NA"
"-75.67","62.18","SALLUIT","7117800","2023-04-10 20:00","2023","04","10","20:00","-4.4","","-5.0","","95","","0.0","","19","","36","","","","96.47","","","","-13","","NA"
"-75.67","62.18","SALLUIT","7117800","2023-04-10 21:00","2023","04","10","21:00","-4.8","","-5.6","","94","","0.0","","22","","30","","","","96.49","","","","-13","","NA"
"-75.67","62.18","SALLUIT","7117800","2023-04-10 22:00","2023","04","10","22:00","-4.9","","-6.1","","91","","0.0","","20","","31","","","","96.45","","","","-13","","NA"
"-75.67","62.18","SALLUIT","7117800","2023-04-10 23:00","2023","04","10","23:00","-5.1","","-6.3","","91","","0.0","","20","","29","","","","96.45","","","","-13","","NA"
"-75.67","62.18","SALLUIT","7117800","2023-04-11 00:00","2023","04","11","00:00","-5.9","","-6.9","","93","","0.0","","26","","19","","","","96.47","","","","-13","","NA"
"-75.67","62.18","SALLUIT","7117800","2023-04-11 01:00","2023","04","11","01:00","-6.8","","-7.6","","94","","0.0","","27","","22","","","","96.48","","","","-14","","NA"
"-75.67","62.18","SALLUIT","7117800","2023-04-11 02:00","2023","04","11","02:00","-7.3","","-8.1","","94","","0.0","","21","","18","","","","96.45","","","","-14","","NA"
"-75.67","62.18","SALLUIT","7117800","2023-04-11 03:00","2023","04","11","03:00","-7.6","","-8.5","","94","","0.0","","21","","21","","","","96.45","","","","-15","","NA"
"-75.67","62.18","SALLUIT","7117800","2023-04-11 04:00","2023","04","11","04:00","-7.9","","-8.9","","93","","0.0","","21","","23","","","","96.45","","","","-16","","NA"
"-75.67","62.18","SALLUIT","7117800","2023-04-11 05:00","2023","04","11","05:00","-8.6","","-9.7","","92","","0.0","","21","","29","","","","96.46","","","","-18","","NA"
"-75.67","62.18","SALLUIT","7117800","2023-04-11 06:00","2023","04","11","06:00","-8.7","","-9.8","","91","","0.0","","21","","22","","","","96.48","","","","-17","","NA"
"-75.67","62.18","SALLUIT","7117800","2023-04-11 07:00","2023","04","11","07:00","-9.1","","-10.5","","89","","0.0","","19","","25","","","","96.50","","","","-18","","NA"
"-75.67","62.18","SALLUIT","7117800","2023-04-11 08:00","2023","04","11","08:00","-9.2","","-10.6","","89","","0.0","","21","","22","","","","96.51","","","","-17","","NA"
"-75.67","62.18","SALLUIT","7117800","2023-04-11 09:00","2023","04","11","09:00","-9.1","","-10.6","","89","","0.0","","21","","18","","","","96.52","","","","-16","","NA"
"-75.67","62.18","SALLUIT","7117800","2023-04-11 10:00","2023","04","11","10:00","-9.0","","-10.6","","88","","0.0","","20","","17","","","","96.52","","","","-16","","NA"
"-75.67","62.18","SALLUIT","7117800","2023-04-11 11:00","2023","04","11","11:00","-8.9","","-10.6","","88","","0.0","","21","","16","","","","96.54","","","","-16","","NA"
"-75.67","62.18","SALLUIT","7117800","2023-04-11 12:00","2023","04","11","12:00","-8.8","","-10.6","","87","","0.0","","22","","14","","","","96.57","","","","-15","","NA"
"-75.67","62.18","SALLUIT","7117800","2023-04-11 13:00","2023","04","11","13:00","-8.7","","-10.4","","87","","0.0","","25","","10","","","","96.61","","","","-14","","NA"
"-75.67","62.18","SALLUIT","7117800","2023-04-11 14:00","2023","04","11","14:00","-8.6","","-10.4","","87","","0.0","","26","","9","","","","96.65","","","","-13","","NA"
"-75.67","62.18","SALLUIT","7117800","2023-04-11 15:00","2023","04","11","15:00","-8.7","","-10.4","","88","","0.0","","26","","13","","","","96.69","","","","-15","","NA"
"-75.67","62.18","SALLUIT","7117800","2023-04-11 16:00","2023","04","11","16:00","-8.8","","-10.4","","88","","0.0","","25","","9","","","","96.75","","","","-13","","NA"
"-75.67","62.18","SALLUIT","7117800","2023-04-11 17:00","2023","04","11","17:00","-8.9","","-10.3","","89","","0.0","","24","","10","","","","96.79","","","","-14","","NA"
"-75.67","62.18","SALLUIT","7117800","2023-04-11 18:00","2023","04","11","18:00","-9.1","","-10.3","","90","","0.0","","24","","8","","","","96.84","","","","-13","","NA"
"-75.67","62.18","SALLUIT","7117800","2023-04-11 19:00","2023","04","11","19:00","-9.1","","-10.3","","91","","0.3","","23","","5","","","","96.87","","","","-12","","NA"
"-75.67","62.18","SALLUIT","7117800","2023-04-11 20:00","2023","04","11","20:00","-9.0","","-10.3","","91","","0.0","","25","","6","","","","96.91","","","","-12","","NA"
"-75.67","62.18","SALLUIT","7117800","2023-04-11 21:00","2023","04","11","21:00","-8.9","","-10.1","","91","","0.3","","23","","4","","","","96.94","","","","-11","","NA"
"-75.67","62.18","SALLUIT","7117800","2023-04-11 22:00","2023","04","11","22:00","-8.8","","-10.0","","91","","0.0","","25","","2","","","","96.96","","","","-10","","NA"
"-75.67","62.18","SALLUIT","7117800","2023-04-11 23:00","2023","04","11","23:00","-8.6","","-9.7","","91","","0.5","","22","","2","","","","96.98","","","","-10","","NA"
"-75.67","62.18","SALLUIT","7117800","2023-04-12 00:00","2023","04","12","00:00","-8.4","","-9.5","","92","","0.0","","19","","3","","","","97.00","","","","-10","","NA"
"-75.67","62.18","SALLUIT","7117800","2023-04-12 01:00","2023","04","12","01:00","-8.4","","-9.6","","92","","0.0","","26","","2","","","","97.02","","","","-9","","NA"
"-75.67","62.18","SALLUIT","7117800","2023-04-12 02:00","2023","04","12","02:00","-8.9","","-10.1","","91","","0.0","","24","","6","","","","97.03","","","","-12","","NA"
"-75.67","62.18","SALLUIT","7117800","2023-04-12 03:00","2023","04","12","03:00","-8.6","","-9.7","","91","","0.0","","24","","4","","","","97.07","","","","-11","","NA"
"-75.67","62.18","SALLUIT","7117800","2023-04-12 04:00","2023","04","12","04:00","-8.4","","-9.6","","91","","0.2","","24","","3","","","","97.10","","","","-10","","NA"
"-75.67","62.18","SALLUIT","7117800","2023-04-12 05:00","2023","04","12","05:00","-7.7","","-8.7","","93","","0.0","","32","","6","","","","97.16","","","","-11","","NA"
"-75.67","62.18","SALLUIT","7117800","2023-04-12 06:00","2023","04","12","06:00","-7.4","","-8.3","","93","","0.0","","35","","11","","","","97.20","","","","-12","","NA"
"-75.67","62.18","SALLUIT","7117800","2023-04-12 07:00","2023","04","12","07:00","-7.4","","-8.5","","92","","0.0","","36","","12","","","","97.23","","","","-13","","NA"
"-75.67","62.18","SALLUIT","7117800","2023-04-12 08:00","2023","04","12","08:00","-7.0","","-8.2","","91","","0.3","","1","","15","","","","97.27","","","","-13","","NA"
"-75.67","62.18","SALLUIT","7117800","2023-04-12 09:00","2023","04","12","09:00","-6.8","","-8.3","","90","","0.5","","36","","21","","","","97.26","","","","-14","","NA"
"-75.67","62.18","SALLUIT","7117800","2023-04-12 10:00","2023","04","12","10:00","-7.1","","-8.7","","89","","0.3","","35","","19","","","","97.30","","","","-14","","NA"
"-75.67","62.18","SALLUIT","7117800","2023-04-12 11:00","2023","04","12","11:00","-7.0","","-8.6","","89","","0.0","","34","","17","","","","97.34","","","","-13","","NA"
"-75.67","62.18","SALLUIT","7117800","2023-04-12 12:00","2023","04","12","12:00","-7.0","","-8.7","","88","","0.0","","34","","16","","","","97.36","","","","-13","","NA"
"-75.67","62.18","SALLUIT","7117800","2023-04-12 13:00","2023","04","12","13:00","-7.0","","-8.5","","89","","0.0","","34","","14","","","","97.41","","","","-13","","NA"
"-75.67","62.18","SALLUIT","7117800","2023-04-12 14:00","2023","04","12","14:00","-7.1","","-8.6","","89","","0.0","","33","","15","","","","97.45","","","","-13","","NA"
"-75.67","62.18","SALLUIT","7117800","2023-04-12 15:00","2023","04","12","15:00","-6.9","","-8.3","","90","","0.0","","33","","11","","","","97.48","","","","-12","","NA"
"-75.67","62.18","SALLUIT","7117800","2023-04-12 16:00","2023","04","12","16:00","-6.7","","-8.0","","91","","0.0","","33","","6","","","","97.51","","","","-10","","NA"
"-75.67","62.18","SALLUIT","7117800","2023-04-12 17:00","2023","04","12","17:00","-6.7","","-7.8","","92","","0.0","","1","","7","","","","97.50","","","","-10","","NA"
"-75.67","62.18","SALLUIT","7117800","2023-04-12 18:00","2023","04","12","18:00","-7.0","","-8.1","","92","","0.0","","7","","7","","","","97.53","","","","-11","","NA"
"-75.67","62.18","SALLUIT","7117800","2023-04-12 19:00","2023","04","12","19:00","-7.1","","-8.1","","93","","0.0","","8","","6","","","","97.54","","","","-10","","NA"
"-75.67","62.18","SALLUIT","7117800","2023-04-12 20:00","2023","04","12","20:00","-7.1","","-8.1","","93","","0.0","","8","","5","","","","97.56","","","","-10","","NA"
"-75.67","62.18","SALLUIT","7117800","2023-04-12 21:00","2023","04","12","21:00","-7.3","","-8.2","","93","","0.0","","11","","4","","","","97.57","","","","-9","","NA"
"-75.67","62.18","SALLUIT","7117800","2023-04-12 22:00","2023","04","12","22:00","-7.3","","-8.3","","93","","0.0","","","","0","","","","97.58","","","","","","NA"
"-75.67","62.18","SALLUIT","7117800","2023-04-12 23:00","2023","04","12","23:00","-7.4","","-8.3","","93","","0.0","","13","","1","","","","97.59","","","","-8","","NA"
"-75.67","62.18","SALLUIT","7117800","2023-04-13 00:00","2023","04","13","00:00","-7.4","","-8.4","","93","","0.0","","11","","6","","","","97.58","","","","-11","","NA"
"-75.67","62.18","SALLUIT","7117800","2023-04-13 01:00","2023","04","13","01:00","-7.3","","-8.2","","93","","0.0","","10","","5","","","","97.56","","","","-10","","NA"
"-75.67","62.18","SALLUIT","7117800","2023-04-13 02:00","2023","04","13","02:00","-7.3","","-8.3","","93","","0.0","","26","","1","","","","97.57","","","","-8","","NA"
"-75.67","62.18","SALLUIT","7117800","2023-04-13 03:00","2023","04","13","03:00","-7.4","","-8.4","","93","","0.0","","","","0","","","","97.56","","","","","","NA"
"-75.67","62.18","SALLUIT","7117800","2023-04-13 04:00","2023","04","13","04:00","-7.4","","-8.4","","93","","0.0","","36","","2","","","","97.57","","","","-8","","NA"
"-75.67","62.18","SALLUIT","7117800","2023-04-13 05:00","2023","04","13","05:00","-7.6","","-8.7","","92","","0.0","","7","","3","","","","97.56","","","","-9","","NA"
"-75.67","62.18","SALLUIT","7117800","2023-04-13 06:00","2023","04","13","06:00","-7.7","","-8.9","","92","","0.0","","4","","5","","","","97.58","","","","-10","","NA"
"-75.67","62.18","SALLUIT","7117800","2023-04-13 07:00","2023","04","13","07:00","-7.4","","-8.6","","91","","0.4","","1","","6","","","","97.60","","","","-11","","NA"
"-75.67","62.18","SALLUIT","7117800","2023-04-13 08:00","2023","04","13","08:00","-7.3","","-8.7","","90","","0.0","","1","","4","","","","97.61","","","","-9","","NA"
"-75.67","62.18","SALLUIT","7117800","2023-04-13 09:00","2023","04","13","09:00","-7.5","","-9.0","","89","","0.0","","1","","10","","","","97.61","","","","-12","","NA"
"-75.67","62.18","SALLUIT","7117800","2023-04-13 10:00","2023","04","13","10:00","-7.4","","-9.0","","88","","0.0","","2","","7","","","","97.62","","","","-11","","NA"
"-75.67","62.18","SALLUIT","7117800","2023-04-13 11:00","2023","04","13","11:00","-7.2","","-8.9","","88","","0.0","","1","","15","","","","97.64","","","","-13","","NA"
"-75.67","62.18","SALLUIT","7117800","2023-04-13 12:00","2023","04","13","12:00","-7.1","","-9.0","","86","","0.0","","3","","12","","","","97.66","","","","-12","","NA"
"-75.67","62.18","SALLUIT","7117800","2023-04-13 13:00","2023","04","13","13:00","-7.1","","-9.0","","86","","0.0","","2","","15","","","","97.71","","","","-13","","NA"
"-75.67","62.18","SALLUIT","7117800","2023-04-13 14:00","2023","04","13","14:00","-7.1","","-9.0","","86","","0.0","","2","","14","","","","97.74","","","","-13","","NA"
"-75.67","62.18","SALLUIT","7117800","2023-04-13 15:00","2023","04","13","15:00","-7.2","","-8.9","","87","","0.0","","2","","15","","","","97.78","","","","-13","","NA"
"-75.67","62.18","SALLUIT","7117800","2023-04-13 16:00","2023","04","13","16:00","-7.3","","-8.9","","88","","0.0","","3","","17","","","","97.83","","","","-14","","NA"
"-75.67","62.18","SALLUIT","7117800","2023-04-13 17:00","2023","04","13","17:00","-7.4","","-8.8","","90","","0.0","","3","","15","","","","97.91","","","","-14","","NA"
"-75.67","62.18","SALLUIT","7117800","2023-04-13 18:00","2023","04","13","18:00","-7.4","","-8.6","","91","","0.0","","5","","14","","","","97.96","","","","-13","","NA"
"-75.67","62.18","SALLUIT","7117800","2023-04-13 19:00","2023","04","13","19:00","-8.2","","-9.3","","92","","0.0","","6","","7","","","","98.03","","","","-12","","NA"
"-75.67","62.18","SALLUIT","7117800","2023-04-13 20:00","2023","04","13","20:00","-8.5","","-9.8","","90","","0.0","","8","","4","","","","98.10","","","","-11","","NA"
"-75.67","62.18","SALLUIT","7117800","2023-04-13 21:00","2023","04","13","21:00","-7.7","","-8.9","","92","","0.0","","2","","5","","","","98.15","","","","-10","","NA"
"-75.67","62.18","SALLUIT","7117800","2023-04-13 22:00","2023","04","13","22:00","-7.8","","-8.6","","94","","0.0","","4","","8","","","","98.19","","","","-12","","NA"
"-75.67","62.18","SALLUIT","7117800","2023-04-13 23:00","2023","04","13","23:00","-7.9","","-9.1","","91","","0.0","","5","","9","","","","98.23","","","","-12","","NA"
"-75.67","62.18","SALLUIT","7117800","2023-04-14 00:00","2023","04","14","00:00","-8.0","","-9.3","","90","","0.0","","4","","8","","","","98.30","","","","-12","","NA"
"-75.67","62.18","SALLUIT","7117800","2023-04-14 01:00","2023","04","14","01:00","-7.9","","-9.2","","91","","0.0","","36","","5","","","","98.38","","","","-11","","NA"
"-75.67","62.18","SALLUIT","7117800","2023-04-14 02:00","2023","04","14","02:00","-8.1","","-9.3","","92","","0.0","","32","","5","","","","98.43","","","","-11","","NA"
"-75.67","62.18","SALLUIT","7117800","2023-04-14 03:00","2023","04","14","03:00","-8.3","","-9.5","","91","","0.0","","34","","7","","","","98.50","","","","-12","","NA"
"-75.67","62.18","SALLUIT","7117800","2023-04-14 04:00","2023","04","14","04:00","-8.4","","-9.6","","91","","0.0","","36","","6","","","","98.56","","","","-12","","NA"
"-75.67","62.18","SALLUIT","7117800","2023-04-14 05:00","2023","04","14","05:00","-8.5","","-9.7","","91","","0.0","","1","","8","","","","98.63","","","","-13","","NA"
"-75.67","62.18","SALLUIT","7117800","2023-04-14 06:00","2023","04","14","06:00","-8.7","","-9.9","","90","","0.0","","6","","5","","","","98.68","","","","-11","","NA"
"-75.67","62.18","SALLUIT","7117800","2023-04-14 07:00","2023","04","14","07:00","-8.4","","-9.9","","89","","0.0","","8","","6","","","","98.72","","","","-12","","NA"
"-75.67","62.18","SALLUIT","7117800","2023-04-14 08:00","2023","04","14","08:00","-7.8","","-9.7","","86","","0.0","","6","","4","","","","98.79","","","","-10","","NA"
"-75.67","62.18","SALLUIT","7117800","2023-04-14 09:00","2023","04","14","09:00","-7.4","","-10.1","","82","","0.0","","7","","4","","","","98.83","","","","-9","","NA"
"-75.67","62.18","SALLUIT","7117800","2023-04-14 10:00","2023","04","14","10:00","-6.3","","-9.7","","77","","0.0","","34","","2","","","","98.87","","","","-7","","NA"
"-75.67","62.18","SALLUIT","7117800","2023-04-14 11:00","2023","04","14","11:00","-5.8","","-9.6","","74","","0.0","","31","","2","","","","98.89","","","","-7","","NA"
"-75.67","62.18","SALLUIT","7117800","2023-04-14 12:00","2023","04","14","12:00","-6.3","","-10.5","","72","","0.0","","31","","4","","","","98.93","","","","-8","","NA"
"-75.67","62.18","SALLUIT","7117800","2023-04-14 13:00","2023","04","14","13:00","-5.9","","-10.2","","72","","0.0","","30","","3","","","","98.97","","","","-7","","NA"
"-75.67","62.18","SALLUIT","7117800","2023-04-14 14:00","2023","04","14","14:00","-6.4","","-9.8","","77","","0.0","","32","","6","","","","99.00","","","","-9","","NA"
"-75.67","62.18","SALLUIT","7117800","2023-04-14 15:00","2023","04","14","15:00","-6.3","","-9.8","","77","","0.0","","35","","5","","","","99.05","","","","-9","","NA"
"-75.67","62.18","SALLUIT","7117800","2023-04-14 16:00","2023","04","14","16:00","-6.4","","-9.5","","79","","0.0","","34","","5","","","","99.09","","","","-9","","NA"
"-75.67","62.18","SALLUIT","7117800","2023-04-14 17:00","2023","04","14","17:00","-6.1","","-9.4","","77","","0.0","","35","","3","","","","99.11","","","","-8","","NA"
"-75.67","62.18","SALLUIT","7117800","2023-04-14 18:00","2023","04","14","18:00","-7.1","","-9.3","","84","","0.0","","28","","8","","","","99.13","","","","-11","","NA"
"-75.67","62.18","SALLUIT","7117800","2023-04-14 19:00","2023","04","14","19:00","-7.7","","-9.3","","88","","0.0","","26","","15","","","","99.18","","","","-14","","NA"
"-75.67","62.18","SALLUIT","7117800","2023-04-14 20:00","2023","04","14","20:00","-8.0","","-9.3","","90","","0.0","","25","","10","","","","99.22","","","","-13","","NA"
"-75.67","62.18","SALLUIT","7117800","2023-04-14 21:00","2023","04","14","21:00","-8.2","","-9.5","","90","","0.0","","25","","13","","","","99.24","","","","-14","","NA"
"-75.67","62.18","SALLUIT","7117800","2023-04-14 22:00","2023","04","14","22:00","-8.0","","-9.7","","88","","0.0","","27","","13","","","","99.27","","","","-14","","NA"
"-75.67","62.18","SALLUIT","7117800","2023-04-14 23:00","2023","04","14","23:00","-8.7","","-9.9","","91","","0.0","","26","","19","","","","99.28","","","","-16","","NA"
"-75.67","62.18","SALLUIT","7117800","2023-04-15 00:00","2023","04","15","00:00","-9.1","","-10.4","","90","","0.0","","26","","19","","","","99.31","","","","-17","","NA"
"-75.67","62.18","SALLUIT","7117800","2023-04-15 01:00","2023","04","15","01:00","-9.4","","-10.7","","91","","0.0","","26","","18","","","","99.33","","","","-17","","NA"
"-75.67","62.18","SALLUIT","7117800","2023-04-15 02:00","2023","04","15","02:00","-9.6","","-10.9","","90","","0.0","","26","","15","","","","99.35","","","","-16","","NA"
"-75.67","62.18","SALLUIT","7117800","2023-04-15 03:00","2023","04","15","03:00","-10.5","","-11.8","","90","","0.0","","26","","15","","","","99.38","","","","-17","","NA"
"-75.67","62.18","SALLUIT","7117800","2023-04-15 04:00","2023","04","15","04:00","-12.4","","-14.5","","84","","0.0","","27","","14","","","","99.41","","","","-19","","NA"
"-75.67","62.18","SALLUIT","7117800","2023-04-15 05:00","2023","04","15","05:00","-13.2","","-14.7","","88","","0.0","","25","","6","","","","99.44","","","","-17","","NA"
"-75.67","62.18","SALLUIT","7117800","2023-04-15 06:00","2023","04","15","06:00","-12.4","","-14.2","","87","","0.0","","25","","3","","","","99.46","","","","-14","","NA"
"-75.67","62.18","SALLUIT","7117800","2023-04-15 07:00","2023","04","15","07:00","-12.3","","-14.4","","84","","0.0","","22","","3","","","","99.48","","","","-14","","NA"
"-75.67","62.18","SALLUIT","7117800","2023-04-15 08:00","2023","04","15","08:00","-11.8","","-14.6","","80","","0.0","","20","","6","","","","99.47","","","","-16","","NA"
"-75.67","62.18","SALLUIT","7117800","2023-04-15 09:00","2023","04","15","09:00","-11.7","","-15.0","","77","","0.0","","24","","6","","","","99.50","","","","-15","","NA"
"-75.67","62.18","SALLUIT","7117800","2023-04-15 10:00","2023","04","15","10:00","-12.0","","-15.8","","74","","0.0","","26","","9","","","","99.50","","","","-17","","NA"
"-75.67","62.18","SALLUIT","7117800","2023-04-15 11:00","2023","04","15","11:00","-10.7","","-14.5","","74","","0.0","","20","","9","","","","99.52","","","","-16","","NA"
"-75.67","62.18","SALLUIT","7117800","2023-04-15 12:00","2023","04","15","12:00","-10.8","","-14.2","","76","","0.0","","23","","12","","","","99.52","","","","-17","","NA"
"-75.67","62.18","SALLUIT","7117800","2023-04-15 13:00","2023","04","15","13:00","-10.3","","-14.2","","73","","0.0","","23","","5","","","","99.53","","","","-13","","NA"
"-75.67","62.18","SALLUIT","7117800","2023-04-15 14:00","2023","04","15","14:00","-9.9","","-14.4","","69","","0.0","","30","","4","","","","99.54","","","","-12","","NA"
"-75.67","62.18","SALLUIT","7117800","2023-04-15 15:00","2023","04","15","15:00","-11.1","","-14.4","","77","","0.0","","35","","9","","","","99.55","","","","-16","","NA"
"-75.67","62.18","SALLUIT","7117800","2023-04-15 16:00","2023","04","15","16:00","-11.6","","-14.2","","81","","0.0","","33","","12","","","","99.59","","","","-18","","NA"
"-75.67","62.18","SALLUIT","7117800","2023-04-15 17:00","2023","04","15","17:00","-11.3","","-14.2","","79","","0.0","","33","","9","","","","99.62","","","","-16","","NA"
"-75.67","62.18","SALLUIT","7117800","2023-04-15 18:00","2023","04","15","18:00","-11.6","","-13.8","","84","","0.0","","33","","7","","","","99.61","","","","-16","","NA"
"-75.67","62.18","SALLUIT","7117800","2023-04-15 19:00","2023","04","15","19:00","-12.0","","-13.3","","89","","0.0","","33","","13","","","","99.63","","","","-19","","NA"
"-75.67","62.18","SALLUIT","7117800","2023-04-15 20:00","2023","04","15","20:00","-12.8","","-14.3","","89","","0.0","","31","","7","","","","99.65","","","","-17","","NA"
"-75.67","62.18","SALLUIT","7117800","2023-04-15 21:00","2023","04","15","21:00","-12.9","","-14.3","","89","","0.0","","32","","7","","","","99.67","","","","-17","","NA"
"-75.67","62.18","SALLUIT","7117800","2023-04-15 22:00","2023","04","15","22:00","-13.2","","-14.8","","87","","0.0","","30","","6","","","","99.66","","","","-17","","NA"
"-75.67","62.18","SALLUIT","7117800","2023-04-15 23:00","2023","04","15","23:00","-13.8","","-15.3","","88","","0.0","","10","","1","","","","99.64","","","","-14","","NA"
"-75.67","62.18","SALLUIT","7117800","2023-04-16 00:00","2023","04","16","00:00","-14.1","","-15.9","","86","","0.0","","5","","7","","","","99.63","","","","-19","","NA"
"-75.67","62.18","SALLUIT","7117800","2023-04-16 01:00","2023","04","16","01:00","-14.8","","-16.6","","86","","0.0","","8","","3","","","","99.67","","","","-17","","NA"
"-75.67","62.18","SALLUIT","7117800","2023-04-16 02:00","2023","04","16","02:00","-15.5","","-17.4","","86","","0.0","","16","","5","","","","99.67","","","","-19","","NA"
"-75.67","62.18","SALLUIT","7117800","2023-04-16 03:00","2023","04","16","03:00","-16.3","","-18.2","","85","","0.0","","10","","4","","","","99.68","","","","-19","","NA"
"-75.67","62.18","SALLUIT","7117800","2023-04-16 04:00","2023","04","16","04:00","-15.9","","-17.8","","86","","0.0","","8","","3","","","","99.68","","","","-18","","NA"
"-75.67","62.18","SALLUIT","7117800","2023-04-16 05:00","2023","04","16","05:00","-16.8","","-18.6","","86","","0.0","","22","","3","","","","99.70","","","","-19","","NA"
"-75.67","62.18","SALLUIT","7117800","2023-04-16 06:00","2023","04","16","06:00","-16.4","","-18.6","","83","","0.0","","1","","5","","","","99.72","","","","-20","","NA"
"-75.67","62.18","SALLUIT","7117800","2023-04-16 07:00","2023","04","16","07:00","-15.4","","-17.7","","82","","0.0","","7","","3","","","","99.71","","","","-18","","NA"
"-75.67","62.18","SALLUIT","7117800","2023-04-16 08:00","2023","04","16","08:00","-15.0","","-17.5","","81","","0.0","","5","","3","","","","99.72","","","","-17","","NA"
"-75.67","62.18","SALLUIT","7117800","2023-04-16 09:00","2023","04","16","09:00","-14.2","","-17.0","","79","","0.0","","8","","3","","","","99.71","","","","-16","","NA"
"-75.67","62.18","SALLUIT","7117800","2023-04-16 10:00","2023","04","16","10:00","-14.0","","-17.5","","75","","0.0","","30","","2","","","","99.68","","","","-15","","NA"
"-75.67","62.18","SALLUIT","7117800","2023-04-16 11:00","2023","04","16","11:00","-13.2","","-16.9","","73","","0.0","","3","","4","","","","99.67","","","","-16","","NA"
"-75.67","62.18","SALLUIT","7117800","2023-04-16 12:00","2023","04","16","12:00","-12.6","","-17.9","","64","","0.0","","30","","3","","","","99.68","","","","-15","","NA"
"-75.67","62.18","SALLUIT","7117800","2023-04-16 13:00","2023","04","16","13:00","-13.1","","-16.4","","76","","0.0","","1","","10","","","","99.67","","","","-19","","NA"
"-75.67","62.18","SALLUIT","7117800","2023-04-16 14:00","2023","04","16","14:00","-12.9","","-16.4","","75","","0.0","","2","","4","","","","99.69","","","","-16","","NA"
"-75.67","62.18","SALLUIT","7117800","2023-04-16 15:00","2023","04","16","15:00","-12.5","","-16.5","","72","","0.0","","23","","3","","","","99.68","","","","-14","","NA"
"-75.67","62.18","SALLUIT","7117800","2023-04-16 16:00","2023","04","16","16:00","-12.1","","-17.1","","66","","0.0","","0","","1","","","","99.65","","","","-13","","NA"
"-75.67","62.18","SALLUIT","7117800","2023-04-16 17:00","2023","04","16","17:00","-13.2","","-15.7","","82","","0.0","","2","","10","","","","99.63","","","","-19","","NA"
"-75.67","62.18","SALLUIT","7117800","2023-04-16 18:00","2023","04","16","18:00","-13.3","","-15.0","","87","","0.0","","3","","9","","","","99.63","","","","-19","","NA"
"-75.67","62.18","SALLUIT","7117800","2023-04-16 19:00","2023","04","16","19:00","-13.3","","-14.8","","88","","0.0","","1","","13","","","","99.64","","","","-20","","NA"
"-75.67","62.18","SALLUIT","7117800","2023-04-16 20:00","2023","04","16","20:00","-13.7","","-15.3","","88","","0.0","","1","","13","","","","99.65","","","","-21","","NA"
"-75.67","62.18","SALLUIT","7117800","2023-04-16 21:00","2023","04","16","21:00","-14.4","","-16.0","","88","","0.0","","3","","9","","","","99.64","","","","-20","","NA"
"-75.67","62.18","SALLUIT","7117800","2023-04-16 22:00","2023","04","16","22:00","-14.5","","-16.1","","87","","0.0","","33","","5","","","","99.67","","","","-18","","NA"
"-75.67","62.18","SALLUIT","7117800","2023-04-16 23:00","2023","04","16","23:00","-14.7","","-16.4","","87","","0.0","","35","","7","","","","99.65","","","","-19","","NA"
"-75.67","62.18","SALLUIT","7117800","2023-04-17 00:00","2023","04","17","00:00","-15.3","","-17.1","","86","","0.0","","36","","9","","","","99.59","","","","-21","","NA"
"-75.67","62.18","SALLUIT","7117800","2023-04-17 01:00","2023","04","17","01:00","-15.3","","-17.0","","87","","0.0","","1","","12","","","","99.55","","","","-22","","NA"
"-75.67","62.18","SALLUIT","7117800","2023-04-17 02:00","2023","04","17","02:00","-15.3","","-17.1","","86","","0.0","","3","","10","","","","99.53","","","","-22","","NA"
"-75.67","62.18","SALLUIT","7117800","2023-04-17 03:00","2023","04","17","03:00","-15.1","","-16.9","","86","","0.0","","2","","13","","","","99.52","","","","-22","","NA"
"-75.67","62.18","SALLUIT","7117800","2023-04-17 04:00","2023","04","17","04:00","-15.2","","-17.0","","86","","0.0","","2","","13","","","","99.52","","","","-23","","NA"
"-75.67","62.18","SALLUIT","7117800","2023-04-17 05:00","2023","04","17","05:00","-16.3","","-18.2","","85","","0.0","","3","","10","","","","99.54","","","","-23","","NA"
"-75.67","62.18","SALLUIT","7117800","2023-04-17 06:00","2023","04","17","06:00","-16.3","","-18.3","","84","","0.0","","3","","11","","","","99.54","","","","-23","","NA"
"-75.67","62.18","SALLUIT","7117800","2023-04-17 07:00","2023","04","17","07:00","-15.8","","-17.9","","84","","0.0","","3","","8","","","","99.52","","","","-21","","NA"
"-75.67","62.18","SALLUIT","7117800","2023-04-17 08:00","2023","04","17","08:00","-15.4","","-17.6","","83","","0.0","","3","","13","","","","99.48","","","","-23","","NA"
"-75.67","62.18","SALLUIT","7117800","2023-04-17 09:00","2023","04","17","09:00","-15.1","","-17.5","","82","","0.0","","3","","12","","","","99.49","","","","-22","","NA"
"-75.67","62.18","SALLUIT","7117800","2023-04-17 10:00","2023","04","17","10:00","-14.8","","-17.4","","80","","0.0","","3","","13","","","","99.45","","","","-22","","NA"
"-75.67","62.18","SALLUIT","7117800","2023-04-17 11:00","2023","04","17","11:00","-14.3","","-17.0","","80","","0.0","","2","","12","","","","99.41","","","","-21","","NA"
"-75.67","62.18","SALLUIT","7117800","2023-04-17 12:00","2023","04","17","12:00","-14.0","","-16.8","","79","","0.0","","2","","14","","","","99.36","","","","-21","","NA"
"-75.67","62.18","SALLUIT","7117800","2023-04-17 13:00","2023","04","17","13:00","-14.1","","-16.8","","80","","0.0","","4","","16","","","","99.34","","","","-22","","NA"
"-75.67","62.18","SALLUIT","7117800","2023-04-17 14:00","2023","04","17","14:00","-13.8","","-16.3","","82","","0.0","","4","","20","","","","99.31","","","","-23","","NA"
"-75.67","62.18","SALLUIT","7117800","2023-04-17 15:00","2023","04","17","15:00","-13.5","","-15.9","","82","","0.0","","4","","20","","","","99.29","","","","-22","","NA"
"-75.67","62.18","SALLUIT","7117800","2023-04-17 16:00","2023","04","17","16:00","-13.3","","-15.4","","84","","0.0","","4","","18","","","","99.29","","","","-22","","NA"
"-75.67","62.18","SALLUIT","7117800","2023-04-17 17:00","2023","04","17","17:00","-13.6","","-15.7","","84","","0.0","","4","","22","","","","99.27","","","","-23","","NA"
"-75.67","62.18","SALLUIT","7117800","2023-04-17 18:00","2023","04","17","18:00","-13.7","","-15.6","","86","","0.0","","4","","20","","","","99.29","","","","-23","","NA"
"-75.67","62.18","SALLUIT","7117800","2023-04-17 19:00","2023","04","17","19:00","-13.8","","-15.6","","86","","0.0","","4","","21","","","","99.28","","","","-23","","NA"
"-75.67","62.18","SALLUIT","7117800","2023-04-17 20:00","2023","04","17","20:00","-13.9","","-15.6","","87","","0.0","","3","","25","","","","99.26","","","","-24","","NA"
"-75.67","62.18","SALLUIT","7117800","2023-04-17 21:00","2023","04","17","21:00","-14.0","","-15.7","","87","","0.0","","3","","22","","","","99.27","","","","-23","","NA"
"-75.67","62.18","SALLUIT","7117800","2023-04-17 22:00","2023","04","17","22:00","-14.0","","-15.7","","87","","0.0","","3","","23","","","","99.22","","","","-24","","NA"
"-75.67","62.18","SALLUIT","7117800","2023-04-17 23:00","2023","04","17","23:00","-14.0","","-15.7","","87","","0.0","","2","","20","","","","99.21","","","","-23","","NA"
"-75.67","62.18","SALLUIT","7117800","2023-04-18 00:00","2023","04","18","00:00","-14.0","","-15.6","","87","","0.0","","3","","20","","","","99.19","","","","-23","","NA"
"-75.67","62.18","SALLUIT","7117800","2023-04-18 01:00","2023","04","18","01:00","-14.3","","-16.0","","87","","0.0","","4","","20","","","","99.17","","","","-23","","NA"
"-75.67","62.18","SALLUIT","7117800","2023-04-18 02:00","2023","04","18","02:00","-14.5","","-16.3","","87","","0.0","","3","","21","","","","99.15","","","","-24","","NA"
"-75.67","62.18","SALLUIT","7117800","2023-04-18 03:00","2023","04","18","03:00","-14.6","","-16.3","","87","","0.0","","4","","22","","","","99.14","","","","-24","","NA"
"-75.67","62.18","SALLUIT","7117800","2023-04-18 04:00","2023","04","18","04:00","-14.3","","-16.0","","87","","0.0","","4","","21","","","","99.13","","","","-24","","NA"
"-75.67","62.18","SALLUIT","7117800","2023-04-18 05:00","2023","04","18","05:00","-14.1","","-15.9","","87","","0.0","","3","","19","","","","99.12","","","","-23","","NA"
"-75.67","62.18","SALLUIT","7117800","2023-04-18 06:00","2023","04","18","06:00","-14.1","","-15.9","","86","","0.0","","3","","26","","","","99.12","","","","-24","","NA"
"-75.67","62.18","SALLUIT","7117800","2023-04-18 07:00","2023","04","18","07:00","-14.1","","-16.1","","85","","0.0","","3","","26","","","","99.13","","","","-24","","NA"
"-75.67","62.18","SALLUIT","7117800","2023-04-18 08:00","2023","04","18","08:00","-14.2","","-16.2","","85","","0.0","","3","","27","","","","99.12","","","","-25","","NA"
"-75.67","62.18","SALLUIT","7117800","2023-04-18 09:00","2023","04","18","09:00","-14.0","","-16.3","","83","","0.0","","3","","30","","","","99.12","","","","-25","","NA"
"-75.67","62.18","SALLUIT","7117800","2023-04-18 10:00","2023","04","18","10:00","-13.9","","-16.4","","81","","0.0","","4","","34","","","","99.10","","","","-25","","NA"
"-75.67","62.18","SALLUIT","7117800","2023-04-18 11:00","2023","04","18","11:00","-13.3","","-15.7","","82","","0.0","","3","","30","","","","99.08","","","","-24","","NA"
"-75.67","62.18","SALLUIT","7117800","2023-04-18 12:00","2023","04","18","12:00","-13.2","","-15.7","","81","","0.0","","3","","30","","","","99.09","","","","-24","","NA"
"-75.67","62.18","SALLUIT","7117800","2023-04-18 13:00","2023","04","18","13:00","-12.7","","-15.1","","82","","0.0","","4","","33","","","","99.07","","","","-23","","NA"
"-75.67","62.18","SALLUIT","7117800","2023-04-18 14:00","2023","04","18","14:00","-12.1","","-14.3","","84","","0.0","","4","","31","","","","99.05","","","","-22","","NA"
"-75.67","62.18","SALLUIT","7117800","2023-04-18 15:00","2023","04","18","15:00","-11.7","","-13.6","","85","","0.0","","4","","32","","","","99.05","","","","-22","","NA"
"-75.67","62.18","SALLUIT","7117800","2023-04-18 16:00","2023","04","18","16:00","-11.4","","-13.2","","86","","0.0","","3","","31","","","","99.05","","","","-21","","NA"
"-75.67","62.18","SALLUIT","7117800","2023-04-18 17:00","2023","04","18","17:00","-11.2","","-13.0","","87","","0.0","","3","","34","","","","99.07","","","","-22","","NA"
"-75.67","62.18","SALLUIT","7117800","2023-04-18 18:00","2023","04","18","18:00","-11.4","","-12.9","","88","","0.0","","2","","32","","","","99.08","","","","-22","","NA"
"-75.67","62.18","SALLUIT","7117800","2023-04-18 19:00","2023","04","18","19:00","-11.5","","-13.0","","89","","0.0","","2","","35","","","","99.09","","","","-22","","NA"
"-75.67","62.18","SALLUIT","7117800","2023-04-18 20:00","2023","04","18","20:00","-11.9","","-13.3","","89","","0.0","","2","","31","","","","99.14","","","","-22","","NA"
"-75.67","62.18","SALLUIT","7117800","2023-04-18 21:00","2023","04","18","21:00","-12.5","","-14.0","","89","","0.0","","1","","31","","","","99.12","","","","-23","","NA"
"-75.67","62.18","SALLUIT","7117800","2023-04-18 22:00","2023","04","18","22:00","-13.0","","-14.5","","88","","0.0","","1","","33","","","","99.13","","","","-24","","NA"
"-75.67","62.18","SALLUIT","7117800","2023-04-18 23:00","2023","04","18","23:00","-12.9","","-14.5","","88","","0.0","","2","","31","","","","99.14","","","","-23","","NA"
"-75.67","62.18","SALLUIT","7117800","2023-04-19 00:00","2023","04","19","00:00","-13.2","","-14.8","","88","","0.0","","2","","28","","","","99.11","","","","-23","","NA"
"-75.67","62.18","SALLUIT","7117800","2023-04-19 01:00","2023","04","19","01:00","-13.3","","-15.0","","88","","0.0","","2","","30","","","","99.05","","","","-24","","NA"
"-75.67","62.18","SALLUIT","7117800","2023-04-19 02:00","2023","04","19","02:00","-13.2","","-14.9","","88","","0.0","","1","","35","","","","99.02","","","","-24","","NA"
"-75.67","62.18","SALLUIT","7117800","2023-04-19 03:00","2023","04","19","03:00","-13.3","","-14.9","","87","","0.0","","2","","29","","","","99.01","","","","-24","","NA"
"-75.67","62.18","SALLUIT","7117800","2023-04-19 04:00","2023","04","19","04:00","-13.6","","-15.2","","87","","0.0","","2","","34","","","","99.01","","","","-25","","NA"
"-75.67","62.18","SALLUIT","7117800","2023-04-19 05:00","2023","04","19","05:00","-13.3","","-15.0","","87","","0.0","","2","","31","","","","99.01","","","","-24","","NA"
"-75.67","62.18","SALLUIT","7117800","2023-04-19 06:00","2023","04","19","06:00","-13.1","","-14.8","","87","","0.0","","2","","26","","","","99.04","","","","-23","","NA"
"-75.67","62.18","SALLUIT","7117800","2023-04-19 07:00","2023","04","19","07:00","-12.8","","-14.5","","87","","0.0","","2","","22","","","","99.09","","","","-22","","NA"
"-75.67","62.18","SALLUIT","7117800","2023-04-19 08:00","2023","04","19","08:00","-12.7","","-14.6","","86","","0.0","","2","","26","","","","99.10","","","","-22","","NA"
"-75.67","62.18","SALLUIT","7117800","2023-04-19 09:00","2023","04","19","09:00","-12.4","","-14.3","","86","","0.0","","2","","26","","","","99.06","","","","-22","","NA"
"-75.67","62.18","SALLUIT","7117800","2023-04-19 10:00","2023","04","19","10:00","-12.2","","-14.1","","86","","0.0","","3","","36","","","","99.01","","","","-23","","NA"
"-75.67","62.18","SALLUIT","7117800","2023-04-19 11:00","2023","04","19","11:00","-11.9","","-13.8","","86","","0.0","","3","","41","","","","98.95","","","","-23","","NA"
"-75.67","62.18","SALLUIT","7117800","2023-04-19 12:00","2023","04","19","12:00","-11.0","","-12.9","","86","","0.0","","1","","39","","","","98.93","","","","-22","","NA"
"-75.67","62.18","SALLUIT","7117800","2023-04-19 13:00","2023","04","19","13:00","-10.2","","-11.9","","87","","0.0","","2","","36","","","","98.92","","","","-21","","NA"
"-75.67","62.18","SALLUIT","7117800","2023-04-19 14:00","2023","04","19","14:00","-9.3","","-10.8","","89","","0.0","","1","","43","","","","98.87","","","","-20","","NA"
"-75.67","62.18","SALLUIT","7117800","2023-04-19 15:00","2023","04","19","15:00","-7.6","","-8.9","","90","","0.0","","2","","37","","","","98.85","","","","-17","","NA"
"-75.67","62.18","SALLUIT","7117800","2023-04-19 16:00","2023","04","19","16:00","-6.3","","-7.4","","92","","0.0","","2","","43","","","","98.81","","","","-16","","NA"
"-75.67","62.18","SALLUIT","7117800","2023-04-19 17:00","2023","04","19","17:00","-5.6","","-6.6","","93","","0.0","","3","","47","","","","98.81","","","","-16","","NA"
"-75.67","62.18","SALLUIT","7117800","2023-04-19 18:00","2023","04","19","18:00","-5.2","","-6.0","","94","","0.0","","3","","49","","","","98.79","","","","-15","","NA"
"-75.67","62.18","SALLUIT","7117800","2023-04-19 19:00","2023","04","19","19:00","-5.2","","-5.9","","94","","0.5","","3","","40","","","","98.86","","","","-14","","NA"
"-75.67","62.18","SALLUIT","7117800","2023-04-19 20:00","2023","04","19","20:00","-5.1","","-5.9","","95","","0.2","","4","","35","","","","98.87","","","","-14","","NA"
"-75.67","62.18","SALLUIT","7117800","2023-04-19 21:00","2023","04","19","21:00","-5.0","","-5.7","","95","","0.0","","4","","41","","","","98.85","","","","-14","","NA"
"-75.67","62.18","SALLUIT","7117800","2023-04-19 22:00","2023","04","19","22:00","-5.1","","-5.9","","95","","0.2","","4","","38","","","","98.85","","","","-14","","NA"
"-75.67","62.18","SALLUIT","7117800","2023-04-19 23:00","2023","04","19","23:00","-5.1","","-5.8","","95","","0.0","","4","","48","","","","98.77","","","","-15","","NA"
"-75.67","62.18","SALLUIT","7117800","2023-04-20 00:00","2023","04","20","00:00","-5.1","","-5.8","","95","","0.3","","5","","49","","","","98.72","","","","-15","","NA"
"-75.67","62.18","SALLUIT","7117800","2023-04-20 01:00","2023","04","20","01:00","-5.1","","-5.9","","95","","0.0","","5","","48","","","","98.76","","","","-15","","NA"
"-75.67","62.18","SALLUIT","7117800","2023-04-20 02:00","2023","04","20","02:00","-5.1","","-5.9","","95","","0.2","","4","","45","","","","98.79","","","","-15","","NA"
"-75.67","62.18","SALLUIT","7117800","2023-04-20 03:00","2023","04","20","03:00","-5.1","","-5.8","","95","","0.0","","4","","40","","","","98.85","","","","-14","","NA"
"-75.67","62.18","SALLUIT","7117800","2023-04-20 04:00","2023","04","20","04:00","-5.1","","-5.8","","95","","0.0","","5","","43","","","","98.81","","","","-14","","NA"
"-75.67","62.18","SALLUIT","7117800","2023-04-20 05:00","2023","04","20","05:00","-5.0","","-5.8","","95","","0.0","","4","","41","","","","98.84","","","","-14","","NA"
"-75.67","62.18","SALLUIT","7117800","2023-04-20 06:00","2023","04","20","06:00","-4.9","","-5.7","","94","","0.0","","4","","37","","","","98.87","","","","-14","","NA"
"-75.67","62.18","SALLUIT","7117800","2023-04-20 07:00","2023","04","20","07:00","-4.7","","-5.6","","94","","0.0","","4","","40","","","","98.85","","","","-14","","NA"
"-75.67","62.18","SALLUIT","7117800","2023-04-20 08:00","2023","04","20","08:00","-4.5","","-5.5","","93","","0.2","","4","","38","","","","98.83","","","","-13","","NA"
"-75.67","62.18","SALLUIT","7117800","2023-04-20 09:00","2023","04","20","09:00","-4.4","","-5.5","","92","","0.0","","4","","41","","","","98.83","","","","-13","","NA"
"-75.67","62.18","SALLUIT","7117800","2023-04-20 10:00","2023","04","20","10:00","-4.3","","-5.5","","92","","0.3","","4","","39","","","","98.81","","","","-13","","NA"
"-75.67","62.18","SALLUIT","7117800","2023-04-20 11:00","2023","04","20","11:00","-4.0","","-5.2","","91","","0.0","","4","","33","","","","98.81","","","","-12","","NA"
"-75.67","62.18","SALLUIT","7117800","2023-04-20 12:00","2023","04","20","12:00","-3.9","","-5.0","","92","","0.0","","3","","31","","","","98.82","","","","-12","","NA"
"-75.67","62.18","SALLUIT","7117800","2023-04-20 13:00","2023","04","20","13:00","-3.7","","-4.9","","92","","0.2","","4","","31","","","","98.82","","","","-11","","NA"
"-75.67","62.18","SALLUIT","7117800","2023-04-20 14:00","2023","04","20","14:00","-3.6","","-4.7","","92","","0.2","","4","","32","","","","98.83","","","","-11","","NA"
"-75.67","62.18","SALLUIT","7117800","2023-04-20 15:00","2023","04","20","15:00","-3.4","","-4.4","","93","","0.0","","3","","31","","","","98.83","","","","-11","","NA"
"-75.67","62.18","SALLUIT","7117800","2023-04-20 16:00","2023","04","20","16:00","-3.4","","-4.2","","94","","0.0","","4","","28","","","","98.84","","","","-11","","NA"
"-75.67","62.18","SALLUIT","7117800","2023-04-20 17:00","2023","04","20","17:00","-3.2","","-3.9","","95","","0.0","","3","","25","","","","98.86","","","","-10","","NA"
"-75.67","62.18","SALLUIT","7117800","2023-04-20 18:00","2023","04","20","18:00","-3.2","","-3.9","","95","","0.2","","3","","27","","","","98.86","","","","-10","","NA"
"-75.67","62.18","SALLUIT","7117800","2023-04-20 19:00","2023","04","20","19:00","-3.2","","-3.7","","96","","0.0","","3","","25","","","","98.87","","","","-10","","NA"
"-75.67","62.18","SALLUIT","7117800","2023-04-20 20:00","2023","04","20","20:00","-3.2","","-3.7","","96","","0.0","","3","","20","","","","98.87","","","","-9","","NA"
"-75.67","62.18","SALLUIT","7117800","2023-04-20 21:00","2023","04","20","21:00","-3.3","","-3.8","","96","","0.0","","3","","17","","","","98.87","","","","-9","","NA"
"-75.67","62.18","SALLUIT","7117800","2023-04-20 22:00","2023","04","20","22:00","-3.5","","-4.0","","96","","0.2","","3","","14","","","","98.85","","","","-9","","NA"
"-75.67","62.18","SALLUIT","7117800","2023-04-20 23:00","2023","04","20","23:00","-3.6","","-4.1","","96","","0.2","","2","","9","","","","98.85","","","","-7","","NA"
"-75.67","62.18","SALLUIT","7117800","2023-04-21 00:00","2023","04","21","00:00","-3.7","","-4.3","","96","","0.2","","4","","5","","","","98.85","","","","-6","","NA"
"-75.67","62.18","SALLUIT","7117800","2023-04-21 01:00","2023","04","21","01:00","-3.6","","-4.1","","96","","0.2","","0","","1","","","","98.86","","","","-4","","NA"
"-75.67","62.18","SALLUIT","7117800","2023-04-21 02:00","2023","04","21","02:00","-3.3","","-3.8","","96","","0.2","","16","","17","","","","98.86","","","","-9","","NA"
"-75.67","62.18","SALLUIT","7117800","2023-04-21 03:00","2023","04","21","03:00","-4.0","","-4.6","","96","","0.0","","16","","28","","","","98.88","","","","-11","","NA"
"-75.67","62.18","SALLUIT","7117800","2023-04-21 04:00","2023","04","21","04:00","-4.1","","-4.8","","95","","0.0","","15","","16","","","","98.92","","","","-10","","NA"
"-75.67","62.18","SALLUIT","7117800","2023-04-21 05:00","2023","04","21","05:00","-4.2","","-5.0","","94","","0.0","","14","","26","","","","98.92","","","","-11","","NA"
"-75.67","62.18","SALLUIT","7117800","2023-04-21 06:00","2023","04","21","06:00","-4.0","","-5.2","","91","","0.0","","14","","22","","","","98.93","","","","-11","","NA"
"-75.67","62.18","SALLUIT","7117800","2023-04-21 07:00","2023","04","21","07:00","-3.9","","-5.4","","90","","0.0","","14","","26","","","","98.95","","","","-11","","NA"
"-75.67","62.18","SALLUIT","7117800","2023-04-21 08:00","2023","04","21","08:00","-3.3","","-5.1","","87","","0.0","","14","","18","","","","98.97","","","","-9","","NA"
"-75.67","62.18","SALLUIT","7117800","2023-04-21 09:00","2023","04","21","09:00","-2.8","","-4.9","","86","","0.0","","12","","15","","","","99.01","","","","-8","","NA"
"-75.67","62.18","SALLUIT","7117800","2023-04-21 10:00","2023","04","21","10:00","-2.6","","-4.0","","90","","0.0","","6","","14","","","","98.99","","","","-7","","NA"
"-75.67","62.18","SALLUIT","7117800","2023-04-21 11:00","2023","04","21","11:00","-2.6","","-5.0","","83","","0.0","","13","","32","","","","98.90","","","","-10","","NA"
"-75.67","62.18","SALLUIT","7117800","2023-04-21 12:00","2023","04","21","12:00","-2.4","","-5.3","","81","","0.0","","13","","31","","","","98.91","","","","-10","","NA"
"-75.67","62.18","SALLUIT","7117800","2023-04-21 13:00","2023","04","21","13:00","-2.7","","-5.8","","79","","0.0","","13","","32","","","","98.91","","","","-10","","NA"
"-75.67","62.18","SALLUIT","7117800","2023-04-21 14:00","2023","04","21","14:00","-2.8","","-5.7","","81","","0.0","","14","","34","","","","98.92","","","","-11","","NA"
"-75.67","62.18","SALLUIT","7117800","2023-04-21 15:00","2023","04","21","15:00","-2.7","","-5.1","","83","","0.0","","16","","33","","","","98.91","","","","-10","","NA"
"-75.67","62.18","SALLUIT","7117800","2023-04-21 16:00","2023","04","21","16:00","-2.7","","-5.1","","83","","0.0","","16","","39","","","","98.92","","","","-11","","NA"
"-75.67","62.18","SALLUIT","7117800","2023-04-21 17:00","2023","04","21","17:00","-2.6","","-4.8","","85","","0.0","","17","","31","","","","98.97","","","","-10","","NA"
"-75.67","62.18","SALLUIT","7117800","2023-04-21 18:00","2023","04","21","18:00","-2.2","","-3.5","","91","","0.0","","15","","21","","","","98.98","","","","-8","","NA"
"-75.67","62.18","SALLUIT","7117800","2023-04-21 19:00","2023","04","21","19:00","-1.6","","-3.2","","89","","0.0","","17","","31","","","","98.99","","","","-9","","NA"
"-75.67","62.18","SALLUIT","7117800","2023-04-21 20:00","2023","04","21","20:00","-2.1","","-4.1","","86","","0.0","","17","","42","","","","98.98","","","","-10","","NA"
"-75.67","62.18","SALLUIT","7117800","2023-04-21 21:00","2023","04","21","21:00","-2.5","","-4.4","","87","","0.0","","18","","44","","","","99.01","","","","-11","","NA"
"-75.67","62.18","SALLUIT","7117800","2023-04-21 22:00","2023","04","21","22:00","-2.8","","-5.0","","85","","0.0","","18","","39","","","","99.05","","","","-11","","NA"
"-75.67","62.18","SALLUIT","7117800","2023-04-21 23:00","2023","04","21","23:00","-3.1","","-5.0","","86","","0.0","","18","","40","","","","99.07","","","","-12","","NA"
"-75.67","62.18","SALLUIT","7117800","2023-04-22 00:00","2023","04","22","00:00","-3.3","","-4.9","","89","","0.0","","20","","22","","","","99.13","","","","-10","","NA"
"-75.67","62.18","SALLUIT","7117800","2023-04-22 01:00","2023","04","22","01:00","-3.4","","-5.1","","88","","0.0","","20","","34","","","","99.12","","","","-11","","NA"
"-75.67","62.18","SALLUIT","7117800","2023-04-22 02:00","2023","04","22","02:00","-3.6","","-5.4","","88","","0.0","","17","","41","","","","99.11","","","","-12","","NA"
"-75.67","62.18","SALLUIT","7117800","2023-04-22 03:00","2023","04","22","03:00","-3.9","","-5.6","","88","","0.0","","17","","38","","","","99.10","","","","-12","","NA"
"-75.67","62.18","SALLUIT","7117800","2023-04-22 04:00","2023","04","22","04:00","-4.5","","-6.2","","88","","0.0","","16","","44","","","","99.04","","","","-14","","NA"
"-75.67","62.18","SALLUIT","7117800","2023-04-22 05:00","2023","04","22","05:00","-4.4","","-6.2","","87","","0.0","","15","","39","","","","99.06","","","","-13","","NA"
"-75.67","62.18","SALLUIT","7117800","2023-04-22 06:00","2023","04","22","06:00","-4.9","","-6.8","","87","","0.0","","16","","28","","","","99.11","","","","-13","","NA"
"-75.67","62.18","SALLUIT","7117800","2023-04-22 07:00","2023","04","22","07:00","-4.5","","-6.7","","84","","0.0","","16","","33","","","","99.16","","","","-13","","NA"
"-75.67","62.18","SALLUIT","7117800","2023-04-22 08:00","2023","04","22","08:00","-4.5","","-6.8","","84","","0.0","","15","","26","","","","99.21","","","","-12","","NA"
"-75.67","62.18","SALLUIT","7117800","2023-04-22 09:00","2023","04","22","09:00","-3.9","","-6.3","","84","","0.0","","15","","25","","","","99.20","","","","-11","","NA"
"-75.67","62.18","SALLUIT","7117800","2023-04-22 10:00","2023","04","22","10:00","-3.9","","-6.0","","86","","0.0","","15","","18","","","","99.16","","","","-10","","NA"
"-75.67","62.18","SALLUIT","7117800","2023-04-22 11:00","2023","04","22","11:00","-3.6","","-6.7","","79","","0.0","","14","","20","","","","99.16","","","","-10","","NA"
"-75.67","62.18","SALLUIT","7117800","2023-04-22 12:00","2023","04","22","12:00","-2.9","","-6.3","","78","","0.0","","14","","16","","","","99.11","","","","-8","","NA"
"-75.67","62.18","SALLUIT","7117800","2023-04-22 13:00","2023","04","22","13:00","-2.7","","-6.3","","76","","0.0","","12","","14","","","","99.08","","","","-8","","NA"
"-75.67","62.18","SALLUIT","7117800","2023-04-22 14:00","2023","04","22","14:00","-2.4","","-6.7","","73","","0.0","","11","","10","","","","99.08","","","","-6","","NA"
"-75.67","62.18","SALLUIT","7117800","2023-04-22 15:00","2023","04","22","15:00","-2.4","","-5.7","","78","","0.0","","36","","12","","","","99.05","","","","-7","","NA"
"-75.67","62.18","SALLUIT","7117800","2023-04-22 16:00","2023","04","22","16:00","-2.9","","-5.0","","85","","0.0","","3","","14","","","","99.04","","","","-8","","NA"
"-75.67","62.18","SALLUIT","7117800","2023-04-22 17:00","2023","04","22","17:00","-2.8","","-4.8","","86","","0.0","","2","","10","","","","99.03","","","","-7","","NA"
"-75.67","62.18","SALLUIT","7117800","2023-04-22 18:00","2023","04","22","18:00","-3.0","","-5.1","","85","","0.0","","6","","7","","","","99.05","","","","-6","","NA"
"-75.67","62.18","SALLUIT","7117800","2023-04-22 19:00","2023","04","22","19:00","-3.2","","-4.7","","90","","0.0","","2","","9","","","","99.01","","","","-7","","NA"
"-75.67","62.18","SALLUIT","7117800","2023-04-22 20:00","2023","04","22","20:00","-3.6","","-3.9","","98","","0.0","","2","","10","","","","99.02","","","","-8","","NA"
"-75.67","62.18","SALLUIT","7117800","2023-04-22 21:00","2023","04","22","21:00","-3.7","","-4.0","","98","","0.0","","4","","12","","","","99.07","","","","-8","","NA"
"-75.67","62.18","SALLUIT","7117800","2023-04-22 22:00","2023","04","22","22:00","-3.7","","-4.1","","97","","0.0","","1","","12","","","","99.07","","","","-8","","NA"
"-75.67","62.18","SALLUIT","7117800","2023-04-22 23:00","2023","04","22","23:00","-3.8","","-4.3","","96","","0.0","","2","","11","","","","99.05","","","","-8","","NA"
"-75.67","62.18","SALLUIT","7117800","2023-04-23 00:00","2023","04","23","00:00","-3.7","","-4.3","","96","","0.0","","2","","12","","","","99.02","","","","-8","","NA"
"-75.67","62.18","SALLUIT","7117800","2023-04-23 01:00","2023","04","23","01:00","-3.6","","-4.1","","96","","0.0","","2","","11","","","","99.04","","","","-8","","NA"
"-75.67","62.18","SALLUIT","7117800","2023-04-23 02:00","2023","04","23","02:00","-3.8","","-4.3","","96","","0.0","","2","","9","","","","99.06","","","","-8","","NA"
"-75.67","62.18","SALLUIT","7117800","2023-04-23 03:00","2023","04","23","03:00","-3.8","","-4.4","","96","","0.0","","3","","9","","","","99.07","","","","-8","","NA"
"-75.67","62.18","SALLUIT","7117800","2023-04-23 04:00","2023","04","23","04:00","-3.9","","-4.5","","96","","0.0","","4","","9","","","","99.07","","","","-8","","NA"
"-75.67","62.18","SALLUIT","7117800","2023-04-23 05:00","2023","04","23","05:00","-3.9","","-4.5","","96","","0.0","","4","","9","","","","99.07","","","","-8","","NA"
"-75.67","62.18","SALLUIT","7117800","2023-04-23 06:00","2023","04","23","06:00","-3.9","","-4.5","","95","","0.0","","4","","8","","","","99.13","","","","-7","","NA"
"-75.67","62.18","SALLUIT","7117800","2023-04-23 07:00","2023","04","23","07:00","-3.7","","-4.5","","95","","0.0","","5","","10","","","","99.14","","","","-8","","NA"
"-75.67","62.18","SALLUIT","7117800","2023-04-23 08:00","2023","04","23","08:00","-3.7","","-4.5","","94","","0.0","","4","","11","","","","99.14","","","","-8","","NA"
"-75.67","62.18","SALLUIT","7117800","2023-04-23 09:00","2023","04","23","09:00","-3.5","","-4.5","","93","","0.0","","4","","12","","","","99.12","","","","-8","","NA"
"-75.67","62.18","SALLUIT","7117800","2023-04-23 10:00","2023","04","23","10:00","-3.5","","-4.5","","92","","0.0","","4","","9","","","","99.16","","","","-7","","NA"
"-75.67","62.18","SALLUIT","7117800","2023-04-23 11:00","2023","04","23","11:00","-3.3","","-4.5","","91","","0.0","","4","","16","","","","99.15","","","","-9","","NA"
"-75.67","62.18","SALLUIT","7117800","2023-04-23 12:00","2023","04","23","12:00","-3.2","","-4.2","","92","","0.0","","5","","16","","","","99.15","","","","-9","","NA"
"-75.67","62.18","SALLUIT","7117800","2023-04-23 13:00","2023","04","23","13:00","-3.1","","-4.1","","93","","0.0","","4","","18","","","","99.10","","","","-9","","NA"
"-75.67","62.18","SALLUIT","7117800","2023-04-23 14:00","2023","04","23","14:00","-2.8","","-3.7","","93","","0.0","","3","","14","","","","99.07","","","","-8","","NA"
"-75.67","62.18","SALLUIT","7117800","2023-04-23 15:00","2023","04","23","15:00","-2.8","","-3.6","","94","","0.0","","3","","17","","","","99.04","","","","-8","","NA"
"-75.67","62.18","SALLUIT","7117800","2023-04-23 16:00","2023","04","23","16:00","-2.8","","-3.5","","95","","0.0","","4","","16","","","","99.00","","","","-8","","NA"
"-75.67","62.18","SALLUIT","7117800","2023-04-23 17:00","2023","04","23","17:00","-2.7","","-3.2","","96","","0.0","","5","","17","","","","99.02","","","","-8","","NA"
"-75.67","62.18","SALLUIT","7117800","2023-04-23 18:00","2023","04","23","18:00","-2.7","","-3.2","","96","","0.0","","4","","23","","","","98.97","","","","-9","","NA"
"-75.67","62.18","SALLUIT","7117800","2023-04-23 19:00","2023","04","23","19:00","-2.6","","-3.0","","97","","0.0","","3","","17","","","","98.96","","","","-8","","NA"
"-75.67","62.18","SALLUIT","7117800","2023-04-23 20:00","2023","04","23","20:00","-2.6","","-3.0","","97","","0.9","","3","","18","","","","98.95","","","","-8","","NA"
"-75.67","62.18","SALLUIT","7117800","2023-04-23 21:00","2023","04","23","21:00","-2.6","","-3.1","","97","","0.5","","3","","24","","","","98.90","","","","-9","","NA"
"-75.67","62.18","SALLUIT","7117800","2023-04-23 22:00","2023","04","23","22:00","-2.6","","-3.1","","97","","0.0","","2","","15","","","","98.89","","","","-8","","NA"
"-75.67","62.18","SALLUIT","7117800","2023-04-23 23:00","2023","04","23","23:00","-2.6","","-3.0","","97","","0.4","","4","","15","","","","98.83","","","","-8","","NA"
"-75.67","62.18","SALLUIT","7117800","2023-04-24 00:00","2023","04","24","00:00","-2.5","","-2.9","","97","","0.0","","3","","10","","","","98.78","","","","-6","","NA"
"-75.67","62.18","SALLUIT","7117800","2023-04-24 01:00","2023","04","24","01:00","-2.3","","-2.7","","97","","0.0","","2","","8","","","","98.78","","","","-5","","NA"
"-75.67","62.18","SALLUIT","7117800","2023-04-24 02:00","2023","04","24","02:00","-2.2","","-2.6","","97","","0.0","","3","","4","","","","98.76","","","","-4","","NA"
"-75.67","62.18","SALLUIT","7117800","2023-04-24 03:00","2023","04","24","03:00","-0.8","","-1.0","","99","","0.2","","19","","2","","","","98.80","","","","-1","","NA"
"-75.67","62.18","SALLUIT","7117800","2023-04-24 04:00","2023","04","24","04:00","1.5","","1.3","","99","","0.7","","16","","37","","","","98.75","","","","","","NA"
"-75.67","62.18","SALLUIT","7117800","2023-04-24 05:00","2023","04","24","05:00","2.2","","0.6","","89","","0.0","","15","","42","","","","98.72","","","","","","NA"
"-75.67","62.18","SALLUIT","7117800","2023-04-24 06:00","2023","04","24","06:00","2.8","","0.9","","88","","0.0","","15","","45","","","","98.71","","","","","","NA"
"-75.67","62.18","SALLUIT","7117800","2023-04-24 07:00","2023","04","24","07:00","3.4","","1.4","","87","","0.0","","15","","37","","","","98.74","","","","","","NA"
"-75.67","62.18","SALLUIT","7117800","2023-04-24 08:00","2023","04","24","08:00","2.5","","0.9","","89","","0.0","","15","","35","","","","98.79","","","","","","NA"
"-75.67","62.18","SALLUIT","7117800","2023-04-24 09:00","2023","04","24","09:00","2.4","","0.8","","89","","0.2","","16","","38","","","","98.81","","","","","","NA"
"-75.67","62.18","SALLUIT","7117800","2023-04-24 10:00","2023","04","24","10:00","2.3","","0.7","","89","","0.0","","17","","35","","","","98.86","","","","","","NA"
"-75.67","62.18","SALLUIT","7117800","2023-04-24 11:00","2023","04","24","11:00","2.2","","0.2","","86","","0.0","","19","","36","","","","98.84","","","","","","NA"
"-75.67","62.18","SALLUIT","7117800","2023-04-24 12:00","2023","04","24","12:00","1.8","","0.3","","90","","0.0","","18","","30","","","","98.93","","","","","","NA"
"-75.67","62.18","SALLUIT","7117800","2023-04-24 13:00","2023","04","24","13:00","1.4","","-0.2","","90","","0.0","","15","","20","","","","98.96","","","","","","NA"
"-75.67","62.18","SALLUIT","7117800","2023-04-24 14:00","2023","04","24","14:00","1.0","","-1.1","","86","","0.0","","14","","29","","","","99.00","","","","","","NA"
"-75.67","62.18","SALLUIT","7117800","2023-04-24 15:00","2023","04","24","15:00","0.8","","-2.1","","81","","0.0","","16","","46","","","","98.96","","","","","","NA"
"-75.67","62.18","SALLUIT","7117800","2023-04-24 16:00","2023","04","24","16:00","0.2","","-2.8","","80","","0.0","","16","","41","","","","99.03","","","","","","NA"
"-75.67","62.18","SALLUIT","7117800","2023-04-24 17:00","2023","04","24","17:00","-0.3","","-2.8","","83","","0.0","","16","","35","","","","99.09","","","","-7","","NA"
"-75.67","62.18","SALLUIT","7117800","2023-04-24 18:00","2023","04","24","18:00","-0.8","","-3.3","","83","","0.0","","18","","42","","","","99.16","","","","-9","","NA"
"-75.67","62.18","SALLUIT","7117800","2023-04-24 19:00","2023","04","24","19:00","-1.7","","-3.9","","85","","0.0","","17","","33","","","","99.22","","","","-9","","NA"
"-75.67","62.18","SALLUIT","7117800","2023-04-24 20:00","2023","04","24","20:00","-2.2","","-3.9","","88","","0.0","","18","","33","","","","99.28","","","","-10","","NA"
"-75.67","62.18","SALLUIT","7117800","2023-04-24 21:00","2023","04","24","21:00","-2.6","","-4.7","","86","","0.0","","19","","46","","","","99.29","","","","-11","","NA"
"-75.67","62.18","SALLUIT","7117800","2023-04-24 22:00","2023","04","24","22:00","-2.8","","-4.4","","88","","0.0","","19","","33","","","","99.31","","","","-10","","NA"
"-75.67","62.18","SALLUIT","7117800","2023-04-24 23:00","2023","04","24","23:00","-2.8","","-4.8","","87","","0.0","","19","","44","","","","99.34","","","","-11","","NA"
"-75.67","62.18","SALLUIT","7117800","2023-04-25 00:00","2023","04","25","00:00","-3.0","","-4.9","","87","","0.0","","20","","58","","","","99.31","","","","-13","","NA"
"-75.67","62.18","SALLUIT","7117800","2023-04-25 01:00","2023","04","25","01:00","-3.2","","-5.0","","87","","0.0","","20","","68","","","","99.25","","","","-14","","NA"
"-75.67","62.18","SALLUIT","7117800","2023-04-25 02:00","2023","04","25","02:00","-3.4","","-5.2","","88","","0.0","","19","","61","","","","99.34","","","","-14","","NA"
"-75.67","62.18","SALLUIT","7117800","2023-04-25 03:00","2023","04","25","03:00","-3.5","","-5.4","","86","","0.0","","20","","56","","","","99.45","","","","-13","","NA"
"-75.67","62.18","SALLUIT","7117800","2023-04-25 04:00","2023","04","25","04:00","-3.9","","-5.8","","87","","0.0","","19","","58","","","","99.43","","","","-14","","NA"
"-75.67","62.18","SALLUIT","7117800","2023-04-25 05:00","2023","04","25","05:00","-3.7","","-6.0","","84","","0.0","","21","","51","","","","99.51","","","","-13","","NA"
"-75.67","62.18","SALLUIT","7117800","2023-04-25 06:00","2023","04","25","06:00","-3.9","","-6.1","","84","","0.0","","19","","46","","","","99.57","","","","-13","","NA"
"-75.67","62.18","SALLUIT","7117800","2023-04-25 07:00","2023","04","25","07:00","-3.8","","-6.2","","83","","0.0","","21","","39","","","","99.63","","","","-12","","NA"
"-75.67","62.18","SALLUIT","7117800","2023-04-25 08:00","2023","04","25","08:00","-3.2","","-5.7","","83","","0.0","","20","","38","","","","99.69","","","","-11","","NA"
"-75.67","62.18","SALLUIT","7117800","2023-04-25 09:00","2023","04","25","09:00","-2.6","","-5.4","","81","","0.0","","20","","19","","","","99.77","","","","-8","","NA"
"-75.67","62.18","SALLUIT","7117800","2023-04-25 10:00","2023","04","25","10:00","-2.0","","-5.0","","80","","0.0","","20","","27","","","","99.77","","","","-9","","NA"
"-75.67","62.18","SALLUIT","7117800","2023-04-25 11:00","2023","04","25","11:00","-1.4","","-4.1","","82","","0.0","","21","","25","","","","99.79","","","","-8","","NA"
"-75.67","62.18","SALLUIT","7117800","2023-04-25 12:00","2023","04","25","12:00","-0.7","","-3.2","","83","","0.0","","23","","21","","","","99.79","","","","-6","","NA"
"-75.67","62.18","SALLUIT","7117800","2023-04-25 13:00","2023","04","25","13:00","-0.2","","-2.7","","83","","0.0","","24","","20","","","","99.80","","","","-5","","NA"
"-75.67","62.18","SALLUIT","7117800","2023-04-25 14:00","2023","04","25","14:00","0.0","","-3.0","","80","","0.0","","23","","10","","","","99.83","","","","-3","","NA"
"-75.67","62.18","SALLUIT","7117800","2023-04-25 15:00","2023","04","25","15:00","0.1","","-2.9","","80","","0.0","","15","","14","","","","99.85","","","","","","NA"
"-75.67","62.18","SALLUIT","7117800","2023-04-25 16:00","2023","04","25","16:00","0.3","","-2.3","","83","","0.0","","22","","12","","","","99.88","","","","","","NA"
"-75.67","62.18","SALLUIT","7117800","2023-04-25 17:00","2023","04","25","17:00","0.2","","-2.6","","82","","0.0","","19","","6","","","","99.89","","","","","","NA"
"-75.67","62.18","SALLUIT","7117800","2023-04-25 18:00","2023","04","25","18:00","0.2","","-2.5","","82","","0.0","","26","","3","","","","99.89","","","","","","NA"
"-75.67","62.18","SALLUIT","7117800","2023-04-25 19:00","2023","04","25","19:00","0.0","","-2.0","","86","","0.0","","26","","2","","","","99.89","","","","-1","","NA"
"-75.67","62.18","SALLUIT","7117800","2023-04-25 20:00","2023","04","25","20:00","-1.0","","-2.2","","91","","0.0","","19","","2","","","","99.89","","","","-2","","NA"
"-75.67","62.18","SALLUIT","7117800","2023-04-25 21:00","2023","04","25","21:00","-0.9","","-3.0","","86","","0.0","","1","","7","","","","99.92","","","","-3","","NA"
"-75.67","62.18","SALLUIT","7117800","2023-04-25 22:00","2023","04","25","22:00","-1.3","","-2.8","","90","","0.0","","3","","4","","","","99.94","","","","-3","","NA"
"-75.67","62.18","SALLUIT","7117800","2023-04-25 23:00","2023","04","25","23:00","-1.6","","-2.9","","91","","0.0","","3","","8","","","","99.94","","","","-5","","NA"
"-75.67","62.18","SALLUIT","7117800","2023-04-26 00:00","2023","04","26","00:00","-2.0","","-2.6","","96","","0.0","","2","","11","","","","99.93","","","","-6","","NA"
"-75.67","62.18","SALLUIT","7117800","2023-04-26 01:00","2023","04","26","01:00","-2.2","","-2.4","","98","","0.0","","3","","12","","","","99.91","","","","-6","","NA"
"-75.67","62.18","SALLUIT","7117800","2023-04-26 02:00","2023","04","26","02:00","-2.2","","-2.4","","99","","0.0","","3","","10","","","","99.90","","","","-6","","NA"
"-75.67","62.18","SALLUIT","7117800","2023-04-26 03:00","2023","04","26","03:00","-2.3","","-2.4","","99","","0.0","","4","","12","","","","99.89","","","","-7","","NA"
"-75.67","62.18","SALLUIT","7117800","2023-04-26 04:00","2023","04","26","04:00","-2.4","","-2.5","","99","","0.0","","4","","14","","","","99.87","","","","-7","","NA"
"-75.67","62.18","SALLUIT","7117800","2023-04-26 05:00","2023","04","26","05:00","-2.5","","-2.7","","99","","0.0","","4","","12","","","","99.85","","","","-7","","NA"
"-75.67","62.18","SALLUIT","7117800","2023-04-26 06:00","2023","04","26","06:00","-2.5","","-2.8","","98","","0.0","","4","","10","","","","99.83","","","","-6","","NA"
"-75.67","62.18","SALLUIT","7117800","2023-04-26 07:00","2023","04","26","07:00","-2.4","","-2.7","","98","","0.0","","3","","13","","","","99.79","","","","-7","","NA"
"-75.67","62.18","SALLUIT","7117800","2023-04-26 08:00","2023","04","26","08:00","-2.3","","-2.6","","98","","0.0","","5","","13","","","","99.77","","","","-7","","NA"
"-75.67","62.18","SALLUIT","7117800","2023-04-26 09:00","2023","04","26","09:00","-2.3","","-2.7","","97","","0.0","","4","","15","","","","99.71","","","","-7","","NA"
"-75.67","62.18","SALLUIT","7117800","2023-04-26 10:00","2023","04","26","10:00","-2.0","","-2.4","","97","","0.0","","3","","14","","","","99.68","","","","-7","","NA"
"-75.67","62.18","SALLUIT","7117800","2023-04-26 11:00","2023","04","26","11:00","-1.6","","-2.1","","97","","0.0","","3","","17","","","","99.62","","","","-7","","NA"
"-75.67","62.18","SALLUIT","7117800","2023-04-26 12:00","2023","04","26","12:00","-1.7","","-2.2","","97","","0.0","","3","","16","","","","99.57","","","","-7","","NA"
"-75.67","62.18","SALLUIT","7117800","2023-04-26 13:00","2023","04","26","13:00","-1.5","","-2.0","","96","","0.0","","3","","16","","","","99.53","","","","-6","","NA"
"-75.67","62.18","SALLUIT","7117800","2023-04-26 14:00","2023","04","26","14:00","-1.5","","-2.0","","97","","0.0","","2","","13","","","","99.51","","","","-6","","NA"
"-75.67","62.18","SALLUIT","7117800","2023-04-26 15:00","2023","04","26","15:00","-1.5","","-1.9","","97","","0.0","","3","","15","","","","99.49","","","","-6","","NA"
"-75.67","62.18","SALLUIT","7117800","2023-04-26 16:00","2023","04","26","16:00","-1.7","","-2.0","","97","","0.0","","3","","12","","","","99.46","","","","-6","","NA"
"-75.67","62.18","SALLUIT","7117800","2023-04-26 17:00","2023","04","26","17:00","-1.7","","-2.1","","97","","0.0","","3","","12","","","","99.42","","","","-6","","NA"
"-75.67","62.18","SALLUIT","7117800","2023-04-26 18:00","2023","04","26","18:00","-1.8","","-2.2","","97","","0.0","","4","","10","","","","99.37","","","","-5","","NA"
"-75.67","62.18","SALLUIT","7117800","2023-04-26 19:00","2023","04","26","19:00","-1.8","","-2.2","","98","","0.0","","2","","10","","","","99.33","","","","-5","","NA"
"-75.67","62.18","SALLUIT","7117800","2023-04-26 20:00","2023","04","26","20:00","-2.0","","-2.3","","98","","0.0","","3","","7","","","","99.31","","","","-5","","NA"
"-75.67","62.18","SALLUIT","7117800","2023-04-26 21:00","2023","04","26","21:00","-1.9","","-2.2","","98","","0.0","","1","","3","","","","99.28","","","","-3","","NA"
"-75.67","62.18","SALLUIT","7117800","2023-04-26 22:00","2023","04","26","22:00","-2.0","","-2.3","","98","","0.0","","","","0","","","","99.20","","","","","","NA"
"-75.67","62.18","SALLUIT","7117800","2023-04-26 23:00","2023","04","26","23:00","-2.5","","-2.9","","97","","0.0","","","","0","","","","99.16","","","","","","NA"
"-75.67","62.18","SALLUIT","7117800","2023-04-27 00:00","2023","04","27","00:00","-0.3","","-0.5","","99","","0.0","","17","","11","","","","99.12","","","","-4","","NA"
"-75.67","62.18","SALLUIT","7117800","2023-04-27 01:00","2023","04","27","01:00","0.1","","-0.1","","99","","0.0","","18","","29","","","","99.10","","","","","","NA"
"-75.67","62.18","SALLUIT","7117800","2023-04-27 02:00","2023","04","27","02:00","0.5","","0.0","","96","","0.0","","17","","31","","","","99.07","","","","","","NA"
"-75.67","62.18","SALLUIT","7117800","2023-04-27 03:00","2023","04","27","03:00","-0.1","","-0.7","","96","","0.0","","16","","44","","","","98.99","","","","-8","","NA"
"-75.67","62.18","SALLUIT","7117800","2023-04-27 04:00","2023","04","27","04:00","-0.3","","-0.9","","95","","0.0","","17","","39","","","","99.09","","","","-8","","NA"
"-75.67","62.18","SALLUIT","7117800","2023-04-27 05:00","2023","04","27","05:00","0.1","","-0.8","","93","","0.0","","17","","34","","","","99.11","","","","","","NA"
"-75.67","62.18","SALLUIT","7117800","2023-04-27 06:00","2023","04","27","06:00","-0.1","","-0.8","","95","","0.0","","16","","36","","","","99.15","","","","-7","","NA"
"-75.67","62.18","SALLUIT","7117800","2023-04-27 07:00","2023","04","27","07:00","0.4","","-0.5","","94","","0.0","","22","","14","","","","99.22","","","","","","NA"
"-75.67","62.18","SALLUIT","7117800","2023-04-27 08:00","2023","04","27","08:00","0.4","","-0.5","","93","","0.0","","17","","34","","","","99.19","","","","","","NA"
"-75.67","62.18","SALLUIT","7117800","2023-04-27 09:00","2023","04","27","09:00","0.6","","-0.7","","91","","0.0","","17","","52","","","","99.15","","","","","","NA"
"-75.67","62.18","SALLUIT","7117800","2023-04-27 10:00","2023","04","27","10:00","0.9","","-0.4","","91","","0.0","","17","","44","","","","99.21","","","","","","NA"
"-75.67","62.18","SALLUIT","7117800","2023-04-27 11:00","2023","04","27","11:00","1.6","","0.1","","89","","0.0","","15","","19","","","","99.25","","","","","","NA"
"-75.67","62.18","SALLUIT","7117800","2023-04-27 12:00","2023","04","27","12:00","1.9","","-0.4","","85","","0.0","","15","","22","","","","99.27","","","","","","NA"
"-75.67","62.18","SALLUIT","7117800","2023-04-27 13:00","2023","04","27","13:00","3.0","","0.3","","82","","0.0","","15","","13","","","","99.30","","","","","","NA"
"-75.67","62.18","SALLUIT","7117800","2023-04-27 14:00","2023","04","27","14:00","3.5","","0.7","","82","","0.0","","16","","19","","","","99.28","","","","","","NA"
"-75.67","62.18","SALLUIT","7117800","2023-04-27 15:00","2023","04","27","15:00","4.0","","0.4","","77","","0.0","","22","","18","","","","99.27","","","","","","NA"
"-75.67","62.18","SALLUIT","7117800","2023-04-27 16:00","2023","04","27","16:00","4.9","","0.5","","73","","0.0","","19","","13","","","","99.27","","","","","","NA"
"-75.67","62.18","SALLUIT","7117800","2023-04-27 17:00","2023","04","27","17:00","4.6","","0.5","","75","","0.0","","20","","7","","","","99.28","","","","","","NA"
"-75.67","62.18","SALLUIT","7117800","2023-04-27 18:00","2023","04","27","18:00","3.6","","0.5","","80","","0.0","","18","","10","","","","99.29","","","","","","NA"
"-75.67","62.18","SALLUIT","7117800","2023-04-27 19:00","2023","04","27","19:00","4.1","","0.6","","78","","0.0","","13","","4","","","","99.28","","","","","","NA"
"-75.67","62.18","SALLUIT","7117800","2023-04-27 20:00","2023","04","27","20:00","3.3","","0.1","","80","","0.0","","19","","13","","","","99.32","","","","","","NA"
"-75.67","62.18","SALLUIT","7117800","2023-04-27 21:00","2023","04","27","21:00","3.5","","0.1","","78","","0.0","","18","","10","","","","99.34","","","","","","NA"
"-75.67","62.18","SALLUIT","7117800","2023-04-27 22:00","2023","04","27","22:00","2.3","","-0.1","","84","","0.0","","33","","25","","","","99.31","","","","","","NA"
"-75.67","62.18","SALLUIT","7117800","2023-04-27 23:00","2023","04","27","23:00","1.4","","-0.3","","88","","0.0","","1","","9","","","","99.32","","","","","","NA"
"-75.67","62.18","SALLUIT","7117800","2023-04-28 00:00","2023","04","28","00:00","2.1","","-0.7","","82","","0.0","","18","","29","","","","99.29","","","","","","NA"
"-75.67","62.18","SALLUIT","7117800","2023-04-28 01:00","2023","04","28","01:00","0.4","","-0.7","","93","","0.0","","30","","16","","","","99.32","","","","","","NA"
"-75.67","62.18","SALLUIT","7117800","2023-04-28 02:00","2023","04","28","02:00","0.5","","-0.8","","91","","0.0","","35","","10","","","","99.34","","","","","","NA"
"-75.67","62.18","SALLUIT","7117800","2023-04-28 03:00","2023","04","28","03:00","0.0","","-0.8","","94","","0.0","","18","","39","","","","99.33","","","","-7","","NA"
"-75.67","62.18","SALLUIT","7117800","2023-04-28 04:00","2023","04","28","04:00","0.6","","-0.1","","95","","0.0","","16","","20","","","","99.37","","","","","","NA"
"-75.67","62.18","SALLUIT","7117800","2023-04-28 05:00","2023","04","28","05:00","0.9","","0.0","","94","","0.0","","17","","43","","","","99.31","","","","","","NA"
"-75.67","62.18","SALLUIT","7117800","2023-04-28 06:00","2023","04","28","06:00","0.8","","-0.3","","92","","0.0","","20","","26","","","","99.38","","","","","","NA"
"-75.67","62.18","SALLUIT","7117800","2023-04-28 07:00","2023","04","28","07:00","0.5","","-0.6","","92","","0.0","","21","","31","","","","99.39","","","","","","NA"
"-75.67","62.18","SALLUIT","7117800","2023-04-28 08:00","2023","04","28","08:00","1.2","","-0.4","","89","","0.0","","18","","27","","","","99.39","","","","","","NA"
"-75.67","62.18","SALLUIT","7117800","2023-04-28 09:00","2023","04","28","09:00","0.7","","-0.5","","92","","0.0","","19","","26","","","","99.41","","","","","","NA"
"-75.67","62.18","SALLUIT","7117800","2023-04-28 10:00","2023","04","28","10:00","1.4","","-0.2","","89","","0.0","","21","","22","","","","99.40","","","","","","NA"
"-75.67","62.18","SALLUIT","7117800","2023-04-28 11:00","2023","04","28","11:00","1.6","","-0.8","","84","","0.0","","20","","29","","","","99.38","","","","","","NA"
"-75.67","62.18","SALLUIT","7117800","2023-04-28 12:00","2023","04","28","12:00","1.8","","-0.6","","84","","0.0","","23","","20","","","","99.39","","","","","","NA"
"-75.67","62.18","SALLUIT","7117800","2023-04-28 13:00","2023","04","28","13:00","1.1","","-0.8","","87","","0.0","","21","","24","","","","99.36","","","","","","NA"
"-75.67","62.18","SALLUIT","7117800","2023-04-28 14:00","2023","04","28","14:00","1.3","","-1.1","","84","","0.0","","22","","21","","","","99.34","","","","","","NA"
"-75.67","62.18","SALLUIT","7117800","2023-04-28 15:00","2023","04","28","15:00","1.4","","-1.2","","83","","0.0","","22","","19","","","","99.34","","","","","","NA"
"-75.67","62.18","SALLUIT","7117800","2023-04-28 16:00","2023","04","28","16:00","1.3","","-1.0","","85","","0.0","","20","","21","","","","99.32","","","","","","NA"
"-75.67","62.18","SALLUIT","7117800","2023-04-28 17:00","2023","04","28","17:00","1.1","","-1.2","","85","","0.0","","21","","19","","","","99.30","","","","","","NA"
"-75.67","62.18","SALLUIT","7117800","2023-04-28 18:00","2023","04","28","18:00","1.1","","-0.9","","87","","0.0","","22","","18","","","","99.29","","","","","","NA"
"-75.67","62.18","SALLUIT","7117800","2023-04-28 19:00","2023","04","28","19:00","0.8","","-0.6","","90","","0.0","","25","","7","","","","99.30","","","","","","NA"
"-75.67","62.18","SALLUIT","7117800","2023-04-28 20:00","2023","04","28","20:00","0.7","","-0.7","","91","","0.0","","27","","5","","","","99.30","","","","","","NA"
"-75.67","62.18","SALLUIT","7117800","2023-04-28 21:00","2023","04","28","21:00","0.7","","-1.0","","89","","0.0","","24","","2","","","","99.28","","","","","","NA"
"-75.67","62.18","SALLUIT","7117800","2023-04-28 22:00","2023","04","28","22:00","0.6","","-0.8","","91","","0.0","","4","","3","","","","99.22","","","","","","NA"
"-75.67","62.18","SALLUIT","7117800","2023-04-28 23:00","2023","04","28","23:00","0.1","","-0.8","","94","","0.0","","1","","2","","","","99.19","","","","","","NA"
"-75.67","62.18","SALLUIT","7117800","2023-04-29 00:00","2023","04","29","00:00","0.3","","-0.9","","91","","0.0","","1","","5","","","","99.17","","","","","","NA"
"-75.67","62.18","SALLUIT","7117800","2023-04-29 01:00","2023","04","29","01:00","-0.1","","-0.9","","94","","0.0","","2","","9","","","","99.13","","","","-3","","NA"
"-75.67","62.18","SALLUIT","7117800","2023-04-29 02:00","2023","04","29","02:00","-0.5","","-1.1","","96","","0.0","","3","","11","","","","99.13","","","","-4","","NA"
"-75.67","62.18","SALLUIT","7117800","2023-04-29 03:00","2023","04","29","03:00","-0.9","","-1.4","","96","","0.0","","4","","10","","","","99.14","","","","-4","","NA"
"-75.67","62.18","SALLUIT","7117800","2023-04-29 04:00","2023","04","29","04:00","-1.2","","-1.4","","98","","0.0","","5","","10","","","","99.15","","","","-5","","NA"
"-75.67","62.18","SALLUIT","7117800","2023-04-29 05:00","2023","04","29","05:00","-1.1","","-1.3","","99","","0.0","","5","","9","","","","99.15","","","","-4","","NA"
"-75.67","62.18","SALLUIT","7117800","2023-04-29 06:00","2023","04","29","06:00","-1.0","","-1.2","","99","","0.0","","5","","9","","","","99.16","","","","-4","","NA"
"-75.67","62.18","SALLUIT","7117800","2023-04-29 07:00","2023","04","29","07:00","-1.0","","-1.2","","98","","0.0","","1","","12","","","","99.17","","","","-5","","NA"
"-75.67","62.18","SALLUIT","7117800","2023-04-29 08:00","2023","04","29","08:00","-1.0","","-1.3","","98","","0.0","","35","","11","","","","99.19","","","","-5","","NA"
"-75.67","62.18","SALLUIT","7117800","2023-04-29 09:00","2023","04","29","09:00","-0.7","","-1.0","","98","","0.2","","2","","12","","","","99.20","","","","-5","","NA"
"-75.67","62.18","SALLUIT","7117800","2023-04-29 10:00","2023","04","29","10:00","-0.6","","-0.9","","98","","0.0","","2","","13","","","","99.21","","","","-5","","NA"
"-75.67","62.18","SALLUIT","7117800","2023-04-29 11:00","2023","04","29","11:00","-0.5","","-0.9","","97","","0.0","","2","","16","","","","99.20","","","","-5","","NA"
"-75.67","62.18","SALLUIT","7117800","2023-04-29 12:00","2023","04","29","12:00","-0.7","","-1.4","","95","","0.0","","4","","13","","","","99.23","","","","-5","","NA"
"-75.67","62.18","SALLUIT","7117800","2023-04-29 13:00","2023","04","29","13:00","-0.7","","-1.8","","92","","0.0","","2","","14","","","","99.24","","","","-5","","NA"
"-75.67","62.18","SALLUIT","7117800","2023-04-29 14:00","2023","04","29","14:00","-0.6","","-1.8","","91","","0.0","","2","","13","","","","99.27","","","","-5","","NA"
"-75.67","62.18","SALLUIT","7117800","2023-04-29 15:00","2023","04","29","15:00"
"-75.67","62.18","SALLUIT","7117800","2023-04-29 16:00","2023","04","29","16:00","-1.2","","-1.8","","96","","0.0","","4","","16","","","","99.33","","","","-6","","NA"
"-75.67","62.18","SALLUIT","7117800","2023-04-29 17:00","2023","04","29","17:00","-1.3","","-1.8","","96","","0.0","","4","","13","","","","99.36","","","","-6","","NA"
"-75.67","62.18","SALLUIT","7117800","2023-04-29 18:00","2023","04","29","18:00","-1.4","","-1.7","","98","","0.0","","2","","14","","","","99.37","","","","-6","","NA"
"-75.67","62.18","SALLUIT","7117800","2023-04-29 19:00","2023","04","29","19:00","-1.8","","-2.0","","99","","0.0","","2","","14","","","","99.39","","","","-6","","NA"
"-75.67","62.18","SALLUIT","7117800","2023-04-29 20:00","2023","04","29","20:00","-2.0","","-2.3","","98","","0.0","","2","","12","","","","99.41","","","","-6","","NA"
"-75.67","62.18","SALLUIT","7117800","2023-04-29 21:00","2023","04","29","21:00","-2.2","","-2.6","","97","","0.0","","4","","14","","","","99.43","","","","-7","","NA"
"-75.67","62.18","SALLUIT","7117800","2023-04-29 22:00","2023","04","29","22:00","-2.3","","-2.7","","97","","0.0","","4","","10","","","","99.44","","","","-6","","NA"
"-75.67","62.18","SALLUIT","7117800","2023-04-29 23:00","2023","04","29","23:00","-2.3","","-2.6","","98","","0.0","","4","","9","","","","99.44","","","","-6","","NA"
"-75.67","62.18","SALLUIT","7117800","2023-04-30 00:00","2023","04","30","00:00","-2.5","","-2.8","","97","","0.0","","4","","12","","","","99.46","","","","-7","","NA"
"-75.67","62.18","SALLUIT","7117800","2023-04-30 01:00","2023","04","30","01:00","-2.6","","-2.9","","98","","0.0","","4","","11","","","","99.46","","","","-7","","NA"
"-75.67","62.18","SALLUIT","7117800","2023-04-30 02:00","2023","04","30","02:00","-2.9","","-3.2","","97","","0.0","","4","","9","","","","99.48","","","","-6","","NA"
"-75.67","62.18","SALLUIT","7117800","2023-04-30 03:00","2023","04","30","03:00","-3.4","","-3.9","","96","","0.0","","2","","9","","","","99.50","","","","-7","","NA"
"-75.67","62.18","SALLUIT","7117800","2023-04-30 04:00","2023","04","30","04:00","-3.4","","-4.0","","96","","0.0","","11","","6","","","","99.51","","","","-6","","NA"
"-75.67","62.18","SALLUIT","7117800","2023-04-30 05:00","2023","04","30","05:00","-3.2","","-3.8","","96","","0.0","","8","","5","","","","99.56","","","","-5","","NA"
"-75.67","62.18","SALLUIT","7117800","2023-04-30 06:00","2023","04","30","06:00","-3.1","","-3.5","","97","","0.0","","4","","9","","","","99.56","","","","-7","","NA"
"-75.67","62.18","SALLUIT","7117800","2023-04-30 07:00","2023","04","30","07:00","-3.4","","-3.9","","96","","0.0","","3","","14","","","","99.57","","","","-8","","NA"
"-75.67","62.18","SALLUIT","7117800","2023-04-30 08:00","2023","04","30","08:00","-3.3","","-4.0","","95","","0.0","","3","","8","","","","99.57","","","","-7","","NA"
"-75.67","62.18","SALLUIT","7117800","2023-04-30 09:00","2023","04","30","09:00","-3.2","","-3.9","","95","","0.0","","3","","11","","","","99.58","","","","-7","","NA"
"-75.67","62.18","SALLUIT","7117800","2023-04-30 10:00","2023","04","30","10:00","-2.4","","-3.7","","91","","0.2","","4","","8","","","","99.57","","","","-6","","NA"
"-75.67","62.18","SALLUIT","7117800","2023-04-30 11:00","2023","04","30","11:00","-1.6","","-3.4","","88","","0.0","","6","","7","","","","99.54","","","","-4","","NA"
"-75.67","62.18","SALLUIT","7117800","2023-04-30 12:00","2023","04","30","12:00","-0.9","","-2.9","","87","","0.0","","4","","9","","","","99.54","","","","-4","","NA"
"-75.67","62.18","SALLUIT","7117800","2023-04-30 13:00","2023","04","30","13:00","-0.1","","-2.6","","84","","0.0","","7","","5","","","","99.56","","","","-2","","NA"
"-75.67","62.18","SALLUIT","7117800","2023-04-30 14:00","2023","04","30","14:00","0.2","","-2.5","","82","","0.0","","5","","7","","","","99.55","","","","","","NA"
"-75.67","62.18","SALLUIT","7117800","2023-04-30 15:00","2023","04","30","15:00","-1.1","","-2.5","","90","","0.0","","1","","14","","","","99.55","","","","-6","","NA"
"-75.67","62.18","SALLUIT","7117800","2023-04-30 16:00","2023","04","30","16:00","-2.5","","-3.0","","97","","0.0","","3","","19","","","","99.55","","","","-8","","NA"
"-75.67","62.18","SALLUIT","7117800","2023-04-30 17:00","2023","04","30","17:00","-3.0","","-3.3","","98","","0.0","","3","","18","","","","99.55","","","","-9","","NA"
"-75.67","62.18","SALLUIT","7117800","2023-04-30 18:00","2023","04","30","18:00","-3.3","","-3.9","","96","","0.0","","2","","18","","","","99.55","","","","-9","","NA"
"-75.67","62.18","SALLUIT","7117800","2023-04-30 19:00","2023","04","30","19:00","-3.6","","-4.1","","96","","0.0","","1","","16","","","","99.53","","","","-9","","NA"
"-75.67","62.18","SALLUIT","7117800","2023-04-30 20:00","2023","04","30","20:00","-3.7","","-4.3","","96","","0.0","","1","","15","","","","99.51","","","","-9","","NA"
"-75.67","62.18","SALLUIT","7117800","2023-04-30 21:00","2023","04","30","21:00","-3.9","","-4.4","","96","","0.0","","5","","11","","","","99.50","","","","-8","","NA"
"-75.67","62.18","SALLUIT","7117800","2023-04-30 22:00","2023","04","30","22:00","-3.4","","-3.9","","96","","0.0","","3","","14","","","","99.43","","","","-8","","NA"
"-75.67","62.18","SALLUIT","7117800","2023-04-30 23:00","2023","04","30","23:00","-3.7","","-4.3","","96","","0.0","","2","","14","","","","99.38","","","","-9","","NA"
