"Longitude (x)","Latitude (y)","Station Name","Climate ID","Date/Time (LST)","Year","Month","Day","Time (LST)","Temp (°C)","Temp Flag","Dew Point Temp (°C)","Dew Point Temp Flag","Rel Hum (%)","Rel Hum Flag","Precip. Amount (mm)","Precip. Amount Flag","Wind Dir (10s deg)","Wind Dir Flag","Wind Spd (km/h)","Wind Spd Flag","Visibility (km)","Visibility Flag","Stn Press (kPa)","Stn Press Flag","Hmdx","Hmdx Flag","Wind Chill","Wind Chill Flag","Weather"
"-64.49","48.01","MISCOU ISLAND (AUT)","8103050","2020-12-01 00:00","2020","12","01","00:00","3.9","","2.9","","93","","1.3","","15","","31","","","","102.10","","","","","","NA"
"-64.49","48.01","MISCOU ISLAND (AUT)","8103050","2020-12-01 01:00","2020","12","01","01:00","4.3","","3.3","","93","","0.7","","15","","37","","","","102.00","","","","","","NA"
"-64.49","48.01","MISCOU ISLAND (AUT)","8103050","2020-12-01 02:00","2020","12","01","02:00","4.3","","3.4","","94","","0.8","","14","","30","","","","101.93","","","","","","NA"
"-64.49","48.01","MISCOU ISLAND (AUT)","8103050","2020-12-01 03:00","2020","12","01","03:00","4.8","","3.9","","94","","1.0","","14","","35","","","","101.71","","","","","","NA"
"-64.49","48.01","MISCOU ISLAND (AUT)","8103050","2020-12-01 04:00","2020","12","01","04:00","5.1","","4.2","","94","","2.3","","13","","41","","","","101.44","","","","","","NA"
"-64.49","48.01","MISCOU ISLAND (AUT)","8103050","2020-12-01 05:00","2020","12","01","05:00","5.5","","4.6","","94","","0.6","","14","","46","","","","101.30","","","","","","NA"
"-64.49","48.01","MISCOU ISLAND (AUT)","8103050","2020-12-01 06:00","2020","12","01","06:00","5.9","","5.0","","94","","0.0","","15","","41","","","","101.26","","","","","","NA"
"-64.49","48.01","MISCOU ISLAND (AUT)","8103050","2020-12-01 07:00","2020","12","01","07:00","6.2","","5.3","","94","","0.0","","15","","37","","","","101.28","","","","","","NA"
"-64.49","48.01","MISCOU ISLAND (AUT)","8103050","2020-12-01 08:00","2020","12","01","08:00","6.1","","5.3","","94","","0.0","","16","","35","","","","101.26","","","","","","NA"
"-64.49","48.01","MISCOU ISLAND (AUT)","8103050","2020-12-01 09:00","2020","12","01","09:00","6.7","","5.9","","95","","0.0","","16","","28","","","","101.31","","","","","","NA"
"-64.49","48.01","MISCOU ISLAND (AUT)","8103050","2020-12-01 10:00","2020","12","01","10:00","7.2","","6.5","","95","","0.0","","16","","29","","","","101.27","","","","","","NA"
"-64.49","48.01","MISCOU ISLAND (AUT)","8103050","2020-12-01 11:00","2020","12","01","11:00","7.3","","6.5","","95","","0.0","","16","","30","","","","101.31","","","","","","NA"
"-64.49","48.01","MISCOU ISLAND (AUT)","8103050","2020-12-01 12:00","2020","12","01","12:00","7.3","","6.4","","94","","0.0","","16","","25","","","","101.35","","","","","","NA"
"-64.49","48.01","MISCOU ISLAND (AUT)","8103050","2020-12-01 13:00","2020","12","01","13:00","6.8","","6.0","","94","","0.0","","15","","31","","","","101.29","","","","","","NA"
"-64.49","48.01","MISCOU ISLAND (AUT)","8103050","2020-12-01 14:00","2020","12","01","14:00","6.9","","6.0","","94","","0.2","","15","","26","","","","101.30","","","","","","NA"
"-64.49","48.01","MISCOU ISLAND (AUT)","8103050","2020-12-01 15:00","2020","12","01","15:00","6.7","","5.8","","94","","0.2","","14","","19","","","","101.29","","","","","","NA"
"-64.49","48.01","MISCOU ISLAND (AUT)","8103050","2020-12-01 16:00","2020","12","01","16:00","6.6","","5.8","","95","","1.8","","15","","21","","","","101.30","","","","","","NA"
"-64.49","48.01","MISCOU ISLAND (AUT)","8103050","2020-12-01 17:00","2020","12","01","17:00","7.2","","6.6","","96","","4.7","","15","","23","","","","101.28","","","","","","NA"
"-64.49","48.01","MISCOU ISLAND (AUT)","8103050","2020-12-01 18:00","2020","12","01","18:00","7.0","","6.4","","96","","4.0","","14","","31","","","","101.21","","","","","","NA"
"-64.49","48.01","MISCOU ISLAND (AUT)","8103050","2020-12-01 19:00","2020","12","01","19:00","7.1","","6.6","","97","","3.9","","14","","33","","","","101.19","","","","","","NA"
"-64.49","48.01","MISCOU ISLAND (AUT)","8103050","2020-12-01 20:00","2020","12","01","20:00","6.7","","6.3","","97","","3.3","","14","","29","","","","101.18","","","","","","NA"
"-64.49","48.01","MISCOU ISLAND (AUT)","8103050","2020-12-01 21:00","2020","12","01","21:00","7.4","","6.9","","97","","2.6","","14","","34","","","","101.12","","","","","","NA"
"-64.49","48.01","MISCOU ISLAND (AUT)","8103050","2020-12-01 22:00","2020","12","01","22:00","7.2","","6.8","","97","","2.3","","14","","34","","","","101.11","","","","","","NA"
"-64.49","48.01","MISCOU ISLAND (AUT)","8103050","2020-12-01 23:00","2020","12","01","23:00","6.7","","6.3","","97","","4.3","","14","","28","","","","101.11","","","","","","NA"
"-64.49","48.01","MISCOU ISLAND (AUT)","8103050","2020-12-02 00:00","2020","12","02","00:00","7.2","","6.7","","97","","3.0","","15","","30","","","","101.12","","","","","","NA"
"-64.49","48.01","MISCOU ISLAND (AUT)","8103050","2020-12-02 01:00","2020","12","02","01:00","7.1","","6.6","","97","","1.6","","14","","27","","","","101.02","","","","","","NA"
"-64.49","48.01","MISCOU ISLAND (AUT)","8103050","2020-12-02 02:00","2020","12","02","02:00","7.5","","7.0","","97","","2.7","","14","","32","","","","100.99","","","","","","NA"
"-64.49","48.01","MISCOU ISLAND (AUT)","8103050","2020-12-02 03:00","2020","12","02","03:00","7.9","","7.4","","97","","0.7","","15","","33","","","","100.95","","","","","","NA"
"-64.49","48.01","MISCOU ISLAND (AUT)","8103050","2020-12-02 04:00","2020","12","02","04:00","7.7","","7.2","","97","","0.0","","16","","32","","","","101.02","","","","","","NA"
"-64.49","48.01","MISCOU ISLAND (AUT)","8103050","2020-12-02 05:00","2020","12","02","05:00","7.5","","7.0","","97","","0.0","","15","","27","","","","101.01","","","","","","NA"
"-64.49","48.01","MISCOU ISLAND (AUT)","8103050","2020-12-02 06:00","2020","12","02","06:00","7.1","","6.6","","97","","0.2","","15","","25","","","","100.99","","","","","","NA"
"-64.49","48.01","MISCOU ISLAND (AUT)","8103050","2020-12-02 07:00","2020","12","02","07:00","6.0","","5.6","","97","","0.2","","14","","18","","","","100.97","","","","","","NA"
"-64.49","48.01","MISCOU ISLAND (AUT)","8103050","2020-12-02 08:00","2020","12","02","08:00","6.5","","6.1","","97","","0.2","","15","","25","","","","101.01","","","","","","NA"
"-64.49","48.01","MISCOU ISLAND (AUT)","8103050","2020-12-02 09:00","2020","12","02","09:00","7.2","","6.8","","97","","0.7","","19","","20","","","","101.14","","","","","","NA"
"-64.49","48.01","MISCOU ISLAND (AUT)","8103050","2020-12-02 10:00","2020","12","02","10:00","6.3","","5.8","","97","","0.3","","13","","7","","","","101.18","","","","","","NA"
"-64.49","48.01","MISCOU ISLAND (AUT)","8103050","2020-12-02 11:00","2020","12","02","11:00","5.3","","4.8","","97","","0.3","","13","","4","","","","101.16","","","","","","NA"
"-64.49","48.01","MISCOU ISLAND (AUT)","8103050","2020-12-02 12:00","2020","12","02","12:00","6.9","","6.5","","97","","0.3","","16","","9","","","","101.15","","","","","","NA"
"-64.49","48.01","MISCOU ISLAND (AUT)","8103050","2020-12-02 13:00","2020","12","02","13:00","6.9","","6.5","","97","","0.8","","17","","7","","","","101.04","","","","","","NA"
"-64.49","48.01","MISCOU ISLAND (AUT)","8103050","2020-12-02 14:00","2020","12","02","14:00","5.9","","5.5","","97","","0.2","","15","","8","","","","101.07","","","","","","NA"
"-64.49","48.01","MISCOU ISLAND (AUT)","8103050","2020-12-02 15:00","2020","12","02","15:00","5.4","","5.0","","97","","0.0","","16","","10","","","","101.04","","","","","","NA"
"-64.49","48.01","MISCOU ISLAND (AUT)","8103050","2020-12-02 16:00","2020","12","02","16:00","5.9","","5.5","","97","","0.0","","18","","10","","","","101.06","","","","","","NA"
"-64.49","48.01","MISCOU ISLAND (AUT)","8103050","2020-12-02 17:00","2020","12","02","17:00","5.8","","5.4","","97","","0.0","","17","","8","","","","100.94","","","","","","NA"
"-64.49","48.01","MISCOU ISLAND (AUT)","8103050","2020-12-02 18:00","2020","12","02","18:00","5.3","","4.9","","97","","0.0","","19","","9","","","","100.94","","","","","","NA"
"-64.49","48.01","MISCOU ISLAND (AUT)","8103050","2020-12-02 19:00","2020","12","02","19:00","4.5","","4.0","","97","","0.0","","19","","12","","","","100.90","","","","","","NA"
"-64.49","48.01","MISCOU ISLAND (AUT)","8103050","2020-12-02 20:00","2020","12","02","20:00","3.8","","3.3","","97","","0.0","","22","","13","","","","100.91","","","","","","NA"
"-64.49","48.01","MISCOU ISLAND (AUT)","8103050","2020-12-02 21:00","2020","12","02","21:00","2.7","","2.2","","96","","0.0","","22","","12","","","","100.85","","","","","","NA"
"-64.49","48.01","MISCOU ISLAND (AUT)","8103050","2020-12-02 22:00","2020","12","02","22:00","2.1","","1.5","","96","","0.0","","18","","9","","","","100.77","","","","","","NA"
"-64.49","48.01","MISCOU ISLAND (AUT)","8103050","2020-12-02 23:00","2020","12","02","23:00","2.1","","1.4","","96","","0.0","","19","","12","","","","100.76","","","","","","NA"
"-64.49","48.01","MISCOU ISLAND (AUT)","8103050","2020-12-03 00:00","2020","12","03","00:00","1.9","","1.3","","96","","0.0","","20","","13","","","","100.72","","","","","","NA"
"-64.49","48.01","MISCOU ISLAND (AUT)","8103050","2020-12-03 01:00","2020","12","03","01:00","3.7","","3.1","","96","","0.0","","17","","11","","","","100.67","","","","","","NA"
"-64.49","48.01","MISCOU ISLAND (AUT)","8103050","2020-12-03 02:00","2020","12","03","02:00","4.5","","3.9","","96","","0.0","","22","","21","","","","100.69","","","","","","NA"
"-64.49","48.01","MISCOU ISLAND (AUT)","8103050","2020-12-03 03:00","2020","12","03","03:00","4.1","","3.4","","95","","0.7","","21","","17","","","","100.68","","","","","","NA"
"-64.49","48.01","MISCOU ISLAND (AUT)","8103050","2020-12-03 04:00","2020","12","03","04:00","3.6","","2.2","","90","","0.5","","20","","22","","","","100.66","","","","","","NA"
"-64.49","48.01","MISCOU ISLAND (AUT)","8103050","2020-12-03 05:00","2020","12","03","05:00","2.9","","1.4","","90","","0.0","","21","","23","","","","100.72","","","","","","NA"
"-64.49","48.01","MISCOU ISLAND (AUT)","8103050","2020-12-03 06:00","2020","12","03","06:00","1.8","","0.2","","90","","0.0","","22","","23","","","","100.75","","","","","","NA"
"-64.49","48.01","MISCOU ISLAND (AUT)","8103050","2020-12-03 07:00","2020","12","03","07:00","1.4","","0.0","","91","","0.0","","21","","23","","","","100.80","","","","","","NA"
"-64.49","48.01","MISCOU ISLAND (AUT)","8103050","2020-12-03 08:00","2020","12","03","08:00","1.2","","-0.1","","91","","0.0","","22","","23","","","","100.87","","","","","","NA"
"-64.49","48.01","MISCOU ISLAND (AUT)","8103050","2020-12-03 09:00","2020","12","03","09:00","2.0","","0.0","","86","","0.0","","22","","27","","","","100.91","","","","","","NA"
"-64.49","48.01","MISCOU ISLAND (AUT)","8103050","2020-12-03 10:00","2020","12","03","10:00","2.7","","-0.3","","81","","0.0","","22","","30","","","","100.96","","","","","","NA"
"-64.49","48.01","MISCOU ISLAND (AUT)","8103050","2020-12-03 11:00","2020","12","03","11:00","2.6","","-1.8","","72","","0.0","","24","","34","","","","101.03","","","","","","NA"
"-64.49","48.01","MISCOU ISLAND (AUT)","8103050","2020-12-03 12:00","2020","12","03","12:00","2.5","","-3.4","","65","","0.0","","25","","34","","","","101.06","","","","","","NA"
"-64.49","48.01","MISCOU ISLAND (AUT)","8103050","2020-12-03 13:00","2020","12","03","13:00","2.0","","-4.0","","64","","0.0","","25","","31","","","","101.10","","","","","","NA"
"-64.49","48.01","MISCOU ISLAND (AUT)","8103050","2020-12-03 14:00","2020","12","03","14:00","1.9","","-3.3","","68","","0.0","","25","","27","","","","101.14","","","","","","NA"
"-64.49","48.01","MISCOU ISLAND (AUT)","8103050","2020-12-03 15:00","2020","12","03","15:00","2.6","","-3.0","","67","","0.0","","25","","23","","","","101.23","","","","","","NA"
"-64.49","48.01","MISCOU ISLAND (AUT)","8103050","2020-12-03 16:00","2020","12","03","16:00","1.5","","-3.1","","72","","0.0","","23","","11","","","","101.29","","","","","","NA"
"-64.49","48.01","MISCOU ISLAND (AUT)","8103050","2020-12-03 17:00","2020","12","03","17:00","-1.2","","-4.2","","80","","0.0","","19","","11","","","","101.34","","","","-5","","NA"
"-64.49","48.01","MISCOU ISLAND (AUT)","8103050","2020-12-03 18:00","2020","12","03","18:00","-0.7","","-2.9","","85","","0.0","","19","","13","","","","101.40","","","","-5","","NA"
"-64.49","48.01","MISCOU ISLAND (AUT)","8103050","2020-12-03 19:00","2020","12","03","19:00","-0.7","","-2.9","","85","","0.0","","20","","14","","","","101.41","","","","-5","","NA"
"-64.49","48.01","MISCOU ISLAND (AUT)","8103050","2020-12-03 20:00","2020","12","03","20:00","0.6","","-3.0","","77","","0.0","","22","","19","","","","101.44","","","","","","NA"
"-64.49","48.01","MISCOU ISLAND (AUT)","8103050","2020-12-03 21:00","2020","12","03","21:00","1.4","","-2.9","","73","","0.0","","21","","20","","","","101.45","","","","","","NA"
"-64.49","48.01","MISCOU ISLAND (AUT)","8103050","2020-12-03 22:00","2020","12","03","22:00","1.5","","-2.9","","72","","0.0","","19","","15","","","","101.45","","","","","","NA"
"-64.49","48.01","MISCOU ISLAND (AUT)","8103050","2020-12-03 23:00","2020","12","03","23:00","2.2","","-3.0","","68","","0.0","","20","","19","","","","101.42","","","","","","NA"
"-64.49","48.01","MISCOU ISLAND (AUT)","8103050","2020-12-04 00:00","2020","12","04","00:00","3.0","","-3.5","","62","","0.0","","21","","26","","","","101.42","","","","","","NA"
"-64.49","48.01","MISCOU ISLAND (AUT)","8103050","2020-12-04 01:00","2020","12","04","01:00","2.5","","-3.3","","65","","0.0","","21","","20","","","","101.42","","","","","","NA"
"-64.49","48.01","MISCOU ISLAND (AUT)","8103050","2020-12-04 02:00","2020","12","04","02:00","1.5","","-3.9","","67","","0.0","","20","","20","","","","101.41","","","","","","NA"
"-64.49","48.01","MISCOU ISLAND (AUT)","8103050","2020-12-04 03:00","2020","12","04","03:00","1.4","","-3.8","","68","","0.0","","21","","21","","","","101.44","","","","","","NA"
"-64.49","48.01","MISCOU ISLAND (AUT)","8103050","2020-12-04 04:00","2020","12","04","04:00","1.2","","-2.6","","76","","0.0","","20","","20","","","","101.41","","","","","","NA"
"-64.49","48.01","MISCOU ISLAND (AUT)","8103050","2020-12-04 05:00","2020","12","04","05:00","1.2","","-2.4","","77","","0.0","","20","","21","","","","101.37","","","","","","NA"
"-64.49","48.01","MISCOU ISLAND (AUT)","8103050","2020-12-04 06:00","2020","12","04","06:00","1.4","","-1.8","","79","","0.0","","20","","22","","","","101.38","","","","","","NA"
"-64.49","48.01","MISCOU ISLAND (AUT)","8103050","2020-12-04 07:00","2020","12","04","07:00","1.6","","-1.2","","82","","0.0","","19","","19","","","","101.36","","","","","","NA"
"-64.49","48.01","MISCOU ISLAND (AUT)","8103050","2020-12-04 08:00","2020","12","04","08:00","0.7","","-1.7","","84","","0.0","","20","","15","","","","101.41","","","","","","NA"
"-64.49","48.01","MISCOU ISLAND (AUT)","8103050","2020-12-04 09:00","2020","12","04","09:00","1.5","","-2.1","","77","","0.0","","26","","9","","","","101.47","","","","","","NA"
"-64.49","48.01","MISCOU ISLAND (AUT)","8103050","2020-12-04 10:00","2020","12","04","10:00","2.2","","-1.7","","75","","0.0","","22","","10","","","","101.46","","","","","","NA"
"-64.49","48.01","MISCOU ISLAND (AUT)","8103050","2020-12-04 11:00","2020","12","04","11:00","3.3","","-1.7","","69","","0.0","","22","","9","","","","101.43","","","","","","NA"
"-64.49","48.01","MISCOU ISLAND (AUT)","8103050","2020-12-04 12:00","2020","12","04","12:00","4.1","","-1.5","","67","","0.0","","22","","10","","","","101.37","","","","","","NA"
"-64.49","48.01","MISCOU ISLAND (AUT)","8103050","2020-12-04 13:00","2020","12","04","13:00","4.3","","-0.7","","70","","0.0","","19","","9","","","","101.34","","","","","","NA"
"-64.49","48.01","MISCOU ISLAND (AUT)","8103050","2020-12-04 14:00","2020","12","04","14:00","3.9","","-0.4","","73","","0.0","","17","","9","","","","101.28","","","","","","NA"
"-64.49","48.01","MISCOU ISLAND (AUT)","8103050","2020-12-04 15:00","2020","12","04","15:00","3.3","","0.9","","84","","0.0","","17","","10","","","","101.24","","","","","","NA"
"-64.49","48.01","MISCOU ISLAND (AUT)","8103050","2020-12-04 16:00","2020","12","04","16:00","3.1","","1.2","","87","","0.0","","12","","5","","","","101.18","","","","","","NA"
"-64.49","48.01","MISCOU ISLAND (AUT)","8103050","2020-12-04 17:00","2020","12","04","17:00","2.5","","0.9","","89","","0.7","","20","","7","","","","101.25","","","","","","NA"
"-64.49","48.01","MISCOU ISLAND (AUT)","8103050","2020-12-04 18:00","2020","12","04","18:00","1.9","","0.6","","91","","0.0","","","","0","","","","101.22","","","","","","NA"
"-64.49","48.01","MISCOU ISLAND (AUT)","8103050","2020-12-04 19:00","2020","12","04","19:00","2.3","","1.1","","92","","0.2","","6","","3","","","","101.17","","","","","","NA"
"-64.49","48.01","MISCOU ISLAND (AUT)","8103050","2020-12-04 20:00","2020","12","04","20:00","1.2","","0.1","","93","","0.0","","29","","8","","","","101.16","","","","","","NA"
"-64.49","48.01","MISCOU ISLAND (AUT)","8103050","2020-12-04 21:00","2020","12","04","21:00","0.2","","-0.7","","93","","0.0","","23","","4","","","","101.17","","","","","","NA"
"-64.49","48.01","MISCOU ISLAND (AUT)","8103050","2020-12-04 22:00","2020","12","04","22:00","1.2","","0.3","","94","","0.0","","27","","9","","","","101.18","","","","","","NA"
"-64.49","48.01","MISCOU ISLAND (AUT)","8103050","2020-12-04 23:00","2020","12","04","23:00","1.0","","0.1","","94","","0.0","","26","","4","","","","101.19","","","","","","NA"
"-64.49","48.01","MISCOU ISLAND (AUT)","8103050","2020-12-05 00:00","2020","12","05","00:00","1.0","","0.2","","94","","0.0","","21","","8","","","","101.20","","","","","","NA"
"-64.49","48.01","MISCOU ISLAND (AUT)","8103050","2020-12-05 01:00","2020","12","05","01:00","1.3","","0.6","","95","","0.0","","19","","9","","","","101.19","","","","","","NA"
"-64.49","48.01","MISCOU ISLAND (AUT)","8103050","2020-12-05 02:00","2020","12","05","02:00","1.0","","0.3","","95","","0.0","","23","","7","","","","101.22","","","","","","NA"
"-64.49","48.01","MISCOU ISLAND (AUT)","8103050","2020-12-05 03:00","2020","12","05","03:00","2.0","","1.2","","95","","0.0","","25","","10","","","","101.29","","","","","","NA"
"-64.49","48.01","MISCOU ISLAND (AUT)","8103050","2020-12-05 04:00","2020","12","05","04:00","1.7","","0.8","","94","","0.6","","24","","13","","","","101.31","","","","","","NA"
"-64.49","48.01","MISCOU ISLAND (AUT)","8103050","2020-12-05 05:00","2020","12","05","05:00","1.4","","0.5","","94","","0.3","","24","","9","","","","101.30","","","","","","NA"
"-64.49","48.01","MISCOU ISLAND (AUT)","8103050","2020-12-05 06:00","2020","12","05","06:00","0.5","","-0.3","","94","","0.0","","25","","7","","","","101.29","","","","","","NA"
"-64.49","48.01","MISCOU ISLAND (AUT)","8103050","2020-12-05 07:00","2020","12","05","07:00","1.3","","0.5","","95","","0.0","","26","","9","","","","101.34","","","","","","NA"
"-64.49","48.01","MISCOU ISLAND (AUT)","8103050","2020-12-05 08:00","2020","12","05","08:00","1.5","","0.7","","94","","0.0","","26","","8","","","","101.37","","","","","","NA"
"-64.49","48.01","MISCOU ISLAND (AUT)","8103050","2020-12-05 09:00","2020","12","05","09:00","1.8","","0.9","","94","","0.0","","27","","9","","","","101.41","","","","","","NA"
"-64.49","48.01","MISCOU ISLAND (AUT)","8103050","2020-12-05 10:00","2020","12","05","10:00","2.3","","1.4","","94","","0.2","","29","","6","","","","101.51","","","","","","NA"
"-64.49","48.01","MISCOU ISLAND (AUT)","8103050","2020-12-05 11:00","2020","12","05","11:00","2.4","","1.2","","92","","0.0","","31","","8","","","","101.53","","","","","","NA"
"-64.49","48.01","MISCOU ISLAND (AUT)","8103050","2020-12-05 12:00","2020","12","05","12:00","2.8","","1.2","","89","","0.0","","24","","6","","","","101.46","","","","","","NA"
"-64.49","48.01","MISCOU ISLAND (AUT)","8103050","2020-12-05 13:00","2020","12","05","13:00","3.1","","1.2","","87","","0.0","","28","","5","","","","101.44","","","","","","NA"
"-64.49","48.01","MISCOU ISLAND (AUT)","8103050","2020-12-05 14:00","2020","12","05","14:00","2.9","","0.7","","85","","0.0","","33","","8","","","","101.41","","","","","","NA"
"-64.49","48.01","MISCOU ISLAND (AUT)","8103050","2020-12-05 15:00","2020","12","05","15:00","2.3","","0.3","","87","","0.0","","3","","8","","","","101.34","","","","","","NA"
"-64.49","48.01","MISCOU ISLAND (AUT)","8103050","2020-12-05 16:00","2020","12","05","16:00","2.0","","0.1","","88","","0.0","","2","","11","","","","101.34","","","","","","NA"
"-64.49","48.01","MISCOU ISLAND (AUT)","8103050","2020-12-05 17:00","2020","12","05","17:00","2.1","","0.4","","88","","0.0","","5","","18","","","","101.34","","","","","","NA"
"-64.49","48.01","MISCOU ISLAND (AUT)","8103050","2020-12-05 18:00","2020","12","05","18:00","2.5","","0.6","","88","","0.0","","4","","26","","","","101.34","","","","","","NA"
"-64.49","48.01","MISCOU ISLAND (AUT)","8103050","2020-12-05 19:00","2020","12","05","19:00","2.6","","1.0","","89","","0.0","","5","","32","","","","101.27","","","","","","NA"
"-64.49","48.01","MISCOU ISLAND (AUT)","8103050","2020-12-05 20:00","2020","12","05","20:00","2.4","","1.1","","91","","0.0","","5","","32","","","","101.25","","","","","","NA"
"-64.49","48.01","MISCOU ISLAND (AUT)","8103050","2020-12-05 21:00","2020","12","05","21:00","2.0","","0.8","","92","","1.1","","4","","40","","","","101.10","","","","","","NA"
"-64.49","48.01","MISCOU ISLAND (AUT)","8103050","2020-12-05 22:00","2020","12","05","22:00","1.5","","0.6","","94","","1.3","","4","","41","","","","100.91","","","","","","NA"
"-64.49","48.01","MISCOU ISLAND (AUT)","8103050","2020-12-05 23:00","2020","12","05","23:00","1.6","","0.7","","94","","0.9","","4","","45","","","","100.71","","","","","","NA"
"-64.49","48.01","MISCOU ISLAND (AUT)","8103050","2020-12-06 00:00","2020","12","06","00:00","1.8","","0.9","","93","","1.1","","4","","50","","","","100.56","","","","","","NA"
"-64.49","48.01","MISCOU ISLAND (AUT)","8103050","2020-12-06 01:00","2020","12","06","01:00","1.9","","0.9","","93","","1.7","","4","","53","","","","100.34","","","","","","NA"
"-64.49","48.01","MISCOU ISLAND (AUT)","8103050","2020-12-06 02:00","2020","12","06","02:00","2.1","","1.0","","93","","1.9","","4","","61","","","","100.15","","","","","","NA"
"-64.49","48.01","MISCOU ISLAND (AUT)","8103050","2020-12-06 03:00","2020","12","06","03:00","2.0","","1.1","","93","","4.8","","4","","64","","","","99.96","","","","","","NA"
"-64.49","48.01","MISCOU ISLAND (AUT)","8103050","2020-12-06 04:00","2020","12","06","04:00","2.0","","0.9","","93","","3.4","","4","","69","","","","99.65","","","","","","NA"
"-64.49","48.01","MISCOU ISLAND (AUT)","8103050","2020-12-06 05:00","2020","12","06","05:00","2.1","","1.2","","94","","3.8","","4","","71","","","","99.49","","","","","","NA"
"-64.49","48.01","MISCOU ISLAND (AUT)","8103050","2020-12-06 06:00","2020","12","06","06:00","2.1","","1.2","","94","","1.4","","4","","65","","","","99.40","","","","","","NA"
"-64.49","48.01","MISCOU ISLAND (AUT)","8103050","2020-12-06 07:00","2020","12","06","07:00","2.2","","1.2","","93","","1.9","","3","","63","","","","99.25","","","","","","NA"
"-64.49","48.01","MISCOU ISLAND (AUT)","8103050","2020-12-06 08:00","2020","12","06","08:00","2.2","","1.3","","94","","0.7","","3","","58","","","","99.14","","","","","","NA"
"-64.49","48.01","MISCOU ISLAND (AUT)","8103050","2020-12-06 09:00","2020","12","06","09:00","2.2","","1.4","","94","","1.1","","3","","57","","","","99.09","","","","","","NA"
"-64.49","48.01","MISCOU ISLAND (AUT)","8103050","2020-12-06 10:00","2020","12","06","10:00","2.3","","1.5","","94","","0.4","","3","","52","","","","99.01","","","","","","NA"
"-64.49","48.01","MISCOU ISLAND (AUT)","8103050","2020-12-06 11:00","2020","12","06","11:00","2.5","","1.7","","94","","0.3","","3","","44","","","","98.98","","","","","","NA"
"-64.49","48.01","MISCOU ISLAND (AUT)","8103050","2020-12-06 12:00","2020","12","06","12:00","2.8","","2.1","","95","","0.6","","3","","38","","","","98.86","","","","","","NA"
"-64.49","48.01","MISCOU ISLAND (AUT)","8103050","2020-12-06 13:00","2020","12","06","13:00","3.1","","2.5","","96","","1.0","","2","","33","","","","98.82","","","","","","NA"
"-64.49","48.01","MISCOU ISLAND (AUT)","8103050","2020-12-06 14:00","2020","12","06","14:00","3.8","","3.3","","96","","0.6","","5","","21","","","","98.75","","","","","","NA"
"-64.49","48.01","MISCOU ISLAND (AUT)","8103050","2020-12-06 15:00","2020","12","06","15:00","3.8","","3.3","","96","","0.0","","4","","22","","","","98.75","","","","","","NA"
"-64.49","48.01","MISCOU ISLAND (AUT)","8103050","2020-12-06 16:00","2020","12","06","16:00","3.4","","2.8","","96","","0.4","","2","","14","","","","98.77","","","","","","NA"
"-64.49","48.01","MISCOU ISLAND (AUT)","8103050","2020-12-06 17:00","2020","12","06","17:00","3.9","","3.4","","96","","0.0","","7","","20","","","","98.77","","","","","","NA"
"-64.49","48.01","MISCOU ISLAND (AUT)","8103050","2020-12-06 18:00","2020","12","06","18:00","3.9","","3.3","","96","","0.2","","7","","18","","","","98.81","","","","","","NA"
"-64.49","48.01","MISCOU ISLAND (AUT)","8103050","2020-12-06 19:00","2020","12","06","19:00","3.8","","3.3","","96","","0.5","","6","","18","","","","98.82","","","","","","NA"
"-64.49","48.01","MISCOU ISLAND (AUT)","8103050","2020-12-06 20:00","2020","12","06","20:00","3.9","","3.3","","96","","0.2","","6","","16","","","","98.84","","","","","","NA"
"-64.49","48.01","MISCOU ISLAND (AUT)","8103050","2020-12-06 21:00","2020","12","06","21:00","3.5","","3.0","","96","","0.2","","5","","17","","","","98.83","","","","","","NA"
"-64.49","48.01","MISCOU ISLAND (AUT)","8103050","2020-12-06 22:00","2020","12","06","22:00","3.5","","3.0","","96","","0.2","","5","","16","","","","98.82","","","","","","NA"
"-64.49","48.01","MISCOU ISLAND (AUT)","8103050","2020-12-06 23:00","2020","12","06","23:00","3.4","","2.8","","96","","0.5","","5","","21","","","","98.83","","","","","","NA"
"-64.49","48.01","MISCOU ISLAND (AUT)","8103050","2020-12-07 00:00","2020","12","07","00:00","3.3","","2.8","","97","","0.3","","4","","21","","","","98.83","","","","","","NA"
"-64.49","48.01","MISCOU ISLAND (AUT)","8103050","2020-12-07 01:00","2020","12","07","01:00","3.3","","2.8","","97","","0.3","","4","","24","","","","98.82","","","","","","NA"
"-64.49","48.01","MISCOU ISLAND (AUT)","8103050","2020-12-07 02:00","2020","12","07","02:00","3.1","","2.6","","97","","0.2","","3","","24","","","","98.86","","","","","","NA"
"-64.49","48.01","MISCOU ISLAND (AUT)","8103050","2020-12-07 03:00","2020","12","07","03:00","2.8","","2.3","","97","","1.4","","2","","41","","","","98.94","","","","","","NA"
"-64.49","48.01","MISCOU ISLAND (AUT)","8103050","2020-12-07 04:00","2020","12","07","04:00","2.1","","1.6","","96","","0.6","","1","","47","","","","98.99","","","","","","NA"
"-64.49","48.01","MISCOU ISLAND (AUT)","8103050","2020-12-07 05:00","2020","12","07","05:00","1.3","","0.6","","95","","0.7","","1","","50","","","","99.07","","","","","","NA"
"-64.49","48.01","MISCOU ISLAND (AUT)","8103050","2020-12-07 06:00","2020","12","07","06:00","1.2","","0.2","","93","","0.4","","1","","49","","","","99.13","","","","","","NA"
"-64.49","48.01","MISCOU ISLAND (AUT)","8103050","2020-12-07 07:00","2020","12","07","07:00","1.2","","-0.2","","91","","0.0","","1","","47","","","","99.22","","","","","","NA"
"-64.49","48.01","MISCOU ISLAND (AUT)","8103050","2020-12-07 08:00","2020","12","07","08:00","1.1","","-0.7","","88","","0.0","","36","","43","","","","99.29","","","","","","NA"
"-64.49","48.01","MISCOU ISLAND (AUT)","8103050","2020-12-07 09:00","2020","12","07","09:00","1.1","","-1.2","","85","","0.0","","35","","47","","","","99.37","","","","","","NA"
"-64.49","48.01","MISCOU ISLAND (AUT)","8103050","2020-12-07 10:00","2020","12","07","10:00","1.0","","-1.0","","87","","0.0","","35","","45","","","","99.46","","","","","","NA"
"-64.49","48.01","MISCOU ISLAND (AUT)","8103050","2020-12-07 11:00","2020","12","07","11:00","0.4","","-1.1","","90","","0.0","","36","","48","","","","99.50","","","","","","NA"
"-64.49","48.01","MISCOU ISLAND (AUT)","8103050","2020-12-07 12:00","2020","12","07","12:00","0.2","","-0.7","","93","","0.0","","35","","44","","","","99.53","","","","","","NA"
"-64.49","48.01","MISCOU ISLAND (AUT)","8103050","2020-12-07 13:00","2020","12","07","13:00","0.5","","-0.7","","91","","0.2","","35","","43","","","","99.56","","","","","","NA"
"-64.49","48.01","MISCOU ISLAND (AUT)","8103050","2020-12-07 14:00","2020","12","07","14:00","0.6","","-0.8","","90","","0.0","","35","","41","","","","99.63","","","","","","NA"
"-64.49","48.01","MISCOU ISLAND (AUT)","8103050","2020-12-07 15:00","2020","12","07","15:00","0.9","","-1.4","","85","","0.0","","35","","39","","","","99.73","","","","","","NA"
"-64.49","48.01","MISCOU ISLAND (AUT)","8103050","2020-12-07 16:00","2020","12","07","16:00","1.1","","-1.5","","83","","0.0","","35","","37","","","","99.83","","","","","","NA"
"-64.49","48.01","MISCOU ISLAND (AUT)","8103050","2020-12-07 17:00","2020","12","07","17:00","1.1","","-1.8","","81","","0.0","","35","","37","","","","99.92","","","","","","NA"
"-64.49","48.01","MISCOU ISLAND (AUT)","8103050","2020-12-07 18:00","2020","12","07","18:00","1.1","","-1.8","","81","","0.0","","35","","32","","","","100.03","","","","","","NA"
"-64.49","48.01","MISCOU ISLAND (AUT)","8103050","2020-12-07 19:00","2020","12","07","19:00","1.0","","-1.8","","81","","0.0","","34","","31","","","","100.11","","","","","","NA"
"-64.49","48.01","MISCOU ISLAND (AUT)","8103050","2020-12-07 20:00","2020","12","07","20:00","0.9","","-1.7","","82","","0.0","","34","","29","","","","100.19","","","","","","NA"
"-64.49","48.01","MISCOU ISLAND (AUT)","8103050","2020-12-07 21:00","2020","12","07","21:00","1.0","","-1.7","","82","","0.0","","34","","23","","","","100.23","","","","","","NA"
"-64.49","48.01","MISCOU ISLAND (AUT)","8103050","2020-12-07 22:00","2020","12","07","22:00","1.1","","-1.7","","82","","0.0","","33","","26","","","","100.26","","","","","","NA"
"-64.49","48.01","MISCOU ISLAND (AUT)","8103050","2020-12-07 23:00","2020","12","07","23:00","1.0","","-1.7","","82","","0.0","","34","","24","","","","100.34","","","","","","NA"
"-64.49","48.01","MISCOU ISLAND (AUT)","8103050","2020-12-08 00:00","2020","12","08","00:00","1.0","","-1.7","","82","","0.0","","34","","24","","","","100.38","","","","","","NA"
"-64.49","48.01","MISCOU ISLAND (AUT)","8103050","2020-12-08 01:00","2020","12","08","01:00","0.7","","-1.9","","83","","0.0","","34","","20","","","","100.42","","","","","","NA"
"-64.49","48.01","MISCOU ISLAND (AUT)","8103050","2020-12-08 02:00","2020","12","08","02:00","0.6","","-2.0","","83","","0.0","","34","","24","","","","100.43","","","","","","NA"
"-64.49","48.01","MISCOU ISLAND (AUT)","8103050","2020-12-08 03:00","2020","12","08","03:00","0.6","","-2.0","","83","","0.0","","35","","26","","","","100.43","","","","","","NA"
"-64.49","48.01","MISCOU ISLAND (AUT)","8103050","2020-12-08 04:00","2020","12","08","04:00","0.4","","-1.8","","85","","0.0","","35","","30","","","","100.39","","","","","","NA"
"-64.49","48.01","MISCOU ISLAND (AUT)","8103050","2020-12-08 05:00","2020","12","08","05:00","0.6","","-1.6","","85","","0.0","","1","","21","","","","100.54","","","","","","NA"
"-64.49","48.01","MISCOU ISLAND (AUT)","8103050","2020-12-08 06:00","2020","12","08","06:00","0.5","","-1.8","","85","","0.0","","1","","26","","","","100.53","","","","","","NA"
"-64.49","48.01","MISCOU ISLAND (AUT)","8103050","2020-12-08 07:00","2020","12","08","07:00","0.5","","-1.6","","86","","0.0","","2","","30","","","","100.49","","","","","","NA"
"-64.49","48.01","MISCOU ISLAND (AUT)","8103050","2020-12-08 08:00","2020","12","08","08:00","0.2","","-1.4","","89","","0.0","","1","","36","","","","100.49","","","","","","NA"
"-64.49","48.01","MISCOU ISLAND (AUT)","8103050","2020-12-08 09:00","2020","12","08","09:00","0.1","","-1.7","","88","","0.0","","2","","30","","","","100.54","","","","","","NA"
"-64.49","48.01","MISCOU ISLAND (AUT)","8103050","2020-12-08 10:00","2020","12","08","10:00","0.0","","-1.6","","89","","0.0","","2","","35","","","","100.52","","","","-7","","NA"
"-64.49","48.01","MISCOU ISLAND (AUT)","8103050","2020-12-08 11:00","2020","12","08","11:00","-0.2","","-1.7","","90","","0.0","","3","","28","","","","100.49","","","","-7","","NA"
"-64.49","48.01","MISCOU ISLAND (AUT)","8103050","2020-12-08 12:00","2020","12","08","12:00","-0.3","","-1.5","","91","","0.2","","2","","36","","","","100.37","","","","-7","","NA"
"-64.49","48.01","MISCOU ISLAND (AUT)","8103050","2020-12-08 13:00","2020","12","08","13:00","-0.3","","-1.9","","89","","0.0","","2","","35","","","","100.26","","","","-7","","NA"
"-64.49","48.01","MISCOU ISLAND (AUT)","8103050","2020-12-08 14:00","2020","12","08","14:00","-0.1","","-2.1","","86","","0.0","","3","","32","","","","100.18","","","","-7","","NA"
"-64.49","48.01","MISCOU ISLAND (AUT)","8103050","2020-12-08 15:00","2020","12","08","15:00","-0.7","","-1.9","","91","","0.0","","2","","33","","","","100.19","","","","-8","","NA"
"-64.49","48.01","MISCOU ISLAND (AUT)","8103050","2020-12-08 16:00","2020","12","08","16:00","-0.3","","-2.3","","87","","0.0","","1","","36","","","","100.13","","","","-7","","NA"
"-64.49","48.01","MISCOU ISLAND (AUT)","8103050","2020-12-08 17:00","2020","12","08","17:00","-0.4","","-2.2","","88","","0.0","","1","","41","","","","100.08","","","","-8","","NA"
"-64.49","48.01","MISCOU ISLAND (AUT)","8103050","2020-12-08 18:00","2020","12","08","18:00","-0.5","","-2.5","","86","","0.0","","1","","38","","","","100.11","","","","-8","","NA"
"-64.49","48.01","MISCOU ISLAND (AUT)","8103050","2020-12-08 19:00","2020","12","08","19:00","-0.2","","-2.4","","85","","0.0","","1","","39","","","","100.07","","","","-8","","NA"
"-64.49","48.01","MISCOU ISLAND (AUT)","8103050","2020-12-08 20:00","2020","12","08","20:00","-0.3","","-2.8","","83","","0.0","","1","","38","","","","100.02","","","","-8","","NA"
"-64.49","48.01","MISCOU ISLAND (AUT)","8103050","2020-12-08 21:00","2020","12","08","21:00","-0.2","","-2.9","","82","","0.0","","36","","33","","","","100.00","","","","-7","","NA"
"-64.49","48.01","MISCOU ISLAND (AUT)","8103050","2020-12-08 22:00","2020","12","08","22:00","0.0","","-2.5","","83","","0.0","","1","","35","","","","99.95","","","","-7","","NA"
"-64.49","48.01","MISCOU ISLAND (AUT)","8103050","2020-12-08 23:00","2020","12","08","23:00","-0.2","","-3.0","","82","","0.0","","36","","32","","","","99.92","","","","-7","","NA"
"-64.49","48.01","MISCOU ISLAND (AUT)","8103050","2020-12-09 00:00","2020","12","09","00:00","-0.1","","-2.9","","82","","0.0","","36","","32","","","","99.91","","","","-7","","NA"
"-64.49","48.01","MISCOU ISLAND (AUT)","8103050","2020-12-09 01:00","2020","12","09","01:00","-0.2","","-2.9","","82","","0.0","","34","","27","","","","99.87","","","","-6","","NA"
"-64.49","48.01","MISCOU ISLAND (AUT)","8103050","2020-12-09 02:00","2020","12","09","02:00","-0.4","","-3.4","","80","","0.0","","34","","29","","","","99.85","","","","-7","","NA"
"-64.49","48.01","MISCOU ISLAND (AUT)","8103050","2020-12-09 03:00","2020","12","09","03:00","-0.4","","-3.3","","81","","0.0","","34","","24","","","","99.87","","","","-6","","NA"
"-64.49","48.01","MISCOU ISLAND (AUT)","8103050","2020-12-09 04:00","2020","12","09","04:00","-0.6","","-3.7","","80","","0.0","","32","","18","","","","99.87","","","","-6","","NA"
"-64.49","48.01","MISCOU ISLAND (AUT)","8103050","2020-12-09 05:00","2020","12","09","05:00","-1.1","","-4.0","","80","","0.0","","29","","10","","","","99.91","","","","-5","","NA"
"-64.49","48.01","MISCOU ISLAND (AUT)","8103050","2020-12-09 06:00","2020","12","09","06:00","-1.2","","-4.0","","81","","0.0","","30","","14","","","","99.95","","","","-6","","NA"
"-64.49","48.01","MISCOU ISLAND (AUT)","8103050","2020-12-09 07:00","2020","12","09","07:00","-1.4","","-4.2","","81","","0.0","","30","","11","","","","99.97","","","","-5","","NA"
"-64.49","48.01","MISCOU ISLAND (AUT)","8103050","2020-12-09 08:00","2020","12","09","08:00","-1.6","","-4.3","","82","","0.0","","30","","11","","","","99.99","","","","-5","","NA"
"-64.49","48.01","MISCOU ISLAND (AUT)","8103050","2020-12-09 09:00","2020","12","09","09:00","-0.4","","-3.9","","77","","0.0","","30","","12","","","","100.03","","","","-4","","NA"
"-64.49","48.01","MISCOU ISLAND (AUT)","8103050","2020-12-09 10:00","2020","12","09","10:00","0.1","","-3.8","","75","","0.0","","31","","14","","","","100.08","","","","","","NA"
"-64.49","48.01","MISCOU ISLAND (AUT)","8103050","2020-12-09 11:00","2020","12","09","11:00","0.7","","-3.6","","73","","0.0","","32","","13","","","","100.11","","","","","","NA"
"-64.49","48.01","MISCOU ISLAND (AUT)","8103050","2020-12-09 12:00","2020","12","09","12:00","1.5","","-3.1","","72","","0.0","","26","","11","","","","100.10","","","","","","NA"
"-64.49","48.01","MISCOU ISLAND (AUT)","8103050","2020-12-09 13:00","2020","12","09","13:00","1.5","","-3.2","","71","","0.0","","27","","10","","","","100.09","","","","","","NA"
"-64.49","48.01","MISCOU ISLAND (AUT)","8103050","2020-12-09 14:00","2020","12","09","14:00","1.9","","-3.4","","68","","0.0","","26","","10","","","","100.06","","","","","","NA"
"-64.49","48.01","MISCOU ISLAND (AUT)","8103050","2020-12-09 15:00","2020","12","09","15:00","1.8","","-3.5","","68","","0.0","","27","","6","","","","100.07","","","","","","NA"
"-64.49","48.01","MISCOU ISLAND (AUT)","8103050","2020-12-09 16:00","2020","12","09","16:00","0.4","","-3.4","","76","","0.0","","25","","13","","","","100.17","","","","","","NA"
"-64.49","48.01","MISCOU ISLAND (AUT)","8103050","2020-12-09 17:00","2020","12","09","17:00","-1.0","","-3.3","","84","","0.0","","25","","14","","","","100.24","","","","-5","","NA"
"-64.49","48.01","MISCOU ISLAND (AUT)","8103050","2020-12-09 18:00","2020","12","09","18:00","-1.2","","-3.0","","87","","0.0","","24","","17","","","","100.31","","","","-6","","NA"
"-64.49","48.01","MISCOU ISLAND (AUT)","8103050","2020-12-09 19:00","2020","12","09","19:00","-1.2","","-3.2","","86","","0.0","","24","","20","","","","100.37","","","","-7","","NA"
"-64.49","48.01","MISCOU ISLAND (AUT)","8103050","2020-12-09 20:00","2020","12","09","20:00","-2.9","","-4.7","","88","","0.0","","22","","7","","","","100.39","","","","-6","","NA"
"-64.49","48.01","MISCOU ISLAND (AUT)","8103050","2020-12-09 21:00","2020","12","09","21:00","-3.4","","-4.8","","90","","0.0","","19","","11","","","","100.42","","","","-8","","NA"
"-64.49","48.01","MISCOU ISLAND (AUT)","8103050","2020-12-09 22:00","2020","12","09","22:00","-2.4","","-3.7","","91","","0.0","","18","","12","","","","100.47","","","","-7","","NA"
"-64.49","48.01","MISCOU ISLAND (AUT)","8103050","2020-12-09 23:00","2020","12","09","23:00","-1.9","","-3.4","","89","","0.0","","18","","8","","","","100.52","","","","-5","","NA"
"-64.49","48.01","MISCOU ISLAND (AUT)","8103050","2020-12-10 00:00","2020","12","10","00:00","-1.9","","-3.5","","89","","0.0","","19","","4","","","","100.51","","","","-3","","NA"
"-64.49","48.01","MISCOU ISLAND (AUT)","8103050","2020-12-10 01:00","2020","12","10","01:00","-2.7","","-4.1","","90","","0.0","","24","","4","","","","100.49","","","","-4","","NA"
"-64.49","48.01","MISCOU ISLAND (AUT)","8103050","2020-12-10 02:00","2020","12","10","02:00","-1.7","","-3.2","","90","","0.0","","28","","5","","","","100.50","","","","-4","","NA"
"-64.49","48.01","MISCOU ISLAND (AUT)","8103050","2020-12-10 03:00","2020","12","10","03:00","-1.7","","-3.2","","90","","0.0","","23","","5","","","","100.52","","","","-4","","NA"
"-64.49","48.01","MISCOU ISLAND (AUT)","8103050","2020-12-10 04:00","2020","12","10","04:00","-1.7","","-3.1","","90","","0.0","","22","","4","","","","100.55","","","","-3","","NA"
"-64.49","48.01","MISCOU ISLAND (AUT)","8103050","2020-12-10 05:00","2020","12","10","05:00","-1.7","","-3.0","","91","","0.0","","24","","2","","","","100.56","","","","-2","","NA"
"-64.49","48.01","MISCOU ISLAND (AUT)","8103050","2020-12-10 06:00","2020","12","10","06:00","-0.6","","-2.3","","88","","0.2","","2","","4","","","","100.59","","","","-2","","NA"
"-64.49","48.01","MISCOU ISLAND (AUT)","8103050","2020-12-10 07:00","2020","12","10","07:00","-0.8","","-2.4","","89","","0.2","","1","","5","","","","100.65","","","","-2","","NA"
"-64.49","48.01","MISCOU ISLAND (AUT)","8103050","2020-12-10 08:00","2020","12","10","08:00","-0.6","","-1.9","","91","","0.0","","2","","7","","","","100.68","","","","-3","","NA"
"-64.49","48.01","MISCOU ISLAND (AUT)","8103050","2020-12-10 09:00","2020","12","10","09:00","-0.3","","-1.5","","92","","0.0","","6","","8","","","","100.71","","","","-3","","NA"
"-64.49","48.01","MISCOU ISLAND (AUT)","8103050","2020-12-10 10:00","2020","12","10","10:00","-0.2","","-1.5","","91","","0.2","","6","","8","","","","100.75","","","","-3","","NA"
"-64.49","48.01","MISCOU ISLAND (AUT)","8103050","2020-12-10 11:00","2020","12","10","11:00","0.0","","-1.4","","90","","0.0","","6","","10","","","","100.74","","","","-3","","NA"
"-64.49","48.01","MISCOU ISLAND (AUT)","8103050","2020-12-10 12:00","2020","12","10","12:00","0.3","","-1.2","","90","","0.0","","6","","10","","","","100.73","","","","","","NA"
"-64.49","48.01","MISCOU ISLAND (AUT)","8103050","2020-12-10 13:00","2020","12","10","13:00","0.4","","-1.0","","90","","0.2","","3","","11","","","","100.73","","","","","","NA"
"-64.49","48.01","MISCOU ISLAND (AUT)","8103050","2020-12-10 14:00","2020","12","10","14:00","0.3","","-0.8","","92","","0.0","","3","","13","","","","100.74","","","","","","NA"
"-64.49","48.01","MISCOU ISLAND (AUT)","8103050","2020-12-10 15:00","2020","12","10","15:00","0.5","","-0.8","","91","","0.0","","2","","18","","","","100.79","","","","","","NA"
"-64.49","48.01","MISCOU ISLAND (AUT)","8103050","2020-12-10 16:00","2020","12","10","16:00","0.3","","-0.8","","92","","0.0","","2","","23","","","","100.87","","","","","","NA"
"-64.49","48.01","MISCOU ISLAND (AUT)","8103050","2020-12-10 17:00","2020","12","10","17:00","0.2","","-0.8","","93","","0.2","","2","","19","","","","100.95","","","","","","NA"
"-64.49","48.01","MISCOU ISLAND (AUT)","8103050","2020-12-10 18:00","2020","12","10","18:00","0.2","","-1.0","","92","","0.0","","3","","14","","","","101.01","","","","","","NA"
"-64.49","48.01","MISCOU ISLAND (AUT)","8103050","2020-12-10 19:00","2020","12","10","19:00","0.1","","-1.1","","92","","0.0","","2","","13","","","","101.08","","","","","","NA"
"-64.49","48.01","MISCOU ISLAND (AUT)","8103050","2020-12-10 20:00","2020","12","10","20:00","0.1","","-1.3","","91","","0.0","","2","","8","","","","101.15","","","","","","NA"
"-64.49","48.01","MISCOU ISLAND (AUT)","8103050","2020-12-10 21:00","2020","12","10","21:00","0.0","","-1.2","","91","","0.0","","4","","8","","","","101.17","","","","-3","","NA"
"-64.49","48.01","MISCOU ISLAND (AUT)","8103050","2020-12-10 22:00","2020","12","10","22:00","-0.3","","-1.5","","92","","0.2","","26","","6","","","","101.21","","","","-2","","NA"
"-64.49","48.01","MISCOU ISLAND (AUT)","8103050","2020-12-10 23:00","2020","12","10","23:00","-0.9","","-1.9","","93","","0.0","","23","","6","","","","101.24","","","","-3","","NA"
"-64.49","48.01","MISCOU ISLAND (AUT)","8103050","2020-12-11 00:00","2020","12","11","00:00","-0.6","","-1.9","","91","","0.0","","28","","13","","","","101.26","","","","-5","","NA"
"-64.49","48.01","MISCOU ISLAND (AUT)","8103050","2020-12-11 01:00","2020","12","11","01:00","-1.0","","-2.6","","89","","0.0","","27","","13","","","","101.28","","","","-5","","NA"
"-64.49","48.01","MISCOU ISLAND (AUT)","8103050","2020-12-11 02:00","2020","12","11","02:00","-2.6","","-4.1","","89","","0.0","","27","","10","","","","101.30","","","","-6","","NA"
"-64.49","48.01","MISCOU ISLAND (AUT)","8103050","2020-12-11 03:00","2020","12","11","03:00","-1.3","","-2.9","","89","","0.0","","27","","14","","","","101.39","","","","-6","","NA"
"-64.49","48.01","MISCOU ISLAND (AUT)","8103050","2020-12-11 04:00","2020","12","11","04:00","-2.9","","-4.5","","89","","0.0","","28","","9","","","","101.42","","","","-6","","NA"
"-64.49","48.01","MISCOU ISLAND (AUT)","8103050","2020-12-11 05:00","2020","12","11","05:00","-3.9","","-5.3","","90","","0.0","","27","","8","","","","101.45","","","","-7","","NA"
"-64.49","48.01","MISCOU ISLAND (AUT)","8103050","2020-12-11 06:00","2020","12","11","06:00","-4.1","","-5.4","","90","","0.0","","27","","12","","","","101.53","","","","-9","","NA"
"-64.49","48.01","MISCOU ISLAND (AUT)","8103050","2020-12-11 07:00","2020","12","11","07:00","-3.1","","-4.5","","90","","0.0","","27","","11","","","","101.60","","","","-7","","NA"
"-64.49","48.01","MISCOU ISLAND (AUT)","8103050","2020-12-11 08:00","2020","12","11","08:00","-2.5","","-4.4","","87","","0.0","","28","","16","","","","101.63","","","","-8","","NA"
"-64.49","48.01","MISCOU ISLAND (AUT)","8103050","2020-12-11 09:00","2020","12","11","09:00","-1.5","","-4.2","","82","","0.0","","28","","17","","","","101.68","","","","-7","","NA"
"-64.49","48.01","MISCOU ISLAND (AUT)","8103050","2020-12-11 10:00","2020","12","11","10:00","-0.7","","-4.2","","77","","0.0","","28","","17","","","","101.72","","","","-6","","NA"
"-64.49","48.01","MISCOU ISLAND (AUT)","8103050","2020-12-11 11:00","2020","12","11","11:00","-0.4","","-4.4","","74","","0.0","","27","","19","","","","101.71","","","","-6","","NA"
"-64.49","48.01","MISCOU ISLAND (AUT)","8103050","2020-12-11 12:00","2020","12","11","12:00","-0.2","","-4.2","","74","","0.0","","27","","14","","","","101.66","","","","-4","","NA"
"-64.49","48.01","MISCOU ISLAND (AUT)","8103050","2020-12-11 13:00","2020","12","11","13:00","-0.2","","-4.1","","75","","0.0","","26","","14","","","","101.62","","","","-4","","NA"
"-64.49","48.01","MISCOU ISLAND (AUT)","8103050","2020-12-11 14:00","2020","12","11","14:00","0.0","","-3.7","","76","","0.0","","26","","14","","","","101.62","","","","-4","","NA"
"-64.49","48.01","MISCOU ISLAND (AUT)","8103050","2020-12-11 15:00","2020","12","11","15:00","-0.1","","-3.6","","77","","0.0","","27","","14","","","","101.68","","","","-4","","NA"
"-64.49","48.01","MISCOU ISLAND (AUT)","8103050","2020-12-11 16:00","2020","12","11","16:00","-0.1","","-3.1","","81","","0.0","","26","","12","","","","101.73","","","","-4","","NA"
"-64.49","48.01","MISCOU ISLAND (AUT)","8103050","2020-12-11 17:00","2020","12","11","17:00","0.1","","-2.5","","83","","0.0","","24","","17","","","","101.75","","","","","","NA"
"-64.49","48.01","MISCOU ISLAND (AUT)","8103050","2020-12-11 18:00","2020","12","11","18:00","0.0","","-2.7","","82","","0.0","","26","","12","","","","101.76","","","","-4","","NA"
"-64.49","48.01","MISCOU ISLAND (AUT)","8103050","2020-12-11 19:00","2020","12","11","19:00","-0.1","","-1.8","","88","","0.0","","23","","9","","","","101.75","","","","-3","","NA"
"-64.49","48.01","MISCOU ISLAND (AUT)","8103050","2020-12-11 20:00","2020","12","11","20:00","-1.1","","-2.3","","92","","0.2","","20","","13","","","","101.75","","","","-5","","NA"
"-64.49","48.01","MISCOU ISLAND (AUT)","8103050","2020-12-11 21:00","2020","12","11","21:00","-0.8","","-2.0","","92","","0.0","","20","","11","","","","101.69","","","","-5","","NA"
"-64.49","48.01","MISCOU ISLAND (AUT)","8103050","2020-12-11 22:00","2020","12","11","22:00","-0.9","","-2.1","","91","","0.0","","22","","9","","","","101.70","","","","-4","","NA"
"-64.49","48.01","MISCOU ISLAND (AUT)","8103050","2020-12-11 23:00","2020","12","11","23:00","-0.7","","-2.0","","91","","0.0","","25","","11","","","","101.71","","","","-4","","NA"
"-64.49","48.01","MISCOU ISLAND (AUT)","8103050","2020-12-12 00:00","2020","12","12","00:00","-0.4","","-1.9","","90","","0.0","","27","","10","","","","101.71","","","","-4","","NA"
"-64.49","48.01","MISCOU ISLAND (AUT)","8103050","2020-12-12 01:00","2020","12","12","01:00","0.0","","-1.5","","90","","0.0","","29","","13","","","","101.69","","","","-4","","NA"
"-64.49","48.01","MISCOU ISLAND (AUT)","8103050","2020-12-12 02:00","2020","12","12","02:00","0.0","","-2.2","","86","","0.0","","29","","10","","","","101.75","","","","-3","","NA"
"-64.49","48.01","MISCOU ISLAND (AUT)","8103050","2020-12-12 03:00","2020","12","12","03:00","0.0","","-2.1","","85","","0.0","","30","","12","","","","101.85","","","","-4","","NA"
"-64.49","48.01","MISCOU ISLAND (AUT)","8103050","2020-12-12 04:00","2020","12","12","04:00","0.2","","-2.2","","84","","0.0","","31","","16","","","","101.94","","","","","","NA"
"-64.49","48.01","MISCOU ISLAND (AUT)","8103050","2020-12-12 05:00","2020","12","12","05:00","-0.5","","-2.9","","84","","0.0","","30","","10","","","","102.01","","","","-4","","NA"
"-64.49","48.01","MISCOU ISLAND (AUT)","8103050","2020-12-12 06:00","2020","12","12","06:00","0.7","","-1.7","","84","","0.0","","32","","17","","","","102.11","","","","","","NA"
"-64.49","48.01","MISCOU ISLAND (AUT)","8103050","2020-12-12 07:00","2020","12","12","07:00","0.3","","-3.3","","77","","0.0","","34","","22","","","","102.20","","","","","","NA"
"-64.49","48.01","MISCOU ISLAND (AUT)","8103050","2020-12-12 08:00","2020","12","12","08:00","0.1","","-3.8","","75","","0.0","","34","","24","","","","102.31","","","","","","NA"
"-64.49","48.01","MISCOU ISLAND (AUT)","8103050","2020-12-12 09:00","2020","12","12","09:00","0.0","","-4.3","","73","","0.0","","33","","25","","","","102.41","","","","-6","","NA"
"-64.49","48.01","MISCOU ISLAND (AUT)","8103050","2020-12-12 10:00","2020","12","12","10:00","0.2","","-4.2","","73","","0.0","","32","","19","","","","102.51","","","","","","NA"
"-64.49","48.01","MISCOU ISLAND (AUT)","8103050","2020-12-12 11:00","2020","12","12","11:00","0.4","","-4.4","","70","","0.0","","33","","19","","","","102.59","","","","","","NA"
"-64.49","48.01","MISCOU ISLAND (AUT)","8103050","2020-12-12 12:00","2020","12","12","12:00","0.5","","-4.4","","70","","0.0","","33","","18","","","","102.58","","","","","","NA"
"-64.49","48.01","MISCOU ISLAND (AUT)","8103050","2020-12-12 13:00","2020","12","12","13:00","0.7","","-4.7","","67","","0.0","","33","","17","","","","102.60","","","","","","NA"
"-64.49","48.01","MISCOU ISLAND (AUT)","8103050","2020-12-12 14:00","2020","12","12","14:00","0.6","","-5.0","","66","","0.0","","32","","11","","","","102.62","","","","","","NA"
"-64.49","48.01","MISCOU ISLAND (AUT)","8103050","2020-12-12 15:00","2020","12","12","15:00","0.0","","-5.1","","69","","0.0","","31","","7","","","","102.65","","","","-2","","NA"
"-64.49","48.01","MISCOU ISLAND (AUT)","8103050","2020-12-12 16:00","2020","12","12","16:00","-0.6","","-4.9","","73","","0.0","","33","","7","","","","102.71","","","","-3","","NA"
"-64.49","48.01","MISCOU ISLAND (AUT)","8103050","2020-12-12 17:00","2020","12","12","17:00","-2.5","","-6.1","","76","","0.0","","29","","3","","","","102.73","","","","-4","","NA"
"-64.49","48.01","MISCOU ISLAND (AUT)","8103050","2020-12-12 18:00","2020","12","12","18:00","-3.0","","-5.8","","81","","0.0","","0","","1","","","","102.77","","","","-3","","NA"
"-64.49","48.01","MISCOU ISLAND (AUT)","8103050","2020-12-12 19:00","2020","12","12","19:00","-3.4","","-5.7","","84","","0.0","","12","","2","","","","102.78","","","","-4","","NA"
"-64.49","48.01","MISCOU ISLAND (AUT)","8103050","2020-12-12 20:00","2020","12","12","20:00","0.0","","-3.2","","79","","0.0","","6","","15","","","","102.80","","","","-4","","NA"
"-64.49","48.01","MISCOU ISLAND (AUT)","8103050","2020-12-12 21:00","2020","12","12","21:00","-0.4","","-3.6","","79","","0.0","","7","","19","","","","102.83","","","","-6","","NA"
"-64.49","48.01","MISCOU ISLAND (AUT)","8103050","2020-12-12 22:00","2020","12","12","22:00","-0.8","","-3.8","","80","","0.0","","6","","20","","","","102.79","","","","-6","","NA"
"-64.49","48.01","MISCOU ISLAND (AUT)","8103050","2020-12-12 23:00","2020","12","12","23:00","-1.3","","-4.3","","80","","0.0","","6","","24","","","","102.76","","","","-7","","NA"
"-64.49","48.01","MISCOU ISLAND (AUT)","8103050","2020-12-13 00:00","2020","12","13","00:00","-1.3","","-4.4","","79","","0.0","","6","","23","","","","102.65","","","","-7","","NA"
"-64.49","48.01","MISCOU ISLAND (AUT)","8103050","2020-12-13 01:00","2020","12","13","01:00","-1.1","","-4.1","","80","","0.0","","6","","23","","","","102.58","","","","-7","","NA"
"-64.49","48.01","MISCOU ISLAND (AUT)","8103050","2020-12-13 02:00","2020","12","13","02:00","-1.0","","-4.1","","80","","0.0","","5","","22","","","","102.56","","","","-7","","NA"
"-64.49","48.01","MISCOU ISLAND (AUT)","8103050","2020-12-13 03:00","2020","12","13","03:00","-2.0","","-3.0","","93","","0.4","","7","","29","","","","102.47","","","","-9","","NA"
"-64.49","48.01","MISCOU ISLAND (AUT)","8103050","2020-12-13 04:00","2020","12","13","04:00","-1.5","","-2.2","","95","","0.3","","8","","30","","","","102.29","","","","-8","","NA"
"-64.49","48.01","MISCOU ISLAND (AUT)","8103050","2020-12-13 05:00","2020","12","13","05:00","-0.9","","-1.5","","95","","0.9","","8","","25","","","","102.22","","","","-7","","NA"
"-64.49","48.01","MISCOU ISLAND (AUT)","8103050","2020-12-13 06:00","2020","12","13","06:00","-0.7","","-1.3","","96","","1.7","","8","","28","","","","102.15","","","","-7","","NA"
"-64.49","48.01","MISCOU ISLAND (AUT)","8103050","2020-12-13 07:00","2020","12","13","07:00","-0.3","","-0.8","","97","","1.3","","8","","37","","","","101.98","","","","-8","","NA"
"-64.49","48.01","MISCOU ISLAND (AUT)","8103050","2020-12-13 08:00","2020","12","13","08:00","-0.1","","-0.5","","97","","0.3","","8","","34","","","","101.99","","","","-7","","NA"
"-64.49","48.01","MISCOU ISLAND (AUT)","8103050","2020-12-13 09:00","2020","12","13","09:00","0.2","","-0.2","","97","","0.0","","8","","35","","","","101.84","","","","","","NA"
"-64.49","48.01","MISCOU ISLAND (AUT)","8103050","2020-12-13 10:00","2020","12","13","10:00","0.7","","0.3","","97","","1.6","","7","","40","","","","101.81","","","","","","NA"
"-64.49","48.01","MISCOU ISLAND (AUT)","8103050","2020-12-13 11:00","2020","12","13","11:00","0.9","","0.4","","97","","0.2","","7","","40","","","","101.72","","","","","","NA"
"-64.49","48.01","MISCOU ISLAND (AUT)","8103050","2020-12-13 12:00","2020","12","13","12:00","0.9","","0.3","","96","","0.0","","7","","40","","","","101.61","","","","","","NA"
"-64.49","48.01","MISCOU ISLAND (AUT)","8103050","2020-12-13 13:00","2020","12","13","13:00","0.9","","0.1","","95","","0.0","","7","","41","","","","101.50","","","","","","NA"
"-64.49","48.01","MISCOU ISLAND (AUT)","8103050","2020-12-13 14:00","2020","12","13","14:00","1.0","","0.2","","95","","0.3","","7","","36","","","","101.42","","","","","","NA"
"-64.49","48.01","MISCOU ISLAND (AUT)","8103050","2020-12-13 15:00","2020","12","13","15:00","0.9","","0.3","","95","","0.5","","7","","36","","","","101.33","","","","","","NA"
"-64.49","48.01","MISCOU ISLAND (AUT)","8103050","2020-12-13 16:00","2020","12","13","16:00","1.2","","0.5","","95","","0.0","","8","","36","","","","101.27","","","","","","NA"
"-64.49","48.01","MISCOU ISLAND (AUT)","8103050","2020-12-13 17:00","2020","12","13","17:00","1.2","","0.5","","95","","0.3","","8","","38","","","","101.15","","","","","","NA"
"-64.49","48.01","MISCOU ISLAND (AUT)","8103050","2020-12-13 18:00","2020","12","13","18:00","1.3","","0.6","","95","","0.0","","8","","40","","","","101.11","","","","","","NA"
"-64.49","48.01","MISCOU ISLAND (AUT)","8103050","2020-12-13 19:00","2020","12","13","19:00","1.4","","0.7","","95","","0.0","","8","","39","","","","100.97","","","","","","NA"
"-64.49","48.01","MISCOU ISLAND (AUT)","8103050","2020-12-13 20:00","2020","12","13","20:00","0.9","","0.3","","96","","1.3","","9","","29","","","","101.01","","","","","","NA"
"-64.49","48.01","MISCOU ISLAND (AUT)","8103050","2020-12-13 21:00","2020","12","13","21:00","0.4","","-0.1","","97","","0.7","","6","","16","","","","100.99","","","","","","NA"
"-64.49","48.01","MISCOU ISLAND (AUT)","8103050","2020-12-13 22:00","2020","12","13","22:00","0.8","","0.3","","97","","3.0","","5","","27","","","","100.86","","","","","","NA"
"-64.49","48.01","MISCOU ISLAND (AUT)","8103050","2020-12-13 23:00","2020","12","13","23:00","1.0","","0.5","","97","","0.0","","4","","29","","","","100.83","","","","","","NA"
"-64.49","48.01","MISCOU ISLAND (AUT)","8103050","2020-12-14 00:00","2020","12","14","00:00","1.0","","0.5","","96","","0.0","","4","","27","","","","100.83","","","","","","NA"
"-64.49","48.01","MISCOU ISLAND (AUT)","8103050","2020-12-14 01:00","2020","12","14","01:00","1.1","","0.5","","96","","0.0","","3","","32","","","","100.70","","","","","","NA"
"-64.49","48.01","MISCOU ISLAND (AUT)","8103050","2020-12-14 02:00","2020","12","14","02:00","1.2","","0.6","","96","","0.0","","3","","23","","","","100.83","","","","","","NA"
"-64.49","48.01","MISCOU ISLAND (AUT)","8103050","2020-12-14 03:00","2020","12","14","03:00","1.1","","0.5","","96","","0.0","","2","","23","","","","100.83","","","","","","NA"
"-64.49","48.01","MISCOU ISLAND (AUT)","8103050","2020-12-14 04:00","2020","12","14","04:00","0.7","","0.2","","96","","0.0","","36","","26","","","","100.85","","","","","","NA"
"-64.49","48.01","MISCOU ISLAND (AUT)","8103050","2020-12-14 05:00","2020","12","14","05:00","0.8","","-0.1","","94","","0.0","","36","","20","","","","100.81","","","","","","NA"
"-64.49","48.01","MISCOU ISLAND (AUT)","8103050","2020-12-14 06:00","2020","12","14","06:00","0.9","","-0.1","","93","","0.0","","34","","16","","","","100.85","","","","","","NA"
"-64.49","48.01","MISCOU ISLAND (AUT)","8103050","2020-12-14 07:00","2020","12","14","07:00","0.5","","-0.5","","92","","0.0","","29","","8","","","","100.90","","","","","","NA"
"-64.49","48.01","MISCOU ISLAND (AUT)","8103050","2020-12-14 08:00","2020","12","14","08:00","0.7","","-0.5","","92","","0.0","","29","","10","","","","100.92","","","","","","NA"
"-64.49","48.01","MISCOU ISLAND (AUT)","8103050","2020-12-14 09:00","2020","12","14","09:00","0.9","","-0.3","","92","","0.0","","28","","7","","","","100.89","","","","","","NA"
"-64.49","48.01","MISCOU ISLAND (AUT)","8103050","2020-12-14 10:00","2020","12","14","10:00","1.3","","-0.1","","91","","0.0","","26","","14","","","","100.89","","","","","","NA"
"-64.49","48.01","MISCOU ISLAND (AUT)","8103050","2020-12-14 11:00","2020","12","14","11:00","1.2","","-0.5","","89","","0.0","","26","","18","","","","100.89","","","","","","NA"
"-64.49","48.01","MISCOU ISLAND (AUT)","8103050","2020-12-14 12:00","2020","12","14","12:00","0.9","","-1.2","","86","","0.0","","27","","19","","","","100.86","","","","","","NA"
"-64.49","48.01","MISCOU ISLAND (AUT)","8103050","2020-12-14 13:00","2020","12","14","13:00","0.3","","-1.8","","86","","0.0","","26","","25","","","","100.80","","","","","","NA"
"-64.49","48.01","MISCOU ISLAND (AUT)","8103050","2020-12-14 14:00","2020","12","14","14:00","0.1","","-2.7","","82","","0.0","","27","","22","","","","100.81","","","","","","NA"
"-64.49","48.01","MISCOU ISLAND (AUT)","8103050","2020-12-14 15:00","2020","12","14","15:00","-0.8","","-3.3","","83","","0.0","","26","","20","","","","100.74","","","","-6","","NA"
"-64.49","48.01","MISCOU ISLAND (AUT)","8103050","2020-12-14 16:00","2020","12","14","16:00","-1.5","","-4.1","","83","","0.0","","26","","18","","","","100.73","","","","-7","","NA"
"-64.49","48.01","MISCOU ISLAND (AUT)","8103050","2020-12-14 17:00","2020","12","14","17:00","-2.2","","-4.5","","84","","0.0","","25","","17","","","","100.70","","","","-8","","NA"
"-64.49","48.01","MISCOU ISLAND (AUT)","8103050","2020-12-14 18:00","2020","12","14","18:00","-2.0","","-4.2","","85","","0.0","","26","","12","","","","100.60","","","","-6","","NA"
"-64.49","48.01","MISCOU ISLAND (AUT)","8103050","2020-12-14 19:00","2020","12","14","19:00","-1.8","","-3.9","","86","","0.0","","26","","14","","","","100.54","","","","-6","","NA"
"-64.49","48.01","MISCOU ISLAND (AUT)","8103050","2020-12-14 20:00","2020","12","14","20:00","-1.9","","-4.0","","86","","0.0","","26","","14","","","","100.49","","","","-7","","NA"
"-64.49","48.01","MISCOU ISLAND (AUT)","8103050","2020-12-14 21:00","2020","12","14","21:00","-2.2","","-4.4","","85","","0.0","","25","","13","","","","100.41","","","","-7","","NA"
"-64.49","48.01","MISCOU ISLAND (AUT)","8103050","2020-12-14 22:00","2020","12","14","22:00","-2.5","","-4.8","","85","","0.0","","25","","13","","","","100.37","","","","-7","","NA"
"-64.49","48.01","MISCOU ISLAND (AUT)","8103050","2020-12-14 23:00","2020","12","14","23:00","-2.7","","-4.8","","85","","0.0","","24","","12","","","","100.23","","","","-7","","NA"
"-64.49","48.01","MISCOU ISLAND (AUT)","8103050","2020-12-15 00:00","2020","12","15","00:00","-2.8","","-4.6","","87","","0.0","","24","","9","","","","100.11","","","","-6","","NA"
"-64.49","48.01","MISCOU ISLAND (AUT)","8103050","2020-12-15 01:00","2020","12","15","01:00","-2.7","","-4.5","","88","","0.0","","24","","14","","","","100.01","","","","-8","","NA"
"-64.49","48.01","MISCOU ISLAND (AUT)","8103050","2020-12-15 02:00","2020","12","15","02:00","-2.7","","-4.4","","88","","0.0","","24","","11","","","","99.86","","","","-7","","NA"
"-64.49","48.01","MISCOU ISLAND (AUT)","8103050","2020-12-15 03:00","2020","12","15","03:00","-2.9","","-4.7","","88","","0.0","","26","","15","","","","99.81","","","","-8","","NA"
"-64.49","48.01","MISCOU ISLAND (AUT)","8103050","2020-12-15 04:00","2020","12","15","04:00","-2.6","","-4.1","","89","","0.0","","27","","14","","","","99.72","","","","-7","","NA"
"-64.49","48.01","MISCOU ISLAND (AUT)","8103050","2020-12-15 05:00","2020","12","15","05:00","-2.4","","-3.7","","91","","0.0","","25","","12","","","","99.67","","","","-7","","NA"
"-64.49","48.01","MISCOU ISLAND (AUT)","8103050","2020-12-15 06:00","2020","12","15","06:00","-1.9","","-3.3","","90","","0.0","","30","","9","","","","99.63","","","","-5","","NA"
"-64.49","48.01","MISCOU ISLAND (AUT)","8103050","2020-12-15 07:00","2020","12","15","07:00","-1.9","","-3.3","","90","","0.0","","32","","27","","","","99.67","","","","-9","","NA"
"-64.49","48.01","MISCOU ISLAND (AUT)","8103050","2020-12-15 08:00","2020","12","15","08:00","-2.7","","-4.2","","90","","0.0","","32","","25","","","","99.69","","","","-9","","NA"
"-64.49","48.01","MISCOU ISLAND (AUT)","8103050","2020-12-15 09:00","2020","12","15","09:00","-3.8","","-5.2","","90","","0.7","","28","","21","","","","99.77","","","","-10","","NA"
"-64.49","48.01","MISCOU ISLAND (AUT)","8103050","2020-12-15 10:00","2020","12","15","10:00","-3.5","","-7.4","","74","","0.0","","28","","24","","","","99.82","","","","-10","","NA"
"-64.49","48.01","MISCOU ISLAND (AUT)","8103050","2020-12-15 11:00","2020","12","15","11:00","-3.6","","-7.3","","75","","0.0","","28","","31","","","","99.85","","","","-11","","NA"
"-64.49","48.01","MISCOU ISLAND (AUT)","8103050","2020-12-15 12:00","2020","12","15","12:00","-3.2","","-8.0","","70","","0.0","","27","","36","","","","99.84","","","","-11","","NA"
"-64.49","48.01","MISCOU ISLAND (AUT)","8103050","2020-12-15 13:00","2020","12","15","13:00","-3.5","","-8.4","","68","","0.0","","27","","38","","","","99.86","","","","-12","","NA"
"-64.49","48.01","MISCOU ISLAND (AUT)","8103050","2020-12-15 14:00","2020","12","15","14:00","-3.0","","-8.4","","66","","0.0","","28","","32","","","","99.94","","","","-11","","NA"
"-64.49","48.01","MISCOU ISLAND (AUT)","8103050","2020-12-15 15:00","2020","12","15","15:00","-4.0","","-9.8","","64","","0.0","","28","","37","","","","100.07","","","","-12","","NA"
"-64.49","48.01","MISCOU ISLAND (AUT)","8103050","2020-12-15 16:00","2020","12","15","16:00","-5.2","","-10.6","","66","","0.0","","28","","37","","","","100.24","","","","-14","","NA"
"-64.49","48.01","MISCOU ISLAND (AUT)","8103050","2020-12-15 17:00","2020","12","15","17:00","-6.9","","-11.4","","70","","0.0","","28","","40","","","","100.43","","","","-17","","NA"
"-64.49","48.01","MISCOU ISLAND (AUT)","8103050","2020-12-15 18:00","2020","12","15","18:00","-7.7","","-12.0","","71","","0.0","","28","","36","","","","100.56","","","","-17","","NA"
"-64.49","48.01","MISCOU ISLAND (AUT)","8103050","2020-12-15 19:00","2020","12","15","19:00","-8.2","","-13.1","","68","","0.0","","28","","38","","","","100.71","","","","-18","","NA"
"-64.49","48.01","MISCOU ISLAND (AUT)","8103050","2020-12-15 20:00","2020","12","15","20:00","-8.4","","-13.6","","66","","0.0","","28","","34","","","","100.83","","","","-18","","NA"
"-64.49","48.01","MISCOU ISLAND (AUT)","8103050","2020-12-15 21:00","2020","12","15","21:00","-8.9","","-13.9","","67","","0.0","","28","","34","","","","100.89","","","","-19","","NA"
"-64.49","48.01","MISCOU ISLAND (AUT)","8103050","2020-12-15 22:00","2020","12","15","22:00","-9.2","","-13.8","","69","","0.0","","28","","40","","","","100.91","","","","-20","","NA"
"-64.49","48.01","MISCOU ISLAND (AUT)","8103050","2020-12-15 23:00","2020","12","15","23:00","-8.9","","-13.9","","67","","0.0","","29","","33","","","","101.00","","","","-18","","NA"
"-64.49","48.01","MISCOU ISLAND (AUT)","8103050","2020-12-16 00:00","2020","12","16","00:00","-9.4","","-13.9","","69","","0.0","","28","","35","","","","101.11","","","","-19","","NA"
"-64.49","48.01","MISCOU ISLAND (AUT)","8103050","2020-12-16 01:00","2020","12","16","01:00","-9.9","","-14.5","","69","","0.0","","28","","35","","","","101.22","","","","-20","","NA"
"-64.49","48.01","MISCOU ISLAND (AUT)","8103050","2020-12-16 02:00","2020","12","16","02:00","-9.9","","-14.2","","71","","0.0","","29","","38","","","","101.25","","","","-20","","NA"
"-64.49","48.01","MISCOU ISLAND (AUT)","8103050","2020-12-16 03:00","2020","12","16","03:00","-10.4","","-14.3","","73","","0.0","","28","","43","","","","101.39","","","","-22","","NA"
"-64.49","48.01","MISCOU ISLAND (AUT)","8103050","2020-12-16 04:00","2020","12","16","04:00","-10.2","","-14.3","","72","","0.0","","29","","42","","","","101.46","","","","-21","","NA"
"-64.49","48.01","MISCOU ISLAND (AUT)","8103050","2020-12-16 05:00","2020","12","16","05:00","-10.5","","-14.9","","70","","0.0","","28","","38","","","","101.63","","","","-21","","NA"
"-64.49","48.01","MISCOU ISLAND (AUT)","8103050","2020-12-16 06:00","2020","12","16","06:00","-10.3","","-14.8","","69","","0.0","","29","","32","","","","101.75","","","","-20","","NA"
"-64.49","48.01","MISCOU ISLAND (AUT)","8103050","2020-12-16 07:00","2020","12","16","07:00","-10.2","","-14.4","","71","","0.0","","29","","27","","","","101.85","","","","-19","","NA"
"-64.49","48.01","MISCOU ISLAND (AUT)","8103050","2020-12-16 08:00","2020","12","16","08:00","-10.5","","-14.8","","71","","0.0","","29","","31","","","","101.91","","","","-20","","NA"
"-64.49","48.01","MISCOU ISLAND (AUT)","8103050","2020-12-16 09:00","2020","12","16","09:00","-10.3","","-15.2","","67","","0.0","","28","","24","","","","102.03","","","","-19","","NA"
"-64.49","48.01","MISCOU ISLAND (AUT)","8103050","2020-12-16 10:00","2020","12","16","10:00","-9.8","","-14.8","","67","","0.0","","28","","26","","","","102.11","","","","-19","","NA"
"-64.49","48.01","MISCOU ISLAND (AUT)","8103050","2020-12-16 11:00","2020","12","16","11:00","-9.3","","-14.8","","65","","0.0","","29","","29","","","","102.09","","","","-18","","NA"
"-64.49","48.01","MISCOU ISLAND (AUT)","8103050","2020-12-16 12:00","2020","12","16","12:00","-8.6","","-14.8","","61","","0.0","","28","","26","","","","102.12","","","","-17","","NA"
"-64.49","48.01","MISCOU ISLAND (AUT)","8103050","2020-12-16 13:00","2020","12","16","13:00","-8.0","","-14.1","","62","","0.0","","28","","25","","","","102.11","","","","-16","","NA"
"-64.49","48.01","MISCOU ISLAND (AUT)","8103050","2020-12-16 14:00","2020","12","16","14:00","-8.0","","-14.1","","62","","0.0","","28","","24","","","","102.14","","","","-16","","NA"
"-64.49","48.01","MISCOU ISLAND (AUT)","8103050","2020-12-16 15:00","2020","12","16","15:00","-7.9","","-14.1","","61","","0.0","","29","","25","","","","102.19","","","","-16","","NA"
"-64.49","48.01","MISCOU ISLAND (AUT)","8103050","2020-12-16 16:00","2020","12","16","16:00","-8.6","","-13.8","","66","","0.0","","28","","27","","","","102.29","","","","-17","","NA"
"-64.49","48.01","MISCOU ISLAND (AUT)","8103050","2020-12-16 17:00","2020","12","16","17:00","-8.9","","-14.0","","67","","0.0","","29","","22","","","","102.36","","","","-17","","NA"
"-64.49","48.01","MISCOU ISLAND (AUT)","8103050","2020-12-16 18:00","2020","12","16","18:00","-8.4","","-13.7","","66","","0.0","","31","","27","","","","102.48","","","","-17","","NA"
"-64.49","48.01","MISCOU ISLAND (AUT)","8103050","2020-12-16 19:00","2020","12","16","19:00","-8.5","","-14.0","","65","","0.0","","31","","29","","","","102.51","","","","-17","","NA"
"-64.49","48.01","MISCOU ISLAND (AUT)","8103050","2020-12-16 20:00","2020","12","16","20:00","-9.0","","-15.4","","59","","0.0","","30","","25","","","","102.49","","","","-17","","NA"
"-64.49","48.01","MISCOU ISLAND (AUT)","8103050","2020-12-16 21:00","2020","12","16","21:00","-9.4","","-15.5","","61","","0.0","","30","","22","","","","102.54","","","","-17","","NA"
"-64.49","48.01","MISCOU ISLAND (AUT)","8103050","2020-12-16 22:00","2020","12","16","22:00","-10.1","","-13.9","","73","","0.0","","29","","16","","","","102.59","","","","-17","","NA"
"-64.49","48.01","MISCOU ISLAND (AUT)","8103050","2020-12-16 23:00","2020","12","16","23:00","-9.5","","-14.6","","67","","0.0","","30","","18","","","","102.63","","","","-17","","NA"
"-64.49","48.01","MISCOU ISLAND (AUT)","8103050","2020-12-17 00:00","2020","12","17","00:00","-9.3","","-14.3","","67","","0.0","","31","","23","","","","102.61","","","","-18","","NA"
"-64.49","48.01","MISCOU ISLAND (AUT)","8103050","2020-12-17 01:00","2020","12","17","01:00","-9.8","","-13.5","","74","","0.0","","30","","14","","","","102.46","","","","-16","","NA"
"-64.49","48.01","MISCOU ISLAND (AUT)","8103050","2020-12-17 02:00","2020","12","17","02:00","-9.6","","-13.5","","73","","0.0","","31","","20","","","","102.50","","","","-17","","NA"
"-64.49","48.01","MISCOU ISLAND (AUT)","8103050","2020-12-17 03:00","2020","12","17","03:00","-9.5","","-13.5","","73","","0.0","","32","","15","","","","102.51","","","","-16","","NA"
"-64.49","48.01","MISCOU ISLAND (AUT)","8103050","2020-12-17 04:00","2020","12","17","04:00","-9.4","","-12.7","","77","","0.0","","32","","13","","","","102.45","","","","-15","","NA"
"-64.49","48.01","MISCOU ISLAND (AUT)","8103050","2020-12-17 05:00","2020","12","17","05:00","-9.4","","-12.8","","76","","0.0","","34","","6","","","","102.47","","","","-13","","NA"
"-64.49","48.01","MISCOU ISLAND (AUT)","8103050","2020-12-17 06:00","2020","12","17","06:00","-12.9","","-15.7","","80","","0.0","","25","","5","","","","102.53","","","","-16","","NA"
"-64.49","48.01","MISCOU ISLAND (AUT)","8103050","2020-12-17 07:00","2020","12","17","07:00","-12.7","","-15.2","","81","","0.0","","25","","6","","","","102.49","","","","-17","","NA"
"-64.49","48.01","MISCOU ISLAND (AUT)","8103050","2020-12-17 08:00","2020","12","17","08:00","-12.8","","-15.0","","83","","0.0","","21","","5","","","","102.49","","","","-16","","NA"
"-64.49","48.01","MISCOU ISLAND (AUT)","8103050","2020-12-17 09:00","2020","12","17","09:00","-7.8","","-10.2","","83","","0.0","","33","","9","","","","102.50","","","","-12","","NA"
"-64.49","48.01","MISCOU ISLAND (AUT)","8103050","2020-12-17 10:00","2020","12","17","10:00","-7.5","","-10.2","","81","","0.0","","36","","15","","","","102.52","","","","-14","","NA"
"-64.49","48.01","MISCOU ISLAND (AUT)","8103050","2020-12-17 11:00","2020","12","17","11:00","-6.8","","-9.7","","79","","0.0","","3","","10","","","","102.43","","","","-11","","NA"
"-64.49","48.01","MISCOU ISLAND (AUT)","8103050","2020-12-17 12:00","2020","12","17","12:00","-7.2","","-9.6","","83","","0.0","","5","","23","","","","102.30","","","","-15","","NA"
"-64.49","48.01","MISCOU ISLAND (AUT)","8103050","2020-12-17 13:00","2020","12","17","13:00","-7.1","","-10.1","","79","","0.0","","2","","18","","","","102.22","","","","-14","","NA"
"-64.49","48.01","MISCOU ISLAND (AUT)","8103050","2020-12-17 14:00","2020","12","17","14:00","-7.2","","-10.1","","80","","0.0","","36","","15","","","","102.24","","","","-13","","NA"
"-64.49","48.01","MISCOU ISLAND (AUT)","8103050","2020-12-17 15:00","2020","12","17","15:00","-6.7","","-9.6","","80","","0.0","","33","","11","","","","102.28","","","","-12","","NA"
"-64.49","48.01","MISCOU ISLAND (AUT)","8103050","2020-12-17 16:00","2020","12","17","16:00","-6.7","","-9.5","","81","","0.0","","33","","14","","","","102.33","","","","-12","","NA"
"-64.49","48.01","MISCOU ISLAND (AUT)","8103050","2020-12-17 17:00","2020","12","17","17:00","-6.5","","-9.6","","79","","0.0","","33","","15","","","","102.31","","","","-12","","NA"
"-64.49","48.01","MISCOU ISLAND (AUT)","8103050","2020-12-17 18:00","2020","12","17","18:00","-6.1","","-8.9","","80","","0.0","","36","","22","","","","102.26","","","","-13","","NA"
"-64.49","48.01","MISCOU ISLAND (AUT)","8103050","2020-12-17 19:00","2020","12","17","19:00","-5.7","","-7.7","","86","","0.0","","2","","27","","","","102.29","","","","-14","","NA"
"-64.49","48.01","MISCOU ISLAND (AUT)","8103050","2020-12-17 20:00","2020","12","17","20:00","-5.6","","-7.1","","89","","0.0","","2","","35","","","","102.21","","","","-14","","NA"
"-64.49","48.01","MISCOU ISLAND (AUT)","8103050","2020-12-17 21:00","2020","12","17","21:00","-5.0","","-6.2","","91","","0.0","","2","","34","","","","102.19","","","","-13","","NA"
"-64.49","48.01","MISCOU ISLAND (AUT)","8103050","2020-12-17 22:00","2020","12","17","22:00","-4.7","","-5.8","","92","","0.0","","2","","35","","","","102.15","","","","-13","","NA"
"-64.49","48.01","MISCOU ISLAND (AUT)","8103050","2020-12-17 23:00","2020","12","17","23:00","-4.3","","-5.2","","93","","0.0","","1","","34","","","","102.11","","","","-13","","NA"
"-64.49","48.01","MISCOU ISLAND (AUT)","8103050","2020-12-18 00:00","2020","12","18","00:00","-4.0","","-5.1","","92","","0.0","","2","","30","","","","102.09","","","","-12","","NA"
"-64.49","48.01","MISCOU ISLAND (AUT)","8103050","2020-12-18 01:00","2020","12","18","01:00","-3.7","","-4.5","","94","","0.0","","1","","24","","","","102.08","","","","-11","","NA"
"-64.49","48.01","MISCOU ISLAND (AUT)","8103050","2020-12-18 02:00","2020","12","18","02:00","-3.5","","-4.4","","94","","0.0","","1","","18","","","","102.11","","","","-9","","NA"
"-64.49","48.01","MISCOU ISLAND (AUT)","8103050","2020-12-18 03:00","2020","12","18","03:00","-3.1","","-4.0","","94","","0.0","","1","","16","","","","102.14","","","","-8","","NA"
"-64.49","48.01","MISCOU ISLAND (AUT)","8103050","2020-12-18 04:00","2020","12","18","04:00","-3.1","","-4.1","","92","","0.0","","1","","16","","","","102.15","","","","-8","","NA"
"-64.49","48.01","MISCOU ISLAND (AUT)","8103050","2020-12-18 05:00","2020","12","18","05:00","-3.0","","-4.3","","90","","0.0","","2","","15","","","","102.16","","","","-8","","NA"
"-64.49","48.01","MISCOU ISLAND (AUT)","8103050","2020-12-18 06:00","2020","12","18","06:00","-2.9","","-4.3","","90","","0.0","","1","","16","","","","102.19","","","","-8","","NA"
"-64.49","48.01","MISCOU ISLAND (AUT)","8103050","2020-12-18 07:00","2020","12","18","07:00","-3.0","","-4.4","","91","","0.0","","2","","16","","","","102.23","","","","-8","","NA"
"-64.49","48.01","MISCOU ISLAND (AUT)","8103050","2020-12-18 08:00","2020","12","18","08:00","-3.0","","-4.6","","88","","0.0","","2","","32","","","","102.25","","","","-11","","NA"
"-64.49","48.01","MISCOU ISLAND (AUT)","8103050","2020-12-18 09:00","2020","12","18","09:00","-2.9","","-4.6","","88","","0.0","","1","","33","","","","102.26","","","","-11","","NA"
"-64.49","48.01","MISCOU ISLAND (AUT)","8103050","2020-12-18 10:00","2020","12","18","10:00","-2.7","","-4.3","","89","","0.0","","1","","32","","","","102.30","","","","-10","","NA"
"-64.49","48.01","MISCOU ISLAND (AUT)","8103050","2020-12-18 11:00","2020","12","18","11:00","-2.6","","-4.1","","89","","0.0","","1","","32","","","","102.32","","","","-10","","NA"
"-64.49","48.01","MISCOU ISLAND (AUT)","8103050","2020-12-18 12:00","2020","12","18","12:00","-2.1","","-3.9","","87","","0.0","","1","","35","","","","102.29","","","","-10","","NA"
"-64.49","48.01","MISCOU ISLAND (AUT)","8103050","2020-12-18 13:00","2020","12","18","13:00","-1.6","","-3.9","","84","","0.0","","2","","33","","","","102.27","","","","-9","","NA"
"-64.49","48.01","MISCOU ISLAND (AUT)","8103050","2020-12-18 14:00","2020","12","18","14:00","-1.5","","-4.0","","83","","0.0","","2","","30","","","","102.26","","","","-8","","NA"
"-64.49","48.01","MISCOU ISLAND (AUT)","8103050","2020-12-18 15:00","2020","12","18","15:00","-1.7","","-4.1","","84","","0.0","","1","","30","","","","102.28","","","","-9","","NA"
"-64.49","48.01","MISCOU ISLAND (AUT)","8103050","2020-12-18 16:00","2020","12","18","16:00","-1.7","","-4.2","","83","","0.0","","36","","31","","","","102.31","","","","-9","","NA"
"-64.49","48.01","MISCOU ISLAND (AUT)","8103050","2020-12-18 17:00","2020","12","18","17:00","-1.8","","-4.1","","84","","0.0","","1","","27","","","","102.38","","","","-8","","NA"
"-64.49","48.01","MISCOU ISLAND (AUT)","8103050","2020-12-18 18:00","2020","12","18","18:00","-2.2","","-4.6","","84","","0.0","","36","","29","","","","102.43","","","","-9","","NA"
"-64.49","48.01","MISCOU ISLAND (AUT)","8103050","2020-12-18 19:00","2020","12","18","19:00","-2.4","","-4.8","","84","","0.0","","1","","27","","","","102.46","","","","-9","","NA"
"-64.49","48.01","MISCOU ISLAND (AUT)","8103050","2020-12-18 20:00","2020","12","18","20:00","-2.4","","-5.1","","82","","0.0","","1","","29","","","","102.51","","","","-9","","NA"
"-64.49","48.01","MISCOU ISLAND (AUT)","8103050","2020-12-18 21:00","2020","12","18","21:00","-2.6","","-5.1","","83","","0.0","","2","","30","","","","102.50","","","","-10","","NA"
"-64.49","48.01","MISCOU ISLAND (AUT)","8103050","2020-12-18 22:00","2020","12","18","22:00","-2.5","","-5.1","","83","","0.0","","1","","30","","","","102.47","","","","-10","","NA"
"-64.49","48.01","MISCOU ISLAND (AUT)","8103050","2020-12-18 23:00","2020","12","18","23:00","-2.3","","-4.9","","82","","0.0","","36","","26","","","","102.42","","","","-9","","NA"
"-64.49","48.01","MISCOU ISLAND (AUT)","8103050","2020-12-19 00:00","2020","12","19","00:00","-2.2","","-5.1","","80","","0.0","","36","","27","","","","102.41","","","","-9","","NA"
"-64.49","48.01","MISCOU ISLAND (AUT)","8103050","2020-12-19 01:00","2020","12","19","01:00","-2.6","","-5.2","","82","","0.0","","35","","22","","","","102.40","","","","-9","","NA"
"-64.49","48.01","MISCOU ISLAND (AUT)","8103050","2020-12-19 02:00","2020","12","19","02:00","-2.4","","-5.0","","82","","0.0","","36","","25","","","","102.43","","","","-9","","NA"
"-64.49","48.01","MISCOU ISLAND (AUT)","8103050","2020-12-19 03:00","2020","12","19","03:00","-2.6","","-5.4","","81","","0.0","","36","","26","","","","102.48","","","","-9","","NA"
"-64.49","48.01","MISCOU ISLAND (AUT)","8103050","2020-12-19 04:00","2020","12","19","04:00","-2.7","","-5.3","","82","","0.0","","36","","26","","","","102.49","","","","-10","","NA"
"-64.49","48.01","MISCOU ISLAND (AUT)","8103050","2020-12-19 05:00","2020","12","19","05:00","-2.7","","-5.3","","82","","0.0","","36","","26","","","","102.50","","","","-10","","NA"
"-64.49","48.01","MISCOU ISLAND (AUT)","8103050","2020-12-19 06:00","2020","12","19","06:00","-2.8","","-5.4","","82","","0.0","","36","","25","","","","102.50","","","","-10","","NA"
"-64.49","48.01","MISCOU ISLAND (AUT)","8103050","2020-12-19 07:00","2020","12","19","07:00","-2.8","","-5.5","","82","","0.0","","36","","20","","","","102.52","","","","-9","","NA"
"-64.49","48.01","MISCOU ISLAND (AUT)","8103050","2020-12-19 08:00","2020","12","19","08:00","-3.0","","-5.8","","81","","0.0","","1","","22","","","","102.53","","","","-9","","NA"
"-64.49","48.01","MISCOU ISLAND (AUT)","8103050","2020-12-19 09:00","2020","12","19","09:00","-3.2","","-5.7","","83","","0.0","","34","","16","","","","102.54","","","","-9","","NA"
"-64.49","48.01","MISCOU ISLAND (AUT)","8103050","2020-12-19 10:00","2020","12","19","10:00","-3.2","","-5.6","","83","","0.0","","32","","16","","","","102.55","","","","-9","","NA"
"-64.49","48.01","MISCOU ISLAND (AUT)","8103050","2020-12-19 11:00","2020","12","19","11:00","-2.7","","-5.5","","81","","0.0","","32","","16","","","","102.57","","","","-8","","NA"
"-64.49","48.01","MISCOU ISLAND (AUT)","8103050","2020-12-19 12:00","2020","12","19","12:00","-2.5","","-5.7","","79","","0.0","","32","","10","","","","102.50","","","","-6","","NA"
"-64.49","48.01","MISCOU ISLAND (AUT)","8103050","2020-12-19 13:00","2020","12","19","13:00","-1.7","","-6.3","","71","","0.3","","34","","4","","","","102.45","","","","-3","","NA"
"-64.49","48.01","MISCOU ISLAND (AUT)","8103050","2020-12-19 14:00","2020","12","19","14:00","-1.3","","-5.9","","71","","0.5","","13","","7","","","","102.39","","","","-4","","NA"
"-64.49","48.01","MISCOU ISLAND (AUT)","8103050","2020-12-19 15:00","2020","12","19","15:00","-2.5","","-6.1","","76","","0.0","","18","","8","","","","102.38","","","","-6","","NA"
"-64.49","48.01","MISCOU ISLAND (AUT)","8103050","2020-12-19 16:00","2020","12","19","16:00","-3.2","","-6.1","","80","","0.0","","22","","9","","","","102.38","","","","-7","","NA"
"-64.49","48.01","MISCOU ISLAND (AUT)","8103050","2020-12-19 17:00","2020","12","19","17:00","-5.9","","-8.1","","85","","0.0","","21","","11","","","","102.39","","","","-11","","NA"
"-64.49","48.01","MISCOU ISLAND (AUT)","8103050","2020-12-19 18:00","2020","12","19","18:00","-6.8","","-8.3","","89","","0.0","","21","","14","","","","102.38","","","","-13","","NA"
"-64.49","48.01","MISCOU ISLAND (AUT)","8103050","2020-12-19 19:00","2020","12","19","19:00","-7.5","","-8.9","","90","","0.0","","21","","14","","","","102.40","","","","-13","","NA"
"-64.49","48.01","MISCOU ISLAND (AUT)","8103050","2020-12-19 20:00","2020","12","19","20:00","-6.6","","-7.9","","90","","0.0","","21","","15","","","","102.37","","","","-13","","NA"
"-64.49","48.01","MISCOU ISLAND (AUT)","8103050","2020-12-19 21:00","2020","12","19","21:00","-6.9","","-8.1","","91","","0.0","","21","","15","","","","102.40","","","","-13","","NA"
"-64.49","48.01","MISCOU ISLAND (AUT)","8103050","2020-12-19 22:00","2020","12","19","22:00","-5.8","","-7.2","","90","","0.0","","21","","15","","","","102.36","","","","-12","","NA"
"-64.49","48.01","MISCOU ISLAND (AUT)","8103050","2020-12-19 23:00","2020","12","19","23:00","-7.4","","-8.7","","91","","0.0","","20","","14","","","","102.31","","","","-13","","NA"
"-64.49","48.01","MISCOU ISLAND (AUT)","8103050","2020-12-20 00:00","2020","12","20","00:00","-7.6","","-8.7","","92","","0.0","","20","","13","","","","102.25","","","","-13","","NA"
"-64.49","48.01","MISCOU ISLAND (AUT)","8103050","2020-12-20 01:00","2020","12","20","01:00","-7.7","","-8.7","","92","","0.0","","22","","14","","","","102.21","","","","-14","","NA"
"-64.49","48.01","MISCOU ISLAND (AUT)","8103050","2020-12-20 02:00","2020","12","20","02:00","-8.6","","-9.6","","93","","0.0","","20","","12","","","","102.22","","","","-14","","NA"
"-64.49","48.01","MISCOU ISLAND (AUT)","8103050","2020-12-20 03:00","2020","12","20","03:00","-9.0","","-9.9","","93","","0.0","","20","","12","","","","102.23","","","","-15","","NA"
"-64.49","48.01","MISCOU ISLAND (AUT)","8103050","2020-12-20 04:00","2020","12","20","04:00","-8.9","","-9.7","","93","","0.0","","21","","14","","","","102.22","","","","-15","","NA"
"-64.49","48.01","MISCOU ISLAND (AUT)","8103050","2020-12-20 05:00","2020","12","20","05:00","-8.2","","-9.1","","93","","0.0","","20","","13","","","","102.21","","","","-14","","NA"
"-64.49","48.01","MISCOU ISLAND (AUT)","8103050","2020-12-20 06:00","2020","12","20","06:00","-8.0","","-9.0","","92","","0.0","","20","","12","","","","102.22","","","","-13","","NA"
"-64.49","48.01","MISCOU ISLAND (AUT)","8103050","2020-12-20 07:00","2020","12","20","07:00","-7.8","","-8.7","","93","","0.0","","21","","14","","","","102.24","","","","-14","","NA"
"-64.49","48.01","MISCOU ISLAND (AUT)","8103050","2020-12-20 08:00","2020","12","20","08:00","-6.5","","-7.3","","94","","0.0","","21","","11","","","","102.23","","","","-11","","NA"
"-64.49","48.01","MISCOU ISLAND (AUT)","8103050","2020-12-20 09:00","2020","12","20","09:00","-6.8","","-7.8","","92","","0.0","","21","","17","","","","102.27","","","","-13","","NA"
"-64.49","48.01","MISCOU ISLAND (AUT)","8103050","2020-12-20 10:00","2020","12","20","10:00","-3.7","","-4.8","","92","","0.0","","24","","16","","","","102.26","","","","-9","","NA"
"-64.49","48.01","MISCOU ISLAND (AUT)","8103050","2020-12-20 11:00","2020","12","20","11:00","-3.5","","-5.1","","89","","0.0","","23","","18","","","","102.25","","","","-9","","NA"
"-64.49","48.01","MISCOU ISLAND (AUT)","8103050","2020-12-20 12:00","2020","12","20","12:00","-2.7","","-5.2","","83","","0.0","","23","","20","","","","102.19","","","","-9","","NA"
"-64.49","48.01","MISCOU ISLAND (AUT)","8103050","2020-12-20 13:00","2020","12","20","13:00","-2.5","","-5.6","","79","","0.0","","24","","17","","","","102.13","","","","-8","","NA"
"-64.49","48.01","MISCOU ISLAND (AUT)","8103050","2020-12-20 14:00","2020","12","20","14:00","-2.7","","-6.3","","76","","0.2","","23","","15","","","","102.14","","","","-8","","NA"
"-64.49","48.01","MISCOU ISLAND (AUT)","8103050","2020-12-20 15:00","2020","12","20","15:00","-2.9","","-6.7","","75","","0.0","","21","","9","","","","102.14","","","","-6","","NA"
"-64.49","48.01","MISCOU ISLAND (AUT)","8103050","2020-12-20 16:00","2020","12","20","16:00","-2.7","","-6.4","","76","","0.0","","19","","11","","","","102.12","","","","-7","","NA"
"-64.49","48.01","MISCOU ISLAND (AUT)","8103050","2020-12-20 17:00","2020","12","20","17:00","-4.9","","-6.9","","86","","0.0","","20","","10","","","","102.08","","","","-9","","NA"
"-64.49","48.01","MISCOU ISLAND (AUT)","8103050","2020-12-20 18:00","2020","12","20","18:00","-3.8","","-5.7","","87","","0.0","","18","","13","","","","102.07","","","","-9","","NA"
"-64.49","48.01","MISCOU ISLAND (AUT)","8103050","2020-12-20 19:00","2020","12","20","19:00","-5.5","","-7.2","","88","","0.0","","20","","10","","","","102.07","","","","-10","","NA"
"-64.49","48.01","MISCOU ISLAND (AUT)","8103050","2020-12-20 20:00","2020","12","20","20:00","-2.3","","-3.7","","90","","0.0","","19","","17","","","","102.04","","","","-8","","NA"
"-64.49","48.01","MISCOU ISLAND (AUT)","8103050","2020-12-20 21:00","2020","12","20","21:00","-1.7","","-3.4","","88","","0.0","","20","","14","","","","102.01","","","","-6","","NA"
"-64.49","48.01","MISCOU ISLAND (AUT)","8103050","2020-12-20 22:00","2020","12","20","22:00","-1.3","","-2.9","","89","","0.0","","17","","12","","","","101.95","","","","-5","","NA"
"-64.49","48.01","MISCOU ISLAND (AUT)","8103050","2020-12-20 23:00","2020","12","20","23:00","0.1","","-1.2","","91","","0.0","","17","","15","","","","101.88","","","","","","NA"
"-64.49","48.01","MISCOU ISLAND (AUT)","8103050","2020-12-21 00:00","2020","12","21","00:00","0.2","","-1.2","","90","","0.0","","18","","20","","","","101.79","","","","","","NA"
"-64.49","48.01","MISCOU ISLAND (AUT)","8103050","2020-12-21 01:00","2020","12","21","01:00","0.1","","-0.8","","93","","0.0","","18","","21","","","","101.73","","","","","","NA"
"-64.49","48.01","MISCOU ISLAND (AUT)","8103050","2020-12-21 02:00","2020","12","21","02:00","0.1","","-0.6","","95","","0.0","","18","","19","","","","101.69","","","","","","NA"
"-64.49","48.01","MISCOU ISLAND (AUT)","8103050","2020-12-21 03:00","2020","12","21","03:00","0.2","","-0.4","","95","","0.3","","17","","20","","","","101.65","","","","","","NA"
"-64.49","48.01","MISCOU ISLAND (AUT)","8103050","2020-12-21 04:00","2020","12","21","04:00","0.3","","-0.3","","96","","0.4","","17","","21","","","","101.59","","","","","","NA"
"-64.49","48.01","MISCOU ISLAND (AUT)","8103050","2020-12-21 05:00","2020","12","21","05:00","0.6","","0.1","","96","","0.4","","17","","21","","","","101.52","","","","","","NA"
"-64.49","48.01","MISCOU ISLAND (AUT)","8103050","2020-12-21 06:00","2020","12","21","06:00","1.0","","0.4","","96","","1.0","","17","","21","","","","101.44","","","","","","NA"
"-64.49","48.01","MISCOU ISLAND (AUT)","8103050","2020-12-21 07:00","2020","12","21","07:00","1.2","","0.6","","96","","0.3","","16","","20","","","","101.38","","","","","","NA"
"-64.49","48.01","MISCOU ISLAND (AUT)","8103050","2020-12-21 08:00","2020","12","21","08:00","1.3","","0.7","","96","","0.0","","17","","18","","","","101.35","","","","","","NA"
"-64.49","48.01","MISCOU ISLAND (AUT)","8103050","2020-12-21 09:00","2020","12","21","09:00","1.4","","0.7","","96","","0.0","","17","","15","","","","101.32","","","","","","NA"
"-64.49","48.01","MISCOU ISLAND (AUT)","8103050","2020-12-21 10:00","2020","12","21","10:00","1.5","","0.9","","96","","0.2","","19","","15","","","","101.28","","","","","","NA"
"-64.49","48.01","MISCOU ISLAND (AUT)","8103050","2020-12-21 11:00","2020","12","21","11:00","1.7","","1.0","","96","","0.2","","20","","13","","","","101.19","","","","","","NA"
"-64.49","48.01","MISCOU ISLAND (AUT)","8103050","2020-12-21 12:00","2020","12","21","12:00","1.9","","1.3","","96","","0.0","","19","","9","","","","101.08","","","","","","NA"
"-64.49","48.01","MISCOU ISLAND (AUT)","8103050","2020-12-21 13:00","2020","12","21","13:00","1.8","","1.2","","96","","0.0","","23","","6","","","","100.97","","","","","","NA"
"-64.49","48.01","MISCOU ISLAND (AUT)","8103050","2020-12-21 14:00","2020","12","21","14:00","2.4","","1.8","","96","","0.3","","26","","2","","","","100.89","","","","","","NA"
"-64.49","48.01","MISCOU ISLAND (AUT)","8103050","2020-12-21 15:00","2020","12","21","15:00","1.8","","1.2","","96","","0.0","","30","","7","","","","100.88","","","","","","NA"
"-64.49","48.01","MISCOU ISLAND (AUT)","8103050","2020-12-21 16:00","2020","12","21","16:00","1.0","","0.5","","96","","0.0","","32","","10","","","","100.84","","","","","","NA"
"-64.49","48.01","MISCOU ISLAND (AUT)","8103050","2020-12-21 17:00","2020","12","21","17:00","0.6","","0.1","","96","","0.0","","36","","5","","","","100.81","","","","","","NA"
"-64.49","48.01","MISCOU ISLAND (AUT)","8103050","2020-12-21 18:00","2020","12","21","18:00","0.1","","-0.3","","97","","0.0","","7","","2","","","","100.80","","","","","","NA"
"-64.49","48.01","MISCOU ISLAND (AUT)","8103050","2020-12-21 19:00","2020","12","21","19:00","-0.5","","-0.9","","97","","0.0","","35","","12","","","","100.69","","","","-4","","NA"
"-64.49","48.01","MISCOU ISLAND (AUT)","8103050","2020-12-21 20:00","2020","12","21","20:00","-0.7","","-1.1","","98","","0.0","","34","","18","","","","100.63","","","","-6","","NA"
"-64.49","48.01","MISCOU ISLAND (AUT)","8103050","2020-12-21 21:00","2020","12","21","21:00","-0.6","","-0.9","","98","","0.0","","2","","11","","","","100.55","","","","-4","","NA"
"-64.49","48.01","MISCOU ISLAND (AUT)","8103050","2020-12-21 22:00","2020","12","21","22:00","0.1","","-0.2","","98","","0.0","","2","","18","","","","100.39","","","","","","NA"
"-64.49","48.01","MISCOU ISLAND (AUT)","8103050","2020-12-21 23:00","2020","12","21","23:00","1.1","","0.7","","97","","0.0","","1","","32","","","","100.20","","","","","","NA"
"-64.49","48.01","MISCOU ISLAND (AUT)","8103050","2020-12-22 00:00","2020","12","22","00:00","1.2","","-0.3","","90","","0.0","","2","","35","","","","100.03","","","","","","NA"
"-64.49","48.01","MISCOU ISLAND (AUT)","8103050","2020-12-22 01:00","2020","12","22","01:00","1.1","","-0.8","","87","","0.0","","1","","39","","","","99.86","","","","","","NA"
"-64.49","48.01","MISCOU ISLAND (AUT)","8103050","2020-12-22 02:00","2020","12","22","02:00","1.1","","-1.0","","86","","0.0","","1","","42","","","","99.67","","","","","","NA"
"-64.49","48.01","MISCOU ISLAND (AUT)","8103050","2020-12-22 03:00","2020","12","22","03:00","1.1","","-1.0","","86","","0.0","","1","","39","","","","99.54","","","","","","NA"
"-64.49","48.01","MISCOU ISLAND (AUT)","8103050","2020-12-22 04:00","2020","12","22","04:00","1.1","","-1.0","","86","","0.0","","34","","35","","","","99.38","","","","","","NA"
"-64.49","48.01","MISCOU ISLAND (AUT)","8103050","2020-12-22 05:00","2020","12","22","05:00","0.1","","-0.8","","93","","0.0","","34","","40","","","","99.20","","","","","","NA"
"-64.49","48.01","MISCOU ISLAND (AUT)","8103050","2020-12-22 06:00","2020","12","22","06:00","0.0","","-0.5","","97","","0.8","","34","","40","","","","99.07","","","","-7","","NA"
"-64.49","48.01","MISCOU ISLAND (AUT)","8103050","2020-12-22 07:00","2020","12","22","07:00","-0.1","","-0.5","","97","","1.1","","33","","41","","","","98.93","","","","-8","","NA"
"-64.49","48.01","MISCOU ISLAND (AUT)","8103050","2020-12-22 08:00","2020","12","22","08:00","-0.1","","-0.4","","98","","0.8","","32","","42","","","","98.82","","","","-8","","NA"
"-64.49","48.01","MISCOU ISLAND (AUT)","8103050","2020-12-22 09:00","2020","12","22","09:00","-0.3","","-0.6","","98","","0.4","","32","","44","","","","98.73","","","","-8","","NA"
"-64.49","48.01","MISCOU ISLAND (AUT)","8103050","2020-12-22 10:00","2020","12","22","10:00","-0.4","","-0.6","","98","","0.3","","31","","39","","","","98.75","","","","-8","","NA"
"-64.49","48.01","MISCOU ISLAND (AUT)","8103050","2020-12-22 11:00","2020","12","22","11:00","-0.4","","-0.7","","98","","0.3","","29","","33","","","","98.72","","","","-7","","NA"
"-64.49","48.01","MISCOU ISLAND (AUT)","8103050","2020-12-22 12:00","2020","12","22","12:00","-0.6","","-0.9","","98","","1.2","","29","","28","","","","98.71","","","","-7","","NA"
"-64.49","48.01","MISCOU ISLAND (AUT)","8103050","2020-12-22 13:00","2020","12","22","13:00","-0.6","","-0.9","","98","","1.2","","27","","29","","","","98.72","","","","-7","","NA"
"-64.49","48.01","MISCOU ISLAND (AUT)","8103050","2020-12-22 14:00","2020","12","22","14:00","-0.8","","-1.1","","98","","0.9","","27","","35","","","","98.77","","","","-8","","NA"
"-64.49","48.01","MISCOU ISLAND (AUT)","8103050","2020-12-22 15:00","2020","12","22","15:00","-0.9","","-1.2","","98","","0.2","","26","","35","","","","98.87","","","","-8","","NA"
"-64.49","48.01","MISCOU ISLAND (AUT)","8103050","2020-12-22 16:00","2020","12","22","16:00","-1.0","","-1.3","","98","","0.2","","26","","30","","","","98.99","","","","-8","","NA"
"-64.49","48.01","MISCOU ISLAND (AUT)","8103050","2020-12-22 17:00","2020","12","22","17:00","-1.3","","-1.6","","98","","0.2","","27","","29","","","","99.09","","","","-8","","NA"
"-64.49","48.01","MISCOU ISLAND (AUT)","8103050","2020-12-22 18:00","2020","12","22","18:00","-1.3","","-1.6","","98","","0.0","","27","","25","","","","99.16","","","","-8","","NA"
"-64.49","48.01","MISCOU ISLAND (AUT)","8103050","2020-12-22 19:00","2020","12","22","19:00","-1.4","","-1.7","","98","","0.0","","27","","25","","","","99.29","","","","-8","","NA"
"-64.49","48.01","MISCOU ISLAND (AUT)","8103050","2020-12-22 20:00","2020","12","22","20:00","-1.4","","-1.7","","98","","0.0","","27","","23","","","","99.39","","","","-7","","NA"
"-64.49","48.01","MISCOU ISLAND (AUT)","8103050","2020-12-22 21:00","2020","12","22","21:00","-1.4","","-1.7","","98","","0.0","","27","","20","","","","99.50","","","","-7","","NA"
"-64.49","48.01","MISCOU ISLAND (AUT)","8103050","2020-12-22 22:00","2020","12","22","22:00","-1.7","","-2.0","","97","","0.0","","29","","18","","","","99.64","","","","-7","","NA"
"-64.49","48.01","MISCOU ISLAND (AUT)","8103050","2020-12-22 23:00","2020","12","22","23:00","-2.0","","-2.5","","96","","0.0","","31","","29","","","","99.75","","","","-9","","NA"
"-64.49","48.01","MISCOU ISLAND (AUT)","8103050","2020-12-23 00:00","2020","12","23","00:00","-2.2","","-3.0","","94","","0.0","","30","","29","","","","99.88","","","","-9","","NA"
"-64.49","48.01","MISCOU ISLAND (AUT)","8103050","2020-12-23 01:00","2020","12","23","01:00","-2.5","","-3.5","","93","","0.0","","29","","25","","","","100.02","","","","-9","","NA"
"-64.49","48.01","MISCOU ISLAND (AUT)","8103050","2020-12-23 02:00","2020","12","23","02:00","-2.7","","-3.7","","93","","0.0","","29","","21","","","","100.18","","","","-9","","NA"
"-64.49","48.01","MISCOU ISLAND (AUT)","8103050","2020-12-23 03:00","2020","12","23","03:00","-3.0","","-4.2","","91","","0.0","","28","","20","","","","100.30","","","","-9","","NA"
"-64.49","48.01","MISCOU ISLAND (AUT)","8103050","2020-12-23 04:00","2020","12","23","04:00","-2.9","","-4.1","","91","","0.0","","28","","22","","","","100.41","","","","-9","","NA"
"-64.49","48.01","MISCOU ISLAND (AUT)","8103050","2020-12-23 05:00","2020","12","23","05:00","-2.4","","-3.9","","90","","0.0","","29","","21","","","","100.51","","","","-8","","NA"
"-64.49","48.01","MISCOU ISLAND (AUT)","8103050","2020-12-23 06:00","2020","12","23","06:00","-2.3","","-3.6","","91","","0.0","","28","","25","","","","100.65","","","","-9","","NA"
"-64.49","48.01","MISCOU ISLAND (AUT)","8103050","2020-12-23 07:00","2020","12","23","07:00","-3.2","","-4.7","","89","","0.0","","28","","30","","","","100.82","","","","-11","","NA"
"-64.49","48.01","MISCOU ISLAND (AUT)","8103050","2020-12-23 08:00","2020","12","23","08:00","-4.6","","-6.2","","89","","0.0","","27","","34","","","","101.02","","","","-13","","NA"
"-64.49","48.01","MISCOU ISLAND (AUT)","8103050","2020-12-23 09:00","2020","12","23","09:00","-5.1","","-6.9","","87","","0.0","","28","","34","","","","101.22","","","","-14","","NA"
"-64.49","48.01","MISCOU ISLAND (AUT)","8103050","2020-12-23 10:00","2020","12","23","10:00","-5.4","","-7.5","","86","","0.0","","27","","28","","","","101.41","","","","-13","","NA"
"-64.49","48.01","MISCOU ISLAND (AUT)","8103050","2020-12-23 11:00","2020","12","23","11:00","-5.6","","-8.0","","83","","0.0","","28","","27","","","","101.52","","","","-13","","NA"
"-64.49","48.01","MISCOU ISLAND (AUT)","8103050","2020-12-23 12:00","2020","12","23","12:00","-5.5","","-8.2","","81","","0.0","","31","","26","","","","101.59","","","","-13","","NA"
"-64.49","48.01","MISCOU ISLAND (AUT)","8103050","2020-12-23 13:00","2020","12","23","13:00","-5.6","","-8.6","","79","","0.0","","29","","18","","","","101.68","","","","-12","","NA"
"-64.49","48.01","MISCOU ISLAND (AUT)","8103050","2020-12-23 14:00","2020","12","23","14:00","-4.9","","-8.3","","78","","0.0","","30","","17","","","","101.73","","","","-11","","NA"
"-64.49","48.01","MISCOU ISLAND (AUT)","8103050","2020-12-23 15:00","2020","12","23","15:00","-5.2","","-8.6","","77","","0.0","","29","","17","","","","101.91","","","","-11","","NA"
"-64.49","48.01","MISCOU ISLAND (AUT)","8103050","2020-12-23 16:00","2020","12","23","16:00","-5.9","","-9.4","","76","","0.0","","29","","17","","","","102.07","","","","-12","","NA"
"-64.49","48.01","MISCOU ISLAND (AUT)","8103050","2020-12-23 17:00","2020","12","23","17:00","-6.5","","-9.7","","78","","0.0","","28","","15","","","","102.21","","","","-12","","NA"
"-64.49","48.01","MISCOU ISLAND (AUT)","8103050","2020-12-23 18:00","2020","12","23","18:00","-6.9","","-9.8","","79","","0.0","","27","","16","","","","102.38","","","","-13","","NA"
"-64.49","48.01","MISCOU ISLAND (AUT)","8103050","2020-12-23 19:00","2020","12","23","19:00","-7.3","","-10.2","","80","","0.0","","29","","22","","","","102.48","","","","-15","","NA"
"-64.49","48.01","MISCOU ISLAND (AUT)","8103050","2020-12-23 20:00","2020","12","23","20:00","-7.8","","-10.4","","82","","0.0","","29","","14","","","","102.56","","","","-14","","NA"
"-64.49","48.01","MISCOU ISLAND (AUT)","8103050","2020-12-23 21:00","2020","12","23","21:00","-9.3","","-11.5","","84","","0.0","","27","","11","","","","102.61","","","","-15","","NA"
"-64.49","48.01","MISCOU ISLAND (AUT)","8103050","2020-12-23 22:00","2020","12","23","22:00","-10.1","","-12.0","","86","","0.0","","26","","7","","","","102.66","","","","-14","","NA"
"-64.49","48.01","MISCOU ISLAND (AUT)","8103050","2020-12-23 23:00","2020","12","23","23:00","-12.4","","-14.0","","88","","0.0","","23","","9","","","","102.75","","","","-18","","NA"
"-64.49","48.01","MISCOU ISLAND (AUT)","8103050","2020-12-24 00:00","2020","12","24","00:00","-10.3","","-12.0","","87","","0.0","","26","","13","","","","102.79","","","","-17","","NA"
"-64.49","48.01","MISCOU ISLAND (AUT)","8103050","2020-12-24 01:00","2020","12","24","01:00","-12.2","","-14.0","","86","","0.0","","22","","10","","","","102.77","","","","-18","","NA"
"-64.49","48.01","MISCOU ISLAND (AUT)","8103050","2020-12-24 02:00","2020","12","24","02:00","-12.1","","-13.7","","88","","0.0","","22","","13","","","","102.85","","","","-19","","NA"
"-64.49","48.01","MISCOU ISLAND (AUT)","8103050","2020-12-24 03:00","2020","12","24","03:00","-12.4","","-13.6","","90","","0.0","","21","","16","","","","102.88","","","","-20","","NA"
"-64.49","48.01","MISCOU ISLAND (AUT)","8103050","2020-12-24 04:00","2020","12","24","04:00","-10.9","","-13.2","","83","","0.0","","21","","18","","","","102.87","","","","-19","","NA"
"-64.49","48.01","MISCOU ISLAND (AUT)","8103050","2020-12-24 05:00","2020","12","24","05:00","-8.9","","-11.1","","84","","0.0","","22","","16","","","","102.86","","","","-16","","NA"
"-64.49","48.01","MISCOU ISLAND (AUT)","8103050","2020-12-24 06:00","2020","12","24","06:00","-8.2","","-10.6","","83","","0.0","","22","","13","","","","102.85","","","","-14","","NA"
"-64.49","48.01","MISCOU ISLAND (AUT)","8103050","2020-12-24 07:00","2020","12","24","07:00","-8.1","","-10.0","","86","","0.0","","23","","11","","","","102.88","","","","-13","","NA"
"-64.49","48.01","MISCOU ISLAND (AUT)","8103050","2020-12-24 08:00","2020","12","24","08:00","-6.0","","-8.4","","83","","0.0","","19","","21","","","","102.85","","","","-13","","NA"
"-64.49","48.01","MISCOU ISLAND (AUT)","8103050","2020-12-24 09:00","2020","12","24","09:00","-4.8","","-7.8","","80","","0.0","","19","","20","","","","102.81","","","","-11","","NA"
"-64.49","48.01","MISCOU ISLAND (AUT)","8103050","2020-12-24 10:00","2020","12","24","10:00","-3.5","","-6.2","","81","","0.0","","19","","20","","","","102.78","","","","-10","","NA"
"-64.49","48.01","MISCOU ISLAND (AUT)","8103050","2020-12-24 11:00","2020","12","24","11:00","-1.1","","-3.2","","86","","0.2","","18","","25","","","","102.69","","","","-7","","NA"
"-64.49","48.01","MISCOU ISLAND (AUT)","8103050","2020-12-24 12:00","2020","12","24","12:00","-0.6","","-2.3","","88","","1.6","","19","","26","","","","102.71","","","","-7","","NA"
"-64.49","48.01","MISCOU ISLAND (AUT)","8103050","2020-12-24 13:00","2020","12","24","13:00","-0.1","","-1.6","","90","","0.3","","18","","28","","","","102.60","","","","-6","","NA"
"-64.49","48.01","MISCOU ISLAND (AUT)","8103050","2020-12-24 14:00","2020","12","24","14:00","0.5","","-0.5","","93","","0.4","","18","","29","","","","102.54","","","","","","NA"
"-64.49","48.01","MISCOU ISLAND (AUT)","8103050","2020-12-24 15:00","2020","12","24","15:00","0.8","","-0.2","","93","","0.0","","18","","27","","","","102.48","","","","","","NA"
"-64.49","48.01","MISCOU ISLAND (AUT)","8103050","2020-12-24 16:00","2020","12","24","16:00","1.2","","0.0","","92","","0.0","","18","","34","","","","102.42","","","","","","NA"
"-64.49","48.01","MISCOU ISLAND (AUT)","8103050","2020-12-24 17:00","2020","12","24","17:00","1.4","","0.1","","91","","0.0","","18","","27","","","","102.50","","","","","","NA"
"-64.49","48.01","MISCOU ISLAND (AUT)","8103050","2020-12-24 18:00","2020","12","24","18:00","1.6","","0.4","","92","","0.0","","17","","22","","","","102.54","","","","","","NA"
"-64.49","48.01","MISCOU ISLAND (AUT)","8103050","2020-12-24 19:00","2020","12","24","19:00","1.8","","0.6","","92","","0.0","","18","","23","","","","102.53","","","","","","NA"
"-64.49","48.01","MISCOU ISLAND (AUT)","8103050","2020-12-24 20:00","2020","12","24","20:00","2.5","","0.9","","89","","0.0","","20","","28","","","","102.55","","","","","","NA"
"-64.49","48.01","MISCOU ISLAND (AUT)","8103050","2020-12-24 21:00","2020","12","24","21:00","2.5","","0.6","","87","","0.0","","20","","37","","","","102.48","","","","","","NA"
"-64.49","48.01","MISCOU ISLAND (AUT)","8103050","2020-12-24 22:00","2020","12","24","22:00","2.1","","0.6","","90","","0.0","","19","","27","","","","102.49","","","","","","NA"
"-64.49","48.01","MISCOU ISLAND (AUT)","8103050","2020-12-24 23:00","2020","12","24","23:00","2.0","","0.7","","91","","1.0","","19","","25","","","","102.43","","","","","","NA"
"-64.49","48.01","MISCOU ISLAND (AUT)","8103050","2020-12-25 00:00","2020","12","25","00:00","1.8","","0.8","","92","","0.3","","18","","24","","","","102.39","","","","","","NA"
"-64.49","48.01","MISCOU ISLAND (AUT)","8103050","2020-12-25 01:00","2020","12","25","01:00","2.1","","1.2","","93","","0.0","","17","","22","","","","102.24","","","","","","NA"
"-64.49","48.01","MISCOU ISLAND (AUT)","8103050","2020-12-25 02:00","2020","12","25","02:00","2.2","","1.3","","94","","0.0","","16","","17","","","","102.22","","","","","","NA"
"-64.49","48.01","MISCOU ISLAND (AUT)","8103050","2020-12-25 03:00","2020","12","25","03:00","2.3","","1.4","","94","","0.0","","18","","18","","","","102.24","","","","","","NA"
"-64.49","48.01","MISCOU ISLAND (AUT)","8103050","2020-12-25 04:00","2020","12","25","04:00","2.8","","1.9","","93","","0.0","","17","","21","","","","102.13","","","","","","NA"
"-64.49","48.01","MISCOU ISLAND (AUT)","8103050","2020-12-25 05:00","2020","12","25","05:00","3.4","","2.5","","94","","0.0","","17","","15","","","","102.05","","","","","","NA"
"-64.49","48.01","MISCOU ISLAND (AUT)","8103050","2020-12-25 06:00","2020","12","25","06:00","3.5","","2.6","","94","","0.0","","18","","17","","","","101.94","","","","","","NA"
"-64.49","48.01","MISCOU ISLAND (AUT)","8103050","2020-12-25 07:00","2020","12","25","07:00","3.6","","2.9","","95","","0.0","","18","","21","","","","101.83","","","","","","NA"
"-64.49","48.01","MISCOU ISLAND (AUT)","8103050","2020-12-25 08:00","2020","12","25","08:00","4.1","","3.5","","96","","0.0","","18","","28","","","","101.85","","","","","","NA"
"-64.49","48.01","MISCOU ISLAND (AUT)","8103050","2020-12-25 09:00","2020","12","25","09:00","4.1","","3.4","","96","","0.0","","18","","30","","","","101.84","","","","","","NA"
"-64.49","48.01","MISCOU ISLAND (AUT)","8103050","2020-12-25 10:00","2020","12","25","10:00","4.8","","4.2","","96","","0.0","","17","","33","","","","101.76","","","","","","NA"
"-64.49","48.01","MISCOU ISLAND (AUT)","8103050","2020-12-25 11:00","2020","12","25","11:00","5.4","","4.8","","96","","0.0","","17","","35","","","","101.65","","","","","","NA"
"-64.49","48.01","MISCOU ISLAND (AUT)","8103050","2020-12-25 12:00","2020","12","25","12:00","5.2","","4.5","","95","","0.0","","16","","32","","","","101.50","","","","","","NA"
"-64.49","48.01","MISCOU ISLAND (AUT)","8103050","2020-12-25 13:00","2020","12","25","13:00","5.5","","4.9","","95","","0.0","","17","","31","","","","101.40","","","","","","NA"
"-64.49","48.01","MISCOU ISLAND (AUT)","8103050","2020-12-25 14:00","2020","12","25","14:00","5.9","","5.3","","96","","0.0","","17","","31","","","","101.28","","","","","","NA"
"-64.49","48.01","MISCOU ISLAND (AUT)","8103050","2020-12-25 15:00","2020","12","25","15:00","6.2","","5.6","","96","","0.0","","17","","34","","","","101.20","","","","","","NA"
"-64.49","48.01","MISCOU ISLAND (AUT)","8103050","2020-12-25 16:00","2020","12","25","16:00","6.2","","5.6","","96","","0.0","","17","","31","","","","101.18","","","","","","NA"
"-64.49","48.01","MISCOU ISLAND (AUT)","8103050","2020-12-25 17:00","2020","12","25","17:00","7.4","","7.0","","97","","0.0","","18","","34","","","","101.17","","","","","","NA"
"-64.49","48.01","MISCOU ISLAND (AUT)","8103050","2020-12-25 18:00","2020","12","25","18:00","6.8","","6.2","","96","","0.0","","17","","35","","","","101.15","","","","","","NA"
"-64.49","48.01","MISCOU ISLAND (AUT)","8103050","2020-12-25 19:00","2020","12","25","19:00","6.0","","5.4","","96","","0.0","","17","","29","","","","101.13","","","","","","NA"
"-64.49","48.01","MISCOU ISLAND (AUT)","8103050","2020-12-25 20:00","2020","12","25","20:00","5.8","","5.2","","96","","0.0","","17","","30","","","","101.10","","","","","","NA"
"-64.49","48.01","MISCOU ISLAND (AUT)","8103050","2020-12-25 21:00","2020","12","25","21:00"
"-64.49","48.01","MISCOU ISLAND (AUT)","8103050","2020-12-25 22:00","2020","12","25","22:00"
"-64.49","48.01","MISCOU ISLAND (AUT)","8103050","2020-12-25 23:00","2020","12","25","23:00"
"-64.49","48.01","MISCOU ISLAND (AUT)","8103050","2020-12-26 00:00","2020","12","26","00:00"
"-64.49","48.01","MISCOU ISLAND (AUT)","8103050","2020-12-26 01:00","2020","12","26","01:00"
"-64.49","48.01","MISCOU ISLAND (AUT)","8103050","2020-12-26 02:00","2020","12","26","02:00"
"-64.49","48.01","MISCOU ISLAND (AUT)","8103050","2020-12-26 03:00","2020","12","26","03:00"
"-64.49","48.01","MISCOU ISLAND (AUT)","8103050","2020-12-26 04:00","2020","12","26","04:00"
"-64.49","48.01","MISCOU ISLAND (AUT)","8103050","2020-12-26 05:00","2020","12","26","05:00"
"-64.49","48.01","MISCOU ISLAND (AUT)","8103050","2020-12-26 06:00","2020","12","26","06:00"
"-64.49","48.01","MISCOU ISLAND (AUT)","8103050","2020-12-26 07:00","2020","12","26","07:00"
"-64.49","48.01","MISCOU ISLAND (AUT)","8103050","2020-12-26 08:00","2020","12","26","08:00"
"-64.49","48.01","MISCOU ISLAND (AUT)","8103050","2020-12-26 09:00","2020","12","26","09:00"
"-64.49","48.01","MISCOU ISLAND (AUT)","8103050","2020-12-26 10:00","2020","12","26","10:00"
"-64.49","48.01","MISCOU ISLAND (AUT)","8103050","2020-12-26 11:00","2020","12","26","11:00"
"-64.49","48.01","MISCOU ISLAND (AUT)","8103050","2020-12-26 12:00","2020","12","26","12:00"
"-64.49","48.01","MISCOU ISLAND (AUT)","8103050","2020-12-26 13:00","2020","12","26","13:00"
"-64.49","48.01","MISCOU ISLAND (AUT)","8103050","2020-12-26 14:00","2020","12","26","14:00"
"-64.49","48.01","MISCOU ISLAND (AUT)","8103050","2020-12-26 15:00","2020","12","26","15:00"
"-64.49","48.01","MISCOU ISLAND (AUT)","8103050","2020-12-26 16:00","2020","12","26","16:00"
"-64.49","48.01","MISCOU ISLAND (AUT)","8103050","2020-12-26 17:00","2020","12","26","17:00"
"-64.49","48.01","MISCOU ISLAND (AUT)","8103050","2020-12-26 18:00","2020","12","26","18:00"
"-64.49","48.01","MISCOU ISLAND (AUT)","8103050","2020-12-26 19:00","2020","12","26","19:00"
"-64.49","48.01","MISCOU ISLAND (AUT)","8103050","2020-12-26 20:00","2020","12","26","20:00"
"-64.49","48.01","MISCOU ISLAND (AUT)","8103050","2020-12-26 21:00","2020","12","26","21:00"
"-64.49","48.01","MISCOU ISLAND (AUT)","8103050","2020-12-26 22:00","2020","12","26","22:00"
"-64.49","48.01","MISCOU ISLAND (AUT)","8103050","2020-12-26 23:00","2020","12","26","23:00"
"-64.49","48.01","MISCOU ISLAND (AUT)","8103050","2020-12-27 00:00","2020","12","27","00:00"
"-64.49","48.01","MISCOU ISLAND (AUT)","8103050","2020-12-27 01:00","2020","12","27","01:00"
"-64.49","48.01","MISCOU ISLAND (AUT)","8103050","2020-12-27 02:00","2020","12","27","02:00"
"-64.49","48.01","MISCOU ISLAND (AUT)","8103050","2020-12-27 03:00","2020","12","27","03:00"
"-64.49","48.01","MISCOU ISLAND (AUT)","8103050","2020-12-27 04:00","2020","12","27","04:00"
"-64.49","48.01","MISCOU ISLAND (AUT)","8103050","2020-12-27 05:00","2020","12","27","05:00"
"-64.49","48.01","MISCOU ISLAND (AUT)","8103050","2020-12-27 06:00","2020","12","27","06:00"
"-64.49","48.01","MISCOU ISLAND (AUT)","8103050","2020-12-27 07:00","2020","12","27","07:00"
"-64.49","48.01","MISCOU ISLAND (AUT)","8103050","2020-12-27 08:00","2020","12","27","08:00"
"-64.49","48.01","MISCOU ISLAND (AUT)","8103050","2020-12-27 09:00","2020","12","27","09:00"
"-64.49","48.01","MISCOU ISLAND (AUT)","8103050","2020-12-27 10:00","2020","12","27","10:00"
"-64.49","48.01","MISCOU ISLAND (AUT)","8103050","2020-12-27 11:00","2020","12","27","11:00"
"-64.49","48.01","MISCOU ISLAND (AUT)","8103050","2020-12-27 12:00","2020","12","27","12:00"
"-64.49","48.01","MISCOU ISLAND (AUT)","8103050","2020-12-27 13:00","2020","12","27","13:00"
"-64.49","48.01","MISCOU ISLAND (AUT)","8103050","2020-12-27 14:00","2020","12","27","14:00","-5.2","","-9.0","","75","","0.0","","26","","34","","","","101.73","","","","-14","","NA"
"-64.49","48.01","MISCOU ISLAND (AUT)","8103050","2020-12-27 15:00","2020","12","27","15:00","-5.7","","-8.6","","80","","0.0","","25","","31","","","","101.90","","","","-14","","NA"
"-64.49","48.01","MISCOU ISLAND (AUT)","8103050","2020-12-27 16:00","2020","12","27","16:00","-5.6","","-8.3","","81","","0.0","","27","","25","","","","102.06","","","","-13","","NA"
"-64.49","48.01","MISCOU ISLAND (AUT)","8103050","2020-12-27 17:00","2020","12","27","17:00","-5.7","","-9.7","","73","","0.0","","27","","26","","","","102.17","","","","-13","","NA"
"-64.49","48.01","MISCOU ISLAND (AUT)","8103050","2020-12-27 18:00","2020","12","27","18:00","-5.2","","-9.1","","74","","0.0","","27","","24","","","","102.28","","","","-12","","NA"
"-64.49","48.01","MISCOU ISLAND (AUT)","8103050","2020-12-27 19:00","2020","12","27","19:00","-5.1","","-8.7","","76","","0.0","","26","","22","","","","102.39","","","","-12","","NA"
"-64.49","48.01","MISCOU ISLAND (AUT)","8103050","2020-12-27 20:00","2020","12","27","20:00","-5.4","","-9.1","","75","","0.0","","25","","21","","","","102.52","","","","-12","","NA"
"-64.49","48.01","MISCOU ISLAND (AUT)","8103050","2020-12-27 21:00","2020","12","27","21:00","-5.4","","-9.3","","74","","0.0","","26","","24","","","","102.60","","","","-13","","NA"
"-64.49","48.01","MISCOU ISLAND (AUT)","8103050","2020-12-27 22:00","2020","12","27","22:00","-5.4","","-10.0","","70","","0.0","","26","","21","","","","102.67","","","","-12","","NA"
"-64.49","48.01","MISCOU ISLAND (AUT)","8103050","2020-12-27 23:00","2020","12","27","23:00","-5.6","","-9.4","","74","","0.0","","25","","19","","","","102.72","","","","-12","","NA"
"-64.49","48.01","MISCOU ISLAND (AUT)","8103050","2020-12-28 00:00","2020","12","28","00:00","-5.8","","-9.7","","74","","0.0","","25","","16","","","","102.79","","","","-12","","NA"
"-64.49","48.01","MISCOU ISLAND (AUT)","8103050","2020-12-28 01:00","2020","12","28","01:00","-8.9","","-11.3","","83","","0.0","","19","","13","","","","102.82","","","","-15","","NA"
"-64.49","48.01","MISCOU ISLAND (AUT)","8103050","2020-12-28 02:00","2020","12","28","02:00","-9.2","","-11.6","","83","","0.0","","19","","10","","","","102.84","","","","-14","","NA"
"-64.49","48.01","MISCOU ISLAND (AUT)","8103050","2020-12-28 03:00","2020","12","28","03:00","-10.0","","-12.0","","85","","0.0","","21","","13","","","","102.91","","","","-16","","NA"
"-64.49","48.01","MISCOU ISLAND (AUT)","8103050","2020-12-28 04:00","2020","12","28","04:00","-10.6","","-12.4","","87","","0.0","","21","","13","","","","102.89","","","","-17","","NA"
"-64.49","48.01","MISCOU ISLAND (AUT)","8103050","2020-12-28 05:00","2020","12","28","05:00","-10.9","","-12.6","","87","","0.0","","23","","12","","","","102.93","","","","-17","","NA"
"-64.49","48.01","MISCOU ISLAND (AUT)","8103050","2020-12-28 06:00","2020","12","28","06:00","-10.0","","-11.8","","87","","0.0","","22","","8","","","","102.90","","","","-14","","NA"
"-64.49","48.01","MISCOU ISLAND (AUT)","8103050","2020-12-28 07:00","2020","12","28","07:00","-8.4","","-10.6","","84","","0.0","","18","","7","","","","102.89","","","","-12","","NA"
"-64.49","48.01","MISCOU ISLAND (AUT)","8103050","2020-12-28 08:00","2020","12","28","08:00","-9.2","","-11.3","","85","","0.0","","20","","14","","","","102.91","","","","-16","","NA"
"-64.49","48.01","MISCOU ISLAND (AUT)","8103050","2020-12-28 09:00","2020","12","28","09:00","-6.8","","-8.7","","86","","0.0","","22","","9","","","","102.95","","","","-11","","NA"
"-64.49","48.01","MISCOU ISLAND (AUT)","8103050","2020-12-28 10:00","2020","12","28","10:00","-3.8","","-8.2","","71","","0.2","","21","","8","","","","102.90","","","","-7","","NA"
"-64.49","48.01","MISCOU ISLAND (AUT)","8103050","2020-12-28 11:00","2020","12","28","11:00","-3.4","","-6.4","","80","","0.0","","18","","9","","","","102.79","","","","-7","","NA"
"-64.49","48.01","MISCOU ISLAND (AUT)","8103050","2020-12-28 12:00","2020","12","28","12:00","-1.1","","-4.8","","76","","0.0","","18","","22","","","","102.69","","","","-7","","NA"
"-64.49","48.01","MISCOU ISLAND (AUT)","8103050","2020-12-28 13:00","2020","12","28","13:00","-1.3","","-5.6","","72","","0.0","","18","","25","","","","102.59","","","","-8","","NA"
"-64.49","48.01","MISCOU ISLAND (AUT)","8103050","2020-12-28 14:00","2020","12","28","14:00","-0.9","","-5.2","","73","","0.0","","16","","21","","","","102.43","","","","-7","","NA"
"-64.49","48.01","MISCOU ISLAND (AUT)","8103050","2020-12-28 15:00","2020","12","28","15:00","-0.7","","-4.9","","73","","0.0","","16","","22","","","","102.36","","","","-6","","NA"
"-64.49","48.01","MISCOU ISLAND (AUT)","8103050","2020-12-28 16:00","2020","12","28","16:00","-0.4","","-4.2","","76","","0.0","","16","","22","","","","102.30","","","","-6","","NA"
"-64.49","48.01","MISCOU ISLAND (AUT)","8103050","2020-12-28 17:00","2020","12","28","17:00","0.1","","-3.3","","78","","0.0","","16","","23","","","","102.20","","","","","","NA"
"-64.49","48.01","MISCOU ISLAND (AUT)","8103050","2020-12-28 18:00","2020","12","28","18:00","0.2","","-3.0","","79","","0.0","","16","","27","","","","102.09","","","","","","NA"
"-64.49","48.01","MISCOU ISLAND (AUT)","8103050","2020-12-28 19:00","2020","12","28","19:00","0.4","","-2.6","","81","","0.0","","16","","23","","","","102.05","","","","","","NA"
"-64.49","48.01","MISCOU ISLAND (AUT)","8103050","2020-12-28 20:00","2020","12","28","20:00","0.8","","-2.1","","81","","0.0","","16","","24","","","","101.94","","","","","","NA"
"-64.49","48.01","MISCOU ISLAND (AUT)","8103050","2020-12-28 21:00","2020","12","28","21:00","0.9","","-1.4","","85","","0.0","","16","","27","","","","101.81","","","","","","NA"
"-64.49","48.01","MISCOU ISLAND (AUT)","8103050","2020-12-28 22:00","2020","12","28","22:00","0.6","","-0.6","","91","","0.0","","16","","28","","","","101.65","","","","","","NA"
"-64.49","48.01","MISCOU ISLAND (AUT)","8103050","2020-12-28 23:00","2020","12","28","23:00","1.0","","0.0","","93","","0.8","","16","","30","","","","101.50","","","","","","NA"
"-64.49","48.01","MISCOU ISLAND (AUT)","8103050","2020-12-29 00:00","2020","12","29","00:00","1.4","","0.4","","93","","0.0","","16","","26","","","","101.39","","","","","","NA"
"-64.49","48.01","MISCOU ISLAND (AUT)","8103050","2020-12-29 01:00","2020","12","29","01:00","1.6","","0.7","","94","","0.0","","17","","26","","","","101.26","","","","","","NA"
"-64.49","48.01","MISCOU ISLAND (AUT)","8103050","2020-12-29 02:00","2020","12","29","02:00","1.6","","0.8","","94","","0.2","","17","","24","","","","101.17","","","","","","NA"
"-64.49","48.01","MISCOU ISLAND (AUT)","8103050","2020-12-29 03:00","2020","12","29","03:00","1.9","","1.1","","95","","0.0","","18","","23","","","","101.08","","","","","","NA"
"-64.49","48.01","MISCOU ISLAND (AUT)","8103050","2020-12-29 04:00","2020","12","29","04:00","2.2","","1.5","","95","","0.0","","18","","23","","","","100.98","","","","","","NA"
"-64.49","48.01","MISCOU ISLAND (AUT)","8103050","2020-12-29 05:00","2020","12","29","05:00","2.2","","1.6","","96","","0.3","","19","","17","","","","100.88","","","","","","NA"
"-64.49","48.01","MISCOU ISLAND (AUT)","8103050","2020-12-29 06:00","2020","12","29","06:00","2.2","","1.6","","96","","0.0","","19","","15","","","","100.74","","","","","","NA"
"-64.49","48.01","MISCOU ISLAND (AUT)","8103050","2020-12-29 07:00","2020","12","29","07:00","1.9","","1.4","","96","","0.6","","20","","14","","","","100.71","","","","","","NA"
"-64.49","48.01","MISCOU ISLAND (AUT)","8103050","2020-12-29 08:00","2020","12","29","08:00","1.5","","1.0","","96","","0.7","","26","","14","","","","100.65","","","","","","NA"
"-64.49","48.01","MISCOU ISLAND (AUT)","8103050","2020-12-29 09:00","2020","12","29","09:00","1.5","","0.9","","96","","0.0","","26","","24","","","","100.65","","","","","","NA"
"-64.49","48.01","MISCOU ISLAND (AUT)","8103050","2020-12-29 10:00","2020","12","29","10:00","1.3","","0.6","","95","","0.0","","26","","23","","","","100.64","","","","","","NA"
"-64.49","48.01","MISCOU ISLAND (AUT)","8103050","2020-12-29 11:00","2020","12","29","11:00","0.3","","-0.6","","93","","0.0","","26","","34","","","","100.64","","","","","","NA"
"-64.49","48.01","MISCOU ISLAND (AUT)","8103050","2020-12-29 12:00","2020","12","29","12:00","-0.1","","-1.6","","90","","0.0","","26","","39","","","","100.61","","","","-7","","NA"
"-64.49","48.01","MISCOU ISLAND (AUT)","8103050","2020-12-29 13:00","2020","12","29","13:00","-1.2","","-3.7","","83","","0.0","","26","","41","","","","100.63","","","","-9","","NA"
"-64.49","48.01","MISCOU ISLAND (AUT)","8103050","2020-12-29 14:00","2020","12","29","14:00","-1.8","","-5.4","","77","","0.0","","26","","44","","","","100.67","","","","-10","","NA"
"-64.49","48.01","MISCOU ISLAND (AUT)","8103050","2020-12-29 15:00","2020","12","29","15:00","-3.6","","-8.0","","72","","0.0","","27","","40","","","","100.74","","","","-12","","NA"
"-64.49","48.01","MISCOU ISLAND (AUT)","8103050","2020-12-29 16:00","2020","12","29","16:00","-4.7","","-8.5","","75","","0.0","","27","","32","","","","100.84","","","","-13","","NA"
"-64.49","48.01","MISCOU ISLAND (AUT)","8103050","2020-12-29 17:00","2020","12","29","17:00","-6.3","","-10.4","","72","","0.0","","27","","40","","","","100.89","","","","-16","","NA"
"-64.49","48.01","MISCOU ISLAND (AUT)","8103050","2020-12-29 18:00","2020","12","29","18:00","-6.8","","-10.9","","73","","0.0","","28","","36","","","","100.97","","","","-16","","NA"
"-64.49","48.01","MISCOU ISLAND (AUT)","8103050","2020-12-29 19:00","2020","12","29","19:00","-7.3","","-11.8","","70","","0.0","","28","","36","","","","101.02","","","","-17","","NA"
"-64.49","48.01","MISCOU ISLAND (AUT)","8103050","2020-12-29 20:00","2020","12","29","20:00","-7.3","","-11.8","","70","","0.0","","27","","37","","","","101.04","","","","-17","","NA"
"-64.49","48.01","MISCOU ISLAND (AUT)","8103050","2020-12-29 21:00","2020","12","29","21:00","-7.7","","-12.0","","71","","0.0","","28","","33","","","","101.07","","","","-17","","NA"
"-64.49","48.01","MISCOU ISLAND (AUT)","8103050","2020-12-29 22:00","2020","12","29","22:00","-7.9","","-12.1","","72","","0.0","","28","","36","","","","101.10","","","","-18","","NA"
"-64.49","48.01","MISCOU ISLAND (AUT)","8103050","2020-12-29 23:00","2020","12","29","23:00","-8.1","","-12.5","","70","","0.0","","28","","34","","","","101.13","","","","-18","","NA"
"-64.49","48.01","MISCOU ISLAND (AUT)","8103050","2020-12-30 00:00","2020","12","30","00:00","-8.2","","-12.7","","70","","0.0","","28","","33","","","","101.15","","","","-18","","NA"
"-64.49","48.01","MISCOU ISLAND (AUT)","8103050","2020-12-30 01:00","2020","12","30","01:00","-8.5","","-13.3","","68","","0.0","","27","","29","","","","101.17","","","","-17","","NA"
"-64.49","48.01","MISCOU ISLAND (AUT)","8103050","2020-12-30 02:00","2020","12","30","02:00","-8.4","","-13.4","","67","","0.0","","28","","30","","","","101.26","","","","-17","","NA"
"-64.49","48.01","MISCOU ISLAND (AUT)","8103050","2020-12-30 03:00","2020","12","30","03:00","-8.3","","-13.1","","68","","0.0","","28","","30","","","","101.33","","","","-17","","NA"
"-64.49","48.01","MISCOU ISLAND (AUT)","8103050","2020-12-30 04:00","2020","12","30","04:00","-8.1","","-12.5","","70","","0.0","","28","","32","","","","101.40","","","","-17","","NA"
"-64.49","48.01","MISCOU ISLAND (AUT)","8103050","2020-12-30 05:00","2020","12","30","05:00","-8.6","","-13.0","","70","","0.0","","27","","27","","","","101.50","","","","-17","","NA"
"-64.49","48.01","MISCOU ISLAND (AUT)","8103050","2020-12-30 06:00","2020","12","30","06:00","-8.5","","-12.7","","71","","0.0","","28","","25","","","","101.55","","","","-17","","NA"
"-64.49","48.01","MISCOU ISLAND (AUT)","8103050","2020-12-30 07:00","2020","12","30","07:00","-8.3","","-13.2","","68","","0.0","","30","","27","","","","101.62","","","","-17","","NA"
"-64.49","48.01","MISCOU ISLAND (AUT)","8103050","2020-12-30 08:00","2020","12","30","08:00","-8.2","","-13.1","","68","","0.0","","30","","33","","","","101.63","","","","-18","","NA"
"-64.49","48.01","MISCOU ISLAND (AUT)","8103050","2020-12-30 09:00","2020","12","30","09:00","-7.8","","-13.1","","66","","0.0","","28","","30","","","","101.65","","","","-17","","NA"
"-64.49","48.01","MISCOU ISLAND (AUT)","8103050","2020-12-30 10:00","2020","12","30","10:00","-7.0","","-12.9","","62","","0.0","","29","","29","","","","101.80","","","","-15","","NA"
"-64.49","48.01","MISCOU ISLAND (AUT)","8103050","2020-12-30 11:00","2020","12","30","11:00","-6.0","","-11.9","","63","","0.0","","29","","29","","","","101.85","","","","-14","","NA"
"-64.49","48.01","MISCOU ISLAND (AUT)","8103050","2020-12-30 12:00","2020","12","30","12:00","-5.8","","-11.6","","64","","0.0","","29","","28","","","","101.84","","","","-14","","NA"
"-64.49","48.01","MISCOU ISLAND (AUT)","8103050","2020-12-30 13:00","2020","12","30","13:00","-5.4","","-11.5","","62","","0.0","","29","","26","","","","101.81","","","","-13","","NA"
"-64.49","48.01","MISCOU ISLAND (AUT)","8103050","2020-12-30 14:00","2020","12","30","14:00","-5.4","","-11.5","","62","","0.0","","28","","21","","","","101.88","","","","-12","","NA"
"-64.49","48.01","MISCOU ISLAND (AUT)","8103050","2020-12-30 15:00","2020","12","30","15:00","-5.5","","-11.0","","65","","0.0","","28","","18","","","","101.89","","","","-12","","NA"
"-64.49","48.01","MISCOU ISLAND (AUT)","8103050","2020-12-30 16:00","2020","12","30","16:00","-5.9","","-11.1","","67","","0.0","","26","","18","","","","101.92","","","","-12","","NA"
"-64.49","48.01","MISCOU ISLAND (AUT)","8103050","2020-12-30 17:00","2020","12","30","17:00","-6.3","","-11.4","","67","","0.0","","28","","14","","","","101.93","","","","-12","","NA"
"-64.49","48.01","MISCOU ISLAND (AUT)","8103050","2020-12-30 18:00","2020","12","30","18:00","-6.1","","-10.9","","69","","0.0","","28","","16","","","","101.94","","","","-12","","NA"
"-64.49","48.01","MISCOU ISLAND (AUT)","8103050","2020-12-30 19:00","2020","12","30","19:00","-6.0","","-10.3","","71","","0.0","","27","","13","","","","101.93","","","","-11","","NA"
"-64.49","48.01","MISCOU ISLAND (AUT)","8103050","2020-12-30 20:00","2020","12","30","20:00","-5.7","","-10.1","","72","","0.0","","28","","14","","","","101.92","","","","-11","","NA"
"-64.49","48.01","MISCOU ISLAND (AUT)","8103050","2020-12-30 21:00","2020","12","30","21:00","-5.9","","-10.0","","73","","0.0","","27","","8","","","","101.77","","","","-10","","NA"
"-64.49","48.01","MISCOU ISLAND (AUT)","8103050","2020-12-30 22:00","2020","12","30","22:00","-5.6","","-9.5","","74","","0.0","","25","","5","","","","101.73","","","","-8","","NA"
"-64.49","48.01","MISCOU ISLAND (AUT)","8103050","2020-12-30 23:00","2020","12","30","23:00","-5.6","","-8.8","","78","","0.0","","15","","5","","","","101.65","","","","-8","","NA"
"-64.49","48.01","MISCOU ISLAND (AUT)","8103050","2020-12-31 00:00","2020","12","31","00:00","-5.4","","-8.8","","77","","0.4","","22","","4","","","","101.57","","","","-7","","NA"
"-64.49","48.01","MISCOU ISLAND (AUT)","8103050","2020-12-31 01:00","2020","12","31","01:00","-4.6","","-6.3","","88","","1.5","","18","","14","","","","101.43","","","","-10","","NA"
"-64.49","48.01","MISCOU ISLAND (AUT)","8103050","2020-12-31 02:00","2020","12","31","02:00","-4.8","","-5.7","","94","","1.5","","19","","12","","","","101.31","","","","-10","","NA"
"-64.49","48.01","MISCOU ISLAND (AUT)","8103050","2020-12-31 03:00","2020","12","31","03:00","-3.4","","-4.1","","95","","0.6","","15","","24","","","","101.01","","","","-10","","NA"
"-64.49","48.01","MISCOU ISLAND (AUT)","8103050","2020-12-31 04:00","2020","12","31","04:00","-2.5","","-3.1","","96","","1.3","","15","","29","","","","100.77","","","","-10","","NA"
"-64.49","48.01","MISCOU ISLAND (AUT)","8103050","2020-12-31 05:00","2020","12","31","05:00","-1.1","","-1.6","","97","","1.5","","17","","27","","","","100.56","","","","-8","","NA"
"-64.49","48.01","MISCOU ISLAND (AUT)","8103050","2020-12-31 06:00","2020","12","31","06:00","-0.7","","-1.2","","97","","0.9","","18","","31","","","","100.40","","","","-7","","NA"
"-64.49","48.01","MISCOU ISLAND (AUT)","8103050","2020-12-31 07:00","2020","12","31","07:00","-0.1","","-0.6","","97","","1.6","","19","","23","","","","100.31","","","","-6","","NA"
"-64.49","48.01","MISCOU ISLAND (AUT)","8103050","2020-12-31 08:00","2020","12","31","08:00","0.1","","-0.3","","97","","0.2","","20","","22","","","","100.18","","","","","","NA"
"-64.49","48.01","MISCOU ISLAND (AUT)","8103050","2020-12-31 09:00","2020","12","31","09:00","-0.1","","-0.4","","98","","0.7","","23","","26","","","","100.14","","","","-6","","NA"
"-64.49","48.01","MISCOU ISLAND (AUT)","8103050","2020-12-31 10:00","2020","12","31","10:00","-0.3","","-0.6","","98","","0.4","","24","","25","","","","100.17","","","","-6","","NA"
"-64.49","48.01","MISCOU ISLAND (AUT)","8103050","2020-12-31 11:00","2020","12","31","11:00","-0.5","","-0.8","","98","","0.0","","25","","21","","","","100.18","","","","-6","","NA"
"-64.49","48.01","MISCOU ISLAND (AUT)","8103050","2020-12-31 12:00","2020","12","31","12:00","-0.2","","-0.6","","98","","0.9","","26","","24","","","","100.22","","","","-6","","NA"
"-64.49","48.01","MISCOU ISLAND (AUT)","8103050","2020-12-31 13:00","2020","12","31","13:00","-0.7","","-1.1","","97","","0.2","","25","","23","","","","100.29","","","","-7","","NA"
"-64.49","48.01","MISCOU ISLAND (AUT)","8103050","2020-12-31 14:00","2020","12","31","14:00","0.9","","0.2","","95","","0.2","","25","","31","","","","100.39","","","","","","NA"
"-64.49","48.01","MISCOU ISLAND (AUT)","8103050","2020-12-31 15:00","2020","12","31","15:00","0.7","","-0.5","","91","","0.4","","25","","29","","","","100.48","","","","","","NA"
"-64.49","48.01","MISCOU ISLAND (AUT)","8103050","2020-12-31 16:00","2020","12","31","16:00","0.1","","-2.5","","82","","0.0","","26","","30","","","","100.58","","","","","","NA"
"-64.49","48.01","MISCOU ISLAND (AUT)","8103050","2020-12-31 17:00","2020","12","31","17:00","-0.5","","-3.5","","80","","0.0","","29","","25","","","","100.73","","","","-7","","NA"
"-64.49","48.01","MISCOU ISLAND (AUT)","8103050","2020-12-31 18:00","2020","12","31","18:00","-0.9","","-4.6","","76","","0.0","","28","","28","","","","100.90","","","","-7","","NA"
"-64.49","48.01","MISCOU ISLAND (AUT)","8103050","2020-12-31 19:00","2020","12","31","19:00","-2.1","","-5.7","","76","","0.0","","29","","21","","","","101.06","","","","-8","","NA"
"-64.49","48.01","MISCOU ISLAND (AUT)","8103050","2020-12-31 20:00","2020","12","31","20:00","-2.9","","-7.0","","73","","0.0","","28","","26","","","","101.16","","","","-10","","NA"
"-64.49","48.01","MISCOU ISLAND (AUT)","8103050","2020-12-31 21:00","2020","12","31","21:00","-3.3","","-7.3","","74","","0.0","","28","","27","","","","101.26","","","","-10","","NA"
"-64.49","48.01","MISCOU ISLAND (AUT)","8103050","2020-12-31 22:00","2020","12","31","22:00","-3.9","","-7.7","","75","","0.0","","28","","29","","","","101.34","","","","-11","","NA"
"-64.49","48.01","MISCOU ISLAND (AUT)","8103050","2020-12-31 23:00","2020","12","31","23:00","-4.2","","-8.5","","72","","0.0","","28","","26","","","","101.47","","","","-11","","NA"
