"Longitude (x)","Latitude (y)","Station Name","Climate ID","Date/Time (LST)","Year","Month","Day","Time (LST)","Temp (°C)","Temp Flag","Dew Point Temp (°C)","Dew Point Temp Flag","Rel Hum (%)","Rel Hum Flag","Precip. Amount (mm)","Precip. Amount Flag","Wind Dir (10s deg)","Wind Dir Flag","Wind Spd (km/h)","Wind Spd Flag","Visibility (km)","Visibility Flag","Stn Press (kPa)","Stn Press Flag","Hmdx","Hmdx Flag","Wind Chill","Wind Chill Flag","Weather"
"-109.47","49.90","MAPLE CREEK","4024919","2020-08-01 00:00","2020","08","01","00:00","18.9","","8.6","","51","","0.0","","9","","12","","","","93.29","","","","","","NA"
"-109.47","49.90","MAPLE CREEK","4024919","2020-08-01 01:00","2020","08","01","01:00","19.5","","8.6","","49","","0.0","","8","","14","","","","93.30","","","","","","NA"
"-109.47","49.90","MAPLE CREEK","4024919","2020-08-01 02:00","2020","08","01","02:00","20.0","","9.3","","50","","0.0","","11","","20","","","","93.27","","","","","","NA"
"-109.47","49.90","MAPLE CREEK","4024919","2020-08-01 03:00","2020","08","01","03:00","19.9","","9.1","","50","","0.0","","4","","12","","","","93.27","","","","","","NA"
"-109.47","49.90","MAPLE CREEK","4024919","2020-08-01 04:00","2020","08","01","04:00","19.9","","9.1","","50","","0.0","","12","","18","","","","93.24","","","","","","NA"
"-109.47","49.90","MAPLE CREEK","4024919","2020-08-01 05:00","2020","08","01","05:00","19.4","","10.2","","55","","0.0","","13","","13","","","","93.24","","","","","","NA"
"-109.47","49.90","MAPLE CREEK","4024919","2020-08-01 06:00","2020","08","01","06:00","19.2","","10.7","","58","","0.0","","13","","17","","","","93.25","","","","","","NA"
"-109.47","49.90","MAPLE CREEK","4024919","2020-08-01 07:00","2020","08","01","07:00","20.0","","10.3","","53","","0.0","","16","","12","","","","93.25","","","","","","NA"
"-109.47","49.90","MAPLE CREEK","4024919","2020-08-01 08:00","2020","08","01","08:00","22.3","","10.4","","47","","0.0","","15","","22","","","","93.26","","","","","","NA"
"-109.47","49.90","MAPLE CREEK","4024919","2020-08-01 09:00","2020","08","01","09:00","24.1","","10.6","","43","","0.0","","15","","28","","","","93.26","","26","","","","NA"
"-109.47","49.90","MAPLE CREEK","4024919","2020-08-01 10:00","2020","08","01","10:00","25.4","","11.4","","42","","0.0","","16","","26","","","","93.28","","27","","","","NA"
"-109.47","49.90","MAPLE CREEK","4024919","2020-08-01 11:00","2020","08","01","11:00","27.8","","11.3","","36","","0.0","","14","","20","","","","93.24","","30","","","","NA"
"-109.47","49.90","MAPLE CREEK","4024919","2020-08-01 12:00","2020","08","01","12:00","28.1","","11.2","","35","","0.0","","13","","18","","","","93.23","","30","","","","NA"
"-109.47","49.90","MAPLE CREEK","4024919","2020-08-01 13:00","2020","08","01","13:00","28.6","","10.8","","33","","0.0","","12","","17","","","","93.17","","30","","","","NA"
"-109.47","49.90","MAPLE CREEK","4024919","2020-08-01 14:00","2020","08","01","14:00","29.5","","10.6","","31","","0.0","","12","","18","","","","93.14","","31","","","","NA"
"-109.47","49.90","MAPLE CREEK","4024919","2020-08-01 15:00","2020","08","01","15:00","30.1","","10.5","","30","","0.0","","12","","16","","","","93.09","","32","","","","NA"
"-109.47","49.90","MAPLE CREEK","4024919","2020-08-01 16:00","2020","08","01","16:00","30.0","","10.3","","29","","0.0","","11","","16","","","","93.07","","31","","","","NA"
"-109.47","49.90","MAPLE CREEK","4024919","2020-08-01 17:00","2020","08","01","17:00","30.8","","10.5","","29","","0.0","","11","","24","","","","93.03","","32","","","","NA"
"-109.47","49.90","MAPLE CREEK","4024919","2020-08-01 18:00","2020","08","01","18:00","30.7","","10.3","","28","","0.0","","10","","22","","","","92.99","","32","","","","NA"
"-109.47","49.90","MAPLE CREEK","4024919","2020-08-01 19:00","2020","08","01","19:00","29.6","","10.4","","30","","0.0","","11","","21","","","","92.98","","31","","","","NA"
"-109.47","49.90","MAPLE CREEK","4024919","2020-08-01 20:00","2020","08","01","20:00","27.6","","10.2","","34","","0.0","","10","","17","","","","93.01","","29","","","","NA"
"-109.47","49.90","MAPLE CREEK","4024919","2020-08-01 21:00","2020","08","01","21:00","23.8","","11.4","","46","","0.0","","10","","11","","","","93.05","","26","","","","NA"
"-109.47","49.90","MAPLE CREEK","4024919","2020-08-01 22:00","2020","08","01","22:00","22.4","","11.6","","50","","0.0","","8","","12","","","","93.05","","","","","","NA"
"-109.47","49.90","MAPLE CREEK","4024919","2020-08-01 23:00","2020","08","01","23:00","21.5","","10.4","","49","","0.0","","9","","11","","","","93.05","","","","","","NA"
"-109.47","49.90","MAPLE CREEK","4024919","2020-08-02 00:00","2020","08","02","00:00","22.8","","9.3","","42","","0.0","","15","","21","","","","93.06","","","","","","NA"
"-109.47","49.90","MAPLE CREEK","4024919","2020-08-02 01:00","2020","08","02","01:00","22.0","","6.1","","36","","0.0","","14","","30","","","","93.01","","","","","","NA"
"-109.47","49.90","MAPLE CREEK","4024919","2020-08-02 02:00","2020","08","02","02:00","21.4","","4.9","","34","","0.0","","16","","26","","","","93.00","","","","","","NA"
"-109.47","49.90","MAPLE CREEK","4024919","2020-08-02 03:00","2020","08","02","03:00","21.5","","4.5","","33","","0.0","","15","","30","","","","92.97","","","","","","NA"
"-109.47","49.90","MAPLE CREEK","4024919","2020-08-02 04:00","2020","08","02","04:00","20.7","","4.6","","35","","0.0","","15","","24","","","","92.94","","","","","","NA"
"-109.47","49.90","MAPLE CREEK","4024919","2020-08-02 05:00","2020","08","02","05:00","20.1","","5.6","","39","","0.0","","16","","28","","","","92.98","","","","","","NA"
"-109.47","49.90","MAPLE CREEK","4024919","2020-08-02 06:00","2020","08","02","06:00","20.1","","5.8","","39","","0.0","","17","","26","","","","93.03","","","","","","NA"
"-109.47","49.90","MAPLE CREEK","4024919","2020-08-02 07:00","2020","08","02","07:00","19.8","","6.2","","41","","0.0","","22","","27","","","","93.16","","","","","","NA"
"-109.47","49.90","MAPLE CREEK","4024919","2020-08-02 08:00","2020","08","02","08:00","22.4","","7.8","","39","","0.0","","17","","26","","","","93.02","","","","","","NA"
"-109.47","49.90","MAPLE CREEK","4024919","2020-08-02 09:00","2020","08","02","09:00","23.8","","9.1","","39","","0.0","","16","","30","","","","92.93","","25","","","","NA"
"-109.47","49.90","MAPLE CREEK","4024919","2020-08-02 10:00","2020","08","02","10:00","25.1","","7.7","","33","","0.0","","13","","36","","","","92.79","","25","","","","NA"
"-109.47","49.90","MAPLE CREEK","4024919","2020-08-02 11:00","2020","08","02","11:00","27.1","","7.0","","28","","0.0","","14","","37","","","","92.86","","27","","","","NA"
"-109.47","49.90","MAPLE CREEK","4024919","2020-08-02 12:00","2020","08","02","12:00","28.8","","7.7","","27","","0.0","","14","","33","","","","92.91","","29","","","","NA"
"-109.47","49.90","MAPLE CREEK","4024919","2020-08-02 13:00","2020","08","02","13:00","29.9","","7.6","","25","","0.0","","14","","28","","","","92.87","","30","","","","NA"
"-109.47","49.90","MAPLE CREEK","4024919","2020-08-02 14:00","2020","08","02","14:00","30.2","","7.2","","24","","0.0","","14","","26","","","","92.82","","30","","","","NA"
"-109.47","49.90","MAPLE CREEK","4024919","2020-08-02 15:00","2020","08","02","15:00","30.7","","7.1","","23","","0.0","","14","","24","","","","92.81","","31","","","","NA"
"-109.47","49.90","MAPLE CREEK","4024919","2020-08-02 16:00","2020","08","02","16:00","31.0","","6.8","","22","","0.0","","15","","23","","","","92.78","","31","","","","NA"
"-109.47","49.90","MAPLE CREEK","4024919","2020-08-02 17:00","2020","08","02","17:00","30.8","","6.4","","22","","0.0","","13","","25","","","","92.74","","31","","","","NA"
"-109.47","49.90","MAPLE CREEK","4024919","2020-08-02 18:00","2020","08","02","18:00","30.4","","5.8","","21","","0.0","","13","","26","","","","92.71","","30","","","","NA"
"-109.47","49.90","MAPLE CREEK","4024919","2020-08-02 19:00","2020","08","02","19:00","29.7","","6.3","","23","","0.0","","12","","29","","","","92.67","","29","","","","NA"
"-109.47","49.90","MAPLE CREEK","4024919","2020-08-02 20:00","2020","08","02","20:00","27.5","","7.0","","27","","0.0","","11","","22","","","","92.66","","28","","","","NA"
"-109.47","49.90","MAPLE CREEK","4024919","2020-08-02 21:00","2020","08","02","21:00","25.2","","6.7","","31","","0.0","","11","","20","","","","92.63","","25","","","","NA"
"-109.47","49.90","MAPLE CREEK","4024919","2020-08-02 22:00","2020","08","02","22:00","24.9","","5.4","","28","","0.0","","13","","27","","","","92.58","","","","","","NA"
"-109.47","49.90","MAPLE CREEK","4024919","2020-08-02 23:00","2020","08","02","23:00","24.6","","6.1","","30","","0.0","","13","","32","","","","92.53","","","","","","NA"
"-109.47","49.90","MAPLE CREEK","4024919","2020-08-03 00:00","2020","08","03","00:00","23.7","","5.9","","32","","0.0","","15","","37","","","","92.50","","","","","","NA"
"-109.47","49.90","MAPLE CREEK","4024919","2020-08-03 01:00","2020","08","03","01:00","23.4","","6.5","","33","","0.0","","15","","39","","","","92.47","","","","","","NA"
"-109.47","49.90","MAPLE CREEK","4024919","2020-08-03 02:00","2020","08","03","02:00","22.4","","6.5","","36","","0.0","","15","","39","","","","92.44","","","","","","NA"
"-109.47","49.90","MAPLE CREEK","4024919","2020-08-03 03:00","2020","08","03","03:00","21.9","","7.8","","40","","0.0","","17","","37","","","","92.40","","","","","","NA"
"-109.47","49.90","MAPLE CREEK","4024919","2020-08-03 04:00","2020","08","03","04:00","21.1","","7.8","","42","","0.0","","17","","36","","","","92.35","","","","","","NA"
"-109.47","49.90","MAPLE CREEK","4024919","2020-08-03 05:00","2020","08","03","05:00","20.7","","8.2","","45","","0.0","","17","","39","","","","92.32","","","","","","NA"
"-109.47","49.90","MAPLE CREEK","4024919","2020-08-03 06:00","2020","08","03","06:00","19.9","","8.4","","47","","0.0","","17","","40","","","","92.29","","","","","","NA"
"-109.47","49.90","MAPLE CREEK","4024919","2020-08-03 07:00","2020","08","03","07:00","20.3","","8.1","","45","","0.0","","17","","40","","","","92.31","","","","","","NA"
"-109.47","49.90","MAPLE CREEK","4024919","2020-08-03 08:00","2020","08","03","08:00","21.1","","8.8","","45","","0.0","","18","","42","","","","92.30","","","","","","NA"
"-109.47","49.90","MAPLE CREEK","4024919","2020-08-03 09:00","2020","08","03","09:00","23.0","","9.4","","42","","0.0","","18","","41","","","","92.34","","","","","","NA"
"-109.47","49.90","MAPLE CREEK","4024919","2020-08-03 10:00","2020","08","03","10:00","25.4","","9.1","","36","","0.0","","19","","26","","","","92.44","","26","","","","NA"
"-109.47","49.90","MAPLE CREEK","4024919","2020-08-03 11:00","2020","08","03","11:00","27.5","","9.5","","32","","0.0","","17","","24","","","","92.41","","29","","","","NA"
"-109.47","49.90","MAPLE CREEK","4024919","2020-08-03 12:00","2020","08","03","12:00","29.8","","9.6","","28","","0.0","","18","","21","","","","92.39","","31","","","","NA"
"-109.47","49.90","MAPLE CREEK","4024919","2020-08-03 13:00","2020","08","03","13:00","31.5","","6.1","","20","","0.0","","23","","11","","","","92.32","","31","","","","NA"
"-109.47","49.90","MAPLE CREEK","4024919","2020-08-03 14:00","2020","08","03","14:00","29.8","","9.7","","29","","0.0","","17","","27","","","","92.30","","31","","","","NA"
"-109.47","49.90","MAPLE CREEK","4024919","2020-08-03 15:00","2020","08","03","15:00","27.8","","9.5","","32","","0.0","","19","","24","","","","92.41","","29","","","","NA"
"-109.47","49.90","MAPLE CREEK","4024919","2020-08-03 16:00","2020","08","03","16:00","23.5","","10.2","","43","","0.0","","21","","27","","","","92.54","","25","","","","NA"
"-109.47","49.90","MAPLE CREEK","4024919","2020-08-03 17:00","2020","08","03","17:00","23.6","","12.4","","49","","0.0","","33","","9","","","","92.39","","26","","","","NA"
"-109.47","49.90","MAPLE CREEK","4024919","2020-08-03 18:00","2020","08","03","18:00","26.3","","12.2","","41","","0.0","","16","","13","","","","92.39","","29","","","","NA"
"-109.47","49.90","MAPLE CREEK","4024919","2020-08-03 19:00","2020","08","03","19:00","27.8","","8.4","","29","","0.0","","14","","11","","","","92.32","","28","","","","NA"
"-109.47","49.90","MAPLE CREEK","4024919","2020-08-03 20:00","2020","08","03","20:00","26.4","","9.9","","36","","0.0","","17","","15","","","","92.34","","28","","","","NA"
"-109.47","49.90","MAPLE CREEK","4024919","2020-08-03 21:00","2020","08","03","21:00","22.8","","11.1","","48","","0.0","","17","","12","","","","92.40","","25","","","","NA"
"-109.47","49.90","MAPLE CREEK","4024919","2020-08-03 22:00","2020","08","03","22:00","21.4","","11.3","","53","","0.0","","26","","30","","","","92.66","","","","","","NA"
"-109.47","49.90","MAPLE CREEK","4024919","2020-08-03 23:00","2020","08","03","23:00","19.0","","9.8","","55","","0.0","","33","","21","","","","92.72","","","","","","NA"
"-109.47","49.90","MAPLE CREEK","4024919","2020-08-04 00:00","2020","08","04","00:00","16.9","","11.4","","70","","0.2","","13","","21","","","","92.61","","","","","","NA"
"-109.47","49.90","MAPLE CREEK","4024919","2020-08-04 01:00","2020","08","04","01:00","15.3","","11.5","","78","","0.0","","22","","12","","","","92.57","","","","","","NA"
"-109.47","49.90","MAPLE CREEK","4024919","2020-08-04 02:00","2020","08","04","02:00","14.9","","11.3","","79","","0.0","","27","","10","","","","92.63","","","","","","NA"
"-109.47","49.90","MAPLE CREEK","4024919","2020-08-04 03:00","2020","08","04","03:00","14.2","","10.3","","77","","0.0","","27","","10","","","","92.71","","","","","","NA"
"-109.47","49.90","MAPLE CREEK","4024919","2020-08-04 04:00","2020","08","04","04:00","13.4","","10.1","","80","","0.0","","24","","6","","","","92.81","","","","","","NA"
"-109.47","49.90","MAPLE CREEK","4024919","2020-08-04 05:00","2020","08","04","05:00","13.8","","10.2","","79","","0.0","","26","","14","","","","92.85","","","","","","NA"
"-109.47","49.90","MAPLE CREEK","4024919","2020-08-04 06:00","2020","08","04","06:00","14.1","","10.3","","78","","0.0","","27","","11","","","","92.89","","","","","","NA"
"-109.47","49.90","MAPLE CREEK","4024919","2020-08-04 07:00","2020","08","04","07:00","14.0","","10.3","","78","","0.0","","26","","9","","","","92.94","","","","","","NA"
"-109.47","49.90","MAPLE CREEK","4024919","2020-08-04 08:00","2020","08","04","08:00","15.7","","10.9","","73","","0.0","","24","","10","","","","92.96","","","","","","NA"
"-109.47","49.90","MAPLE CREEK","4024919","2020-08-04 09:00","2020","08","04","09:00","18.5","","10.8","","61","","0.0","","29","","11","","","","92.97","","","","","","NA"
"-109.47","49.90","MAPLE CREEK","4024919","2020-08-04 10:00","2020","08","04","10:00","20.9","","11.1","","53","","0.0","","30","","14","","","","92.96","","","","","","NA"
"-109.47","49.90","MAPLE CREEK","4024919","2020-08-04 11:00","2020","08","04","11:00","22.7","","9.9","","44","","0.0","","30","","15","","","","92.96","","","","","","NA"
"-109.47","49.90","MAPLE CREEK","4024919","2020-08-04 12:00","2020","08","04","12:00","23.6","","9.2","","40","","0.0","","33","","15","","","","92.96","","25","","","","NA"
"-109.47","49.90","MAPLE CREEK","4024919","2020-08-04 13:00","2020","08","04","13:00","25.2","","8.6","","35","","0.0","","32","","10","","","","92.93","","26","","","","NA"
"-109.47","49.90","MAPLE CREEK","4024919","2020-08-04 14:00","2020","08","04","14:00","26.4","","8.8","","33","","0.0","","31","","8","","","","92.91","","27","","","","NA"
"-109.47","49.90","MAPLE CREEK","4024919","2020-08-04 15:00","2020","08","04","15:00","25.9","","6.4","","29","","0.0","","31","","12","","","","92.87","","26","","","","NA"
"-109.47","49.90","MAPLE CREEK","4024919","2020-08-04 16:00","2020","08","04","16:00","26.9","","6.9","","28","","0.0","","31","","8","","","","92.83","","27","","","","NA"
"-109.47","49.90","MAPLE CREEK","4024919","2020-08-04 17:00","2020","08","04","17:00","27.5","","5.2","","24","","0.0","","27","","8","","","","92.79","","27","","","","NA"
"-109.47","49.90","MAPLE CREEK","4024919","2020-08-04 18:00","2020","08","04","18:00","28.0","","5.5","","24","","0.0","","18","","6","","","","92.76","","27","","","","NA"
"-109.47","49.90","MAPLE CREEK","4024919","2020-08-04 19:00","2020","08","04","19:00","27.2","","5.3","","25","","0.0","","19","","3","","","","92.74","","27","","","","NA"
"-109.47","49.90","MAPLE CREEK","4024919","2020-08-04 20:00","2020","08","04","20:00","26.6","","4.6","","24","","0.0","","31","","7","","","","92.72","","26","","","","NA"
"-109.47","49.90","MAPLE CREEK","4024919","2020-08-04 21:00","2020","08","04","21:00","20.8","","7.6","","42","","0.0","","0","","1","","","","92.72","","","","","","NA"
"-109.47","49.90","MAPLE CREEK","4024919","2020-08-04 22:00","2020","08","04","22:00","16.4","","7.8","","57","","0.0","","18","","6","","","","92.75","","","","","","NA"
"-109.47","49.90","MAPLE CREEK","4024919","2020-08-04 23:00","2020","08","04","23:00","15.0","","8.3","","64","","0.0","","17","","7","","","","92.75","","","","","","NA"
"-109.47","49.90","MAPLE CREEK","4024919","2020-08-05 00:00","2020","08","05","00:00","13.9","","6.7","","62","","0.0","","16","","4","","","","92.75","","","","","","NA"
"-109.47","49.90","MAPLE CREEK","4024919","2020-08-05 01:00","2020","08","05","01:00","12.8","","8.1","","73","","0.0","","20","","8","","","","92.74","","","","","","NA"
"-109.47","49.90","MAPLE CREEK","4024919","2020-08-05 02:00","2020","08","05","02:00","11.1","","6.5","","73","","0.0","","10","","3","","","","92.75","","","","","","NA"
"-109.47","49.90","MAPLE CREEK","4024919","2020-08-05 03:00","2020","08","05","03:00","10.8","","7.1","","78","","0.0","","24","","1","","","","92.72","","","","","","NA"
"-109.47","49.90","MAPLE CREEK","4024919","2020-08-05 04:00","2020","08","05","04:00","10.5","","6.1","","74","","0.0","","27","","3","","","","92.73","","","","","","NA"
"-109.47","49.90","MAPLE CREEK","4024919","2020-08-05 05:00","2020","08","05","05:00","12.1","","6.6","","69","","0.0","","24","","4","","","","92.73","","","","","","NA"
"-109.47","49.90","MAPLE CREEK","4024919","2020-08-05 06:00","2020","08","05","06:00","12.8","","6.3","","64","","0.0","","29","","3","","","","92.73","","","","","","NA"
"-109.47","49.90","MAPLE CREEK","4024919","2020-08-05 07:00","2020","08","05","07:00","14.3","","7.8","","65","","0.0","","0","","1","","","","92.72","","","","","","NA"
"-109.47","49.90","MAPLE CREEK","4024919","2020-08-05 08:00","2020","08","05","08:00","19.2","","8.6","","50","","0.0","","26","","3","","","","92.71","","","","","","NA"
"-109.47","49.90","MAPLE CREEK","4024919","2020-08-05 09:00","2020","08","05","09:00","23.8","","8.9","","39","","0.0","","24","","7","","","","92.68","","25","","","","NA"
"-109.47","49.90","MAPLE CREEK","4024919","2020-08-05 10:00","2020","08","05","10:00","26.0","","5.6","","27","","0.0","","28","","4","","","","92.66","","25","","","","NA"
"-109.47","49.90","MAPLE CREEK","4024919","2020-08-05 11:00","2020","08","05","11:00","27.2","","5.2","","24","","0.0","","33","","4","","","","92.63","","27","","","","NA"
"-109.47","49.90","MAPLE CREEK","4024919","2020-08-05 12:00","2020","08","05","12:00","28.4","","4.6","","22","","0.0","","30","","3","","","","92.59","","28","","","","NA"
"-109.47","49.90","MAPLE CREEK","4024919","2020-08-05 13:00","2020","08","05","13:00","29.1","","3.8","","20","","0.0","","27","","7","","","","92.53","","28","","","","NA"
"-109.47","49.90","MAPLE CREEK","4024919","2020-08-05 14:00","2020","08","05","14:00","30.4","","3.7","","18","","0.0","","32","","8","","","","92.46","","29","","","","NA"
"-109.47","49.90","MAPLE CREEK","4024919","2020-08-05 15:00","2020","08","05","15:00","31.2","","3.7","","17","","0.0","","6","","6","","","","92.40","","30","","","","NA"
"-109.47","49.90","MAPLE CREEK","4024919","2020-08-05 16:00","2020","08","05","16:00","31.5","","4.0","","18","","0.0","","12","","7","","","","92.34","","30","","","","NA"
"-109.47","49.90","MAPLE CREEK","4024919","2020-08-05 17:00","2020","08","05","17:00","31.4","","2.7","","16","","0.0","","2","","7","","","","92.27","","30","","","","NA"
"-109.47","49.90","MAPLE CREEK","4024919","2020-08-05 18:00","2020","08","05","18:00","31.7","","3.4","","17","","0.0","","35","","5","","","","92.21","","30","","","","NA"
"-109.47","49.90","MAPLE CREEK","4024919","2020-08-05 19:00","2020","08","05","19:00","31.1","","4.0","","18","","0.0","","20","","10","","","","92.16","","30","","","","NA"
"-109.47","49.90","MAPLE CREEK","4024919","2020-08-05 20:00","2020","08","05","20:00","29.4","","3.9","","20","","0.0","","16","","8","","","","92.13","","28","","","","NA"
"-109.47","49.90","MAPLE CREEK","4024919","2020-08-05 21:00","2020","08","05","21:00","23.2","","4.2","","29","","0.0","","13","","14","","","","92.13","","","","","","NA"
"-109.47","49.90","MAPLE CREEK","4024919","2020-08-05 22:00","2020","08","05","22:00","20.3","","5.9","","39","","0.0","","17","","5","","","","92.15","","","","","","NA"
"-109.47","49.90","MAPLE CREEK","4024919","2020-08-05 23:00","2020","08","05","23:00","20.8","","7.2","","41","","0.0","","17","","13","","","","92.12","","","","","","NA"
"-109.47","49.90","MAPLE CREEK","4024919","2020-08-06 00:00","2020","08","06","00:00","22.6","","5.7","","33","","0.0","","16","","16","","","","92.10","","","","","","NA"
"-109.47","49.90","MAPLE CREEK","4024919","2020-08-06 01:00","2020","08","06","01:00","22.5","","6.7","","36","","0.0","","16","","20","","","","92.08","","","","","","NA"
"-109.47","49.90","MAPLE CREEK","4024919","2020-08-06 02:00","2020","08","06","02:00","22.8","","5.9","","33","","0.0","","16","","23","","","","92.01","","","","","","NA"
"-109.47","49.90","MAPLE CREEK","4024919","2020-08-06 03:00","2020","08","06","03:00","22.2","","6.3","","35","","0.0","","17","","22","","","","91.94","","","","","","NA"
"-109.47","49.90","MAPLE CREEK","4024919","2020-08-06 04:00","2020","08","06","04:00","21.9","","6.4","","37","","0.0","","17","","26","","","","91.89","","","","","","NA"
"-109.47","49.90","MAPLE CREEK","4024919","2020-08-06 05:00","2020","08","06","05:00","22.3","","6.1","","35","","0.0","","17","","33","","","","91.85","","","","","","NA"
"-109.47","49.90","MAPLE CREEK","4024919","2020-08-06 06:00","2020","08","06","06:00","21.7","","6.8","","38","","0.0","","17","","29","","","","91.84","","","","","","NA"
"-109.47","49.90","MAPLE CREEK","4024919","2020-08-06 07:00","2020","08","06","07:00","22.3","","6.6","","36","","0.0","","17","","30","","","","91.82","","","","","","NA"
"-109.47","49.90","MAPLE CREEK","4024919","2020-08-06 08:00","2020","08","06","08:00","23.8","","6.9","","34","","0.0","","17","","32","","","","91.82","","","","","","NA"
"-109.47","49.90","MAPLE CREEK","4024919","2020-08-06 09:00","2020","08","06","09:00","24.9","","7.5","","33","","0.0","","17","","35","","","","91.80","","25","","","","NA"
"-109.47","49.90","MAPLE CREEK","4024919","2020-08-06 10:00","2020","08","06","10:00","26.2","","8.5","","33","","0.0","","17","","35","","","","91.76","","27","","","","NA"
"-109.47","49.90","MAPLE CREEK","4024919","2020-08-06 11:00","2020","08","06","11:00","29.6","","8.5","","27","","0.0","","18","","37","","","","91.77","","30","","","","NA"
"-109.47","49.90","MAPLE CREEK","4024919","2020-08-06 12:00","2020","08","06","12:00","31.0","","8.6","","25","","0.0","","18","","36","","","","91.71","","32","","","","NA"
"-109.47","49.90","MAPLE CREEK","4024919","2020-08-06 13:00","2020","08","06","13:00","33.1","","7.7","","21","","0.0","","18","","37","","","","91.62","","33","","","","NA"
"-109.47","49.90","MAPLE CREEK","4024919","2020-08-06 14:00","2020","08","06","14:00","34.3","","6.8","","18","","0.0","","18","","32","","","","91.56","","34","","","","NA"
"-109.47","49.90","MAPLE CREEK","4024919","2020-08-06 15:00","2020","08","06","15:00","34.6","","6.4","","17","","0.0","","18","","33","","","","91.52","","34","","","","NA"
"-109.47","49.90","MAPLE CREEK","4024919","2020-08-06 16:00","2020","08","06","16:00","34.9","","6.2","","17","","0.0","","19","","27","","","","91.48","","35","","","","NA"
"-109.47","49.90","MAPLE CREEK","4024919","2020-08-06 17:00","2020","08","06","17:00","33.8","","6.0","","18","","0.0","","18","","20","","","","91.45","","33","","","","NA"
"-109.47","49.90","MAPLE CREEK","4024919","2020-08-06 18:00","2020","08","06","18:00","30.5","","8.5","","25","","0.0","","18","","7","","","","91.44","","31","","","","NA"
"-109.47","49.90","MAPLE CREEK","4024919","2020-08-06 19:00","2020","08","06","19:00","24.4","","12.4","","47","","1.9","","30","","21","","","","91.44","","27","","","","NA"
"-109.47","49.90","MAPLE CREEK","4024919","2020-08-06 20:00","2020","08","06","20:00","20.3","","15.6","","74","","2.8","","28","","27","","","","91.56","","25","","","","NA"
"-109.47","49.90","MAPLE CREEK","4024919","2020-08-06 21:00","2020","08","06","21:00","20.2","","14.0","","68","","5.4","","34","","20","","","","91.56","","","","","","NA"
"-109.47","49.90","MAPLE CREEK","4024919","2020-08-06 22:00","2020","08","06","22:00","18.9","","15.3","","80","","0.4","","28","","3","","","","91.67","","","","","","NA"
"-109.47","49.90","MAPLE CREEK","4024919","2020-08-06 23:00","2020","08","06","23:00","18.2","","14.7","","80","","0.0","","14","","12","","","","91.60","","","","","","NA"
"-109.47","49.90","MAPLE CREEK","4024919","2020-08-07 00:00","2020","08","07","00:00","17.6","","13.9","","79","","0.0","","19","","6","","","","91.59","","","","","","NA"
"-109.47","49.90","MAPLE CREEK","4024919","2020-08-07 01:00","2020","08","07","01:00","17.1","","13.6","","80","","0.0","","17","","5","","","","91.62","","","","","","NA"
"-109.47","49.90","MAPLE CREEK","4024919","2020-08-07 02:00","2020","08","07","02:00","17.1","","13.0","","77","","0.0","","18","","13","","","","91.66","","","","","","NA"
"-109.47","49.90","MAPLE CREEK","4024919","2020-08-07 03:00","2020","08","07","03:00","18.0","","12.3","","69","","0.0","","25","","12","","","","91.69","","","","","","NA"
"-109.47","49.90","MAPLE CREEK","4024919","2020-08-07 04:00","2020","08","07","04:00","17.2","","11.4","","69","","0.0","","24","","10","","","","91.69","","","","","","NA"
"-109.47","49.90","MAPLE CREEK","4024919","2020-08-07 05:00","2020","08","07","05:00","17.6","","10.8","","64","","0.0","","25","","15","","","","91.82","","","","","","NA"
"-109.47","49.90","MAPLE CREEK","4024919","2020-08-07 06:00","2020","08","07","06:00","17.2","","11.1","","67","","0.0","","24","","15","","","","91.79","","","","","","NA"
"-109.47","49.90","MAPLE CREEK","4024919","2020-08-07 07:00","2020","08","07","07:00","16.5","","11.6","","73","","0.0","","21","","7","","","","91.82","","","","","","NA"
"-109.47","49.90","MAPLE CREEK","4024919","2020-08-07 08:00","2020","08","07","08:00","16.9","","9.2","","60","","0.2","","22","","13","","","","91.88","","","","","","NA"
"-109.47","49.90","MAPLE CREEK","4024919","2020-08-07 09:00","2020","08","07","09:00","18.8","","5.6","","42","","0.0","","24","","34","","","","91.86","","","","","","NA"
"-109.47","49.90","MAPLE CREEK","4024919","2020-08-07 10:00","2020","08","07","10:00","17.8","","7.3","","50","","0.0","","26","","43","","","","91.95","","","","","","NA"
"-109.47","49.90","MAPLE CREEK","4024919","2020-08-07 11:00","2020","08","07","11:00","16.5","","7.7","","56","","0.0","","27","","36","","","","92.12","","","","","","NA"
"-109.47","49.90","MAPLE CREEK","4024919","2020-08-07 12:00","2020","08","07","12:00","17.4","","6.0","","47","","0.0","","28","","31","","","","92.14","","","","","","NA"
"-109.47","49.90","MAPLE CREEK","4024919","2020-08-07 13:00","2020","08","07","13:00","17.8","","8.1","","53","","0.0","","25","","34","","","","92.19","","","","","","NA"
"-109.47","49.90","MAPLE CREEK","4024919","2020-08-07 14:00","2020","08","07","14:00","17.5","","6.5","","49","","0.0","","27","","30","","","","92.27","","","","","","NA"
"-109.47","49.90","MAPLE CREEK","4024919","2020-08-07 15:00","2020","08","07","15:00","18.1","","5.9","","45","","0.0","","27","","25","","","","92.30","","","","","","NA"
"-109.47","49.90","MAPLE CREEK","4024919","2020-08-07 16:00","2020","08","07","16:00","18.5","","5.6","","43","","0.0","","29","","22","","","","92.33","","","","","","NA"
"-109.47","49.90","MAPLE CREEK","4024919","2020-08-07 17:00","2020","08","07","17:00","18.8","","6.5","","45","","0.0","","29","","19","","","","92.38","","","","","","NA"
"-109.47","49.90","MAPLE CREEK","4024919","2020-08-07 18:00","2020","08","07","18:00","18.0","","5.2","","43","","0.0","","31","","17","","","","92.39","","","","","","NA"
"-109.47","49.90","MAPLE CREEK","4024919","2020-08-07 19:00","2020","08","07","19:00","16.2","","5.9","","50","","0.0","","34","","19","","","","92.42","","","","","","NA"
"-109.47","49.90","MAPLE CREEK","4024919","2020-08-07 20:00","2020","08","07","20:00","15.2","","5.6","","53","","0.0","","3","","11","","","","92.43","","","","","","NA"
"-109.47","49.90","MAPLE CREEK","4024919","2020-08-07 21:00","2020","08","07","21:00","13.0","","6.4","","64","","0.0","","6","","7","","","","92.44","","","","","","NA"
"-109.47","49.90","MAPLE CREEK","4024919","2020-08-07 22:00","2020","08","07","22:00","9.4","","5.6","","77","","0.0","","13","","8","","","","92.46","","","","","","NA"
"-109.47","49.90","MAPLE CREEK","4024919","2020-08-07 23:00","2020","08","07","23:00","9.2","","6.3","","82","","0.0","","19","","9","","","","92.44","","","","","","NA"
"-109.47","49.90","MAPLE CREEK","4024919","2020-08-08 00:00","2020","08","08","00:00","9.2","","6.3","","82","","0.0","","24","","4","","","","92.45","","","","","","NA"
"-109.47","49.90","MAPLE CREEK","4024919","2020-08-08 01:00","2020","08","08","01:00","11.0","","6.3","","73","","0.0","","23","","9","","","","92.45","","","","","","NA"
"-109.47","49.90","MAPLE CREEK","4024919","2020-08-08 02:00","2020","08","08","02:00","9.8","","5.7","","75","","0.0","","9","","2","","","","92.45","","","","","","NA"
"-109.47","49.90","MAPLE CREEK","4024919","2020-08-08 03:00","2020","08","08","03:00","10.2","","5.4","","72","","0.0","","22","","3","","","","92.47","","","","","","NA"
"-109.47","49.90","MAPLE CREEK","4024919","2020-08-08 04:00","2020","08","08","04:00","12.2","","5.1","","62","","0.0","","24","","10","","","","92.47","","","","","","NA"
"-109.47","49.90","MAPLE CREEK","4024919","2020-08-08 05:00","2020","08","08","05:00","11.5","","5.0","","64","","0.0","","23","","9","","","","92.48","","","","","","NA"
"-109.47","49.90","MAPLE CREEK","4024919","2020-08-08 06:00","2020","08","08","06:00","11.7","","4.6","","62","","0.0","","27","","6","","","","92.51","","","","","","NA"
"-109.47","49.90","MAPLE CREEK","4024919","2020-08-08 07:00","2020","08","08","07:00","12.6","","5.2","","61","","0.0","","21","","6","","","","92.54","","","","","","NA"
"-109.47","49.90","MAPLE CREEK","4024919","2020-08-08 08:00","2020","08","08","08:00","15.1","","5.5","","53","","0.0","","0","","1","","","","92.55","","","","","","NA"
"-109.47","49.90","MAPLE CREEK","4024919","2020-08-08 09:00","2020","08","08","09:00","17.3","","5.0","","44","","0.0","","29","","9","","","","92.54","","","","","","NA"
"-109.47","49.90","MAPLE CREEK","4024919","2020-08-08 10:00","2020","08","08","10:00","18.5","","4.8","","40","","0.0","","26","","7","","","","92.50","","","","","","NA"
"-109.47","49.90","MAPLE CREEK","4024919","2020-08-08 11:00","2020","08","08","11:00","19.7","","4.0","","35","","0.0","","25","","8","","","","92.48","","","","","","NA"
"-109.47","49.90","MAPLE CREEK","4024919","2020-08-08 12:00","2020","08","08","12:00","23.3","","3.2","","27","","0.0","","25","","17","","","","92.42","","","","","","NA"
"-109.47","49.90","MAPLE CREEK","4024919","2020-08-08 13:00","2020","08","08","13:00","23.3","","3.0","","26","","0.0","","26","","14","","","","92.38","","","","","","NA"
"-109.47","49.90","MAPLE CREEK","4024919","2020-08-08 14:00","2020","08","08","14:00","23.8","","5.1","","30","","0.0","","22","","26","","","","92.33","","","","","","NA"
"-109.47","49.90","MAPLE CREEK","4024919","2020-08-08 15:00","2020","08","08","15:00","25.2","","5.7","","29","","0.0","","24","","13","","","","92.24","","25","","","","NA"
"-109.47","49.90","MAPLE CREEK","4024919","2020-08-08 16:00","2020","08","08","16:00","25.3","","5.3","","28","","0.0","","23","","23","","","","92.20","","25","","","","NA"
"-109.47","49.90","MAPLE CREEK","4024919","2020-08-08 17:00","2020","08","08","17:00","24.5","","4.8","","28","","0.0","","24","","25","","","","92.17","","","","","","NA"
"-109.47","49.90","MAPLE CREEK","4024919","2020-08-08 18:00","2020","08","08","18:00","24.8","","4.3","","27","","0.0","","25","","30","","","","92.09","","","","","","NA"
"-109.47","49.90","MAPLE CREEK","4024919","2020-08-08 19:00","2020","08","08","19:00","23.7","","5.3","","30","","0.0","","25","","20","","","","92.13","","","","","","NA"
"-109.47","49.90","MAPLE CREEK","4024919","2020-08-08 20:00","2020","08","08","20:00","22.2","","5.2","","33","","0.0","","25","","18","","","","92.14","","","","","","NA"
"-109.47","49.90","MAPLE CREEK","4024919","2020-08-08 21:00","2020","08","08","21:00","19.3","","4.9","","39","","0.0","","26","","23","","","","92.24","","","","","","NA"
"-109.47","49.90","MAPLE CREEK","4024919","2020-08-08 22:00","2020","08","08","22:00","13.9","","6.2","","60","","0.0","","35","","25","","","","92.47","","","","","","NA"
"-109.47","49.90","MAPLE CREEK","4024919","2020-08-08 23:00","2020","08","08","23:00","12.6","","6.6","","67","","0.0","","23","","8","","","","92.60","","","","","","NA"
"-109.47","49.90","MAPLE CREEK","4024919","2020-08-09 00:00","2020","08","09","00:00","12.2","","6.5","","68","","0.0","","24","","11","","","","92.62","","","","","","NA"
"-109.47","49.90","MAPLE CREEK","4024919","2020-08-09 01:00","2020","08","09","01:00","11.2","","7.0","","76","","0.0","","21","","8","","","","92.62","","","","","","NA"
"-109.47","49.90","MAPLE CREEK","4024919","2020-08-09 02:00","2020","08","09","02:00","12.0","","6.9","","71","","0.0","","23","","11","","","","92.63","","","","","","NA"
"-109.47","49.90","MAPLE CREEK","4024919","2020-08-09 03:00","2020","08","09","03:00","12.6","","6.6","","67","","0.0","","27","","13","","","","92.68","","","","","","NA"
"-109.47","49.90","MAPLE CREEK","4024919","2020-08-09 04:00","2020","08","09","04:00","11.8","","6.7","","71","","0.0","","27","","15","","","","92.70","","","","","","NA"
"-109.47","49.90","MAPLE CREEK","4024919","2020-08-09 05:00","2020","08","09","05:00","11.6","","5.9","","68","","0.0","","27","","13","","","","92.75","","","","","","NA"
"-109.47","49.90","MAPLE CREEK","4024919","2020-08-09 06:00","2020","08","09","06:00","9.5","","5.4","","76","","0.0","","23","","12","","","","92.83","","","","","","NA"
"-109.47","49.90","MAPLE CREEK","4024919","2020-08-09 07:00","2020","08","09","07:00","10.2","","5.3","","72","","0.0","","23","","11","","","","92.88","","","","","","NA"
"-109.47","49.90","MAPLE CREEK","4024919","2020-08-09 08:00","2020","08","09","08:00","13.4","","4.4","","54","","0.0","","26","","21","","","","92.91","","","","","","NA"
"-109.47","49.90","MAPLE CREEK","4024919","2020-08-09 09:00","2020","08","09","09:00","14.7","","4.5","","50","","0.0","","27","","23","","","","92.95","","","","","","NA"
"-109.47","49.90","MAPLE CREEK","4024919","2020-08-09 10:00","2020","08","09","10:00","16.3","","2.8","","40","","0.0","","29","","20","","","","92.95","","","","","","NA"
"-109.47","49.90","MAPLE CREEK","4024919","2020-08-09 11:00","2020","08","09","11:00","18.3","","2.8","","36","","0.0","","29","","19","","","","92.93","","","","","","NA"
"-109.47","49.90","MAPLE CREEK","4024919","2020-08-09 12:00","2020","08","09","12:00","18.9","","0.8","","30","","0.0","","28","","28","","","","92.90","","","","","","NA"
"-109.47","49.90","MAPLE CREEK","4024919","2020-08-09 13:00","2020","08","09","13:00","19.8","","0.1","","27","","0.0","","29","","26","","","","92.88","","","","","","NA"
"-109.47","49.90","MAPLE CREEK","4024919","2020-08-09 14:00","2020","08","09","14:00","19.2","","-1.2","","25","","0.0","","30","","26","","","","92.87","","","","","","NA"
"-109.47","49.90","MAPLE CREEK","4024919","2020-08-09 15:00","2020","08","09","15:00","20.4","","-2.0","","22","","0.0","","28","","27","","","","92.83","","","","","","NA"
"-109.47","49.90","MAPLE CREEK","4024919","2020-08-09 16:00","2020","08","09","16:00","21.5","","-1.9","","21","","0.0","","27","","28","","","","92.81","","","","","","NA"
"-109.47","49.90","MAPLE CREEK","4024919","2020-08-09 17:00","2020","08","09","17:00","21.7","","-1.9","","21","","0.0","","27","","22","","","","92.80","","","","","","NA"
"-109.47","49.90","MAPLE CREEK","4024919","2020-08-09 18:00","2020","08","09","18:00","21.5","","-1.9","","21","","0.0","","30","","23","","","","92.80","","","","","","NA"
"-109.47","49.90","MAPLE CREEK","4024919","2020-08-09 19:00","2020","08","09","19:00","21.1","","-2.4","","21","","0.1","","28","","21","","","","92.77","","","","","","NA"
"-109.47","49.90","MAPLE CREEK","4024919","2020-08-09 20:00","2020","08","09","20:00","19.9","","-1.5","","23","","0.0","","27","","15","","","","92.77","","","","","","NA"
"-109.47","49.90","MAPLE CREEK","4024919","2020-08-09 21:00","2020","08","09","21:00","15.5","","0.5","","36","","0.0","","23","","12","","","","92.79","","","","","","NA"
"-109.47","49.90","MAPLE CREEK","4024919","2020-08-09 22:00","2020","08","09","22:00","13.3","","1.3","","44","","0.0","","22","","11","","","","92.80","","","","","","NA"
"-109.47","49.90","MAPLE CREEK","4024919","2020-08-09 23:00","2020","08","09","23:00","12.5","","1.3","","47","","0.0","","22","","10","","","","92.79","","","","","","NA"
"-109.47","49.90","MAPLE CREEK","4024919","2020-08-10 00:00","2020","08","10","00:00","10.5","","1.0","","52","","0.0","","19","","11","","","","92.76","","","","","","NA"
"-109.47","49.90","MAPLE CREEK","4024919","2020-08-10 01:00","2020","08","10","01:00","10.3","","0.9","","52","","0.0","","20","","11","","","","92.73","","","","","","NA"
"-109.47","49.90","MAPLE CREEK","4024919","2020-08-10 02:00","2020","08","10","02:00","9.8","","0.6","","52","","0.0","","19","","5","","","","92.69","","","","","","NA"
"-109.47","49.90","MAPLE CREEK","4024919","2020-08-10 03:00","2020","08","10","03:00","9.6","","-0.6","","49","","0.0","","20","","11","","","","92.64","","","","","","NA"
"-109.47","49.90","MAPLE CREEK","4024919","2020-08-10 04:00","2020","08","10","04:00","14.2","","-0.3","","37","","0.0","","20","","18","","","","92.59","","","","","","NA"
"-109.47","49.90","MAPLE CREEK","4024919","2020-08-10 05:00","2020","08","10","05:00","15.0","","0.3","","37","","0.0","","20","","22","","","","92.55","","","","","","NA"
"-109.47","49.90","MAPLE CREEK","4024919","2020-08-10 06:00","2020","08","10","06:00","15.6","","0.5","","36","","0.0","","20","","27","","","","92.50","","","","","","NA"
"-109.47","49.90","MAPLE CREEK","4024919","2020-08-10 07:00","2020","08","10","07:00","17.0","","0.9","","33","","0.0","","21","","25","","","","92.48","","","","","","NA"
"-109.47","49.90","MAPLE CREEK","4024919","2020-08-10 08:00","2020","08","10","08:00","17.9","","1.3","","33","","0.0","","23","","23","","","","92.50","","","","","","NA"
"-109.47","49.90","MAPLE CREEK","4024919","2020-08-10 09:00","2020","08","10","09:00","20.1","","1.0","","28","","0.0","","28","","19","","","","92.50","","","","","","NA"
"-109.47","49.90","MAPLE CREEK","4024919","2020-08-10 10:00","2020","08","10","10:00","19.7","","1.4","","29","","0.0","","31","","18","","","","92.56","","","","","","NA"
"-109.47","49.90","MAPLE CREEK","4024919","2020-08-10 11:00","2020","08","10","11:00","20.6","","2.7","","31","","0.0","","31","","17","","","","92.57","","","","","","NA"
"-109.47","49.90","MAPLE CREEK","4024919","2020-08-10 12:00","2020","08","10","12:00","21.7","","3.6","","30","","0.0","","32","","11","","","","92.53","","","","","","NA"
"-109.47","49.90","MAPLE CREEK","4024919","2020-08-10 13:00","2020","08","10","13:00","23.4","","4.9","","30","","0.0","","30","","6","","","","92.47","","","","","","NA"
"-109.47","49.90","MAPLE CREEK","4024919","2020-08-10 14:00","2020","08","10","14:00","25.1","","4.8","","27","","0.0","","4","","6","","","","92.43","","","","","","NA"
"-109.47","49.90","MAPLE CREEK","4024919","2020-08-10 15:00","2020","08","10","15:00","25.8","","4.5","","25","","0.0","","33","","14","","","","92.39","","25","","","","NA"
"-109.47","49.90","MAPLE CREEK","4024919","2020-08-10 16:00","2020","08","10","16:00","26.0","","3.1","","23","","0.0","","25","","12","","","","92.33","","25","","","","NA"
"-109.47","49.90","MAPLE CREEK","4024919","2020-08-10 17:00","2020","08","10","17:00","26.3","","2.0","","21","","0.0","","28","","15","","","","92.28","","25","","","","NA"
"-109.47","49.90","MAPLE CREEK","4024919","2020-08-10 18:00","2020","08","10","18:00","26.8","","2.1","","20","","0.0","","27","","14","","","","92.22","","25","","","","NA"
"-109.47","49.90","MAPLE CREEK","4024919","2020-08-10 19:00","2020","08","10","19:00","26.1","","2.1","","21","","0.0","","30","","13","","","","92.19","","","","","","NA"
"-109.47","49.90","MAPLE CREEK","4024919","2020-08-10 20:00","2020","08","10","20:00","24.6","","3.3","","25","","0.0","","32","","7","","","","92.17","","","","","","NA"
"-109.47","49.90","MAPLE CREEK","4024919","2020-08-10 21:00","2020","08","10","21:00","18.4","","6.5","","46","","0.0","","10","","4","","","","92.16","","","","","","NA"
"-109.47","49.90","MAPLE CREEK","4024919","2020-08-10 22:00","2020","08","10","22:00","15.1","","3.4","","46","","0.0","","14","","4","","","","92.17","","","","","","NA"
"-109.47","49.90","MAPLE CREEK","4024919","2020-08-10 23:00","2020","08","10","23:00","14.6","","3.5","","47","","0.0","","16","","8","","","","92.12","","","","","","NA"
"-109.47","49.90","MAPLE CREEK","4024919","2020-08-11 00:00","2020","08","11","00:00","12.2","","3.8","","57","","0.0","","0","","1","","","","92.11","","","","","","NA"
"-109.47","49.90","MAPLE CREEK","4024919","2020-08-11 01:00","2020","08","11","01:00","12.8","","4.6","","58","","0.0","","32","","5","","","","92.11","","","","","","NA"
"-109.47","49.90","MAPLE CREEK","4024919","2020-08-11 02:00","2020","08","11","02:00","12.6","","4.7","","59","","0.0","","1","","6","","","","92.09","","","","","","NA"
"-109.47","49.90","MAPLE CREEK","4024919","2020-08-11 03:00","2020","08","11","03:00","13.4","","5.5","","59","","0.0","","3","","13","","","","92.15","","","","","","NA"
"-109.47","49.90","MAPLE CREEK","4024919","2020-08-11 04:00","2020","08","11","04:00","16.0","","4.9","","47","","0.0","","6","","21","","","","92.18","","","","","","NA"
"-109.47","49.90","MAPLE CREEK","4024919","2020-08-11 05:00","2020","08","11","05:00","14.8","","4.8","","51","","0.0","","9","","18","","","","92.18","","","","","","NA"
"-109.47","49.90","MAPLE CREEK","4024919","2020-08-11 06:00","2020","08","11","06:00","13.2","","4.6","","56","","0.0","","6","","9","","","","92.21","","","","","","NA"
"-109.47","49.90","MAPLE CREEK","4024919","2020-08-11 07:00","2020","08","11","07:00","12.7","","5.8","","63","","0.0","","5","","15","","","","92.22","","","","","","NA"
"-109.47","49.90","MAPLE CREEK","4024919","2020-08-11 08:00","2020","08","11","08:00","15.7","","6.3","","54","","0.0","","5","","17","","","","92.22","","","","","","NA"
"-109.47","49.90","MAPLE CREEK","4024919","2020-08-11 09:00","2020","08","11","09:00","18.8","","6.3","","44","","0.0","","5","","17","","","","92.22","","","","","","NA"
"-109.47","49.90","MAPLE CREEK","4024919","2020-08-11 10:00","2020","08","11","10:00","21.7","","4.5","","33","","0.0","","6","","10","","","","92.19","","","","","","NA"
"-109.47","49.90","MAPLE CREEK","4024919","2020-08-11 11:00","2020","08","11","11:00","23.3","","4.7","","30","","0.0","","19","","5","","","","92.16","","","","","","NA"
"-109.47","49.90","MAPLE CREEK","4024919","2020-08-11 12:00","2020","08","11","12:00","23.4","","4.3","","29","","0.0","","30","","3","","","","92.16","","","","","","NA"
"-109.47","49.90","MAPLE CREEK","4024919","2020-08-11 13:00","2020","08","11","13:00","24.5","","4.5","","27","","0.0","","2","","5","","","","92.10","","","","","","NA"
"-109.47","49.90","MAPLE CREEK","4024919","2020-08-11 14:00","2020","08","11","14:00","26.2","","4.4","","24","","0.0","","35","","9","","","","92.08","","25","","","","NA"
"-109.47","49.90","MAPLE CREEK","4024919","2020-08-11 15:00","2020","08","11","15:00","27.5","","4.9","","23","","0.0","","34","","6","","","","92.02","","27","","","","NA"
"-109.47","49.90","MAPLE CREEK","4024919","2020-08-11 16:00","2020","08","11","16:00","27.6","","6.1","","25","","0.0","","21","","6","","","","91.97","","27","","","","NA"
"-109.47","49.90","MAPLE CREEK","4024919","2020-08-11 17:00","2020","08","11","17:00","29.2","","5.6","","22","","0.0","","29","","5","","","","91.92","","29","","","","NA"
"-109.47","49.90","MAPLE CREEK","4024919","2020-08-11 18:00","2020","08","11","18:00","28.6","","5.5","","23","","0.0","","21","","12","","","","91.88","","28","","","","NA"
"-109.47","49.90","MAPLE CREEK","4024919","2020-08-11 19:00","2020","08","11","19:00","28.6","","4.6","","22","","0.0","","23","","8","","","","91.83","","28","","","","NA"
"-109.47","49.90","MAPLE CREEK","4024919","2020-08-11 20:00","2020","08","11","20:00","25.7","","6.4","","29","","0.0","","1","","7","","","","91.78","","25","","","","NA"
"-109.47","49.90","MAPLE CREEK","4024919","2020-08-11 21:00","2020","08","11","21:00","22.7","","6.2","","34","","0.0","","16","","15","","","","91.83","","","","","","NA"
"-109.47","49.90","MAPLE CREEK","4024919","2020-08-11 22:00","2020","08","11","22:00","19.6","","7.7","","46","","0.0","","16","","10","","","","91.77","","","","","","NA"
"-109.47","49.90","MAPLE CREEK","4024919","2020-08-11 23:00","2020","08","11","23:00","18.7","","7.2","","47","","0.0","","17","","8","","","","91.72","","","","","","NA"
"-109.47","49.90","MAPLE CREEK","4024919","2020-08-12 00:00","2020","08","12","00:00","20.8","","5.9","","38","","0.0","","12","","20","","","","91.71","","","","","","NA"
"-109.47","49.90","MAPLE CREEK","4024919","2020-08-12 01:00","2020","08","12","01:00","17.9","","6.6","","47","","0.0","","6","","5","","","","91.69","","","","","","NA"
"-109.47","49.90","MAPLE CREEK","4024919","2020-08-12 02:00","2020","08","12","02:00","17.1","","6.9","","51","","0.0","","24","","5","","","","91.65","","","","","","NA"
"-109.47","49.90","MAPLE CREEK","4024919","2020-08-12 03:00","2020","08","12","03:00","20.7","","5.1","","36","","0.0","","17","","20","","","","91.53","","","","","","NA"
"-109.47","49.90","MAPLE CREEK","4024919","2020-08-12 04:00","2020","08","12","04:00","18.9","","5.6","","42","","0.0","","19","","20","","","","91.53","","","","","","NA"
"-109.47","49.90","MAPLE CREEK","4024919","2020-08-12 05:00","2020","08","12","05:00","19.3","","4.6","","38","","0.0","","18","","28","","","","91.51","","","","","","NA"
"-109.47","49.90","MAPLE CREEK","4024919","2020-08-12 06:00","2020","08","12","06:00","18.2","","3.1","","36","","0.0","","19","","4","","","","91.54","","","","","","NA"
"-109.47","49.90","MAPLE CREEK","4024919","2020-08-12 07:00","2020","08","12","07:00","17.1","","4.7","","44","","0.0","","21","","3","","","","91.59","","","","","","NA"
"-109.47","49.90","MAPLE CREEK","4024919","2020-08-12 08:00","2020","08","12","08:00","21.8","","2.6","","28","","0.0","","21","","18","","","","91.65","","","","","","NA"
"-109.47","49.90","MAPLE CREEK","4024919","2020-08-12 09:00","2020","08","12","09:00","23.4","","3.0","","26","","0.0","","23","","13","","","","91.66","","","","","","NA"
"-109.47","49.90","MAPLE CREEK","4024919","2020-08-12 10:00","2020","08","12","10:00","24.3","","1.5","","22","","0.0","","25","","14","","","","91.69","","","","","","NA"
"-109.47","49.90","MAPLE CREEK","4024919","2020-08-12 11:00","2020","08","12","11:00","26.0","","1.5","","20","","0.0","","28","","13","","","","91.72","","","","","","NA"
"-109.47","49.90","MAPLE CREEK","4024919","2020-08-12 12:00","2020","08","12","12:00","26.1","","2.6","","22","","0.0","","28","","22","","","","91.79","","25","","","","NA"
"-109.47","49.90","MAPLE CREEK","4024919","2020-08-12 13:00","2020","08","12","13:00","23.7","","5.6","","31","","0.0","","29","","23","","","","91.87","","","","","","NA"
"-109.47","49.90","MAPLE CREEK","4024919","2020-08-12 14:00","2020","08","12","14:00","23.5","","6.1","","33","","0.0","","30","","18","","","","91.93","","","","","","NA"
"-109.47","49.90","MAPLE CREEK","4024919","2020-08-12 15:00","2020","08","12","15:00","24.7","","6.0","","30","","0.0","","29","","14","","","","92.00","","","","","","NA"
"-109.47","49.90","MAPLE CREEK","4024919","2020-08-12 16:00","2020","08","12","16:00","23.9","","4.5","","28","","0.0","","31","","14","","","","92.05","","","","","","NA"
"-109.47","49.90","MAPLE CREEK","4024919","2020-08-12 17:00","2020","08","12","17:00","23.7","","4.5","","29","","0.0","","30","","12","","","","92.10","","","","","","NA"
"-109.47","49.90","MAPLE CREEK","4024919","2020-08-12 18:00","2020","08","12","18:00","22.8","","5.2","","32","","0.0","","35","","22","","","","92.09","","","","","","NA"
"-109.47","49.90","MAPLE CREEK","4024919","2020-08-12 19:00","2020","08","12","19:00","22.1","","4.7","","32","","0.0","","2","","14","","","","92.11","","","","","","NA"
"-109.47","49.90","MAPLE CREEK","4024919","2020-08-12 20:00","2020","08","12","20:00","20.8","","5.1","","36","","0.0","","6","","7","","","","92.18","","","","","","NA"
"-109.47","49.90","MAPLE CREEK","4024919","2020-08-12 21:00","2020","08","12","21:00","19.0","","5.9","","42","","0.0","","2","","5","","","","92.21","","","","","","NA"
"-109.47","49.90","MAPLE CREEK","4024919","2020-08-12 22:00","2020","08","12","22:00","17.7","","5.9","","46","","0.0","","2","","10","","","","92.29","","","","","","NA"
"-109.47","49.90","MAPLE CREEK","4024919","2020-08-12 23:00","2020","08","12","23:00","18.1","","5.4","","43","","0.0","","8","","8","","","","92.33","","","","","","NA"
"-109.47","49.90","MAPLE CREEK","4024919","2020-08-13 00:00","2020","08","13","00:00","17.3","","6.3","","48","","0.0","","4","","3","","","","92.31","","","","","","NA"
"-109.47","49.90","MAPLE CREEK","4024919","2020-08-13 01:00","2020","08","13","01:00","16.8","","6.6","","51","","0.0","","8","","5","","","","92.34","","","","","","NA"
"-109.47","49.90","MAPLE CREEK","4024919","2020-08-13 02:00","2020","08","13","02:00","16.6","","7.1","","53","","0.0","","28","","8","","","","92.39","","","","","","NA"
"-109.47","49.90","MAPLE CREEK","4024919","2020-08-13 03:00","2020","08","13","03:00","14.1","","7.2","","63","","0.0","","4","","10","","","","92.35","","","","","","NA"
"-109.47","49.90","MAPLE CREEK","4024919","2020-08-13 04:00","2020","08","13","04:00","12.7","","6.9","","68","","0.0","","36","","4","","","","92.38","","","","","","NA"
"-109.47","49.90","MAPLE CREEK","4024919","2020-08-13 05:00","2020","08","13","05:00","9.2","","5.7","","79","","0.0","","19","","7","","","","92.36","","","","","","NA"
"-109.47","49.90","MAPLE CREEK","4024919","2020-08-13 06:00","2020","08","13","06:00","8.4","","6.0","","85","","0.0","","21","","7","","","","92.41","","","","","","NA"
"-109.47","49.90","MAPLE CREEK","4024919","2020-08-13 07:00","2020","08","13","07:00","9.2","","6.0","","80","","0.0","","21","","6","","","","92.47","","","","","","NA"
"-109.47","49.90","MAPLE CREEK","4024919","2020-08-13 08:00","2020","08","13","08:00","13.0","","5.4","","60","","0.0","","22","","6","","","","92.49","","","","","","NA"
"-109.47","49.90","MAPLE CREEK","4024919","2020-08-13 09:00","2020","08","13","09:00","15.7","","4.2","","46","","0.0","","31","","5","","","","92.51","","","","","","NA"
"-109.47","49.90","MAPLE CREEK","4024919","2020-08-13 10:00","2020","08","13","10:00","17.1","","4.4","","43","","0.0","","31","","5","","","","92.50","","","","","","NA"
"-109.47","49.90","MAPLE CREEK","4024919","2020-08-13 11:00","2020","08","13","11:00","18.1","","3.9","","39","","0.0","","33","","7","","","","92.49","","","","","","NA"
"-109.47","49.90","MAPLE CREEK","4024919","2020-08-13 12:00","2020","08","13","12:00","20.9","","4.2","","33","","0.0","","24","","8","","","","92.44","","","","","","NA"
"-109.47","49.90","MAPLE CREEK","4024919","2020-08-13 13:00","2020","08","13","13:00","22.0","","3.7","","30","","0.0","","27","","17","","","","92.40","","","","","","NA"
"-109.47","49.90","MAPLE CREEK","4024919","2020-08-13 14:00","2020","08","13","14:00","23.1","","5.1","","31","","0.0","","27","","14","","","","92.38","","","","","","NA"
"-109.47","49.90","MAPLE CREEK","4024919","2020-08-13 15:00","2020","08","13","15:00","23.8","","3.8","","27","","0.0","","28","","20","","","","92.38","","","","","","NA"
"-109.47","49.90","MAPLE CREEK","4024919","2020-08-13 16:00","2020","08","13","16:00","24.3","","1.2","","22","","0.0","","26","","20","","","","92.37","","","","","","NA"
"-109.47","49.90","MAPLE CREEK","4024919","2020-08-13 17:00","2020","08","13","17:00","24.0","","0.1","","21","","0.0","","26","","19","","","","92.39","","","","","","NA"
"-109.47","49.90","MAPLE CREEK","4024919","2020-08-13 18:00","2020","08","13","18:00","23.9","","-0.8","","20","","0.0","","27","","18","","","","92.41","","","","","","NA"
"-109.47","49.90","MAPLE CREEK","4024919","2020-08-13 19:00","2020","08","13","19:00","23.0","","-1.1","","20","","0.0","","28","","12","","","","92.44","","","","","","NA"
"-109.47","49.90","MAPLE CREEK","4024919","2020-08-13 20:00","2020","08","13","20:00","21.5","","-1.1","","22","","0.0","","29","","9","","","","92.46","","","","","","NA"
"-109.47","49.90","MAPLE CREEK","4024919","2020-08-13 21:00","2020","08","13","21:00","18.7","","3.3","","36","","0.0","","27","","5","","","","92.50","","","","","","NA"
"-109.47","49.90","MAPLE CREEK","4024919","2020-08-13 22:00","2020","08","13","22:00","12.8","","1.5","","46","","0.0","","19","","4","","","","92.55","","","","","","NA"
"-109.47","49.90","MAPLE CREEK","4024919","2020-08-13 23:00","2020","08","13","23:00","10.7","","2.3","","56","","0.0","","19","","6","","","","92.59","","","","","","NA"
"-109.47","49.90","MAPLE CREEK","4024919","2020-08-14 00:00","2020","08","14","00:00","8.4","","0.4","","57","","0.0","","19","","2","","","","92.58","","","","","","NA"
"-109.47","49.90","MAPLE CREEK","4024919","2020-08-14 01:00","2020","08","14","01:00","9.5","","0.9","","55","","0.0","","19","","7","","","","92.59","","","","","","NA"
"-109.47","49.90","MAPLE CREEK","4024919","2020-08-14 02:00","2020","08","14","02:00","9.7","","0.9","","54","","0.0","","20","","6","","","","92.57","","","","","","NA"
"-109.47","49.90","MAPLE CREEK","4024919","2020-08-14 03:00","2020","08","14","03:00","7.3","","0.8","","63","","0.0","","10","","3","","","","92.59","","","","","","NA"
"-109.47","49.90","MAPLE CREEK","4024919","2020-08-14 04:00","2020","08","14","04:00","6.9","","0.7","","65","","0.0","","0","","1","","","","92.64","","","","","","NA"
"-109.47","49.90","MAPLE CREEK","4024919","2020-08-14 05:00","2020","08","14","05:00","7.8","","3.2","","73","","0.0","","20","","8","","","","92.68","","","","","","NA"
"-109.47","49.90","MAPLE CREEK","4024919","2020-08-14 06:00","2020","08","14","06:00","6.7","","2.6","","75","","0.0","","20","","5","","","","92.71","","","","","","NA"
"-109.47","49.90","MAPLE CREEK","4024919","2020-08-14 07:00","2020","08","14","07:00","8.2","","3.6","","73","","0.0","","19","","6","","","","92.75","","","","","","NA"
"-109.47","49.90","MAPLE CREEK","4024919","2020-08-14 08:00","2020","08","14","08:00","12.8","","4.5","","57","","0.0","","20","","2","","","","92.75","","","","","","NA"
"-109.47","49.90","MAPLE CREEK","4024919","2020-08-14 09:00","2020","08","14","09:00","16.9","","3.0","","40","","0.0","","28","","2","","","","92.75","","","","","","NA"
"-109.47","49.90","MAPLE CREEK","4024919","2020-08-14 10:00","2020","08","14","10:00","19.1","","2.4","","33","","0.0","","30","","9","","","","92.76","","","","","","NA"
"-109.47","49.90","MAPLE CREEK","4024919","2020-08-14 11:00","2020","08","14","11:00","21.2","","1.9","","28","","0.0","","28","","11","","","","92.74","","","","","","NA"
"-109.47","49.90","MAPLE CREEK","4024919","2020-08-14 12:00","2020","08","14","12:00","23.0","","1.2","","24","","0.0","","28","","15","","","","92.71","","","","","","NA"
"-109.47","49.90","MAPLE CREEK","4024919","2020-08-14 13:00","2020","08","14","13:00","24.3","","-0.6","","19","","0.0","","28","","21","","","","92.70","","","","","","NA"
"-109.47","49.90","MAPLE CREEK","4024919","2020-08-14 14:00","2020","08","14","14:00","24.5","","-0.1","","20","","0.0","","27","","22","","","","92.69","","","","","","NA"
"-109.47","49.90","MAPLE CREEK","4024919","2020-08-14 15:00","2020","08","14","15:00","24.6","","-0.8","","19","","0.0","","26","","24","","","","92.70","","","","","","NA"
"-109.47","49.90","MAPLE CREEK","4024919","2020-08-14 16:00","2020","08","14","16:00","25.1","","0.6","","20","","0.0","","27","","20","","","","92.70","","","","","","NA"
"-109.47","49.90","MAPLE CREEK","4024919","2020-08-14 17:00","2020","08","14","17:00","25.3","","0.3","","19","","0.0","","27","","22","","","","92.70","","","","","","NA"
"-109.47","49.90","MAPLE CREEK","4024919","2020-08-14 18:00","2020","08","14","18:00","24.3","","-0.7","","19","","0.0","","28","","21","","","","92.70","","","","","","NA"
"-109.47","49.90","MAPLE CREEK","4024919","2020-08-14 19:00","2020","08","14","19:00","23.1","","-0.6","","21","","0.0","","30","","17","","","","92.70","","","","","","NA"
"-109.47","49.90","MAPLE CREEK","4024919","2020-08-14 20:00","2020","08","14","20:00","22.2","","0.5","","24","","0.0","","30","","9","","","","92.71","","","","","","NA"
"-109.47","49.90","MAPLE CREEK","4024919","2020-08-14 21:00","2020","08","14","21:00","15.4","","4.4","","48","","0.0","","21","","5","","","","92.73","","","","","","NA"
"-109.47","49.90","MAPLE CREEK","4024919","2020-08-14 22:00","2020","08","14","22:00","13.6","","3.1","","49","","0.0","","19","","8","","","","92.76","","","","","","NA"
"-109.47","49.90","MAPLE CREEK","4024919","2020-08-14 23:00","2020","08","14","23:00","12.9","","2.4","","49","","0.0","","19","","8","","","","92.77","","","","","","NA"
"-109.47","49.90","MAPLE CREEK","4024919","2020-08-15 00:00","2020","08","15","00:00","11.9","","2.3","","52","","0.0","","19","","9","","","","92.76","","","","","","NA"
"-109.47","49.90","MAPLE CREEK","4024919","2020-08-15 01:00","2020","08","15","01:00","12.5","","2.6","","51","","0.0","","20","","7","","","","92.75","","","","","","NA"
"-109.47","49.90","MAPLE CREEK","4024919","2020-08-15 02:00","2020","08","15","02:00","13.9","","2.9","","47","","0.0","","23","","5","","","","92.74","","","","","","NA"
"-109.47","49.90","MAPLE CREEK","4024919","2020-08-15 03:00","2020","08","15","03:00","13.7","","3.6","","50","","0.0","","33","","2","","","","92.74","","","","","","NA"
"-109.47","49.90","MAPLE CREEK","4024919","2020-08-15 04:00","2020","08","15","04:00","16.4","","3.4","","42","","0.0","","21","","7","","","","92.72","","","","","","NA"
"-109.47","49.90","MAPLE CREEK","4024919","2020-08-15 05:00","2020","08","15","05:00","14.5","","2.2","","43","","0.0","","19","","7","","","","92.72","","","","","","NA"
"-109.47","49.90","MAPLE CREEK","4024919","2020-08-15 06:00","2020","08","15","06:00","14.1","","1.6","","43","","0.0","","32","","12","","","","92.78","","","","","","NA"
"-109.47","49.90","MAPLE CREEK","4024919","2020-08-15 07:00","2020","08","15","07:00","12.4","","3.4","","54","","0.0","","23","","4","","","","92.84","","","","","","NA"
"-109.47","49.90","MAPLE CREEK","4024919","2020-08-15 08:00","2020","08","15","08:00","16.2","","3.5","","43","","0.0","","23","","9","","","","92.88","","","","","","NA"
"-109.47","49.90","MAPLE CREEK","4024919","2020-08-15 09:00","2020","08","15","09:00","17.8","","3.2","","38","","0.0","","27","","11","","","","92.89","","","","","","NA"
"-109.47","49.90","MAPLE CREEK","4024919","2020-08-15 10:00","2020","08","15","10:00","19.8","","3.4","","34","","0.0","","26","","6","","","","92.88","","","","","","NA"
"-109.47","49.90","MAPLE CREEK","4024919","2020-08-15 11:00","2020","08","15","11:00","21.9","","3.3","","29","","0.0","","32","","7","","","","92.89","","","","","","NA"
"-109.47","49.90","MAPLE CREEK","4024919","2020-08-15 12:00","2020","08","15","12:00","23.3","","2.6","","26","","0.0","","34","","9","","","","92.87","","","","","","NA"
"-109.47","49.90","MAPLE CREEK","4024919","2020-08-15 13:00","2020","08","15","13:00","24.2","","3.2","","25","","0.0","","33","","9","","","","92.88","","","","","","NA"
"-109.47","49.90","MAPLE CREEK","4024919","2020-08-15 14:00","2020","08","15","14:00","25.9","","3.6","","24","","0.0","","26","","7","","","","92.85","","25","","","","NA"
"-109.47","49.90","MAPLE CREEK","4024919","2020-08-15 15:00","2020","08","15","15:00","27.0","","4.3","","23","","0.0","","31","","17","","","","92.83","","26","","","","NA"
"-109.47","49.90","MAPLE CREEK","4024919","2020-08-15 16:00","2020","08","15","16:00","27.2","","4.4","","23","","0.0","","31","","11","","","","92.80","","26","","","","NA"
"-109.47","49.90","MAPLE CREEK","4024919","2020-08-15 17:00","2020","08","15","17:00","26.7","","3.5","","22","","0.0","","34","","14","","","","92.79","","26","","","","NA"
"-109.47","49.90","MAPLE CREEK","4024919","2020-08-15 18:00","2020","08","15","18:00","27.8","","4.2","","22","","0.0","","34","","13","","","","92.78","","27","","","","NA"
"-109.47","49.90","MAPLE CREEK","4024919","2020-08-15 19:00","2020","08","15","19:00","27.2","","4.3","","23","","0.0","","34","","14","","","","92.81","","26","","","","NA"
"-109.47","49.90","MAPLE CREEK","4024919","2020-08-15 20:00","2020","08","15","20:00","25.0","","4.6","","27","","0.0","","36","","13","","","","92.84","","","","","","NA"
"-109.47","49.90","MAPLE CREEK","4024919","2020-08-15 21:00","2020","08","15","21:00","19.5","","5.7","","40","","0.0","","7","","3","","","","92.90","","","","","","NA"
"-109.47","49.90","MAPLE CREEK","4024919","2020-08-15 22:00","2020","08","15","22:00","15.2","","4.3","","48","","0.0","","11","","8","","","","92.97","","","","","","NA"
"-109.47","49.90","MAPLE CREEK","4024919","2020-08-15 23:00","2020","08","15","23:00","13.9","","6.0","","59","","0.0","","17","","2","","","","93.03","","","","","","NA"
"-109.47","49.90","MAPLE CREEK","4024919","2020-08-16 00:00","2020","08","16","00:00","12.7","","5.5","","62","","0.0","","17","","2","","","","93.06","","","","","","NA"
"-109.47","49.90","MAPLE CREEK","4024919","2020-08-16 01:00","2020","08","16","01:00","11.1","","4.9","","66","","0.0","","","","0","","","","93.09","","","","","","NA"
"-109.47","49.90","MAPLE CREEK","4024919","2020-08-16 02:00","2020","08","16","02:00","11.2","","5.0","","66","","0.0","","0","","1","","","","93.12","","","","","","NA"
"-109.47","49.90","MAPLE CREEK","4024919","2020-08-16 03:00","2020","08","16","03:00","9.9","","4.3","","68","","0.0","","0","","1","","","","93.14","","","","","","NA"
"-109.47","49.90","MAPLE CREEK","4024919","2020-08-16 04:00","2020","08","16","04:00","9.4","","4.0","","69","","0.0","","8","","3","","","","93.15","","","","","","NA"
"-109.47","49.90","MAPLE CREEK","4024919","2020-08-16 05:00","2020","08","16","05:00","8.5","","4.1","","74","","0.0","","11","","1","","","","93.16","","","","","","NA"
"-109.47","49.90","MAPLE CREEK","4024919","2020-08-16 06:00","2020","08","16","06:00","8.3","","4.4","","76","","0.0","","13","","3","","","","93.18","","","","","","NA"
"-109.47","49.90","MAPLE CREEK","4024919","2020-08-16 07:00","2020","08","16","07:00","10.7","","5.5","","70","","0.0","","9","","4","","","","93.20","","","","","","NA"
"-109.47","49.90","MAPLE CREEK","4024919","2020-08-16 08:00","2020","08","16","08:00","16.8","","7.1","","53","","0.0","","7","","5","","","","93.20","","","","","","NA"
"-109.47","49.90","MAPLE CREEK","4024919","2020-08-16 09:00","2020","08","16","09:00","23.2","","6.3","","34","","0.0","","10","","7","","","","93.16","","","","","","NA"
"-109.47","49.90","MAPLE CREEK","4024919","2020-08-16 10:00","2020","08","16","10:00","26.5","","5.3","","26","","0.0","","15","","17","","","","93.15","","26","","","","NA"
"-109.47","49.90","MAPLE CREEK","4024919","2020-08-16 11:00","2020","08","16","11:00","28.2","","5.3","","23","","0.0","","18","","14","","","","93.12","","28","","","","NA"
"-109.47","49.90","MAPLE CREEK","4024919","2020-08-16 12:00","2020","08","16","12:00","29.5","","5.2","","21","","0.0","","18","","19","","","","93.09","","29","","","","NA"
"-109.47","49.90","MAPLE CREEK","4024919","2020-08-16 13:00","2020","08","16","13:00","31.0","","4.9","","19","","0.0","","19","","13","","","","93.04","","30","","","","NA"
"-109.47","49.90","MAPLE CREEK","4024919","2020-08-16 14:00","2020","08","16","14:00","32.0","","3.9","","17","","0.0","","21","","9","","","","93.00","","31","","","","NA"
"-109.47","49.90","MAPLE CREEK","4024919","2020-08-16 15:00","2020","08","16","15:00","32.8","","3.2","","15","","0.0","","24","","20","","","","92.99","","32","","","","NA"
"-109.47","49.90","MAPLE CREEK","4024919","2020-08-16 16:00","2020","08","16","16:00","32.9","","1.9","","14","","0.0","","23","","16","","","","92.95","","31","","","","NA"
"-109.47","49.90","MAPLE CREEK","4024919","2020-08-16 17:00","2020","08","16","17:00","33.6","","1.9","","13","","0.0","","22","","10","","","","92.92","","32","","","","NA"
"-109.47","49.90","MAPLE CREEK","4024919","2020-08-16 18:00","2020","08","16","18:00","33.3","","2.8","","15","","0.0","","21","","12","","","","92.89","","32","","","","NA"
"-109.47","49.90","MAPLE CREEK","4024919","2020-08-16 19:00","2020","08","16","19:00","32.9","","2.0","","14","","0.0","","24","","10","","","","92.86","","31","","","","NA"
"-109.47","49.90","MAPLE CREEK","4024919","2020-08-16 20:00","2020","08","16","20:00","28.5","","9.4","","30","","0.0","","20","","2","","","","92.87","","30","","","","NA"
"-109.47","49.90","MAPLE CREEK","4024919","2020-08-16 21:00","2020","08","16","21:00","21.8","","3.0","","29","","0.0","","15","","7","","","","92.92","","","","","","NA"
"-109.47","49.90","MAPLE CREEK","4024919","2020-08-16 22:00","2020","08","16","22:00","20.0","","5.4","","38","","0.0","","14","","7","","","","92.95","","","","","","NA"
"-109.47","49.90","MAPLE CREEK","4024919","2020-08-16 23:00","2020","08","16","23:00","18.0","","8.9","","55","","0.0","","21","","6","","","","92.96","","","","","","NA"
"-109.47","49.90","MAPLE CREEK","4024919","2020-08-17 00:00","2020","08","17","00:00","15.4","","8.9","","65","","0.0","","28","","2","","","","92.97","","","","","","NA"
"-109.47","49.90","MAPLE CREEK","4024919","2020-08-17 01:00","2020","08","17","01:00","16.3","","5.1","","47","","0.0","","28","","3","","","","92.99","","","","","","NA"
"-109.47","49.90","MAPLE CREEK","4024919","2020-08-17 02:00","2020","08","17","02:00","17.5","","3.9","","41","","0.0","","25","","7","","","","92.97","","","","","","NA"
"-109.47","49.90","MAPLE CREEK","4024919","2020-08-17 03:00","2020","08","17","03:00","16.5","","3.8","","43","","0.0","","30","","4","","","","92.94","","","","","","NA"
"-109.47","49.90","MAPLE CREEK","4024919","2020-08-17 04:00","2020","08","17","04:00","17.8","","3.2","","38","","0.0","","27","","5","","","","92.93","","","","","","NA"
"-109.47","49.90","MAPLE CREEK","4024919","2020-08-17 05:00","2020","08","17","05:00","18.8","","3.4","","36","","0.0","","22","","8","","","","92.90","","","","","","NA"
"-109.47","49.90","MAPLE CREEK","4024919","2020-08-17 06:00","2020","08","17","06:00","18.7","","3.5","","36","","0.0","","22","","11","","","","92.90","","","","","","NA"
"-109.47","49.90","MAPLE CREEK","4024919","2020-08-17 07:00","2020","08","17","07:00","19.6","","3.7","","35","","0.0","","24","","7","","","","92.91","","","","","","NA"
"-109.47","49.90","MAPLE CREEK","4024919","2020-08-17 08:00","2020","08","17","08:00","23.7","","4.9","","30","","0.0","","23","","6","","","","92.92","","","","","","NA"
"-109.47","49.90","MAPLE CREEK","4024919","2020-08-17 09:00","2020","08","17","09:00","27.8","","5.8","","25","","0.0","","30","","7","","","","92.90","","27","","","","NA"
"-109.47","49.90","MAPLE CREEK","4024919","2020-08-17 10:00","2020","08","17","10:00","31.6","","3.9","","17","","0.0","","32","","4","","","","92.88","","31","","","","NA"
"-109.47","49.90","MAPLE CREEK","4024919","2020-08-17 11:00","2020","08","17","11:00","32.2","","3.8","","17","","0.0","","32","","8","","","","92.87","","31","","","","NA"
"-109.47","49.90","MAPLE CREEK","4024919","2020-08-17 12:00","2020","08","17","12:00","35.3","","1.4","","12","","0.0","","27","","3","","","","92.83","","33","","","","NA"
"-109.47","49.90","MAPLE CREEK","4024919","2020-08-17 13:00","2020","08","17","13:00","35.7","","1.3","","12","","0.0","","30","","12","","","","92.77","","34","","","","NA"
"-109.47","49.90","MAPLE CREEK","4024919","2020-08-17 14:00","2020","08","17","14:00","36.0","","2.0","","12","","0.0","","33","","14","","","","92.78","","34","","","","NA"
"-109.47","49.90","MAPLE CREEK","4024919","2020-08-17 15:00","2020","08","17","15:00","36.5","","3.1","","13","","0.0","","29","","14","","","","92.76","","35","","","","NA"
"-109.47","49.90","MAPLE CREEK","4024919","2020-08-17 16:00","2020","08","17","16:00","35.8","","3.2","","13","","0.0","","32","","7","","","","92.71","","35","","","","NA"
"-109.47","49.90","MAPLE CREEK","4024919","2020-08-17 17:00","2020","08","17","17:00","35.9","","3.5","","13","","0.0","","27","","13","","","","92.68","","35","","","","NA"
"-109.47","49.90","MAPLE CREEK","4024919","2020-08-17 18:00","2020","08","17","18:00","36.1","","3.7","","13","","0.0","","27","","18","","","","92.66","","35","","","","NA"
"-109.47","49.90","MAPLE CREEK","4024919","2020-08-17 19:00","2020","08","17","19:00","34.8","","4.4","","15","","0.0","","28","","16","","","","92.66","","34","","","","NA"
"-109.47","49.90","MAPLE CREEK","4024919","2020-08-17 20:00","2020","08","17","20:00","32.5","","5.7","","19","","0.0","","28","","13","","","","92.69","","32","","","","NA"
"-109.47","49.90","MAPLE CREEK","4024919","2020-08-17 21:00","2020","08","17","21:00","27.4","","6.9","","27","","0.0","","24","","9","","","","92.73","","27","","","","NA"
"-109.47","49.90","MAPLE CREEK","4024919","2020-08-17 22:00","2020","08","17","22:00","22.6","","7.3","","37","","0.0","","19","","4","","","","92.78","","","","","","NA"
"-109.47","49.90","MAPLE CREEK","4024919","2020-08-17 23:00","2020","08","17","23:00","20.9","","8.0","","43","","0.0","","21","","5","","","","92.78","","","","","","NA"
"-109.47","49.90","MAPLE CREEK","4024919","2020-08-18 00:00","2020","08","18","00:00","20.1","","7.7","","45","","0.0","","20","","10","","","","92.76","","","","","","NA"
"-109.47","49.90","MAPLE CREEK","4024919","2020-08-18 01:00","2020","08","18","01:00","19.0","","7.4","","47","","0.0","","20","","10","","","","92.77","","","","","","NA"
"-109.47","49.90","MAPLE CREEK","4024919","2020-08-18 02:00","2020","08","18","02:00","17.8","","6.8","","48","","0.0","","22","","4","","","","92.76","","","","","","NA"
"-109.47","49.90","MAPLE CREEK","4024919","2020-08-18 03:00","2020","08","18","03:00","15.9","","10.2","","69","","0.0","","27","","2","","","","92.76","","","","","","NA"
"-109.47","49.90","MAPLE CREEK","4024919","2020-08-18 04:00","2020","08","18","04:00","14.9","","7.6","","62","","0.0","","19","","1","","","","92.75","","","","","","NA"
"-109.47","49.90","MAPLE CREEK","4024919","2020-08-18 05:00","2020","08","18","05:00","15.2","","7.1","","58","","0.0","","23","","5","","","","92.80","","","","","","NA"
"-109.47","49.90","MAPLE CREEK","4024919","2020-08-18 06:00","2020","08","18","06:00","13.8","","8.1","","68","","0.0","","19","","2","","","","92.84","","","","","","NA"
"-109.47","49.90","MAPLE CREEK","4024919","2020-08-18 07:00","2020","08","18","07:00","15.9","","8.0","","59","","0.0","","0","","1","","","","92.89","","","","","","NA"
"-109.47","49.90","MAPLE CREEK","4024919","2020-08-18 08:00","2020","08","18","08:00","20.3","","8.9","","48","","0.0","","19","","6","","","","92.93","","","","","","NA"
"-109.47","49.90","MAPLE CREEK","4024919","2020-08-18 09:00","2020","08","18","09:00","23.5","","7.8","","37","","0.0","","25","","5","","","","92.90","","","","","","NA"
"-109.47","49.90","MAPLE CREEK","4024919","2020-08-18 10:00","2020","08","18","10:00","26.1","","8.1","","32","","0.0","","24","","7","","","","92.88","","27","","","","NA"
"-109.47","49.90","MAPLE CREEK","4024919","2020-08-18 11:00","2020","08","18","11:00","28.3","","6.9","","26","","0.0","","26","","8","","","","92.86","","28","","","","NA"
"-109.47","49.90","MAPLE CREEK","4024919","2020-08-18 12:00","2020","08","18","12:00","30.6","","6.5","","22","","0.0","","26","","9","","","","92.80","","30","","","","NA"
"-109.47","49.90","MAPLE CREEK","4024919","2020-08-18 13:00","2020","08","18","13:00","32.7","","5.9","","19","","0.0","","33","","7","","","","92.73","","32","","","","NA"
"-109.47","49.90","MAPLE CREEK","4024919","2020-08-18 14:00","2020","08","18","14:00","34.8","","5.7","","17","","0.0","","33","","8","","","","92.67","","34","","","","NA"
"-109.47","49.90","MAPLE CREEK","4024919","2020-08-18 15:00","2020","08","18","15:00","34.4","","5.7","","17","","0.0","","29","","12","","","","92.62","","34","","","","NA"
"-109.47","49.90","MAPLE CREEK","4024919","2020-08-18 16:00","2020","08","18","16:00","33.9","","6.2","","18","","0.0","","26","","19","","","","92.58","","34","","","","NA"
"-109.47","49.90","MAPLE CREEK","4024919","2020-08-18 17:00","2020","08","18","17:00","34.3","","5.6","","17","","0.0","","28","","18","","","","92.56","","34","","","","NA"
"-109.47","49.90","MAPLE CREEK","4024919","2020-08-18 18:00","2020","08","18","18:00","33.9","","7.5","","20","","0.0","","25","","17","","","","92.52","","34","","","","NA"
"-109.47","49.90","MAPLE CREEK","4024919","2020-08-18 19:00","2020","08","18","19:00","33.3","","5.3","","17","","0.0","","25","","13","","","","92.49","","33","","","","NA"
"-109.47","49.90","MAPLE CREEK","4024919","2020-08-18 20:00","2020","08","18","20:00","29.9","","6.6","","23","","0.0","","24","","6","","","","92.46","","30","","","","NA"
"-109.47","49.90","MAPLE CREEK","4024919","2020-08-18 21:00","2020","08","18","21:00","23.3","","7.2","","36","","0.0","","20","","6","","","","92.45","","","","","","NA"
"-109.47","49.90","MAPLE CREEK","4024919","2020-08-18 22:00","2020","08","18","22:00","22.4","","6.4","","35","","0.0","","23","","6","","","","92.46","","","","","","NA"
"-109.47","49.90","MAPLE CREEK","4024919","2020-08-18 23:00","2020","08","18","23:00","21.1","","6.6","","39","","0.0","","19","","6","","","","92.44","","","","","","NA"
"-109.47","49.90","MAPLE CREEK","4024919","2020-08-19 00:00","2020","08","19","00:00","20.6","","6.9","","41","","0.0","","19","","9","","","","92.41","","","","","","NA"
"-109.47","49.90","MAPLE CREEK","4024919","2020-08-19 01:00","2020","08","19","01:00","21.4","","7.0","","39","","0.0","","18","","7","","","","92.38","","","","","","NA"
"-109.47","49.90","MAPLE CREEK","4024919","2020-08-19 02:00","2020","08","19","02:00","24.1","","7.0","","33","","0.0","","22","","13","","","","92.35","","","","","","NA"
"-109.47","49.90","MAPLE CREEK","4024919","2020-08-19 03:00","2020","08","19","03:00","22.4","","7.2","","37","","0.0","","23","","14","","","","92.33","","","","","","NA"
"-109.47","49.90","MAPLE CREEK","4024919","2020-08-19 04:00","2020","08","19","04:00","24.1","","6.4","","32","","0.0","","24","","16","","","","92.32","","","","","","NA"
"-109.47","49.90","MAPLE CREEK","4024919","2020-08-19 05:00","2020","08","19","05:00","22.6","","6.6","","36","","0.0","","24","","15","","","","92.34","","","","","","NA"
"-109.47","49.90","MAPLE CREEK","4024919","2020-08-19 06:00","2020","08","19","06:00","20.5","","7.0","","42","","0.0","","23","","15","","","","92.35","","","","","","NA"
"-109.47","49.90","MAPLE CREEK","4024919","2020-08-19 07:00","2020","08","19","07:00","22.3","","6.9","","37","","0.0","","24","","18","","","","92.35","","","","","","NA"
"-109.47","49.90","MAPLE CREEK","4024919","2020-08-19 08:00","2020","08","19","08:00","24.0","","6.7","","33","","0.0","","27","","3","","","","92.37","","","","","","NA"
"-109.47","49.90","MAPLE CREEK","4024919","2020-08-19 09:00","2020","08","19","09:00","25.8","","6.1","","28","","0.0","","27","","19","","","","92.37","","25","","","","NA"
"-109.47","49.90","MAPLE CREEK","4024919","2020-08-19 10:00","2020","08","19","10:00","26.9","","5.8","","26","","0.0","","27","","14","","","","92.39","","26","","","","NA"
"-109.47","49.90","MAPLE CREEK","4024919","2020-08-19 11:00","2020","08","19","11:00","29.6","","6.8","","24","","0.0","","28","","13","","","","92.39","","30","","","","NA"
"-109.47","49.90","MAPLE CREEK","4024919","2020-08-19 12:00","2020","08","19","12:00","29.5","","7.5","","25","","0.0","","30","","16","","","","92.37","","30","","","","NA"
"-109.47","49.90","MAPLE CREEK","4024919","2020-08-19 13:00","2020","08","19","13:00","30.0","","7.7","","25","","0.0","","29","","17","","","","92.37","","30","","","","NA"
"-109.47","49.90","MAPLE CREEK","4024919","2020-08-19 14:00","2020","08","19","14:00","30.0","","7.6","","25","","0.0","","29","","15","","","","92.37","","30","","","","NA"
"-109.47","49.90","MAPLE CREEK","4024919","2020-08-19 15:00","2020","08","19","15:00","29.9","","7.6","","25","","0.0","","28","","16","","","","92.37","","30","","","","NA"
"-109.47","49.90","MAPLE CREEK","4024919","2020-08-19 16:00","2020","08","19","16:00","31.4","","6.4","","21","","0.0","","27","","13","","","","92.34","","31","","","","NA"
"-109.47","49.90","MAPLE CREEK","4024919","2020-08-19 17:00","2020","08","19","17:00","32.3","","5.3","","18","","0.0","","28","","12","","","","92.27","","32","","","","NA"
"-109.47","49.90","MAPLE CREEK","4024919","2020-08-19 18:00","2020","08","19","18:00","32.1","","4.0","","17","","0.0","","29","","13","","","","92.21","","31","","","","NA"
"-109.47","49.90","MAPLE CREEK","4024919","2020-08-19 19:00","2020","08","19","19:00","31.0","","4.9","","19","","0.0","","33","","9","","","","92.17","","30","","","","NA"
"-109.47","49.90","MAPLE CREEK","4024919","2020-08-19 20:00","2020","08","19","20:00","28.1","","5.8","","24","","0.0","","35","","4","","","","92.15","","28","","","","NA"
"-109.47","49.90","MAPLE CREEK","4024919","2020-08-19 21:00","2020","08","19","21:00","22.1","","5.4","","34","","0.0","","17","","5","","","","92.17","","","","","","NA"
"-109.47","49.90","MAPLE CREEK","4024919","2020-08-19 22:00","2020","08","19","22:00","20.3","","8.2","","46","","0.0","","16","","3","","","","92.18","","","","","","NA"
"-109.47","49.90","MAPLE CREEK","4024919","2020-08-19 23:00","2020","08","19","23:00","19.4","","7.5","","46","","0.0","","20","","5","","","","92.16","","","","","","NA"
"-109.47","49.90","MAPLE CREEK","4024919","2020-08-20 00:00","2020","08","20","00:00","19.3","","8.5","","50","","0.0","","18","","6","","","","92.13","","","","","","NA"
"-109.47","49.90","MAPLE CREEK","4024919","2020-08-20 01:00","2020","08","20","01:00","20.5","","9.5","","49","","0.0","","18","","8","","","","92.09","","","","","","NA"
"-109.47","49.90","MAPLE CREEK","4024919","2020-08-20 02:00","2020","08","20","02:00","19.6","","9.0","","50","","0.0","","18","","10","","","","92.08","","","","","","NA"
"-109.47","49.90","MAPLE CREEK","4024919","2020-08-20 03:00","2020","08","20","03:00","22.2","","9.0","","43","","0.0","","18","","17","","","","92.03","","","","","","NA"
"-109.47","49.90","MAPLE CREEK","4024919","2020-08-20 04:00","2020","08","20","04:00","23.0","","8.7","","40","","0.0","","18","","14","","","","92.01","","","","","","NA"
"-109.47","49.90","MAPLE CREEK","4024919","2020-08-20 05:00","2020","08","20","05:00","20.9","","7.4","","42","","0.0","","33","","11","","","","92.07","","","","","","NA"
"-109.47","49.90","MAPLE CREEK","4024919","2020-08-20 06:00","2020","08","20","06:00","20.6","","10.0","","51","","0.0","","20","","8","","","","92.07","","","","","","NA"
"-109.47","49.90","MAPLE CREEK","4024919","2020-08-20 07:00","2020","08","20","07:00","19.1","","8.7","","51","","0.0","","11","","4","","","","92.08","","","","","","NA"
"-109.47","49.90","MAPLE CREEK","4024919","2020-08-20 08:00","2020","08","20","08:00","20.4","","10.3","","52","","0.0","","7","","2","","","","92.06","","","","","","NA"
"-109.47","49.90","MAPLE CREEK","4024919","2020-08-20 09:00","2020","08","20","09:00","26.1","","10.2","","37","","0.0","","21","","6","","","","92.05","","27","","","","NA"
"-109.47","49.90","MAPLE CREEK","4024919","2020-08-20 10:00","2020","08","20","10:00","28.4","","7.3","","27","","0.0","","26","","12","","","","92.02","","29","","","","NA"
"-109.47","49.90","MAPLE CREEK","4024919","2020-08-20 11:00","2020","08","20","11:00","29.6","","5.3","","21","","0.0","","29","","13","","","","92.01","","29","","","","NA"
"-109.47","49.90","MAPLE CREEK","4024919","2020-08-20 12:00","2020","08","20","12:00","30.6","","1.8","","16","","0.0","","28","","17","","","","91.98","","29","","","","NA"
"-109.47","49.90","MAPLE CREEK","4024919","2020-08-20 13:00","2020","08","20","13:00","31.6","","3.1","","16","","0.0","","26","","15","","","","91.94","","30","","","","NA"
"-109.47","49.90","MAPLE CREEK","4024919","2020-08-20 14:00","2020","08","20","14:00","32.2","","3.2","","16","","0.0","","28","","11","","","","91.89","","31","","","","NA"
"-109.47","49.90","MAPLE CREEK","4024919","2020-08-20 15:00","2020","08","20","15:00","32.5","","3.2","","16","","0.0","","29","","17","","","","91.85","","31","","","","NA"
"-109.47","49.90","MAPLE CREEK","4024919","2020-08-20 16:00","2020","08","20","16:00","32.1","","2.9","","16","","0.0","","29","","18","","","","91.83","","31","","","","NA"
"-109.47","49.90","MAPLE CREEK","4024919","2020-08-20 17:00","2020","08","20","17:00","31.6","","3.1","","16","","0.0","","30","","17","","","","91.85","","30","","","","NA"
"-109.47","49.90","MAPLE CREEK","4024919","2020-08-20 18:00","2020","08","20","18:00","29.8","","3.1","","18","","0.0","","29","","22","","","","91.89","","28","","","","NA"
"-109.47","49.90","MAPLE CREEK","4024919","2020-08-20 19:00","2020","08","20","19:00","28.8","","6.1","","24","","0.0","","28","","21","","","","91.92","","28","","","","NA"
"-109.47","49.90","MAPLE CREEK","4024919","2020-08-20 20:00","2020","08","20","20:00","26.8","","1.8","","20","","0.0","","26","","21","","","","91.94","","25","","","","NA"
"-109.47","49.90","MAPLE CREEK","4024919","2020-08-20 21:00","2020","08","20","21:00","24.5","","2.8","","24","","0.0","","25","","9","","","","91.91","","","","","","NA"
"-109.47","49.90","MAPLE CREEK","4024919","2020-08-20 22:00","2020","08","20","22:00","23.2","","3.9","","28","","0.0","","22","","11","","","","91.99","","","","","","NA"
"-109.47","49.90","MAPLE CREEK","4024919","2020-08-20 23:00","2020","08","20","23:00","22.0","","4.5","","32","","0.0","","24","","12","","","","92.00","","","","","","NA"
"-109.47","49.90","MAPLE CREEK","4024919","2020-08-21 00:00","2020","08","21","00:00","19.6","","5.0","","38","","0.0","","22","","10","","","","91.97","","","","","","NA"
"-109.47","49.90","MAPLE CREEK","4024919","2020-08-21 01:00","2020","08","21","01:00","17.8","","5.9","","46","","0.0","","20","","8","","","","91.99","","","","","","NA"
"-109.47","49.90","MAPLE CREEK","4024919","2020-08-21 02:00","2020","08","21","02:00","20.2","","4.5","","36","","0.0","","22","","15","","","","91.98","","","","","","NA"
"-109.47","49.90","MAPLE CREEK","4024919","2020-08-21 03:00","2020","08","21","03:00","19.7","","4.8","","37","","0.0","","23","","15","","","","91.98","","","","","","NA"
"-109.47","49.90","MAPLE CREEK","4024919","2020-08-21 04:00","2020","08","21","04:00","18.4","","4.8","","41","","0.0","","28","","7","","","","92.02","","","","","","NA"
"-109.47","49.90","MAPLE CREEK","4024919","2020-08-21 05:00","2020","08","21","05:00","17.6","","7.3","","51","","0.0","","27","","20","","","","92.08","","","","","","NA"
"-109.47","49.90","MAPLE CREEK","4024919","2020-08-21 06:00","2020","08","21","06:00","15.4","","9.0","","66","","0.0","","24","","14","","","","92.16","","","","","","NA"
"-109.47","49.90","MAPLE CREEK","4024919","2020-08-21 07:00","2020","08","21","07:00","15.3","","10.2","","72","","0.0","","25","","14","","","","92.26","","","","","","NA"
"-109.47","49.90","MAPLE CREEK","4024919","2020-08-21 08:00","2020","08","21","08:00","16.7","","11.2","","70","","0.0","","26","","18","","","","92.30","","","","","","NA"
"-109.47","49.90","MAPLE CREEK","4024919","2020-08-21 09:00","2020","08","21","09:00","18.0","","11.5","","66","","0.0","","27","","18","","","","92.32","","","","","","NA"
"-109.47","49.90","MAPLE CREEK","4024919","2020-08-21 10:00","2020","08","21","10:00","19.5","","11.4","","60","","0.0","","27","","16","","","","92.34","","","","","","NA"
"-109.47","49.90","MAPLE CREEK","4024919","2020-08-21 11:00","2020","08","21","11:00","21.5","","11.2","","52","","0.0","","28","","12","","","","92.35","","","","","","NA"
"-109.47","49.90","MAPLE CREEK","4024919","2020-08-21 12:00","2020","08","21","12:00","23.8","","9.8","","41","","0.0","","27","","13","","","","92.33","","25","","","","NA"
"-109.47","49.90","MAPLE CREEK","4024919","2020-08-21 13:00","2020","08","21","13:00","26.2","","8.9","","34","","0.0","","28","","12","","","","92.31","","27","","","","NA"
"-109.47","49.90","MAPLE CREEK","4024919","2020-08-21 14:00","2020","08","21","14:00","26.9","","7.7","","30","","0.0","","31","","12","","","","92.27","","27","","","","NA"
"-109.47","49.90","MAPLE CREEK","4024919","2020-08-21 15:00","2020","08","21","15:00","28.1","","6.5","","26","","0.0","","27","","13","","","","92.22","","28","","","","NA"
"-109.47","49.90","MAPLE CREEK","4024919","2020-08-21 16:00","2020","08","21","16:00","28.7","","7.8","","27","","0.0","","29","","12","","","","92.19","","29","","","","NA"
"-109.47","49.90","MAPLE CREEK","4024919","2020-08-21 17:00","2020","08","21","17:00","28.7","","8.1","","27","","0.0","","34","","9","","","","92.14","","29","","","","NA"
"-109.47","49.90","MAPLE CREEK","4024919","2020-08-21 18:00","2020","08","21","18:00","29.2","","7.7","","26","","0.0","","31","","11","","","","92.12","","29","","","","NA"
"-109.47","49.90","MAPLE CREEK","4024919","2020-08-21 19:00","2020","08","21","19:00","28.7","","7.4","","26","","0.0","","32","","10","","","","92.09","","29","","","","NA"
"-109.47","49.90","MAPLE CREEK","4024919","2020-08-21 20:00","2020","08","21","20:00","26.5","","7.3","","30","","0.0","","36","","4","","","","92.09","","27","","","","NA"
"-109.47","49.90","MAPLE CREEK","4024919","2020-08-21 21:00","2020","08","21","21:00","21.4","","7.7","","41","","0.0","","9","","7","","","","92.11","","","","","","NA"
"-109.47","49.90","MAPLE CREEK","4024919","2020-08-21 22:00","2020","08","21","22:00","17.5","","7.5","","52","","0.0","","7","","1","","","","92.12","","","","","","NA"
"-109.47","49.90","MAPLE CREEK","4024919","2020-08-21 23:00","2020","08","21","23:00","16.6","","7.0","","53","","0.0","","9","","5","","","","92.10","","","","","","NA"
"-109.47","49.90","MAPLE CREEK","4024919","2020-08-22 00:00","2020","08","22","00:00","16.2","","7.5","","56","","0.0","","7","","3","","","","92.05","","","","","","NA"
"-109.47","49.90","MAPLE CREEK","4024919","2020-08-22 01:00","2020","08","22","01:00","14.7","","8.5","","66","","0.0","","35","","2","","","","92.02","","","","","","NA"
"-109.47","49.90","MAPLE CREEK","4024919","2020-08-22 02:00","2020","08","22","02:00","21.9","","6.3","","36","","0.0","","22","","12","","","","92.00","","","","","","NA"
"-109.47","49.90","MAPLE CREEK","4024919","2020-08-22 03:00","2020","08","22","03:00","23.5","","5.9","","32","","0.0","","18","","29","","","","91.96","","","","","","NA"
"-109.47","49.90","MAPLE CREEK","4024919","2020-08-22 04:00","2020","08","22","04:00","22.6","","6.1","","34","","0.0","","17","","29","","","","91.94","","","","","","NA"
"-109.47","49.90","MAPLE CREEK","4024919","2020-08-22 05:00","2020","08","22","05:00","22.1","","6.7","","37","","0.0","","18","","28","","","","91.92","","","","","","NA"
"-109.47","49.90","MAPLE CREEK","4024919","2020-08-22 06:00","2020","08","22","06:00","21.6","","5.9","","36","","0.0","","18","","23","","","","91.93","","","","","","NA"
"-109.47","49.90","MAPLE CREEK","4024919","2020-08-22 07:00","2020","08","22","07:00","22.0","","6.1","","35","","0.0","","19","","23","","","","91.91","","","","","","NA"
"-109.47","49.90","MAPLE CREEK","4024919","2020-08-22 08:00","2020","08","22","08:00","22.2","","6.2","","35","","0.0","","27","","9","","","","91.99","","","","","","NA"
"-109.47","49.90","MAPLE CREEK","4024919","2020-08-22 09:00","2020","08","22","09:00","24.0","","7.6","","35","","0.0","","23","","5","","","","91.99","","","","","","NA"
"-109.47","49.90","MAPLE CREEK","4024919","2020-08-22 10:00","2020","08","22","10:00","27.6","","6.1","","26","","0.0","","26","","17","","","","92.02","","27","","","","NA"
"-109.47","49.90","MAPLE CREEK","4024919","2020-08-22 11:00","2020","08","22","11:00","29.6","","6.2","","23","","0.0","","27","","16","","","","92.04","","29","","","","NA"
"-109.47","49.90","MAPLE CREEK","4024919","2020-08-22 12:00","2020","08","22","12:00","30.3","","6.8","","23","","0.0","","28","","25","","","","92.07","","30","","","","NA"
"-109.47","49.90","MAPLE CREEK","4024919","2020-08-22 13:00","2020","08","22","13:00","29.5","","6.8","","24","","0.0","","28","","28","","","","92.12","","29","","","","NA"
"-109.47","49.90","MAPLE CREEK","4024919","2020-08-22 14:00","2020","08","22","14:00","30.0","","2.9","","18","","0.0","","27","","32","","","","92.16","","29","","","","NA"
"-109.47","49.90","MAPLE CREEK","4024919","2020-08-22 15:00","2020","08","22","15:00","28.9","","3.9","","20","","0.0","","29","","27","","","","92.24","","28","","","","NA"
"-109.47","49.90","MAPLE CREEK","4024919","2020-08-22 16:00","2020","08","22","16:00","28.7","","3.5","","20","","0.0","","30","","20","","","","92.30","","28","","","","NA"
"-109.47","49.90","MAPLE CREEK","4024919","2020-08-22 17:00","2020","08","22","17:00","27.8","","2.7","","20","","0.0","","31","","25","","","","92.39","","26","","","","NA"
"-109.47","49.90","MAPLE CREEK","4024919","2020-08-22 18:00","2020","08","22","18:00","27.0","","2.7","","21","","0.0","","34","","25","","","","92.43","","26","","","","NA"
"-109.47","49.90","MAPLE CREEK","4024919","2020-08-22 19:00","2020","08","22","19:00","25.9","","3.0","","23","","0.0","","35","","23","","","","92.46","","25","","","","NA"
"-109.47","49.90","MAPLE CREEK","4024919","2020-08-22 20:00","2020","08","22","20:00","23.2","","3.2","","27","","0.0","","1","","19","","","","92.53","","","","","","NA"
"-109.47","49.90","MAPLE CREEK","4024919","2020-08-22 21:00","2020","08","22","21:00","18.2","","3.3","","37","","0.0","","2","","14","","","","92.63","","","","","","NA"
"-109.47","49.90","MAPLE CREEK","4024919","2020-08-22 22:00","2020","08","22","22:00","15.1","","3.7","","46","","0.0","","4","","8","","","","92.68","","","","","","NA"
"-109.47","49.90","MAPLE CREEK","4024919","2020-08-22 23:00","2020","08","22","23:00","12.0","","3.5","","56","","0.0","","6","","5","","","","92.71","","","","","","NA"
"-109.47","49.90","MAPLE CREEK","4024919","2020-08-23 00:00","2020","08","23","00:00","10.9","","4.2","","63","","0.0","","10","","3","","","","92.71","","","","","","NA"
"-109.47","49.90","MAPLE CREEK","4024919","2020-08-23 01:00","2020","08","23","01:00","11.3","","5.2","","66","","0.0","","11","","3","","","","92.75","","","","","","NA"
"-109.47","49.90","MAPLE CREEK","4024919","2020-08-23 02:00","2020","08","23","02:00","8.4","","3.2","","70","","0.0","","2","","3","","","","92.75","","","","","","NA"
"-109.47","49.90","MAPLE CREEK","4024919","2020-08-23 03:00","2020","08","23","03:00","7.9","","4.1","","77","","0.0","","26","","2","","","","92.79","","","","","","NA"
"-109.47","49.90","MAPLE CREEK","4024919","2020-08-23 04:00","2020","08","23","04:00","5.2","","1.6","","78","","0.0","","5","","5","","","","92.79","","","","","","NA"
"-109.47","49.90","MAPLE CREEK","4024919","2020-08-23 05:00","2020","08","23","05:00","5.4","","2.8","","83","","0.0","","19","","3","","","","92.80","","","","","","NA"
"-109.47","49.90","MAPLE CREEK","4024919","2020-08-23 06:00","2020","08","23","06:00","4.8","","0.7","","75","","0.0","","8","","1","","","","92.81","","","","","","NA"
"-109.47","49.90","MAPLE CREEK","4024919","2020-08-23 07:00","2020","08","23","07:00","6.1","","1.5","","72","","0.0","","3","","2","","","","92.80","","","","","","NA"
"-109.47","49.90","MAPLE CREEK","4024919","2020-08-23 08:00","2020","08","23","08:00","13.5","","7.3","","66","","0.0","","","","0","","","","92.79","","","","","","NA"
"-109.47","49.90","MAPLE CREEK","4024919","2020-08-23 09:00","2020","08","23","09:00","20.4","","5.9","","39","","0.0","","17","","17","","","","92.78","","","","","","NA"
"-109.47","49.90","MAPLE CREEK","4024919","2020-08-23 10:00","2020","08","23","10:00","22.2","","5.7","","34","","0.0","","19","","20","","","","92.77","","","","","","NA"
"-109.47","49.90","MAPLE CREEK","4024919","2020-08-23 11:00","2020","08","23","11:00","24.3","","4.3","","27","","0.0","","17","","22","","","","92.70","","","","","","NA"
"-109.47","49.90","MAPLE CREEK","4024919","2020-08-23 12:00","2020","08","23","12:00","27.1","","3.8","","22","","0.0","","17","","18","","","","92.64","","26","","","","NA"
"-109.47","49.90","MAPLE CREEK","4024919","2020-08-23 13:00","2020","08","23","13:00","27.9","","3.7","","21","","0.0","","20","","15","","","","92.57","","27","","","","NA"
"-109.47","49.90","MAPLE CREEK","4024919","2020-08-23 14:00","2020","08","23","14:00","28.8","","4.3","","21","","0.0","","20","","16","","","","92.52","","28","","","","NA"
"-109.47","49.90","MAPLE CREEK","4024919","2020-08-23 15:00","2020","08","23","15:00","29.2","","3.3","","19","","0.0","","19","","17","","","","92.47","","28","","","","NA"
"-109.47","49.90","MAPLE CREEK","4024919","2020-08-23 16:00","2020","08","23","16:00","29.6","","4.0","","20","","0.0","","21","","10","","","","92.43","","29","","","","NA"
"-109.47","49.90","MAPLE CREEK","4024919","2020-08-23 17:00","2020","08","23","17:00","30.0","","2.4","","17","","0.0","","30","","8","","","","92.39","","28","","","","NA"
"-109.47","49.90","MAPLE CREEK","4024919","2020-08-23 18:00","2020","08","23","18:00","30.1","","1.8","","16","","0.0","","26","","7","","","","92.37","","28","","","","NA"
"-109.47","49.90","MAPLE CREEK","4024919","2020-08-23 19:00","2020","08","23","19:00","29.3","","1.8","","17","","0.0","","24","","9","","","","92.37","","28","","","","NA"
"-109.47","49.90","MAPLE CREEK","4024919","2020-08-23 20:00","2020","08","23","20:00","26.1","","4.7","","25","","0.0","","32","","10","","","","92.41","","25","","","","NA"
"-109.47","49.90","MAPLE CREEK","4024919","2020-08-23 21:00","2020","08","23","21:00","22.9","","2.3","","26","","0.0","","33","","9","","","","92.45","","","","","","NA"
"-109.47","49.90","MAPLE CREEK","4024919","2020-08-23 22:00","2020","08","23","22:00","16.5","","3.4","","42","","0.0","","18","","10","","","","92.50","","","","","","NA"
"-109.47","49.90","MAPLE CREEK","4024919","2020-08-23 23:00","2020","08","23","23:00","14.4","","4.1","","50","","0.0","","17","","5","","","","92.50","","","","","","NA"
"-109.47","49.90","MAPLE CREEK","4024919","2020-08-24 00:00","2020","08","24","00:00","12.8","","3.5","","53","","0.0","","20","","10","","","","92.53","","","","","","NA"
"-109.47","49.90","MAPLE CREEK","4024919","2020-08-24 01:00","2020","08","24","01:00","12.4","","3.2","","53","","0.0","","20","","5","","","","92.51","","","","","","NA"
"-109.47","49.90","MAPLE CREEK","4024919","2020-08-24 02:00","2020","08","24","02:00","11.5","","2.6","","55","","0.0","","22","","3","","","","92.49","","","","","","NA"
"-109.47","49.90","MAPLE CREEK","4024919","2020-08-24 03:00","2020","08","24","03:00","10.6","","2.9","","59","","0.0","","20","","3","","","","92.50","","","","","","NA"
"-109.47","49.90","MAPLE CREEK","4024919","2020-08-24 04:00","2020","08","24","04:00","8.3","","1.4","","62","","0.0","","19","","2","","","","92.49","","","","","","NA"
"-109.47","49.90","MAPLE CREEK","4024919","2020-08-24 05:00","2020","08","24","05:00","6.8","","0.9","","66","","0.0","","0","","1","","","","92.50","","","","","","NA"
"-109.47","49.90","MAPLE CREEK","4024919","2020-08-24 06:00","2020","08","24","06:00","6.8","","1.5","","69","","0.0","","0","","1","","","","92.52","","","","","","NA"
"-109.47","49.90","MAPLE CREEK","4024919","2020-08-24 07:00","2020","08","24","07:00","6.4","","1.7","","72","","0.0","","","","0","","","","92.52","","","","","","NA"
"-109.47","49.90","MAPLE CREEK","4024919","2020-08-24 08:00","2020","08","24","08:00","11.0","","3.2","","58","","0.0","","0","","1","","","","92.52","","","","","","NA"
"-109.47","49.90","MAPLE CREEK","4024919","2020-08-24 09:00","2020","08","24","09:00","15.4","","3.3","","44","","0.0","","0","","1","","","","92.49","","","","","","NA"
"-109.47","49.90","MAPLE CREEK","4024919","2020-08-24 10:00","2020","08","24","10:00","19.3","","3.6","","35","","0.0","","7","","6","","","","92.47","","","","","","NA"
"-109.47","49.90","MAPLE CREEK","4024919","2020-08-24 11:00","2020","08","24","11:00","24.5","","4.9","","28","","0.0","","7","","16","","","","92.39","","","","","","NA"
"-109.47","49.90","MAPLE CREEK","4024919","2020-08-24 12:00","2020","08","24","12:00","28.6","","4.7","","22","","0.0","","7","","17","","","","92.30","","28","","","","NA"
"-109.47","49.90","MAPLE CREEK","4024919","2020-08-24 13:00","2020","08","24","13:00","32.3","","5.3","","18","","0.0","","11","","13","","","","92.19","","32","","","","NA"
"-109.47","49.90","MAPLE CREEK","4024919","2020-08-24 14:00","2020","08","24","14:00","32.9","","5.6","","18","","0.0","","18","","11","","","","92.13","","32","","","","NA"
"-109.47","49.90","MAPLE CREEK","4024919","2020-08-24 15:00","2020","08","24","15:00","33.0","","3.1","","15","","0.0","","18","","17","","","","92.07","","32","","","","NA"
"-109.47","49.90","MAPLE CREEK","4024919","2020-08-24 16:00","2020","08","24","16:00","33.0","","1.8","","14","","0.0","","21","","16","","","","92.01","","31","","","","NA"
"-109.47","49.90","MAPLE CREEK","4024919","2020-08-24 17:00","2020","08","24","17:00","33.0","","3.4","","15","","0.0","","21","","12","","","","91.97","","32","","","","NA"
"-109.47","49.90","MAPLE CREEK","4024919","2020-08-24 18:00","2020","08","24","18:00","32.6","","4.5","","17","","0.0","","22","","10","","","","91.93","","32","","","","NA"
"-109.47","49.90","MAPLE CREEK","4024919","2020-08-24 19:00","2020","08","24","19:00","30.4","","5.8","","21","","0.0","","17","","4","","","","91.89","","30","","","","NA"
"-109.47","49.90","MAPLE CREEK","4024919","2020-08-24 20:00","2020","08","24","20:00","26.6","","5.3","","25","","0.0","","17","","8","","","","91.88","","26","","","","NA"
"-109.47","49.90","MAPLE CREEK","4024919","2020-08-24 21:00","2020","08","24","21:00","26.1","","6.0","","28","","0.0","","18","","13","","","","91.87","","26","","","","NA"
"-109.47","49.90","MAPLE CREEK","4024919","2020-08-24 22:00","2020","08","24","22:00","30.8","","4.8","","19","","0.0","","19","","28","","","","91.84","","30","","","","NA"
"-109.47","49.90","MAPLE CREEK","4024919","2020-08-24 23:00","2020","08","24","23:00","28.4","","6.0","","24","","0.0","","17","","35","","","","91.92","","28","","","","NA"
"-109.47","49.90","MAPLE CREEK","4024919","2020-08-25 00:00","2020","08","25","00:00","29.2","","3.7","","20","","0.0","","20","","21","","","","91.93","","28","","","","NA"
"-109.47","49.90","MAPLE CREEK","4024919","2020-08-25 01:00","2020","08","25","01:00","27.2","","4.3","","23","","0.0","","21","","27","","","","92.01","","26","","","","NA"
"-109.47","49.90","MAPLE CREEK","4024919","2020-08-25 02:00","2020","08","25","02:00","25.3","","5.3","","28","","0.0","","26","","12","","","","92.04","","25","","","","NA"
"-109.47","49.90","MAPLE CREEK","4024919","2020-08-25 03:00","2020","08","25","03:00","23.8","","2.1","","24","","0.0","","26","","14","","","","92.04","","","","","","NA"
"-109.47","49.90","MAPLE CREEK","4024919","2020-08-25 04:00","2020","08","25","04:00","18.2","","6.4","","46","","0.0","","24","","16","","","","92.15","","","","","","NA"
"-109.47","49.90","MAPLE CREEK","4024919","2020-08-25 05:00","2020","08","25","05:00","17.5","","8.9","","57","","0.0","","26","","18","","","","92.23","","","","","","NA"
"-109.47","49.90","MAPLE CREEK","4024919","2020-08-25 06:00","2020","08","25","06:00","16.6","","8.9","","60","","0.0","","25","","16","","","","92.30","","","","","","NA"
"-109.47","49.90","MAPLE CREEK","4024919","2020-08-25 07:00","2020","08","25","07:00","15.1","","9.4","","68","","0.0","","25","","13","","","","92.39","","","","","","NA"
"-109.47","49.90","MAPLE CREEK","4024919","2020-08-25 08:00","2020","08","25","08:00","15.5","","9.9","","69","","0.0","","28","","17","","","","92.41","","","","","","NA"
"-109.47","49.90","MAPLE CREEK","4024919","2020-08-25 09:00","2020","08","25","09:00","16.4","","9.9","","66","","0.0","","28","","21","","","","92.47","","","","","","NA"
"-109.47","49.90","MAPLE CREEK","4024919","2020-08-25 10:00","2020","08","25","10:00","18.5","","10.2","","58","","0.0","","27","","17","","","","92.49","","","","","","NA"
"-109.47","49.90","MAPLE CREEK","4024919","2020-08-25 11:00","2020","08","25","11:00","20.6","","10.3","","52","","0.0","","28","","18","","","","92.49","","","","","","NA"
"-109.47","49.90","MAPLE CREEK","4024919","2020-08-25 12:00","2020","08","25","12:00","22.9","","8.9","","41","","0.0","","32","","9","","","","92.44","","","","","","NA"
"-109.47","49.90","MAPLE CREEK","4024919","2020-08-25 13:00","2020","08","25","13:00","24.6","","8.6","","36","","0.0","","32","","6","","","","92.39","","25","","","","NA"
"-109.47","49.90","MAPLE CREEK","4024919","2020-08-25 14:00","2020","08","25","14:00","25.0","","6.7","","31","","0.0","","30","","5","","","","92.33","","25","","","","NA"
"-109.47","49.90","MAPLE CREEK","4024919","2020-08-25 15:00","2020","08","25","15:00","26.7","","6.3","","27","","0.0","","1","","7","","","","92.28","","26","","","","NA"
"-109.47","49.90","MAPLE CREEK","4024919","2020-08-25 16:00","2020","08","25","16:00","26.6","","5.3","","25","","0.0","","33","","11","","","","92.21","","26","","","","NA"
"-109.47","49.90","MAPLE CREEK","4024919","2020-08-25 17:00","2020","08","25","17:00","28.2","","6.0","","24","","0.0","","30","","5","","","","92.18","","28","","","","NA"
"-109.47","49.90","MAPLE CREEK","4024919","2020-08-25 18:00","2020","08","25","18:00","27.4","","5.3","","24","","0.0","","33","","11","","","","92.15","","27","","","","NA"
"-109.47","49.90","MAPLE CREEK","4024919","2020-08-25 19:00","2020","08","25","19:00","26.8","","5.8","","26","","0.0","","35","","4","","","","92.14","","26","","","","NA"
"-109.47","49.90","MAPLE CREEK","4024919","2020-08-25 20:00","2020","08","25","20:00","24.0","","5.3","","30","","0.0","","5","","10","","","","92.14","","","","","","NA"
"-109.47","49.90","MAPLE CREEK","4024919","2020-08-25 21:00","2020","08","25","21:00","23.3","","5.3","","31","","0.0","","8","","9","","","","92.13","","","","","","NA"
"-109.47","49.90","MAPLE CREEK","4024919","2020-08-25 22:00","2020","08","25","22:00","20.7","","5.4","","37","","0.0","","4","","11","","","","92.20","","","","","","NA"
"-109.47","49.90","MAPLE CREEK","4024919","2020-08-25 23:00","2020","08","25","23:00","20.8","","4.8","","35","","0.0","","6","","22","","","","92.11","","","","","","NA"
"-109.47","49.90","MAPLE CREEK","4024919","2020-08-26 00:00","2020","08","26","00:00","18.7","","5.1","","41","","0.0","","7","","22","","","","92.13","","","","","","NA"
"-109.47","49.90","MAPLE CREEK","4024919","2020-08-26 01:00","2020","08","26","01:00","17.5","","6.1","","47","","0.0","","6","","24","","","","92.11","","","","","","NA"
"-109.47","49.90","MAPLE CREEK","4024919","2020-08-26 02:00","2020","08","26","02:00","16.9","","6.4","","50","","0.0","","6","","23","","","","92.11","","","","","","NA"
"-109.47","49.90","MAPLE CREEK","4024919","2020-08-26 03:00","2020","08","26","03:00","16.2","","6.6","","53","","0.0","","8","","25","","","","92.08","","","","","","NA"
"-109.47","49.90","MAPLE CREEK","4024919","2020-08-26 04:00","2020","08","26","04:00","15.0","","6.8","","58","","0.0","","4","","25","","","","92.12","","","","","","NA"
"-109.47","49.90","MAPLE CREEK","4024919","2020-08-26 05:00","2020","08","26","05:00","14.7","","7.1","","60","","0.0","","5","","18","","","","92.20","","","","","","NA"
"-109.47","49.90","MAPLE CREEK","4024919","2020-08-26 06:00","2020","08","26","06:00","12.9","","6.6","","66","","0.0","","7","","8","","","","92.28","","","","","","NA"
"-109.47","49.90","MAPLE CREEK","4024919","2020-08-26 07:00","2020","08","26","07:00","12.1","","6.6","","69","","0.0","","13","","7","","","","92.31","","","","","","NA"
"-109.47","49.90","MAPLE CREEK","4024919","2020-08-26 08:00","2020","08","26","08:00","14.0","","7.5","","65","","0.0","","24","","5","","","","92.35","","","","","","NA"
"-109.47","49.90","MAPLE CREEK","4024919","2020-08-26 09:00","2020","08","26","09:00","17.0","","8.9","","59","","0.0","","36","","10","","","","92.35","","","","","","NA"
"-109.47","49.90","MAPLE CREEK","4024919","2020-08-26 10:00","2020","08","26","10:00","20.1","","9.9","","52","","0.0","","7","","3","","","","92.35","","","","","","NA"
"-109.47","49.90","MAPLE CREEK","4024919","2020-08-26 11:00","2020","08","26","11:00","23.3","","8.2","","38","","0.0","","6","","13","","","","92.35","","","","","","NA"
"-109.47","49.90","MAPLE CREEK","4024919","2020-08-26 12:00","2020","08","26","12:00","24.0","","6.4","","32","","0.0","","5","","14","","","","92.33","","","","","","NA"
"-109.47","49.90","MAPLE CREEK","4024919","2020-08-26 13:00","2020","08","26","13:00","24.6","","6.3","","31","","0.0","","1","","12","","","","92.33","","","","","","NA"
"-109.47","49.90","MAPLE CREEK","4024919","2020-08-26 14:00","2020","08","26","14:00","25.8","","6.4","","29","","0.0","","5","","11","","","","92.31","","26","","","","NA"
"-109.47","49.90","MAPLE CREEK","4024919","2020-08-26 15:00","2020","08","26","15:00","25.3","","6.7","","30","","0.0","","3","","11","","","","92.30","","25","","","","NA"
"-109.47","49.90","MAPLE CREEK","4024919","2020-08-26 16:00","2020","08","26","16:00","26.4","","6.5","","28","","0.0","","1","","6","","","","92.28","","26","","","","NA"
"-109.47","49.90","MAPLE CREEK","4024919","2020-08-26 17:00","2020","08","26","17:00","26.4","","6.5","","28","","0.0","","36","","12","","","","92.26","","26","","","","NA"
"-109.47","49.90","MAPLE CREEK","4024919","2020-08-26 18:00","2020","08","26","18:00","26.0","","6.3","","28","","0.0","","3","","8","","","","92.26","","26","","","","NA"
"-109.47","49.90","MAPLE CREEK","4024919","2020-08-26 19:00","2020","08","26","19:00","25.4","","6.8","","30","","0.0","","4","","13","","","","92.25","","25","","","","NA"
"-109.47","49.90","MAPLE CREEK","4024919","2020-08-26 20:00","2020","08","26","20:00","21.8","","7.3","","39","","0.0","","5","","12","","","","92.28","","","","","","NA"
"-109.47","49.90","MAPLE CREEK","4024919","2020-08-26 21:00","2020","08","26","21:00","18.5","","7.9","","50","","0.0","","8","","7","","","","92.31","","","","","","NA"
"-109.47","49.90","MAPLE CREEK","4024919","2020-08-26 22:00","2020","08","26","22:00","15.7","","7.3","","57","","0.0","","7","","7","","","","92.34","","","","","","NA"
"-109.47","49.90","MAPLE CREEK","4024919","2020-08-26 23:00","2020","08","26","23:00","15.2","","7.8","","62","","0.0","","8","","7","","","","92.32","","","","","","NA"
"-109.47","49.90","MAPLE CREEK","4024919","2020-08-27 00:00","2020","08","27","00:00","15.2","","8.0","","62","","0.0","","6","","13","","","","92.29","","","","","","NA"
"-109.47","49.90","MAPLE CREEK","4024919","2020-08-27 01:00","2020","08","27","01:00","14.1","","7.7","","66","","0.0","","6","","7","","","","92.26","","","","","","NA"
"-109.47","49.90","MAPLE CREEK","4024919","2020-08-27 02:00","2020","08","27","02:00","15.8","","8.4","","62","","0.0","","19","","5","","","","92.23","","","","","","NA"
"-109.47","49.90","MAPLE CREEK","4024919","2020-08-27 03:00","2020","08","27","03:00","17.4","","8.6","","56","","0.0","","18","","13","","","","92.23","","","","","","NA"
"-109.47","49.90","MAPLE CREEK","4024919","2020-08-27 04:00","2020","08","27","04:00","17.1","","8.1","","55","","0.0","","18","","16","","","","92.20","","","","","","NA"
"-109.47","49.90","MAPLE CREEK","4024919","2020-08-27 05:00","2020","08","27","05:00","17.0","","7.8","","55","","0.0","","17","","18","","","","92.16","","","","","","NA"
"-109.47","49.90","MAPLE CREEK","4024919","2020-08-27 06:00","2020","08","27","06:00","15.6","","7.0","","56","","0.0","","36","","4","","","","92.13","","","","","","NA"
"-109.47","49.90","MAPLE CREEK","4024919","2020-08-27 07:00","2020","08","27","07:00","15.4","","7.2","","58","","0.0","","32","","4","","","","92.12","","","","","","NA"
"-109.47","49.90","MAPLE CREEK","4024919","2020-08-27 08:00","2020","08","27","08:00","19.3","","7.7","","47","","0.0","","22","","11","","","","92.12","","","","","","NA"
"-109.47","49.90","MAPLE CREEK","4024919","2020-08-27 09:00","2020","08","27","09:00","20.9","","8.1","","44","","0.0","","19","","7","","","","92.09","","","","","","NA"
"-109.47","49.90","MAPLE CREEK","4024919","2020-08-27 10:00","2020","08","27","10:00","23.0","","7.1","","36","","0.0","","27","","11","","","","92.10","","","","","","NA"
"-109.47","49.90","MAPLE CREEK","4024919","2020-08-27 11:00","2020","08","27","11:00","25.1","","6.6","","30","","0.0","","27","","14","","","","92.11","","25","","","","NA"
"-109.47","49.90","MAPLE CREEK","4024919","2020-08-27 12:00","2020","08","27","12:00","26.1","","5.4","","27","","0.0","","29","","12","","","","92.09","","26","","","","NA"
"-109.47","49.90","MAPLE CREEK","4024919","2020-08-27 13:00","2020","08","27","13:00","27.6","","6.0","","25","","0.0","","31","","17","","","","92.08","","27","","","","NA"
"-109.47","49.90","MAPLE CREEK","4024919","2020-08-27 14:00","2020","08","27","14:00","25.9","","5.2","","26","","0.0","","29","","22","","","","92.10","","25","","","","NA"
"-109.47","49.90","MAPLE CREEK","4024919","2020-08-27 15:00","2020","08","27","15:00","26.8","","5.4","","26","","0.0","","30","","19","","","","92.12","","26","","","","NA"
"-109.47","49.90","MAPLE CREEK","4024919","2020-08-27 16:00","2020","08","27","16:00","23.0","","7.8","","38","","0.0","","36","","40","","","","92.29","","","","","","NA"
"-109.47","49.90","MAPLE CREEK","4024919","2020-08-27 17:00","2020","08","27","17:00","21.9","","6.1","","36","","0.0","","35","","33","","","","92.45","","","","","","NA"
"-109.47","49.90","MAPLE CREEK","4024919","2020-08-27 18:00","2020","08","27","18:00","21.0","","6.4","","38","","0.0","","34","","30","","","","92.54","","","","","","NA"
"-109.47","49.90","MAPLE CREEK","4024919","2020-08-27 19:00","2020","08","27","19:00","19.3","","6.2","","42","","0.0","","35","","28","","","","92.60","","","","","","NA"
"-109.47","49.90","MAPLE CREEK","4024919","2020-08-27 20:00","2020","08","27","20:00","17.3","","4.9","","44","","0.0","","35","","16","","","","92.64","","","","","","NA"
"-109.47","49.90","MAPLE CREEK","4024919","2020-08-27 21:00","2020","08","27","21:00","14.0","","4.6","","53","","0.0","","35","","7","","","","92.76","","","","","","NA"
"-109.47","49.90","MAPLE CREEK","4024919","2020-08-27 22:00","2020","08","27","22:00","10.9","","6.2","","73","","0.0","","0","","1","","","","92.81","","","","","","NA"
"-109.47","49.90","MAPLE CREEK","4024919","2020-08-27 23:00","2020","08","27","23:00","8.6","","3.1","","68","","0.0","","19","","1","","","","92.83","","","","","","NA"
"-109.47","49.90","MAPLE CREEK","4024919","2020-08-28 00:00","2020","08","28","00:00","7.9","","3.6","","74","","0.0","","19","","5","","","","92.88","","","","","","NA"
"-109.47","49.90","MAPLE CREEK","4024919","2020-08-28 01:00","2020","08","28","01:00","7.8","","4.4","","79","","0.0","","19","","7","","","","92.93","","","","","","NA"
"-109.47","49.90","MAPLE CREEK","4024919","2020-08-28 02:00","2020","08","28","02:00","7.1","","3.8","","79","","0.0","","18","","4","","","","92.97","","","","","","NA"
"-109.47","49.90","MAPLE CREEK","4024919","2020-08-28 03:00","2020","08","28","03:00","6.9","","3.5","","79","","0.0","","20","","5","","","","92.99","","","","","","NA"
"-109.47","49.90","MAPLE CREEK","4024919","2020-08-28 04:00","2020","08","28","04:00","6.3","","3.0","","80","","0.0","","21","","5","","","","93.02","","","","","","NA"
"-109.47","49.90","MAPLE CREEK","4024919","2020-08-28 05:00","2020","08","28","05:00","6.5","","2.9","","78","","0.0","","0","","1","","","","93.06","","","","","","NA"
"-109.47","49.90","MAPLE CREEK","4024919","2020-08-28 06:00","2020","08","28","06:00","7.1","","3.9","","80","","0.0","","20","","9","","","","93.09","","","","","","NA"
"-109.47","49.90","MAPLE CREEK","4024919","2020-08-28 07:00","2020","08","28","07:00","7.8","","4.3","","78","","0.0","","20","","5","","","","93.12","","","","","","NA"
"-109.47","49.90","MAPLE CREEK","4024919","2020-08-28 08:00","2020","08","28","08:00","11.3","","5.8","","69","","0.0","","20","","7","","","","93.11","","","","","","NA"
"-109.47","49.90","MAPLE CREEK","4024919","2020-08-28 09:00","2020","08","28","09:00","16.0","","6.3","","52","","0.0","","19","","1","","","","93.09","","","","","","NA"
"-109.47","49.90","MAPLE CREEK","4024919","2020-08-28 10:00","2020","08","28","10:00","19.1","","3.5","","35","","0.0","","20","","5","","","","93.05","","","","","","NA"
"-109.47","49.90","MAPLE CREEK","4024919","2020-08-28 11:00","2020","08","28","11:00","20.5","","1.7","","29","","0.0","","18","","4","","","","93.00","","","","","","NA"
"-109.47","49.90","MAPLE CREEK","4024919","2020-08-28 12:00","2020","08","28","12:00","22.5","","2.2","","26","","0.0","","3","","5","","","","92.93","","","","","","NA"
"-109.47","49.90","MAPLE CREEK","4024919","2020-08-28 13:00","2020","08","28","13:00","22.6","","2.4","","26","","0.0","","6","","6","","","","92.86","","","","","","NA"
"-109.47","49.90","MAPLE CREEK","4024919","2020-08-28 14:00","2020","08","28","14:00","24.4","","3.7","","26","","0.0","","17","","8","","","","92.77","","","","","","NA"
"-109.47","49.90","MAPLE CREEK","4024919","2020-08-28 15:00","2020","08","28","15:00","25.4","","3.3","","24","","0.0","","17","","7","","","","92.69","","","","","","NA"
"-109.47","49.90","MAPLE CREEK","4024919","2020-08-28 16:00","2020","08","28","16:00","25.9","","2.5","","22","","0.0","","25","","12","","","","92.64","","","","","","NA"
"-109.47","49.90","MAPLE CREEK","4024919","2020-08-28 17:00","2020","08","28","17:00","26.0","","2.6","","22","","0.0","","14","","6","","","","92.59","","25","","","","NA"
"-109.47","49.90","MAPLE CREEK","4024919","2020-08-28 18:00","2020","08","28","18:00","25.8","","1.9","","21","","0.0","","16","","13","","","","92.51","","","","","","NA"
"-109.47","49.90","MAPLE CREEK","4024919","2020-08-28 19:00","2020","08","28","19:00","25.4","","2.5","","23","","0.0","","17","","12","","","","92.48","","","","","","NA"
"-109.47","49.90","MAPLE CREEK","4024919","2020-08-28 20:00","2020","08","28","20:00","20.6","","1.0","","27","","0.0","","14","","12","","","","92.46","","","","","","NA"
"-109.47","49.90","MAPLE CREEK","4024919","2020-08-28 21:00","2020","08","28","21:00","17.1","","2.8","","38","","0.0","","16","","11","","","","92.45","","","","","","NA"
"-109.47","49.90","MAPLE CREEK","4024919","2020-08-28 22:00","2020","08","28","22:00","18.7","","1.8","","32","","0.0","","14","","14","","","","92.40","","","","","","NA"
"-109.47","49.90","MAPLE CREEK","4024919","2020-08-28 23:00","2020","08","28","23:00","20.8","","1.8","","28","","0.0","","16","","33","","","","92.27","","","","","","NA"
"-109.47","49.90","MAPLE CREEK","4024919","2020-08-29 00:00","2020","08","29","00:00","20.5","","1.3","","28","","0.0","","16","","32","","","","92.25","","","","","","NA"
"-109.47","49.90","MAPLE CREEK","4024919","2020-08-29 01:00","2020","08","29","01:00","19.5","","2.5","","32","","0.0","","17","","34","","","","92.20","","","","","","NA"
"-109.47","49.90","MAPLE CREEK","4024919","2020-08-29 02:00","2020","08","29","02:00","18.9","","2.4","","33","","0.0","","17","","32","","","","92.13","","","","","","NA"
"-109.47","49.90","MAPLE CREEK","4024919","2020-08-29 03:00","2020","08","29","03:00","17.8","","1.9","","34","","0.0","","17","","32","","","","92.04","","","","","","NA"
"-109.47","49.90","MAPLE CREEK","4024919","2020-08-29 04:00","2020","08","29","04:00","18.0","","1.8","","34","","0.0","","17","","30","","","","91.97","","","","","","NA"
"-109.47","49.90","MAPLE CREEK","4024919","2020-08-29 05:00","2020","08","29","05:00","18.3","","1.6","","33","","0.0","","18","","33","","","","91.90","","","","","","NA"
"-109.47","49.90","MAPLE CREEK","4024919","2020-08-29 06:00","2020","08","29","06:00","17.6","","1.8","","35","","0.0","","18","","31","","","","91.85","","","","","","NA"
"-109.47","49.90","MAPLE CREEK","4024919","2020-08-29 07:00","2020","08","29","07:00","16.7","","2.2","","38","","0.0","","18","","28","","","","91.82","","","","","","NA"
"-109.47","49.90","MAPLE CREEK","4024919","2020-08-29 08:00","2020","08","29","08:00","19.1","","2.6","","33","","0.0","","18","","26","","","","91.78","","","","","","NA"
"-109.47","49.90","MAPLE CREEK","4024919","2020-08-29 09:00","2020","08","29","09:00","23.2","","4.3","","29","","0.0","","19","","18","","","","91.76","","","","","","NA"
"-109.47","49.90","MAPLE CREEK","4024919","2020-08-29 10:00","2020","08","29","10:00","25.3","","2.4","","23","","0.0","","20","","24","","","","91.70","","","","","","NA"
"-109.47","49.90","MAPLE CREEK","4024919","2020-08-29 11:00","2020","08","29","11:00","28.3","","2.7","","19","","0.0","","22","","20","","","","91.66","","27","","","","NA"
"-109.47","49.90","MAPLE CREEK","4024919","2020-08-29 12:00","2020","08","29","12:00","30.1","","-1.2","","13","","0.0","","27","","20","","","","91.61","","28","","","","NA"
"-109.47","49.90","MAPLE CREEK","4024919","2020-08-29 13:00","2020","08","29","13:00","27.7","","1.1","","18","","0.0","","29","","34","","","","91.62","","26","","","","NA"
"-109.47","49.90","MAPLE CREEK","4024919","2020-08-29 14:00","2020","08","29","14:00","24.2","","5.1","","29","","0.0","","30","","30","","","","91.71","","","","","","NA"
"-109.47","49.90","MAPLE CREEK","4024919","2020-08-29 15:00","2020","08","29","15:00","23.1","","6.6","","35","","0.0","","29","","25","","","","91.78","","","","","","NA"
"-109.47","49.90","MAPLE CREEK","4024919","2020-08-29 16:00","2020","08","29","16:00","22.8","","5.2","","32","","0.0","","31","","21","","","","91.81","","","","","","NA"
"-109.47","49.90","MAPLE CREEK","4024919","2020-08-29 17:00","2020","08","29","17:00","22.1","","5.0","","33","","0.0","","33","","22","","","","91.83","","","","","","NA"
"-109.47","49.90","MAPLE CREEK","4024919","2020-08-29 18:00","2020","08","29","18:00","19.9","","4.6","","37","","0.0","","33","","22","","","","91.87","","","","","","NA"
"-109.47","49.90","MAPLE CREEK","4024919","2020-08-29 19:00","2020","08","29","19:00","17.8","","4.3","","41","","0.0","","35","","25","","","","91.91","","","","","","NA"
"-109.47","49.90","MAPLE CREEK","4024919","2020-08-29 20:00","2020","08","29","20:00","16.8","","3.9","","42","","0.0","","35","","16","","","","91.95","","","","","","NA"
"-109.47","49.90","MAPLE CREEK","4024919","2020-08-29 21:00","2020","08","29","21:00","15.6","","3.0","","43","","0.0","","33","","17","","","","91.92","","","","","","NA"
"-109.47","49.90","MAPLE CREEK","4024919","2020-08-29 22:00","2020","08","29","22:00","14.5","","1.9","","42","","0.0","","34","","13","","","","92.10","","","","","","NA"
"-109.47","49.90","MAPLE CREEK","4024919","2020-08-29 23:00","2020","08","29","23:00","13.7","","1.8","","44","","0.0","","27","","7","","","","92.13","","","","","","NA"
"-109.47","49.90","MAPLE CREEK","4024919","2020-08-30 00:00","2020","08","30","00:00","12.1","","4.2","","59","","0.0","","1","","7","","","","92.11","","","","","","NA"
"-109.47","49.90","MAPLE CREEK","4024919","2020-08-30 01:00","2020","08","30","01:00","11.5","","5.2","","65","","0.0","","21","","7","","","","92.18","","","","","","NA"
"-109.47","49.90","MAPLE CREEK","4024919","2020-08-30 02:00","2020","08","30","02:00","12.0","","3.7","","57","","0.0","","24","","6","","","","92.13","","","","","","NA"
"-109.47","49.90","MAPLE CREEK","4024919","2020-08-30 03:00","2020","08","30","03:00","11.4","","3.7","","59","","0.0","","22","","8","","","","92.17","","","","","","NA"
"-109.47","49.90","MAPLE CREEK","4024919","2020-08-30 04:00","2020","08","30","04:00","11.2","","2.9","","56","","0.0","","24","","3","","","","92.14","","","","","","NA"
"-109.47","49.90","MAPLE CREEK","4024919","2020-08-30 05:00","2020","08","30","05:00","9.6","","1.6","","58","","0.0","","27","","6","","","","92.22","","","","","","NA"
"-109.47","49.90","MAPLE CREEK","4024919","2020-08-30 06:00","2020","08","30","06:00","7.7","","2.0","","67","","0.0","","24","","11","","","","92.27","","","","","","NA"
"-109.47","49.90","MAPLE CREEK","4024919","2020-08-30 07:00","2020","08","30","07:00","7.2","","1.9","","69","","0.0","","24","","13","","","","92.31","","","","","","NA"
"-109.47","49.90","MAPLE CREEK","4024919","2020-08-30 08:00","2020","08","30","08:00","9.9","","3.6","","65","","0.0","","25","","16","","","","92.36","","","","","","NA"
"-109.47","49.90","MAPLE CREEK","4024919","2020-08-30 09:00","2020","08","30","09:00","11.3","","2.2","","53","","0.0","","30","","20","","","","92.42","","","","","","NA"
"-109.47","49.90","MAPLE CREEK","4024919","2020-08-30 10:00","2020","08","30","10:00","12.1","","2.4","","52","","0.0","","29","","17","","","","92.45","","","","","","NA"
"-109.47","49.90","MAPLE CREEK","4024919","2020-08-30 11:00","2020","08","30","11:00","15.1","","0.4","","37","","0.0","","29","","27","","","","92.42","","","","","","NA"
"-109.47","49.90","MAPLE CREEK","4024919","2020-08-30 12:00","2020","08","30","12:00","16.9","","-0.6","","30","","0.0","","31","","27","","","","92.40","","","","","","NA"
"-109.47","49.90","MAPLE CREEK","4024919","2020-08-30 13:00","2020","08","30","13:00","17.1","","-0.9","","29","","0.0","","29","","29","","","","92.38","","","","","","NA"
"-109.47","49.90","MAPLE CREEK","4024919","2020-08-30 14:00","2020","08","30","14:00","17.7","","-2.4","","25","","0.0","","29","","31","","","","92.35","","","","","","NA"
"-109.47","49.90","MAPLE CREEK","4024919","2020-08-30 15:00","2020","08","30","15:00","17.5","","-2.6","","25","","0.0","","29","","30","","","","92.31","","","","","","NA"
"-109.47","49.90","MAPLE CREEK","4024919","2020-08-30 16:00","2020","08","30","16:00","17.2","","-1.9","","27","","0.0","","28","","31","","","","92.29","","","","","","NA"
"-109.47","49.90","MAPLE CREEK","4024919","2020-08-30 17:00","2020","08","30","17:00","18.5","","-2.0","","25","","0.0","","29","","30","","","","92.26","","","","","","NA"
"-109.47","49.90","MAPLE CREEK","4024919","2020-08-30 18:00","2020","08","30","18:00","17.2","","-2.2","","26","","0.0","","29","","25","","","","92.27","","","","","","NA"
"-109.47","49.90","MAPLE CREEK","4024919","2020-08-30 19:00","2020","08","30","19:00","17.4","","-1.8","","27","","0.0","","28","","27","","","","92.23","","","","","","NA"
"-109.47","49.90","MAPLE CREEK","4024919","2020-08-30 20:00","2020","08","30","20:00","15.5","","-1.7","","31","","0.0","","27","","13","","","","92.24","","","","","","NA"
"-109.47","49.90","MAPLE CREEK","4024919","2020-08-30 21:00","2020","08","30","21:00","11.3","","-1.4","","41","","0.0","","24","","9","","","","92.26","","","","","","NA"
"-109.47","49.90","MAPLE CREEK","4024919","2020-08-30 22:00","2020","08","30","22:00","8.3","","-1.7","","50","","0.0","","15","","5","","","","92.23","","","","","","NA"
"-109.47","49.90","MAPLE CREEK","4024919","2020-08-30 23:00","2020","08","30","23:00","6.8","","-1.7","","55","","0.0","","22","","8","","","","92.27","","","","","","NA"
"-109.47","49.90","MAPLE CREEK","4024919","2020-08-31 00:00","2020","08","31","00:00","5.2","","-1.9","","60","","0.0","","24","","2","","","","92.29","","","","","","NA"
"-109.47","49.90","MAPLE CREEK","4024919","2020-08-31 01:00","2020","08","31","01:00","5.0","","-1.6","","62","","0.0","","19","","10","","","","92.30","","","","","","NA"
"-109.47","49.90","MAPLE CREEK","4024919","2020-08-31 02:00","2020","08","31","02:00","4.4","","-1.9","","63","","0.0","","20","","5","","","","92.30","","","","","","NA"
"-109.47","49.90","MAPLE CREEK","4024919","2020-08-31 03:00","2020","08","31","03:00","4.6","","-1.9","","63","","0.0","","20","","7","","","","92.26","","","","","","NA"
"-109.47","49.90","MAPLE CREEK","4024919","2020-08-31 04:00","2020","08","31","04:00","4.6","","-1.5","","64","","0.0","","19","","5","","","","92.25","","","","","","NA"
"-109.47","49.90","MAPLE CREEK","4024919","2020-08-31 05:00","2020","08","31","05:00","2.8","","-1.9","","71","","0.0","","18","","5","","","","92.25","","","","","","NA"
"-109.47","49.90","MAPLE CREEK","4024919","2020-08-31 06:00","2020","08","31","06:00","1.2","","-2.9","","74","","0.0","","19","","2","","","","92.28","","","","","","NA"
"-109.47","49.90","MAPLE CREEK","4024919","2020-08-31 07:00","2020","08","31","07:00","2.6","","-1.5","","74","","0.0","","20","","6","","","","92.30","","","","","","NA"
"-109.47","49.90","MAPLE CREEK","4024919","2020-08-31 08:00","2020","08","31","08:00","5.1","","-1.3","","63","","0.0","","22","","4","","","","92.34","","","","","","NA"
"-109.47","49.90","MAPLE CREEK","4024919","2020-08-31 09:00","2020","08","31","09:00","10.1","","-0.6","","48","","0.0","","30","","3","","","","92.35","","","","","","NA"
"-109.47","49.90","MAPLE CREEK","4024919","2020-08-31 10:00","2020","08","31","10:00","12.4","","-1.5","","38","","0.0","","34","","7","","","","92.38","","","","","","NA"
"-109.47","49.90","MAPLE CREEK","4024919","2020-08-31 11:00","2020","08","31","11:00","13.5","","-2.8","","32","","0.0","","33","","8","","","","92.37","","","","","","NA"
"-109.47","49.90","MAPLE CREEK","4024919","2020-08-31 12:00","2020","08","31","12:00","15.3","","-2.8","","29","","0.0","","32","","10","","","","92.35","","","","","","NA"
"-109.47","49.90","MAPLE CREEK","4024919","2020-08-31 13:00","2020","08","31","13:00","17.4","","-2.7","","25","","0.0","","27","","9","","","","92.29","","","","","","NA"
"-109.47","49.90","MAPLE CREEK","4024919","2020-08-31 14:00","2020","08","31","14:00","17.6","","-4.8","","21","","0.0","","36","","13","","","","92.22","","","","","","NA"
"-109.47","49.90","MAPLE CREEK","4024919","2020-08-31 15:00","2020","08","31","15:00","18.4","","-4.3","","21","","0.0","","35","","13","","","","92.20","","","","","","NA"
"-109.47","49.90","MAPLE CREEK","4024919","2020-08-31 16:00","2020","08","31","16:00","19.4","","-3.9","","20","","0.0","","30","","12","","","","92.16","","","","","","NA"
"-109.47","49.90","MAPLE CREEK","4024919","2020-08-31 17:00","2020","08","31","17:00","19.2","","-4.6","","20","","0.0","","22","","5","","","","92.09","","","","","","NA"
"-109.47","49.90","MAPLE CREEK","4024919","2020-08-31 18:00","2020","08","31","18:00","19.0","","-3.7","","21","","0.0","","24","","10","","","","92.01","","","","","","NA"
"-109.47","49.90","MAPLE CREEK","4024919","2020-08-31 19:00","2020","08","31","19:00","18.2","","-3.1","","23","","0.0","","23","","6","","","","91.95","","","","","","NA"
"-109.47","49.90","MAPLE CREEK","4024919","2020-08-31 20:00","2020","08","31","20:00","14.9","","0.6","","38","","0.0","","22","","4","","","","91.88","","","","","","NA"
"-109.47","49.90","MAPLE CREEK","4024919","2020-08-31 21:00","2020","08","31","21:00","12.7","","-1.0","","39","","0.0","","18","","10","","","","91.85","","","","","","NA"
"-109.47","49.90","MAPLE CREEK","4024919","2020-08-31 22:00","2020","08","31","22:00","12.9","","0.2","","42","","0.0","","18","","12","","","","91.73","","","","","","NA"
"-109.47","49.90","MAPLE CREEK","4024919","2020-08-31 23:00","2020","08","31","23:00","15.8","","-0.4","","33","","0.0","","22","","21","","","","91.68","","","","","","NA"
