"Longitude (x)","Latitude (y)","Station Name","Climate ID","Date/Time (LST)","Year","Month","Day","Time (LST)","Temp (°C)","Temp Flag","Dew Point Temp (°C)","Dew Point Temp Flag","Rel Hum (%)","Rel Hum Flag","Precip. Amount (mm)","Precip. Amount Flag","Wind Dir (10s deg)","Wind Dir Flag","Wind Spd (km/h)","Wind Spd Flag","Visibility (km)","Visibility Flag","Stn Press (kPa)","Stn Press Flag","Hmdx","Hmdx Flag","Wind Chill","Wind Chill Flag","Weather"
"-112.94","50.93","GLEICHEN AGCM","3032801","2022-01-01 00:00","2022","01","01","00:00","-25.8","","-28.5","","78","","0.0","","23","","23","","","","","M","","","-39","","NA"
"-112.94","50.93","GLEICHEN AGCM","3032801","2022-01-01 01:00","2022","01","01","01:00","-26.5","","-29.3","","77","","0.0","","22","","18","","","","","M","","","-38","","NA"
"-112.94","50.93","GLEICHEN AGCM","3032801","2022-01-01 02:00","2022","01","01","02:00","-27.9","","-30.6","","78","","0.0","","21","","13","","","","","M","","","-38","","NA"
"-112.94","50.93","GLEICHEN AGCM","3032801","2022-01-01 03:00","2022","01","01","03:00","-27.9","","-30.9","","76","","0.0","","22","","19","","","","","M","","","-40","","NA"
"-112.94","50.93","GLEICHEN AGCM","3032801","2022-01-01 04:00","2022","01","01","04:00","-29.0","","-32.0","","76","","0.0","","20","","7","","","","","M","","","-36","","NA"
"-112.94","50.93","GLEICHEN AGCM","3032801","2022-01-01 05:00","2022","01","01","05:00","-28.4","","-31.4","","75","","0.0","","23","","11","","","","","M","","","-38","","NA"
"-112.94","50.93","GLEICHEN AGCM","3032801","2022-01-01 06:00","2022","01","01","06:00","-27.3","","-30.1","","77","","0.0","","22","","15","","","","","M","","","-38","","NA"
"-112.94","50.93","GLEICHEN AGCM","3032801","2022-01-01 07:00","2022","01","01","07:00","-27.9","","-30.8","","76","","0.0","","31","","5","","","","","M","","","-33","","NA"
"-112.94","50.93","GLEICHEN AGCM","3032801","2022-01-01 08:00","2022","01","01","08:00","-26.3","","-29.8","","72","","0.0","","21","","16","","","","","M","","","-37","","NA"
"-112.94","50.93","GLEICHEN AGCM","3032801","2022-01-01 09:00","2022","01","01","09:00","-27.4","","-30.8","","73","","0.0","","22","","5","","","","","M","","","-33","","NA"
"-112.94","50.93","GLEICHEN AGCM","3032801","2022-01-01 10:00","2022","01","01","10:00","-25.2","","-28.9","","71","","0.0","","9","","3","","","","","M","","","-28","","NA"
"-112.94","50.93","GLEICHEN AGCM","3032801","2022-01-01 11:00","2022","01","01","11:00","-22.7","","-27.1","","67","","0.0","","20","","7","","","","","M","","","-29","","NA"
"-112.94","50.93","GLEICHEN AGCM","3032801","2022-01-01 12:00","2022","01","01","12:00","-20.7","","-26.1","","62","","0.0","","18","","7","","","","","M","","","-26","","NA"
"-112.94","50.93","GLEICHEN AGCM","3032801","2022-01-01 13:00","2022","01","01","13:00","-19.9","","-24.8","","65","","0.0","","17","","7","","","","","M","","","-26","","NA"
"-112.94","50.93","GLEICHEN AGCM","3032801","2022-01-01 14:00","2022","01","01","14:00","-17.3","","-22.7","","63","","0.0","","20","","7","","","","","M","","","-23","","NA"
"-112.94","50.93","GLEICHEN AGCM","3032801","2022-01-01 15:00","2022","01","01","15:00","-16.6","","-21.4","","66","","0.0","","17","","11","","","","","M","","","-24","","NA"
"-112.94","50.93","GLEICHEN AGCM","3032801","2022-01-01 16:00","2022","01","01","16:00","-17.1","","-21.2","","71","","0.0","","13","","4","","","","","M","","","-20","","NA"
"-112.94","50.93","GLEICHEN AGCM","3032801","2022-01-01 17:00","2022","01","01","17:00","-15.6","","-19.7","","71","","0.0","","20","","23","","","","","M","","","-26","","NA"
"-112.94","50.93","GLEICHEN AGCM","3032801","2022-01-01 18:00","2022","01","01","18:00","-12.4","","-16.4","","72","","0.0","","22","","17","","","","","M","","","-20","","NA"
"-112.94","50.93","GLEICHEN AGCM","3032801","2022-01-01 19:00","2022","01","01","19:00","-11.4","","-15.0","","75","","0.0","","21","","16","","","","","M","","","-19","","NA"
"-112.94","50.93","GLEICHEN AGCM","3032801","2022-01-01 20:00","2022","01","01","20:00","-9.7","","-13.4","","75","","0.0","","22","","13","","","","","M","","","-16","","NA"
"-112.94","50.93","GLEICHEN AGCM","3032801","2022-01-01 21:00","2022","01","01","21:00","-6.8","","-10.7","","74","","0.0","","19","","17","","","","","M","","","-13","","NA"
"-112.94","50.93","GLEICHEN AGCM","3032801","2022-01-01 22:00","2022","01","01","22:00","-4.9","","-9.5","","70","","0.0","","20","","24","","","","","M","","","-12","","NA"
"-112.94","50.93","GLEICHEN AGCM","3032801","2022-01-01 23:00","2022","01","01","23:00","-3.3","","-9.5","","62","","0.0","","22","","20","","","","","M","","","-9","","NA"
"-112.94","50.93","GLEICHEN AGCM","3032801","2022-01-02 00:00","2022","01","02","00:00","-3.1","","-9.0","","64","","0.0","","22","","26","","","","","M","","","-10","","NA"
"-112.94","50.93","GLEICHEN AGCM","3032801","2022-01-02 01:00","2022","01","02","01:00","-3.8","","-8.9","","68","","0.0","","23","","20","","","","","M","","","-10","","NA"
"-112.94","50.93","GLEICHEN AGCM","3032801","2022-01-02 02:00","2022","01","02","02:00","-4.3","","-9.5","","67","","0.0","","23","","20","","","","","M","","","-11","","NA"
"-112.94","50.93","GLEICHEN AGCM","3032801","2022-01-02 03:00","2022","01","02","03:00","-2.8","","-8.0","","67","","","M","23","","21","","","","","M","","","-9","","NA"
"-112.94","50.93","GLEICHEN AGCM","3032801","2022-01-02 04:00","2022","01","02","04:00","-3.2","","-8.5","","67","","0.0","","23","","30","","","","","M","","","-11","","NA"
"-112.94","50.93","GLEICHEN AGCM","3032801","2022-01-02 05:00","2022","01","02","05:00","-3.9","","-9.3","","66","","0.0","","23","","26","","","","","M","","","-11","","NA"
"-112.94","50.93","GLEICHEN AGCM","3032801","2022-01-02 06:00","2022","01","02","06:00","-5.1","","-10.9","","64","","0.0","","22","","19","","","","","M","","","-12","","NA"
"-112.94","50.93","GLEICHEN AGCM","3032801","2022-01-02 07:00","2022","01","02","07:00","-3.7","","-11.4","","55","","0.0","","22","","19","","","","","M","","","-10","","NA"
"-112.94","50.93","GLEICHEN AGCM","3032801","2022-01-02 08:00","2022","01","02","08:00","-4.8","","-11.0","","62","","0.0","","27","","7","","","","","M","","","-8","","NA"
"-112.94","50.93","GLEICHEN AGCM","3032801","2022-01-02 09:00","2022","01","02","09:00","-3.3","","-11.6","","53","","0.0","","30","","15","","","","","M","","","-8","","NA"
"-112.94","50.93","GLEICHEN AGCM","3032801","2022-01-02 10:00","2022","01","02","10:00","-2.8","","-10.8","","54","","0.0","","28","","12","","","","","M","","","-7","","NA"
"-112.94","50.93","GLEICHEN AGCM","3032801","2022-01-02 11:00","2022","01","02","11:00","-3.3","","-10.0","","59","","0.0","","26","","24","","","","","M","","","-10","","NA"
"-112.94","50.93","GLEICHEN AGCM","3032801","2022-01-02 12:00","2022","01","02","12:00","-0.4","","-10.6","","46","","0.0","","25","","31","","","","","M","","","-7","","NA"
"-112.94","50.93","GLEICHEN AGCM","3032801","2022-01-02 13:00","2022","01","02","13:00","-2.4","","-9.1","","60","","0.0","","23","","22","","","","","M","","","-9","","NA"
"-112.94","50.93","GLEICHEN AGCM","3032801","2022-01-02 14:00","2022","01","02","14:00","-2.0","","-9.2","","58","","0.0","","22","","13","","","","","M","","","-6","","NA"
"-112.94","50.93","GLEICHEN AGCM","3032801","2022-01-02 15:00","2022","01","02","15:00","-2.0","","-8.6","","60","","0.0","","22","","12","","","","","M","","","-6","","NA"
"-112.94","50.93","GLEICHEN AGCM","3032801","2022-01-02 16:00","2022","01","02","16:00","-3.6","","-9.6","","63","","0.0","","21","","10","","","","","M","","","-8","","NA"
"-112.94","50.93","GLEICHEN AGCM","3032801","2022-01-02 17:00","2022","01","02","17:00","-6.3","","-10.4","","72","","0.0","","6","","14","","","","","M","","","-12","","NA"
"-112.94","50.93","GLEICHEN AGCM","3032801","2022-01-02 18:00","2022","01","02","18:00","-4.1","","-8.9","","69","","0.0","","15","","9","","","","","M","","","-8","","NA"
"-112.94","50.93","GLEICHEN AGCM","3032801","2022-01-02 19:00","2022","01","02","19:00","-6.9","","-10.5","","75","","0.0","","4","","20","","","","","M","","","-14","","NA"
"-112.94","50.93","GLEICHEN AGCM","3032801","2022-01-02 20:00","2022","01","02","20:00","-9.8","","-11.3","","89","","0.0","","4","","19","","","","","M","","","-17","","NA"
"-112.94","50.93","GLEICHEN AGCM","3032801","2022-01-02 21:00","2022","01","02","21:00","-11.3","","-12.4","","91","","0.0","","3","","16","","","","","M","","","-19","","NA"
"-112.94","50.93","GLEICHEN AGCM","3032801","2022-01-02 22:00","2022","01","02","22:00","-13.5","","-14.9","","89","","0.0","","35","","16","","","","","M","","","-21","","NA"
"-112.94","50.93","GLEICHEN AGCM","3032801","2022-01-02 23:00","2022","01","02","23:00","-15.2","","-16.8","","87","","0.0","","1","","21","","","","","M","","","-25","","NA"
"-112.94","50.93","GLEICHEN AGCM","3032801","2022-01-03 00:00","2022","01","03","00:00","-16.5","","-18.2","","87","","0.0","","1","","20","","","","","M","","","-26","","NA"
"-112.94","50.93","GLEICHEN AGCM","3032801","2022-01-03 01:00","2022","01","03","01:00","-17.2","","-18.9","","87","","0.0","","1","","18","","","","","M","","","-26","","NA"
"-112.94","50.93","GLEICHEN AGCM","3032801","2022-01-03 02:00","2022","01","03","02:00","-17.7","","-19.4","","86","","0.0","","4","","15","","","","","M","","","-26","","NA"
"-112.94","50.93","GLEICHEN AGCM","3032801","2022-01-03 03:00","2022","01","03","03:00","-18.3","","-20.1","","86","","0.0","","4","","15","","","","","M","","","-27","","NA"
"-112.94","50.93","GLEICHEN AGCM","3032801","2022-01-03 04:00","2022","01","03","04:00","-18.7","","-20.5","","86","","0.0","","4","","14","","","","","M","","","-27","","NA"
"-112.94","50.93","GLEICHEN AGCM","3032801","2022-01-03 05:00","2022","01","03","05:00","-18.9","","-20.5","","87","","0.0","","6","","16","","","","","M","","","-28","","NA"
"-112.94","50.93","GLEICHEN AGCM","3032801","2022-01-03 06:00","2022","01","03","06:00","-19.1","","-20.8","","86","","0.0","","6","","14","","","","","M","","","-28","","NA"
"-112.94","50.93","GLEICHEN AGCM","3032801","2022-01-03 07:00","2022","01","03","07:00","-19.4","","-21.2","","86","","0.0","","7","","17","","","","","M","","","-29","","NA"
"-112.94","50.93","GLEICHEN AGCM","3032801","2022-01-03 08:00","2022","01","03","08:00","-19.0","","-20.7","","87","","0.0","","8","","23","","","","","M","","","-30","","NA"
"-112.94","50.93","GLEICHEN AGCM","3032801","2022-01-03 09:00","2022","01","03","09:00","-19.0","","-20.8","","86","","0.0","","8","","22","","","","","M","","","-30","","NA"
"-112.94","50.93","GLEICHEN AGCM","3032801","2022-01-03 10:00","2022","01","03","10:00","-19.1","","-20.9","","86","","0.0","","8","","17","","","","","M","","","-29","","NA"
"-112.94","50.93","GLEICHEN AGCM","3032801","2022-01-03 11:00","2022","01","03","11:00","-19.0","","-20.9","","85","","0.0","","2","","12","","","","","M","","","-27","","NA"
"-112.94","50.93","GLEICHEN AGCM","3032801","2022-01-03 12:00","2022","01","03","12:00","-19.0","","-20.8","","85","","0.0","","2","","14","","","","","M","","","-28","","NA"
"-112.94","50.93","GLEICHEN AGCM","3032801","2022-01-03 13:00","2022","01","03","13:00","-18.5","","-20.5","","84","","0.0","","1","","17","","","","","M","","","-28","","NA"
"-112.94","50.93","GLEICHEN AGCM","3032801","2022-01-03 14:00","2022","01","03","14:00","-19.6","","-21.7","","83","","0.0","","36","","19","","","","","M","","","-30","","NA"
"-112.94","50.93","GLEICHEN AGCM","3032801","2022-01-03 15:00","2022","01","03","15:00","-20.4","","-22.7","","82","","0.0","","35","","27","","","","","M","","","-33","","NA"
"-112.94","50.93","GLEICHEN AGCM","3032801","2022-01-03 16:00","2022","01","03","16:00","-21.4","","-23.8","","81","","0.0","","35","","25","","","","","M","","","-33","","NA"
"-112.94","50.93","GLEICHEN AGCM","3032801","2022-01-03 17:00","2022","01","03","17:00","-22.2","","-24.7","","80","","0.4","","35","","25","","","","","M","","","-34","","NA"
"-112.94","50.93","GLEICHEN AGCM","3032801","2022-01-03 18:00","2022","01","03","18:00","-22.9","","-25.5","","79","","0.0","","34","","31","","","","","M","","","-37","","NA"
"-112.94","50.93","GLEICHEN AGCM","3032801","2022-01-03 19:00","2022","01","03","19:00","-23.4","","-26.2","","78","","0.0","","33","","34","","","","","M","","","-38","","NA"
"-112.94","50.93","GLEICHEN AGCM","3032801","2022-01-03 20:00","2022","01","03","20:00","-23.7","","-26.5","","78","","0.0","","33","","36","","","","","M","","","-38","","NA"
"-112.94","50.93","GLEICHEN AGCM","3032801","2022-01-03 21:00","2022","01","03","21:00","-24.3","","-27.3","","76","","0.0","","34","","37","","","","","M","","","-39","","NA"
"-112.94","50.93","GLEICHEN AGCM","3032801","2022-01-03 22:00","2022","01","03","22:00","-24.9","","-27.8","","76","","0.0","","35","","36","","","","","M","","","-40","","NA"
"-112.94","50.93","GLEICHEN AGCM","3032801","2022-01-03 23:00","2022","01","03","23:00","-24.9","","-28.0","","76","","0.0","","34","","38","","","","","M","","","-40","","NA"
"-112.94","50.93","GLEICHEN AGCM","3032801","2022-01-04 00:00","2022","01","04","00:00","-25.3","","-28.9","","72","","0.0","","33","","40","","","","","M","","","-41","","NA"
"-112.94","50.93","GLEICHEN AGCM","3032801","2022-01-04 01:00","2022","01","04","01:00","-25.5","","-28.9","","73","","0.0","","33","","40","","","","","M","","","-41","","NA"
"-112.94","50.93","GLEICHEN AGCM","3032801","2022-01-04 02:00","2022","01","04","02:00","-25.8","","-29.0","","74","","0.0","","33","","37","","","","","M","","","-41","","NA"
"-112.94","50.93","GLEICHEN AGCM","3032801","2022-01-04 03:00","2022","01","04","03:00","-26.4","","-29.9","","72","","0.0","","33","","43","","","","","M","","","-43","","NA"
"-112.94","50.93","GLEICHEN AGCM","3032801","2022-01-04 04:00","2022","01","04","04:00","-26.1","","-29.2","","75","","0.0","","33","","40","","","","","M","","","-42","","NA"
"-112.94","50.93","GLEICHEN AGCM","3032801","2022-01-04 05:00","2022","01","04","05:00","-26.3","","-29.7","","73","","0.0","","33","","38","","","","","M","","","-42","","NA"
"-112.94","50.93","GLEICHEN AGCM","3032801","2022-01-04 06:00","2022","01","04","06:00","-26.7","","-30.4","","71","","0.0","","33","","41","","","","","M","","","-43","","NA"
"-112.94","50.93","GLEICHEN AGCM","3032801","2022-01-04 07:00","2022","01","04","07:00","-26.7","","-30.2","","72","","0.0","","33","","42","","","","","M","","","-43","","NA"
"-112.94","50.93","GLEICHEN AGCM","3032801","2022-01-04 08:00","2022","01","04","08:00","-26.8","","-30.4","","72","","0.0","","33","","42","","","","","M","","","-44","","NA"
"-112.94","50.93","GLEICHEN AGCM","3032801","2022-01-04 09:00","2022","01","04","09:00","-26.9","","-30.6","","71","","0.0","","33","","39","","","","","M","","","-43","","NA"
"-112.94","50.93","GLEICHEN AGCM","3032801","2022-01-04 10:00","2022","01","04","10:00","-27.1","","-30.7","","72","","0.0","","33","","37","","","","","M","","","-43","","NA"
"-112.94","50.93","GLEICHEN AGCM","3032801","2022-01-04 11:00","2022","01","04","11:00","-26.9","","-30.6","","71","","0.0","","33","","35","","","","","M","","","-43","","NA"
"-112.94","50.93","GLEICHEN AGCM","3032801","2022-01-04 12:00","2022","01","04","12:00","-26.8","","-30.7","","70","","0.0","","33","","29","","","","","M","","","-41","","NA"
"-112.94","50.93","GLEICHEN AGCM","3032801","2022-01-04 13:00","2022","01","04","13:00","-26.6","","-30.5","","70","","0.0","","33","","33","","","","","M","","","-42","","NA"
"-112.94","50.93","GLEICHEN AGCM","3032801","2022-01-04 14:00","2022","01","04","14:00","-26.8","","-30.8","","69","","0.0","","33","","32","","","","","M","","","-42","","NA"
"-112.94","50.93","GLEICHEN AGCM","3032801","2022-01-04 15:00","2022","01","04","15:00","-26.6","","-30.6","","69","","0.0","","33","","34","","","","","M","","","-42","","NA"
"-112.94","50.93","GLEICHEN AGCM","3032801","2022-01-04 16:00","2022","01","04","16:00","-26.2","","-30.3","","69","","0.0","","33","","22","","","","","M","","","-39","","NA"
"-112.94","50.93","GLEICHEN AGCM","3032801","2022-01-04 17:00","2022","01","04","17:00","-26.7","","-30.4","","71","","0.0","","34","","19","","","","","M","","","-39","","NA"
"-112.94","50.93","GLEICHEN AGCM","3032801","2022-01-04 18:00","2022","01","04","18:00","-26.6","","-30.2","","71","","0.0","","34","","15","","","","","M","","","-37","","NA"
"-112.94","50.93","GLEICHEN AGCM","3032801","2022-01-04 19:00","2022","01","04","19:00","-28.3","","-31.8","","72","","0.0","","33","","14","","","","","M","","","-39","","NA"
"-112.94","50.93","GLEICHEN AGCM","3032801","2022-01-04 20:00","2022","01","04","20:00","-29.9","","-33.2","","73","","0.0","","32","","8","","","","","M","","","-38","","NA"
"-112.94","50.93","GLEICHEN AGCM","3032801","2022-01-04 21:00","2022","01","04","21:00","-30.4","","-33.5","","74","","0.0","","32","","10","","","","","M","","","-40","","NA"
"-112.94","50.93","GLEICHEN AGCM","3032801","2022-01-04 22:00","2022","01","04","22:00","-31.6","","-34.8","","73","","0.0","","33","","8","","","","","M","","","-40","","NA"
"-112.94","50.93","GLEICHEN AGCM","3032801","2022-01-04 23:00","2022","01","04","23:00","-31.5","","-34.6","","74","","0.0","","32","","8","","","","","M","","","-40","","NA"
"-112.94","50.93","GLEICHEN AGCM","3032801","2022-01-05 00:00","2022","01","05","00:00","-30.7","","-33.8","","75","","0.0","","30","","5","","","","","M","","","-36","","NA"
"-112.94","50.93","GLEICHEN AGCM","3032801","2022-01-05 01:00","2022","01","05","01:00","-30.4","","-33.4","","75","","0.0","","27","","6","","","","","M","","","-37","","NA"
"-112.94","50.93","GLEICHEN AGCM","3032801","2022-01-05 02:00","2022","01","05","02:00","-28.0","","-30.9","","76","","0.0","","31","","9","","","","","M","","","-36","","NA"
"-112.94","50.93","GLEICHEN AGCM","3032801","2022-01-05 03:00","2022","01","05","03:00","-27.8","","-30.8","","75","","0.0","","36","","11","","","","","M","","","-37","","NA"
"-112.94","50.93","GLEICHEN AGCM","3032801","2022-01-05 04:00","2022","01","05","04:00","-27.5","","-30.6","","75","","0.0","","35","","13","","","","","M","","","-38","","NA"
"-112.94","50.93","GLEICHEN AGCM","3032801","2022-01-05 05:00","2022","01","05","05:00","-27.2","","-30.3","","74","","0.0","","34","","11","","","","","M","","","-36","","NA"
"-112.94","50.93","GLEICHEN AGCM","3032801","2022-01-05 06:00","2022","01","05","06:00","-26.9","","-30.1","","75","","0.0","","34","","14","","","","","M","","","-37","","NA"
"-112.94","50.93","GLEICHEN AGCM","3032801","2022-01-05 07:00","2022","01","05","07:00","-26.8","","-30.0","","74","","0.0","","34","","15","","","","","M","","","-37","","NA"
"-112.94","50.93","GLEICHEN AGCM","3032801","2022-01-05 08:00","2022","01","05","08:00","-26.6","","-29.9","","74","","0.0","","34","","18","","","","","M","","","-38","","NA"
"-112.94","50.93","GLEICHEN AGCM","3032801","2022-01-05 09:00","2022","01","05","09:00","-26.7","","-30.0","","74","","0.0","","35","","13","","","","","M","","","-37","","NA"
"-112.94","50.93","GLEICHEN AGCM","3032801","2022-01-05 10:00","2022","01","05","10:00","-26.5","","-29.9","","73","","0.0","","34","","16","","","","","M","","","-37","","NA"
"-112.94","50.93","GLEICHEN AGCM","3032801","2022-01-05 11:00","2022","01","05","11:00","-26.2","","-29.8","","72","","0.0","","34","","14","","","","","M","","","-36","","NA"
"-112.94","50.93","GLEICHEN AGCM","3032801","2022-01-05 12:00","2022","01","05","12:00","-26.0","","-29.8","","70","","0.0","","33","","13","","","","","M","","","-36","","NA"
"-112.94","50.93","GLEICHEN AGCM","3032801","2022-01-05 13:00","2022","01","05","13:00","-25.6","","-29.8","","68","","0.0","","35","","12","","","","","M","","","-35","","NA"
"-112.94","50.93","GLEICHEN AGCM","3032801","2022-01-05 14:00","2022","01","05","14:00","-26.4","","-30.3","","70","","0.0","","2","","7","","","","","M","","","-33","","NA"
"-112.94","50.93","GLEICHEN AGCM","3032801","2022-01-05 15:00","2022","01","05","15:00","-26.5","","-30.5","","69","","0.0","","36","","3","","","","","M","","","-30","","NA"
"-112.94","50.93","GLEICHEN AGCM","3032801","2022-01-05 16:00","2022","01","05","16:00","-25.5","","-29.8","","68","","0.0","","","","0","","","","","M","","","","","NA"
"-112.94","50.93","GLEICHEN AGCM","3032801","2022-01-05 17:00","2022","01","05","17:00","-26.4","","-29.9","","72","","0.0","","0","","1","","","","","M","","","-27","","NA"
"-112.94","50.93","GLEICHEN AGCM","3032801","2022-01-05 18:00","2022","01","05","18:00","-27.8","","-30.9","","75","","0.0","","20","","6","","","","","M","","","-34","","NA"
"-112.94","50.93","GLEICHEN AGCM","3032801","2022-01-05 19:00","2022","01","05","19:00","-28.2","","-31.0","","77","","0.0","","18","","5","","","","","M","","","-34","","NA"
"-112.94","50.93","GLEICHEN AGCM","3032801","2022-01-05 20:00","2022","01","05","20:00","-29.7","","-32.5","","76","","0.0","","17","","9","","","","","M","","","-38","","NA"
"-112.94","50.93","GLEICHEN AGCM","3032801","2022-01-05 21:00","2022","01","05","21:00","-30.9","","-33.8","","76","","0.0","","16","","7","","","","","M","","","-38","","NA"
"-112.94","50.93","GLEICHEN AGCM","3032801","2022-01-05 22:00","2022","01","05","22:00","-31.2","","-34.2","","75","","0.0","","16","","8","","","","","M","","","-39","","NA"
"-112.94","50.93","GLEICHEN AGCM","3032801","2022-01-05 23:00","2022","01","05","23:00","-32.1","","-35.1","","74","","0.4","","17","","8","","","","","M","","","-40","","NA"
"-112.94","50.93","GLEICHEN AGCM","3032801","2022-01-06 00:00","2022","01","06","00:00","-32.3","","-35.3","","74","","0.0","","16","","8","","","","","M","","","-41","","NA"
"-112.94","50.93","GLEICHEN AGCM","3032801","2022-01-06 01:00","2022","01","06","01:00","-30.9","","-33.8","","76","","0.0","","14","","7","","","","","M","","","-38","","NA"
"-112.94","50.93","GLEICHEN AGCM","3032801","2022-01-06 02:00","2022","01","06","02:00","-32.5","","-35.8","","73","","0.0","","12","","6","","","","","M","","","-39","","NA"
"-112.94","50.93","GLEICHEN AGCM","3032801","2022-01-06 03:00","2022","01","06","03:00","-31.7","","-34.8","","74","","0.0","","14","","9","","","","","M","","","-41","","NA"
"-112.94","50.93","GLEICHEN AGCM","3032801","2022-01-06 04:00","2022","01","06","04:00","-31.5","","-34.7","","74","","0.0","","13","","8","","","","","M","","","-40","","NA"
"-112.94","50.93","GLEICHEN AGCM","3032801","2022-01-06 05:00","2022","01","06","05:00","-31.8","","-35.0","","73","","0.0","","12","","9","","","","","M","","","-41","","NA"
"-112.94","50.93","GLEICHEN AGCM","3032801","2022-01-06 06:00","2022","01","06","06:00","-30.5","","-33.5","","75","","0.0","","11","","13","","","","","M","","","-41","","NA"
"-112.94","50.93","GLEICHEN AGCM","3032801","2022-01-06 07:00","2022","01","06","07:00","-29.4","","-32.3","","75","","0.0","","13","","10","","","","","M","","","-38","","NA"
"-112.94","50.93","GLEICHEN AGCM","3032801","2022-01-06 08:00","2022","01","06","08:00","-29.4","","-32.3","","76","","0.0","","9","","11","","","","","M","","","-39","","NA"
"-112.94","50.93","GLEICHEN AGCM","3032801","2022-01-06 09:00","2022","01","06","09:00","-29.6","","-32.5","","75","","0.0","","10","","11","","","","","M","","","-39","","NA"
"-112.94","50.93","GLEICHEN AGCM","3032801","2022-01-06 10:00","2022","01","06","10:00","-29.5","","-32.5","","75","","0.0","","12","","13","","","","","M","","","-40","","NA"
"-112.94","50.93","GLEICHEN AGCM","3032801","2022-01-06 11:00","2022","01","06","11:00","-28.7","","-31.6","","76","","0.0","","12","","15","","","","","M","","","-40","","NA"
"-112.94","50.93","GLEICHEN AGCM","3032801","2022-01-06 12:00","2022","01","06","12:00","-27.6","","-30.4","","77","","0.0","","13","","18","","","","","M","","","-39","","NA"
"-112.94","50.93","GLEICHEN AGCM","3032801","2022-01-06 13:00","2022","01","06","13:00","-26.8","","-29.5","","77","","0.0","","13","","16","","","","","M","","","-38","","NA"
"-112.94","50.93","GLEICHEN AGCM","3032801","2022-01-06 14:00","2022","01","06","14:00","-26.1","","-28.8","","78","","0.0","","13","","20","","","","","M","","","-38","","NA"
"-112.94","50.93","GLEICHEN AGCM","3032801","2022-01-06 15:00","2022","01","06","15:00","-25.9","","-28.5","","79","","0.0","","12","","15","","","","","M","","","-36","","NA"
"-112.94","50.93","GLEICHEN AGCM","3032801","2022-01-06 16:00","2022","01","06","16:00","-25.9","","-28.5","","79","","0.0","","10","","11","","","","","M","","","-35","","NA"
"-112.94","50.93","GLEICHEN AGCM","3032801","2022-01-06 17:00","2022","01","06","17:00","-25.9","","-28.5","","79","","0.0","","10","","14","","","","","M","","","-36","","NA"
"-112.94","50.93","GLEICHEN AGCM","3032801","2022-01-06 18:00","2022","01","06","18:00","-25.8","","-28.4","","79","","0.0","","11","","12","","","","","M","","","-35","","NA"
"-112.94","50.93","GLEICHEN AGCM","3032801","2022-01-06 19:00","2022","01","06","19:00","-25.8","","-28.4","","79","","0.0","","11","","11","","","","","M","","","-35","","NA"
"-112.94","50.93","GLEICHEN AGCM","3032801","2022-01-06 20:00","2022","01","06","20:00","-25.6","","-28.2","","79","","0.0","","11","","11","","","","","M","","","-34","","NA"
"-112.94","50.93","GLEICHEN AGCM","3032801","2022-01-06 21:00","2022","01","06","21:00","-25.7","","-28.3","","79","","0.0","","10","","8","","","","","M","","","-33","","NA"
"-112.94","50.93","GLEICHEN AGCM","3032801","2022-01-06 22:00","2022","01","06","22:00","-25.2","","-27.7","","80","","0.0","","10","","10","","","","","M","","","-33","","NA"
"-112.94","50.93","GLEICHEN AGCM","3032801","2022-01-06 23:00","2022","01","06","23:00","-25.1","","-27.6","","80","","0.0","","11","","13","","","","","M","","","-35","","NA"
"-112.94","50.93","GLEICHEN AGCM","3032801","2022-01-07 00:00","2022","01","07","00:00","-24.3","","-26.7","","81","","0.0","","10","","11","","","","","M","","","-33","","NA"
"-112.94","50.93","GLEICHEN AGCM","3032801","2022-01-07 01:00","2022","01","07","01:00","-23.9","","-26.3","","81","","0.0","","11","","10","","","","","M","","","-32","","NA"
"-112.94","50.93","GLEICHEN AGCM","3032801","2022-01-07 02:00","2022","01","07","02:00","-24.0","","-26.3","","81","","0.0","","10","","6","","","","","M","","","-30","","NA"
"-112.94","50.93","GLEICHEN AGCM","3032801","2022-01-07 03:00","2022","01","07","03:00","-24.0","","-26.3","","81","","0.0","","8","","6","","","","","M","","","-30","","NA"
"-112.94","50.93","GLEICHEN AGCM","3032801","2022-01-07 04:00","2022","01","07","04:00","-23.6","","-25.9","","81","","0.0","","9","","7","","","","","M","","","-30","","NA"
"-112.94","50.93","GLEICHEN AGCM","3032801","2022-01-07 05:00","2022","01","07","05:00","-23.2","","-25.5","","82","","0.0","","6","","4","","","","","M","","","-27","","NA"
"-112.94","50.93","GLEICHEN AGCM","3032801","2022-01-07 06:00","2022","01","07","06:00","-22.6","","-24.8","","82","","0.0","","34","","8","","","","","M","","","-29","","NA"
"-112.94","50.93","GLEICHEN AGCM","3032801","2022-01-07 07:00","2022","01","07","07:00","-21.8","","-23.8","","83","","0.0","","35","","10","","","","","M","","","-29","","NA"
"-112.94","50.93","GLEICHEN AGCM","3032801","2022-01-07 08:00","2022","01","07","08:00","-21.2","","-23.3","","84","","0.0","","34","","17","","","","","M","","","-31","","NA"
"-112.94","50.93","GLEICHEN AGCM","3032801","2022-01-07 09:00","2022","01","07","09:00","-22.0","","-24.1","","83","","0.0","","33","","16","","","","","M","","","-32","","NA"
"-112.94","50.93","GLEICHEN AGCM","3032801","2022-01-07 10:00","2022","01","07","10:00","-22.6","","-24.9","","82","","0.0","","33","","23","","","","","M","","","-35","","NA"
"-112.94","50.93","GLEICHEN AGCM","3032801","2022-01-07 11:00","2022","01","07","11:00","-22.8","","-25.1","","82","","0.0","","33","","21","","","","","M","","","-34","","NA"
"-112.94","50.93","GLEICHEN AGCM","3032801","2022-01-07 12:00","2022","01","07","12:00","-21.9","","-24.3","","81","","0.0","","34","","27","","","","","M","","","-34","","NA"
"-112.94","50.93","GLEICHEN AGCM","3032801","2022-01-07 13:00","2022","01","07","13:00","-22.0","","-24.6","","79","","0.0","","34","","24","","","","","M","","","-34","","NA"
"-112.94","50.93","GLEICHEN AGCM","3032801","2022-01-07 14:00","2022","01","07","14:00","-22.3","","-25.1","","78","","0.0","","34","","23","","","","","M","","","-34","","NA"
"-112.94","50.93","GLEICHEN AGCM","3032801","2022-01-07 15:00","2022","01","07","15:00","-22.9","","-25.8","","77","","0.0","","34","","24","","","","","M","","","-35","","NA"
"-112.94","50.93","GLEICHEN AGCM","3032801","2022-01-07 16:00","2022","01","07","16:00","-23.1","","-26.1","","77","","0.0","","34","","25","","","","","M","","","-36","","NA"
"-112.94","50.93","GLEICHEN AGCM","3032801","2022-01-07 17:00","2022","01","07","17:00","-23.4","","-26.3","","77","","0.0","","34","","28","","","","","M","","","-37","","NA"
"-112.94","50.93","GLEICHEN AGCM","3032801","2022-01-07 18:00","2022","01","07","18:00","-23.7","","-26.6","","77","","0.0","","34","","29","","","","","M","","","-37","","NA"
"-112.94","50.93","GLEICHEN AGCM","3032801","2022-01-07 19:00","2022","01","07","19:00","-23.9","","-27.1","","75","","0.0","","33","","30","","","","","M","","","-38","","NA"
"-112.94","50.93","GLEICHEN AGCM","3032801","2022-01-07 20:00","2022","01","07","20:00","-24.1","","-27.0","","77","","0.0","","33","","28","","","","","M","","","-38","","NA"
"-112.94","50.93","GLEICHEN AGCM","3032801","2022-01-07 21:00","2022","01","07","21:00","-23.9","","-27.4","","73","","0.0","","33","","33","","","","","M","","","-38","","NA"
"-112.94","50.93","GLEICHEN AGCM","3032801","2022-01-07 22:00","2022","01","07","22:00","-24.2","","-27.7","","73","","0.0","","33","","25","","","","","M","","","-37","","NA"
"-112.94","50.93","GLEICHEN AGCM","3032801","2022-01-07 23:00","2022","01","07","23:00","-24.1","","-27.6","","73","","0.0","","32","","30","","","","","M","","","-38","","NA"
"-112.94","50.93","GLEICHEN AGCM","3032801","2022-01-08 00:00","2022","01","08","00:00","-23.6","","-27.1","","73","","0.0","","31","","27","","","","","M","","","-37","","NA"
"-112.94","50.93","GLEICHEN AGCM","3032801","2022-01-08 01:00","2022","01","08","01:00","-23.2","","-26.9","","72","","0.0","","32","","21","","","","","M","","","-35","","NA"
"-112.94","50.93","GLEICHEN AGCM","3032801","2022-01-08 02:00","2022","01","08","02:00","-24.9","","-28.4","","73","","0.0","","30","","15","","","","","M","","","-35","","NA"
"-112.94","50.93","GLEICHEN AGCM","3032801","2022-01-08 03:00","2022","01","08","03:00","-25.7","","-29.0","","73","","0.0","","27","","11","","","","","M","","","-34","","NA"
"-112.94","50.93","GLEICHEN AGCM","3032801","2022-01-08 04:00","2022","01","08","04:00","-25.0","","-28.6","","72","","0.0","","29","","15","","","","","M","","","-35","","NA"
"-112.94","50.93","GLEICHEN AGCM","3032801","2022-01-08 05:00","2022","01","08","05:00","-24.3","","-28.1","","71","","0.0","","29","","18","","","","","M","","","-35","","NA"
"-112.94","50.93","GLEICHEN AGCM","3032801","2022-01-08 06:00","2022","01","08","06:00","-26.3","","-29.8","","72","","0.0","","29","","11","","","","","M","","","-35","","NA"
"-112.94","50.93","GLEICHEN AGCM","3032801","2022-01-08 07:00","2022","01","08","07:00","-26.1","","-29.4","","73","","0.4","","30","","12","","","","","M","","","-35","","NA"
"-112.94","50.93","GLEICHEN AGCM","3032801","2022-01-08 08:00","2022","01","08","08:00","-26.7","","-29.8","","75","","0.0","","30","","13","","","","","M","","","-37","","NA"
"-112.94","50.93","GLEICHEN AGCM","3032801","2022-01-08 09:00","2022","01","08","09:00","-25.3","","-28.9","","72","","0.0","","24","","10","","","","","M","","","-34","","NA"
"-112.94","50.93","GLEICHEN AGCM","3032801","2022-01-08 10:00","2022","01","08","10:00","-23.7","","-27.9","","68","","0.0","","27","","11","","","","","M","","","-32","","NA"
"-112.94","50.93","GLEICHEN AGCM","3032801","2022-01-08 11:00","2022","01","08","11:00","-22.3","","-26.7","","67","","0.0","","25","","9","","","","","M","","","-29","","NA"
"-112.94","50.93","GLEICHEN AGCM","3032801","2022-01-08 12:00","2022","01","08","12:00","-20.7","","-26.0","","63","","0.0","","25","","9","","","","","M","","","-28","","NA"
"-112.94","50.93","GLEICHEN AGCM","3032801","2022-01-08 13:00","2022","01","08","13:00","-20.0","","-25.5","","61","","0.0","","21","","8","","","","","M","","","-26","","NA"
"-112.94","50.93","GLEICHEN AGCM","3032801","2022-01-08 14:00","2022","01","08","14:00","-19.3","","-24.8","","62","","0.0","","20","","11","","","","","M","","","-27","","NA"
"-112.94","50.93","GLEICHEN AGCM","3032801","2022-01-08 15:00","2022","01","08","15:00","-20.0","","-24.9","","65","","0.0","","18","","12","","","","","M","","","-28","","NA"
"-112.94","50.93","GLEICHEN AGCM","3032801","2022-01-08 16:00","2022","01","08","16:00","-20.8","","-25.1","","68","","0.0","","16","","10","","","","","M","","","-28","","NA"
"-112.94","50.93","GLEICHEN AGCM","3032801","2022-01-08 17:00","2022","01","08","17:00","-23.4","","-26.5","","76","","0.0","","15","","9","","","","","M","","","-31","","NA"
"-112.94","50.93","GLEICHEN AGCM","3032801","2022-01-08 18:00","2022","01","08","18:00","-23.4","","-26.4","","76","","0.0","","15","","13","","","","","M","","","-33","","NA"
"-112.94","50.93","GLEICHEN AGCM","3032801","2022-01-08 19:00","2022","01","08","19:00","-21.6","","-25.3","","72","","0.0","","16","","22","","","","","M","","","-33","","NA"
"-112.94","50.93","GLEICHEN AGCM","3032801","2022-01-08 20:00","2022","01","08","20:00","-22.2","","-25.6","","74","","0.0","","14","","17","","","","","M","","","-32","","NA"
"-112.94","50.93","GLEICHEN AGCM","3032801","2022-01-08 21:00","2022","01","08","21:00","-24.7","","-27.6","","77","","0.0","","14","","15","","","","","M","","","-35","","NA"
"-112.94","50.93","GLEICHEN AGCM","3032801","2022-01-08 22:00","2022","01","08","22:00","-25.1","","-28.0","","77","","0.0","","12","","10","","","","","M","","","-33","","NA"
"-112.94","50.93","GLEICHEN AGCM","3032801","2022-01-08 23:00","2022","01","08","23:00","-25.2","","-28.1","","76","","0.0","","12","","10","","","","","M","","","-33","","NA"
"-112.94","50.93","GLEICHEN AGCM","3032801","2022-01-09 00:00","2022","01","09","00:00","-24.4","","-27.7","","74","","0.0","","12","","6","","","","","M","","","-30","","NA"
"-112.94","50.93","GLEICHEN AGCM","3032801","2022-01-09 01:00","2022","01","09","01:00","-25.2","","-28.2","","76","","0.0","","11","","8","","","","","M","","","-32","","NA"
"-112.94","50.93","GLEICHEN AGCM","3032801","2022-01-09 02:00","2022","01","09","02:00","-25.2","","-28.2","","76","","0.0","","10","","10","","","","","M","","","-33","","NA"
"-112.94","50.93","GLEICHEN AGCM","3032801","2022-01-09 03:00","2022","01","09","03:00","-25.4","","-28.4","","76","","0.0","","8","","14","","","","","M","","","-35","","NA"
"-112.94","50.93","GLEICHEN AGCM","3032801","2022-01-09 04:00","2022","01","09","04:00","-25.7","","-28.7","","76","","0.0","","8","","12","","","","","M","","","-35","","NA"
"-112.94","50.93","GLEICHEN AGCM","3032801","2022-01-09 05:00","2022","01","09","05:00","-25.9","","-28.9","","76","","0.0","","7","","15","","","","","M","","","-36","","NA"
"-112.94","50.93","GLEICHEN AGCM","3032801","2022-01-09 06:00","2022","01","09","06:00","-26.3","","-29.1","","77","","0.0","","6","","6","","","","","M","","","-32","","NA"
"-112.94","50.93","GLEICHEN AGCM","3032801","2022-01-09 07:00","2022","01","09","07:00","-26.4","","-29.4","","76","","0.0","","12","","7","","","","","M","","","-33","","NA"
"-112.94","50.93","GLEICHEN AGCM","3032801","2022-01-09 08:00","2022","01","09","08:00","-26.4","","-29.3","","76","","0.0","","10","","6","","","","","M","","","-32","","NA"
"-112.94","50.93","GLEICHEN AGCM","3032801","2022-01-09 09:00","2022","01","09","09:00","-26.5","","-29.5","","76","","0.0","","23","","4","","","","","M","","","-31","","NA"
"-112.94","50.93","GLEICHEN AGCM","3032801","2022-01-09 10:00","2022","01","09","10:00","-24.6","","-28.6","","70","","0.0","","18","","5","","","","","M","","","-29","","NA"
"-112.94","50.93","GLEICHEN AGCM","3032801","2022-01-09 11:00","2022","01","09","11:00","-22.6","","-27.5","","64","","0.0","","16","","3","","","","","M","","","-25","","NA"
"-112.94","50.93","GLEICHEN AGCM","3032801","2022-01-09 12:00","2022","01","09","12:00","-23.0","","-27.0","","69","","0.0","","10","","10","","","","","M","","","-31","","NA"
"-112.94","50.93","GLEICHEN AGCM","3032801","2022-01-09 13:00","2022","01","09","13:00","-21.7","","-25.7","","70","","0.0","","12","","10","","","","","M","","","-29","","NA"
"-112.94","50.93","GLEICHEN AGCM","3032801","2022-01-09 14:00","2022","01","09","14:00","-19.9","","-23.9","","70","","0.0","","12","","12","","","","","M","","","-28","","NA"
"-112.94","50.93","GLEICHEN AGCM","3032801","2022-01-09 15:00","2022","01","09","15:00","-20.0","","-23.4","","74","","0.0","","13","","10","","","","","M","","","-27","","NA"
"-112.94","50.93","GLEICHEN AGCM","3032801","2022-01-09 16:00","2022","01","09","16:00","-19.5","","-23.2","","73","","0.0","","17","","8","","","","","M","","","-26","","NA"
"-112.94","50.93","GLEICHEN AGCM","3032801","2022-01-09 17:00","2022","01","09","17:00","-19.8","","-23.1","","75","","0.0","","16","","6","","","","","M","","","-25","","NA"
"-112.94","50.93","GLEICHEN AGCM","3032801","2022-01-09 18:00","2022","01","09","18:00","-20.6","","-23.4","","78","","0.0","","8","","4","","","","","M","","","-24","","NA"
"-112.94","50.93","GLEICHEN AGCM","3032801","2022-01-09 19:00","2022","01","09","19:00","-21.0","","-23.7","","79","","0.0","","9","","4","","","","","M","","","-25","","NA"
"-112.94","50.93","GLEICHEN AGCM","3032801","2022-01-09 20:00","2022","01","09","20:00","-21.5","","-24.3","","78","","0.0","","12","","8","","","","","M","","","-28","","NA"
"-112.94","50.93","GLEICHEN AGCM","3032801","2022-01-09 21:00","2022","01","09","21:00","-20.9","","-23.6","","79","","0.0","","16","","7","","","","","M","","","-27","","NA"
"-112.94","50.93","GLEICHEN AGCM","3032801","2022-01-09 22:00","2022","01","09","22:00","-20.1","","-23.2","","76","","0.0","","14","","9","","","","","M","","","-27","","NA"
"-112.94","50.93","GLEICHEN AGCM","3032801","2022-01-09 23:00","2022","01","09","23:00","-18.9","","-22.1","","76","","0.0","","12","","5","","","","","M","","","-23","","NA"
"-112.94","50.93","GLEICHEN AGCM","3032801","2022-01-10 00:00","2022","01","10","00:00","-18.1","","-21.2","","77","","0.0","","17","","7","","","","","M","","","-23","","NA"
"-112.94","50.93","GLEICHEN AGCM","3032801","2022-01-10 01:00","2022","01","10","01:00","-10.2","","-13.2","","79","","0.0","","25","","8","","","","","M","","","-15","","NA"
"-112.94","50.93","GLEICHEN AGCM","3032801","2022-01-10 02:00","2022","01","10","02:00","-3.5","","-7.8","","72","","0.0","","23","","20","","","","","M","","","-10","","NA"
"-112.94","50.93","GLEICHEN AGCM","3032801","2022-01-10 03:00","2022","01","10","03:00","-3.1","","-7.4","","72","","0.0","","22","","18","","","","","M","","","-9","","NA"
"-112.94","50.93","GLEICHEN AGCM","3032801","2022-01-10 04:00","2022","01","10","04:00","-2.9","","-7.2","","72","","0.0","","21","","22","","","","","M","","","-9","","NA"
"-112.94","50.93","GLEICHEN AGCM","3032801","2022-01-10 05:00","2022","01","10","05:00","0.1","","-5.6","","66","","0.0","","22","","24","","","","","M","","","","","NA"
"-112.94","50.93","GLEICHEN AGCM","3032801","2022-01-10 06:00","2022","01","10","06:00","0.4","","-5.8","","63","","","M","22","","25","","","","","M","","","","","NA"
"-112.94","50.93","GLEICHEN AGCM","3032801","2022-01-10 07:00","2022","01","10","07:00","0.3","","-5.9","","63","","0.0","","23","","22","","","","","M","","","","","NA"
"-112.94","50.93","GLEICHEN AGCM","3032801","2022-01-10 08:00","2022","01","10","08:00","-0.5","","-6.4","","64","","0.0","","23","","25","","","","","M","","","-7","","NA"
"-112.94","50.93","GLEICHEN AGCM","3032801","2022-01-10 09:00","2022","01","10","09:00","0.6","","-6.3","","60","","0.0","","23","","20","","","","","M","","","","","NA"
"-112.94","50.93","GLEICHEN AGCM","3032801","2022-01-10 10:00","2022","01","10","10:00","0.8","","-6.4","","58","","0.0","","23","","20","","","","","M","","","","","NA"
"-112.94","50.93","GLEICHEN AGCM","3032801","2022-01-10 11:00","2022","01","10","11:00","1.4","","-6.4","","56","","0.0","","22","","20","","","","","M","","","","","NA"
"-112.94","50.93","GLEICHEN AGCM","3032801","2022-01-10 12:00","2022","01","10","12:00","0.5","","-5.6","","64","","0.0","","10","","6","","","","","M","","","","","NA"
"-112.94","50.93","GLEICHEN AGCM","3032801","2022-01-10 13:00","2022","01","10","13:00","1.7","","-4.4","","64","","0.0","","24","","20","","","","","M","","","","","NA"
"-112.94","50.93","GLEICHEN AGCM","3032801","2022-01-10 14:00","2022","01","10","14:00","3.8","","-4.0","","57","","0.0","","24","","34","","","","","M","","","","","NA"
"-112.94","50.93","GLEICHEN AGCM","3032801","2022-01-10 15:00","2022","01","10","15:00","3.0","","-3.8","","61","","0.0","","21","","21","","","","","M","","","","","NA"
"-112.94","50.93","GLEICHEN AGCM","3032801","2022-01-10 16:00","2022","01","10","16:00","2.9","","-3.6","","62","","0.0","","24","","19","","","","","M","","","","","NA"
"-112.94","50.93","GLEICHEN AGCM","3032801","2022-01-10 17:00","2022","01","10","17:00","2.8","","-3.1","","65","","0.0","","23","","16","","","","","M","","","","","NA"
"-112.94","50.93","GLEICHEN AGCM","3032801","2022-01-10 18:00","2022","01","10","18:00","2.4","","-3.2","","67","","0.0","","21","","19","","","","","M","","","","","NA"
"-112.94","50.93","GLEICHEN AGCM","3032801","2022-01-10 19:00","2022","01","10","19:00","4.1","","-3.9","","56","","0.0","","24","","30","","","","","M","","","","","NA"
"-112.94","50.93","GLEICHEN AGCM","3032801","2022-01-10 20:00","2022","01","10","20:00","5.2","","-4.1","","51","","0.0","","27","","41","","","","","M","","","","","NA"
"-112.94","50.93","GLEICHEN AGCM","3032801","2022-01-10 21:00","2022","01","10","21:00","5.5","","-3.9","","51","","0.0","","27","","45","","","","","M","","","","","NA"
"-112.94","50.93","GLEICHEN AGCM","3032801","2022-01-10 22:00","2022","01","10","22:00","5.2","","-3.9","","52","","0.0","","27","","41","","","","","M","","","","","NA"
"-112.94","50.93","GLEICHEN AGCM","3032801","2022-01-10 23:00","2022","01","10","23:00","2.9","","-4.2","","60","","0.0","","25","","26","","","","","M","","","","","NA"
"-112.94","50.93","GLEICHEN AGCM","3032801","2022-01-11 00:00","2022","01","11","00:00","2.3","","-5.7","","55","","0.0","","25","","26","","","","","M","","","","","NA"
"-112.94","50.93","GLEICHEN AGCM","3032801","2022-01-11 01:00","2022","01","11","01:00","-1.0","","-6.2","","68","","0.0","","24","","20","","","","","M","","","-7","","NA"
"-112.94","50.93","GLEICHEN AGCM","3032801","2022-01-11 02:00","2022","01","11","02:00","2.4","","-6.0","","54","","0.0","","24","","18","","","","","M","","","","","NA"
"-112.94","50.93","GLEICHEN AGCM","3032801","2022-01-11 03:00","2022","01","11","03:00","0.7","","-5.0","","66","","0.0","","24","","23","","","","","M","","","","","NA"
"-112.94","50.93","GLEICHEN AGCM","3032801","2022-01-11 04:00","2022","01","11","04:00","-0.5","","-4.7","","73","","0.0","","21","","14","","","","","M","","","-5","","NA"
"-112.94","50.93","GLEICHEN AGCM","3032801","2022-01-11 05:00","2022","01","11","05:00","1.0","","-4.3","","68","","0.0","","22","","18","","","","","M","","","","","NA"
"-112.94","50.93","GLEICHEN AGCM","3032801","2022-01-11 06:00","2022","01","11","06:00","1.2","","-4.3","","67","","0.0","","19","","22","","","","","M","","","","","NA"
"-112.94","50.93","GLEICHEN AGCM","3032801","2022-01-11 07:00","2022","01","11","07:00","2.4","","-4.9","","59","","0.0","","19","","20","","","","","M","","","","","NA"
"-112.94","50.93","GLEICHEN AGCM","3032801","2022-01-11 08:00","2022","01","11","08:00","1.8","","-4.1","","65","","0.0","","19","","25","","","","","M","","","","","NA"
"-112.94","50.93","GLEICHEN AGCM","3032801","2022-01-11 09:00","2022","01","11","09:00","2.2","","-3.6","","66","","0.0","","20","","29","","","","","M","","","","","NA"
"-112.94","50.93","GLEICHEN AGCM","3032801","2022-01-11 10:00","2022","01","11","10:00","3.0","","-3.0","","65","","0.0","","22","","24","","","","","M","","","","","NA"
"-112.94","50.93","GLEICHEN AGCM","3032801","2022-01-11 11:00","2022","01","11","11:00","4.2","","-2.0","","64","","0.0","","22","","15","","","","","M","","","","","NA"
"-112.94","50.93","GLEICHEN AGCM","3032801","2022-01-11 12:00","2022","01","11","12:00","5.1","","-2.1","","59","","0.0","","23","","25","","","","","M","","","","","NA"
"-112.94","50.93","GLEICHEN AGCM","3032801","2022-01-11 13:00","2022","01","11","13:00","4.5","","-1.2","","67","","0.0","","21","","19","","","","","M","","","","","NA"
"-112.94","50.93","GLEICHEN AGCM","3032801","2022-01-11 14:00","2022","01","11","14:00","3.8","","-1.1","","71","","0.0","","22","","17","","","","","M","","","","","NA"
"-112.94","50.93","GLEICHEN AGCM","3032801","2022-01-11 15:00","2022","01","11","15:00","5.3","","-2.8","","56","","0.0","","26","","25","","","","","M","","","","","NA"
"-112.94","50.93","GLEICHEN AGCM","3032801","2022-01-11 16:00","2022","01","11","16:00","3.3","","-2.6","","65","","0.0","","24","","12","","","","","M","","","","","NA"
"-112.94","50.93","GLEICHEN AGCM","3032801","2022-01-11 17:00","2022","01","11","17:00","1.7","","-3.6","","67","","0.0","","21","","12","","","","","M","","","","","NA"
"-112.94","50.93","GLEICHEN AGCM","3032801","2022-01-11 18:00","2022","01","11","18:00","1.6","","-4.5","","64","","0.0","","23","","11","","","","","M","","","","","NA"
"-112.94","50.93","GLEICHEN AGCM","3032801","2022-01-11 19:00","2022","01","11","19:00","-0.4","","-5.0","","71","","0.0","","21","","15","","","","","M","","","-5","","NA"
"-112.94","50.93","GLEICHEN AGCM","3032801","2022-01-11 20:00","2022","01","11","20:00","-0.7","","-4.5","","75","","0.0","","21","","19","","","","","M","","","-6","","NA"
"-112.94","50.93","GLEICHEN AGCM","3032801","2022-01-11 21:00","2022","01","11","21:00","1.1","","-3.7","","71","","0.0","","23","","24","","","","","M","","","","","NA"
"-112.94","50.93","GLEICHEN AGCM","3032801","2022-01-11 22:00","2022","01","11","22:00","0.6","","-3.5","","74","","0.0","","20","","12","","","","","M","","","","","NA"
"-112.94","50.93","GLEICHEN AGCM","3032801","2022-01-11 23:00","2022","01","11","23:00","1.5","","-2.9","","73","","0.0","","22","","18","","","","","M","","","","","NA"
"-112.94","50.93","GLEICHEN AGCM","3032801","2022-01-12 00:00","2022","01","12","00:00","2.3","","-2.5","","71","","0.0","","22","","16","","","","","M","","","","","NA"
"-112.94","50.93","GLEICHEN AGCM","3032801","2022-01-12 01:00","2022","01","12","01:00","2.5","","-2.5","","69","","0.0","","22","","14","","","","","M","","","","","NA"
"-112.94","50.93","GLEICHEN AGCM","3032801","2022-01-12 02:00","2022","01","12","02:00","2.3","","-2.4","","71","","0.0","","21","","16","","","","","M","","","","","NA"
"-112.94","50.93","GLEICHEN AGCM","3032801","2022-01-12 03:00","2022","01","12","03:00","1.6","","-2.6","","73","","0.0","","21","","17","","","","","M","","","","","NA"
"-112.94","50.93","GLEICHEN AGCM","3032801","2022-01-12 04:00","2022","01","12","04:00","1.8","","-2.5","","73","","0.0","","21","","19","","","","","M","","","","","NA"
"-112.94","50.93","GLEICHEN AGCM","3032801","2022-01-12 05:00","2022","01","12","05:00","0.8","","-2.5","","78","","0.0","","22","","17","","","","","M","","","","","NA"
"-112.94","50.93","GLEICHEN AGCM","3032801","2022-01-12 06:00","2022","01","12","06:00","0.7","","-2.9","","77","","0.0","","22","","16","","","","","M","","","","","NA"
"-112.94","50.93","GLEICHEN AGCM","3032801","2022-01-12 07:00","2022","01","12","07:00","1.0","","-2.8","","76","","0.0","","23","","13","","","","","M","","","","","NA"
"-112.94","50.93","GLEICHEN AGCM","3032801","2022-01-12 08:00","2022","01","12","08:00","1.8","","-3.3","","69","","0.0","","24","","19","","","","","M","","","","","NA"
"-112.94","50.93","GLEICHEN AGCM","3032801","2022-01-12 09:00","2022","01","12","09:00","3.2","","-2.7","","65","","0.0","","26","","19","","","","","M","","","","","NA"
"-112.94","50.93","GLEICHEN AGCM","3032801","2022-01-12 10:00","2022","01","12","10:00","0.1","","-4.0","","74","","0.0","","21","","16","","","","","M","","","","","NA"
"-112.94","50.93","GLEICHEN AGCM","3032801","2022-01-12 11:00","2022","01","12","11:00","3.2","","-2.1","","68","","0.0","","24","","23","","","","","M","","","","","NA"
"-112.94","50.93","GLEICHEN AGCM","3032801","2022-01-12 12:00","2022","01","12","12:00","4.1","","-1.4","","67","","0.0","","23","","23","","","","","M","","","","","NA"
"-112.94","50.93","GLEICHEN AGCM","3032801","2022-01-12 13:00","2022","01","12","13:00","4.2","","-1.0","","69","","0.0","","23","","16","","","","","M","","","","","NA"
"-112.94","50.93","GLEICHEN AGCM","3032801","2022-01-12 14:00","2022","01","12","14:00","3.3","","-0.9","","74","","0.0","","23","","12","","","","","M","","","","","NA"
"-112.94","50.93","GLEICHEN AGCM","3032801","2022-01-12 15:00","2022","01","12","15:00","3.6","","-1.1","","71","","0.0","","23","","13","","","","","M","","","","","NA"
"-112.94","50.93","GLEICHEN AGCM","3032801","2022-01-12 16:00","2022","01","12","16:00","3.6","","-1.3","","70","","0.0","","30","","7","","","","","M","","","","","NA"
"-112.94","50.93","GLEICHEN AGCM","3032801","2022-01-12 17:00","2022","01","12","17:00","2.9","","-1.2","","74","","0.0","","9","","5","","","","","M","","","","","NA"
"-112.94","50.93","GLEICHEN AGCM","3032801","2022-01-12 18:00","2022","01","12","18:00","1.7","","-1.2","","81","","0.0","","14","","7","","","","","M","","","","","NA"
"-112.94","50.93","GLEICHEN AGCM","3032801","2022-01-12 19:00","2022","01","12","19:00","2.3","","-0.5","","81","","0.0","","15","","7","","","","","M","","","","","NA"
"-112.94","50.93","GLEICHEN AGCM","3032801","2022-01-12 20:00","2022","01","12","20:00","3.7","","-0.7","","73","","0.0","","16","","13","","","","","M","","","","","NA"
"-112.94","50.93","GLEICHEN AGCM","3032801","2022-01-12 21:00","2022","01","12","21:00","2.7","","-1.0","","77","","0.0","","17","","8","","","","","M","","","","","NA"
"-112.94","50.93","GLEICHEN AGCM","3032801","2022-01-12 22:00","2022","01","12","22:00","2.4","","-0.6","","81","","0.0","","17","","13","","","","","M","","","","","NA"
"-112.94","50.93","GLEICHEN AGCM","3032801","2022-01-12 23:00","2022","01","12","23:00","2.1","","-0.8","","81","","0.0","","17","","10","","","","","M","","","","","NA"
"-112.94","50.93","GLEICHEN AGCM","3032801","2022-01-13 00:00","2022","01","13","00:00","1.8","","-0.9","","82","","0.0","","13","","4","","","","","M","","","","","NA"
"-112.94","50.93","GLEICHEN AGCM","3032801","2022-01-13 01:00","2022","01","13","01:00","2.0","","-1.0","","81","","0.0","","14","","12","","","","","M","","","","","NA"
"-112.94","50.93","GLEICHEN AGCM","3032801","2022-01-13 02:00","2022","01","13","02:00","1.4","","-1.6","","81","","0.0","","11","","12","","","","","M","","","","","NA"
"-112.94","50.93","GLEICHEN AGCM","3032801","2022-01-13 03:00","2022","01","13","03:00","1.2","","-2.3","","78","","0.0","","13","","20","","","","","M","","","","","NA"
"-112.94","50.93","GLEICHEN AGCM","3032801","2022-01-13 04:00","2022","01","13","04:00","0.0","","-2.3","","84","","0.0","","12","","13","","","","","M","","","-4","","NA"
"-112.94","50.93","GLEICHEN AGCM","3032801","2022-01-13 05:00","2022","01","13","05:00","-1.0","","-2.7","","88","","0.0","","15","","5","","","","","M","","","-3","","NA"
"-112.94","50.93","GLEICHEN AGCM","3032801","2022-01-13 06:00","2022","01","13","06:00","-2.8","","-3.7","","93","","0.0","","14","","6","","","","","M","","","-5","","NA"
"-112.94","50.93","GLEICHEN AGCM","3032801","2022-01-13 07:00","2022","01","13","07:00","-4.4","","-5.1","","95","","0.0","","28","","4","","","","","M","","","-6","","NA"
"-112.94","50.93","GLEICHEN AGCM","3032801","2022-01-13 08:00","2022","01","13","08:00","-3.9","","-4.6","","95","","0.0","","21","","12","","","","","M","","","-9","","NA"
"-112.94","50.93","GLEICHEN AGCM","3032801","2022-01-13 09:00","2022","01","13","09:00","-2.3","","-3.3","","93","","0.0","","21","","21","","","","","M","","","-8","","NA"
"-112.94","50.93","GLEICHEN AGCM","3032801","2022-01-13 10:00","2022","01","13","10:00","-1.0","","-2.8","","87","","0.0","","23","","20","","","","","M","","","-7","","NA"
"-112.94","50.93","GLEICHEN AGCM","3032801","2022-01-13 11:00","2022","01","13","11:00","2.9","","-1.8","","71","","0.0","","29","","19","","","","","M","","","","","NA"
"-112.94","50.93","GLEICHEN AGCM","3032801","2022-01-13 12:00","2022","01","13","12:00","0.4","","-2.0","","84","","0.0","","33","","25","","","","","M","","","","","NA"
"-112.94","50.93","GLEICHEN AGCM","3032801","2022-01-13 13:00","2022","01","13","13:00","0.2","","-2.0","","85","","0.0","","32","","25","","","","","M","","","","","NA"
"-112.94","50.93","GLEICHEN AGCM","3032801","2022-01-13 14:00","2022","01","13","14:00","0.6","","-1.4","","86","","0.0","","32","","35","","","","","M","","","","","NA"
"-112.94","50.93","GLEICHEN AGCM","3032801","2022-01-13 15:00","2022","01","13","15:00","0.3","","-1.6","","87","","0.0","","34","","36","","","","","M","","","","","NA"
"-112.94","50.93","GLEICHEN AGCM","3032801","2022-01-13 16:00","2022","01","13","16:00","-0.2","","-1.8","","89","","0.0","","34","","32","","","","","M","","","-7","","NA"
"-112.94","50.93","GLEICHEN AGCM","3032801","2022-01-13 17:00","2022","01","13","17:00","-0.1","","-1.7","","89","","0.0","","34","","23","","","","","M","","","-6","","NA"
"-112.94","50.93","GLEICHEN AGCM","3032801","2022-01-13 18:00","2022","01","13","18:00","-0.3","","-1.9","","89","","0.0","","34","","20","","","","","M","","","-6","","NA"
"-112.94","50.93","GLEICHEN AGCM","3032801","2022-01-13 19:00","2022","01","13","19:00","-0.6","","-2.0","","91","","0.0","","32","","10","","","","","M","","","-4","","NA"
"-112.94","50.93","GLEICHEN AGCM","3032801","2022-01-13 20:00","2022","01","13","20:00","-0.5","","-1.6","","93","","0.0","","32","","14","","","","","M","","","-5","","NA"
"-112.94","50.93","GLEICHEN AGCM","3032801","2022-01-13 21:00","2022","01","13","21:00","-0.5","","-1.5","","93","","0.0","","31","","12","","","","","M","","","-4","","NA"
"-112.94","50.93","GLEICHEN AGCM","3032801","2022-01-13 22:00","2022","01","13","22:00","-0.2","","-1.2","","93","","0.0","","32","","16","","","","","M","","","-5","","NA"
"-112.94","50.93","GLEICHEN AGCM","3032801","2022-01-13 23:00","2022","01","13","23:00","-2.0","","-2.7","","95","","0.0","","27","","6","","","","","M","","","-4","","NA"
"-112.94","50.93","GLEICHEN AGCM","3032801","2022-01-14 00:00","2022","01","14","00:00","-1.5","","-2.9","","90","","0.0","","31","","16","","","","","M","","","-6","","NA"
"-112.94","50.93","GLEICHEN AGCM","3032801","2022-01-14 01:00","2022","01","14","01:00","-2.2","","-3.8","","89","","0.0","","34","","17","","","","","M","","","-8","","NA"
"-112.94","50.93","GLEICHEN AGCM","3032801","2022-01-14 02:00","2022","01","14","02:00","-3.7","","-5.3","","89","","0.0","","29","","9","","","","","M","","","-7","","NA"
"-112.94","50.93","GLEICHEN AGCM","3032801","2022-01-14 03:00","2022","01","14","03:00","-5.3","","-7.0","","88","","0.0","","30","","13","","","","","M","","","-10","","NA"
"-112.94","50.93","GLEICHEN AGCM","3032801","2022-01-14 04:00","2022","01","14","04:00","-5.6","","-7.5","","87","","0.0","","30","","8","","","","","M","","","-9","","NA"
"-112.94","50.93","GLEICHEN AGCM","3032801","2022-01-14 05:00","2022","01","14","05:00","-6.7","","-8.3","","88","","0.0","","28","","8","","","","","M","","","-11","","NA"
"-112.94","50.93","GLEICHEN AGCM","3032801","2022-01-14 06:00","2022","01","14","06:00","-8.0","","-9.3","","91","","0.0","","26","","10","","","","","M","","","-13","","NA"
"-112.94","50.93","GLEICHEN AGCM","3032801","2022-01-14 07:00","2022","01","14","07:00","-8.9","","-10.0","","92","","0.0","","24","","9","","","","","M","","","-14","","NA"
"-112.94","50.93","GLEICHEN AGCM","3032801","2022-01-14 08:00","2022","01","14","08:00","-8.8","","-9.9","","92","","0.0","","25","","10","","","","","M","","","-14","","NA"
"-112.94","50.93","GLEICHEN AGCM","3032801","2022-01-14 09:00","2022","01","14","09:00","-4.5","","-5.3","","95","","0.0","","22","","6","","","","","M","","","-7","","NA"
"-112.94","50.93","GLEICHEN AGCM","3032801","2022-01-14 10:00","2022","01","14","10:00","-6.7","","-8.5","","87","","0.0","","18","","9","","","","","M","","","-11","","NA"
"-112.94","50.93","GLEICHEN AGCM","3032801","2022-01-14 11:00","2022","01","14","11:00","-6.0","","-7.2","","91","","0.0","","17","","19","","","","","M","","","-13","","NA"
"-112.94","50.93","GLEICHEN AGCM","3032801","2022-01-14 12:00","2022","01","14","12:00","-2.3","","-4.5","","85","","0.0","","16","","21","","","","","M","","","-8","","NA"
"-112.94","50.93","GLEICHEN AGCM","3032801","2022-01-14 13:00","2022","01","14","13:00","-0.8","","-3.1","","85","","0.0","","15","","19","","","","","M","","","-6","","NA"
"-112.94","50.93","GLEICHEN AGCM","3032801","2022-01-14 14:00","2022","01","14","14:00","-0.2","","-2.9","","82","","0.0","","15","","20","","","","","M","","","-5","","NA"
"-112.94","50.93","GLEICHEN AGCM","3032801","2022-01-14 15:00","2022","01","14","15:00","-0.3","","-2.8","","83","","0.0","","15","","26","","","","","M","","","-6","","NA"
"-112.94","50.93","GLEICHEN AGCM","3032801","2022-01-14 16:00","2022","01","14","16:00","-0.7","","-2.9","","85","","0.0","","15","","22","","","","","M","","","-6","","NA"
"-112.94","50.93","GLEICHEN AGCM","3032801","2022-01-14 17:00","2022","01","14","17:00","-0.9","","-2.9","","86","","0.0","","15","","22","","","","","M","","","-7","","NA"
"-112.94","50.93","GLEICHEN AGCM","3032801","2022-01-14 18:00","2022","01","14","18:00","-0.6","","-2.6","","86","","0.0","","15","","21","","","","","M","","","-6","","NA"
"-112.94","50.93","GLEICHEN AGCM","3032801","2022-01-14 19:00","2022","01","14","19:00","-1.1","","-2.7","","89","","0.0","","19","","16","","","","","M","","","-6","","NA"
"-112.94","50.93","GLEICHEN AGCM","3032801","2022-01-14 20:00","2022","01","14","20:00","-1.8","","-3.0","","92","","0.0","","19","","20","","","","","M","","","-8","","NA"
"-112.94","50.93","GLEICHEN AGCM","3032801","2022-01-14 21:00","2022","01","14","21:00","-2.6","","-3.8","","91","","0.0","","19","","10","","","","","M","","","-6","","NA"
"-112.94","50.93","GLEICHEN AGCM","3032801","2022-01-14 22:00","2022","01","14","22:00","-1.5","","-3.2","","88","","0.0","","23","","18","","","","","M","","","-7","","NA"
"-112.94","50.93","GLEICHEN AGCM","3032801","2022-01-14 23:00","2022","01","14","23:00","0.9","","-3.2","","74","","0.0","","24","","26","","","","","M","","","","","NA"
"-112.94","50.93","GLEICHEN AGCM","3032801","2022-01-15 00:00","2022","01","15","00:00","1.1","","-3.1","","74","","0.0","","22","","22","","","","","M","","","","","NA"
"-112.94","50.93","GLEICHEN AGCM","3032801","2022-01-15 01:00","2022","01","15","01:00","1.3","","-3.0","","73","","0.0","","23","","22","","","","","M","","","","","NA"
"-112.94","50.93","GLEICHEN AGCM","3032801","2022-01-15 02:00","2022","01","15","02:00","2.3","","-2.4","","71","","0.0","","23","","21","","","","","M","","","","","NA"
"-112.94","50.93","GLEICHEN AGCM","3032801","2022-01-15 03:00","2022","01","15","03:00","4.0","","-2.4","","63","","0.0","","23","","28","","","","","M","","","","","NA"
"-112.94","50.93","GLEICHEN AGCM","3032801","2022-01-15 04:00","2022","01","15","04:00","5.7","","-2.9","","54","","0.0","","25","","31","","","","","M","","","","","NA"
"-112.94","50.93","GLEICHEN AGCM","3032801","2022-01-15 05:00","2022","01","15","05:00","3.6","","-2.2","","66","","0.0","","24","","37","","","","","M","","","","","NA"
"-112.94","50.93","GLEICHEN AGCM","3032801","2022-01-15 06:00","2022","01","15","06:00","3.1","","-2.1","","69","","0.0","","24","","33","","","","","M","","","","","NA"
"-112.94","50.93","GLEICHEN AGCM","3032801","2022-01-15 07:00","2022","01","15","07:00","1.8","","-2.4","","74","","0.0","","23","","25","","","","","M","","","","","NA"
"-112.94","50.93","GLEICHEN AGCM","3032801","2022-01-15 08:00","2022","01","15","08:00","1.4","","-2.8","","73","","0.0","","34","","10","","","","","M","","","","","NA"
"-112.94","50.93","GLEICHEN AGCM","3032801","2022-01-15 09:00","2022","01","15","09:00","1.3","","-3.5","","70","","0.0","","28","","6","","","","","M","","","","","NA"
"-112.94","50.93","GLEICHEN AGCM","3032801","2022-01-15 10:00","2022","01","15","10:00","2.0","","-3.0","","70","","0.0","","27","","13","","","","","M","","","","","NA"
"-112.94","50.93","GLEICHEN AGCM","3032801","2022-01-15 11:00","2022","01","15","11:00","3.6","","-1.8","","68","","0.0","","34","","8","","","","","M","","","","","NA"
"-112.94","50.93","GLEICHEN AGCM","3032801","2022-01-15 12:00","2022","01","15","12:00","4.6","","-1.2","","66","","0.0","","31","","5","","","","","M","","","","","NA"
"-112.94","50.93","GLEICHEN AGCM","3032801","2022-01-15 13:00","2022","01","15","13:00","4.4","","-1.2","","67","","0.0","","24","","7","","","","","M","","","","","NA"
"-112.94","50.93","GLEICHEN AGCM","3032801","2022-01-15 14:00","2022","01","15","14:00","4.9","","-0.8","","66","","0.0","","21","","4","","","","","M","","","","","NA"
"-112.94","50.93","GLEICHEN AGCM","3032801","2022-01-15 15:00","2022","01","15","15:00","3.8","","-1.2","","70","","0.0","","22","","8","","","","","M","","","","","NA"
"-112.94","50.93","GLEICHEN AGCM","3032801","2022-01-15 16:00","2022","01","15","16:00","3.2","","-1.5","","71","","0.0","","22","","8","","","","","M","","","","","NA"
"-112.94","50.93","GLEICHEN AGCM","3032801","2022-01-15 17:00","2022","01","15","17:00","2.8","","-1.6","","73","","0.0","","19","","8","","","","","M","","","","","NA"
"-112.94","50.93","GLEICHEN AGCM","3032801","2022-01-15 18:00","2022","01","15","18:00","2.4","","-1.7","","74","","0.0","","18","","6","","","","","M","","","","","NA"
"-112.94","50.93","GLEICHEN AGCM","3032801","2022-01-15 19:00","2022","01","15","19:00","0.3","","-2.4","","82","","0.0","","6","","7","","","","","M","","","","","NA"
"-112.94","50.93","GLEICHEN AGCM","3032801","2022-01-15 20:00","2022","01","15","20:00","0.6","","-2.7","","79","","0.0","","16","","9","","","","","M","","","","","NA"
"-112.94","50.93","GLEICHEN AGCM","3032801","2022-01-15 21:00","2022","01","15","21:00","0.4","","-2.7","","80","","0.0","","20","","12","","","","","M","","","","","NA"
"-112.94","50.93","GLEICHEN AGCM","3032801","2022-01-15 22:00","2022","01","15","22:00","0.7","","-1.9","","83","","0.0","","23","","12","","","","","M","","","","","NA"
"-112.94","50.93","GLEICHEN AGCM","3032801","2022-01-15 23:00","2022","01","15","23:00","1.2","","-2.1","","79","","0.0","","23","","10","","","","","M","","","","","NA"
"-112.94","50.93","GLEICHEN AGCM","3032801","2022-01-16 00:00","2022","01","16","00:00","0.4","","-3.1","","78","","0.0","","22","","10","","","","","M","","","","","NA"
"-112.94","50.93","GLEICHEN AGCM","3032801","2022-01-16 01:00","2022","01","16","01:00","0.4","","-3.1","","77","","0.0","","23","","12","","","","","M","","","","","NA"
"-112.94","50.93","GLEICHEN AGCM","3032801","2022-01-16 02:00","2022","01","16","02:00","-0.5","","-3.9","","78","","0.0","","22","","14","","","","","M","","","-5","","NA"
"-112.94","50.93","GLEICHEN AGCM","3032801","2022-01-16 03:00","2022","01","16","03:00","1.7","","-5.5","","59","","0.0","","3","","11","","","","","M","","","","","NA"
"-112.94","50.93","GLEICHEN AGCM","3032801","2022-01-16 04:00","2022","01","16","04:00","-0.2","","-6.5","","62","","0.0","","30","","5","","","","","M","","","-2","","NA"
"-112.94","50.93","GLEICHEN AGCM","3032801","2022-01-16 05:00","2022","01","16","05:00","-1.2","","-7.4","","63","","0.0","","26","","8","","","","","M","","","-4","","NA"
"-112.94","50.93","GLEICHEN AGCM","3032801","2022-01-16 06:00","2022","01","16","06:00","-3.5","","-8.2","","70","","0.0","","21","","10","","","","","M","","","-7","","NA"
"-112.94","50.93","GLEICHEN AGCM","3032801","2022-01-16 07:00","2022","01","16","07:00","-4.8","","-8.4","","76","","0.0","","21","","12","","","","","M","","","-10","","NA"
"-112.94","50.93","GLEICHEN AGCM","3032801","2022-01-16 08:00","2022","01","16","08:00","-5.3","","-8.8","","76","","0.0","","22","","12","","","","","M","","","-10","","NA"
"-112.94","50.93","GLEICHEN AGCM","3032801","2022-01-16 09:00","2022","01","16","09:00","-4.7","","-8.8","","73","","0.0","","22","","10","","","","","M","","","-9","","NA"
"-112.94","50.93","GLEICHEN AGCM","3032801","2022-01-16 10:00","2022","01","16","10:00","-4.3","","-8.5","","73","","0.0","","19","","10","","","","","M","","","-8","","NA"
"-112.94","50.93","GLEICHEN AGCM","3032801","2022-01-16 11:00","2022","01","16","11:00","-2.0","","-6.7","","70","","0.0","","18","","9","","","","","M","","","-5","","NA"
"-112.94","50.93","GLEICHEN AGCM","3032801","2022-01-16 12:00","2022","01","16","12:00","0.8","","-5.3","","64","","0.0","","15","","11","","","","","M","","","","","NA"
"-112.94","50.93","GLEICHEN AGCM","3032801","2022-01-16 13:00","2022","01","16","13:00","1.9","","-3.7","","67","","0.0","","14","","10","","","","","M","","","","","NA"
"-112.94","50.93","GLEICHEN AGCM","3032801","2022-01-16 14:00","2022","01","16","14:00","3.3","","-3.1","","63","","0.0","","14","","17","","","","","M","","","","","NA"
"-112.94","50.93","GLEICHEN AGCM","3032801","2022-01-16 15:00","2022","01","16","15:00","1.4","","-2.2","","77","","0.0","","13","","10","","","","","M","","","","","NA"
"-112.94","50.93","GLEICHEN AGCM","3032801","2022-01-16 16:00","2022","01","16","16:00","0.7","","-2.3","","80","","0.0","","14","","12","","","","","M","","","","","NA"
"-112.94","50.93","GLEICHEN AGCM","3032801","2022-01-16 17:00","2022","01","16","17:00","0.7","","-2.8","","78","","0.0","","14","","12","","","","","M","","","","","NA"
"-112.94","50.93","GLEICHEN AGCM","3032801","2022-01-16 18:00","2022","01","16","18:00","0.0","","-2.8","","82","","0.0","","14","","11","","","","","M","","","-4","","NA"
"-112.94","50.93","GLEICHEN AGCM","3032801","2022-01-16 19:00","2022","01","16","19:00","-1.4","","-3.6","","85","","0.0","","30","","7","","","","","M","","","-4","","NA"
"-112.94","50.93","GLEICHEN AGCM","3032801","2022-01-16 20:00","2022","01","16","20:00","-2.7","","-4.7","","86","","0.0","","28","","3","","","","","M","","","-4","","NA"
"-112.94","50.93","GLEICHEN AGCM","3032801","2022-01-16 21:00","2022","01","16","21:00","-2.8","","-4.5","","88","","0.0","","21","","10","","","","","M","","","-7","","NA"
"-112.94","50.93","GLEICHEN AGCM","3032801","2022-01-16 22:00","2022","01","16","22:00","-3.0","","-5.0","","86","","0.0","","26","","6","","","","","M","","","-5","","NA"
"-112.94","50.93","GLEICHEN AGCM","3032801","2022-01-16 23:00","2022","01","16","23:00","-0.8","","-3.4","","83","","0.0","","23","","3","","","","","M","","","-2","","NA"
"-112.94","50.93","GLEICHEN AGCM","3032801","2022-01-17 00:00","2022","01","17","00:00","-1.9","","-5.0","","80","","0.0","","18","","8","","","","","M","","","-5","","NA"
"-112.94","50.93","GLEICHEN AGCM","3032801","2022-01-17 01:00","2022","01","17","01:00","0.6","","-3.9","","72","","0.0","","24","","9","","","","","M","","","","","NA"
"-112.94","50.93","GLEICHEN AGCM","3032801","2022-01-17 02:00","2022","01","17","02:00","-1.2","","-4.7","","77","","0.0","","22","","13","","","","","M","","","-5","","NA"
"-112.94","50.93","GLEICHEN AGCM","3032801","2022-01-17 03:00","2022","01","17","03:00","-0.6","","-4.4","","75","","0.0","","22","","13","","","","","M","","","-5","","NA"
"-112.94","50.93","GLEICHEN AGCM","3032801","2022-01-17 04:00","2022","01","17","04:00","-1.2","","-4.5","","79","","0.0","","23","","9","","","","","M","","","-4","","NA"
"-112.94","50.93","GLEICHEN AGCM","3032801","2022-01-17 05:00","2022","01","17","05:00","-6.5","","-8.1","","88","","0.0","","8","","7","","","","","M","","","-10","","NA"
"-112.94","50.93","GLEICHEN AGCM","3032801","2022-01-17 06:00","2022","01","17","06:00","-1.9","","-4.4","","83","","0.0","","19","","8","","","","","M","","","-5","","NA"
"-112.94","50.93","GLEICHEN AGCM","3032801","2022-01-17 07:00","2022","01","17","07:00","-1.0","","-4.3","","79","","0.0","","20","","12","","","","","M","","","-5","","NA"
"-112.94","50.93","GLEICHEN AGCM","3032801","2022-01-17 08:00","2022","01","17","08:00","-1.5","","-4.7","","78","","0.0","","16","","7","","","","","M","","","-4","","NA"
"-112.94","50.93","GLEICHEN AGCM","3032801","2022-01-17 09:00","2022","01","17","09:00","-1.2","","-4.6","","78","","0.0","","23","","17","","","","","M","","","-6","","NA"
"-112.94","50.93","GLEICHEN AGCM","3032801","2022-01-17 10:00","2022","01","17","10:00","1.3","","-3.1","","72","","0.0","","22","","16","","","","","M","","","","","NA"
"-112.94","50.93","GLEICHEN AGCM","3032801","2022-01-17 11:00","2022","01","17","11:00","3.1","","-1.9","","70","","0.0","","21","","17","","","","","M","","","","","NA"
"-112.94","50.93","GLEICHEN AGCM","3032801","2022-01-17 12:00","2022","01","17","12:00","4.6","","-1.1","","66","","0.0","","21","","14","","","","","M","","","","","NA"
"-112.94","50.93","GLEICHEN AGCM","3032801","2022-01-17 13:00","2022","01","17","13:00","5.4","","-0.6","","65","","0.0","","24","","15","","","","","M","","","","","NA"
"-112.94","50.93","GLEICHEN AGCM","3032801","2022-01-17 14:00","2022","01","17","14:00","5.6","","-0.4","","65","","0.0","","22","","12","","","","","M","","","","","NA"
"-112.94","50.93","GLEICHEN AGCM","3032801","2022-01-17 15:00","2022","01","17","15:00","5.2","","-0.5","","67","","0.0","","23","","16","","","","","M","","","","","NA"
"-112.94","50.93","GLEICHEN AGCM","3032801","2022-01-17 16:00","2022","01","17","16:00","5.4","","-0.9","","63","","0.0","","25","","19","","","","","M","","","","","NA"
"-112.94","50.93","GLEICHEN AGCM","3032801","2022-01-17 17:00","2022","01","17","17:00","4.3","","-1.5","","66","","0.0","","26","","19","","","","","M","","","","","NA"
"-112.94","50.93","GLEICHEN AGCM","3032801","2022-01-17 18:00","2022","01","17","18:00","4.9","","-2.0","","61","","0.0","","26","","22","","","","","M","","","","","NA"
"-112.94","50.93","GLEICHEN AGCM","3032801","2022-01-17 19:00","2022","01","17","19:00","2.7","","-1.8","","73","","0.0","","32","","33","","","","","M","","","","","NA"
"-112.94","50.93","GLEICHEN AGCM","3032801","2022-01-17 20:00","2022","01","17","20:00","0.7","","-0.7","","90","","0.0","","33","","39","","","","","M","","","","","NA"
"-112.94","50.93","GLEICHEN AGCM","3032801","2022-01-17 21:00","2022","01","17","21:00","-5.4","","-7.6","","84","","0.0","","34","","59","","","","","M","","","-16","","NA"
"-112.94","50.93","GLEICHEN AGCM","3032801","2022-01-17 22:00","2022","01","17","22:00","-9.7","","-12.4","","81","","0.0","","34","","57","","","","","M","","","-22","","NA"
"-112.94","50.93","GLEICHEN AGCM","3032801","2022-01-17 23:00","2022","01","17","23:00","-12.3","","-15.0","","81","","0.0","","35","","52","","","","","M","","","-25","","NA"
"-112.94","50.93","GLEICHEN AGCM","3032801","2022-01-18 00:00","2022","01","18","00:00","-13.6","","-15.6","","85","","0.0","","34","","45","","","","","M","","","-26","","NA"
"-112.94","50.93","GLEICHEN AGCM","3032801","2022-01-18 01:00","2022","01","18","01:00","-14.3","","-16.1","","86","","0.0","","34","","41","","","","","M","","","-27","","NA"
"-112.94","50.93","GLEICHEN AGCM","3032801","2022-01-18 02:00","2022","01","18","02:00","-15.1","","-17.3","","83","","0.0","","34","","36","","","","","M","","","-27","","NA"
"-112.94","50.93","GLEICHEN AGCM","3032801","2022-01-18 03:00","2022","01","18","03:00","-15.7","","-18.7","","77","","0.0","","34","","48","","","","","M","","","-29","","NA"
"-112.94","50.93","GLEICHEN AGCM","3032801","2022-01-18 04:00","2022","01","18","04:00","-16.1","","-19.7","","74","","0.0","","34","","48","","","","","M","","","-30","","NA"
"-112.94","50.93","GLEICHEN AGCM","3032801","2022-01-18 05:00","2022","01","18","05:00","-16.8","","-20.3","","74","","0.0","","34","","40","","","","","M","","","-30","","NA"
"-112.94","50.93","GLEICHEN AGCM","3032801","2022-01-18 06:00","2022","01","18","06:00","-17.4","","-20.7","","75","","0.0","","33","","32","","","","","M","","","-30","","NA"
"-112.94","50.93","GLEICHEN AGCM","3032801","2022-01-18 07:00","2022","01","18","07:00","-17.7","","-21.1","","75","","0.0","","34","","30","","","","","M","","","-30","","NA"
"-112.94","50.93","GLEICHEN AGCM","3032801","2022-01-18 08:00","2022","01","18","08:00","-17.9","","-20.9","","77","","0.0","","34","","21","","","","","M","","","-28","","NA"
"-112.94","50.93","GLEICHEN AGCM","3032801","2022-01-18 09:00","2022","01","18","09:00","-18.4","","-21.5","","77","","0.0","","33","","22","","","","","M","","","-29","","NA"
"-112.94","50.93","GLEICHEN AGCM","3032801","2022-01-18 10:00","2022","01","18","10:00","-18.7","","-22.2","","74","","0.0","","35","","19","","","","","M","","","-29","","NA"
"-112.94","50.93","GLEICHEN AGCM","3032801","2022-01-18 11:00","2022","01","18","11:00","-18.8","","-22.2","","75","","0.0","","35","","23","","","","","M","","","-30","","NA"
"-112.94","50.93","GLEICHEN AGCM","3032801","2022-01-18 12:00","2022","01","18","12:00","-19.4","","-22.9","","74","","0.0","","34","","16","","","","","M","","","-29","","NA"
"-112.94","50.93","GLEICHEN AGCM","3032801","2022-01-18 13:00","2022","01","18","13:00","-18.5","","-22.3","","72","","0.0","","35","","17","","","","","M","","","-28","","NA"
"-112.94","50.93","GLEICHEN AGCM","3032801","2022-01-18 14:00","2022","01","18","14:00","-18.7","","-22.2","","74","","0.0","","36","","13","","","","","M","","","-27","","NA"
"-112.94","50.93","GLEICHEN AGCM","3032801","2022-01-18 15:00","2022","01","18","15:00","-18.5","","-22.2","","73","","0.0","","35","","9","","","","","M","","","-25","","NA"
"-112.94","50.93","GLEICHEN AGCM","3032801","2022-01-18 16:00","2022","01","18","16:00","-18.8","","-22.5","","72","","0.0","","34","","8","","","","","M","","","-25","","NA"
"-112.94","50.93","GLEICHEN AGCM","3032801","2022-01-18 17:00","2022","01","18","17:00","-19.6","","-22.6","","77","","0.0","","35","","4","","","","","M","","","-23","","NA"
"-112.94","50.93","GLEICHEN AGCM","3032801","2022-01-18 18:00","2022","01","18","18:00","-19.1","","-22.8","","72","","0.0","","31","","6","","","","","M","","","-24","","NA"
"-112.94","50.93","GLEICHEN AGCM","3032801","2022-01-18 19:00","2022","01","18","19:00","-18.9","","-22.5","","73","","0.0","","34","","6","","","","","M","","","-24","","NA"
"-112.94","50.93","GLEICHEN AGCM","3032801","2022-01-18 20:00","2022","01","18","20:00","-18.9","","-22.6","","73","","0.0","","34","","3","","","","","M","","","-21","","NA"
"-112.94","50.93","GLEICHEN AGCM","3032801","2022-01-18 21:00","2022","01","18","21:00","-18.8","","-22.4","","74","","0.0","","8","","1","","","","","M","","","-20","","NA"
"-112.94","50.93","GLEICHEN AGCM","3032801","2022-01-18 22:00","2022","01","18","22:00","-18.8","","-22.3","","73","","0.0","","9","","1","","","","","M","","","-20","","NA"
"-112.94","50.93","GLEICHEN AGCM","3032801","2022-01-18 23:00","2022","01","18","23:00","-18.5","","-22.3","","72","","0.0","","13","","4","","","","","M","","","-22","","NA"
"-112.94","50.93","GLEICHEN AGCM","3032801","2022-01-19 00:00","2022","01","19","00:00","-20.0","","-22.9","","78","","0.0","","15","","9","","","","","M","","","-27","","NA"
"-112.94","50.93","GLEICHEN AGCM","3032801","2022-01-19 01:00","2022","01","19","01:00","-21.3","","-23.8","","81","","0.0","","13","","12","","","","","M","","","-30","","NA"
"-112.94","50.93","GLEICHEN AGCM","3032801","2022-01-19 02:00","2022","01","19","02:00","-21.5","","-23.9","","81","","0.0","","14","","14","","","","","M","","","-31","","NA"
"-112.94","50.93","GLEICHEN AGCM","3032801","2022-01-19 03:00","2022","01","19","03:00","-20.7","","-23.1","","81","","0.0","","16","","17","","","","","M","","","-31","","NA"
"-112.94","50.93","GLEICHEN AGCM","3032801","2022-01-19 04:00","2022","01","19","04:00","-21.7","","-24.0","","82","","0.0","","15","","14","","","","","M","","","-31","","NA"
"-112.94","50.93","GLEICHEN AGCM","3032801","2022-01-19 05:00","2022","01","19","05:00","-21.4","","-23.6","","82","","0.0","","14","","17","","","","","M","","","-31","","NA"
"-112.94","50.93","GLEICHEN AGCM","3032801","2022-01-19 06:00","2022","01","19","06:00","-20.1","","-22.1","","84","","0.0","","15","","14","","","","","M","","","-29","","NA"
"-112.94","50.93","GLEICHEN AGCM","3032801","2022-01-19 07:00","2022","01","19","07:00","-22.0","","-24.0","","84","","0.0","","15","","11","","","","","M","","","-30","","NA"
"-112.94","50.93","GLEICHEN AGCM","3032801","2022-01-19 08:00","2022","01","19","08:00","-24.2","","-26.4","","82","","0.0","","12","","8","","","","","M","","","-31","","NA"
"-112.94","50.93","GLEICHEN AGCM","3032801","2022-01-19 09:00","2022","01","19","09:00","-24.1","","-26.5","","81","","0.0","","11","","7","","","","","M","","","-30","","NA"
"-112.94","50.93","GLEICHEN AGCM","3032801","2022-01-19 10:00","2022","01","19","10:00","-19.9","","-22.3","","82","","0.0","","16","","16","","","","","M","","","-29","","NA"
"-112.94","50.93","GLEICHEN AGCM","3032801","2022-01-19 11:00","2022","01","19","11:00","-18.3","","-20.9","","80","","0.0","","14","","16","","","","","M","","","-27","","NA"
"-112.94","50.93","GLEICHEN AGCM","3032801","2022-01-19 12:00","2022","01","19","12:00","-15.7","","-19.0","","76","","0.0","","14","","20","","","","","M","","","-25","","NA"
"-112.94","50.93","GLEICHEN AGCM","3032801","2022-01-19 13:00","2022","01","19","13:00","-13.9","","-17.7","","73","","0.0","","16","","24","","","","","M","","","-24","","NA"
"-112.94","50.93","GLEICHEN AGCM","3032801","2022-01-19 14:00","2022","01","19","14:00","-12.6","","-16.9","","70","","0.0","","15","","25","","","","","M","","","-22","","NA"
"-112.94","50.93","GLEICHEN AGCM","3032801","2022-01-19 15:00","2022","01","19","15:00","-12.3","","-16.7","","70","","0.0","","16","","22","","","","","M","","","-21","","NA"
"-112.94","50.93","GLEICHEN AGCM","3032801","2022-01-19 16:00","2022","01","19","16:00","-12.4","","-16.4","","72","","0.0","","16","","16","","","","","M","","","-20","","NA"
"-112.94","50.93","GLEICHEN AGCM","3032801","2022-01-19 17:00","2022","01","19","17:00","-14.6","","-17.5","","79","","0.0","","17","","9","","","","","M","","","-20","","NA"
"-112.94","50.93","GLEICHEN AGCM","3032801","2022-01-19 18:00","2022","01","19","18:00","-16.2","","-18.5","","83","","0.0","","15","","10","","","","","M","","","-23","","NA"
"-112.94","50.93","GLEICHEN AGCM","3032801","2022-01-19 19:00","2022","01","19","19:00","-18.5","","-20.4","","85","","0.0","","12","","6","","","","","M","","","-23","","NA"
"-112.94","50.93","GLEICHEN AGCM","3032801","2022-01-19 20:00","2022","01","19","20:00","-18.9","","-20.5","","87","","0.0","","11","","7","","","","","M","","","-24","","NA"
"-112.94","50.93","GLEICHEN AGCM","3032801","2022-01-19 21:00","2022","01","19","21:00","-19.5","","-21.2","","86","","0.0","","14","","7","","","","","M","","","-25","","NA"
"-112.94","50.93","GLEICHEN AGCM","3032801","2022-01-19 22:00","2022","01","19","22:00","-19.2","","-21.0","","86","","0.0","","9","","5","","","","","M","","","-23","","NA"
"-112.94","50.93","GLEICHEN AGCM","3032801","2022-01-19 23:00","2022","01","19","23:00","-18.9","","-20.6","","86","","0.0","","8","","4","","","","","M","","","-22","","NA"
"-112.94","50.93","GLEICHEN AGCM","3032801","2022-01-20 00:00","2022","01","20","00:00","-17.6","","-19.1","","88","","0.0","","19","","4","","","","","M","","","-21","","NA"
"-112.94","50.93","GLEICHEN AGCM","3032801","2022-01-20 01:00","2022","01","20","01:00","-17.8","","-19.4","","87","","0.0","","19","","4","","","","","M","","","-21","","NA"
"-112.94","50.93","GLEICHEN AGCM","3032801","2022-01-20 02:00","2022","01","20","02:00","-17.6","","-19.3","","87","","0.0","","16","","1","","","","","M","","","-18","","NA"
"-112.94","50.93","GLEICHEN AGCM","3032801","2022-01-20 03:00","2022","01","20","03:00","-16.7","","-18.3","","87","","0.0","","13","","3","","","","","M","","","-19","","NA"
"-112.94","50.93","GLEICHEN AGCM","3032801","2022-01-20 04:00","2022","01","20","04:00","-17.9","","-19.5","","87","","0.0","","0","","1","","","","","M","","","-19","","NA"
"-112.94","50.93","GLEICHEN AGCM","3032801","2022-01-20 05:00","2022","01","20","05:00","-15.7","","-17.2","","89","","0.0","","13","","2","","","","","M","","","-17","","NA"
"-112.94","50.93","GLEICHEN AGCM","3032801","2022-01-20 06:00","2022","01","20","06:00","-14.3","","-16.1","","86","","0.0","","19","","6","","","","","M","","","-18","","NA"
"-112.94","50.93","GLEICHEN AGCM","3032801","2022-01-20 07:00","2022","01","20","07:00","-12.4","","-15.1","","80","","0.0","","19","","15","","","","","M","","","-20","","NA"
"-112.94","50.93","GLEICHEN AGCM","3032801","2022-01-20 08:00","2022","01","20","08:00","-12.4","","-14.9","","82","","0.0","","18","","12","","","","","M","","","-19","","NA"
"-112.94","50.93","GLEICHEN AGCM","3032801","2022-01-20 09:00","2022","01","20","09:00","-10.8","","-13.1","","83","","0.0","","20","","19","","","","","M","","","-19","","NA"
"-112.94","50.93","GLEICHEN AGCM","3032801","2022-01-20 10:00","2022","01","20","10:00","-6.0","","-8.9","","80","","0.0","","22","","17","","","","","M","","","-12","","NA"
"-112.94","50.93","GLEICHEN AGCM","3032801","2022-01-20 11:00","2022","01","20","11:00","2.4","","-2.8","","69","","0.0","","23","","29","","","","","M","","","","","NA"
"-112.94","50.93","GLEICHEN AGCM","3032801","2022-01-20 12:00","2022","01","20","12:00","3.5","","-1.3","","71","","0.0","","24","","26","","","","","M","","","","","NA"
"-112.94","50.93","GLEICHEN AGCM","3032801","2022-01-20 13:00","2022","01","20","13:00","3.8","","-1.1","","70","","0.0","","24","","23","","","","","M","","","","","NA"
"-112.94","50.93","GLEICHEN AGCM","3032801","2022-01-20 14:00","2022","01","20","14:00","4.2","","-1.1","","68","","0.0","","22","","25","","","","","M","","","","","NA"
"-112.94","50.93","GLEICHEN AGCM","3032801","2022-01-20 15:00","2022","01","20","15:00","4.0","","-1.1","","69","","0.0","","24","","17","","","","","M","","","","","NA"
"-112.94","50.93","GLEICHEN AGCM","3032801","2022-01-20 16:00","2022","01","20","16:00","5.4","","-1.7","","60","","0.0","","26","","24","","","","","M","","","","","NA"
"-112.94","50.93","GLEICHEN AGCM","3032801","2022-01-20 17:00","2022","01","20","17:00","6.3","","-2.8","","52","","0.0","","28","","39","","","","","M","","","","","NA"
"-112.94","50.93","GLEICHEN AGCM","3032801","2022-01-20 18:00","2022","01","20","18:00","5.4","","-3.1","","54","","0.0","","28","","38","","","","","M","","","","","NA"
"-112.94","50.93","GLEICHEN AGCM","3032801","2022-01-20 19:00","2022","01","20","19:00","4.9","","-3.5","","54","","0.0","","28","","36","","","","","M","","","","","NA"
"-112.94","50.93","GLEICHEN AGCM","3032801","2022-01-20 20:00","2022","01","20","20:00","4.4","","-3.8","","55","","0.0","","28","","38","","","","","M","","","","","NA"
"-112.94","50.93","GLEICHEN AGCM","3032801","2022-01-20 21:00","2022","01","20","21:00","2.2","","-3.8","","65","","0.0","","29","","22","","","","","M","","","","","NA"
"-112.94","50.93","GLEICHEN AGCM","3032801","2022-01-20 22:00","2022","01","20","22:00","1.3","","-4.8","","64","","0.0","","30","","18","","","","","M","","","","","NA"
"-112.94","50.93","GLEICHEN AGCM","3032801","2022-01-20 23:00","2022","01","20","23:00","-0.1","","-5.3","","68","","0.0","","30","","19","","","","","M","","","-5","","NA"
"-112.94","50.93","GLEICHEN AGCM","3032801","2022-01-21 00:00","2022","01","21","00:00","0.7","","-4.4","","69","","0.0","","31","","20","","","","","M","","","","","NA"
"-112.94","50.93","GLEICHEN AGCM","3032801","2022-01-21 01:00","2022","01","21","01:00","0.5","","-3.5","","75","","0.0","","30","","17","","","","","M","","","","","NA"
"-112.94","50.93","GLEICHEN AGCM","3032801","2022-01-21 02:00","2022","01","21","02:00","1.8","","-2.0","","76","","0.0","","33","","25","","","","","M","","","","","NA"
"-112.94","50.93","GLEICHEN AGCM","3032801","2022-01-21 03:00","2022","01","21","03:00","0.9","","-2.0","","81","","0.0","","31","","20","","","","","M","","","","","NA"
"-112.94","50.93","GLEICHEN AGCM","3032801","2022-01-21 04:00","2022","01","21","04:00","0.8","","-1.7","","84","","0.0","","31","","15","","","","","M","","","","","NA"
"-112.94","50.93","GLEICHEN AGCM","3032801","2022-01-21 05:00","2022","01","21","05:00","-0.1","","-1.8","","88","","0.0","","28","","15","","","","","M","","","-5","","NA"
"-112.94","50.93","GLEICHEN AGCM","3032801","2022-01-21 06:00","2022","01","21","06:00","1.0","","-2.0","","80","","0.0","","31","","23","","","","","M","","","","","NA"
"-112.94","50.93","GLEICHEN AGCM","3032801","2022-01-21 07:00","2022","01","21","07:00","-0.2","","-2.9","","82","","0.0","","30","","16","","","","","M","","","-5","","NA"
"-112.94","50.93","GLEICHEN AGCM","3032801","2022-01-21 08:00","2022","01","21","08:00","-1.7","","-4.1","","84","","0.0","","28","","13","","","","","M","","","-6","","NA"
"-112.94","50.93","GLEICHEN AGCM","3032801","2022-01-21 09:00","2022","01","21","09:00","-2.9","","-5.2","","85","","0.0","","25","","9","","","","","M","","","-6","","NA"
"-112.94","50.93","GLEICHEN AGCM","3032801","2022-01-21 10:00","2022","01","21","10:00","-1.5","","-4.8","","78","","0.0","","23","","8","","","","","M","","","-5","","NA"
"-112.94","50.93","GLEICHEN AGCM","3032801","2022-01-21 11:00","2022","01","21","11:00","0.8","","-4.1","","70","","0.0","","23","","4","","","","","M","","","","","NA"
"-112.94","50.93","GLEICHEN AGCM","3032801","2022-01-21 12:00","2022","01","21","12:00","1.3","","-3.4","","71","","0.0","","19","","7","","","","","M","","","","","NA"
"-112.94","50.93","GLEICHEN AGCM","3032801","2022-01-21 13:00","2022","01","21","13:00","3.6","","-2.4","","65","","0.0","","19","","5","","","","","M","","","","","NA"
"-112.94","50.93","GLEICHEN AGCM","3032801","2022-01-21 14:00","2022","01","21","14:00","2.8","","-2.4","","69","","0.0","","7","","5","","","","","M","","","","","NA"
"-112.94","50.93","GLEICHEN AGCM","3032801","2022-01-21 15:00","2022","01","21","15:00","2.8","","-1.5","","73","","0.0","","6","","7","","","","","M","","","","","NA"
"-112.94","50.93","GLEICHEN AGCM","3032801","2022-01-21 16:00","2022","01","21","16:00","1.8","","-1.1","","81","","0.0","","8","","7","","","","","M","","","","","NA"
"-112.94","50.93","GLEICHEN AGCM","3032801","2022-01-21 17:00","2022","01","21","17:00","0.7","","-1.3","","87","","0.0","","10","","10","","","","","M","","","","","NA"
"-112.94","50.93","GLEICHEN AGCM","3032801","2022-01-21 18:00","2022","01","21","18:00","0.3","","-1.7","","87","","0.0","","12","","10","","","","","M","","","","","NA"
"-112.94","50.93","GLEICHEN AGCM","3032801","2022-01-21 19:00","2022","01","21","19:00","0.0","","-2.2","","85","","0.0","","11","","11","","","","","M","","","-4","","NA"
"-112.94","50.93","GLEICHEN AGCM","3032801","2022-01-21 20:00","2022","01","21","20:00","-0.5","","-2.5","","86","","0.0","","9","","7","","","","","M","","","-3","","NA"
"-112.94","50.93","GLEICHEN AGCM","3032801","2022-01-21 21:00","2022","01","21","21:00","-0.7","","-2.3","","89","","0.0","","18","","9","","","","","M","","","-4","","NA"
"-112.94","50.93","GLEICHEN AGCM","3032801","2022-01-21 22:00","2022","01","21","22:00","-0.5","","-2.3","","88","","0.0","","19","","11","","","","","M","","","-4","","NA"
"-112.94","50.93","GLEICHEN AGCM","3032801","2022-01-21 23:00","2022","01","21","23:00","-0.8","","-2.7","","87","","0.0","","20","","10","","","","","M","","","-4","","NA"
"-112.94","50.93","GLEICHEN AGCM","3032801","2022-01-22 00:00","2022","01","22","00:00","-0.6","","-2.3","","88","","0.0","","22","","15","","","","","M","","","-5","","NA"
"-112.94","50.93","GLEICHEN AGCM","3032801","2022-01-22 01:00","2022","01","22","01:00","1.9","","-1.0","","81","","0.0","","27","","15","","","","","M","","","","","NA"
"-112.94","50.93","GLEICHEN AGCM","3032801","2022-01-22 02:00","2022","01","22","02:00","2.6","","-0.5","","80","","0.0","","25","","14","","","","","M","","","","","NA"
"-112.94","50.93","GLEICHEN AGCM","3032801","2022-01-22 03:00","2022","01","22","03:00","1.2","","-1.7","","81","","0.0","","23","","16","","","","","M","","","","","NA"
"-112.94","50.93","GLEICHEN AGCM","3032801","2022-01-22 04:00","2022","01","22","04:00","2.1","","-1.8","","76","","0.0","","23","","20","","","","","M","","","","","NA"
"-112.94","50.93","GLEICHEN AGCM","3032801","2022-01-22 05:00","2022","01","22","05:00","2.7","","-2.5","","69","","0.0","","23","","23","","","","","M","","","","","NA"
"-112.94","50.93","GLEICHEN AGCM","3032801","2022-01-22 06:00","2022","01","22","06:00","2.7","","-2.2","","70","","0.0","","24","","20","","","","","M","","","","","NA"
"-112.94","50.93","GLEICHEN AGCM","3032801","2022-01-22 07:00","2022","01","22","07:00","2.4","","-1.8","","74","","0.0","","24","","14","","","","","M","","","","","NA"
"-112.94","50.93","GLEICHEN AGCM","3032801","2022-01-22 08:00","2022","01","22","08:00","2.7","","-1.7","","73","","0.0","","24","","15","","","","","M","","","","","NA"
"-112.94","50.93","GLEICHEN AGCM","3032801","2022-01-22 09:00","2022","01","22","09:00","4.2","","-1.8","","65","","0.0","","26","","16","","","","","M","","","","","NA"
"-112.94","50.93","GLEICHEN AGCM","3032801","2022-01-22 10:00","2022","01","22","10:00","4.3","","-1.3","","67","","0.0","","25","","14","","","","","M","","","","","NA"
"-112.94","50.93","GLEICHEN AGCM","3032801","2022-01-22 11:00","2022","01","22","11:00","4.9","","-0.7","","67","","0.0","","24","","10","","","","","M","","","","","NA"
"-112.94","50.93","GLEICHEN AGCM","3032801","2022-01-22 12:00","2022","01","22","12:00","7.0","","-0.4","","59","","0.0","","27","","11","","","","","M","","","","","NA"
"-112.94","50.93","GLEICHEN AGCM","3032801","2022-01-22 13:00","2022","01","22","13:00","8.1","","0.1","","57","","0.0","","25","","9","","","","","M","","","","","NA"
"-112.94","50.93","GLEICHEN AGCM","3032801","2022-01-22 14:00","2022","01","22","14:00","8.8","","0.7","","57","","0.0","","24","","8","","","","","M","","","","","NA"
"-112.94","50.93","GLEICHEN AGCM","3032801","2022-01-22 15:00","2022","01","22","15:00","6.5","","0.3","","65","","0.0","","20","","8","","","","","M","","","","","NA"
"-112.94","50.93","GLEICHEN AGCM","3032801","2022-01-22 16:00","2022","01","22","16:00","5.6","","0.0","","67","","0.0","","22","","8","","","","","M","","","","","NA"
"-112.94","50.93","GLEICHEN AGCM","3032801","2022-01-22 17:00","2022","01","22","17:00","4.8","","-0.3","","69","","0.0","","21","","13","","","","","M","","","","","NA"
"-112.94","50.93","GLEICHEN AGCM","3032801","2022-01-22 18:00","2022","01","22","18:00","3.7","","0.0","","77","","0.0","","23","","11","","","","","M","","","","","NA"
"-112.94","50.93","GLEICHEN AGCM","3032801","2022-01-22 19:00","2022","01","22","19:00","4.5","","-0.3","","71","","0.0","","22","","15","","","","","M","","","","","NA"
"-112.94","50.93","GLEICHEN AGCM","3032801","2022-01-22 20:00","2022","01","22","20:00","6.6","","-1.8","","55","","0.0","","27","","25","","","","","M","","","","","NA"
"-112.94","50.93","GLEICHEN AGCM","3032801","2022-01-22 21:00","2022","01","22","21:00","5.8","","-2.4","","56","","0.0","","27","","22","","","","","M","","","","","NA"
"-112.94","50.93","GLEICHEN AGCM","3032801","2022-01-22 22:00","2022","01","22","22:00","5.9","","-2.3","","55","","0.0","","26","","24","","","","","M","","","","","NA"
"-112.94","50.93","GLEICHEN AGCM","3032801","2022-01-22 23:00","2022","01","22","23:00","6.5","","-3.1","","50","","0.0","","27","","28","","","","","M","","","","","NA"
"-112.94","50.93","GLEICHEN AGCM","3032801","2022-01-23 00:00","2022","01","23","00:00","5.8","","-3.2","","52","","0.0","","26","","23","","","","","M","","","","","NA"
"-112.94","50.93","GLEICHEN AGCM","3032801","2022-01-23 01:00","2022","01","23","01:00","5.2","","-2.9","","56","","0.0","","27","","18","","","","","M","","","","","NA"
"-112.94","50.93","GLEICHEN AGCM","3032801","2022-01-23 02:00","2022","01","23","02:00","5.5","","-3.2","","54","","0.0","","26","","22","","","","","M","","","","","NA"
"-112.94","50.93","GLEICHEN AGCM","3032801","2022-01-23 03:00","2022","01","23","03:00","5.4","","-3.4","","53","","0.0","","26","","24","","","","","M","","","","","NA"
"-112.94","50.93","GLEICHEN AGCM","3032801","2022-01-23 04:00","2022","01","23","04:00","5.9","","-3.8","","50","","0.0","","25","","26","","","","","M","","","","","NA"
"-112.94","50.93","GLEICHEN AGCM","3032801","2022-01-23 05:00","2022","01","23","05:00","6.1","","-4.0","","48","","0.0","","26","","26","","","","","M","","","","","NA"
"-112.94","50.93","GLEICHEN AGCM","3032801","2022-01-23 06:00","2022","01","23","06:00","4.9","","-3.7","","54","","0.0","","25","","23","","","","","M","","","","","NA"
"-112.94","50.93","GLEICHEN AGCM","3032801","2022-01-23 07:00","2022","01","23","07:00","3.4","","-3.1","","62","","0.0","","23","","17","","","","","M","","","","","NA"
"-112.94","50.93","GLEICHEN AGCM","3032801","2022-01-23 08:00","2022","01","23","08:00","2.7","","-3.4","","64","","0.0","","23","","15","","","","","M","","","","","NA"
"-112.94","50.93","GLEICHEN AGCM","3032801","2022-01-23 09:00","2022","01","23","09:00","3.0","","-3.7","","61","","0.0","","23","","18","","","","","M","","","","","NA"
"-112.94","50.93","GLEICHEN AGCM","3032801","2022-01-23 10:00","2022","01","23","10:00","3.7","","-3.9","","57","","0.0","","23","","15","","","","","M","","","","","NA"
"-112.94","50.93","GLEICHEN AGCM","3032801","2022-01-23 11:00","2022","01","23","11:00","5.7","","-3.7","","51","","0.0","","29","","8","","","","","M","","","","","NA"
"-112.94","50.93","GLEICHEN AGCM","3032801","2022-01-23 12:00","2022","01","23","12:00","7.3","","-1.3","","54","","0.0","","34","","3","","","","","M","","","","","NA"
"-112.94","50.93","GLEICHEN AGCM","3032801","2022-01-23 13:00","2022","01","23","13:00","8.3","","-2.2","","47","","0.0","","33","","7","","","","","M","","","","","NA"
"-112.94","50.93","GLEICHEN AGCM","3032801","2022-01-23 14:00","2022","01","23","14:00","8.4","","-3.8","","42","","0.0","","36","","8","","","","","M","","","","","NA"
"-112.94","50.93","GLEICHEN AGCM","3032801","2022-01-23 15:00","2022","01","23","15:00","8.1","","-3.5","","44","","0.0","","3","","8","","","","","M","","","","","NA"
"-112.94","50.93","GLEICHEN AGCM","3032801","2022-01-23 16:00","2022","01","23","16:00","5.6","","-2.6","","56","","0.0","","36","","12","","","","","M","","","","","NA"
"-112.94","50.93","GLEICHEN AGCM","3032801","2022-01-23 17:00","2022","01","23","17:00","3.6","","-2.5","","64","","0.0","","35","","10","","","","","M","","","","","NA"
"-112.94","50.93","GLEICHEN AGCM","3032801","2022-01-23 18:00","2022","01","23","18:00","1.4","","-2.5","","75","","0.0","","32","","4","","","","","M","","","","","NA"
"-112.94","50.93","GLEICHEN AGCM","3032801","2022-01-23 19:00","2022","01","23","19:00","0.8","","-2.2","","80","","0.0","","26","","6","","","","","M","","","","","NA"
"-112.94","50.93","GLEICHEN AGCM","3032801","2022-01-23 20:00","2022","01","23","20:00","2.4","","-1.9","","73","","0.0","","30","","10","","","","","M","","","","","NA"
"-112.94","50.93","GLEICHEN AGCM","3032801","2022-01-23 21:00","2022","01","23","21:00","1.2","","-2.0","","79","","0.0","","29","","12","","","","","M","","","","","NA"
"-112.94","50.93","GLEICHEN AGCM","3032801","2022-01-23 22:00","2022","01","23","22:00","1.0","","-2.3","","79","","0.0","","30","","16","","","","","M","","","","","NA"
"-112.94","50.93","GLEICHEN AGCM","3032801","2022-01-23 23:00","2022","01","23","23:00","0.8","","-2.4","","79","","0.0","","31","","15","","","","","M","","","","","NA"
"-112.94","50.93","GLEICHEN AGCM","3032801","2022-01-24 00:00","2022","01","24","00:00","0.3","","-2.8","","80","","0.0","","30","","12","","","","","M","","","","","NA"
"-112.94","50.93","GLEICHEN AGCM","3032801","2022-01-24 01:00","2022","01","24","01:00","0.1","","-2.6","","82","","0.0","","30","","14","","","","","M","","","","","NA"
"-112.94","50.93","GLEICHEN AGCM","3032801","2022-01-24 02:00","2022","01","24","02:00","1.0","","-2.2","","79","","0.0","","29","","12","","","","","M","","","","","NA"
"-112.94","50.93","GLEICHEN AGCM","3032801","2022-01-24 03:00","2022","01","24","03:00","-1.4","","-3.4","","86","","0.0","","23","","12","","","","","M","","","-5","","NA"
"-112.94","50.93","GLEICHEN AGCM","3032801","2022-01-24 04:00","2022","01","24","04:00","-0.2","","-3.0","","81","","0.0","","26","","13","","","","","M","","","-4","","NA"
"-112.94","50.93","GLEICHEN AGCM","3032801","2022-01-24 05:00","2022","01","24","05:00","0.3","","-2.6","","81","","0.0","","27","","11","","","","","M","","","","","NA"
"-112.94","50.93","GLEICHEN AGCM","3032801","2022-01-24 06:00","2022","01","24","06:00","1.4","","-2.7","","74","","0.0","","30","","14","","","","","M","","","","","NA"
"-112.94","50.93","GLEICHEN AGCM","3032801","2022-01-24 07:00","2022","01","24","07:00","1.4","","-1.8","","79","","0.0","","31","","24","","","","","M","","","","","NA"
"-112.94","50.93","GLEICHEN AGCM","3032801","2022-01-24 08:00","2022","01","24","08:00","0.7","","-1.3","","86","","0.0","","30","","18","","","","","M","","","","","NA"
"-112.94","50.93","GLEICHEN AGCM","3032801","2022-01-24 09:00","2022","01","24","09:00","0.9","","-1.0","","87","","0.0","","32","","22","","","","","M","","","","","NA"
"-112.94","50.93","GLEICHEN AGCM","3032801","2022-01-24 10:00","2022","01","24","10:00","1.4","","-0.8","","86","","0.0","","31","","21","","","","","M","","","","","NA"
"-112.94","50.93","GLEICHEN AGCM","3032801","2022-01-24 11:00","2022","01","24","11:00","1.5","","-0.6","","86","","0.0","","31","","31","","","","","M","","","","","NA"
"-112.94","50.93","GLEICHEN AGCM","3032801","2022-01-24 12:00","2022","01","24","12:00","1.6","","-0.8","","84","","0.0","","32","","31","","","","","M","","","","","NA"
"-112.94","50.93","GLEICHEN AGCM","3032801","2022-01-24 13:00","2022","01","24","13:00","1.0","","0.0","","93","","0.0","","32","","31","","","","","M","","","","","NA"
"-112.94","50.93","GLEICHEN AGCM","3032801","2022-01-24 14:00","2022","01","24","14:00","1.2","","0.3","","94","","0.0","","33","","29","","","","","M","","","","","NA"
"-112.94","50.93","GLEICHEN AGCM","3032801","2022-01-24 15:00","2022","01","24","15:00","1.6","","-0.6","","86","","0.0","","34","","34","","","","","M","","","","","NA"
"-112.94","50.93","GLEICHEN AGCM","3032801","2022-01-24 16:00","2022","01","24","16:00","1.0","","-0.2","","92","","0.0","","33","","26","","","","","M","","","","","NA"
"-112.94","50.93","GLEICHEN AGCM","3032801","2022-01-24 17:00","2022","01","24","17:00","0.6","","-0.3","","94","","0.0","","33","","19","","","","","M","","","","","NA"
"-112.94","50.93","GLEICHEN AGCM","3032801","2022-01-24 18:00","2022","01","24","18:00","0.1","","-0.5","","96","","0.0","","33","","23","","","","","M","","","","","NA"
"-112.94","50.93","GLEICHEN AGCM","3032801","2022-01-24 19:00","2022","01","24","19:00","-0.5","","-1.0","","96","","0.0","","2","","14","","","","","M","","","-5","","NA"
"-112.94","50.93","GLEICHEN AGCM","3032801","2022-01-24 20:00","2022","01","24","20:00","-0.6","","-1.1","","97","","0.4","","1","","6","","","","","M","","","-3","","NA"
"-112.94","50.93","GLEICHEN AGCM","3032801","2022-01-24 21:00","2022","01","24","21:00","-1.9","","-2.4","","97","","0.0","","4","","9","","","","","M","","","-5","","NA"
"-112.94","50.93","GLEICHEN AGCM","3032801","2022-01-24 22:00","2022","01","24","22:00","-2.2","","-2.7","","96","","0.4","","5","","9","","","","","M","","","-6","","NA"
"-112.94","50.93","GLEICHEN AGCM","3032801","2022-01-24 23:00","2022","01","24","23:00","-2.8","","-3.2","","97","","0.0","","4","","10","","","","","M","","","-7","","NA"
"-112.94","50.93","GLEICHEN AGCM","3032801","2022-01-25 00:00","2022","01","25","00:00","-2.9","","-3.3","","97","","0.0","","6","","9","","","","","M","","","-6","","NA"
"-112.94","50.93","GLEICHEN AGCM","3032801","2022-01-25 01:00","2022","01","25","01:00","-3.4","","-4.0","","96","","0.0","","7","","4","","","","","M","","","-5","","NA"
"-112.94","50.93","GLEICHEN AGCM","3032801","2022-01-25 02:00","2022","01","25","02:00","-4.7","","-5.1","","97","","0.0","","17","","5","","","","","M","","","-7","","NA"
"-112.94","50.93","GLEICHEN AGCM","3032801","2022-01-25 03:00","2022","01","25","03:00","-4.9","","-5.4","","96","","0.0","","20","","8","","","","","M","","","-8","","NA"
"-112.94","50.93","GLEICHEN AGCM","3032801","2022-01-25 04:00","2022","01","25","04:00","-3.9","","-4.3","","97","","0.0","","18","","14","","","","","M","","","-9","","NA"
"-112.94","50.93","GLEICHEN AGCM","3032801","2022-01-25 05:00","2022","01","25","05:00","-3.2","","-3.4","","98","","0.0","","17","","16","","","","","M","","","-9","","NA"
"-112.94","50.93","GLEICHEN AGCM","3032801","2022-01-25 06:00","2022","01","25","06:00","-3.4","","-3.6","","99","","0.0","","17","","22","","","","","M","","","-10","","NA"
"-112.94","50.93","GLEICHEN AGCM","3032801","2022-01-25 07:00","2022","01","25","07:00","-3.7","","-3.9","","98","","0.0","","18","","26","","","","","M","","","-11","","NA"
"-112.94","50.93","GLEICHEN AGCM","3032801","2022-01-25 08:00","2022","01","25","08:00","-4.2","","-4.5","","98","","0.0","","17","","21","","","","","M","","","-11","","NA"
"-112.94","50.93","GLEICHEN AGCM","3032801","2022-01-25 09:00","2022","01","25","09:00","-5.1","","-5.5","","97","","0.0","","18","","26","","","","","M","","","-13","","NA"
"-112.94","50.93","GLEICHEN AGCM","3032801","2022-01-25 10:00","2022","01","25","10:00","-4.5","","-4.8","","98","","0.0","","18","","25","","","","","M","","","-12","","NA"
"-112.94","50.93","GLEICHEN AGCM","3032801","2022-01-25 11:00","2022","01","25","11:00","-3.3","","-3.6","","97","","0.0","","17","","25","","","","","M","","","-10","","NA"
"-112.94","50.93","GLEICHEN AGCM","3032801","2022-01-25 12:00","2022","01","25","12:00","-2.0","","-3.0","","93","","0.0","","17","","20","","","","","M","","","-8","","NA"
"-112.94","50.93","GLEICHEN AGCM","3032801","2022-01-25 13:00","2022","01","25","13:00","0.0","","-2.0","","87","","0.0","","20","","16","","","","","M","","","-5","","NA"
"-112.94","50.93","GLEICHEN AGCM","3032801","2022-01-25 14:00","2022","01","25","14:00","0.5","","-1.8","","85","","0.0","","20","","19","","","","","M","","","","","NA"
"-112.94","50.93","GLEICHEN AGCM","3032801","2022-01-25 15:00","2022","01","25","15:00","1.1","","-1.5","","83","","0.0","","20","","18","","","","","M","","","","","NA"
"-112.94","50.93","GLEICHEN AGCM","3032801","2022-01-25 16:00","2022","01","25","16:00","0.9","","-1.1","","86","","0.0","","21","","16","","","","","M","","","","","NA"
"-112.94","50.93","GLEICHEN AGCM","3032801","2022-01-25 17:00","2022","01","25","17:00","1.9","","-1.9","","75","","0.0","","22","","15","","","","","M","","","","","NA"
"-112.94","50.93","GLEICHEN AGCM","3032801","2022-01-25 18:00","2022","01","25","18:00","1.1","","-3.7","","71","","0.0","","23","","8","","","","","M","","","","","NA"
"-112.94","50.93","GLEICHEN AGCM","3032801","2022-01-25 19:00","2022","01","25","19:00","3.3","","-5.9","","51","","0.0","","29","","17","","","","","M","","","","","NA"
"-112.94","50.93","GLEICHEN AGCM","3032801","2022-01-25 20:00","2022","01","25","20:00","1.2","","-5.9","","59","","0.0","","27","","9","","","","","M","","","","","NA"
"-112.94","50.93","GLEICHEN AGCM","3032801","2022-01-25 21:00","2022","01","25","21:00","0.8","","-5.9","","61","","0.0","","30","","11","","","","","M","","","","","NA"
"-112.94","50.93","GLEICHEN AGCM","3032801","2022-01-25 22:00","2022","01","25","22:00","2.0","","-6.4","","54","","0.0","","29","","16","","","","","M","","","","","NA"
"-112.94","50.93","GLEICHEN AGCM","3032801","2022-01-25 23:00","2022","01","25","23:00","4.3","","-7.0","","43","","0.0","","28","","31","","","","","M","","","","","NA"
"-112.94","50.93","GLEICHEN AGCM","3032801","2022-01-26 00:00","2022","01","26","00:00","3.7","","-7.1","","45","","0.0","","30","","22","","","","","M","","","","","NA"
"-112.94","50.93","GLEICHEN AGCM","3032801","2022-01-26 01:00","2022","01","26","01:00","-0.5","","-6.8","","62","","0.0","","30","","16","","","","","M","","","-5","","NA"
"-112.94","50.93","GLEICHEN AGCM","3032801","2022-01-26 02:00","2022","01","26","02:00","-0.8","","-7.4","","61","","0.0","","30","","15","","","","","M","","","-5","","NA"
"-112.94","50.93","GLEICHEN AGCM","3032801","2022-01-26 03:00","2022","01","26","03:00","-0.3","","-7.7","","57","","0.0","","30","","18","","","","","M","","","-5","","NA"
"-112.94","50.93","GLEICHEN AGCM","3032801","2022-01-26 04:00","2022","01","26","04:00","-1.6","","-7.1","","66","","0.0","","30","","17","","","","","M","","","-7","","NA"
"-112.94","50.93","GLEICHEN AGCM","3032801","2022-01-26 05:00","2022","01","26","05:00","-2.0","","-6.4","","72","","0.0","","29","","15","","","","","M","","","-7","","NA"
"-112.94","50.93","GLEICHEN AGCM","3032801","2022-01-26 06:00","2022","01","26","06:00","-0.2","","-5.7","","66","","0.0","","31","","21","","","","","M","","","-6","","NA"
"-112.94","50.93","GLEICHEN AGCM","3032801","2022-01-26 07:00","2022","01","26","07:00","1.0","","-5.4","","62","","0.0","","32","","22","","","","","M","","","","","NA"
"-112.94","50.93","GLEICHEN AGCM","3032801","2022-01-26 08:00","2022","01","26","08:00","0.6","","-5.5","","63","","0.0","","30","","21","","","","","M","","","","","NA"
"-112.94","50.93","GLEICHEN AGCM","3032801","2022-01-26 09:00","2022","01","26","09:00","1.5","","-5.5","","60","","0.0","","31","","28","","","","","M","","","","","NA"
"-112.94","50.93","GLEICHEN AGCM","3032801","2022-01-26 10:00","2022","01","26","10:00","2.0","","-5.8","","56","","0.0","","31","","28","","","","","M","","","","","NA"
"-112.94","50.93","GLEICHEN AGCM","3032801","2022-01-26 11:00","2022","01","26","11:00","2.1","","-5.5","","57","","0.0","","31","","21","","","","","M","","","","","NA"
"-112.94","50.93","GLEICHEN AGCM","3032801","2022-01-26 12:00","2022","01","26","12:00","2.7","","-5.5","","54","","0.0","","30","","22","","","","","M","","","","","NA"
"-112.94","50.93","GLEICHEN AGCM","3032801","2022-01-26 13:00","2022","01","26","13:00","2.8","","-5.2","","56","","0.0","","33","","39","","","","","M","","","","","NA"
"-112.94","50.93","GLEICHEN AGCM","3032801","2022-01-26 14:00","2022","01","26","14:00","2.5","","-4.4","","61","","0.0","","32","","35","","","","","M","","","","","NA"
"-112.94","50.93","GLEICHEN AGCM","3032801","2022-01-26 15:00","2022","01","26","15:00","2.5","","-4.4","","60","","0.0","","33","","40","","","","","M","","","","","NA"
"-112.94","50.93","GLEICHEN AGCM","3032801","2022-01-26 16:00","2022","01","26","16:00","1.7","","-4.2","","65","","0.0","","33","","42","","","","","M","","","","","NA"
"-112.94","50.93","GLEICHEN AGCM","3032801","2022-01-26 17:00","2022","01","26","17:00","0.3","","-4.0","","73","","0.0","","34","","26","","","","","M","","","","","NA"
"-112.94","50.93","GLEICHEN AGCM","3032801","2022-01-26 18:00","2022","01","26","18:00","-1.6","","-4.7","","79","","0.0","","31","","8","","","","","M","","","-5","","NA"
"-112.94","50.93","GLEICHEN AGCM","3032801","2022-01-26 19:00","2022","01","26","19:00","-3.4","","-5.6","","85","","0.0","","28","","8","","","","","M","","","-7","","NA"
"-112.94","50.93","GLEICHEN AGCM","3032801","2022-01-26 20:00","2022","01","26","20:00","-1.9","","-4.9","","80","","0.0","","29","","16","","","","","M","","","-7","","NA"
"-112.94","50.93","GLEICHEN AGCM","3032801","2022-01-26 21:00","2022","01","26","21:00","-2.5","","-6.5","","74","","0.0","","31","","17","","","","","M","","","-8","","NA"
"-112.94","50.93","GLEICHEN AGCM","3032801","2022-01-26 22:00","2022","01","26","22:00","-4.1","","-7.1","","79","","0.0","","31","","12","","","","","M","","","-9","","NA"
"-112.94","50.93","GLEICHEN AGCM","3032801","2022-01-26 23:00","2022","01","26","23:00","-3.4","","-7.6","","73","","0.0","","29","","11","","","","","M","","","-8","","NA"
"-112.94","50.93","GLEICHEN AGCM","3032801","2022-01-27 00:00","2022","01","27","00:00","-4.9","","-8.4","","77","","0.0","","24","","8","","","","","M","","","-8","","NA"
"-112.94","50.93","GLEICHEN AGCM","3032801","2022-01-27 01:00","2022","01","27","01:00","-5.9","","-8.7","","81","","0.0","","26","","10","","","","","M","","","-10","","NA"
"-112.94","50.93","GLEICHEN AGCM","3032801","2022-01-27 02:00","2022","01","27","02:00","-6.7","","-9.3","","81","","0.0","","27","","6","","","","","M","","","-10","","NA"
"-112.94","50.93","GLEICHEN AGCM","3032801","2022-01-27 03:00","2022","01","27","03:00","-7.2","","-9.6","","83","","0.0","","23","","10","","","","","M","","","-12","","NA"
"-112.94","50.93","GLEICHEN AGCM","3032801","2022-01-27 04:00","2022","01","27","04:00","-7.9","","-10.1","","84","","0.0","","22","","10","","","","","M","","","-13","","NA"
"-112.94","50.93","GLEICHEN AGCM","3032801","2022-01-27 05:00","2022","01","27","05:00","-7.6","","-9.9","","83","","0.0","","22","","14","","","","","M","","","-14","","NA"
"-112.94","50.93","GLEICHEN AGCM","3032801","2022-01-27 06:00","2022","01","27","06:00","-8.0","","-10.6","","82","","0.0","","21","","12","","","","","M","","","-13","","NA"
"-112.94","50.93","GLEICHEN AGCM","3032801","2022-01-27 07:00","2022","01","27","07:00","-8.4","","-10.8","","83","","0.0","","22","","12","","","","","M","","","-14","","NA"
"-112.94","50.93","GLEICHEN AGCM","3032801","2022-01-27 08:00","2022","01","27","08:00","-9.2","","-11.2","","85","","0.0","","20","","12","","","","","M","","","-15","","NA"
"-112.94","50.93","GLEICHEN AGCM","3032801","2022-01-27 09:00","2022","01","27","09:00","-7.5","","-10.2","","81","","0.0","","21","","15","","","","","M","","","-14","","NA"
"-112.94","50.93","GLEICHEN AGCM","3032801","2022-01-27 10:00","2022","01","27","10:00","-6.2","","-9.3","","78","","0.0","","19","","11","","","","","M","","","-11","","NA"
"-112.94","50.93","GLEICHEN AGCM","3032801","2022-01-27 11:00","2022","01","27","11:00","-3.7","","-7.4","","75","","0.0","","18","","12","","","","","M","","","-8","","NA"
"-112.94","50.93","GLEICHEN AGCM","3032801","2022-01-27 12:00","2022","01","27","12:00","-1.5","","-6.1","","71","","0.0","","21","","12","","","","","M","","","-6","","NA"
"-112.94","50.93","GLEICHEN AGCM","3032801","2022-01-27 13:00","2022","01","27","13:00","0.2","","-6.0","","63","","0.0","","23","","16","","","","","M","","","","","NA"
"-112.94","50.93","GLEICHEN AGCM","3032801","2022-01-27 14:00","2022","01","27","14:00","2.6","","-6.7","","50","","0.0","","22","","16","","","","","M","","","","","NA"
"-112.94","50.93","GLEICHEN AGCM","3032801","2022-01-27 15:00","2022","01","27","15:00","4.1","","-7.4","","43","","0.0","","21","","17","","","","","M","","","","","NA"
"-112.94","50.93","GLEICHEN AGCM","3032801","2022-01-27 16:00","2022","01","27","16:00","3.5","","-6.1","","49","","0.0","","22","","13","","","","","M","","","","","NA"
"-112.94","50.93","GLEICHEN AGCM","3032801","2022-01-27 17:00","2022","01","27","17:00","0.9","","-5.9","","61","","0.0","","22","","8","","","","","M","","","","","NA"
"-112.94","50.93","GLEICHEN AGCM","3032801","2022-01-27 18:00","2022","01","27","18:00","-0.6","","-6.1","","66","","0.0","","22","","12","","","","","M","","","-5","","NA"
"-112.94","50.93","GLEICHEN AGCM","3032801","2022-01-27 19:00","2022","01","27","19:00","-1.5","","-6.7","","68","","0.0","","22","","14","","","","","M","","","-6","","NA"
"-112.94","50.93","GLEICHEN AGCM","3032801","2022-01-27 20:00","2022","01","27","20:00","-3.2","","-8.3","","67","","0.0","","21","","8","","","","","M","","","-6","","NA"
"-112.94","50.93","GLEICHEN AGCM","3032801","2022-01-27 21:00","2022","01","27","21:00","-4.7","","-8.9","","73","","0.0","","18","","9","","","","","M","","","-9","","NA"
"-112.94","50.93","GLEICHEN AGCM","3032801","2022-01-27 22:00","2022","01","27","22:00","-4.3","","-9.9","","65","","0.0","","19","","7","","","","","M","","","-7","","NA"
"-112.94","50.93","GLEICHEN AGCM","3032801","2022-01-27 23:00","2022","01","27","23:00","-3.6","","-9.8","","62","","0.0","","20","","9","","","","","M","","","-7","","NA"
"-112.94","50.93","GLEICHEN AGCM","3032801","2022-01-28 00:00","2022","01","28","00:00","-4.0","","-10.6","","60","","0.0","","21","","8","","","","","M","","","-7","","NA"
"-112.94","50.93","GLEICHEN AGCM","3032801","2022-01-28 01:00","2022","01","28","01:00","-4.1","","-10.7","","60","","0.0","","22","","9","","","","","M","","","-8","","NA"
"-112.94","50.93","GLEICHEN AGCM","3032801","2022-01-28 02:00","2022","01","28","02:00","-3.5","","-11.6","","54","","0.0","","23","","10","","","","","M","","","-7","","NA"
"-112.94","50.93","GLEICHEN AGCM","3032801","2022-01-28 03:00","2022","01","28","03:00","-3.5","","-11.7","","53","","0.0","","22","","11","","","","","M","","","-8","","NA"
"-112.94","50.93","GLEICHEN AGCM","3032801","2022-01-28 04:00","2022","01","28","04:00","-3.7","","-11.7","","54","","0.0","","22","","13","","","","","M","","","-9","","NA"
"-112.94","50.93","GLEICHEN AGCM","3032801","2022-01-28 05:00","2022","01","28","05:00","-3.5","","-11.6","","54","","0.0","","22","","12","","","","","M","","","-8","","NA"
"-112.94","50.93","GLEICHEN AGCM","3032801","2022-01-28 06:00","2022","01","28","06:00","-3.7","","-11.5","","55","","0.0","","20","","15","","","","","M","","","-9","","NA"
"-112.94","50.93","GLEICHEN AGCM","3032801","2022-01-28 07:00","2022","01","28","07:00","-2.5","","-11.6","","50","","0.0","","21","","14","","","","","M","","","-7","","NA"
"-112.94","50.93","GLEICHEN AGCM","3032801","2022-01-28 08:00","2022","01","28","08:00","-2.8","","-11.4","","52","","0.0","","21","","19","","","","","M","","","-9","","NA"
"-112.94","50.93","GLEICHEN AGCM","3032801","2022-01-28 09:00","2022","01","28","09:00","-2.7","","-11.5","","51","","0.0","","21","","14","","","","","M","","","-8","","NA"
"-112.94","50.93","GLEICHEN AGCM","3032801","2022-01-28 10:00","2022","01","28","10:00","-1.2","","-10.5","","49","","0.0","","19","","9","","","","","M","","","-4","","NA"
"-112.94","50.93","GLEICHEN AGCM","3032801","2022-01-28 11:00","2022","01","28","11:00","2.2","","-9.0","","43","","0.0","","21","","8","","","","","M","","","","","NA"
"-112.94","50.93","GLEICHEN AGCM","3032801","2022-01-28 12:00","2022","01","28","12:00","8.2","","-10.3","","26","","0.0","","28","","19","","","","","M","","","","","NA"
"-112.94","50.93","GLEICHEN AGCM","3032801","2022-01-28 13:00","2022","01","28","13:00","6.5","","-7.9","","35","","0.0","","28","","16","","","","","M","","","","","NA"
"-112.94","50.93","GLEICHEN AGCM","3032801","2022-01-28 14:00","2022","01","28","14:00","5.9","","-8.4","","35","","0.0","","23","","18","","","","","M","","","","","NA"
"-112.94","50.93","GLEICHEN AGCM","3032801","2022-01-28 15:00","2022","01","28","15:00","4.7","","-7.4","","41","","0.0","","22","","16","","","","","M","","","","","NA"
"-112.94","50.93","GLEICHEN AGCM","3032801","2022-01-28 16:00","2022","01","28","16:00","7.4","","-9.3","","29","","0.0","","25","","24","","","","","M","","","","","NA"
"-112.94","50.93","GLEICHEN AGCM","3032801","2022-01-28 17:00","2022","01","28","17:00","6.2","","-9.6","","31","","0.0","","26","","18","","","","","M","","","","","NA"
"-112.94","50.93","GLEICHEN AGCM","3032801","2022-01-28 18:00","2022","01","28","18:00","6.4","","-10.2","","29","","0.0","","26","","19","","","","","M","","","","","NA"
"-112.94","50.93","GLEICHEN AGCM","3032801","2022-01-28 19:00","2022","01","28","19:00","6.0","","-9.8","","31","","0.0","","26","","23","","","","","M","","","","","NA"
"-112.94","50.93","GLEICHEN AGCM","3032801","2022-01-28 20:00","2022","01","28","20:00","6.0","","-10.1","","30","","0.0","","26","","24","","","","","M","","","","","NA"
"-112.94","50.93","GLEICHEN AGCM","3032801","2022-01-28 21:00","2022","01","28","21:00","5.4","","-10.2","","31","","0.0","","26","","21","","","","","M","","","","","NA"
"-112.94","50.93","GLEICHEN AGCM","3032801","2022-01-28 22:00","2022","01","28","22:00","1.8","","-8.5","","46","","0.0","","22","","12","","","","","M","","","","","NA"
"-112.94","50.93","GLEICHEN AGCM","3032801","2022-01-28 23:00","2022","01","28","23:00","4.3","","-11.8","","30","","0.0","","4","","4","","","","","M","","","","","NA"
"-112.94","50.93","GLEICHEN AGCM","3032801","2022-01-29 00:00","2022","01","29","00:00","0.6","","-9.7","","46","","0.0","","23","","10","","","","","M","","","","","NA"
"-112.94","50.93","GLEICHEN AGCM","3032801","2022-01-29 01:00","2022","01","29","01:00","0.5","","-10.2","","45","","0.0","","0","","1","","","","","M","","","","","NA"
"-112.94","50.93","GLEICHEN AGCM","3032801","2022-01-29 02:00","2022","01","29","02:00","-1.2","","-9.9","","51","","0.0","","19","","8","","","","","M","","","-4","","NA"
"-112.94","50.93","GLEICHEN AGCM","3032801","2022-01-29 03:00","2022","01","29","03:00","0.0","","-11.1","","43","","0.0","","15","","7","","","","","M","","","-2","","NA"
"-112.94","50.93","GLEICHEN AGCM","3032801","2022-01-29 04:00","2022","01","29","04:00","-1.8","","-9.1","","57","","0.0","","12","","5","","","","","M","","","-4","","NA"
"-112.94","50.93","GLEICHEN AGCM","3032801","2022-01-29 05:00","2022","01","29","05:00","-2.6","","-9.1","","61","","0.0","","16","","4","","","","","M","","","-4","","NA"
"-112.94","50.93","GLEICHEN AGCM","3032801","2022-01-29 06:00","2022","01","29","06:00","-1.0","","-9.8","","51","","0.0","","17","","6","","","","","M","","","-3","","NA"
"-112.94","50.93","GLEICHEN AGCM","3032801","2022-01-29 07:00","2022","01","29","07:00","-5.9","","-10.8","","68","","0.0","","23","","9","","","","","M","","","-10","","NA"
"-112.94","50.93","GLEICHEN AGCM","3032801","2022-01-29 08:00","2022","01","29","08:00","-4.0","","-9.8","","64","","0.0","","20","","12","","","","","M","","","-9","","NA"
"-112.94","50.93","GLEICHEN AGCM","3032801","2022-01-29 09:00","2022","01","29","09:00","-4.8","","-10.2","","66","","0.0","","14","","5","","","","","M","","","-7","","NA"
"-112.94","50.93","GLEICHEN AGCM","3032801","2022-01-29 10:00","2022","01","29","10:00","0.1","","-9.1","","50","","0.0","","19","","10","","","","","M","","","","","NA"
"-112.94","50.93","GLEICHEN AGCM","3032801","2022-01-29 11:00","2022","01","29","11:00","2.1","","-8.8","","44","","0.0","","18","","8","","","","","M","","","","","NA"
"-112.94","50.93","GLEICHEN AGCM","3032801","2022-01-29 12:00","2022","01","29","12:00","3.1","","-7.7","","45","","0.0","","21","","15","","","","","M","","","","","NA"
"-112.94","50.93","GLEICHEN AGCM","3032801","2022-01-29 13:00","2022","01","29","13:00","4.9","","-7.5","","40","","0.0","","23","","17","","","","","M","","","","","NA"
"-112.94","50.93","GLEICHEN AGCM","3032801","2022-01-29 14:00","2022","01","29","14:00","5.5","","-6.5","","42","","0.0","","21","","12","","","","","M","","","","","NA"
"-112.94","50.93","GLEICHEN AGCM","3032801","2022-01-29 15:00","2022","01","29","15:00","6.8","","-5.9","","40","","0.0","","18","","13","","","","","M","","","","","NA"
"-112.94","50.93","GLEICHEN AGCM","3032801","2022-01-29 16:00","2022","01","29","16:00","4.9","","-4.9","","49","","0.0","","17","","14","","","","","M","","","","","NA"
"-112.94","50.93","GLEICHEN AGCM","3032801","2022-01-29 17:00","2022","01","29","17:00","4.1","","-6.6","","46","","0.0","","19","","14","","","","","M","","","","","NA"
"-112.94","50.93","GLEICHEN AGCM","3032801","2022-01-29 18:00","2022","01","29","18:00","2.7","","-5.8","","53","","0.0","","22","","13","","","","","M","","","","","NA"
"-112.94","50.93","GLEICHEN AGCM","3032801","2022-01-29 19:00","2022","01","29","19:00","1.3","","-6.0","","58","","0.0","","23","","13","","","","","M","","","","","NA"
"-112.94","50.93","GLEICHEN AGCM","3032801","2022-01-29 20:00","2022","01","29","20:00","0.3","","-6.2","","62","","0.0","","23","","15","","","","","M","","","","","NA"
"-112.94","50.93","GLEICHEN AGCM","3032801","2022-01-29 21:00","2022","01","29","21:00","1.4","","-6.6","","55","","0.0","","26","","12","","","","","M","","","","","NA"
"-112.94","50.93","GLEICHEN AGCM","3032801","2022-01-29 22:00","2022","01","29","22:00","2.2","","-7.0","","51","","0.0","","26","","15","","","","","M","","","","","NA"
"-112.94","50.93","GLEICHEN AGCM","3032801","2022-01-29 23:00","2022","01","29","23:00","2.2","","-6.3","","53","","0.0","","26","","16","","","","","M","","","","","NA"
"-112.94","50.93","GLEICHEN AGCM","3032801","2022-01-30 00:00","2022","01","30","00:00","2.0","","-5.7","","56","","0.0","","27","","10","","","","","M","","","","","NA"
"-112.94","50.93","GLEICHEN AGCM","3032801","2022-01-30 01:00","2022","01","30","01:00","1.8","","-6.2","","56","","0.0","","24","","15","","","","","M","","","","","NA"
"-112.94","50.93","GLEICHEN AGCM","3032801","2022-01-30 02:00","2022","01","30","02:00","-0.1","","-6.1","","64","","0.0","","23","","10","","","","","M","","","-3","","NA"
"-112.94","50.93","GLEICHEN AGCM","3032801","2022-01-30 03:00","2022","01","30","03:00","-0.3","","-6.0","","66","","0.0","","21","","9","","","","","M","","","-3","","NA"
"-112.94","50.93","GLEICHEN AGCM","3032801","2022-01-30 04:00","2022","01","30","04:00","0.4","","-6.1","","62","","0.0","","22","","9","","","","","M","","","","","NA"
"-112.94","50.93","GLEICHEN AGCM","3032801","2022-01-30 05:00","2022","01","30","05:00","-0.5","","-6.7","","63","","0.0","","26","","7","","","","","M","","","-3","","NA"
"-112.94","50.93","GLEICHEN AGCM","3032801","2022-01-30 06:00","2022","01","30","06:00","-1.7","","-6.8","","68","","0.0","","20","","8","","","","","M","","","-5","","NA"
"-112.94","50.93","GLEICHEN AGCM","3032801","2022-01-30 07:00","2022","01","30","07:00","-2.7","","-7.4","","70","","0.0","","19","","8","","","","","M","","","-6","","NA"
"-112.94","50.93","GLEICHEN AGCM","3032801","2022-01-30 08:00","2022","01","30","08:00","-1.7","","-6.6","","69","","0.0","","23","","5","","","","","M","","","-4","","NA"
"-112.94","50.93","GLEICHEN AGCM","3032801","2022-01-30 09:00","2022","01","30","09:00","-0.5","","-6.2","","65","","0.0","","22","","11","","","","","M","","","-4","","NA"
"-112.94","50.93","GLEICHEN AGCM","3032801","2022-01-30 10:00","2022","01","30","10:00","1.3","","-5.4","","61","","0.0","","21","","7","","","","","M","","","","","NA"
"-112.94","50.93","GLEICHEN AGCM","3032801","2022-01-30 11:00","2022","01","30","11:00","2.7","","-5.1","","56","","0.0","","21","","11","","","","","M","","","","","NA"
"-112.94","50.93","GLEICHEN AGCM","3032801","2022-01-30 12:00","2022","01","30","12:00","3.2","","-5.0","","55","","0.0","","20","","14","","","","","M","","","","","NA"
"-112.94","50.93","GLEICHEN AGCM","3032801","2022-01-30 13:00","2022","01","30","13:00","4.3","","-4.8","","51","","0.0","","18","","11","","","","","M","","","","","NA"
"-112.94","50.93","GLEICHEN AGCM","3032801","2022-01-30 14:00","2022","01","30","14:00","5.6","","-3.6","","51","","0.0","","18","","10","","","","","M","","","","","NA"
"-112.94","50.93","GLEICHEN AGCM","3032801","2022-01-30 15:00","2022","01","30","15:00","5.5","","-2.6","","56","","0.0","","18","","9","","","","","M","","","","","NA"
"-112.94","50.93","GLEICHEN AGCM","3032801","2022-01-30 16:00","2022","01","30","16:00","4.8","","-2.8","","58","","0.0","","20","","6","","","","","M","","","","","NA"
"-112.94","50.93","GLEICHEN AGCM","3032801","2022-01-30 17:00","2022","01","30","17:00","4.1","","-3.1","","59","","0.0","","18","","11","","","","","M","","","","","NA"
"-112.94","50.93","GLEICHEN AGCM","3032801","2022-01-30 18:00","2022","01","30","18:00","4.2","","-3.8","","56","","0.0","","20","","8","","","","","M","","","","","NA"
"-112.94","50.93","GLEICHEN AGCM","3032801","2022-01-30 19:00","2022","01","30","19:00","2.1","","-3.3","","67","","0.0","","19","","11","","","","","M","","","","","NA"
"-112.94","50.93","GLEICHEN AGCM","3032801","2022-01-30 20:00","2022","01","30","20:00","3.6","","-4.1","","57","","0.0","","23","","18","","","","","M","","","","","NA"
"-112.94","50.93","GLEICHEN AGCM","3032801","2022-01-30 21:00","2022","01","30","21:00","2.2","","-4.0","","63","","0.0","","21","","16","","","","","M","","","","","NA"
"-112.94","50.93","GLEICHEN AGCM","3032801","2022-01-30 22:00","2022","01","30","22:00","3.1","","-4.3","","58","","0.0","","20","","17","","","","","M","","","","","NA"
"-112.94","50.93","GLEICHEN AGCM","3032801","2022-01-30 23:00","2022","01","30","23:00","3.2","","-3.4","","62","","0.0","","21","","21","","","","","M","","","","","NA"
"-112.94","50.93","GLEICHEN AGCM","3032801","2022-01-31 00:00","2022","01","31","00:00","3.3","","-3.9","","59","","0.0","","21","","28","","","","","M","","","","","NA"
"-112.94","50.93","GLEICHEN AGCM","3032801","2022-01-31 01:00","2022","01","31","01:00","3.1","","-4.2","","59","","0.0","","20","","21","","","","","M","","","","","NA"
"-112.94","50.93","GLEICHEN AGCM","3032801","2022-01-31 02:00","2022","01","31","02:00","3.1","","-4.8","","56","","0.0","","22","","24","","","","","M","","","","","NA"
"-112.94","50.93","GLEICHEN AGCM","3032801","2022-01-31 03:00","2022","01","31","03:00","2.7","","-4.8","","57","","0.0","","24","","31","","","","","M","","","","","NA"
"-112.94","50.93","GLEICHEN AGCM","3032801","2022-01-31 04:00","2022","01","31","04:00","1.6","","-4.7","","63","","0.0","","26","","21","","","","","M","","","","","NA"
"-112.94","50.93","GLEICHEN AGCM","3032801","2022-01-31 05:00","2022","01","31","05:00","1.7","","-4.7","","62","","0.0","","31","","31","","","","","M","","","","","NA"
"-112.94","50.93","GLEICHEN AGCM","3032801","2022-01-31 06:00","2022","01","31","06:00","0.2","","-2.7","","81","","0.0","","32","","38","","","","","M","","","","","NA"
"-112.94","50.93","GLEICHEN AGCM","3032801","2022-01-31 07:00","2022","01","31","07:00","-2.5","","-4.9","","84","","0.0","","32","","55","","","","","M","","","-12","","NA"
"-112.94","50.93","GLEICHEN AGCM","3032801","2022-01-31 08:00","2022","01","31","08:00","-7.0","","-10.2","","78","","0.0","","33","","59","","","","","M","","","-18","","NA"
"-112.94","50.93","GLEICHEN AGCM","3032801","2022-01-31 09:00","2022","01","31","09:00","-8.3","","-12.2","","74","","0.5","","33","","64","","","","","M","","","-21","","NA"
"-112.94","50.93","GLEICHEN AGCM","3032801","2022-01-31 10:00","2022","01","31","10:00","-10.3","","-15.3","","67","","0.0","","33","","68","","","","","M","","","-24","","NA"
"-112.94","50.93","GLEICHEN AGCM","3032801","2022-01-31 11:00","2022","01","31","11:00","-11.1","","-16.0","","67","","0.0","","34","","60","","","","","M","","","-24","","NA"
"-112.94","50.93","GLEICHEN AGCM","3032801","2022-01-31 12:00","2022","01","31","12:00","-11.4","","-16.4","","66","","0.0","","34","","59","","","","","M","","","-24","","NA"
"-112.94","50.93","GLEICHEN AGCM","3032801","2022-01-31 13:00","2022","01","31","13:00","-11.4","","-17.1","","63","","0.0","","34","","56","","","","","M","","","-24","","NA"
"-112.94","50.93","GLEICHEN AGCM","3032801","2022-01-31 14:00","2022","01","31","14:00","-12.2","","-18.2","","61","","0.0","","34","","52","","","","","M","","","-25","","NA"
"-112.94","50.93","GLEICHEN AGCM","3032801","2022-01-31 15:00","2022","01","31","15:00","-11.9","","-18.2","","60","","0.0","","33","","46","","","","","M","","","-24","","NA"
"-112.94","50.93","GLEICHEN AGCM","3032801","2022-01-31 16:00","2022","01","31","16:00","-13.0","","-19.1","","60","","0.0","","34","","41","","","","","M","","","-25","","NA"
"-112.94","50.93","GLEICHEN AGCM","3032801","2022-01-31 17:00","2022","01","31","17:00","-14.0","","-19.1","","65","","0.0","","34","","30","","","","","M","","","-25","","NA"
"-112.94","50.93","GLEICHEN AGCM","3032801","2022-01-31 18:00","2022","01","31","18:00","-14.6","","-19.1","","69","","0.0","","35","","25","","","","","M","","","-25","","NA"
"-112.94","50.93","GLEICHEN AGCM","3032801","2022-01-31 19:00","2022","01","31","19:00","-16.0","","-19.6","","74","","0.0","","1","","18","","","","","M","","","-25","","NA"
"-112.94","50.93","GLEICHEN AGCM","3032801","2022-01-31 20:00","2022","01","31","20:00","-16.7","","-19.9","","76","","0.0","","34","","14","","","","","M","","","-25","","NA"
"-112.94","50.93","GLEICHEN AGCM","3032801","2022-01-31 21:00","2022","01","31","21:00","-16.9","","-19.9","","78","","0.0","","33","","11","","","","","M","","","-24","","NA"
"-112.94","50.93","GLEICHEN AGCM","3032801","2022-01-31 22:00","2022","01","31","22:00","-17.4","","-20.2","","79","","0.0","","32","","12","","","","","M","","","-25","","NA"
"-112.94","50.93","GLEICHEN AGCM","3032801","2022-01-31 23:00","2022","01","31","23:00","-17.6","","-20.7","","77","","0.0","","32","","10","","","","","M","","","-24","","NA"
