"Longitude (x)","Latitude (y)","Station Name","Climate ID","Date/Time (LST)","Year","Month","Day","Time (LST)","Temp (°C)","Temp Flag","Dew Point Temp (°C)","Dew Point Temp Flag","Rel Hum (%)","Rel Hum Flag","Precip. Amount (mm)","Precip. Amount Flag","Wind Dir (10s deg)","Wind Dir Flag","Wind Spd (km/h)","Wind Spd Flag","Visibility (km)","Visibility Flag","Stn Press (kPa)","Stn Press Flag","Hmdx","Hmdx Flag","Wind Chill","Wind Chill Flag","Weather"
"-65.33","48.01","NEW CARLISLE 1","7055422","2020-02-01 00:00","2020","02","01","00:00","-9.7","","-12.6","","80","","0.0","","34","","9","","","","101.48","","","","-15","","NA"
"-65.33","48.01","NEW CARLISLE 1","7055422","2020-02-01 01:00","2020","02","01","01:00","-9.2","","-12.1","","79","","0.0","","36","","11","","","","101.45","","","","-15","","NA"
"-65.33","48.01","NEW CARLISLE 1","7055422","2020-02-01 02:00","2020","02","01","02:00","-12.0","","-14.0","","85","","0.0","","36","","7","","","","101.42","","","","-16","","NA"
"-65.33","48.01","NEW CARLISLE 1","7055422","2020-02-01 03:00","2020","02","01","03:00","-12.8","","-14.7","","86","","0.0","","10","","2","","","","101.38","","","","-14","","NA"
"-65.33","48.01","NEW CARLISLE 1","7055422","2020-02-01 04:00","2020","02","01","04:00","-11.8","","-13.1","","90","","0.0","","2","","3","","","","101.33","","","","-14","","NA"
"-65.33","48.01","NEW CARLISLE 1","7055422","2020-02-01 05:00","2020","02","01","05:00","-11.2","","-12.8","","88","","0.0","","8","","3","","","","101.32","","","","-13","","NA"
"-65.33","48.01","NEW CARLISLE 1","7055422","2020-02-01 06:00","2020","02","01","06:00","-11.5","","-13.0","","88","","0.0","","19","","2","","","","101.33","","","","-13","","NA"
"-65.33","48.01","NEW CARLISLE 1","7055422","2020-02-01 07:00","2020","02","01","07:00","-10.5","","-12.1","","88","","0.0","","","","0","","","","101.33","","","","","","NA"
"-65.33","48.01","NEW CARLISLE 1","7055422","2020-02-01 08:00","2020","02","01","08:00","-9.1","","-10.7","","88","","0.0","","23","","2","","","","101.33","","","","-10","","NA"
"-65.33","48.01","NEW CARLISLE 1","7055422","2020-02-01 09:00","2020","02","01","09:00","-6.5","","-10.2","","75","","0.0","","27","","2","","","","101.26","","","","-7","","NA"
"-65.33","48.01","NEW CARLISLE 1","7055422","2020-02-01 10:00","2020","02","01","10:00","-6.6","","-10.3","","75","","0.0","","29","","3","","","","101.20","","","","-8","","NA"
"-65.33","48.01","NEW CARLISLE 1","7055422","2020-02-01 11:00","2020","02","01","11:00","-5.5","","-11.2","","64","","0.0","","","","0","","","","101.10","","","","","","NA"
"-65.33","48.01","NEW CARLISLE 1","7055422","2020-02-01 12:00","2020","02","01","12:00","-6.0","","-9.9","","74","","0.0","","19","","3","","","","101.01","","","","-7","","NA"
"-65.33","48.01","NEW CARLISLE 1","7055422","2020-02-01 13:00","2020","02","01","13:00","-5.6","","-10.4","","68","","0.0","","18","","3","","","","100.89","","","","-7","","NA"
"-65.33","48.01","NEW CARLISLE 1","7055422","2020-02-01 14:00","2020","02","01","14:00","-5.3","","-9.8","","70","","0.0","","13","","3","","","","100.79","","","","-7","","NA"
"-65.33","48.01","NEW CARLISLE 1","7055422","2020-02-01 15:00","2020","02","01","15:00","-5.2","","-9.8","","70","","0.0","","11","","2","","","","100.72","","","","-6","","NA"
"-65.33","48.01","NEW CARLISLE 1","7055422","2020-02-01 16:00","2020","02","01","16:00","-5.7","","-9.3","","76","","0.0","","9","","3","","","","100.62","","","","-7","","NA"
"-65.33","48.01","NEW CARLISLE 1","7055422","2020-02-01 17:00","2020","02","01","17:00","-5.8","","-9.5","","75","","0.0","","8","","3","","","","100.59","","","","-7","","NA"
"-65.33","48.01","NEW CARLISLE 1","7055422","2020-02-01 18:00","2020","02","01","18:00","-6.0","","-9.3","","77","","0.0","","6","","3","","","","100.51","","","","-7","","NA"
"-65.33","48.01","NEW CARLISLE 1","7055422","2020-02-01 19:00","2020","02","01","19:00","-5.9","","-9.0","","79","","0.0","","7","","4","","","","100.45","","","","-8","","NA"
"-65.33","48.01","NEW CARLISLE 1","7055422","2020-02-01 20:00","2020","02","01","20:00","-5.5","","-8.4","","80","","0.0","","11","","5","","","","100.43","","","","-8","","NA"
"-65.33","48.01","NEW CARLISLE 1","7055422","2020-02-01 21:00","2020","02","01","21:00","-6.0","","-8.4","","83","","0.0","","2","","3","","","","100.35","","","","-7","","NA"
"-65.33","48.01","NEW CARLISLE 1","7055422","2020-02-01 22:00","2020","02","01","22:00","-6.4","","-8.7","","83","","0.0","","2","","5","","","","100.23","","","","-9","","NA"
"-65.33","48.01","NEW CARLISLE 1","7055422","2020-02-01 23:00","2020","02","01","23:00","-6.3","","-8.8","","83","","0.0","","4","","3","","","","100.15","","","","-8","","NA"
"-65.33","48.01","NEW CARLISLE 1","7055422","2020-02-02 00:00","2020","02","02","00:00","-6.2","","-8.9","","82","","0.0","","1","","5","","","","99.99","","","","-9","","NA"
"-65.33","48.01","NEW CARLISLE 1","7055422","2020-02-02 01:00","2020","02","02","01:00","-6.4","","-9.4","","79","","0.0","","3","","5","","","","99.84","","","","-9","","NA"
"-65.33","48.01","NEW CARLISLE 1","7055422","2020-02-02 02:00","2020","02","02","02:00","-6.8","","-9.6","","80","","0.0","","2","","3","","","","99.77","","","","-8","","NA"
"-65.33","48.01","NEW CARLISLE 1","7055422","2020-02-02 03:00","2020","02","02","03:00","-7.1","","-9.1","","85","","0.0","","1","","4","","","","99.72","","","","-9","","NA"
"-65.33","48.01","NEW CARLISLE 1","7055422","2020-02-02 04:00","2020","02","02","04:00","-6.9","","-9.4","","83","","0.0","","35","","7","","","","99.61","","","","-10","","NA"
"-65.33","48.01","NEW CARLISLE 1","7055422","2020-02-02 05:00","2020","02","02","05:00","-6.9","","-9.9","","79","","0.0","","33","","4","","","","99.54","","","","-9","","NA"
"-65.33","48.01","NEW CARLISLE 1","7055422","2020-02-02 06:00","2020","02","02","06:00","-6.7","","-10.0","","77","","0.0","","34","","9","","","","99.41","","","","-11","","NA"
"-65.33","48.01","NEW CARLISLE 1","7055422","2020-02-02 07:00","2020","02","02","07:00","-6.3","","-10.0","","75","","0.0","","35","","7","","","","99.34","","","","-10","","NA"
"-65.33","48.01","NEW CARLISLE 1","7055422","2020-02-02 08:00","2020","02","02","08:00","-5.9","","-8.8","","80","","0.0","","36","","5","","","","99.29","","","","-8","","NA"
"-65.33","48.01","NEW CARLISLE 1","7055422","2020-02-02 09:00","2020","02","02","09:00","-4.7","","-9.1","","71","","0.0","","6","","2","","","","99.23","","","","-6","","NA"
"-65.33","48.01","NEW CARLISLE 1","7055422","2020-02-02 10:00","2020","02","02","10:00","-4.2","","-9.6","","66","","0.0","","18","","2","","","","99.15","","","","-5","","NA"
"-65.33","48.01","NEW CARLISLE 1","7055422","2020-02-02 11:00","2020","02","02","11:00","-4.2","","-8.8","","70","","0.0","","21","","6","","","","99.04","","","","-7","","NA"
"-65.33","48.01","NEW CARLISLE 1","7055422","2020-02-02 12:00","2020","02","02","12:00","-3.5","","-8.2","","70","","0.0","","24","","5","","","","98.91","","","","-6","","NA"
"-65.33","48.01","NEW CARLISLE 1","7055422","2020-02-02 13:00","2020","02","02","13:00","-2.6","","-8.1","","66","","0.0","","36","","6","","","","98.82","","","","-5","","NA"
"-65.33","48.01","NEW CARLISLE 1","7055422","2020-02-02 14:00","2020","02","02","14:00","-2.9","","-7.7","","70","","0.0","","33","","10","","","","98.74","","","","-7","","NA"
"-65.33","48.01","NEW CARLISLE 1","7055422","2020-02-02 15:00","2020","02","02","15:00","-3.1","","-6.5","","77","","0.0","","27","","8","","","","98.71","","","","-6","","NA"
"-65.33","48.01","NEW CARLISLE 1","7055422","2020-02-02 16:00","2020","02","02","16:00","-3.5","","-6.2","","81","","0.0","","29","","8","","","","98.66","","","","-7","","NA"
"-65.33","48.01","NEW CARLISLE 1","7055422","2020-02-02 17:00","2020","02","02","17:00","-4.3","","-6.8","","83","","0.0","","30","","7","","","","98.69","","","","-7","","NA"
"-65.33","48.01","NEW CARLISLE 1","7055422","2020-02-02 18:00","2020","02","02","18:00","-4.1","","-6.1","","86","","0.0","","30","","7","","","","98.70","","","","-7","","NA"
"-65.33","48.01","NEW CARLISLE 1","7055422","2020-02-02 19:00","2020","02","02","19:00","-4.3","","-6.9","","82","","0.0","","31","","10","","","","98.69","","","","-8","","NA"
"-65.33","48.01","NEW CARLISLE 1","7055422","2020-02-02 20:00","2020","02","02","20:00","-4.9","","-7.1","","84","","0.1","","29","","8","","","","98.65","","","","-8","","NA"
"-65.33","48.01","NEW CARLISLE 1","7055422","2020-02-02 21:00","2020","02","02","21:00","-5.6","","-8.9","","78","","0.0","","29","","11","","","","98.60","","","","-10","","NA"
"-65.33","48.01","NEW CARLISLE 1","7055422","2020-02-02 22:00","2020","02","02","22:00","-5.7","","-9.1","","77","","0.0","","30","","15","","","","98.54","","","","-11","","NA"
"-65.33","48.01","NEW CARLISLE 1","7055422","2020-02-02 23:00","2020","02","02","23:00","-5.9","","-10.3","","71","","0.0","","29","","15","","","","98.54","","","","-12","","NA"
"-65.33","48.01","NEW CARLISLE 1","7055422","2020-02-03 00:00","2020","02","03","00:00","-6.0","","-10.5","","70","","0.0","","29","","12","","","","98.54","","","","-11","","NA"
"-65.33","48.01","NEW CARLISLE 1","7055422","2020-02-03 01:00","2020","02","03","01:00","-6.2","","-10.7","","70","","0.0","","29","","15","","","","98.55","","","","-12","","NA"
"-65.33","48.01","NEW CARLISLE 1","7055422","2020-02-03 02:00","2020","02","03","02:00","-6.4","","-10.8","","71","","0.0","","29","","16","","","","98.57","","","","-13","","NA"
"-65.33","48.01","NEW CARLISLE 1","7055422","2020-02-03 03:00","2020","02","03","03:00","-6.7","","-10.3","","76","","0.0","","28","","11","","","","98.56","","","","-12","","NA"
"-65.33","48.01","NEW CARLISLE 1","7055422","2020-02-03 04:00","2020","02","03","04:00","-6.0","","-10.1","","73","","0.0","","29","","12","","","","98.58","","","","-11","","NA"
"-65.33","48.01","NEW CARLISLE 1","7055422","2020-02-03 05:00","2020","02","03","05:00","-6.0","","-10.5","","70","","0.0","","30","","14","","","","98.61","","","","-12","","NA"
"-65.33","48.01","NEW CARLISLE 1","7055422","2020-02-03 06:00","2020","02","03","06:00","-5.5","","-10.1","","70","","0.0","","29","","19","","","","98.65","","","","-12","","NA"
"-65.33","48.01","NEW CARLISLE 1","7055422","2020-02-03 07:00","2020","02","03","07:00","-5.0","","-10.0","","68","","0.0","","29","","22","","","","98.70","","","","-12","","NA"
"-65.33","48.01","NEW CARLISLE 1","7055422","2020-02-03 08:00","2020","02","03","08:00","-4.6","","-10.1","","65","","0.0","","30","","19","","","","98.76","","","","-11","","NA"
"-65.33","48.01","NEW CARLISLE 1","7055422","2020-02-03 09:00","2020","02","03","09:00","-3.9","","-9.9","","63","","0.0","","30","","21","","","","98.81","","","","-10","","NA"
"-65.33","48.01","NEW CARLISLE 1","7055422","2020-02-03 10:00","2020","02","03","10:00","-3.2","","-9.7","","61","","0.0","","31","","21","","","","98.82","","","","-9","","NA"
"-65.33","48.01","NEW CARLISLE 1","7055422","2020-02-03 11:00","2020","02","03","11:00","-1.1","","-7.9","","60","","0.0","","29","","23","","","","98.82","","","","-7","","NA"
"-65.33","48.01","NEW CARLISLE 1","7055422","2020-02-03 12:00","2020","02","03","12:00","-0.2","","-7.6","","57","","0.0","","29","","20","","","","98.81","","","","-5","","NA"
"-65.33","48.01","NEW CARLISLE 1","7055422","2020-02-03 13:00","2020","02","03","13:00","0.3","","-6.9","","59","","0.0","","28","","19","","","","98.86","","","","","","NA"
"-65.33","48.01","NEW CARLISLE 1","7055422","2020-02-03 14:00","2020","02","03","14:00","0.1","","-6.6","","61","","0.0","","29","","21","","","","98.95","","","","","","NA"
"-65.33","48.01","NEW CARLISLE 1","7055422","2020-02-03 15:00","2020","02","03","15:00","0.0","","-6.4","","62","","0.0","","28","","17","","","","99.03","","","","-5","","NA"
"-65.33","48.01","NEW CARLISLE 1","7055422","2020-02-03 16:00","2020","02","03","16:00","-0.8","","-6.9","","63","","0.0","","28","","19","","","","99.13","","","","-6","","NA"
"-65.33","48.01","NEW CARLISLE 1","7055422","2020-02-03 17:00","2020","02","03","17:00","-1.4","","-7.5","","63","","0.0","","30","","18","","","","99.23","","","","-7","","NA"
"-65.33","48.01","NEW CARLISLE 1","7055422","2020-02-03 18:00","2020","02","03","18:00","-2.1","","-7.8","","65","","0.0","","31","","11","","","","99.30","","","","-6","","NA"
"-65.33","48.01","NEW CARLISLE 1","7055422","2020-02-03 19:00","2020","02","03","19:00","-2.2","","-6.6","","72","","0.0","","29","","13","","","","99.33","","","","-7","","NA"
"-65.33","48.01","NEW CARLISLE 1","7055422","2020-02-03 20:00","2020","02","03","20:00","-2.0","","-4.6","","82","","0.0","","28","","16","","","","99.34","","","","-7","","NA"
"-65.33","48.01","NEW CARLISLE 1","7055422","2020-02-03 21:00","2020","02","03","21:00","-2.2","","-5.1","","80","","0.0","","28","","18","","","","99.41","","","","-8","","NA"
"-65.33","48.01","NEW CARLISLE 1","7055422","2020-02-03 22:00","2020","02","03","22:00","-2.2","","-5.3","","79","","0.0","","29","","17","","","","99.45","","","","-8","","NA"
"-65.33","48.01","NEW CARLISLE 1","7055422","2020-02-03 23:00","2020","02","03","23:00","-2.3","","-6.3","","74","","0.0","","29","","17","","","","99.50","","","","-8","","NA"
"-65.33","48.01","NEW CARLISLE 1","7055422","2020-02-04 00:00","2020","02","04","00:00","-2.7","","-7.0","","72","","0.0","","28","","11","","","","99.60","","","","-7","","NA"
"-65.33","48.01","NEW CARLISLE 1","7055422","2020-02-04 01:00","2020","02","04","01:00","-2.9","","-6.0","","79","","0.0","","28","","17","","","","99.65","","","","-8","","NA"
"-65.33","48.01","NEW CARLISLE 1","7055422","2020-02-04 02:00","2020","02","04","02:00","-3.6","","-6.4","","81","","0.0","","27","","11","","","","99.73","","","","-8","","NA"
"-65.33","48.01","NEW CARLISLE 1","7055422","2020-02-04 03:00","2020","02","04","03:00","-4.2","","-6.7","","82","","0.0","","27","","10","","","","99.76","","","","-8","","NA"
"-65.33","48.01","NEW CARLISLE 1","7055422","2020-02-04 04:00","2020","02","04","04:00","-3.3","","-7.6","","72","","0.0","","30","","12","","","","99.84","","","","-8","","NA"
"-65.33","48.01","NEW CARLISLE 1","7055422","2020-02-04 05:00","2020","02","04","05:00","-4.0","","-7.5","","76","","0.0","","28","","11","","","","99.91","","","","-8","","NA"
"-65.33","48.01","NEW CARLISLE 1","7055422","2020-02-04 06:00","2020","02","04","06:00","-3.5","","-6.0","","82","","0.0","","29","","22","","","","99.97","","","","-10","","NA"
"-65.33","48.01","NEW CARLISLE 1","7055422","2020-02-04 07:00","2020","02","04","07:00","-3.6","","-6.4","","81","","0.0","","29","","18","","","","100.05","","","","-9","","NA"
"-65.33","48.01","NEW CARLISLE 1","7055422","2020-02-04 08:00","2020","02","04","08:00","-2.5","","-7.0","","71","","0.0","","28","","18","","","","100.03","","","","-8","","NA"
"-65.33","48.01","NEW CARLISLE 1","7055422","2020-02-04 09:00","2020","02","04","09:00","-1.9","","-7.3","","67","","0.0","","27","","19","","","","100.10","","","","-7","","NA"
"-65.33","48.01","NEW CARLISLE 1","7055422","2020-02-04 10:00","2020","02","04","10:00","-1.7","","-7.2","","66","","0.0","","28","","16","","","","100.12","","","","-7","","NA"
"-65.33","48.01","NEW CARLISLE 1","7055422","2020-02-04 11:00","2020","02","04","11:00","-1.2","","-7.1","","64","","0.0","","28","","12","","","","100.06","","","","-5","","NA"
"-65.33","48.01","NEW CARLISLE 1","7055422","2020-02-04 12:00","2020","02","04","12:00","-0.4","","-7.6","","58","","0.0","","27","","17","","","","100.00","","","","-5","","NA"
"-65.33","48.01","NEW CARLISLE 1","7055422","2020-02-04 13:00","2020","02","04","13:00","-0.3","","-8.0","","56","","0.0","","27","","18","","","","99.96","","","","-5","","NA"
"-65.33","48.01","NEW CARLISLE 1","7055422","2020-02-04 14:00","2020","02","04","14:00","-0.2","","-8.8","","52","","0.0","","28","","16","","","","99.91","","","","-5","","NA"
"-65.33","48.01","NEW CARLISLE 1","7055422","2020-02-04 15:00","2020","02","04","15:00","-0.3","","-8.4","","55","","0.0","","27","","13","","","","99.85","","","","-4","","NA"
"-65.33","48.01","NEW CARLISLE 1","7055422","2020-02-04 16:00","2020","02","04","16:00","-1.7","","-7.5","","65","","0.0","","27","","8","","","","99.86","","","","-5","","NA"
"-65.33","48.01","NEW CARLISLE 1","7055422","2020-02-04 17:00","2020","02","04","17:00","-1.7","","-5.9","","73","","0.0","","26","","12","","","","99.87","","","","-6","","NA"
"-65.33","48.01","NEW CARLISLE 1","7055422","2020-02-04 18:00","2020","02","04","18:00","-2.4","","-6.6","","73","","0.0","","26","","10","","","","99.84","","","","-6","","NA"
"-65.33","48.01","NEW CARLISLE 1","7055422","2020-02-04 19:00","2020","02","04","19:00","-2.2","","-6.6","","72","","0.0","","27","","11","","","","99.79","","","","-6","","NA"
"-65.33","48.01","NEW CARLISLE 1","7055422","2020-02-04 20:00","2020","02","04","20:00","-2.4","","-6.8","","72","","0.0","","29","","8","","","","99.75","","","","-6","","NA"
"-65.33","48.01","NEW CARLISLE 1","7055422","2020-02-04 21:00","2020","02","04","21:00","-2.3","","-6.6","","73","","0.0","","27","","11","","","","99.72","","","","-6","","NA"
"-65.33","48.01","NEW CARLISLE 1","7055422","2020-02-04 22:00","2020","02","04","22:00","-2.3","","-6.2","","74","","0.0","","27","","11","","","","99.65","","","","-6","","NA"
"-65.33","48.01","NEW CARLISLE 1","7055422","2020-02-04 23:00","2020","02","04","23:00","-2.6","","-6.0","","77","","0.0","","29","","6","","","","99.60","","","","-5","","NA"
"-65.33","48.01","NEW CARLISLE 1","7055422","2020-02-05 00:00","2020","02","05","00:00","-2.7","","-5.9","","79","","0.0","","28","","11","","","","99.55","","","","-7","","NA"
"-65.33","48.01","NEW CARLISLE 1","7055422","2020-02-05 01:00","2020","02","05","01:00","-2.8","","-6.3","","77","","0.0","","27","","14","","","","99.53","","","","-8","","NA"
"-65.33","48.01","NEW CARLISLE 1","7055422","2020-02-05 02:00","2020","02","05","02:00","-2.8","","-6.3","","77","","0.0","","27","","19","","","","99.52","","","","-9","","NA"
"-65.33","48.01","NEW CARLISLE 1","7055422","2020-02-05 03:00","2020","02","05","03:00","-3.5","","-9.1","","65","","0.0","","30","","18","","","","99.58","","","","-9","","NA"
"-65.33","48.01","NEW CARLISLE 1","7055422","2020-02-05 04:00","2020","02","05","04:00","-4.6","","-9.8","","67","","0.0","","31","","14","","","","99.71","","","","-10","","NA"
"-65.33","48.01","NEW CARLISLE 1","7055422","2020-02-05 05:00","2020","02","05","05:00","-5.3","","-10.5","","67","","0.0","","29","","17","","","","99.79","","","","-11","","NA"
"-65.33","48.01","NEW CARLISLE 1","7055422","2020-02-05 06:00","2020","02","05","06:00","-5.9","","-11.4","","65","","0.0","","29","","20","","","","99.89","","","","-13","","NA"
"-65.33","48.01","NEW CARLISLE 1","7055422","2020-02-05 07:00","2020","02","05","07:00","-6.9","","-13.6","","59","","0.0","","30","","16","","","","100.00","","","","-13","","NA"
"-65.33","48.01","NEW CARLISLE 1","7055422","2020-02-05 08:00","2020","02","05","08:00","-7.1","","-14.7","","55","","0.0","","30","","18","","","","100.10","","","","-14","","NA"
"-65.33","48.01","NEW CARLISLE 1","7055422","2020-02-05 09:00","2020","02","05","09:00","-6.8","","-16.5","","46","","0.0","","30","","23","","","","100.12","","","","-14","","NA"
"-65.33","48.01","NEW CARLISLE 1","7055422","2020-02-05 10:00","2020","02","05","10:00","-6.2","","-16.4","","44","","0.0","","29","","33","","","","100.17","","","","-15","","NA"
"-65.33","48.01","NEW CARLISLE 1","7055422","2020-02-05 11:00","2020","02","05","11:00","-6.2","","-14.8","","51","","0.0","","29","","21","","","","100.24","","","","-13","","NA"
"-65.33","48.01","NEW CARLISLE 1","7055422","2020-02-05 12:00","2020","02","05","12:00","-7.0","","-13.9","","58","","0.0","","29","","26","","","","100.29","","","","-15","","NA"
"-65.33","48.01","NEW CARLISLE 1","7055422","2020-02-05 13:00","2020","02","05","13:00","-7.1","","-14.8","","54","","0.0","","27","","30","","","","100.31","","","","-16","","NA"
"-65.33","48.01","NEW CARLISLE 1","7055422","2020-02-05 14:00","2020","02","05","14:00","-8.0","","-15.8","","54","","0.0","","28","","26","","","","100.41","","","","-16","","NA"
"-65.33","48.01","NEW CARLISLE 1","7055422","2020-02-05 15:00","2020","02","05","15:00","-8.8","","-16.7","","53","","0.0","","29","","22","","","","100.50","","","","-17","","NA"
"-65.33","48.01","NEW CARLISLE 1","7055422","2020-02-05 16:00","2020","02","05","16:00","-9.6","","-17.4","","53","","0.0","","29","","20","","","","100.57","","","","-17","","NA"
"-65.33","48.01","NEW CARLISLE 1","7055422","2020-02-05 17:00","2020","02","05","17:00","-10.1","","-17.3","","56","","0.0","","29","","21","","","","100.70","","","","-18","","NA"
"-65.33","48.01","NEW CARLISLE 1","7055422","2020-02-05 18:00","2020","02","05","18:00","-10.4","","-17.5","","56","","0.0","","31","","20","","","","100.86","","","","-18","","NA"
"-65.33","48.01","NEW CARLISLE 1","7055422","2020-02-05 19:00","2020","02","05","19:00","-11.3","","-17.8","","58","","0.0","","31","","14","","","","100.91","","","","-18","","NA"
"-65.33","48.01","NEW CARLISLE 1","7055422","2020-02-05 20:00","2020","02","05","20:00","-10.3","","-16.9","","59","","0.0","","29","","19","","","","100.92","","","","-18","","NA"
"-65.33","48.01","NEW CARLISLE 1","7055422","2020-02-05 21:00","2020","02","05","21:00","-10.9","","-16.8","","62","","0.0","","29","","19","","","","100.91","","","","-19","","NA"
"-65.33","48.01","NEW CARLISLE 1","7055422","2020-02-05 22:00","2020","02","05","22:00","-11.2","","-18.0","","57","","0.0","","30","","20","","","","100.85","","","","-19","","NA"
"-65.33","48.01","NEW CARLISLE 1","7055422","2020-02-05 23:00","2020","02","05","23:00","-11.7","","-17.7","","61","","0.0","","28","","20","","","","100.96","","","","-20","","NA"
"-65.33","48.01","NEW CARLISLE 1","7055422","2020-02-06 00:00","2020","02","06","00:00","-12.1","","-17.8","","62","","0.0","","29","","15","","","","100.96","","","","-19","","NA"
"-65.33","48.01","NEW CARLISLE 1","7055422","2020-02-06 01:00","2020","02","06","01:00","-13.3","","-18.0","","67","","0.0","","31","","11","","","","100.90","","","","-20","","NA"
"-65.33","48.01","NEW CARLISLE 1","7055422","2020-02-06 02:00","2020","02","06","02:00","-12.7","","-17.6","","67","","0.0","","30","","13","","","","101.00","","","","-20","","NA"
"-65.33","48.01","NEW CARLISLE 1","7055422","2020-02-06 03:00","2020","02","06","03:00","-12.9","","-18.2","","64","","0.0","","30","","14","","","","101.04","","","","-20","","NA"
"-65.33","48.01","NEW CARLISLE 1","7055422","2020-02-06 04:00","2020","02","06","04:00","-12.7","","-16.5","","73","","0.0","","29","","8","","","","101.04","","","","-18","","NA"
"-65.33","48.01","NEW CARLISLE 1","7055422","2020-02-06 05:00","2020","02","06","05:00","-13.2","","-17.1","","72","","0.0","","32","","9","","","","100.87","","","","-19","","NA"
"-65.33","48.01","NEW CARLISLE 1","7055422","2020-02-06 06:00","2020","02","06","06:00","-14.0","","-18.0","","72","","0.0","","34","","8","","","","100.89","","","","-19","","NA"
"-65.33","48.01","NEW CARLISLE 1","7055422","2020-02-06 07:00","2020","02","06","07:00","-14.0","","-17.7","","73","","0.0","","32","","5","","","","101.01","","","","-17","","NA"
"-65.33","48.01","NEW CARLISLE 1","7055422","2020-02-06 08:00","2020","02","06","08:00","-11.6","","-16.2","","69","","0.0","","23","","14","","","","101.00","","","","-18","","NA"
"-65.33","48.01","NEW CARLISLE 1","7055422","2020-02-06 09:00","2020","02","06","09:00","-11.3","","-16.2","","67","","0.0","","24","","13","","","","100.89","","","","-18","","NA"
"-65.33","48.01","NEW CARLISLE 1","7055422","2020-02-06 10:00","2020","02","06","10:00","-10.4","","-15.7","","65","","0.0","","22","","9","","","","100.80","","","","-15","","NA"
"-65.33","48.01","NEW CARLISLE 1","7055422","2020-02-06 11:00","2020","02","06","11:00","-10.5","","-15.1","","69","","0.0","","25","","7","","","","100.74","","","","-15","","NA"
"-65.33","48.01","NEW CARLISLE 1","7055422","2020-02-06 12:00","2020","02","06","12:00","-9.7","","-15.3","","63","","0.0","","28","","7","","","","100.61","","","","-14","","NA"
"-65.33","48.01","NEW CARLISLE 1","7055422","2020-02-06 13:00","2020","02","06","13:00","-9.5","","-15.2","","63","","0.0","","26","","7","","","","100.48","","","","-13","","NA"
"-65.33","48.01","NEW CARLISLE 1","7055422","2020-02-06 14:00","2020","02","06","14:00","-9.8","","-14.1","","71","","0.0","","21","","10","","","","100.49","","","","-15","","NA"
"-65.33","48.01","NEW CARLISLE 1","7055422","2020-02-06 15:00","2020","02","06","15:00","-9.9","","-12.1","","84","","0.2","","23","","5","","","","100.49","","","","-13","","NA"
"-65.33","48.01","NEW CARLISLE 1","7055422","2020-02-06 16:00","2020","02","06","16:00","-9.5","","-11.6","","85","","0.3","","29","","5","","","","100.53","","","","-12","","NA"
"-65.33","48.01","NEW CARLISLE 1","7055422","2020-02-06 17:00","2020","02","06","17:00","-9.6","","-11.5","","86","","0.2","","35","","5","","","","100.47","","","","-12","","NA"
"-65.33","48.01","NEW CARLISLE 1","7055422","2020-02-06 18:00","2020","02","06","18:00","-9.8","","-11.7","","85","","0.1","","36","","7","","","","100.47","","","","-14","","NA"
"-65.33","48.01","NEW CARLISLE 1","7055422","2020-02-06 19:00","2020","02","06","19:00","-9.6","","-11.5","","85","","0.1","","36","","7","","","","100.40","","","","-14","","NA"
"-65.33","48.01","NEW CARLISLE 1","7055422","2020-02-06 20:00","2020","02","06","20:00","-9.4","","-11.5","","85","","0.0","","1","","5","","","","100.30","","","","-12","","NA"
"-65.33","48.01","NEW CARLISLE 1","7055422","2020-02-06 21:00","2020","02","06","21:00","-9.0","","-11.1","","84","","0.0","","36","","6","","","","100.26","","","","-12","","NA"
"-65.33","48.01","NEW CARLISLE 1","7055422","2020-02-06 22:00","2020","02","06","22:00","-9.0","","-11.6","","81","","0.0","","34","","4","","","","100.20","","","","-11","","NA"
"-65.33","48.01","NEW CARLISLE 1","7055422","2020-02-06 23:00","2020","02","06","23:00","-9.2","","-11.5","","83","","0.1","","34","","1","","","","100.14","","","","-10","","NA"
"-65.33","48.01","NEW CARLISLE 1","7055422","2020-02-07 00:00","2020","02","07","00:00","-8.7","","-10.6","","86","","0.2","","3","","5","","","","100.09","","","","-11","","NA"
"-65.33","48.01","NEW CARLISLE 1","7055422","2020-02-07 01:00","2020","02","07","01:00","-8.1","","-9.7","","88","","0.6","","7","","5","","","","100.05","","","","-11","","NA"
"-65.33","48.01","NEW CARLISLE 1","7055422","2020-02-07 02:00","2020","02","07","02:00","-8.0","","-9.7","","88","","0.9","","5","","7","","","","100.10","","","","-12","","NA"
"-65.33","48.01","NEW CARLISLE 1","7055422","2020-02-07 03:00","2020","02","07","03:00","-7.7","","-9.4","","87","","0.5","","6","","8","","","","99.94","","","","-12","","NA"
"-65.33","48.01","NEW CARLISLE 1","7055422","2020-02-07 04:00","2020","02","07","04:00","-7.6","","-9.4","","87","","0.4","","7","","8","","","","99.81","","","","-12","","NA"
"-65.33","48.01","NEW CARLISLE 1","7055422","2020-02-07 05:00","2020","02","07","05:00","-7.7","","-9.6","","86","","0.3","","5","","8","","","","99.85","","","","-12","","NA"
"-65.33","48.01","NEW CARLISLE 1","7055422","2020-02-07 06:00","2020","02","07","06:00","-7.6","","-9.4","","87","","0.6","","2","","6","","","","99.85","","","","-11","","NA"
"-65.33","48.01","NEW CARLISLE 1","7055422","2020-02-07 07:00","2020","02","07","07:00","-7.5","","-9.3","","87","","0.6","","5","","8","","","","99.76","","","","-12","","NA"
"-65.33","48.01","NEW CARLISLE 1","7055422","2020-02-07 08:00","2020","02","07","08:00","-7.4","","-9.4","","86","","0.6","","4","","11","","","","99.68","","","","-12","","NA"
"-65.33","48.01","NEW CARLISLE 1","7055422","2020-02-07 09:00","2020","02","07","09:00","-7.6","","-9.4","","87","","0.9","","4","","9","","","","99.69","","","","-12","","NA"
"-65.33","48.01","NEW CARLISLE 1","7055422","2020-02-07 10:00","2020","02","07","10:00","-7.5","","-9.5","","86","","1.4","","4","","13","","","","99.63","","","","-13","","NA"
"-65.33","48.01","NEW CARLISLE 1","7055422","2020-02-07 11:00","2020","02","07","11:00","-7.6","","-9.8","","85","","0.7","","6","","12","","","","99.51","","","","-13","","NA"
"-65.33","48.01","NEW CARLISLE 1","7055422","2020-02-07 12:00","2020","02","07","12:00","-7.7","","-9.7","","85","","0.7","","6","","13","","","","99.39","","","","-13","","NA"
"-65.33","48.01","NEW CARLISLE 1","7055422","2020-02-07 13:00","2020","02","07","13:00","-8.1","","-9.8","","88","","1.4","","6","","17","","","","99.08","","","","-15","","NA"
"-65.33","48.01","NEW CARLISLE 1","7055422","2020-02-07 14:00","2020","02","07","14:00","-8.5","","-10.5","","86","","1.7","","5","","16","","","","98.95","","","","-15","","NA"
"-65.33","48.01","NEW CARLISLE 1","7055422","2020-02-07 15:00","2020","02","07","15:00","-8.9","","-10.8","","86","","1.1","","4","","16","","","","98.87","","","","-16","","NA"
"-65.33","48.01","NEW CARLISLE 1","7055422","2020-02-07 16:00","2020","02","07","16:00","-9.4","","-11.2","","86","","1.9","","5","","23","","","","98.33","","","","-18","","NA"
"-65.33","48.01","NEW CARLISLE 1","7055422","2020-02-07 17:00","2020","02","07","17:00","-9.4","","-11.3","","86","","1.5","","5","","17","","","","98.25","","","","-16","","NA"
"-65.33","48.01","NEW CARLISLE 1","7055422","2020-02-07 18:00","2020","02","07","18:00","-9.4","","-11.2","","86","","2.4","","3","","18","","","","98.00","","","","-17","","NA"
"-65.33","48.01","NEW CARLISLE 1","7055422","2020-02-07 19:00","2020","02","07","19:00","-9.2","","-11.5","","83","","1.2","","2","","19","","","","97.79","","","","-17","","NA"
"-65.33","48.01","NEW CARLISLE 1","7055422","2020-02-07 20:00","2020","02","07","20:00","-9.3","","-12.5","","78","","0.5","","2","","19","","","","97.66","","","","-17","","NA"
"-65.33","48.01","NEW CARLISLE 1","7055422","2020-02-07 21:00","2020","02","07","21:00","-9.8","","-13.3","","76","","0.4","","1","","12","","","","97.59","","","","-16","","NA"
"-65.33","48.01","NEW CARLISLE 1","7055422","2020-02-07 22:00","2020","02","07","22:00","-9.7","","-13.2","","76","","0.0","","1","","13","","","","97.46","","","","-16","","NA"
"-65.33","48.01","NEW CARLISLE 1","7055422","2020-02-07 23:00","2020","02","07","23:00","-10.6","","-12.9","","83","","0.9","","35","","17","","","","97.56","","","","-18","","NA"
"-65.33","48.01","NEW CARLISLE 1","7055422","2020-02-08 00:00","2020","02","08","00:00","-10.5","","-15.2","","68","","0.1","","33","","13","","","","97.81","","","","-17","","NA"
"-65.33","48.01","NEW CARLISLE 1","7055422","2020-02-08 01:00","2020","02","08","01:00","-10.7","","-14.3","","75","","0.0","","31","","12","","","","98.10","","","","-17","","NA"
"-65.33","48.01","NEW CARLISLE 1","7055422","2020-02-08 02:00","2020","02","08","02:00","-10.9","","-13.5","","81","","0.3","","29","","15","","","","98.37","","","","-18","","NA"
"-65.33","48.01","NEW CARLISLE 1","7055422","2020-02-08 03:00","2020","02","08","03:00","-10.8","","-13.6","","80","","0.1","","30","","14","","","","98.57","","","","-17","","NA"
"-65.33","48.01","NEW CARLISLE 1","7055422","2020-02-08 04:00","2020","02","08","04:00","-10.7","","-13.8","","78","","0.1","","29","","19","","","","98.81","","","","-19","","NA"
"-65.33","48.01","NEW CARLISLE 1","7055422","2020-02-08 05:00","2020","02","08","05:00","-10.7","","-13.9","","77","","0.0","","30","","17","","","","98.99","","","","-18","","NA"
"-65.33","48.01","NEW CARLISLE 1","7055422","2020-02-08 06:00","2020","02","08","06:00","-11.3","","-15.0","","74","","0.0","","29","","13","","","","99.16","","","","-18","","NA"
"-65.33","48.01","NEW CARLISLE 1","7055422","2020-02-08 07:00","2020","02","08","07:00","-11.5","","-15.9","","70","","0.0","","31","","16","","","","99.31","","","","-19","","NA"
"-65.33","48.01","NEW CARLISLE 1","7055422","2020-02-08 08:00","2020","02","08","08:00","-11.3","","-16.5","","65","","0.0","","29","","18","","","","99.56","","","","-19","","NA"
"-65.33","48.01","NEW CARLISLE 1","7055422","2020-02-08 09:00","2020","02","08","09:00","-11.1","","-18.1","","56","","0.0","","29","","22","","","","99.70","","","","-20","","NA"
"-65.33","48.01","NEW CARLISLE 1","7055422","2020-02-08 10:00","2020","02","08","10:00","-10.6","","-18.1","","54","","0.0","","29","","27","","","","99.82","","","","-20","","NA"
"-65.33","48.01","NEW CARLISLE 1","7055422","2020-02-08 11:00","2020","02","08","11:00","-9.3","","-17.3","","52","","0.0","","29","","21","","","","99.97","","","","-17","","NA"
"-65.33","48.01","NEW CARLISLE 1","7055422","2020-02-08 12:00","2020","02","08","12:00","-9.8","","-15.1","","65","","0.0","","28","","24","","","","99.99","","","","-18","","NA"
"-65.33","48.01","NEW CARLISLE 1","7055422","2020-02-08 13:00","2020","02","08","13:00","-9.2","","-15.6","","60","","0.0","","28","","21","","","","99.98","","","","-17","","NA"
"-65.33","48.01","NEW CARLISLE 1","7055422","2020-02-08 14:00","2020","02","08","14:00","-9.6","","-15.2","","64","","0.0","","27","","25","","","","100.14","","","","-18","","NA"
"-65.33","48.01","NEW CARLISLE 1","7055422","2020-02-08 15:00","2020","02","08","15:00","-9.6","","-15.7","","61","","0.0","","26","","25","","","","100.31","","","","-18","","NA"
"-65.33","48.01","NEW CARLISLE 1","7055422","2020-02-08 16:00","2020","02","08","16:00","-9.6","","-16.9","","55","","0.0","","29","","16","","","","100.42","","","","-16","","NA"
"-65.33","48.01","NEW CARLISLE 1","7055422","2020-02-08 17:00","2020","02","08","17:00","-10.7","","-17.2","","59","","0.0","","30","","18","","","","100.56","","","","-18","","NA"
"-65.33","48.01","NEW CARLISLE 1","7055422","2020-02-08 18:00","2020","02","08","18:00","-11.6","","-17.9","","60","","0.0","","30","","17","","","","100.72","","","","-19","","NA"
"-65.33","48.01","NEW CARLISLE 1","7055422","2020-02-08 19:00","2020","02","08","19:00","-12.7","","-18.2","","64","","0.0","","31","","12","","","","100.85","","","","-19","","NA"
"-65.33","48.01","NEW CARLISLE 1","7055422","2020-02-08 20:00","2020","02","08","20:00","-12.4","","-18.5","","60","","0.0","","29","","22","","","","100.95","","","","-21","","NA"
"-65.33","48.01","NEW CARLISLE 1","7055422","2020-02-08 21:00","2020","02","08","21:00","-12.6","","-18.7","","60","","0.0","","29","","20","","","","101.04","","","","-21","","NA"
"-65.33","48.01","NEW CARLISLE 1","7055422","2020-02-08 22:00","2020","02","08","22:00","-12.7","","-19.1","","58","","0.0","","29","","26","","","","101.15","","","","-22","","NA"
"-65.33","48.01","NEW CARLISLE 1","7055422","2020-02-08 23:00","2020","02","08","23:00","-13.0","","-19.4","","58","","0.0","","29","","23","","","","101.26","","","","-22","","NA"
"-65.33","48.01","NEW CARLISLE 1","7055422","2020-02-09 00:00","2020","02","09","00:00","-13.6","","-21.2","","52","","0.0","","29","","27","","","","101.38","","","","-24","","NA"
"-65.33","48.01","NEW CARLISLE 1","7055422","2020-02-09 01:00","2020","02","09","01:00","-14.3","","-21.1","","56","","0.0","","29","","30","","","","101.54","","","","-25","","NA"
"-65.33","48.01","NEW CARLISLE 1","7055422","2020-02-09 02:00","2020","02","09","02:00","-14.8","","-21.0","","59","","0.0","","30","","24","","","","101.67","","","","-25","","NA"
"-65.33","48.01","NEW CARLISLE 1","7055422","2020-02-09 03:00","2020","02","09","03:00","-15.4","","-21.4","","60","","0.0","","30","","19","","","","101.78","","","","-24","","NA"
"-65.33","48.01","NEW CARLISLE 1","7055422","2020-02-09 04:00","2020","02","09","04:00","-15.8","","-21.3","","63","","0.0","","30","","16","","","","101.90","","","","-24","","NA"
"-65.33","48.01","NEW CARLISLE 1","7055422","2020-02-09 05:00","2020","02","09","05:00","-16.2","","-20.9","","67","","0.0","","30","","13","","","","102.00","","","","-24","","NA"
"-65.33","48.01","NEW CARLISLE 1","7055422","2020-02-09 06:00","2020","02","09","06:00","-16.0","","-20.2","","70","","0.0","","29","","12","","","","102.11","","","","-23","","NA"
"-65.33","48.01","NEW CARLISLE 1","7055422","2020-02-09 07:00","2020","02","09","07:00","-16.8","","-21.9","","64","","0.0","","30","","15","","","","102.26","","","","-25","","NA"
"-65.33","48.01","NEW CARLISLE 1","7055422","2020-02-09 08:00","2020","02","09","08:00","-15.9","","-22.7","","56","","0.0","","30","","18","","","","102.38","","","","-25","","NA"
"-65.33","48.01","NEW CARLISLE 1","7055422","2020-02-09 09:00","2020","02","09","09:00","-15.0","","-23.1","","50","","0.0","","29","","21","","","","102.46","","","","-24","","NA"
"-65.33","48.01","NEW CARLISLE 1","7055422","2020-02-09 10:00","2020","02","09","10:00","-14.2","","-21.2","","55","","0.0","","29","","17","","","","102.49","","","","-22","","NA"
"-65.33","48.01","NEW CARLISLE 1","7055422","2020-02-09 11:00","2020","02","09","11:00","-13.2","","-19.7","","58","","0.0","","28","","18","","","","102.49","","","","-21","","NA"
"-65.33","48.01","NEW CARLISLE 1","7055422","2020-02-09 12:00","2020","02","09","12:00","-12.6","","-19.1","","58","","0.0","","27","","23","","","","102.46","","","","-22","","NA"
"-65.33","48.01","NEW CARLISLE 1","7055422","2020-02-09 13:00","2020","02","09","13:00","-11.8","","-18.7","","57","","0.0","","26","","18","","","","102.42","","","","-20","","NA"
"-65.33","48.01","NEW CARLISLE 1","7055422","2020-02-09 14:00","2020","02","09","14:00","-10.8","","-18.8","","52","","0.0","","28","","15","","","","102.42","","","","-18","","NA"
"-65.33","48.01","NEW CARLISLE 1","7055422","2020-02-09 15:00","2020","02","09","15:00","-9.7","","-19.5","","45","","0.0","","29","","14","","","","102.40","","","","-16","","NA"
"-65.33","48.01","NEW CARLISLE 1","7055422","2020-02-09 16:00","2020","02","09","16:00","-10.7","","-18.0","","55","","0.0","","29","","6","","","","102.41","","","","-14","","NA"
"-65.33","48.01","NEW CARLISLE 1","7055422","2020-02-09 17:00","2020","02","09","17:00","-12.5","","-16.8","","70","","0.0","","30","","3","","","","102.44","","","","-14","","NA"
"-65.33","48.01","NEW CARLISLE 1","7055422","2020-02-09 18:00","2020","02","09","18:00","-15.1","","-18.0","","79","","0.0","","1","","3","","","","102.37","","","","-17","","NA"
"-65.33","48.01","NEW CARLISLE 1","7055422","2020-02-09 19:00","2020","02","09","19:00","-16.4","","-18.8","","82","","0.0","","30","","5","","","","102.41","","","","-20","","NA"
"-65.33","48.01","NEW CARLISLE 1","7055422","2020-02-09 20:00","2020","02","09","20:00","-14.1","","-15.7","","87","","0.0","","27","","7","","","","102.40","","","","-19","","NA"
"-65.33","48.01","NEW CARLISLE 1","7055422","2020-02-09 21:00","2020","02","09","21:00","-15.0","","-17.0","","85","","0.0","","29","","4","","","","102.33","","","","-18","","NA"
"-65.33","48.01","NEW CARLISLE 1","7055422","2020-02-09 22:00","2020","02","09","22:00","-11.0","","-15.4","","70","","0.0","","25","","9","","","","102.30","","","","-16","","NA"
"-65.33","48.01","NEW CARLISLE 1","7055422","2020-02-09 23:00","2020","02","09","23:00","-11.2","","-15.8","","69","","0.0","","22","","14","","","","102.21","","","","-18","","NA"
"-65.33","48.01","NEW CARLISLE 1","7055422","2020-02-10 00:00","2020","02","10","00:00","-11.1","","-15.3","","71","","0.0","","22","","13","","","","102.14","","","","-18","","NA"
"-65.33","48.01","NEW CARLISLE 1","7055422","2020-02-10 01:00","2020","02","10","01:00","-11.7","","-15.5","","73","","0.0","","23","","11","","","","102.10","","","","-18","","NA"
"-65.33","48.01","NEW CARLISLE 1","7055422","2020-02-10 02:00","2020","02","10","02:00","-12.1","","-15.2","","77","","0.0","","24","","9","","","","102.09","","","","-17","","NA"
"-65.33","48.01","NEW CARLISLE 1","7055422","2020-02-10 03:00","2020","02","10","03:00","-13.7","","-15.9","","83","","0.0","","32","","4","","","","102.06","","","","-16","","NA"
"-65.33","48.01","NEW CARLISLE 1","7055422","2020-02-10 04:00","2020","02","10","04:00","-13.5","","-15.9","","82","","0.0","","4","","5","","","","101.98","","","","-17","","NA"
"-65.33","48.01","NEW CARLISLE 1","7055422","2020-02-10 05:00","2020","02","10","05:00","-13.2","","-15.7","","82","","0.0","","4","","4","","","","101.89","","","","-16","","NA"
"-65.33","48.01","NEW CARLISLE 1","7055422","2020-02-10 06:00","2020","02","10","06:00","-12.7","","-14.9","","83","","0.0","","9","","3","","","","101.80","","","","-15","","NA"
"-65.33","48.01","NEW CARLISLE 1","7055422","2020-02-10 07:00","2020","02","10","07:00","-11.6","","-13.7","","84","","0.0","","5","","3","","","","101.78","","","","-13","","NA"
"-65.33","48.01","NEW CARLISLE 1","7055422","2020-02-10 08:00","2020","02","10","08:00","-10.5","","-12.5","","85","","0.7","","7","","3","","","","101.68","","","","-12","","NA"
"-65.33","48.01","NEW CARLISLE 1","7055422","2020-02-10 09:00","2020","02","10","09:00","-10.1","","-12.2","","85","","1.3","","6","","7","","","","101.53","","","","-14","","NA"
"-65.33","48.01","NEW CARLISLE 1","7055422","2020-02-10 10:00","2020","02","10","10:00","-9.4","","-11.6","","84","","1.5","","7","","7","","","","101.41","","","","-13","","NA"
"-65.33","48.01","NEW CARLISLE 1","7055422","2020-02-10 11:00","2020","02","10","11:00","-8.9","","-11.0","","84","","1.0","","7","","10","","","","101.23","","","","-14","","NA"
"-65.33","48.01","NEW CARLISLE 1","7055422","2020-02-10 12:00","2020","02","10","12:00","-7.2","","-9.8","","82","","0.6","","1","","5","","","","101.07","","","","-10","","NA"
"-65.33","48.01","NEW CARLISLE 1","7055422","2020-02-10 13:00","2020","02","10","13:00","-5.5","","-8.8","","77","","0.3","","9","","4","","","","100.91","","","","-7","","NA"
"-65.33","48.01","NEW CARLISLE 1","7055422","2020-02-10 14:00","2020","02","10","14:00","-5.0","","-8.3","","77","","0.0","","18","","3","","","","100.82","","","","-6","","NA"
"-65.33","48.01","NEW CARLISLE 1","7055422","2020-02-10 15:00","2020","02","10","15:00","-5.9","","-8.4","","83","","0.0","","26","","6","","","","100.79","","","","-9","","NA"
"-65.33","48.01","NEW CARLISLE 1","7055422","2020-02-10 16:00","2020","02","10","16:00","-6.8","","-9.0","","84","","0.0","","26","","6","","","","100.77","","","","-10","","NA"
"-65.33","48.01","NEW CARLISLE 1","7055422","2020-02-10 17:00","2020","02","10","17:00","-8.5","","-10.3","","87","","0.0","","30","","9","","","","100.76","","","","-13","","NA"
"-65.33","48.01","NEW CARLISLE 1","7055422","2020-02-10 18:00","2020","02","10","18:00","-9.0","","-10.8","","87","","0.0","","30","","12","","","","100.80","","","","-15","","NA"
"-65.33","48.01","NEW CARLISLE 1","7055422","2020-02-10 19:00","2020","02","10","19:00","-9.2","","-10.7","","89","","0.0","","30","","15","","","","100.83","","","","-16","","NA"
"-65.33","48.01","NEW CARLISLE 1","7055422","2020-02-10 20:00","2020","02","10","20:00","-8.5","","-10.3","","87","","0.0","","30","","16","","","","100.85","","","","-15","","NA"
"-65.33","48.01","NEW CARLISLE 1","7055422","2020-02-10 21:00","2020","02","10","21:00","-8.8","","-10.4","","88","","0.0","","31","","13","","","","100.91","","","","-15","","NA"
"-65.33","48.01","NEW CARLISLE 1","7055422","2020-02-10 22:00","2020","02","10","22:00","-8.1","","-9.9","","86","","0.0","","32","","9","","","","100.96","","","","-13","","NA"
"-65.33","48.01","NEW CARLISLE 1","7055422","2020-02-10 23:00","2020","02","10","23:00","-8.0","","-9.6","","89","","0.0","","30","","9","","","","100.97","","","","-13","","NA"
"-65.33","48.01","NEW CARLISLE 1","7055422","2020-02-11 00:00","2020","02","11","00:00","-7.9","","-9.3","","89","","0.0","","31","","12","","","","101.02","","","","-13","","NA"
"-65.33","48.01","NEW CARLISLE 1","7055422","2020-02-11 01:00","2020","02","11","01:00","-9.0","","-10.5","","89","","0.0","","32","","6","","","","101.07","","","","-12","","NA"
"-65.33","48.01","NEW CARLISLE 1","7055422","2020-02-11 02:00","2020","02","11","02:00","-10.9","","-12.1","","91","","0.0","","32","","8","","","","101.10","","","","-16","","NA"
"-65.33","48.01","NEW CARLISLE 1","7055422","2020-02-11 03:00","2020","02","11","03:00","-10.7","","-11.9","","91","","0.0","","26","","6","","","","101.18","","","","-14","","NA"
"-65.33","48.01","NEW CARLISLE 1","7055422","2020-02-11 04:00","2020","02","11","04:00","-11.3","","-12.3","","92","","0.0","","33","","8","","","","101.20","","","","-16","","NA"
"-65.33","48.01","NEW CARLISLE 1","7055422","2020-02-11 05:00","2020","02","11","05:00","-10.2","","-11.1","","93","","0.0","","28","","8","","","","101.21","","","","-15","","NA"
"-65.33","48.01","NEW CARLISLE 1","7055422","2020-02-11 06:00","2020","02","11","06:00","-9.2","","-10.3","","92","","0.0","","29","","7","","","","101.27","","","","-13","","NA"
"-65.33","48.01","NEW CARLISLE 1","7055422","2020-02-11 07:00","2020","02","11","07:00","-9.6","","-11.0","","90","","0.0","","27","","6","","","","101.28","","","","-13","","NA"
"-65.33","48.01","NEW CARLISLE 1","7055422","2020-02-11 08:00","2020","02","11","08:00","-7.4","","-8.9","","89","","0.0","","24","","6","","","","101.33","","","","-11","","NA"
"-65.33","48.01","NEW CARLISLE 1","7055422","2020-02-11 09:00","2020","02","11","09:00","-6.0","","-8.5","","83","","0.0","","28","","4","","","","101.26","","","","-8","","NA"
"-65.33","48.01","NEW CARLISLE 1","7055422","2020-02-11 10:00","2020","02","11","10:00","-4.4","","-8.2","","75","","0.0","","24","","4","","","","101.17","","","","-6","","NA"
"-65.33","48.01","NEW CARLISLE 1","7055422","2020-02-11 11:00","2020","02","11","11:00","-4.7","","-8.9","","73","","0.0","","22","","5","","","","101.09","","","","-7","","NA"
"-65.33","48.01","NEW CARLISLE 1","7055422","2020-02-11 12:00","2020","02","11","12:00","-4.6","","-8.4","","75","","0.0","","24","","4","","","","100.96","","","","-6","","NA"
"-65.33","48.01","NEW CARLISLE 1","7055422","2020-02-11 13:00","2020","02","11","13:00","-3.8","","-7.7","","74","","0.0","","17","","6","","","","100.89","","","","-6","","NA"
"-65.33","48.01","NEW CARLISLE 1","7055422","2020-02-11 14:00","2020","02","11","14:00","-3.2","","-7.3","","73","","0.0","","14","","5","","","","100.73","","","","-5","","NA"
"-65.33","48.01","NEW CARLISLE 1","7055422","2020-02-11 15:00","2020","02","11","15:00","-2.9","","-6.3","","77","","0.0","","12","","6","","","","100.62","","","","-5","","NA"
"-65.33","48.01","NEW CARLISLE 1","7055422","2020-02-11 16:00","2020","02","11","16:00","-2.4","","-5.2","","81","","0.0","","17","","9","","","","100.57","","","","-6","","NA"
"-65.33","48.01","NEW CARLISLE 1","7055422","2020-02-11 17:00","2020","02","11","17:00","-2.7","","-5.1","","83","","0.0","","20","","3","","","","100.50","","","","-4","","NA"
"-65.33","48.01","NEW CARLISLE 1","7055422","2020-02-11 18:00","2020","02","11","18:00","-2.5","","-5.1","","82","","0.0","","16","","4","","","","100.37","","","","-4","","NA"
"-65.33","48.01","NEW CARLISLE 1","7055422","2020-02-11 19:00","2020","02","11","19:00","-3.0","","-4.5","","90","","0.0","","9","","8","","","","100.25","","","","-6","","NA"
"-65.33","48.01","NEW CARLISLE 1","7055422","2020-02-11 20:00","2020","02","11","20:00","-3.2","","-4.5","","91","","0.0","","10","","5","","","","100.16","","","","-5","","NA"
"-65.33","48.01","NEW CARLISLE 1","7055422","2020-02-11 21:00","2020","02","11","21:00","-3.4","","-4.3","","93","","0.0","","11","","4","","","","100.07","","","","-5","","NA"
"-65.33","48.01","NEW CARLISLE 1","7055422","2020-02-11 22:00","2020","02","11","22:00","-3.4","","-4.3","","94","","0.0","","7","","4","","","","99.91","","","","-5","","NA"
"-65.33","48.01","NEW CARLISLE 1","7055422","2020-02-11 23:00","2020","02","11","23:00","-3.4","","-4.2","","94","","0.0","","6","","3","","","","99.84","","","","-5","","NA"
"-65.33","48.01","NEW CARLISLE 1","7055422","2020-02-12 00:00","2020","02","12","00:00","-3.5","","-4.4","","94","","0.0","","2","","5","","","","99.76","","","","-6","","NA"
"-65.33","48.01","NEW CARLISLE 1","7055422","2020-02-12 01:00","2020","02","12","01:00","-3.4","","-4.3","","94","","0.1","","3","","5","","","","99.64","","","","-5","","NA"
"-65.33","48.01","NEW CARLISLE 1","7055422","2020-02-12 02:00","2020","02","12","02:00","-3.4","","-4.2","","94","","0.0","","34","","3","","","","99.60","","","","-5","","NA"
"-65.33","48.01","NEW CARLISLE 1","7055422","2020-02-12 03:00","2020","02","12","03:00","-3.4","","-4.2","","95","","0.1","","30","","5","","","","99.56","","","","-5","","NA"
"-65.33","48.01","NEW CARLISLE 1","7055422","2020-02-12 04:00","2020","02","12","04:00","-3.7","","-4.6","","93","","0.1","","30","","7","","","","99.56","","","","-7","","NA"
"-65.33","48.01","NEW CARLISLE 1","7055422","2020-02-12 05:00","2020","02","12","05:00","-4.2","","-5.1","","93","","0.0","","31","","7","","","","99.57","","","","-7","","NA"
"-65.33","48.01","NEW CARLISLE 1","7055422","2020-02-12 06:00","2020","02","12","06:00","-4.8","","-5.8","","93","","0.0","","29","","12","","","","99.65","","","","-10","","NA"
"-65.33","48.01","NEW CARLISLE 1","7055422","2020-02-12 07:00","2020","02","12","07:00","-5.0","","-7.3","","84","","0.0","","30","","12","","","","99.77","","","","-10","","NA"
"-65.33","48.01","NEW CARLISLE 1","7055422","2020-02-12 08:00","2020","02","12","08:00","-4.2","","-8.1","","74","","0.0","","30","","13","","","","99.87","","","","-9","","NA"
"-65.33","48.01","NEW CARLISLE 1","7055422","2020-02-12 09:00","2020","02","12","09:00","-3.2","","-8.5","","66","","0.0","","28","","14","","","","99.95","","","","-8","","NA"
"-65.33","48.01","NEW CARLISLE 1","7055422","2020-02-12 10:00","2020","02","12","10:00","-2.4","","-7.7","","67","","0.0","","28","","18","","","","100.05","","","","-8","","NA"
"-65.33","48.01","NEW CARLISLE 1","7055422","2020-02-12 11:00","2020","02","12","11:00","-1.8","","-7.4","","65","","0.0","","27","","17","","","","100.14","","","","-7","","NA"
"-65.33","48.01","NEW CARLISLE 1","7055422","2020-02-12 12:00","2020","02","12","12:00","-1.1","","-7.9","","60","","0.0","","27","","21","","","","100.11","","","","-7","","NA"
"-65.33","48.01","NEW CARLISLE 1","7055422","2020-02-12 13:00","2020","02","12","13:00","-0.8","","-9.1","","53","","0.0","","29","","22","","","","100.11","","","","-7","","NA"
"-65.33","48.01","NEW CARLISLE 1","7055422","2020-02-12 14:00","2020","02","12","14:00","-1.1","","-8.8","","56","","0.0","","28","","24","","","","100.17","","","","-7","","NA"
"-65.33","48.01","NEW CARLISLE 1","7055422","2020-02-12 15:00","2020","02","12","15:00","-1.5","","-8.2","","60","","0.0","","25","","19","","","","100.27","","","","-7","","NA"
"-65.33","48.01","NEW CARLISLE 1","7055422","2020-02-12 16:00","2020","02","12","16:00","-1.8","","-8.5","","60","","0.0","","27","","15","","","","100.31","","","","-7","","NA"
"-65.33","48.01","NEW CARLISLE 1","7055422","2020-02-12 17:00","2020","02","12","17:00","-2.2","","-9.3","","58","","0.0","","27","","12","","","","100.44","","","","-6","","NA"
"-65.33","48.01","NEW CARLISLE 1","7055422","2020-02-12 18:00","2020","02","12","18:00","-2.1","","-7.3","","67","","0.0","","25","","9","","","","100.52","","","","-6","","NA"
"-65.33","48.01","NEW CARLISLE 1","7055422","2020-02-12 19:00","2020","02","12","19:00","-1.7","","-7.6","","64","","0.0","","25","","10","","","","100.42","","","","-5","","NA"
"-65.33","48.01","NEW CARLISLE 1","7055422","2020-02-12 20:00","2020","02","12","20:00","-3.3","","-6.9","","76","","0.0","","23","","4","","","","100.34","","","","-5","","NA"
"-65.33","48.01","NEW CARLISLE 1","7055422","2020-02-12 21:00","2020","02","12","21:00","-3.5","","-7.3","","75","","0.0","","24","","10","","","","100.31","","","","-7","","NA"
"-65.33","48.01","NEW CARLISLE 1","7055422","2020-02-12 22:00","2020","02","12","22:00","-2.6","","-6.5","","74","","0.0","","26","","14","","","","100.24","","","","-7","","NA"
"-65.33","48.01","NEW CARLISLE 1","7055422","2020-02-12 23:00","2020","02","12","23:00","-2.0","","-6.6","","71","","0.0","","26","","14","","","","100.12","","","","-7","","NA"
"-65.33","48.01","NEW CARLISLE 1","7055422","2020-02-13 00:00","2020","02","13","00:00","-2.3","","-7.3","","69","","0.0","","26","","21","","","","100.01","","","","-8","","NA"
"-65.33","48.01","NEW CARLISLE 1","7055422","2020-02-13 01:00","2020","02","13","01:00","-2.1","","-7.6","","66","","0.0","","27","","20","","","","99.89","","","","-8","","NA"
"-65.33","48.01","NEW CARLISLE 1","7055422","2020-02-13 02:00","2020","02","13","02:00","-2.3","","-7.2","","69","","0.0","","27","","18","","","","99.86","","","","-8","","NA"
"-65.33","48.01","NEW CARLISLE 1","7055422","2020-02-13 03:00","2020","02","13","03:00","-2.5","","-6.9","","72","","0.0","","26","","17","","","","99.79","","","","-8","","NA"
"-65.33","48.01","NEW CARLISLE 1","7055422","2020-02-13 04:00","2020","02","13","04:00","-2.8","","-6.9","","73","","0.0","","28","","10","","","","99.73","","","","-7","","NA"
"-65.33","48.01","NEW CARLISLE 1","7055422","2020-02-13 05:00","2020","02","13","05:00","-3.0","","-6.6","","77","","0.0","","29","","8","","","","99.70","","","","-6","","NA"
"-65.33","48.01","NEW CARLISLE 1","7055422","2020-02-13 06:00","2020","02","13","06:00","-2.7","","-6.2","","77","","0.0","","27","","8","","","","99.66","","","","-6","","NA"
"-65.33","48.01","NEW CARLISLE 1","7055422","2020-02-13 07:00","2020","02","13","07:00","-3.0","","-4.7","","88","","0.0","","25","","8","","","","99.62","","","","-6","","NA"
"-65.33","48.01","NEW CARLISLE 1","7055422","2020-02-13 08:00","2020","02","13","08:00","-2.3","","-5.1","","81","","0.1","","27","","18","","","","99.61","","","","-8","","NA"
"-65.33","48.01","NEW CARLISLE 1","7055422","2020-02-13 09:00","2020","02","13","09:00","-2.4","","-4.8","","84","","0.0","","27","","16","","","","99.56","","","","-8","","NA"
"-65.33","48.01","NEW CARLISLE 1","7055422","2020-02-13 10:00","2020","02","13","10:00","-3.2","","-9.1","","64","","0.1","","32","","21","","","","99.56","","","","-9","","NA"
"-65.33","48.01","NEW CARLISLE 1","7055422","2020-02-13 11:00","2020","02","13","11:00","-3.6","","-10.9","","57","","0.0","","29","","16","","","","99.64","","","","-9","","NA"
"-65.33","48.01","NEW CARLISLE 1","7055422","2020-02-13 12:00","2020","02","13","12:00","-4.0","","-11.1","","58","","0.0","","28","","15","","","","99.59","","","","-9","","NA"
"-65.33","48.01","NEW CARLISLE 1","7055422","2020-02-13 13:00","2020","02","13","13:00","-5.1","","-14.9","","46","","0.0","","31","","19","","","","99.57","","","","-12","","NA"
"-65.33","48.01","NEW CARLISLE 1","7055422","2020-02-13 14:00","2020","02","13","14:00","-6.3","","-17.7","","40","","0.0","","31","","17","","","","99.57","","","","-13","","NA"
"-65.33","48.01","NEW CARLISLE 1","7055422","2020-02-13 15:00","2020","02","13","15:00","-7.5","","-18.1","","42","","0.0","","30","","16","","","","99.61","","","","-14","","NA"
"-65.33","48.01","NEW CARLISLE 1","7055422","2020-02-13 16:00","2020","02","13","16:00","-8.8","","-18.6","","45","","0.0","","29","","18","","","","99.67","","","","-16","","NA"
"-65.33","48.01","NEW CARLISLE 1","7055422","2020-02-13 17:00","2020","02","13","17:00","-10.2","","-19.7","","46","","0.0","","31","","12","","","","99.73","","","","-16","","NA"
"-65.33","48.01","NEW CARLISLE 1","7055422","2020-02-13 18:00","2020","02","13","18:00","-11.3","","-20.1","","48","","0.0","","31","","13","","","","99.86","","","","-18","","NA"
"-65.33","48.01","NEW CARLISLE 1","7055422","2020-02-13 19:00","2020","02","13","19:00","-12.2","","-20.5","","50","","0.0","","33","","13","","","","99.91","","","","-19","","NA"
"-65.33","48.01","NEW CARLISLE 1","7055422","2020-02-13 20:00","2020","02","13","20:00","-13.3","","-20.9","","53","","0.0","","31","","16","","","","99.96","","","","-21","","NA"
"-65.33","48.01","NEW CARLISLE 1","7055422","2020-02-13 21:00","2020","02","13","21:00","-13.9","","-21.2","","54","","0.0","","31","","15","","","","99.97","","","","-22","","NA"
"-65.33","48.01","NEW CARLISLE 1","7055422","2020-02-13 22:00","2020","02","13","22:00","-13.9","","-21.2","","54","","0.0","","29","","11","","","","100.03","","","","-20","","NA"
"-65.33","48.01","NEW CARLISLE 1","7055422","2020-02-13 23:00","2020","02","13","23:00","-14.3","","-21.7","","53","","0.0","","30","","18","","","","100.05","","","","-23","","NA"
"-65.33","48.01","NEW CARLISLE 1","7055422","2020-02-14 00:00","2020","02","14","00:00","-15.3","","-22.3","","55","","0.0","","29","","15","","","","100.10","","","","-23","","NA"
"-65.33","48.01","NEW CARLISLE 1","7055422","2020-02-14 01:00","2020","02","14","01:00","-16.6","","-23.0","","57","","0.0","","31","","10","","","","100.19","","","","-23","","NA"
"-65.33","48.01","NEW CARLISLE 1","7055422","2020-02-14 02:00","2020","02","14","02:00","-17.5","","-23.3","","61","","0.0","","31","","11","","","","100.24","","","","-25","","NA"
"-65.33","48.01","NEW CARLISLE 1","7055422","2020-02-14 03:00","2020","02","14","03:00","-18.7","","-24.3","","61","","0.0","","31","","7","","","","100.31","","","","-24","","NA"
"-65.33","48.01","NEW CARLISLE 1","7055422","2020-02-14 04:00","2020","02","14","04:00","-18.5","","-24.4","","60","","0.0","","30","","15","","","","100.40","","","","-27","","NA"
"-65.33","48.01","NEW CARLISLE 1","7055422","2020-02-14 05:00","2020","02","14","05:00","-19.2","","-24.8","","61","","0.0","","30","","12","","","","100.51","","","","-27","","NA"
"-65.33","48.01","NEW CARLISLE 1","7055422","2020-02-14 06:00","2020","02","14","06:00","-19.8","","-25.8","","59","","0.0","","29","","15","","","","100.61","","","","-29","","NA"
"-65.33","48.01","NEW CARLISLE 1","7055422","2020-02-14 07:00","2020","02","14","07:00","-20.2","","-26.7","","56","","0.0","","29","","20","","","","100.73","","","","-31","","NA"
"-65.33","48.01","NEW CARLISLE 1","7055422","2020-02-14 08:00","2020","02","14","08:00","-19.7","","-27.3","","51","","0.0","","29","","17","","","","100.85","","","","-29","","NA"
"-65.33","48.01","NEW CARLISLE 1","7055422","2020-02-14 09:00","2020","02","14","09:00","-19.3","","-27.8","","47","","0.0","","28","","26","","","","100.86","","","","-31","","NA"
"-65.33","48.01","NEW CARLISLE 1","7055422","2020-02-14 10:00","2020","02","14","10:00","-18.3","","-28.0","","42","","0.0","","30","","23","","","","100.93","","","","-29","","NA"
"-65.33","48.01","NEW CARLISLE 1","7055422","2020-02-14 11:00","2020","02","14","11:00","-17.4","","-28.0","","39","","0.0","","29","","25","","","","100.97","","","","-28","","NA"
"-65.33","48.01","NEW CARLISLE 1","7055422","2020-02-14 12:00","2020","02","14","12:00","-16.3","","-28.5","","34","","0.0","","29","","23","","","","100.99","","","","-26","","NA"
"-65.33","48.01","NEW CARLISLE 1","7055422","2020-02-14 13:00","2020","02","14","13:00","-15.3","","-27.4","","35","","0.0","","28","","22","","","","101.02","","","","-25","","NA"
"-65.33","48.01","NEW CARLISLE 1","7055422","2020-02-14 14:00","2020","02","14","14:00","-15.1","","-26.1","","39","","0.0","","28","","26","","","","101.10","","","","-25","","NA"
"-65.33","48.01","NEW CARLISLE 1","7055422","2020-02-14 15:00","2020","02","14","15:00","-14.6","","-25.7","","39","","0.0","","29","","24","","","","101.22","","","","-24","","NA"
"-65.33","48.01","NEW CARLISLE 1","7055422","2020-02-14 16:00","2020","02","14","16:00","-15.1","","-25.6","","40","","0.0","","29","","21","","","","101.39","","","","-25","","NA"
"-65.33","48.01","NEW CARLISLE 1","7055422","2020-02-14 17:00","2020","02","14","17:00","-16.3","","-25.6","","44","","0.0","","29","","17","","","","101.58","","","","-25","","NA"
"-65.33","48.01","NEW CARLISLE 1","7055422","2020-02-14 18:00","2020","02","14","18:00","-16.7","","-25.7","","46","","0.0","","30","","21","","","","101.71","","","","-27","","NA"
"-65.33","48.01","NEW CARLISLE 1","7055422","2020-02-14 19:00","2020","02","14","19:00","-17.5","","-26.0","","47","","0.0","","30","","21","","","","101.81","","","","-28","","NA"
"-65.33","48.01","NEW CARLISLE 1","7055422","2020-02-14 20:00","2020","02","14","20:00","-18.0","","-26.0","","50","","0.0","","31","","25","","","","101.91","","","","-29","","NA"
"-65.33","48.01","NEW CARLISLE 1","7055422","2020-02-14 21:00","2020","02","14","21:00","-18.1","","-26.2","","49","","0.0","","31","","25","","","","102.00","","","","-29","","NA"
"-65.33","48.01","NEW CARLISLE 1","7055422","2020-02-14 22:00","2020","02","14","22:00","-18.2","","-26.3","","49","","0.0","","32","","23","","","","102.04","","","","-29","","NA"
"-65.33","48.01","NEW CARLISLE 1","7055422","2020-02-14 23:00","2020","02","14","23:00","-18.4","","-26.3","","50","","0.0","","32","","17","","","","102.09","","","","-28","","NA"
"-65.33","48.01","NEW CARLISLE 1","7055422","2020-02-15 00:00","2020","02","15","00:00","-18.5","","-25.9","","52","","0.0","","31","","19","","","","102.16","","","","-28","","NA"
"-65.33","48.01","NEW CARLISLE 1","7055422","2020-02-15 01:00","2020","02","15","01:00","-18.5","","-25.5","","54","","0.0","","31","","16","","","","102.22","","","","-28","","NA"
"-65.33","48.01","NEW CARLISLE 1","7055422","2020-02-15 02:00","2020","02","15","02:00","-19.3","","-25.7","","57","","0.0","","32","","12","","","","102.26","","","","-27","","NA"
"-65.33","48.01","NEW CARLISLE 1","7055422","2020-02-15 03:00","2020","02","15","03:00","-20.1","","-25.7","","61","","0.0","","25","","6","","","","102.25","","","","-25","","NA"
"-65.33","48.01","NEW CARLISLE 1","7055422","2020-02-15 04:00","2020","02","15","04:00","-18.4","","-21.9","","74","","0.0","","30","","21","","","","102.23","","","","-29","","NA"
"-65.33","48.01","NEW CARLISLE 1","7055422","2020-02-15 05:00","2020","02","15","05:00","-18.6","","-21.5","","78","","0.0","","29","","26","","","","102.25","","","","-30","","NA"
"-65.33","48.01","NEW CARLISLE 1","7055422","2020-02-15 06:00","2020","02","15","06:00","-18.5","","-21.4","","78","","0.0","","27","","20","","","","102.31","","","","-29","","NA"
"-65.33","48.01","NEW CARLISLE 1","7055422","2020-02-15 07:00","2020","02","15","07:00","-18.9","","-22.4","","74","","0.0","","27","","14","","","","102.34","","","","-27","","NA"
"-65.33","48.01","NEW CARLISLE 1","7055422","2020-02-15 08:00","2020","02","15","08:00","-18.3","","-22.7","","68","","0.0","","27","","24","","","","102.32","","","","-29","","NA"
"-65.33","48.01","NEW CARLISLE 1","7055422","2020-02-15 09:00","2020","02","15","09:00","-18.0","","-22.3","","69","","0.0","","27","","23","","","","102.28","","","","-29","","NA"
"-65.33","48.01","NEW CARLISLE 1","7055422","2020-02-15 10:00","2020","02","15","10:00","-16.8","","-22.4","","62","","0.0","","27","","22","","","","102.19","","","","-27","","NA"
"-65.33","48.01","NEW CARLISLE 1","7055422","2020-02-15 11:00","2020","02","15","11:00","-16.7","","-21.7","","66","","0.0","","26","","23","","","","102.13","","","","-27","","NA"
"-65.33","48.01","NEW CARLISLE 1","7055422","2020-02-15 12:00","2020","02","15","12:00","-14.7","","-21.0","","59","","0.0","","27","","24","","","","102.06","","","","-25","","NA"
"-65.33","48.01","NEW CARLISLE 1","7055422","2020-02-15 13:00","2020","02","15","13:00","-12.7","","-21.4","","48","","0.0","","27","","23","","","","101.93","","","","-22","","NA"
"-65.33","48.01","NEW CARLISLE 1","7055422","2020-02-15 14:00","2020","02","15","14:00","-11.9","","-19.9","","51","","0.0","","26","","17","","","","101.87","","","","-20","","NA"
"-65.33","48.01","NEW CARLISLE 1","7055422","2020-02-15 15:00","2020","02","15","15:00","-11.1","","-19.7","","49","","0.0","","28","","12","","","","101.80","","","","-17","","NA"
"-65.33","48.01","NEW CARLISLE 1","7055422","2020-02-15 16:00","2020","02","15","16:00","-11.1","","-18.5","","55","","0.0","","26","","8","","","","101.73","","","","-16","","NA"
"-65.33","48.01","NEW CARLISLE 1","7055422","2020-02-15 17:00","2020","02","15","17:00","-11.8","","-17.4","","63","","0.0","","28","","9","","","","101.73","","","","-17","","NA"
"-65.33","48.01","NEW CARLISLE 1","7055422","2020-02-15 18:00","2020","02","15","18:00","-10.1","","-17.5","","55","","0.0","","27","","17","","","","101.71","","","","-17","","NA"
"-65.33","48.01","NEW CARLISLE 1","7055422","2020-02-15 19:00","2020","02","15","19:00","-9.4","","-16.4","","57","","0.0","","24","","13","","","","101.58","","","","-15","","NA"
"-65.33","48.01","NEW CARLISLE 1","7055422","2020-02-15 20:00","2020","02","15","20:00","-9.3","","-16.3","","57","","0.0","","21","","15","","","","101.47","","","","-16","","NA"
"-65.33","48.01","NEW CARLISLE 1","7055422","2020-02-15 21:00","2020","02","15","21:00","-9.4","","-16.0","","58","","0.0","","21","","17","","","","101.39","","","","-16","","NA"
"-65.33","48.01","NEW CARLISLE 1","7055422","2020-02-15 22:00","2020","02","15","22:00","-9.7","","-15.6","","62","","0.0","","21","","14","","","","101.27","","","","-16","","NA"
"-65.33","48.01","NEW CARLISLE 1","7055422","2020-02-15 23:00","2020","02","15","23:00","-10.1","","-15.8","","63","","0.0","","20","","14","","","","101.20","","","","-17","","NA"
"-65.33","48.01","NEW CARLISLE 1","7055422","2020-02-16 00:00","2020","02","16","00:00","-10.6","","-16.0","","64","","0.0","","21","","14","","","","101.15","","","","-17","","NA"
"-65.33","48.01","NEW CARLISLE 1","7055422","2020-02-16 01:00","2020","02","16","01:00","-10.3","","-15.6","","65","","0.0","","21","","13","","","","101.07","","","","-17","","NA"
"-65.33","48.01","NEW CARLISLE 1","7055422","2020-02-16 02:00","2020","02","16","02:00","-10.6","","-15.5","","67","","0.0","","23","","9","","","","101.00","","","","-16","","NA"
"-65.33","48.01","NEW CARLISLE 1","7055422","2020-02-16 03:00","2020","02","16","03:00","-9.9","","-14.8","","68","","0.0","","22","","11","","","","100.86","","","","-15","","NA"
"-65.33","48.01","NEW CARLISLE 1","7055422","2020-02-16 04:00","2020","02","16","04:00","-9.9","","-15.0","","66","","0.0","","22","","13","","","","100.76","","","","-16","","NA"
"-65.33","48.01","NEW CARLISLE 1","7055422","2020-02-16 05:00","2020","02","16","05:00","-9.8","","-14.9","","66","","0.0","","23","","14","","","","100.74","","","","-16","","NA"
"-65.33","48.01","NEW CARLISLE 1","7055422","2020-02-16 06:00","2020","02","16","06:00","-9.1","","-13.4","","71","","0.0","","22","","11","","","","100.64","","","","-15","","NA"
"-65.33","48.01","NEW CARLISLE 1","7055422","2020-02-16 07:00","2020","02","16","07:00","-8.5","","-13.0","","70","","0.0","","23","","15","","","","100.64","","","","-15","","NA"
"-65.33","48.01","NEW CARLISLE 1","7055422","2020-02-16 08:00","2020","02","16","08:00","-8.4","","-11.4","","79","","0.0","","25","","11","","","","100.63","","","","-14","","NA"
"-65.33","48.01","NEW CARLISLE 1","7055422","2020-02-16 09:00","2020","02","16","09:00","-7.5","","-11.9","","71","","0.0","","27","","8","","","","100.64","","","","-12","","NA"
"-65.33","48.01","NEW CARLISLE 1","7055422","2020-02-16 10:00","2020","02","16","10:00","-6.5","","-11.9","","66","","0.0","","26","","9","","","","100.61","","","","-11","","NA"
"-65.33","48.01","NEW CARLISLE 1","7055422","2020-02-16 11:00","2020","02","16","11:00","-5.8","","-11.4","","64","","0.0","","26","","10","","","","100.54","","","","-10","","NA"
"-65.33","48.01","NEW CARLISLE 1","7055422","2020-02-16 12:00","2020","02","16","12:00","-4.5","","-11.3","","59","","0.0","","29","","16","","","","100.45","","","","-10","","NA"
"-65.33","48.01","NEW CARLISLE 1","7055422","2020-02-16 13:00","2020","02","16","13:00","-3.5","","-10.7","","58","","0.0","","28","","14","","","","100.44","","","","-9","","NA"
"-65.33","48.01","NEW CARLISLE 1","7055422","2020-02-16 14:00","2020","02","16","14:00","-2.4","","-9.4","","59","","0.0","","28","","13","","","","100.42","","","","-7","","NA"
"-65.33","48.01","NEW CARLISLE 1","7055422","2020-02-16 15:00","2020","02","16","15:00","-2.5","","-8.4","","64","","0.0","","29","","12","","","","100.45","","","","-7","","NA"
"-65.33","48.01","NEW CARLISLE 1","7055422","2020-02-16 16:00","2020","02","16","16:00","-2.9","","-8.5","","65","","0.0","","26","","6","","","","100.46","","","","-5","","NA"
"-65.33","48.01","NEW CARLISLE 1","7055422","2020-02-16 17:00","2020","02","16","17:00","-2.6","","-7.4","","69","","0.0","","29","","10","","","","100.51","","","","-6","","NA"
"-65.33","48.01","NEW CARLISLE 1","7055422","2020-02-16 18:00","2020","02","16","18:00","-2.6","","-7.8","","67","","0.0","","28","","9","","","","100.57","","","","-6","","NA"
"-65.33","48.01","NEW CARLISLE 1","7055422","2020-02-16 19:00","2020","02","16","19:00","-3.3","","-7.5","","73","","0.0","","31","","6","","","","100.62","","","","-6","","NA"
"-65.33","48.01","NEW CARLISLE 1","7055422","2020-02-16 20:00","2020","02","16","20:00","-2.3","","-6.6","","73","","0.0","","23","","9","","","","100.65","","","","-6","","NA"
"-65.33","48.01","NEW CARLISLE 1","7055422","2020-02-16 21:00","2020","02","16","21:00","-2.6","","-6.1","","77","","0.0","","24","","9","","","","100.67","","","","-6","","NA"
"-65.33","48.01","NEW CARLISLE 1","7055422","2020-02-16 22:00","2020","02","16","22:00","-2.8","","-5.8","","80","","0.0","","23","","11","","","","100.67","","","","-7","","NA"
"-65.33","48.01","NEW CARLISLE 1","7055422","2020-02-16 23:00","2020","02","16","23:00","-2.8","","-5.7","","80","","0.0","","25","","8","","","","100.68","","","","-6","","NA"
"-65.33","48.01","NEW CARLISLE 1","7055422","2020-02-17 00:00","2020","02","17","00:00","-3.8","","-6.3","","83","","0.0","","23","","5","","","","100.70","","","","-6","","NA"
"-65.33","48.01","NEW CARLISLE 1","7055422","2020-02-17 01:00","2020","02","17","01:00","-3.8","","-5.8","","86","","0.0","","23","","5","","","","100.71","","","","-6","","NA"
"-65.33","48.01","NEW CARLISLE 1","7055422","2020-02-17 02:00","2020","02","17","02:00","-4.4","","-6.3","","87","","0.0","","26","","6","","","","100.70","","","","-7","","NA"
"-65.33","48.01","NEW CARLISLE 1","7055422","2020-02-17 03:00","2020","02","17","03:00","-4.7","","-6.1","","90","","0.0","","31","","8","","","","100.69","","","","-8","","NA"
"-65.33","48.01","NEW CARLISLE 1","7055422","2020-02-17 04:00","2020","02","17","04:00","-6.6","","-8.0","","90","","0.0","","34","","5","","","","100.65","","","","-9","","NA"
"-65.33","48.01","NEW CARLISLE 1","7055422","2020-02-17 05:00","2020","02","17","05:00","-6.6","","-7.8","","91","","0.0","","0","","1","","","","100.71","","","","-7","","NA"
"-65.33","48.01","NEW CARLISLE 1","7055422","2020-02-17 06:00","2020","02","17","06:00","-6.2","","-7.5","","91","","0.0","","31","","4","","","","100.72","","","","-8","","NA"
"-65.33","48.01","NEW CARLISLE 1","7055422","2020-02-17 07:00","2020","02","17","07:00","-4.7","","-5.7","","93","","0.1","","34","","4","","","","100.73","","","","-6","","NA"
"-65.33","48.01","NEW CARLISLE 1","7055422","2020-02-17 08:00","2020","02","17","08:00","-4.8","","-6.2","","90","","0.2","","31","","9","","","","100.83","","","","-9","","NA"
"-65.33","48.01","NEW CARLISLE 1","7055422","2020-02-17 09:00","2020","02","17","09:00","-4.7","","-7.0","","84","","0.2","","29","","14","","","","100.93","","","","-10","","NA"
"-65.33","48.01","NEW CARLISLE 1","7055422","2020-02-17 10:00","2020","02","17","10:00","-7.2","","-10.9","","75","","0.2","","28","","21","","","","100.97","","","","-15","","NA"
"-65.33","48.01","NEW CARLISLE 1","7055422","2020-02-17 11:00","2020","02","17","11:00","-7.9","","-14.8","","58","","0.0","","27","","28","","","","101.04","","","","-17","","NA"
"-65.33","48.01","NEW CARLISLE 1","7055422","2020-02-17 12:00","2020","02","17","12:00","-8.2","","-15.3","","57","","0.0","","27","","34","","","","101.07","","","","-18","","NA"
"-65.33","48.01","NEW CARLISLE 1","7055422","2020-02-17 13:00","2020","02","17","13:00","-7.4","","-15.1","","54","","0.0","","28","","27","","","","101.12","","","","-16","","NA"
"-65.33","48.01","NEW CARLISLE 1","7055422","2020-02-17 14:00","2020","02","17","14:00","-6.7","","-14.6","","53","","0.0","","27","","23","","","","101.14","","","","-14","","NA"
"-65.33","48.01","NEW CARLISLE 1","7055422","2020-02-17 15:00","2020","02","17","15:00","-6.6","","-16.1","","47","","0.0","","27","","22","","","","101.30","","","","-14","","NA"
"-65.33","48.01","NEW CARLISLE 1","7055422","2020-02-17 16:00","2020","02","17","16:00","-7.5","","-17.4","","45","","0.0","","28","","20","","","","101.45","","","","-15","","NA"
"-65.33","48.01","NEW CARLISLE 1","7055422","2020-02-17 17:00","2020","02","17","17:00","-8.8","","-18.1","","47","","0.0","","30","","17","","","","101.60","","","","-16","","NA"
"-65.33","48.01","NEW CARLISLE 1","7055422","2020-02-17 18:00","2020","02","17","18:00","-10.0","","-18.8","","49","","0.0","","29","","19","","","","101.77","","","","-18","","NA"
"-65.33","48.01","NEW CARLISLE 1","7055422","2020-02-17 19:00","2020","02","17","19:00","-11.4","","-19.3","","52","","0.0","","29","","18","","","","101.91","","","","-19","","NA"
"-65.33","48.01","NEW CARLISLE 1","7055422","2020-02-17 20:00","2020","02","17","20:00","-12.3","","-19.4","","56","","0.0","","29","","17","","","","101.99","","","","-20","","NA"
"-65.33","48.01","NEW CARLISLE 1","7055422","2020-02-17 21:00","2020","02","17","21:00","-13.1","","-19.7","","58","","0.0","","29","","12","","","","102.08","","","","-20","","NA"
"-65.33","48.01","NEW CARLISLE 1","7055422","2020-02-17 22:00","2020","02","17","22:00","-13.4","","-19.6","","60","","0.0","","27","","9","","","","102.16","","","","-19","","NA"
"-65.33","48.01","NEW CARLISLE 1","7055422","2020-02-17 23:00","2020","02","17","23:00","-14.2","","-20.0","","62","","0.0","","29","","8","","","","102.25","","","","-19","","NA"
"-65.33","48.01","NEW CARLISLE 1","7055422","2020-02-18 00:00","2020","02","18","00:00","-15.1","","-20.3","","65","","0.0","","29","","8","","","","102.35","","","","-20","","NA"
"-65.33","48.01","NEW CARLISLE 1","7055422","2020-02-18 01:00","2020","02","18","01:00","-16.1","","-20.9","","66","","0.0","","31","","8","","","","102.42","","","","-22","","NA"
"-65.33","48.01","NEW CARLISLE 1","7055422","2020-02-18 02:00","2020","02","18","02:00","-16.4","","-21.1","","67","","0.0","","31","","9","","","","102.52","","","","-22","","NA"
"-65.33","48.01","NEW CARLISLE 1","7055422","2020-02-18 03:00","2020","02","18","03:00","-18.0","","-21.4","","75","","0.0","","32","","7","","","","102.60","","","","-23","","NA"
"-65.33","48.01","NEW CARLISLE 1","7055422","2020-02-18 04:00","2020","02","18","04:00","-20.2","","-23.3","","77","","0.0","","1","","5","","","","102.65","","","","-25","","NA"
"-65.33","48.01","NEW CARLISLE 1","7055422","2020-02-18 05:00","2020","02","18","05:00","-20.7","","-23.2","","81","","0.0","","33","","6","","","","102.73","","","","-26","","NA"
"-65.33","48.01","NEW CARLISLE 1","7055422","2020-02-18 06:00","2020","02","18","06:00","-20.4","","-23.1","","79","","0.0","","35","","6","","","","102.78","","","","-25","","NA"
"-65.33","48.01","NEW CARLISLE 1","7055422","2020-02-18 07:00","2020","02","18","07:00","-19.3","","-22.5","","75","","0.0","","34","","8","","","","102.79","","","","-25","","NA"
"-65.33","48.01","NEW CARLISLE 1","7055422","2020-02-18 08:00","2020","02","18","08:00","-14.2","","-20.8","","57","","0.0","","35","","8","","","","102.78","","","","-19","","NA"
"-65.33","48.01","NEW CARLISLE 1","7055422","2020-02-18 09:00","2020","02","18","09:00","-12.7","","-21.0","","50","","0.0","","28","","10","","","","102.83","","","","-18","","NA"
"-65.33","48.01","NEW CARLISLE 1","7055422","2020-02-18 10:00","2020","02","18","10:00","-12.1","","-19.5","","54","","0.0","","27","","13","","","","102.81","","","","-19","","NA"
"-65.33","48.01","NEW CARLISLE 1","7055422","2020-02-18 11:00","2020","02","18","11:00","-10.9","","-17.6","","58","","0.0","","22","","6","","","","102.75","","","","-15","","NA"
"-65.33","48.01","NEW CARLISLE 1","7055422","2020-02-18 12:00","2020","02","18","12:00","-10.6","","-17.6","","56","","0.0","","21","","6","","","","102.65","","","","-14","","NA"
"-65.33","48.01","NEW CARLISLE 1","7055422","2020-02-18 13:00","2020","02","18","13:00","-9.3","","-18.0","","49","","0.0","","25","","3","","","","102.57","","","","-11","","NA"
"-65.33","48.01","NEW CARLISLE 1","7055422","2020-02-18 14:00","2020","02","18","14:00","-9.2","","-16.3","","56","","0.0","","10","","7","","","","102.50","","","","-13","","NA"
"-65.33","48.01","NEW CARLISLE 1","7055422","2020-02-18 15:00","2020","02","18","15:00","-9.1","","-14.5","","65","","0.0","","8","","11","","","","102.39","","","","-15","","NA"
"-65.33","48.01","NEW CARLISLE 1","7055422","2020-02-18 16:00","2020","02","18","16:00","-7.8","","-14.5","","58","","0.0","","12","","11","","","","102.28","","","","-13","","NA"
"-65.33","48.01","NEW CARLISLE 1","7055422","2020-02-18 17:00","2020","02","18","17:00","-8.3","","-14.7","","60","","0.0","","13","","11","","","","102.17","","","","-14","","NA"
"-65.33","48.01","NEW CARLISLE 1","7055422","2020-02-18 18:00","2020","02","18","18:00","-8.2","","-13.6","","65","","0.0","","13","","12","","","","102.03","","","","-14","","NA"
"-65.33","48.01","NEW CARLISLE 1","7055422","2020-02-18 19:00","2020","02","18","19:00","-7.9","","-13.3","","65","","0.0","","13","","11","","","","101.95","","","","-13","","NA"
"-65.33","48.01","NEW CARLISLE 1","7055422","2020-02-18 20:00","2020","02","18","20:00","-7.6","","-12.4","","69","","0.0","","13","","11","","","","101.74","","","","-13","","NA"
"-65.33","48.01","NEW CARLISLE 1","7055422","2020-02-18 21:00","2020","02","18","21:00","-7.8","","-9.7","","86","","0.3","","13","","11","","","","101.56","","","","-13","","NA"
"-65.33","48.01","NEW CARLISLE 1","7055422","2020-02-18 22:00","2020","02","18","22:00","-7.4","","-8.7","","90","","2.0","","11","","10","","","","101.32","","","","-12","","NA"
"-65.33","48.01","NEW CARLISLE 1","7055422","2020-02-18 23:00","2020","02","18","23:00","-6.8","","-8.0","","91","","2.4","","11","","12","","","","101.06","","","","-12","","NA"
"-65.33","48.01","NEW CARLISLE 1","7055422","2020-02-19 00:00","2020","02","19","00:00","-6.0","","-7.2","","92","","2.5","","12","","12","","","","100.81","","","","-11","","NA"
"-65.33","48.01","NEW CARLISLE 1","7055422","2020-02-19 01:00","2020","02","19","01:00","-5.7","","-6.7","","92","","2.1","","11","","10","","","","100.58","","","","-10","","NA"
"-65.33","48.01","NEW CARLISLE 1","7055422","2020-02-19 02:00","2020","02","19","02:00","-5.5","","-6.5","","92","","1.8","","11","","11","","","","100.34","","","","-10","","NA"
"-65.33","48.01","NEW CARLISLE 1","7055422","2020-02-19 03:00","2020","02","19","03:00","-5.3","","-6.3","","93","","2.3","","9","","6","","","","100.12","","","","-8","","NA"
"-65.33","48.01","NEW CARLISLE 1","7055422","2020-02-19 04:00","2020","02","19","04:00","-5.6","","-6.7","","92","","1.4","","7","","5","","","","99.92","","","","-8","","NA"
"-65.33","48.01","NEW CARLISLE 1","7055422","2020-02-19 05:00","2020","02","19","05:00","-5.2","","-6.3","","93","","0.0","","11","","6","","","","99.74","","","","-8","","NA"
"-65.33","48.01","NEW CARLISLE 1","7055422","2020-02-19 06:00","2020","02","19","06:00","-5.5","","-6.5","","92","","0.0","","12","","1","","","","99.60","","","","-6","","NA"
"-65.33","48.01","NEW CARLISLE 1","7055422","2020-02-19 07:00","2020","02","19","07:00","-5.0","","-6.3","","91","","0.0","","24","","7","","","","99.56","","","","-8","","NA"
"-65.33","48.01","NEW CARLISLE 1","7055422","2020-02-19 08:00","2020","02","19","08:00","-5.5","","-7.6","","85","","0.0","","26","","11","","","","99.57","","","","-10","","NA"
"-65.33","48.01","NEW CARLISLE 1","7055422","2020-02-19 09:00","2020","02","19","09:00","-5.0","","-7.3","","83","","0.0","","27","","19","","","","99.57","","","","-11","","NA"
"-65.33","48.01","NEW CARLISLE 1","7055422","2020-02-19 10:00","2020","02","19","10:00","-3.1","","-7.9","","69","","0.0","","28","","24","","","","99.51","","","","-10","","NA"
"-65.33","48.01","NEW CARLISLE 1","7055422","2020-02-19 11:00","2020","02","19","11:00","-2.6","","-8.2","","66","","0.0","","29","","27","","","","99.54","","","","-10","","NA"
"-65.33","48.01","NEW CARLISLE 1","7055422","2020-02-19 12:00","2020","02","19","12:00","-2.6","","-9.5","","59","","0.0","","28","","31","","","","99.53","","","","-10","","NA"
"-65.33","48.01","NEW CARLISLE 1","7055422","2020-02-19 13:00","2020","02","19","13:00","-3.3","","-11.1","","55","","0.0","","28","","32","","","","99.62","","","","-11","","NA"
"-65.33","48.01","NEW CARLISLE 1","7055422","2020-02-19 14:00","2020","02","19","14:00","-3.4","","-11.2","","55","","0.0","","29","","25","","","","99.71","","","","-10","","NA"
"-65.33","48.01","NEW CARLISLE 1","7055422","2020-02-19 15:00","2020","02","19","15:00","-3.7","","-12.5","","50","","0.0","","29","","32","","","","99.83","","","","-12","","NA"
"-65.33","48.01","NEW CARLISLE 1","7055422","2020-02-19 16:00","2020","02","19","16:00","-4.7","","-12.3","","55","","0.0","","28","","27","","","","99.90","","","","-12","","NA"
"-65.33","48.01","NEW CARLISLE 1","7055422","2020-02-19 17:00","2020","02","19","17:00","-6.3","","-13.6","","57","","0.0","","28","","32","","","","100.05","","","","-15","","NA"
"-65.33","48.01","NEW CARLISLE 1","7055422","2020-02-19 18:00","2020","02","19","18:00","-8.3","","-11.8","","76","","0.0","","28","","30","","","","100.22","","","","-17","","NA"
"-65.33","48.01","NEW CARLISLE 1","7055422","2020-02-19 19:00","2020","02","19","19:00","-9.5","","-18.0","","50","","0.0","","29","","31","","","","100.38","","","","-19","","NA"
"-65.33","48.01","NEW CARLISLE 1","7055422","2020-02-19 20:00","2020","02","19","20:00","-10.9","","-19.2","","50","","0.0","","29","","35","","","","100.47","","","","-21","","NA"
"-65.33","48.01","NEW CARLISLE 1","7055422","2020-02-19 21:00","2020","02","19","21:00","-12.0","","-20.5","","49","","0.0","","29","","38","","","","100.55","","","","-23","","NA"
"-65.33","48.01","NEW CARLISLE 1","7055422","2020-02-19 22:00","2020","02","19","22:00","-13.4","","-22.1","","48","","0.0","","29","","32","","","","100.63","","","","-24","","NA"
"-65.33","48.01","NEW CARLISLE 1","7055422","2020-02-19 23:00","2020","02","19","23:00","-14.6","","-20.3","","62","","0.0","","30","","26","","","","100.72","","","","-25","","NA"
"-65.33","48.01","NEW CARLISLE 1","7055422","2020-02-20 00:00","2020","02","20","00:00","-15.7","","-23.6","","51","","0.0","","29","","29","","","","100.84","","","","-27","","NA"
"-65.33","48.01","NEW CARLISLE 1","7055422","2020-02-20 01:00","2020","02","20","01:00","-17.1","","-25.5","","48","","0.0","","30","","31","","","","100.96","","","","-29","","NA"
"-65.33","48.01","NEW CARLISLE 1","7055422","2020-02-20 02:00","2020","02","20","02:00","-18.8","","-27.2","","48","","0.0","","29","","32","","","","101.05","","","","-31","","NA"
"-65.33","48.01","NEW CARLISLE 1","7055422","2020-02-20 03:00","2020","02","20","03:00","-19.7","","-27.6","","49","","0.0","","30","","28","","","","101.12","","","","-32","","NA"
"-65.33","48.01","NEW CARLISLE 1","7055422","2020-02-20 04:00","2020","02","20","04:00","-20.1","","-28.4","","48","","0.0","","30","","28","","","","101.19","","","","-32","","NA"
"-65.33","48.01","NEW CARLISLE 1","7055422","2020-02-20 05:00","2020","02","20","05:00","-20.4","","-28.6","","48","","0.0","","30","","33","","","","101.25","","","","-34","","NA"
"-65.33","48.01","NEW CARLISLE 1","7055422","2020-02-20 06:00","2020","02","20","06:00","-20.9","","-28.9","","49","","0.0","","30","","28","","","","101.27","","","","-33","","NA"
"-65.33","48.01","NEW CARLISLE 1","7055422","2020-02-20 07:00","2020","02","20","07:00","-21.1","","-28.9","","50","","0.0","","31","","25","","","","101.34","","","","-33","","NA"
"-65.33","48.01","NEW CARLISLE 1","7055422","2020-02-20 08:00","2020","02","20","08:00","-20.0","","-28.9","","45","","0.0","","30","","26","","","","101.40","","","","-32","","NA"
"-65.33","48.01","NEW CARLISLE 1","7055422","2020-02-20 09:00","2020","02","20","09:00","-19.2","","-28.5","","43","","0.0","","30","","30","","","","101.41","","","","-32","","NA"
"-65.33","48.01","NEW CARLISLE 1","7055422","2020-02-20 10:00","2020","02","20","10:00","-18.0","","-28.3","","40","","0.0","","30","","30","","","","101.42","","","","-30","","NA"
"-65.33","48.01","NEW CARLISLE 1","7055422","2020-02-20 11:00","2020","02","20","11:00","-17.1","","-27.3","","41","","0.0","","29","","28","","","","101.46","","","","-28","","NA"
"-65.33","48.01","NEW CARLISLE 1","7055422","2020-02-20 12:00","2020","02","20","12:00","-16.2","","-25.3","","45","","0.0","","29","","26","","","","101.43","","","","-27","","NA"
"-65.33","48.01","NEW CARLISLE 1","7055422","2020-02-20 13:00","2020","02","20","13:00","-15.8","","-25.2","","44","","0.0","","29","","28","","","","101.45","","","","-27","","NA"
"-65.33","48.01","NEW CARLISLE 1","7055422","2020-02-20 14:00","2020","02","20","14:00","-16.4","","-25.1","","47","","0.0","","29","","29","","","","101.45","","","","-28","","NA"
"-65.33","48.01","NEW CARLISLE 1","7055422","2020-02-20 15:00","2020","02","20","15:00","-16.2","","-25.6","","44","","0.0","","29","","23","","","","101.50","","","","-26","","NA"
"-65.33","48.01","NEW CARLISLE 1","7055422","2020-02-20 16:00","2020","02","20","16:00","-16.7","","-26.3","","43","","0.0","","30","","19","","","","101.54","","","","-26","","NA"
"-65.33","48.01","NEW CARLISLE 1","7055422","2020-02-20 17:00","2020","02","20","17:00","-17.8","","-26.9","","45","","0.0","","30","","22","","","","101.61","","","","-28","","NA"
"-65.33","48.01","NEW CARLISLE 1","7055422","2020-02-20 18:00","2020","02","20","18:00","-18.4","","-26.9","","47","","0.0","","32","","12","","","","101.73","","","","-26","","NA"
"-65.33","48.01","NEW CARLISLE 1","7055422","2020-02-20 19:00","2020","02","20","19:00","-18.0","","-25.9","","50","","0.0","","30","","14","","","","101.77","","","","-26","","NA"
"-65.33","48.01","NEW CARLISLE 1","7055422","2020-02-20 20:00","2020","02","20","20:00","-17.9","","-24.8","","55","","0.0","","29","","17","","","","101.80","","","","-27","","NA"
"-65.33","48.01","NEW CARLISLE 1","7055422","2020-02-20 21:00","2020","02","20","21:00","-18.0","","-24.2","","58","","0.0","","29","","17","","","","101.82","","","","-27","","NA"
"-65.33","48.01","NEW CARLISLE 1","7055422","2020-02-20 22:00","2020","02","20","22:00","-17.9","","-24.1","","58","","0.0","","30","","22","","","","101.79","","","","-28","","NA"
"-65.33","48.01","NEW CARLISLE 1","7055422","2020-02-20 23:00","2020","02","20","23:00","-17.6","","-22.6","","65","","0.0","","29","","24","","","","101.77","","","","-28","","NA"
"-65.33","48.01","NEW CARLISLE 1","7055422","2020-02-21 00:00","2020","02","21","00:00","-17.2","","-21.9","","67","","0.0","","30","","24","","","","101.78","","","","-28","","NA"
"-65.33","48.01","NEW CARLISLE 1","7055422","2020-02-21 01:00","2020","02","21","01:00","-17.2","","-21.8","","67","","0.0","","30","","22","","","","101.78","","","","-27","","NA"
"-65.33","48.01","NEW CARLISLE 1","7055422","2020-02-21 02:00","2020","02","21","02:00","-17.1","","-20.5","","75","","0.0","","30","","19","","","","101.77","","","","-27","","NA"
"-65.33","48.01","NEW CARLISLE 1","7055422","2020-02-21 03:00","2020","02","21","03:00","-18.2","","-21.8","","74","","0.0","","31","","11","","","","101.81","","","","-25","","NA"
"-65.33","48.01","NEW CARLISLE 1","7055422","2020-02-21 04:00","2020","02","21","04:00","-18.7","","-21.8","","76","","0.0","","31","","9","","","","101.85","","","","-25","","NA"
"-65.33","48.01","NEW CARLISLE 1","7055422","2020-02-21 05:00","2020","02","21","05:00","-18.5","","-21.3","","79","","0.0","","33","","9","","","","101.87","","","","-25","","NA"
"-65.33","48.01","NEW CARLISLE 1","7055422","2020-02-21 06:00","2020","02","21","06:00","-17.6","","-20.1","","80","","0.0","","29","","11","","","","101.86","","","","-25","","NA"
"-65.33","48.01","NEW CARLISLE 1","7055422","2020-02-21 07:00","2020","02","21","07:00","-16.0","","-20.1","","71","","0.0","","28","","18","","","","101.87","","","","-25","","NA"
"-65.33","48.01","NEW CARLISLE 1","7055422","2020-02-21 08:00","2020","02","21","08:00","-15.2","","-20.0","","67","","0.0","","28","","19","","","","101.92","","","","-24","","NA"
"-65.33","48.01","NEW CARLISLE 1","7055422","2020-02-21 09:00","2020","02","21","09:00","-14.8","","-20.0","","65","","0.0","","29","","24","","","","101.86","","","","-25","","NA"
"-65.33","48.01","NEW CARLISLE 1","7055422","2020-02-21 10:00","2020","02","21","10:00","-13.7","","-19.0","","64","","0.0","","28","","20","","","","101.84","","","","-23","","NA"
"-65.33","48.01","NEW CARLISLE 1","7055422","2020-02-21 11:00","2020","02","21","11:00","-12.3","","-18.4","","61","","0.0","","29","","21","","","","101.74","","","","-21","","NA"
"-65.33","48.01","NEW CARLISLE 1","7055422","2020-02-21 12:00","2020","02","21","12:00","-11.2","","-18.6","","54","","0.0","","28","","21","","","","101.70","","","","-20","","NA"
"-65.33","48.01","NEW CARLISLE 1","7055422","2020-02-21 13:00","2020","02","21","13:00","-9.7","","-19.2","","46","","0.0","","27","","20","","","","101.60","","","","-17","","NA"
"-65.33","48.01","NEW CARLISLE 1","7055422","2020-02-21 14:00","2020","02","21","14:00","-8.5","","-18.9","","43","","0.0","","28","","16","","","","101.46","","","","-15","","NA"
"-65.33","48.01","NEW CARLISLE 1","7055422","2020-02-21 15:00","2020","02","21","15:00","-8.0","","-18.3","","43","","0.0","","27","","15","","","","101.44","","","","-14","","NA"
"-65.33","48.01","NEW CARLISLE 1","7055422","2020-02-21 16:00","2020","02","21","16:00","-7.9","","-17.4","","46","","0.0","","27","","11","","","","101.37","","","","-13","","NA"
"-65.33","48.01","NEW CARLISLE 1","7055422","2020-02-21 17:00","2020","02","21","17:00","-9.1","","-15.7","","59","","0.0","","27","","6","","","","101.29","","","","-12","","NA"
"-65.33","48.01","NEW CARLISLE 1","7055422","2020-02-21 18:00","2020","02","21","18:00","-10.3","","-16.1","","63","","0.0","","26","","7","","","","101.27","","","","-14","","NA"
"-65.33","48.01","NEW CARLISLE 1","7055422","2020-02-21 19:00","2020","02","21","19:00","-7.9","","-15.0","","57","","0.0","","24","","11","","","","101.22","","","","-13","","NA"
"-65.33","48.01","NEW CARLISLE 1","7055422","2020-02-21 20:00","2020","02","21","20:00","-7.8","","-16.8","","49","","0.0","","22","","17","","","","101.13","","","","-14","","NA"
"-65.33","48.01","NEW CARLISLE 1","7055422","2020-02-21 21:00","2020","02","21","21:00","-8.2","","-17.9","","46","","0.0","","21","","22","","","","101.03","","","","-16","","NA"
"-65.33","48.01","NEW CARLISLE 1","7055422","2020-02-21 22:00","2020","02","21","22:00","-8.7","","-18.0","","47","","0.0","","21","","17","","","","100.91","","","","-16","","NA"
"-65.33","48.01","NEW CARLISLE 1","7055422","2020-02-21 23:00","2020","02","21","23:00","-9.0","","-17.9","","48","","0.0","","21","","18","","","","100.84","","","","-16","","NA"
"-65.33","48.01","NEW CARLISLE 1","7055422","2020-02-22 00:00","2020","02","22","00:00","-9.2","","-17.3","","52","","0.0","","23","","17","","","","100.76","","","","-16","","NA"
"-65.33","48.01","NEW CARLISLE 1","7055422","2020-02-22 01:00","2020","02","22","01:00","-9.6","","-16.3","","58","","0.0","","22","","15","","","","100.67","","","","-16","","NA"
"-65.33","48.01","NEW CARLISLE 1","7055422","2020-02-22 02:00","2020","02","22","02:00","-9.7","","-15.8","","61","","0.0","","21","","12","","","","100.60","","","","-16","","NA"
"-65.33","48.01","NEW CARLISLE 1","7055422","2020-02-22 03:00","2020","02","22","03:00","-9.5","","-15.7","","61","","0.0","","23","","12","","","","100.53","","","","-15","","NA"
"-65.33","48.01","NEW CARLISLE 1","7055422","2020-02-22 04:00","2020","02","22","04:00","-10.8","","-15.6","","68","","0.0","","27","","6","","","","100.49","","","","-14","","NA"
"-65.33","48.01","NEW CARLISLE 1","7055422","2020-02-22 05:00","2020","02","22","05:00","-12.5","","-15.8","","76","","0.0","","31","","5","","","","100.44","","","","-16","","NA"
"-65.33","48.01","NEW CARLISLE 1","7055422","2020-02-22 06:00","2020","02","22","06:00","-14.4","","-16.8","","82","","0.0","","31","","7","","","","100.44","","","","-19","","NA"
"-65.33","48.01","NEW CARLISLE 1","7055422","2020-02-22 07:00","2020","02","22","07:00","-11.9","","-14.7","","79","","0.0","","28","","7","","","","100.45","","","","-16","","NA"
"-65.33","48.01","NEW CARLISLE 1","7055422","2020-02-22 08:00","2020","02","22","08:00","-9.2","","-15.0","","63","","0.0","","28","","7","","","","100.46","","","","-13","","NA"
"-65.33","48.01","NEW CARLISLE 1","7055422","2020-02-22 09:00","2020","02","22","09:00","-6.9","","-14.0","","57","","0.0","","27","","16","","","","100.49","","","","-13","","NA"
"-65.33","48.01","NEW CARLISLE 1","7055422","2020-02-22 10:00","2020","02","22","10:00","-5.9","","-13.2","","57","","0.0","","28","","20","","","","100.46","","","","-13","","NA"
"-65.33","48.01","NEW CARLISLE 1","7055422","2020-02-22 11:00","2020","02","22","11:00","-4.8","","-12.3","","56","","0.0","","29","","17","","","","100.44","","","","-11","","NA"
"-65.33","48.01","NEW CARLISLE 1","7055422","2020-02-22 12:00","2020","02","22","12:00","-3.5","","-11.7","","53","","0.0","","28","","15","","","","100.35","","","","-9","","NA"
"-65.33","48.01","NEW CARLISLE 1","7055422","2020-02-22 13:00","2020","02","22","13:00","-1.7","","-10.7","","50","","0.0","","28","","17","","","","100.32","","","","-7","","NA"
"-65.33","48.01","NEW CARLISLE 1","7055422","2020-02-22 14:00","2020","02","22","14:00","-3.5","","-9.1","","65","","0.0","","21","","10","","","","100.34","","","","-7","","NA"
"-65.33","48.01","NEW CARLISLE 1","7055422","2020-02-22 15:00","2020","02","22","15:00","-3.0","","-8.3","","67","","0.0","","24","","7","","","","100.36","","","","-6","","NA"
"-65.33","48.01","NEW CARLISLE 1","7055422","2020-02-22 16:00","2020","02","22","16:00","-2.2","","-9.3","","58","","0.0","","31","","5","","","","100.38","","","","-4","","NA"
"-65.33","48.01","NEW CARLISLE 1","7055422","2020-02-22 17:00","2020","02","22","17:00","-3.4","","-8.3","","69","","0.0","","21","","2","","","","100.39","","","","-4","","NA"
"-65.33","48.01","NEW CARLISLE 1","7055422","2020-02-22 18:00","2020","02","22","18:00","-1.0","","-6.7","","65","","0.0","","26","","12","","","","100.45","","","","-5","","NA"
"-65.33","48.01","NEW CARLISLE 1","7055422","2020-02-22 19:00","2020","02","22","19:00","-1.3","","-6.2","","69","","0.0","","25","","9","","","","100.49","","","","-5","","NA"
"-65.33","48.01","NEW CARLISLE 1","7055422","2020-02-22 20:00","2020","02","22","20:00","-2.3","","-6.3","","74","","0.0","","26","","7","","","","100.57","","","","-5","","NA"
"-65.33","48.01","NEW CARLISLE 1","7055422","2020-02-22 21:00","2020","02","22","21:00","-2.5","","-7.0","","72","","0.0","","26","","10","","","","100.60","","","","-6","","NA"
"-65.33","48.01","NEW CARLISLE 1","7055422","2020-02-22 22:00","2020","02","22","22:00","-1.3","","-6.9","","66","","0.0","","28","","16","","","","100.59","","","","-6","","NA"
"-65.33","48.01","NEW CARLISLE 1","7055422","2020-02-22 23:00","2020","02","22","23:00","-2.2","","-7.3","","68","","0.0","","27","","12","","","","100.58","","","","-6","","NA"
"-65.33","48.01","NEW CARLISLE 1","7055422","2020-02-23 00:00","2020","02","23","00:00","-3.8","","-7.5","","75","","0.0","","27","","10","","","","100.60","","","","-8","","NA"
"-65.33","48.01","NEW CARLISLE 1","7055422","2020-02-23 01:00","2020","02","23","01:00","-3.2","","-7.8","","71","","0.0","","28","","13","","","","100.60","","","","-8","","NA"
"-65.33","48.01","NEW CARLISLE 1","7055422","2020-02-23 02:00","2020","02","23","02:00","-4.7","","-8.1","","77","","0.0","","28","","9","","","","100.59","","","","-9","","NA"
"-65.33","48.01","NEW CARLISLE 1","7055422","2020-02-23 03:00","2020","02","23","03:00","-6.1","","-8.5","","83","","0.0","","28","","8","","","","100.63","","","","-10","","NA"
"-65.33","48.01","NEW CARLISLE 1","7055422","2020-02-23 04:00","2020","02","23","04:00","-4.4","","-7.8","","77","","0.0","","31","","13","","","","100.66","","","","-9","","NA"
"-65.33","48.01","NEW CARLISLE 1","7055422","2020-02-23 05:00","2020","02","23","05:00","-4.0","","-7.3","","78","","0.0","","29","","11","","","","100.73","","","","-8","","NA"
"-65.33","48.01","NEW CARLISLE 1","7055422","2020-02-23 06:00","2020","02","23","06:00","-4.5","","-7.7","","79","","0.0","","30","","12","","","","100.78","","","","-9","","NA"
"-65.33","48.01","NEW CARLISLE 1","7055422","2020-02-23 07:00","2020","02","23","07:00","-4.3","","-7.4","","79","","0.0","","30","","9","","","","100.85","","","","-8","","NA"
"-65.33","48.01","NEW CARLISLE 1","7055422","2020-02-23 08:00","2020","02","23","08:00","-3.5","","-7.6","","73","","0.0","","32","","12","","","","100.87","","","","-8","","NA"
"-65.33","48.01","NEW CARLISLE 1","7055422","2020-02-23 09:00","2020","02","23","09:00","-2.0","","-7.5","","66","","0.0","","31","","15","","","","100.85","","","","-7","","NA"
"-65.33","48.01","NEW CARLISLE 1","7055422","2020-02-23 10:00","2020","02","23","10:00","-1.5","","-7.2","","65","","0.0","","29","","11","","","","100.83","","","","-5","","NA"
"-65.33","48.01","NEW CARLISLE 1","7055422","2020-02-23 11:00","2020","02","23","11:00","0.4","","-7.5","","55","","0.0","","27","","12","","","","100.81","","","","","","NA"
"-65.33","48.01","NEW CARLISLE 1","7055422","2020-02-23 12:00","2020","02","23","12:00","1.8","","-7.0","","52","","0.0","","27","","9","","","","100.73","","","","","","NA"
"-65.33","48.01","NEW CARLISLE 1","7055422","2020-02-23 13:00","2020","02","23","13:00","2.8","","-6.7","","49","","0.0","","23","","7","","","","100.66","","","","","","NA"
"-65.33","48.01","NEW CARLISLE 1","7055422","2020-02-23 14:00","2020","02","23","14:00","3.5","","-6.1","","49","","0.0","","29","","9","","","","100.68","","","","","","NA"
"-65.33","48.01","NEW CARLISLE 1","7055422","2020-02-23 15:00","2020","02","23","15:00","4.4","","-5.9","","47","","0.0","","29","","11","","","","100.72","","","","","","NA"
"-65.33","48.01","NEW CARLISLE 1","7055422","2020-02-23 16:00","2020","02","23","16:00","3.9","","-5.2","","51","","0.0","","31","","15","","","","100.74","","","","","","NA"
"-65.33","48.01","NEW CARLISLE 1","7055422","2020-02-23 17:00","2020","02","23","17:00","3.1","","-4.9","","56","","0.0","","31","","15","","","","100.80","","","","","","NA"
"-65.33","48.01","NEW CARLISLE 1","7055422","2020-02-23 18:00","2020","02","23","18:00","1.2","","-5.4","","61","","0.0","","30","","11","","","","100.94","","","","","","NA"
"-65.33","48.01","NEW CARLISLE 1","7055422","2020-02-23 19:00","2020","02","23","19:00","0.9","","-5.0","","64","","0.0","","31","","10","","","","100.97","","","","","","NA"
"-65.33","48.01","NEW CARLISLE 1","7055422","2020-02-23 20:00","2020","02","23","20:00","-2.2","","-5.8","","76","","0.0","","33","","6","","","","101.00","","","","-5","","NA"
"-65.33","48.01","NEW CARLISLE 1","7055422","2020-02-23 21:00","2020","02","23","21:00","-2.9","","-5.6","","82","","0.0","","35","","6","","","","101.03","","","","-5","","NA"
"-65.33","48.01","NEW CARLISLE 1","7055422","2020-02-23 22:00","2020","02","23","22:00","-3.5","","-6.2","","82","","0.0","","","","0","","","","101.04","","","","","","NA"
"-65.33","48.01","NEW CARLISLE 1","7055422","2020-02-23 23:00","2020","02","23","23:00","-1.5","","-4.6","","79","","0.0","","6","","9","","","","101.08","","","","-5","","NA"
"-65.33","48.01","NEW CARLISLE 1","7055422","2020-02-24 00:00","2020","02","24","00:00","-1.4","","-5.1","","76","","0.0","","5","","10","","","","101.10","","","","-5","","NA"
"-65.33","48.01","NEW CARLISLE 1","7055422","2020-02-24 01:00","2020","02","24","01:00","-1.3","","-5.1","","76","","0.0","","5","","10","","","","101.10","","","","-5","","NA"
"-65.33","48.01","NEW CARLISLE 1","7055422","2020-02-24 02:00","2020","02","24","02:00","-1.2","","-5.1","","75","","0.0","","6","","9","","","","101.10","","","","-4","","NA"
"-65.33","48.01","NEW CARLISLE 1","7055422","2020-02-24 03:00","2020","02","24","03:00","-1.2","","-5.3","","74","","0.0","","6","","10","","","","101.04","","","","-5","","NA"
"-65.33","48.01","NEW CARLISLE 1","7055422","2020-02-24 04:00","2020","02","24","04:00","-1.1","","-5.3","","73","","0.0","","6","","9","","","","101.01","","","","-4","","NA"
"-65.33","48.01","NEW CARLISLE 1","7055422","2020-02-24 05:00","2020","02","24","05:00","-1.7","","-5.5","","76","","0.0","","9","","6","","","","101.03","","","","-4","","NA"
"-65.33","48.01","NEW CARLISLE 1","7055422","2020-02-24 06:00","2020","02","24","06:00","-2.8","","-5.2","","84","","0.0","","11","","8","","","","100.98","","","","-6","","NA"
"-65.33","48.01","NEW CARLISLE 1","7055422","2020-02-24 07:00","2020","02","24","07:00","-2.5","","-4.6","","85","","0.0","","10","","6","","","","101.01","","","","-5","","NA"
"-65.33","48.01","NEW CARLISLE 1","7055422","2020-02-24 08:00","2020","02","24","08:00","-1.7","","-4.1","","84","","0.0","","10","","9","","","","101.04","","","","-5","","NA"
"-65.33","48.01","NEW CARLISLE 1","7055422","2020-02-24 09:00","2020","02","24","09:00","-1.0","","-4.3","","78","","0.0","","10","","10","","","","100.96","","","","-5","","NA"
"-65.33","48.01","NEW CARLISLE 1","7055422","2020-02-24 10:00","2020","02","24","10:00","-0.9","","-4.2","","78","","0.0","","10","","14","","","","100.88","","","","-5","","NA"
"-65.33","48.01","NEW CARLISLE 1","7055422","2020-02-24 11:00","2020","02","24","11:00","0.6","","-4.7","","68","","0.0","","9","","10","","","","100.80","","","","","","NA"
"-65.33","48.01","NEW CARLISLE 1","7055422","2020-02-24 12:00","2020","02","24","12:00","1.8","","-5.0","","61","","0.0","","8","","9","","","","100.73","","","","","","NA"
"-65.33","48.01","NEW CARLISLE 1","7055422","2020-02-24 13:00","2020","02","24","13:00","0.9","","-4.1","","69","","0.0","","8","","11","","","","100.63","","","","","","NA"
"-65.33","48.01","NEW CARLISLE 1","7055422","2020-02-24 14:00","2020","02","24","14:00","1.5","","-4.3","","65","","0.0","","7","","11","","","","100.56","","","","","","NA"
"-65.33","48.01","NEW CARLISLE 1","7055422","2020-02-24 15:00","2020","02","24","15:00","1.9","","-3.6","","67","","0.0","","8","","10","","","","100.52","","","","","","NA"
"-65.33","48.01","NEW CARLISLE 1","7055422","2020-02-24 16:00","2020","02","24","16:00","1.3","","-2.8","","74","","0.0","","8","","11","","","","100.48","","","","","","NA"
"-65.33","48.01","NEW CARLISLE 1","7055422","2020-02-24 17:00","2020","02","24","17:00","0.3","","-2.4","","82","","0.0","","7","","10","","","","100.47","","","","","","NA"
"-65.33","48.01","NEW CARLISLE 1","7055422","2020-02-24 18:00","2020","02","24","18:00","-0.5","","-2.7","","85","","0.0","","6","","8","","","","100.50","","","","-3","","NA"
"-65.33","48.01","NEW CARLISLE 1","7055422","2020-02-24 19:00","2020","02","24","19:00","-0.4","","-2.9","","83","","0.0","","7","","8","","","","100.51","","","","-3","","NA"
"-65.33","48.01","NEW CARLISLE 1","7055422","2020-02-24 20:00","2020","02","24","20:00","0.5","","-2.5","","80","","0.0","","7","","8","","","","100.51","","","","","","NA"
"-65.33","48.01","NEW CARLISLE 1","7055422","2020-02-24 21:00","2020","02","24","21:00","0.1","","-2.2","","85","","0.0","","12","","2","","","","100.50","","","","","","NA"
"-65.33","48.01","NEW CARLISLE 1","7055422","2020-02-24 22:00","2020","02","24","22:00","-1.6","","-3.0","","90","","0.0","","15","","4","","","","100.49","","","","-3","","NA"
"-65.33","48.01","NEW CARLISLE 1","7055422","2020-02-24 23:00","2020","02","24","23:00","-2.5","","-3.6","","92","","0.0","","15","","3","","","","100.51","","","","-4","","NA"
"-65.33","48.01","NEW CARLISLE 1","7055422","2020-02-25 00:00","2020","02","25","00:00","-3.5","","-4.5","","93","","0.0","","31","","4","","","","100.55","","","","-5","","NA"
"-65.33","48.01","NEW CARLISLE 1","7055422","2020-02-25 01:00","2020","02","25","01:00","-3.9","","-5.0","","92","","0.0","","4","","1","","","","100.61","","","","-4","","NA"
"-65.33","48.01","NEW CARLISLE 1","7055422","2020-02-25 02:00","2020","02","25","02:00","-2.5","","-3.8","","90","","0.0","","32","","5","","","","100.61","","","","-4","","NA"
"-65.33","48.01","NEW CARLISLE 1","7055422","2020-02-25 03:00","2020","02","25","03:00","-1.6","","-3.8","","85","","0.0","","32","","11","","","","100.65","","","","-5","","NA"
"-65.33","48.01","NEW CARLISLE 1","7055422","2020-02-25 04:00","2020","02","25","04:00","-1.4","","-4.2","","81","","0.0","","32","","10","","","","100.69","","","","-5","","NA"
"-65.33","48.01","NEW CARLISLE 1","7055422","2020-02-25 05:00","2020","02","25","05:00","-1.6","","-4.5","","80","","0.0","","32","","11","","","","100.71","","","","-5","","NA"
"-65.33","48.01","NEW CARLISLE 1","7055422","2020-02-25 06:00","2020","02","25","06:00","-1.8","","-4.6","","81","","0.0","","33","","10","","","","100.72","","","","-5","","NA"
"-65.33","48.01","NEW CARLISLE 1","7055422","2020-02-25 07:00","2020","02","25","07:00","-1.4","","-4.7","","79","","0.0","","33","","11","","","","100.80","","","","-5","","NA"
"-65.33","48.01","NEW CARLISLE 1","7055422","2020-02-25 08:00","2020","02","25","08:00","0.2","","-4.7","","69","","0.0","","32","","10","","","","100.87","","","","","","NA"
"-65.33","48.01","NEW CARLISLE 1","7055422","2020-02-25 09:00","2020","02","25","09:00","-0.6","","-5.2","","71","","0.0","","22","","6","","","","100.90","","","","-3","","NA"
"-65.33","48.01","NEW CARLISLE 1","7055422","2020-02-25 10:00","2020","02","25","10:00","2.0","","-5.0","","60","","0.0","","28","","12","","","","100.88","","","","","","NA"
"-65.33","48.01","NEW CARLISLE 1","7055422","2020-02-25 11:00","2020","02","25","11:00","1.8","","-4.5","","63","","0.0","","23","","10","","","","100.86","","","","","","NA"
"-65.33","48.01","NEW CARLISLE 1","7055422","2020-02-25 12:00","2020","02","25","12:00","2.1","","-4.0","","64","","0.0","","23","","7","","","","100.81","","","","","","NA"
"-65.33","48.01","NEW CARLISLE 1","7055422","2020-02-25 13:00","2020","02","25","13:00","4.6","","-5.5","","48","","0.0","","27","","13","","","","100.76","","","","","","NA"
"-65.33","48.01","NEW CARLISLE 1","7055422","2020-02-25 14:00","2020","02","25","14:00","5.1","","-6.3","","43","","0.0","","28","","13","","","","100.72","","","","","","NA"
"-65.33","48.01","NEW CARLISLE 1","7055422","2020-02-25 15:00","2020","02","25","15:00","4.7","","-5.4","","48","","0.0","","29","","11","","","","100.75","","","","","","NA"
"-65.33","48.01","NEW CARLISLE 1","7055422","2020-02-25 16:00","2020","02","25","16:00","4.5","","-5.6","","48","","0.0","","32","","9","","","","100.75","","","","","","NA"
"-65.33","48.01","NEW CARLISLE 1","7055422","2020-02-25 17:00","2020","02","25","17:00","3.0","","-5.5","","54","","0.0","","35","","7","","","","100.78","","","","","","NA"
"-65.33","48.01","NEW CARLISLE 1","7055422","2020-02-25 18:00","2020","02","25","18:00","-0.4","","-2.9","","83","","0.0","","9","","6","","","","100.84","","","","-2","","NA"
"-65.33","48.01","NEW CARLISLE 1","7055422","2020-02-25 19:00","2020","02","25","19:00","-0.3","","-3.5","","79","","0.0","","7","","12","","","","100.90","","","","-4","","NA"
"-65.33","48.01","NEW CARLISLE 1","7055422","2020-02-25 20:00","2020","02","25","20:00","-0.8","","-3.5","","82","","0.0","","7","","10","","","","100.93","","","","-4","","NA"
"-65.33","48.01","NEW CARLISLE 1","7055422","2020-02-25 21:00","2020","02","25","21:00","-1.2","","-3.3","","85","","0.0","","8","","10","","","","100.95","","","","-5","","NA"
"-65.33","48.01","NEW CARLISLE 1","7055422","2020-02-25 22:00","2020","02","25","22:00","-1.2","","-3.4","","85","","0.0","","8","","8","","","","100.91","","","","-4","","NA"
"-65.33","48.01","NEW CARLISLE 1","7055422","2020-02-25 23:00","2020","02","25","23:00","-0.7","","-3.2","","83","","0.0","","6","","6","","","","100.88","","","","-3","","NA"
"-65.33","48.01","NEW CARLISLE 1","7055422","2020-02-26 00:00","2020","02","26","00:00","-0.7","","-3.3","","82","","0.0","","3","","4","","","","100.91","","","","-2","","NA"
"-65.33","48.01","NEW CARLISLE 1","7055422","2020-02-26 01:00","2020","02","26","01:00","-1.1","","-3.2","","85","","0.0","","2","","3","","","","100.95","","","","-2","","NA"
"-65.33","48.01","NEW CARLISLE 1","7055422","2020-02-26 02:00","2020","02","26","02:00","-2.2","","-4.2","","86","","0.0","","11","","2","","","","100.96","","","","-3","","NA"
"-65.33","48.01","NEW CARLISLE 1","7055422","2020-02-26 03:00","2020","02","26","03:00","-2.6","","-4.0","","90","","0.0","","31","","8","","","","100.98","","","","-6","","NA"
"-65.33","48.01","NEW CARLISLE 1","7055422","2020-02-26 04:00","2020","02","26","04:00","-2.9","","-4.1","","91","","0.0","","32","","7","","","","101.01","","","","-6","","NA"
"-65.33","48.01","NEW CARLISLE 1","7055422","2020-02-26 05:00","2020","02","26","05:00","-3.4","","-4.4","","93","","0.0","","33","","9","","","","101.02","","","","-7","","NA"
"-65.33","48.01","NEW CARLISLE 1","7055422","2020-02-26 06:00","2020","02","26","06:00","-3.6","","-4.9","","91","","0.0","","31","","10","","","","101.06","","","","-8","","NA"
"-65.33","48.01","NEW CARLISLE 1","7055422","2020-02-26 07:00","2020","02","26","07:00","-3.8","","-5.6","","87","","0.0","","32","","7","","","","101.14","","","","-7","","NA"
"-65.33","48.01","NEW CARLISLE 1","7055422","2020-02-26 08:00","2020","02","26","08:00","-2.1","","-5.8","","75","","0.0","","31","","11","","","","101.24","","","","-6","","NA"
"-65.33","48.01","NEW CARLISLE 1","7055422","2020-02-26 09:00","2020","02","26","09:00","0.1","","-6.9","","59","","0.0","","32","","15","","","","101.25","","","","","","NA"
"-65.33","48.01","NEW CARLISLE 1","7055422","2020-02-26 10:00","2020","02","26","10:00","0.9","","-6.6","","57","","0.0","","28","","10","","","","101.26","","","","","","NA"
"-65.33","48.01","NEW CARLISLE 1","7055422","2020-02-26 11:00","2020","02","26","11:00","0.9","","-6.8","","56","","0.0","","28","","12","","","","101.28","","","","","","NA"
"-65.33","48.01","NEW CARLISLE 1","7055422","2020-02-26 12:00","2020","02","26","12:00","1.1","","-6.5","","57","","0.0","","27","","11","","","","101.25","","","","","","NA"
"-65.33","48.01","NEW CARLISLE 1","7055422","2020-02-26 13:00","2020","02","26","13:00","1.6","","-6.5","","55","","0.0","","26","","9","","","","101.28","","","","","","NA"
"-65.33","48.01","NEW CARLISLE 1","7055422","2020-02-26 14:00","2020","02","26","14:00","1.7","","-6.2","","56","","0.0","","26","","8","","","","101.30","","","","","","NA"
"-65.33","48.01","NEW CARLISLE 1","7055422","2020-02-26 15:00","2020","02","26","15:00","1.4","","-5.5","","60","","0.0","","21","","4","","","","101.36","","","","","","NA"
"-65.33","48.01","NEW CARLISLE 1","7055422","2020-02-26 16:00","2020","02","26","16:00","-0.9","","-3.8","","81","","0.0","","10","","11","","","","101.45","","","","-5","","NA"
"-65.33","48.01","NEW CARLISLE 1","7055422","2020-02-26 17:00","2020","02","26","17:00","-1.8","","-3.2","","90","","0.0","","10","","9","","","","101.54","","","","-5","","NA"
"-65.33","48.01","NEW CARLISLE 1","7055422","2020-02-26 18:00","2020","02","26","18:00","-2.2","","-4.0","","88","","0.0","","10","","7","","","","101.62","","","","-5","","NA"
"-65.33","48.01","NEW CARLISLE 1","7055422","2020-02-26 19:00","2020","02","26","19:00","-2.4","","-4.7","","84","","0.0","","12","","8","","","","101.66","","","","-6","","NA"
"-65.33","48.01","NEW CARLISLE 1","7055422","2020-02-26 20:00","2020","02","26","20:00","-2.5","","-4.6","","86","","0.0","","11","","4","","","","101.66","","","","-4","","NA"
"-65.33","48.01","NEW CARLISLE 1","7055422","2020-02-26 21:00","2020","02","26","21:00","-3.1","","-4.7","","89","","0.0","","6","","4","","","","101.71","","","","-5","","NA"
"-65.33","48.01","NEW CARLISLE 1","7055422","2020-02-26 22:00","2020","02","26","22:00","-3.5","","-5.5","","86","","0.0","","6","","5","","","","101.74","","","","-6","","NA"
"-65.33","48.01","NEW CARLISLE 1","7055422","2020-02-26 23:00","2020","02","26","23:00","-3.1","","-6.7","","76","","0.0","","5","","7","","","","101.81","","","","-6","","NA"
"-65.33","48.01","NEW CARLISLE 1","7055422","2020-02-27 00:00","2020","02","27","00:00","-3.2","","-7.8","","70","","0.0","","5","","9","","","","101.79","","","","-7","","NA"
"-65.33","48.01","NEW CARLISLE 1","7055422","2020-02-27 01:00","2020","02","27","01:00","-3.3","","-8.2","","69","","0.0","","7","","12","","","","101.86","","","","-8","","NA"
"-65.33","48.01","NEW CARLISLE 1","7055422","2020-02-27 02:00","2020","02","27","02:00","-3.6","","-8.1","","71","","0.0","","6","","11","","","","101.82","","","","-8","","NA"
"-65.33","48.01","NEW CARLISLE 1","7055422","2020-02-27 03:00","2020","02","27","03:00","-4.0","","-8.1","","73","","0.0","","6","","10","","","","101.78","","","","-8","","NA"
"-65.33","48.01","NEW CARLISLE 1","7055422","2020-02-27 04:00","2020","02","27","04:00","-4.8","","-8.9","","73","","0.0","","6","","10","","","","101.76","","","","-9","","NA"
"-65.33","48.01","NEW CARLISLE 1","7055422","2020-02-27 05:00","2020","02","27","05:00","-5.6","","-9.3","","75","","0.0","","7","","15","","","","101.73","","","","-11","","NA"
"-65.33","48.01","NEW CARLISLE 1","7055422","2020-02-27 06:00","2020","02","27","06:00","-6.2","","-9.9","","75","","0.0","","7","","17","","","","101.75","","","","-12","","NA"
"-65.33","48.01","NEW CARLISLE 1","7055422","2020-02-27 07:00","2020","02","27","07:00","-7.0","","-10.5","","76","","0.0","","6","","18","","","","101.59","","","","-14","","NA"
"-65.33","48.01","NEW CARLISLE 1","7055422","2020-02-27 08:00","2020","02","27","08:00","-7.2","","-10.6","","77","","0.0","","7","","18","","","","101.61","","","","-14","","NA"
"-65.33","48.01","NEW CARLISLE 1","7055422","2020-02-27 09:00","2020","02","27","09:00","-7.0","","-10.0","","79","","0.0","","7","","16","","","","101.56","","","","-13","","NA"
"-65.33","48.01","NEW CARLISLE 1","7055422","2020-02-27 10:00","2020","02","27","10:00","-6.9","","-10.1","","78","","0.0","","7","","20","","","","101.36","","","","-14","","NA"
"-65.33","48.01","NEW CARLISLE 1","7055422","2020-02-27 11:00","2020","02","27","11:00","-6.7","","-10.1","","77","","0.0","","7","","18","","","","101.18","","","","-13","","NA"
"-65.33","48.01","NEW CARLISLE 1","7055422","2020-02-27 12:00","2020","02","27","12:00","-6.9","","-10.0","","78","","0.0","","8","","21","","","","100.99","","","","-14","","NA"
"-65.33","48.01","NEW CARLISLE 1","7055422","2020-02-27 13:00","2020","02","27","13:00","-6.7","","-10.0","","78","","0.0","","8","","21","","","","100.76","","","","-14","","NA"
"-65.33","48.01","NEW CARLISLE 1","7055422","2020-02-27 14:00","2020","02","27","14:00","-6.7","","-10.0","","77","","0.0","","8","","19","","","","100.50","","","","-14","","NA"
"-65.33","48.01","NEW CARLISLE 1","7055422","2020-02-27 15:00","2020","02","27","15:00","-7.0","","-10.0","","79","","0.0","","7","","27","","","","100.20","","","","-15","","NA"
"-65.33","48.01","NEW CARLISLE 1","7055422","2020-02-27 16:00","2020","02","27","16:00","-7.3","","-9.2","","87","","0.8","","7","","26","","","","99.89","","","","-15","","NA"
"-65.33","48.01","NEW CARLISLE 1","7055422","2020-02-27 17:00","2020","02","27","17:00","-7.3","","-8.8","","89","","0.8","","7","","25","","","","99.66","","","","-15","","NA"
"-65.33","48.01","NEW CARLISLE 1","7055422","2020-02-27 18:00","2020","02","27","18:00","-6.6","","-7.9","","90","","3.4","","6","","27","","","","99.56","","","","-15","","NA"
"-65.33","48.01","NEW CARLISLE 1","7055422","2020-02-27 19:00","2020","02","27","19:00","-5.7","","-6.9","","91","","5.5","","7","","22","","","","99.44","","","","-13","","NA"
"-65.33","48.01","NEW CARLISLE 1","7055422","2020-02-27 20:00","2020","02","27","20:00","-5.0","","-6.1","","92","","8.5","","7","","25","","","","99.25","","","","-12","","NA"
"-65.33","48.01","NEW CARLISLE 1","7055422","2020-02-27 21:00","2020","02","27","21:00","-4.4","","-5.4","","93","","8.0","","6","","27","","","","99.10","","","","-12","","NA"
"-65.33","48.01","NEW CARLISLE 1","7055422","2020-02-27 22:00","2020","02","27","22:00","-4.2","","-5.4","","91","","4.5","","6","","29","","","","98.89","","","","-12","","NA"
"-65.33","48.01","NEW CARLISLE 1","7055422","2020-02-27 23:00","2020","02","27","23:00","-3.6","","-5.3","","88","","1.6","","6","","28","","","","98.79","","","","-11","","NA"
"-65.33","48.01","NEW CARLISLE 1","7055422","2020-02-28 00:00","2020","02","28","00:00","-2.8","","-4.2","","90","","1.2","","7","","21","","","","98.72","","","","-9","","NA"
"-65.33","48.01","NEW CARLISLE 1","7055422","2020-02-28 01:00","2020","02","28","01:00","-2.7","","-4.2","","89","","0.9","","7","","20","","","","98.59","","","","-9","","NA"
"-65.33","48.01","NEW CARLISLE 1","7055422","2020-02-28 02:00","2020","02","28","02:00","-3.2","","-4.7","","89","","0.7","","7","","19","","","","98.50","","","","-9","","NA"
"-65.33","48.01","NEW CARLISLE 1","7055422","2020-02-28 03:00","2020","02","28","03:00","-3.2","","-4.8","","89","","0.1","","6","","18","","","","98.39","","","","-9","","NA"
"-65.33","48.01","NEW CARLISLE 1","7055422","2020-02-28 04:00","2020","02","28","04:00","-3.3","","-4.8","","89","","0.0","","6","","16","","","","98.38","","","","-9","","NA"
"-65.33","48.01","NEW CARLISLE 1","7055422","2020-02-28 05:00","2020","02","28","05:00","-3.4","","-5.0","","89","","0.1","","5","","13","","","","98.34","","","","-8","","NA"
"-65.33","48.01","NEW CARLISLE 1","7055422","2020-02-28 06:00","2020","02","28","06:00","-3.3","","-5.3","","86","","0.0","","3","","8","","","","98.44","","","","-7","","NA"
"-65.33","48.01","NEW CARLISLE 1","7055422","2020-02-28 07:00","2020","02","28","07:00","-3.4","","-5.2","","87","","0.2","","30","","4","","","","98.56","","","","-5","","NA"
"-65.33","48.01","NEW CARLISLE 1","7055422","2020-02-28 08:00","2020","02","28","08:00","-3.3","","-5.0","","88","","0.2","","26","","12","","","","98.69","","","","-8","","NA"
"-65.33","48.01","NEW CARLISLE 1","7055422","2020-02-28 09:00","2020","02","28","09:00","-5.3","","-7.7","","83","","0.7","","27","","24","","","","98.82","","","","-13","","NA"
"-65.33","48.01","NEW CARLISLE 1","7055422","2020-02-28 10:00","2020","02","28","10:00","-4.7","","-9.8","","67","","0.0","","27","","22","","","","98.89","","","","-12","","NA"
"-65.33","48.01","NEW CARLISLE 1","7055422","2020-02-28 11:00","2020","02","28","11:00","-5.1","","-10.6","","65","","0.0","","28","","20","","","","98.98","","","","-12","","NA"
"-65.33","48.01","NEW CARLISLE 1","7055422","2020-02-28 12:00","2020","02","28","12:00","-4.2","","-12.9","","50","","0.0","","27","","22","","","","99.01","","","","-11","","NA"
"-65.33","48.01","NEW CARLISLE 1","7055422","2020-02-28 13:00","2020","02","28","13:00","-3.9","","-12.9","","50","","0.0","","26","","24","","","","99.07","","","","-11","","NA"
"-65.33","48.01","NEW CARLISLE 1","7055422","2020-02-28 14:00","2020","02","28","14:00","-3.6","","-12.5","","50","","0.0","","28","","22","","","","99.12","","","","-10","","NA"
"-65.33","48.01","NEW CARLISLE 1","7055422","2020-02-28 15:00","2020","02","28","15:00","-4.3","","-12.3","","54","","0.0","","29","","17","","","","99.18","","","","-10","","NA"
"-65.33","48.01","NEW CARLISLE 1","7055422","2020-02-28 16:00","2020","02","28","16:00","-4.1","","-12.2","","54","","0.0","","29","","16","","","","99.23","","","","-10","","NA"
"-65.33","48.01","NEW CARLISLE 1","7055422","2020-02-28 17:00","2020","02","28","17:00","-4.8","","-12.6","","55","","0.0","","29","","15","","","","99.32","","","","-10","","NA"
"-65.33","48.01","NEW CARLISLE 1","7055422","2020-02-28 18:00","2020","02","28","18:00","-5.4","","-12.8","","56","","0.0","","29","","15","","","","99.42","","","","-11","","NA"
"-65.33","48.01","NEW CARLISLE 1","7055422","2020-02-28 19:00","2020","02","28","19:00","-5.4","","-13.7","","52","","0.0","","28","","17","","","","99.51","","","","-11","","NA"
"-65.33","48.01","NEW CARLISLE 1","7055422","2020-02-28 20:00","2020","02","28","20:00","-6.0","","-13.4","","56","","0.0","","27","","20","","","","99.59","","","","-13","","NA"
"-65.33","48.01","NEW CARLISLE 1","7055422","2020-02-28 21:00","2020","02","28","21:00","-6.2","","-12.7","","60","","0.0","","27","","21","","","","99.66","","","","-13","","NA"
"-65.33","48.01","NEW CARLISLE 1","7055422","2020-02-28 22:00","2020","02","28","22:00","-7.1","","-14.7","","55","","0.0","","28","","17","","","","99.69","","","","-14","","NA"
"-65.33","48.01","NEW CARLISLE 1","7055422","2020-02-28 23:00","2020","02","28","23:00","-7.4","","-14.5","","57","","0.0","","27","","22","","","","99.68","","","","-15","","NA"
"-65.33","48.01","NEW CARLISLE 1","7055422","2020-02-29 00:00","2020","02","29","00:00","-8.1","","-14.3","","61","","0.0","","27","","16","","","","99.71","","","","-15","","NA"
"-65.33","48.01","NEW CARLISLE 1","7055422","2020-02-29 01:00","2020","02","29","01:00","-8.5","","-13.7","","66","","0.0","","26","","15","","","","99.73","","","","-15","","NA"
"-65.33","48.01","NEW CARLISLE 1","7055422","2020-02-29 02:00","2020","02","29","02:00","-8.9","","-14.4","","64","","0.0","","27","","17","","","","99.73","","","","-16","","NA"
"-65.33","48.01","NEW CARLISLE 1","7055422","2020-02-29 03:00","2020","02","29","03:00","-9.0","","-13.7","","68","","0.0","","27","","14","","","","99.74","","","","-15","","NA"
"-65.33","48.01","NEW CARLISLE 1","7055422","2020-02-29 04:00","2020","02","29","04:00","-9.5","","-14.0","","69","","0.0","","29","","15","","","","99.75","","","","-16","","NA"
"-65.33","48.01","NEW CARLISLE 1","7055422","2020-02-29 05:00","2020","02","29","05:00","-9.9","","-13.8","","73","","0.0","","27","","12","","","","99.80","","","","-16","","NA"
"-65.33","48.01","NEW CARLISLE 1","7055422","2020-02-29 06:00","2020","02","29","06:00","-9.5","","-13.4","","73","","0.0","","28","","14","","","","99.85","","","","-16","","NA"
"-65.33","48.01","NEW CARLISLE 1","7055422","2020-02-29 07:00","2020","02","29","07:00","-9.0","","-13.5","","70","","0.0","","28","","14","","","","99.90","","","","-15","","NA"
"-65.33","48.01","NEW CARLISLE 1","7055422","2020-02-29 08:00","2020","02","29","08:00","-8.8","","-14.3","","65","","0.0","","28","","17","","","","99.95","","","","-16","","NA"
"-65.33","48.01","NEW CARLISLE 1","7055422","2020-02-29 09:00","2020","02","29","09:00","-8.3","","-14.2","","63","","0.0","","27","","15","","","","100.00","","","","-15","","NA"
"-65.33","48.01","NEW CARLISLE 1","7055422","2020-02-29 10:00","2020","02","29","10:00","-7.6","","-14.5","","58","","0.0","","28","","14","","","","100.02","","","","-14","","NA"
"-65.33","48.01","NEW CARLISLE 1","7055422","2020-02-29 11:00","2020","02","29","11:00","-6.7","","-15.3","","50","","0.0","","27","","11","","","","100.04","","","","-12","","NA"
"-65.33","48.01","NEW CARLISLE 1","7055422","2020-02-29 12:00","2020","02","29","12:00","-6.3","","-13.7","","56","","0.0","","22","","6","","","","100.05","","","","-9","","NA"
"-65.33","48.01","NEW CARLISLE 1","7055422","2020-02-29 13:00","2020","02","29","13:00","-5.9","","-14.6","","50","","0.0","","25","","4","","","","100.04","","","","-8","","NA"
"-65.33","48.01","NEW CARLISLE 1","7055422","2020-02-29 14:00","2020","02","29","14:00","-4.1","","-15.4","","41","","0.0","","28","","4","","","","100.04","","","","-6","","NA"
"-65.33","48.01","NEW CARLISLE 1","7055422","2020-02-29 15:00","2020","02","29","15:00","-3.6","","-14.7","","42","","0.0","","19","","6","","","","100.06","","","","-6","","NA"
"-65.33","48.01","NEW CARLISLE 1","7055422","2020-02-29 16:00","2020","02","29","16:00","-5.3","","-13.2","","54","","0.0","","11","","10","","","","100.10","","","","-10","","NA"
"-65.33","48.01","NEW CARLISLE 1","7055422","2020-02-29 17:00","2020","02","29","17:00","-5.5","","-11.0","","66","","0.0","","9","","8","","","","100.16","","","","-9","","NA"
"-65.33","48.01","NEW CARLISLE 1","7055422","2020-02-29 18:00","2020","02","29","18:00","-6.1","","-11.0","","68","","0.0","","5","","6","","","","100.21","","","","-9","","NA"
"-65.33","48.01","NEW CARLISLE 1","7055422","2020-02-29 19:00","2020","02","29","19:00","-6.8","","-11.1","","71","","0.0","","5","","5","","","","100.25","","","","-9","","NA"
"-65.33","48.01","NEW CARLISLE 1","7055422","2020-02-29 20:00","2020","02","29","20:00","-7.2","","-11.2","","73","","0.0","","5","","7","","","","100.28","","","","-11","","NA"
"-65.33","48.01","NEW CARLISLE 1","7055422","2020-02-29 21:00","2020","02","29","21:00","-6.8","","-10.6","","74","","0.0","","5","","6","","","","100.29","","","","-10","","NA"
"-65.33","48.01","NEW CARLISLE 1","7055422","2020-02-29 22:00","2020","02","29","22:00","-7.1","","-10.4","","77","","0.0","","5","","7","","","","100.29","","","","-11","","NA"
"-65.33","48.01","NEW CARLISLE 1","7055422","2020-02-29 23:00","2020","02","29","23:00","-6.8","","-9.8","","79","","0.0","","4","","7","","","","100.28","","","","-10","","NA"
