"Longitude (x)","Latitude (y)","Station Name","Climate ID","Date/Time","Year","Month","Day","Data Quality","Max Temp (°C)","Max Temp Flag","Min Temp (°C)","Min Temp Flag","Mean Temp (°C)","Mean Temp Flag","Heat Deg Days (°C)","Heat Deg Days Flag","Cool Deg Days (°C)","Cool Deg Days Flag","Total Rain (mm)","Total Rain Flag","Total Snow (cm)","Total Snow Flag","Total Precip (mm)","Total Precip Flag","Snow on Grnd (cm)","Snow on Grnd Flag","Dir of Max Gust (10s deg)","Dir of Max Gust Flag","Spd of Max Gust (km/h)","Spd of Max Gust Flag"
"-114.08","51.76","OLDS AGDM","3024925","2018-01-01","2018","01","01","","-3.9","","-33.7","","-18.8","","36.8","","0.0","","","M","","M","0.0","","","","","","<31",""
"-114.08","51.76","OLDS AGDM","3024925","2018-01-02","2018","01","02","","0.9","","-5.8","","-2.5","","20.5","","0.0","","","M","","M","0.0","","","","","","<31",""
"-114.08","51.76","OLDS AGDM","3024925","2018-01-03","2018","01","03","","","M","-9.0","E","","M","","M","","M","","M","","M","","M","","","","M","","M"
"-114.08","51.76","OLDS AGDM","3024925","2018-01-04","2018","01","04","","1.0","","-10.5","","-4.8","","22.8","","0.0","","","M","","M","0.0","","","","","","<31",""
"-114.08","51.76","OLDS AGDM","3024925","2018-01-05","2018","01","05","","5.9","","-10.7","","-2.4","","20.4","","0.0","","","M","","M","0.0","","","","","","<31",""
"-114.08","51.76","OLDS AGDM","3024925","2018-01-06","2018","01","06","","5.6","","-5.2","","0.2","","17.8","","0.0","","","M","","M","0.0","","","","36","","35",""
"-114.08","51.76","OLDS AGDM","3024925","2018-01-07","2018","01","07","","0.9","","-9.0","","-4.1","","22.1","","0.0","","","M","","M","0.0","","","","15","","32",""
"-114.08","51.76","OLDS AGDM","3024925","2018-01-08","2018","01","08","","3.9","","-9.4","","-2.8","","20.8","","0.0","","","M","","M","0.0","","","","","","<31",""
"-114.08","51.76","OLDS AGDM","3024925","2018-01-09","2018","01","09","","-2.5","","-20.7","","-11.6","","29.6","","0.0","","","M","","M","0.5","","","","33","","54",""
"-114.08","51.76","OLDS AGDM","3024925","2018-01-10","2018","01","10","","-20.7","","-24.3","","-22.5","","40.5","","0.0","","","M","","M","0.9","","","","33","","44",""
"-114.08","51.76","OLDS AGDM","3024925","2018-01-11","2018","01","11","","-23.8","","-32.3","","-28.1","","46.1","","0.0","","","M","","M","0.4","","","","","","<31",""
"-114.08","51.76","OLDS AGDM","3024925","2018-01-12","2018","01","12","","-21.7","","-33.6","","-27.7","","45.7","","0.0","","","M","","M","0.0","","","","","","<31",""
"-114.08","51.76","OLDS AGDM","3024925","2018-01-13","2018","01","13","","0.1","","-22.9","","-11.4","","29.4","","0.0","","","M","","M","0.0","","","","","","<31",""
"-114.08","51.76","OLDS AGDM","3024925","2018-01-14","2018","01","14","","-0.6","","-9.5","","-5.1","","23.1","","0.0","","","M","","M","1.8","","","","","","<31",""
"-114.08","51.76","OLDS AGDM","3024925","2018-01-15","2018","01","15","","-6.5","","-17.7","","-12.1","","30.1","","0.0","","","M","","M","0.0","","","","15","","44",""
"-114.08","51.76","OLDS AGDM","3024925","2018-01-16","2018","01","16","","8.5","","-18.0","","-4.8","","22.8","","0.0","","","M","","M","0.0","","","","27","","41",""
"-114.08","51.76","OLDS AGDM","3024925","2018-01-17","2018","01","17","","5.6","","-4.9","","0.4","","17.6","","0.0","","","M","","M","0.0","","","","20","","39",""
"-114.08","51.76","OLDS AGDM","3024925","2018-01-18","2018","01","18","","7.9","","-4.5","","1.7","","16.3","","0.0","","","M","","M","0.0","","","","23","","52",""
"-114.08","51.76","OLDS AGDM","3024925","2018-01-19","2018","01","19","","2.8","","-6.7","","-2.0","","20.0","","0.0","","","M","","M","0.0","","","","23","","32",""
"-114.08","51.76","OLDS AGDM","3024925","2018-01-20","2018","01","20","","2.5","","-8.9","","-3.2","","21.2","","0.0","","","M","","M","0.0","","","","","","<31",""
"-114.08","51.76","OLDS AGDM","3024925","2018-01-21","2018","01","21","","4.1","","-8.0","","-2.0","","20.0","","0.0","","","M","","M","0.0","","","","20","","43",""
"-114.08","51.76","OLDS AGDM","3024925","2018-01-22","2018","01","22","","3.0","","-6.7","","-1.9","","19.9","","0.0","","","M","","M","0.0","","","","23","","33",""
"-114.08","51.76","OLDS AGDM","3024925","2018-01-23","2018","01","23","","0.2","","-10.7","","-5.3","","23.3","","0.0","","","M","","M","0.0","","","","","","<31",""
"-114.08","51.76","OLDS AGDM","3024925","2018-01-24","2018","01","24","","1.0","","-9.3","","-4.2","","22.2","","0.0","","","M","","M","0.0","","","","","","<31",""
"-114.08","51.76","OLDS AGDM","3024925","2018-01-25","2018","01","25","","-5.6","","-11.7","","-8.7","","26.7","","0.0","","","M","","M","0.4","","","","33","","35",""
"-114.08","51.76","OLDS AGDM","3024925","2018-01-26","2018","01","26","","-11.6","","-18.0","","-14.8","","32.8","","0.0","","","M","","M","0.0","","","","30","","32",""
"-114.08","51.76","OLDS AGDM","3024925","2018-01-27","2018","01","27","","-15.6","","-22.6","","-19.1","","37.1","","0.0","","","M","","M","1.6","","","","","","<31",""
"-114.08","51.76","OLDS AGDM","3024925","2018-01-28","2018","01","28","","-16.2","","-22.1","","-19.2","","37.2","","0.0","","","M","","M","0.0","","","","32","","33",""
"-114.08","51.76","OLDS AGDM","3024925","2018-01-29","2018","01","29","","5.7","","-18.3","","-6.3","","24.3","","0.0","","","M","","M","0.0","","","","21","","35",""
"-114.08","51.76","OLDS AGDM","3024925","2018-01-30","2018","01","30","","5.2","","-11.4","","-3.1","","21.1","","0.0","","","M","","M","0.0","","","","32","","76",""
"-114.08","51.76","OLDS AGDM","3024925","2018-01-31","2018","01","31","","-11.4","","-20.2","","-15.8","","33.8","","0.0","","","M","","M","0.4","","","","","","<31",""
"-114.08","51.76","OLDS AGDM","3024925","2018-02-01","2018","02","01","","-18.1","","-24.2","","-21.2","","39.2","","0.0","","","M","","M","0.0","","","","","","<31",""
"-114.08","51.76","OLDS AGDM","3024925","2018-02-02","2018","02","02","","-19.5","","-22.7","","-21.1","","39.1","","0.0","","","M","","M","0.0","","","","","","<31",""
"-114.08","51.76","OLDS AGDM","3024925","2018-02-03","2018","02","03","","-19.4","","-27.4","","-23.4","","41.4","","0.0","","","M","","M","1.0","","","","33","","39",""
"-114.08","51.76","OLDS AGDM","3024925","2018-02-04","2018","02","04","","-10.7","","-26.1","","-18.4","","36.4","","0.0","","","M","","M","0.0","","","","","","<31",""
"-114.08","51.76","OLDS AGDM","3024925","2018-02-05","2018","02","05","","-16.0","","-23.1","","-19.6","","37.6","","0.0","","","M","","M","0.0","","","","17","","32",""
"-114.08","51.76","OLDS AGDM","3024925","2018-02-06","2018","02","06","","","M","-21.1","E","","M","","M","","M","","M","","M","","M","","","31","","48",""
"-114.08","51.76","OLDS AGDM","3024925","2018-02-07","2018","02","07","","-11.4","","-16.0","","-13.7","","31.7","","0.0","","","M","","M","3.2","","","","","","<31",""
"-114.08","51.76","OLDS AGDM","3024925","2018-02-08","2018","02","08","","-16.0","","-25.3","","-20.7","","38.7","","0.0","","","M","","M","7.9","","","","","","<31",""
"-114.08","51.76","OLDS AGDM","3024925","2018-02-09","2018","02","09","","-14.7","","-29.7","","-22.2","","40.2","","0.0","","","M","","M","0.0","","","","","","<31",""
"-114.08","51.76","OLDS AGDM","3024925","2018-02-10","2018","02","10","","-4.2","","-19.7","","-12.0","","30.0","","0.0","","","M","","M","1.2","","","","32","","43",""
"-114.08","51.76","OLDS AGDM","3024925","2018-02-11","2018","02","11","","-7.7","","-27.4","","-17.6","","35.6","","0.0","","","M","","M","1.7","","","","1","","35",""
"-114.08","51.76","OLDS AGDM","3024925","2018-02-12","2018","02","12","","-1.6","","-28.9","","-15.3","","33.3","","0.0","","","M","","M","0.0","","","","21","","33",""
"-114.08","51.76","OLDS AGDM","3024925","2018-02-13","2018","02","13","","6.7","","-4.9","","0.9","","17.1","","0.0","","","M","","M","0.0","","","","22","","59",""
"-114.08","51.76","OLDS AGDM","3024925","2018-02-14","2018","02","14","","2.9","","-14.9","","-6.0","","24.0","","0.0","","","M","","M","0.5","","","","34","","69",""
"-114.08","51.76","OLDS AGDM","3024925","2018-02-15","2018","02","15","","-10.3","","-23.0","","-16.7","","34.7","","0.0","","","M","","M","0.5","","","","","","<31",""
"-114.08","51.76","OLDS AGDM","3024925","2018-02-16","2018","02","16","","-3.8","","-14.6","","-9.2","","27.2","","0.0","","","M","","M","0.0","","","","33","","33",""
"-114.08","51.76","OLDS AGDM","3024925","2018-02-17","2018","02","17","","-9.6","","-14.7","","-12.2","","30.2","","0.0","","","M","","M","0.5","","","","","","<31",""
"-114.08","51.76","OLDS AGDM","3024925","2018-02-18","2018","02","18","","-13.7","","-23.1","","-18.4","","36.4","","0.0","","","M","","M","0.4","","","","34","","39",""
"-114.08","51.76","OLDS AGDM","3024925","2018-02-19","2018","02","19","","-15.0","","-23.9","","-19.5","","37.5","","0.0","","","M","","M","0.0","","","","","","<31",""
"-114.08","51.76","OLDS AGDM","3024925","2018-02-20","2018","02","20","","","M","-21.7","E","","M","","M","","M","","M","","M","","M","","","","M","","M"
"-114.08","51.76","OLDS AGDM","3024925","2018-02-21","2018","02","21","","","M","","M","","M","","M","","M","","M","","M","","M","","","","M","","M"
"-114.08","51.76","OLDS AGDM","3024925","2018-02-22","2018","02","22","","","M","","M","","M","","M","","M","","M","","M","","M","","","","","<31",""
"-114.08","51.76","OLDS AGDM","3024925","2018-02-23","2018","02","23","","-1.4","","-18.6","","-10.0","","28.0","","0.0","","","M","","M","0.0","","","","","","<31",""
"-114.08","51.76","OLDS AGDM","3024925","2018-02-24","2018","02","24","","0.4","","-13.6","","-6.6","","24.6","","0.0","","","M","","M","0.0","","","","","","<31",""
"-114.08","51.76","OLDS AGDM","3024925","2018-02-25","2018","02","25","","0.4","","-13.6","","-6.6","","24.6","","0.0","","","M","","M","0.0","","","","35","","41",""
"-114.08","51.76","OLDS AGDM","3024925","2018-02-26","2018","02","26","","-1.7","","-13.5","","-7.6","","25.6","","0.0","","","M","","M","0.0","","","","","","<31",""
"-114.08","51.76","OLDS AGDM","3024925","2018-02-27","2018","02","27","","1.2","","-11.7","","-5.3","","23.3","","0.0","","","M","","M","0.0","","","","25","","41",""
"-114.08","51.76","OLDS AGDM","3024925","2018-02-28","2018","02","28","","-0.4","","-14.4","","-7.4","","25.4","","0.0","","","M","","M","0.0","","","","","","<31",""
"-114.08","51.76","OLDS AGDM","3024925","2018-03-01","2018","03","01","","-6.4","","-16.2","","-11.3","","29.3","","0.0","","","M","","M","0.5","","","","9","","35",""
"-114.08","51.76","OLDS AGDM","3024925","2018-03-02","2018","03","02","","-8.2","","-11.7","","-10.0","","28.0","","0.0","","","M","","M","4.1","","","","8","","37",""
"-114.08","51.76","OLDS AGDM","3024925","2018-03-03","2018","03","03","","-10.4","","-13.2","","-11.8","","29.8","","0.0","","","M","","M","3.1","","","","30","","37",""
"-114.08","51.76","OLDS AGDM","3024925","2018-03-04","2018","03","04","","-9.9","","-21.5","","-15.7","","33.7","","0.0","","","M","","M","0.4","","","","","","<31",""
"-114.08","51.76","OLDS AGDM","3024925","2018-03-05","2018","03","05","","-7.3","","-24.2","","-15.8","","33.8","","0.0","","","M","","M","0.0","","","","","","<31",""
"-114.08","51.76","OLDS AGDM","3024925","2018-03-06","2018","03","06","","-11.4","","-22.7","","-17.1","","35.1","","0.0","","","M","","M","0.0","","","","","","<31",""
"-114.08","51.76","OLDS AGDM","3024925","2018-03-07","2018","03","07","","-4.0","","-22.0","","-13.0","","31.0","","0.0","","","M","","M","0.0","","","","","","<31",""
"-114.08","51.76","OLDS AGDM","3024925","2018-03-08","2018","03","08","","-10.8","","-21.5","","-16.2","","34.2","","0.0","","","M","","M","0.0","","","","13","","41",""
"-114.08","51.76","OLDS AGDM","3024925","2018-03-09","2018","03","09","","-1.4","","-13.4","","-7.4","","25.4","","0.0","","","M","","M","0.0","","","","33","","67",""
"-114.08","51.76","OLDS AGDM","3024925","2018-03-10","2018","03","10","","3.1","","-9.9","","-3.4","","21.4","","0.0","","","M","","M","0.0","","","","","","<31",""
"-114.08","51.76","OLDS AGDM","3024925","2018-03-11","2018","03","11","","1.1","","-13.2","","-6.1","","24.1","","0.0","","","M","","M","0.0","","","","","","<31",""
"-114.08","51.76","OLDS AGDM","3024925","2018-03-12","2018","03","12","","2.2","","-11.9","","-4.9","","22.9","","0.0","","","M","","M","0.0","","","","","","<31",""
"-114.08","51.76","OLDS AGDM","3024925","2018-03-13","2018","03","13","","7.9","","-10.2","","-1.2","","19.2","","0.0","","","M","","M","0.0","","","","","","<31",""
"-114.08","51.76","OLDS AGDM","3024925","2018-03-14","2018","03","14","","-4.7","","-18.5","","-11.6","","29.6","","0.0","","","M","","M","0.4","","","","","","<31",""
"-114.08","51.76","OLDS AGDM","3024925","2018-03-15","2018","03","15","","-2.6","","-12.4","","-7.5","","25.5","","0.0","","","M","","M","3.2","","","","34","","43",""
"-114.08","51.76","OLDS AGDM","3024925","2018-03-16","2018","03","16","","0.9","","-10.2","","-4.7","","22.7","","0.0","","","M","","M","0.6","","","","","","<31",""
"-114.08","51.76","OLDS AGDM","3024925","2018-03-17","2018","03","17","","0.7","","-5.8","","-2.6","","20.6","","0.0","","","M","","M","1.8","","","","","","<31",""
"-114.08","51.76","OLDS AGDM","3024925","2018-03-18","2018","03","18","","-0.7","","-4.6","","-2.7","","20.7","","0.0","","","M","","M","3.5","","","","","","<31",""
"-114.08","51.76","OLDS AGDM","3024925","2018-03-19","2018","03","19","","0.4","","-14.0","","-6.8","","24.8","","0.0","","","M","","M","0.0","","","","","","<31",""
"-114.08","51.76","OLDS AGDM","3024925","2018-03-20","2018","03","20","","2.9","","-7.8","","-2.5","","20.5","","0.0","","","M","","M","0.0","","","","","","<31",""
"-114.08","51.76","OLDS AGDM","3024925","2018-03-21","2018","03","21","","1.3","","-6.4","","-2.6","","20.6","","0.0","","","M","","M","0.0","","","","","","<31",""
"-114.08","51.76","OLDS AGDM","3024925","2018-03-22","2018","03","22","","-0.9","","-8.3","","-4.6","","22.6","","0.0","","","M","","M","1.9","","","","11","","39",""
"-114.08","51.76","OLDS AGDM","3024925","2018-03-23","2018","03","23","","4.7","","-9.7","","-2.5","","20.5","","0.0","","","M","","M","0.5","","","","26","","39",""
"-114.08","51.76","OLDS AGDM","3024925","2018-03-24","2018","03","24","","1.1","","-10.2","","-4.6","","22.6","","0.0","","","M","","M","0.0","","","","22","","41",""
"-114.08","51.76","OLDS AGDM","3024925","2018-03-25","2018","03","25","","2.2","","-13.3","","-5.6","","23.6","","0.0","","","M","","M","0.0","","","","","","<31",""
"-114.08","51.76","OLDS AGDM","3024925","2018-03-26","2018","03","26","","5.6","E","","M","","M","","M","","M","","M","","M","","M","","","","","<31",""
"-114.08","51.76","OLDS AGDM","3024925","2018-03-27","2018","03","27","","4.8","","-7.6","","-1.4","","19.4","","0.0","","","M","","M","2.2","","","","36","","46",""
"-114.08","51.76","OLDS AGDM","3024925","2018-03-28","2018","03","28","","0.5","","-5.5","","-2.5","","20.5","","0.0","","","M","","M","5.3","","","","25","","33",""
"-114.08","51.76","OLDS AGDM","3024925","2018-03-29","2018","03","29","","-4.1","","-9.8","","-7.0","","25.0","","0.0","","","M","","M","0.0","","","","15","","35",""
"-114.08","51.76","OLDS AGDM","3024925","2018-03-30","2018","03","30","","-8.7","","-15.6","","-12.2","","30.2","","0.0","","","M","","M","2.3","","","","13","","37",""
"-114.08","51.76","OLDS AGDM","3024925","2018-03-31","2018","03","31","","-12.2","","-24.2","","-18.2","","36.2","","0.0","","","M","","M","0.4","","","","","","<31",""
"-114.08","51.76","OLDS AGDM","3024925","2018-04-01","2018","04","01","","-6.6","","-20.8","","-13.7","","31.7","","0.0","","","M","","M","0.0","","","","","","<31",""
"-114.08","51.76","OLDS AGDM","3024925","2018-04-02","2018","04","02","","-5.1","","-18.3","","-11.7","","29.7","","0.0","","","M","","M","0.0","","","","","","<31",""
"-114.08","51.76","OLDS AGDM","3024925","2018-04-03","2018","04","03","","-9.2","","-19.2","","-14.2","","32.2","","0.0","","","M","","M","0.0","","","","","","<31",""
"-114.08","51.76","OLDS AGDM","3024925","2018-04-04","2018","04","04","","","M","-19.6","E","","M","","M","","M","","M","","M","","M","","","35","","41",""
"-114.08","51.76","OLDS AGDM","3024925","2018-04-05","2018","04","05","","-9.1","","-19.0","","-14.1","","32.1","","0.0","","","M","","M","0.0","","","","","","<31",""
"-114.08","51.76","OLDS AGDM","3024925","2018-04-06","2018","04","06","","-12.0","","-21.4","","-16.7","","34.7","","0.0","","","M","","M","0.0","","","","13","","46",""
"-114.08","51.76","OLDS AGDM","3024925","2018-04-07","2018","04","07","","-9.3","","-16.2","","-12.8","","30.8","","0.0","","","M","","M","1.4","","","","13","","35",""
"-114.08","51.76","OLDS AGDM","3024925","2018-04-08","2018","04","08","","-4.7","","-10.1","","-7.4","","25.4","","0.0","","","M","","M","2.9","","","","","","<31",""
"-114.08","51.76","OLDS AGDM","3024925","2018-04-09","2018","04","09","","4.1","","-9.6","","-2.8","","20.8","","0.0","","","M","","M","0.0","","","","","","<31",""
"-114.08","51.76","OLDS AGDM","3024925","2018-04-10","2018","04","10","","3.7","","-3.9","","-0.1","","18.1","","0.0","","","M","","M","0.0","","","","","","<31",""
"-114.08","51.76","OLDS AGDM","3024925","2018-04-11","2018","04","11","","2.3","","-3.7","","-0.7","","18.7","","0.0","","","M","","M","0.0","","","","31","","33",""
"-114.08","51.76","OLDS AGDM","3024925","2018-04-12","2018","04","12","","-0.8","","-4.2","","-2.5","","20.5","","0.0","","","M","","M","1.0","","","","12","","32",""
"-114.08","51.76","OLDS AGDM","3024925","2018-04-13","2018","04","13","","4.5","","-4.2","","0.2","","17.8","","0.0","","","M","","M","0.5","","","","15","","37",""
"-114.08","51.76","OLDS AGDM","3024925","2018-04-14","2018","04","14","","5.9","","-0.4","","2.8","","15.2","","0.0","","","M","","M","0.0","","","","33","","32",""
"-114.08","51.76","OLDS AGDM","3024925","2018-04-15","2018","04","15","","3.2","","-0.5","","1.4","","16.6","","0.0","","","M","","M","0.0","","","","","","<31",""
"-114.08","51.76","OLDS AGDM","3024925","2018-04-16","2018","04","16","","1.1","","-4.0","","-1.5","","19.5","","0.0","","","M","","M","6.4","","","","33","","35",""
"-114.08","51.76","OLDS AGDM","3024925","2018-04-17","2018","04","17","","3.3","","-3.2","","0.1","","17.9","","0.0","","","M","","M","0.8","","","","","","<31",""
"-114.08","51.76","OLDS AGDM","3024925","2018-04-18","2018","04","18","","4.7","","-4.9","","-0.1","","18.1","","0.0","","","M","","M","0.0","","","","","","<31",""
"-114.08","51.76","OLDS AGDM","3024925","2018-04-19","2018","04","19","","3.4","","-4.9","","-0.8","","18.8","","0.0","","","M","","M","0.0","","","","","","<31",""
"-114.08","51.76","OLDS AGDM","3024925","2018-04-20","2018","04","20","","6.3","","-1.7","","2.3","","15.7","","0.0","","","M","","M","0.0","","","","","","<31",""
"-114.08","51.76","OLDS AGDM","3024925","2018-04-21","2018","04","21","","9.1","","0.9","","5.0","","13.0","","0.0","","","M","","M","2.7","","","","26","","50",""
"-114.08","51.76","OLDS AGDM","3024925","2018-04-22","2018","04","22","","","M","-1.7","E","","M","","M","","M","","M","","M","","M","","","31","","41",""
"-114.08","51.76","OLDS AGDM","3024925","2018-04-23","2018","04","23","","","M","","M","","M","","M","","M","","M","","M","","M","","","","","<31",""
"-114.08","51.76","OLDS AGDM","3024925","2018-04-24","2018","04","24","","","M","1.7","E","","M","","M","","M","","M","","M","","M","","","","","<31",""
"-114.08","51.76","OLDS AGDM","3024925","2018-04-25","2018","04","25","","","M","","M","","M","","M","","M","","M","","M","","M","","","30","","43",""
"-114.08","51.76","OLDS AGDM","3024925","2018-04-26","2018","04","26","","","M","2.5","E","","M","","M","","M","","M","","M","","M","","","32","","33",""
"-114.08","51.76","OLDS AGDM","3024925","2018-04-27","2018","04","27","","","M","","M","","M","","M","","M","","M","","M","","M","","","15","","50",""
"-114.08","51.76","OLDS AGDM","3024925","2018-04-28","2018","04","28","","","M","2.5","E","","M","","M","","M","","M","","M","","M","","","33","","32",""
"-114.08","51.76","OLDS AGDM","3024925","2018-04-29","2018","04","29","","","M","","M","","M","","M","","M","","M","","M","","M","","","33","","52",""
"-114.08","51.76","OLDS AGDM","3024925","2018-04-30","2018","04","30","","","M","1.5","E","","M","","M","","M","","M","","M","","M","","","","","<31",""
"-114.08","51.76","OLDS AGDM","3024925","2018-05-01","2018","05","01","","","M","","M","","M","","M","","M","","M","","M","","M","","","35","","56",""
"-114.08","51.76","OLDS AGDM","3024925","2018-05-02","2018","05","02","","","M","1.4","E","","M","","M","","M","","M","","M","","M","","","35","","46",""
"-114.08","51.76","OLDS AGDM","3024925","2018-05-03","2018","05","03","","","M","","M","","M","","M","","M","","M","","M","","M","","","29","","43",""
"-114.08","51.76","OLDS AGDM","3024925","2018-05-04","2018","05","04","","","M","6.2","E","","M","","M","","M","","M","","M","","M","","","1","","37",""
"-114.08","51.76","OLDS AGDM","3024925","2018-05-05","2018","05","05","","","M","","M","","M","","M","","M","","M","","M","","M","","","","","<31",""
"-114.08","51.76","OLDS AGDM","3024925","2018-05-06","2018","05","06","","","M","5.4","E","","M","","M","","M","","M","","M","","M","","","","","<31",""
"-114.08","51.76","OLDS AGDM","3024925","2018-05-07","2018","05","07","","","M","","M","","M","","M","","M","","M","","M","","M","","","31","","33",""
"-114.08","51.76","OLDS AGDM","3024925","2018-05-08","2018","05","08","","21.7","","10.9","","16.3","","1.7","","0.0","","","M","","M","0.0","","","","33","","44",""
"-114.08","51.76","OLDS AGDM","3024925","2018-05-09","2018","05","09","","12.9","","3.3","","8.1","","9.9","","0.0","","","M","","M","1.2","","","","12","","37",""
"-114.08","51.76","OLDS AGDM","3024925","2018-05-10","2018","05","10","","9.3","","0.8","","5.1","","12.9","","0.0","","","M","","M","4.2","","","","13","","37",""
"-114.08","51.76","OLDS AGDM","3024925","2018-05-11","2018","05","11","","17.5","","3.2","","10.4","","7.6","","0.0","","","M","","M","0.4","","","","35","","39",""
"-114.08","51.76","OLDS AGDM","3024925","2018-05-12","2018","05","12","","22.2","","4.3","","13.3","","4.7","","0.0","","","M","","M","0.0","","","","31","","33",""
"-114.08","51.76","OLDS AGDM","3024925","2018-05-13","2018","05","13","","22.0","","7.8","","14.9","","3.1","","0.0","","","M","","M","0.0","","","","33","","39",""
"-114.08","51.76","OLDS AGDM","3024925","2018-05-14","2018","05","14","","26.2","","6.8","","16.5","","1.5","","0.0","","","M","","M","0.0","","","","","","<31",""
"-114.08","51.76","OLDS AGDM","3024925","2018-05-15","2018","05","15","","28.1","","10.8","","19.5","","0.0","","1.5","","","M","","M","0.0","","","","11","","44",""
"-114.08","51.76","OLDS AGDM","3024925","2018-05-16","2018","05","16","","24.3","","9.9","","17.1","","0.9","","0.0","","","M","","M","0.0","","","","30","","59",""
"-114.08","51.76","OLDS AGDM","3024925","2018-05-17","2018","05","17","","10.5","","6.5","","8.5","","9.5","","0.0","","","M","","M","16.2","","","","33","","37",""
"-114.08","51.76","OLDS AGDM","3024925","2018-05-18","2018","05","18","","14.6","","5.5","","10.1","","7.9","","0.0","","","M","","M","0.0","","","","19","","39",""
"-114.08","51.76","OLDS AGDM","3024925","2018-05-19","2018","05","19","","18.1","","3.6","","10.9","","7.1","","0.0","","","M","","M","0.4","","","","16","","57",""
"-114.08","51.76","OLDS AGDM","3024925","2018-05-20","2018","05","20","","23.8","","2.0","","12.9","","5.1","","0.0","","","","","","0.7","","","","29","","39",""
"-114.08","51.76","OLDS AGDM","3024925","2018-05-21","2018","05","21","","22.0","","8.1","","15.1","","2.9","","0.0","","","","","","0.0","","","","34","","36",""
"-114.08","51.76","OLDS AGDM","3024925","2018-05-22","2018","05","22","","25.4","","8.9","","17.2","","0.8","","0.0","","","M","","M","0.0","","","","","","<31",""
"-114.08","51.76","OLDS AGDM","3024925","2018-05-23","2018","05","23","","26.5","","8.2","","17.4","","0.6","","0.0","","","M","","M","0.0","","","","10","","41",""
"-114.08","51.76","OLDS AGDM","3024925","2018-05-24","2018","05","24","","26.0","","8.9","","17.5","","0.5","","0.0","","","M","","M","","M","","","29","","46",""
"-114.08","51.76","OLDS AGDM","3024925","2018-05-25","2018","05","25","","26.8","","8.7","","17.8","","0.2","","0.0","","","M","","M","0.0","","","","19","","37",""
"-114.08","51.76","OLDS AGDM","3024925","2018-05-26","2018","05","26","","21.8","","10.9","","16.4","","1.6","","0.0","","","M","","M","13.4","","","","33","","65",""
"-114.08","51.76","OLDS AGDM","3024925","2018-05-27","2018","05","27","","23.3","","6.7","","15.0","","3.0","","0.0","","","M","","M","0.0","","","","14","","37",""
"-114.08","51.76","OLDS AGDM","3024925","2018-05-28","2018","05","28","","28.2","","8.3","","18.3","","0.0","","0.3","","","M","","M","0.0","","","","35","","48",""
"-114.08","51.76","OLDS AGDM","3024925","2018-05-29","2018","05","29","","15.1","","6.7","","10.9","","7.1","","0.0","","","M","","M","0.4","","","","33","","54",""
"-114.08","51.76","OLDS AGDM","3024925","2018-05-30","2018","05","30","","","M","6.0","E","","M","","M","","M","","M","","M","","M","","","34","","41",""
"-114.08","51.76","OLDS AGDM","3024925","2018-05-31","2018","05","31","","","M","","M","","M","","M","","M","","M","","M","","M","","","","","<31",""
"-114.08","51.76","OLDS AGDM","3024925","2018-06-01","2018","06","01","","","M","6.5","E","","M","","M","","M","","M","","M","","M","","","","","<31",""
"-114.08","51.76","OLDS AGDM","3024925","2018-06-02","2018","06","02","","","M","","M","","M","","M","","M","","M","","M","","M","","","33","","35",""
"-114.08","51.76","OLDS AGDM","3024925","2018-06-03","2018","06","03","","","M","6.2","E","","M","","M","","M","","M","","M","","M","","","15","","41",""
"-114.08","51.76","OLDS AGDM","3024925","2018-06-04","2018","06","04","","","M","","M","","M","","M","","M","","M","","M","","M","","","","","<31",""
"-114.08","51.76","OLDS AGDM","3024925","2018-06-05","2018","06","05","","18.7","","2.7","","10.7","","7.3","","0.0","","","M","","M","0.0","","","","12","","33",""
"-114.08","51.76","OLDS AGDM","3024925","2018-06-06","2018","06","06","","22.7","","4.6","","13.7","","4.3","","0.0","","","M","","M","0.0","","","","","","<31",""
"-114.08","51.76","OLDS AGDM","3024925","2018-06-07","2018","06","07","","25.7","","7.3","","16.5","","1.5","","0.0","","","M","","M","0.0","","","","","","<31",""
"-114.08","51.76","OLDS AGDM","3024925","2018-06-08","2018","06","08","","26.8","","8.4","","17.6","","0.4","","0.0","","","M","","M","0.0","","","","19","","41",""
"-114.08","51.76","OLDS AGDM","3024925","2018-06-09","2018","06","09","","25.7","","10.1","","17.9","","0.1","","0.0","","","M","","M","0.4","","","","30","","52",""
"-114.08","51.76","OLDS AGDM","3024925","2018-06-10","2018","06","10","","10.7","","4.0","","7.4","","10.6","","0.0","","","M","","M","13.0","","","","30","","57",""
"-114.08","51.76","OLDS AGDM","3024925","2018-06-11","2018","06","11","","17.1","","4.3","","10.7","","7.3","","0.0","","","M","","M","0.0","","","","23","","65",""
"-114.08","51.76","OLDS AGDM","3024925","2018-06-12","2018","06","12","","19.7","","7.6","","13.7","","4.3","","0.0","","","M","","M","0.0","","","","26","","43",""
"-114.08","51.76","OLDS AGDM","3024925","2018-06-13","2018","06","13","","20.9","","7.2","","14.1","","3.9","","0.0","","","M","","M","0.0","","","","30","","32",""
"-114.08","51.76","OLDS AGDM","3024925","2018-06-14","2018","06","14","","12.0","","7.3","","9.7","","8.3","","0.0","","","M","","M","16.0","","","","25","","32",""
"-114.08","51.76","OLDS AGDM","3024925","2018-06-15","2018","06","15","","18.3","","4.9","","11.6","","6.4","","0.0","","","M","","M","12.4","","","","","","<31",""
"-114.08","51.76","OLDS AGDM","3024925","2018-06-16","2018","06","16","","18.2","","8.5","","13.4","","4.6","","0.0","","","M","","M","5.6","","","","32","","37",""
"-114.08","51.76","OLDS AGDM","3024925","2018-06-17","2018","06","17","","20.8","","6.2","","13.5","","4.5","","0.0","","","M","","M","0.0","","","","12","","32",""
"-114.08","51.76","OLDS AGDM","3024925","2018-06-18","2018","06","18","","22.3","","5.6","","14.0","","4.0","","0.0","","","M","","M","0.0","","","","14","","32",""
"-114.08","51.76","OLDS AGDM","3024925","2018-06-19","2018","06","19","","23.7","","9.7","","16.7","","1.3","","0.0","","","","","","0.0","","","","","","",""
"-114.08","51.76","OLDS AGDM","3024925","2018-06-20","2018","06","20","","25.8","","8.7","","17.3","","0.7","","0.0","","","M","","M","0.0","","","","13","","35",""
"-114.08","51.76","OLDS AGDM","3024925","2018-06-21","2018","06","21","","25.8","","9.2","","17.5","","0.5","","0.0","","","M","","M","0.0","","","","30","","41",""
"-114.08","51.76","OLDS AGDM","3024925","2018-06-22","2018","06","22","","22.5","","10.4","","16.5","","1.5","","0.0","","","M","","M","0.0","","","","31","","37",""
"-114.08","51.76","OLDS AGDM","3024925","2018-06-23","2018","06","23","","20.6","","12.7","","16.7","","1.3","","0.0","","","M","","M","37.2","","","","29","","43",""
"-114.08","51.76","OLDS AGDM","3024925","2018-06-24","2018","06","24","","24.0","","11.0","","17.5","","0.5","","0.0","","","M","","M","0.0","","","","12","","32",""
"-114.08","51.76","OLDS AGDM","3024925","2018-06-25","2018","06","25","","25.3","","10.1","","17.7","","0.3","","0.0","","","M","","M","0.0","","","","21","","61",""
"-114.08","51.76","OLDS AGDM","3024925","2018-06-26","2018","06","26","","19.5","","6.2","","12.9","","5.1","","0.0","","","M","","M","0.0","","","","26","","46",""
"-114.08","51.76","OLDS AGDM","3024925","2018-06-27","2018","06","27","","22.6","","4.3","","13.5","","4.5","","0.0","","","M","","M","0.0","","","","","","<31",""
"-114.08","51.76","OLDS AGDM","3024925","2018-06-28","2018","06","28","","18.1","","8.0","","13.1","","4.9","","0.0","","","M","","M","0.0","","","","","","<31",""
"-114.08","51.76","OLDS AGDM","3024925","2018-06-29","2018","06","29","","19.5","","7.0","","13.3","","4.7","","0.0","","","M","","M","0.0","","","","30","","44",""
"-114.08","51.76","OLDS AGDM","3024925","2018-06-30","2018","06","30","","19.9","","6.2","","13.1","","4.9","","0.0","","","M","","M","0.5","","","","22","","54",""
"-114.08","51.76","OLDS AGDM","3024925","2018-07-01","2018","07","01","","18.0","","8.4","","13.2","","4.8","","0.0","","","M","","M","6.0","","","","34","","44",""
"-114.08","51.76","OLDS AGDM","3024925","2018-07-02","2018","07","02","","15.6","","4.9","","10.3","","7.7","","0.0","","","M","","M","4.2","","","","30","","39",""
"-114.08","51.76","OLDS AGDM","3024925","2018-07-03","2018","07","03","","14.7","","6.8","","10.8","","7.2","","0.0","","","M","","M","2.0","","","","31","","41",""
"-114.08","51.76","OLDS AGDM","3024925","2018-07-04","2018","07","04","","18.5","","9.6","","14.1","","3.9","","0.0","","","M","","M","6.9","","","","","","<31",""
"-114.08","51.76","OLDS AGDM","3024925","2018-07-05","2018","07","05","","23.8","","5.9","","14.9","","3.1","","0.0","","","M","","M","0.0","","","","17","","44",""
"-114.08","51.76","OLDS AGDM","3024925","2018-07-06","2018","07","06","","27.0","","10.9","","19.0","","0.0","","1.0","","","M","","M","0.0","","","","33","","48",""
"-114.08","51.76","OLDS AGDM","3024925","2018-07-07","2018","07","07","","23.8","","9.3","","16.6","","1.4","","0.0","","","M","","M","0.0","","","","27","","43",""
"-114.08","51.76","OLDS AGDM","3024925","2018-07-08","2018","07","08","","21.9","","6.5","","14.2","","3.8","","0.0","","","M","","M","0.4","","","","10","","35",""
"-114.08","51.76","OLDS AGDM","3024925","2018-07-09","2018","07","09","","25.2","","8.0","","16.6","","1.4","","0.0","","","M","","M","0.0","","","","","","<31",""
"-114.08","51.76","OLDS AGDM","3024925","2018-07-10","2018","07","10","","19.3","","9.6","","14.5","","3.5","","0.0","","","M","","M","7.0","","","","28","","52",""
"-114.08","51.76","OLDS AGDM","3024925","2018-07-11","2018","07","11","","23.7","","11.4","","17.6","","0.4","","0.0","","","M","","M","0.0","","","","31","","41",""
"-114.08","51.76","OLDS AGDM","3024925","2018-07-12","2018","07","12","","24.0","","10.3","","17.2","","0.8","","0.0","","","M","","M","0.0","","","","","","<31",""
"-114.08","51.76","OLDS AGDM","3024925","2018-07-13","2018","07","13","","26.3","","10.3","","18.3","","0.0","","0.3","","","M","","M","0.0","","","","30","","69",""
"-114.08","51.76","OLDS AGDM","3024925","2018-07-14","2018","07","14","","18.9","","7.9","","13.4","","4.6","","0.0","","","M","","M","5.8","","","","30","","54",""
"-114.08","51.76","OLDS AGDM","3024925","2018-07-15","2018","07","15","","24.2","","6.8","","15.5","","2.5","","0.0","","","M","","M","0.0","","","","","","<31",""
"-114.08","51.76","OLDS AGDM","3024925","2018-07-16","2018","07","16","","28.8","","7.0","","17.9","","0.1","","0.0","","","","","","0.0","","","","","","",""
"-114.08","51.76","OLDS AGDM","3024925","2018-07-17","2018","07","17","","29.1","","12.2","","20.6","","0.0","","2.6","","","","","","0.0","","","","","","",""
"-114.08","51.76","OLDS AGDM","3024925","2018-07-18","2018","07","18","","24.5","","12.2","","18.4","","0.0","","0.4","","","","","","1.2","","","","34","","50",""
"-114.08","51.76","OLDS AGDM","3024925","2018-07-19","2018","07","19","","24.5","","10.9","","17.7","","0.3","","0.0","","","","","","6.3","","","","29","","43",""
"-114.08","51.76","OLDS AGDM","3024925","2018-07-20","2018","07","20","","21.7","","9.5","","15.6","","2.4","","0.0","","","","","","0.0","","","","32","","45",""
"-114.08","51.76","OLDS AGDM","3024925","2018-07-21","2018","07","21","","21.6","","6.6","","14.1","","3.9","","0.0","","","","","","0.0","","","","31","","63",""
"-114.08","51.76","OLDS AGDM","3024925","2018-07-22","2018","07","22","","20.5","","9.9","","15.2","","2.8","","0.0","","","","","","0.4","","","","32","","54",""
"-114.08","51.76","OLDS AGDM","3024925","2018-07-23","2018","07","23","","19.0","","10.8","","14.9","","3.1","","0.0","","","","","","3.4","","","","29","","33",""
"-114.08","51.76","OLDS AGDM","3024925","2018-07-24","2018","07","24","","16.1","","8.8","","12.4","","5.6","","0.0","","","","","","0.0","","","","","","",""
"-114.08","51.76","OLDS AGDM","3024925","2018-07-25","2018","07","25","","21.4","","6.3","","13.9","","4.1","","0.0","","","","","","0.4","","","","","","",""
"-114.08","51.76","OLDS AGDM","3024925","2018-07-26","2018","07","26","","24.4","","8.3","","16.3","","1.7","","0.0","","","","","","0.0","","","","26","","31",""
"-114.08","51.76","OLDS AGDM","3024925","2018-07-27","2018","07","27","","23.3","","8.4","","15.8","","2.2","","0.0","","","","","","0.0","","","","","","",""
"-114.08","51.76","OLDS AGDM","3024925","2018-07-28","2018","07","28","","25.8","","9.9","","17.9","","0.1","","0.0","","","","","","0.0","","","","","","",""
"-114.08","51.76","OLDS AGDM","3024925","2018-07-29","2018","07","29","","27.8","","9.3","","18.5","","0.0","","0.5","","","","","","0.0","","","","","","",""
"-114.08","51.76","OLDS AGDM","3024925","2018-07-30","2018","07","30","","31.1","","11.9","","21.5","","0.0","","3.5","","","","","","18.1","","","","28","","93",""
"-114.08","51.76","OLDS AGDM","3024925","2018-07-31","2018","07","31","","23.9","","8.9","","16.4","","1.6","","0.0","","","","","","0.0","","","","33","","61",""
"-114.08","51.76","OLDS AGDM","3024925","2018-08-01","2018","08","01","","26.9","","13.3","","20.1","","0.0","","2.1","","","","","","0.9","","","","25","","61",""
"-114.08","51.76","OLDS AGDM","3024925","2018-08-02","2018","08","02","","22.9","","9.9","","16.4","","1.6","","0.0","","","","","","0.4","","","","29","","53",""
"-114.08","51.76","OLDS AGDM","3024925","2018-08-03","2018","08","03","","23.1","","9.5","","16.3","","1.7","","0.0","","","","","","0.0","","","","32","","35",""
"-114.08","51.76","OLDS AGDM","3024925","2018-08-04","2018","08","04","","","M","","M","","M","","M","","M","","","","","","M","","","","M","","M"
"-114.08","51.76","OLDS AGDM","3024925","2018-08-05","2018","08","05","","24.1","","10.9","","17.5","","0.5","","0.0","","","","","","0.0","","","","","","",""
"-114.08","51.76","OLDS AGDM","3024925","2018-08-06","2018","08","06","","27.8","","10.2","","19.0","","0.0","","1.0","","","","","","0.0","","","","","","",""
"-114.08","51.76","OLDS AGDM","3024925","2018-08-07","2018","08","07","","28.4","","12.2","","20.3","","0.0","","2.3","","","","","","0.0","","","","","","",""
"-114.08","51.76","OLDS AGDM","3024925","2018-08-08","2018","08","08","","29.3","","10.3","","19.8","","0.0","","1.8","","","","","","0.0","","","","14","","36",""
"-114.08","51.76","OLDS AGDM","3024925","2018-08-09","2018","08","09","","34.0","","12.2","","23.1","","0.0","","5.1","","","","","","0.0","","","","","","",""
"-114.08","51.76","OLDS AGDM","3024925","2018-08-10","2018","08","10","","35.8","","15.0","","25.4","","0.0","","7.4","","","","","","0.0","","","","","","",""
"-114.08","51.76","OLDS AGDM","3024925","2018-08-11","2018","08","11","","23.8","","9.7","","16.7","","1.3","","0.0","","","","","","0.4","","","","34","","49",""
"-114.08","51.76","OLDS AGDM","3024925","2018-08-12","2018","08","12","","16.5","","7.3","","11.9","","6.1","","0.0","","","","","","0.0","","","","30","","47",""
"-114.08","51.76","OLDS AGDM","3024925","2018-08-13","2018","08","13","","20.9","","3.5","","12.2","","5.8","","0.0","","","","","","0.0","","","","","","",""
"-114.08","51.76","OLDS AGDM","3024925","2018-08-14","2018","08","14","","29.3","","8.8","","19.0","","0.0","","1.0","","","","","","0.0","","","","","","",""
"-114.08","51.76","OLDS AGDM","3024925","2018-08-15","2018","08","15","","24.9","","10.4","","17.6","","0.4","","0.0","","","","","","0.0","","","","","","",""
"-114.08","51.76","OLDS AGDM","3024925","2018-08-16","2018","08","16","","27.6","","7.7","","17.7","","0.3","","0.0","","","","","","0.0","","","","","","",""
"-114.08","51.76","OLDS AGDM","3024925","2018-08-17","2018","08","17","","27.1","","9.7","","18.4","","0.0","","0.4","","","","","","0.0","","","","","","",""
"-114.08","51.76","OLDS AGDM","3024925","2018-08-18","2018","08","18","","17.5","","7.9","","12.7","","5.3","","0.0","","","","","","0.0","","","","34","","47",""
"-114.08","51.76","OLDS AGDM","3024925","2018-08-19","2018","08","19","","20.3","","4.5","","12.4","","5.6","","0.0","","","","","","0.9","","","","","","",""
"-114.08","51.76","OLDS AGDM","3024925","2018-08-20","2018","08","20","","","M","","M","","M","","M","","M","","","","","","M","","","","M","","M"
"-114.08","51.76","OLDS AGDM","3024925","2018-08-21","2018","08","21","","","M","","M","","M","","M","","M","","","","","","M","","","","M","","M"
"-114.08","51.76","OLDS AGDM","3024925","2018-08-22","2018","08","22","","","M","","M","","M","","M","","M","","","","","","M","","","","M","","M"
"-114.08","51.76","OLDS AGDM","3024925","2018-08-23","2018","08","23","","27.9","","9.4","","18.6","","0.0","","0.6","","","","","","0.0","","","","33","","47",""
"-114.08","51.76","OLDS AGDM","3024925","2018-08-24","2018","08","24","","12.4","","6.1","","9.2","","8.8","","0.0","","","","","","4.8","","","","32","","44",""
"-114.08","51.76","OLDS AGDM","3024925","2018-08-25","2018","08","25","","20.4","","3.2","","11.8","","6.2","","0.0","","","","","","0.0","","","","","","",""
"-114.08","51.76","OLDS AGDM","3024925","2018-08-26","2018","08","26","","19.4","","7.6","","13.5","","4.5","","0.0","","","","","","7.5","","","","33","","42",""
"-114.08","51.76","OLDS AGDM","3024925","2018-08-27","2018","08","27","","12.7","","4.9","","8.8","","9.2","","0.0","","","","","","0.0","","","","33","","49",""
"-114.08","51.76","OLDS AGDM","3024925","2018-08-28","2018","08","28","","19.7","","2.0","","10.8","","7.2","","0.0","","","","","","0.9","","","","","","",""
"-114.08","51.76","OLDS AGDM","3024925","2018-08-29","2018","08","29","","19.5","","8.1","","13.8","","4.2","","0.0","","","","","","0.0","","","","23","","33",""
"-114.08","51.76","OLDS AGDM","3024925","2018-08-30","2018","08","30","","18.7","","5.8","","12.2","","5.8","","0.0","","","","","","8.5","","","","34","","59",""
"-114.08","51.76","OLDS AGDM","3024925","2018-08-31","2018","08","31","","21.1","","2.7","","11.9","","6.1","","0.0","","","","","","0.0","","","","26","","43",""
"-114.08","51.76","OLDS AGDM","3024925","2018-09-01","2018","09","01","","16.3","","5.8","","11.0","","7.0","","0.0","","","","","","0.4","","","","32","","65",""
"-114.08","51.76","OLDS AGDM","3024925","2018-09-02","2018","09","02","","18.8","","3.4","","11.1","","6.9","","0.0","","","","","","0.0","","","","","","",""
"-114.08","51.76","OLDS AGDM","3024925","2018-09-03","2018","09","03","","14.1","","5.3","","9.7","","8.3","","0.0","","","","","","3.1","","","","32","","50",""
"-114.08","51.76","OLDS AGDM","3024925","2018-09-04","2018","09","04","","14.8","","3.9","","9.3","","8.7","","0.0","","","","","","0.0","","","","","","",""
"-114.08","51.76","OLDS AGDM","3024925","2018-09-05","2018","09","05","","21.0","","0.2","","10.6","","7.4","","0.0","","","","","","0.0","","","","18","","31",""
"-114.08","51.76","OLDS AGDM","3024925","2018-09-06","2018","09","06","","23.2","","4.0","","13.6","","4.4","","0.0","","","","","","0.0","","","","","","",""
"-114.08","51.76","OLDS AGDM","3024925","2018-09-07","2018","09","07","","27.5","","5.0","","16.2","","1.8","","0.0","","","","","","0.0","","","","","","",""
"-114.08","51.76","OLDS AGDM","3024925","2018-09-08","2018","09","08","","20.5","","9.0","","14.7","","3.3","","0.0","","","","","","0.0","","","","33","","56",""
"-114.08","51.76","OLDS AGDM","3024925","2018-09-09","2018","09","09","","13.8","","6.7","","10.3","","7.7","","0.0","","","","","","0.0","","","","","","",""
"-114.08","51.76","OLDS AGDM","3024925","2018-09-10","2018","09","10","","12.9","","5.3","","9.1","","8.9","","0.0","","","","","","0.0","","","","","","",""
"-114.08","51.76","OLDS AGDM","3024925","2018-09-11","2018","09","11","","18.3","","4.9","","11.6","","6.4","","0.0","","","","","","4.4","","","","26","","46",""
"-114.08","51.76","OLDS AGDM","3024925","2018-09-12","2018","09","12","","7.2","","-1.4","","2.9","","15.1","","0.0","","","","","","0.0","","","","32","","47",""
"-114.08","51.76","OLDS AGDM","3024925","2018-09-13","2018","09","13","","0.6","","-4.0","","-1.7","","19.7","","0.0","","","","","","0.9","","","","","","",""
"-114.08","51.76","OLDS AGDM","3024925","2018-09-14","2018","09","14","","2.7","","-4.3","","-0.8","","18.8","","0.0","","","","","","0.0","","","","","","",""
"-114.08","51.76","OLDS AGDM","3024925","2018-09-15","2018","09","15","","3.7","","1.0","","2.4","","15.6","","0.0","","","","","","0.5","","","","","","",""
"-114.08","51.76","OLDS AGDM","3024925","2018-09-16","2018","09","16","","3.8","","0.2","","2.0","","16.0","","0.0","","","","","","3.2","","","","","","",""
"-114.08","51.76","OLDS AGDM","3024925","2018-09-17","2018","09","17","","8.9","","0.5","","4.7","","13.3","","0.0","","","","","","1.6","","","","","","",""
"-114.08","51.76","OLDS AGDM","3024925","2018-09-18","2018","09","18","","5.6","","2.6","","4.1","","13.9","","0.0","","","","","","0.4","","","","","","",""
"-114.08","51.76","OLDS AGDM","3024925","2018-09-19","2018","09","19","","10.4","","1.8","","6.1","","11.9","","0.0","","","","","","1.0","","","","","","",""
"-114.08","51.76","OLDS AGDM","3024925","2018-09-20","2018","09","20","","7.7","","-1.2","","3.2","","14.8","","0.0","","","","","","1.0","","","","","","",""
"-114.08","51.76","OLDS AGDM","3024925","2018-09-21","2018","09","21","","3.5","","-1.2","","1.2","","16.8","","0.0","","","","","","8.7","","","","","","",""
"-114.08","51.76","OLDS AGDM","3024925","2018-09-22","2018","09","22","","0.1","","-2.1","","-1.0","","19.0","","0.0","","","","","","3.5","","","","","","",""
"-114.08","51.76","OLDS AGDM","3024925","2018-09-23","2018","09","23","","4.8","","-0.9","","2.0","","16.0","","0.0","","","","","","0.4","","","","","","",""
"-114.08","51.76","OLDS AGDM","3024925","2018-09-24","2018","09","24","","","M","","M","","M","","M","","M","","","","","","M","","","","M","","M"
"-114.08","51.76","OLDS AGDM","3024925","2018-09-25","2018","09","25","","16.6","","2.2","","9.4","","8.6","","0.0","","","","","","0.0","","","","","","",""
"-114.08","51.76","OLDS AGDM","3024925","2018-09-26","2018","09","26","","12.9","","5.1","","9.0","","9.0","","0.0","","","","","","","M","","","34","","40",""
"-114.08","51.76","OLDS AGDM","3024925","2018-09-27","2018","09","27","","5.9","","-0.2","","2.8","","15.2","","0.0","","","","","","10.1","","","","","","",""
"-114.08","51.76","OLDS AGDM","3024925","2018-09-28","2018","09","28","","7.2","","-2.5","","2.4","","15.6","","0.0","","","","","","0.4","","","","","","",""
"-114.08","51.76","OLDS AGDM","3024925","2018-09-29","2018","09","29","","3.3","","-3.3","","0.0","","18.0","","0.0","","","","","","0.5","","","","35","","32",""
"-114.08","51.76","OLDS AGDM","3024925","2018-09-30","2018","09","30","","0.4","","-5.4","","-2.5","","20.5","","0.0","","","","","","0.0","","","","14","","46",""
"-114.08","51.76","OLDS AGDM","3024925","2018-10-01","2018","10","01","","0.1","","-2.4","","-1.1","","19.1","","0.0","","","","","","5.3","","","","","","",""
"-114.08","51.76","OLDS AGDM","3024925","2018-10-02","2018","10","02","","-1.4","","-3.2","","-2.3","","20.3","","0.0","","","","","","4.5","","","","","","",""
"-114.08","51.76","OLDS AGDM","3024925","2018-10-03","2018","10","03","","3.0","","-6.8","","-1.9","","19.9","","0.0","","","","","","0.5","","","","","","",""
"-114.08","51.76","OLDS AGDM","3024925","2018-10-04","2018","10","04","","2.8","","-5.1","","-1.2","","19.2","","0.0","","","","","","0.0","","","","15","","31",""
"-114.08","51.76","OLDS AGDM","3024925","2018-10-05","2018","10","05","","8.3","","-4.9","","1.7","","16.3","","0.0","","","","","","0.4","","","","","","",""
"-114.08","51.76","OLDS AGDM","3024925","2018-10-06","2018","10","06","","11.1","","-4.5","","3.3","","14.7","","0.0","","","","","","0.0","","","","","","",""
"-114.08","51.76","OLDS AGDM","3024925","2018-10-07","2018","10","07","","12.1","","-1.5","","5.3","","12.7","","0.0","","","","","","0.0","","","","","","",""
"-114.08","51.76","OLDS AGDM","3024925","2018-10-08","2018","10","08","","0.6","","-3.4","","-1.4","","19.4","","0.0","","","","","","0.0","","","","34","","35",""
"-114.08","51.76","OLDS AGDM","3024925","2018-10-09","2018","10","09","","-2.8","","-4.8","","-3.8","","21.8","","0.0","","","","","","3.9","","","","","","",""
"-114.08","51.76","OLDS AGDM","3024925","2018-10-10","2018","10","10","","-0.4","","-3.8","","-2.1","","20.1","","0.0","","","","","","0.0","","","","14","","32",""
"-114.08","51.76","OLDS AGDM","3024925","2018-10-11","2018","10","11","","5.8","","-6.4","","-0.3","","18.3","","0.0","","","","","","0.6","","","","","","",""
"-114.08","51.76","OLDS AGDM","3024925","2018-10-12","2018","10","12","","15.1","","-1.2","","7.0","","11.0","","0.0","","","","","","0.5","","","","32","","76",""
"-114.08","51.76","OLDS AGDM","3024925","2018-10-13","2018","10","13","","0.3","","-3.4","","-1.6","","19.6","","0.0","","","","","","0.4","","","","35","","41",""
"-114.08","51.76","OLDS AGDM","3024925","2018-10-14","2018","10","14","","12.1","","-5.8","","3.2","","14.8","","0.0","","","","","","0.0","","","","","","",""
"-114.08","51.76","OLDS AGDM","3024925","2018-10-15","2018","10","15","","17.8","","3.4","","10.6","","7.4","","0.0","","","","","","0.0","","","","28","","54",""
"-114.08","51.76","OLDS AGDM","3024925","2018-10-16","2018","10","16","","18.0","","1.0","","9.5","","8.5","","0.0","","","","","","0.0","","","","30","","37",""
"-114.08","51.76","OLDS AGDM","3024925","2018-10-17","2018","10","17","","23.4","","4.0","","13.7","","4.3","","0.0","","","","","","0.0","","","","","","",""
"-114.08","51.76","OLDS AGDM","3024925","2018-10-18","2018","10","18","","16.1","","2.7","","9.4","","8.6","","0.0","","","","","","0.0","","","","","","",""
"-114.08","51.76","OLDS AGDM","3024925","2018-10-19","2018","10","19","","14.5","","-0.7","","6.9","","11.1","","0.0","","","","","","0.0","","","","","","",""
"-114.08","51.76","OLDS AGDM","3024925","2018-10-20","2018","10","20","","16.1","","-1.2","","7.5","","10.5","","0.0","","","","","","0.0","","","","35","","35",""
"-114.08","51.76","OLDS AGDM","3024925","2018-10-21","2018","10","21","","12.4","","-2.7","","4.8","","13.2","","0.0","","","","","","0.0","","","","","","",""
"-114.08","51.76","OLDS AGDM","3024925","2018-10-22","2018","10","22","","","M","","M","","M","","M","","M","","","","","","M","","","","M","","M"
"-114.08","51.76","OLDS AGDM","3024925","2018-10-23","2018","10","23","","13.9","","-5.1","","4.4","","13.6","","0.0","","","","","","0.0","","","","","","",""
"-114.08","51.76","OLDS AGDM","3024925","2018-10-24","2018","10","24","","17.6","","0.5","","9.1","","8.9","","0.0","","","","","","0.0","","","","25","","49",""
"-114.08","51.76","OLDS AGDM","3024925","2018-10-25","2018","10","25","","16.2","","1.2","","8.7","","9.3","","0.0","","","","","","0.4","","","","","","",""
"-114.08","51.76","OLDS AGDM","3024925","2018-10-26","2018","10","26","","15.4","","-3.0","","6.2","","11.8","","0.0","","","","","","0.9","","","","28","","53",""
"-114.08","51.76","OLDS AGDM","3024925","2018-10-27","2018","10","27","","11.6","","-0.6","","5.5","","12.5","","0.0","","","","","","0.0","","","","30","","50",""
"-114.08","51.76","OLDS AGDM","3024925","2018-10-28","2018","10","28","","10.7","","-4.6","","3.1","","14.9","","0.0","","","","","","0.0","","","","13","","40",""
"-114.08","51.76","OLDS AGDM","3024925","2018-10-29","2018","10","29","","10.3","","-2.2","","4.0","","14.0","","0.0","","","","","","0.0","","","","","","",""
"-114.08","51.76","OLDS AGDM","3024925","2018-10-30","2018","10","30","","9.4","","-1.1","","4.2","","13.8","","0.0","","","","","","0.0","","","","","","",""
"-114.08","51.76","OLDS AGDM","3024925","2018-10-31","2018","10","31","","9.3","","-2.8","","3.2","","14.8","","0.0","","","","","","0.5","","","","34","","48",""
"-114.08","51.76","OLDS AGDM","3024925","2018-11-01","2018","11","01","","3.2","","-0.2","","1.5","","16.5","","0.0","","","","","","0.4","","","","32","","50",""
"-114.08","51.76","OLDS AGDM","3024925","2018-11-02","2018","11","02","","1.1","","-2.5","","-0.7","","18.7","","0.0","","","","","","0.9","","","","13","","40",""
"-114.08","51.76","OLDS AGDM","3024925","2018-11-03","2018","11","03","","12.6","","-4.2","","4.2","","13.8","","0.0","","","","","","0.0","","","","","","",""
"-114.08","51.76","OLDS AGDM","3024925","2018-11-04","2018","11","04","","8.0","","-4.6","","1.7","","16.3","","0.0","","","","","","0.5","","","","34","","54",""
"-114.08","51.76","OLDS AGDM","3024925","2018-11-05","2018","11","05","","-4.4","","-9.0","","-6.7","","24.7","","0.0","","","","","","0.4","","","","32","","50",""
"-114.08","51.76","OLDS AGDM","3024925","2018-11-06","2018","11","06","","-7.1","","-11.6","","-9.3","","27.3","","0.0","","","","","","1.0","","","","","","",""
"-114.08","51.76","OLDS AGDM","3024925","2018-11-07","2018","11","07","","-6.0","","-14.4","","-10.2","","28.2","","0.0","","","","","","0.0","","","","","","",""
"-114.08","51.76","OLDS AGDM","3024925","2018-11-08","2018","11","08","","-3.0","","-13.9","","-8.5","","26.5","","0.0","","","","","","0.0","","","","","","",""
"-114.08","51.76","OLDS AGDM","3024925","2018-11-09","2018","11","09","","5.0","","-12.1","","-3.5","","21.5","","0.0","","","","","","0.4","","","","31","","50",""
"-114.08","51.76","OLDS AGDM","3024925","2018-11-10","2018","11","10","","2.1","","-2.1","","0.0","","18.0","","0.0","","","","","","0.0","","","","32","","57",""
"-114.08","51.76","OLDS AGDM","3024925","2018-11-11","2018","11","11","","-1.3","","-10.3","","-5.8","","23.8","","0.0","","","","","","2.1","","","","36","","33",""
"-114.08","51.76","OLDS AGDM","3024925","2018-11-12","2018","11","12","","5.8","","-13.0","","-3.6","","21.6","","0.0","","","","","","0.0","","","","","","",""
"-114.08","51.76","OLDS AGDM","3024925","2018-11-13","2018","11","13","","11.9","","-0.2","","5.8","","12.2","","0.0","","","","","","0.0","","","","22","","36",""
"-114.08","51.76","OLDS AGDM","3024925","2018-11-14","2018","11","14","","9.4","","2.7","","6.0","","12.0","","0.0","","","","","","0.0","","","","33","","35",""
"-114.08","51.76","OLDS AGDM","3024925","2018-11-15","2018","11","15","","8.2","","-1.7","","3.3","","14.7","","0.0","","","","","","0.0","","","","","","",""
"-114.08","51.76","OLDS AGDM","3024925","2018-11-16","2018","11","16","","0.8","","-18.2","","-8.7","","26.7","","0.0","","","","","","3.0","","","","33","","69",""
"-114.08","51.76","OLDS AGDM","3024925","2018-11-17","2018","11","17","","-3.0","","-19.8","","-11.4","","29.4","","0.0","","","","","","0.0","","","","","","",""
"-114.08","51.76","OLDS AGDM","3024925","2018-11-18","2018","11","18","","3.7","","-4.0","","-0.2","","18.2","","0.0","","","","","","1.4","","","","32","","42",""
"-114.08","51.76","OLDS AGDM","3024925","2018-11-19","2018","11","19","","10.3","","-1.1","","4.6","","13.4","","0.0","","","","","","0.0","","","","","","",""
"-114.08","51.76","OLDS AGDM","3024925","2018-11-20","2018","11","20","","13.8","","-0.8","","6.5","","11.5","","0.0","","","","","","0.0","","","","","","",""
"-114.08","51.76","OLDS AGDM","3024925","2018-11-21","2018","11","21","","9.8","","1.9","","5.9","","12.1","","0.0","","","","","","0.0","","","","22","","53",""
"-114.08","51.76","OLDS AGDM","3024925","2018-11-22","2018","11","22","","11.0","","-3.5","","3.8","","14.2","","0.0","","","","","","0.0","","","","23","","32",""
"-114.08","51.76","OLDS AGDM","3024925","2018-11-23","2018","11","23","","-1.4","","-5.0","","-3.2","","21.2","","0.0","","","","","","4.5","","","","","","",""
"-114.08","51.76","OLDS AGDM","3024925","2018-11-24","2018","11","24","","-5.0","","-11.8","","-8.4","","26.4","","0.0","","","","","","1.1","","","","","","",""
"-114.08","51.76","OLDS AGDM","3024925","2018-11-25","2018","11","25","","1.1","","-11.3","","-5.1","","23.1","","0.0","","","","","","0.0","","","","","","",""
"-114.08","51.76","OLDS AGDM","3024925","2018-11-26","2018","11","26","","6.3","","-11.7","","-2.7","","20.7","","0.0","","","","","","0.0","","","","22","","34",""
"-114.08","51.76","OLDS AGDM","3024925","2018-11-27","2018","11","27","","6.8","","-0.5","","3.1","","14.9","","0.0","","","","","","0.0","","","","","","",""
"-114.08","51.76","OLDS AGDM","3024925","2018-11-28","2018","11","28","","8.4","","-2.6","","2.9","","15.1","","0.0","","","","","","0.0","","","","","","",""
"-114.08","51.76","OLDS AGDM","3024925","2018-11-29","2018","11","29","","6.3","","-5.8","","0.3","","17.7","","0.0","","","","","","0.0","","","","","","",""
"-114.08","51.76","OLDS AGDM","3024925","2018-11-30","2018","11","30","","-1.0","","-7.8","","-4.4","","22.4","","0.0","","","","","","0.0","","","","","","",""
"-114.08","51.76","OLDS AGDM","3024925","2018-12-01","2018","12","01","","-2.7","","-6.9","","-4.8","","22.8","","0.0","","","","","","2.9","","","","33","","32",""
"-114.08","51.76","OLDS AGDM","3024925","2018-12-02","2018","12","02","","-3.8","","-7.9","","-5.9","","23.9","","0.0","","","","","","5.4","","","","33","","36",""
"-114.08","51.76","OLDS AGDM","3024925","2018-12-03","2018","12","03","","-4.5","","-9.6","","-7.0","","25.0","","0.0","","","","","","0.0","","","","","","",""
"-114.08","51.76","OLDS AGDM","3024925","2018-12-04","2018","12","04","","-1.0","","-12.2","","-6.6","","24.6","","0.0","","","","","","0.4","","","","30","","70",""
"-114.08","51.76","OLDS AGDM","3024925","2018-12-05","2018","12","05","","-4.3","","-15.9","","-10.1","","28.1","","0.0","","","","","","0.0","","","","30","","64",""
"-114.08","51.76","OLDS AGDM","3024925","2018-12-06","2018","12","06","","-7.6","","-17.5","","-12.6","","30.6","","0.0","","","","","","0.0","","","","","","",""
"-114.08","51.76","OLDS AGDM","3024925","2018-12-07","2018","12","07","","-1.0","","-12.5","","-6.7","","24.7","","0.0","","","","","","0.0","","","","","","",""
"-114.08","51.76","OLDS AGDM","3024925","2018-12-08","2018","12","08","","0.6","","-9.7","","-4.6","","22.6","","0.0","","","","","","0.0","","","","","","",""
"-114.08","51.76","OLDS AGDM","3024925","2018-12-09","2018","12","09","","","M","","M","","M","","M","","M","","","","","","M","","","","M","","M"
"-114.08","51.76","OLDS AGDM","3024925","2018-12-10","2018","12","10","","","M","","M","","M","","M","","M","","","","","","M","","","","M","","M"
"-114.08","51.76","OLDS AGDM","3024925","2018-12-11","2018","12","11","","","M","","M","","M","","M","","M","","","","","","M","","","","M","","M"
"-114.08","51.76","OLDS AGDM","3024925","2018-12-12","2018","12","12","","","M","","M","","M","","M","","M","","","","","","M","","","","M","","M"
"-114.08","51.76","OLDS AGDM","3024925","2018-12-13","2018","12","13","","","M","","M","","M","","M","","M","","","","","","M","","","","M","","M"
"-114.08","51.76","OLDS AGDM","3024925","2018-12-14","2018","12","14","","","M","","M","","M","","M","","M","","","","","","M","","","","M","","M"
"-114.08","51.76","OLDS AGDM","3024925","2018-12-15","2018","12","15","","","M","","M","","M","","M","","M","","","","","","M","","","","M","","M"
"-114.08","51.76","OLDS AGDM","3024925","2018-12-16","2018","12","16","","3.9","","-10.1","","-3.1","","21.1","","0.0","","","","","","0.0","","","","13","","34",""
"-114.08","51.76","OLDS AGDM","3024925","2018-12-17","2018","12","17","","8.2","","-3.4","","2.4","","15.6","","0.0","","","","","","0.0","","","","22","","40",""
"-114.08","51.76","OLDS AGDM","3024925","2018-12-18","2018","12","18","","4.7","","-3.8","","0.4","","17.6","","0.0","","","","","","0.0","","","","23","","53",""
"-114.08","51.76","OLDS AGDM","3024925","2018-12-19","2018","12","19","","4.9","","-4.5","","0.2","","17.8","","0.0","","","","","","0.0","","","","","","",""
"-114.08","51.76","OLDS AGDM","3024925","2018-12-20","2018","12","20","","5.8","","-4.8","","0.5","","17.5","","0.0","","","","","","0.0","","","","24","","69",""
"-114.08","51.76","OLDS AGDM","3024925","2018-12-21","2018","12","21","","3.0","","-4.6","","-0.8","","18.8","","0.0","","","","","","0.0","","","","32","","59",""
"-114.08","51.76","OLDS AGDM","3024925","2018-12-22","2018","12","22","","-2.3","","-13.2","","-7.7","","25.7","","0.0","","","","","","0.4","","","","","","",""
"-114.08","51.76","OLDS AGDM","3024925","2018-12-23","2018","12","23","","-6.5","","-13.8","","-10.1","","28.1","","0.0","","","","","","0.0","","","","","","",""
"-114.08","51.76","OLDS AGDM","3024925","2018-12-24","2018","12","24","","-8.3","","-15.5","","-11.9","","29.9","","0.0","","","","","","0.0","","","","","","",""
"-114.08","51.76","OLDS AGDM","3024925","2018-12-25","2018","12","25","","-3.2","","-9.8","","-6.5","","24.5","","0.0","","","","","","0.9","","","","","","",""
"-114.08","51.76","OLDS AGDM","3024925","2018-12-26","2018","12","26","","-5.1","","-9.6","","-7.4","","25.4","","0.0","","","","","","0.4","","","","","","",""
"-114.08","51.76","OLDS AGDM","3024925","2018-12-27","2018","12","27","","-4.6","","-9.8","","-7.2","","25.2","","0.0","","","","","","0.0","","","","","","",""
"-114.08","51.76","OLDS AGDM","3024925","2018-12-28","2018","12","28","","-1.1","","-11.4","","-6.2","","24.2","","0.0","","","","","","0.0","","","","","","",""
"-114.08","51.76","OLDS AGDM","3024925","2018-12-29","2018","12","29","","2.7","","-6.4","","-1.9","","19.9","","0.0","","","","","","0.0","","","","33","","31",""
"-114.08","51.76","OLDS AGDM","3024925","2018-12-30","2018","12","30","","0.2","","-14.7","","-7.2","","25.2","","0.0","","","","","","0.4","","","","33","","68",""
"-114.08","51.76","OLDS AGDM","3024925","2018-12-31","2018","12","31","","-8.7","","-16.5","","-12.6","","30.6","","0.0","","","","","","0.0","","","","","","",""
