"Longitude (x)","Latitude (y)","Station Name","Climate ID","Date/Time (LST)","Year","Month","Day","Time (LST)","Temp (°C)","Temp Flag","Dew Point Temp (°C)","Dew Point Temp Flag","Rel Hum (%)","Rel Hum Flag","Precip. Amount (mm)","Precip. Amount Flag","Wind Dir (10s deg)","Wind Dir Flag","Wind Spd (km/h)","Wind Spd Flag","Visibility (km)","Visibility Flag","Stn Press (kPa)","Stn Press Flag","Hmdx","Hmdx Flag","Wind Chill","Wind Chill Flag","Weather"
"-63.42","44.61","OSBORNE HEAD DND","8204190","2018-07-01 00:00","2018","07","01","00:00","13.2","","13.0","","99","","0.0","","22","","11","","","","101.18","","","","","","NA"
"-63.42","44.61","OSBORNE HEAD DND","8204190","2018-07-01 01:00","2018","07","01","01:00","12.9","","12.8","","99","","0.0","","13","","15","","","","101.20","","","","","","NA"
"-63.42","44.61","OSBORNE HEAD DND","8204190","2018-07-01 02:00","2018","07","01","02:00","12.7","","12.5","","99","","0.0","","15","","10","","","","101.20","","","","","","NA"
"-63.42","44.61","OSBORNE HEAD DND","8204190","2018-07-01 03:00","2018","07","01","03:00","12.1","","12.1","","100","","0.0","","17","","8","","","","101.14","","","","","","NA"
"-63.42","44.61","OSBORNE HEAD DND","8204190","2018-07-01 04:00","2018","07","01","04:00","12.4","","12.4","","100","","0.0","","17","","9","","","","101.15","","","","","","NA"
"-63.42","44.61","OSBORNE HEAD DND","8204190","2018-07-01 05:00","2018","07","01","05:00","12.1","","12.1","","100","","0.0","","19","","9","","","","101.19","","","","","","NA"
"-63.42","44.61","OSBORNE HEAD DND","8204190","2018-07-01 06:00","2018","07","01","06:00","12.8","","12.6","","99","","0.0","","18","","6","","","","101.21","","","","","","NA"
"-63.42","44.61","OSBORNE HEAD DND","8204190","2018-07-01 07:00","2018","07","01","07:00","12.5","","12.3","","99","","0.0","","17","","10","","","","101.23","","","","","","NA"
"-63.42","44.61","OSBORNE HEAD DND","8204190","2018-07-01 08:00","2018","07","01","08:00","13.1","","12.5","","97","","0.0","","22","","8","","","","101.26","","","","","","NA"
"-63.42","44.61","OSBORNE HEAD DND","8204190","2018-07-01 09:00","2018","07","01","09:00","13.1","","12.7","","97","","0.0","","18","","5","","","","101.27","","","","","","NA"
"-63.42","44.61","OSBORNE HEAD DND","8204190","2018-07-01 10:00","2018","07","01","10:00","13.2","","13.0","","99","","0.0","","21","","7","","","","101.29","","","","","","NA"
"-63.42","44.61","OSBORNE HEAD DND","8204190","2018-07-01 11:00","2018","07","01","11:00","14.0","","13.2","","95","","0.0","","5","","5","","","","101.36","","","","","","NA"
"-63.42","44.61","OSBORNE HEAD DND","8204190","2018-07-01 12:00","2018","07","01","12:00","14.1","","13.8","","98","","0.0","","18","","4","","","","101.35","","","","","","NA"
"-63.42","44.61","OSBORNE HEAD DND","8204190","2018-07-01 13:00","2018","07","01","13:00","16.6","","14.8","","89","","0.0","","11","","5","","","","101.30","","","","","","NA"
"-63.42","44.61","OSBORNE HEAD DND","8204190","2018-07-01 14:00","2018","07","01","14:00","15.0","","14.4","","96","","0.0","","15","","11","","","","101.32","","","","","","NA"
"-63.42","44.61","OSBORNE HEAD DND","8204190","2018-07-01 15:00","2018","07","01","15:00","14.6","","13.9","","96","","0.0","","16","","11","","","","101.35","","","","","","NA"
"-63.42","44.61","OSBORNE HEAD DND","8204190","2018-07-01 16:00","2018","07","01","16:00","14.8","","13.7","","93","","0.0","","20","","13","","","","101.37","","","","","","NA"
"-63.42","44.61","OSBORNE HEAD DND","8204190","2018-07-01 17:00","2018","07","01","17:00","14.9","","14.2","","96","","0.0","","20","","19","","","","101.33","","","","","","NA"
"-63.42","44.61","OSBORNE HEAD DND","8204190","2018-07-01 18:00","2018","07","01","18:00","15.2","","14.2","","93","","0.0","","23","","8","","","","101.40","","","","","","NA"
"-63.42","44.61","OSBORNE HEAD DND","8204190","2018-07-01 19:00","2018","07","01","19:00","18.3","","15.8","","85","","0.0","","26","","7","","","","101.43","","","","","","NA"
"-63.42","44.61","OSBORNE HEAD DND","8204190","2018-07-01 20:00","2018","07","01","20:00","18.9","","15.4","","80","","0.0","","29","","6","","","","101.46","","","","","","NA"
"-63.42","44.61","OSBORNE HEAD DND","8204190","2018-07-01 21:00","2018","07","01","21:00","17.5","","16.6","","94","","0.0","","28","","3","","","","101.54","","","","","","NA"
"-63.42","44.61","OSBORNE HEAD DND","8204190","2018-07-01 22:00","2018","07","01","22:00","19.3","","16.7","","85","","0.0","","3","","14","","","","101.55","","","","","","NA"
"-63.42","44.61","OSBORNE HEAD DND","8204190","2018-07-01 23:00","2018","07","01","23:00","18.7","","15.5","","82","","0.0","","1","","14","","","","101.64","","","","","","NA"
"-63.42","44.61","OSBORNE HEAD DND","8204190","2018-07-02 00:00","2018","07","02","00:00","17.9","","14.8","","82","","0.0","","2","","12","","","","101.62","","","","","","NA"
"-63.42","44.61","OSBORNE HEAD DND","8204190","2018-07-02 01:00","2018","07","02","01:00","16.3","","14.5","","89","","0.0","","36","","9","","","","101.67","","","","","","NA"
"-63.42","44.61","OSBORNE HEAD DND","8204190","2018-07-02 02:00","2018","07","02","02:00","15.5","","14.2","","92","","0.0","","2","","11","","","","101.71","","","","","","NA"
"-63.42","44.61","OSBORNE HEAD DND","8204190","2018-07-02 03:00","2018","07","02","03:00","14.9","","14.1","","95","","0.0","","2","","12","","","","101.72","","","","","","NA"
"-63.42","44.61","OSBORNE HEAD DND","8204190","2018-07-02 04:00","2018","07","02","04:00","14.3","","13.8","","97","","0.0","","2","","13","","","","101.74","","","","","","NA"
"-63.42","44.61","OSBORNE HEAD DND","8204190","2018-07-02 05:00","2018","07","02","05:00","13.9","","13.6","","98","","0.0","","3","","10","","","","101.77","","","","","","NA"
"-63.42","44.61","OSBORNE HEAD DND","8204190","2018-07-02 06:00","2018","07","02","06:00","15.0","","14.0","","94","","0.0","","5","","7","","","","101.81","","","","","","NA"
"-63.42","44.61","OSBORNE HEAD DND","8204190","2018-07-02 07:00","2018","07","02","07:00","14.0","","13.2","","95","","0.0","","11","","6","","","","101.84","","","","","","NA"
"-63.42","44.61","OSBORNE HEAD DND","8204190","2018-07-02 08:00","2018","07","02","08:00","13.9","","13.5","","97","","0.0","","10","","9","","","","101.89","","","","","","NA"
"-63.42","44.61","OSBORNE HEAD DND","8204190","2018-07-02 09:00","2018","07","02","09:00","13.3","","13.2","","100","","0.0","","11","","21","","","","101.89","","","","","","NA"
"-63.42","44.61","OSBORNE HEAD DND","8204190","2018-07-02 10:00","2018","07","02","10:00","12.7","","12.6","","100","","0.0","","11","","19","","","","101.91","","","","","","NA"
"-63.42","44.61","OSBORNE HEAD DND","8204190","2018-07-02 11:00","2018","07","02","11:00","12.9","","12.9","","100","","0.0","","9","","13","","","","101.94","","","","","","NA"
"-63.42","44.61","OSBORNE HEAD DND","8204190","2018-07-02 12:00","2018","07","02","12:00","13.1","","12.8","","98","","0.0","","10","","13","","","","101.94","","","","","","NA"
"-63.42","44.61","OSBORNE HEAD DND","8204190","2018-07-02 13:00","2018","07","02","13:00","13.0","","12.6","","97","","0.0","","12","","13","","","","101.93","","","","","","NA"
"-63.42","44.61","OSBORNE HEAD DND","8204190","2018-07-02 14:00","2018","07","02","14:00","13.4","","12.7","","96","","0.0","","10","","9","","","","101.94","","","","","","NA"
"-63.42","44.61","OSBORNE HEAD DND","8204190","2018-07-02 15:00","2018","07","02","15:00","13.2","","12.4","","95","","0.0","","11","","11","","","","101.94","","","","","","NA"
"-63.42","44.61","OSBORNE HEAD DND","8204190","2018-07-02 16:00","2018","07","02","16:00","13.4","","12.5","","94","","0.0","","11","","13","","","","101.93","","","","","","NA"
"-63.42","44.61","OSBORNE HEAD DND","8204190","2018-07-02 17:00","2018","07","02","17:00","12.5","","12.4","","99","","0.0","","11","","13","","","","101.87","","","","","","NA"
"-63.42","44.61","OSBORNE HEAD DND","8204190","2018-07-02 18:00","2018","07","02","18:00","12.4","","12.4","","100","","0.0","","12","","10","","","","101.84","","","","","","NA"
"-63.42","44.61","OSBORNE HEAD DND","8204190","2018-07-02 19:00","2018","07","02","19:00","12.5","","12.5","","100","","0.0","","11","","8","","","","101.83","","","","","","NA"
"-63.42","44.61","OSBORNE HEAD DND","8204190","2018-07-02 20:00","2018","07","02","20:00","12.8","","12.8","","100","","0.0","","10","","6","","","","101.83","","","","","","NA"
"-63.42","44.61","OSBORNE HEAD DND","8204190","2018-07-02 21:00","2018","07","02","21:00","13.4","","13.4","","100","","0.0","","17","","8","","","","101.84","","","","","","NA"
"-63.42","44.61","OSBORNE HEAD DND","8204190","2018-07-02 22:00","2018","07","02","22:00","13.7","","13.7","","100","","0.0","","20","","9","","","","101.87","","","","","","NA"
"-63.42","44.61","OSBORNE HEAD DND","8204190","2018-07-02 23:00","2018","07","02","23:00","13.7","","13.7","","100","","0.0","","20","","15","","","","101.89","","","","","","NA"
"-63.42","44.61","OSBORNE HEAD DND","8204190","2018-07-03 00:00","2018","07","03","00:00","13.7","","13.7","","100","","0.0","","22","","17","","","","101.92","","","","","","NA"
"-63.42","44.61","OSBORNE HEAD DND","8204190","2018-07-03 01:00","2018","07","03","01:00","14.2","","14.2","","100","","0.0","","20","","14","","","","101.90","","","","","","NA"
"-63.42","44.61","OSBORNE HEAD DND","8204190","2018-07-03 02:00","2018","07","03","02:00","13.9","","13.9","","100","","0.0","","19","","14","","","","101.87","","","","","","NA"
"-63.42","44.61","OSBORNE HEAD DND","8204190","2018-07-03 03:00","2018","07","03","03:00","13.8","","13.8","","100","","0.0","","21","","16","","","","101.83","","","","","","NA"
"-63.42","44.61","OSBORNE HEAD DND","8204190","2018-07-03 04:00","2018","07","03","04:00","13.7","","13.7","","100","","0.0","","21","","13","","","","101.82","","","","","","NA"
"-63.42","44.61","OSBORNE HEAD DND","8204190","2018-07-03 05:00","2018","07","03","05:00","13.8","","13.7","","100","","0.0","","22","","17","","","","101.82","","","","","","NA"
"-63.42","44.61","OSBORNE HEAD DND","8204190","2018-07-03 06:00","2018","07","03","06:00","13.4","","13.4","","100","","0.0","","21","","19","","","","101.86","","","","","","NA"
"-63.42","44.61","OSBORNE HEAD DND","8204190","2018-07-03 07:00","2018","07","03","07:00","13.6","","13.5","","100","","0.0","","21","","16","","","","101.88","","","","","","NA"
"-63.42","44.61","OSBORNE HEAD DND","8204190","2018-07-03 08:00","2018","07","03","08:00","13.9","","13.9","","100","","0.0","","19","","14","","","","101.86","","","","","","NA"
"-63.42","44.61","OSBORNE HEAD DND","8204190","2018-07-03 09:00","2018","07","03","09:00","14.1","","14.1","","100","","0.0","","20","","13","","","","101.85","","","","","","NA"
"-63.42","44.61","OSBORNE HEAD DND","8204190","2018-07-03 10:00","2018","07","03","10:00","14.3","","14.2","","100","","0.0","","20","","18","","","","101.84","","","","","","NA"
"-63.42","44.61","OSBORNE HEAD DND","8204190","2018-07-03 11:00","2018","07","03","11:00","14.7","","14.7","","100","","0.0","","20","","21","","","","101.82","","","","","","NA"
"-63.42","44.61","OSBORNE HEAD DND","8204190","2018-07-03 12:00","2018","07","03","12:00","15.5","","14.8","","96","","0.0","","20","","21","","","","101.77","","","","","","NA"
"-63.42","44.61","OSBORNE HEAD DND","8204190","2018-07-03 13:00","2018","07","03","13:00","15.4","","15.0","","98","","0.0","","20","","23","","","","101.76","","","","","","NA"
"-63.42","44.61","OSBORNE HEAD DND","8204190","2018-07-03 14:00","2018","07","03","14:00","16.0","","15.2","","95","","0.0","","21","","25","","","","101.72","","","","","","NA"
"-63.42","44.61","OSBORNE HEAD DND","8204190","2018-07-03 15:00","2018","07","03","15:00","15.5","","14.8","","96","","0.0","","20","","26","","","","101.70","","","","","","NA"
"-63.42","44.61","OSBORNE HEAD DND","8204190","2018-07-03 16:00","2018","07","03","16:00","17.2","","16.0","","93","","0.0","","21","","26","","","","101.67","","","","","","NA"
"-63.42","44.61","OSBORNE HEAD DND","8204190","2018-07-03 17:00","2018","07","03","17:00","18.9","","16.8","","88","","0.0","","22","","31","","","","101.62","","","","","","NA"
"-63.42","44.61","OSBORNE HEAD DND","8204190","2018-07-03 18:00","2018","07","03","18:00","19.0","","16.5","","86","","0.0","","23","","32","","","","101.63","","","","","","NA"
"-63.42","44.61","OSBORNE HEAD DND","8204190","2018-07-03 19:00","2018","07","03","19:00","18.0","","16.1","","88","","0.0","","23","","35","","","","101.59","","","","","","NA"
"-63.42","44.61","OSBORNE HEAD DND","8204190","2018-07-03 20:00","2018","07","03","20:00","18.1","","16.1","","88","","0.0","","24","","29","","","","101.64","","","","","","NA"
"-63.42","44.61","OSBORNE HEAD DND","8204190","2018-07-03 21:00","2018","07","03","21:00","18.8","","17.0","","89","","0.0","","24","","31","","","","101.71","","","","","","NA"
"-63.42","44.61","OSBORNE HEAD DND","8204190","2018-07-03 22:00","2018","07","03","22:00","17.9","","16.6","","92","","0.0","","24","","29","","","","101.71","","","","","","NA"
"-63.42","44.61","OSBORNE HEAD DND","8204190","2018-07-03 23:00","2018","07","03","23:00","17.8","","16.9","","94","","0.0","","24","","24","","","","101.74","","","","","","NA"
"-63.42","44.61","OSBORNE HEAD DND","8204190","2018-07-04 00:00","2018","07","04","00:00","15.0","","15.0","","100","","0.0","","23","","18","","","","101.72","","","","","","NA"
"-63.42","44.61","OSBORNE HEAD DND","8204190","2018-07-04 01:00","2018","07","04","01:00","16.9","","16.6","","99","","0.0","","24","","12","","","","101.71","","","","","","NA"
"-63.42","44.61","OSBORNE HEAD DND","8204190","2018-07-04 02:00","2018","07","04","02:00","14.2","","14.2","","100","","0.0","","22","","11","","","","101.70","","","","","","NA"
"-63.42","44.61","OSBORNE HEAD DND","8204190","2018-07-04 03:00","2018","07","04","03:00","16.1","","16.1","","100","","0.0","","24","","9","","","","101.73","","","","","","NA"
"-63.42","44.61","OSBORNE HEAD DND","8204190","2018-07-04 04:00","2018","07","04","04:00","15.3","","15.3","","100","","0.0","","25","","9","","","","101.74","","","","","","NA"
"-63.42","44.61","OSBORNE HEAD DND","8204190","2018-07-04 05:00","2018","07","04","05:00","16.1","","16.1","","100","","0.0","","28","","5","","","","101.78","","","","","","NA"
"-63.42","44.61","OSBORNE HEAD DND","8204190","2018-07-04 06:00","2018","07","04","06:00","15.7","","15.2","","97","","0.0","","26","","4","","","","101.83","","","","","","NA"
"-63.42","44.61","OSBORNE HEAD DND","8204190","2018-07-04 07:00","2018","07","04","07:00","16.2","","15.2","","94","","0.0","","9","","3","","","","101.88","","","","","","NA"
"-63.42","44.61","OSBORNE HEAD DND","8204190","2018-07-04 08:00","2018","07","04","08:00","17.0","","16.9","","100","","0.0","","19","","5","","","","101.93","","","","","","NA"
"-63.42","44.61","OSBORNE HEAD DND","8204190","2018-07-04 09:00","2018","07","04","09:00","18.7","","18.4","","99","","0.0","","17","","7","","","","101.92","","","","","","NA"
"-63.42","44.61","OSBORNE HEAD DND","8204190","2018-07-04 10:00","2018","07","04","10:00","19.2","","17.4","","89","","0.0","","20","","10","","","","101.93","","","","","","NA"
"-63.42","44.61","OSBORNE HEAD DND","8204190","2018-07-04 11:00","2018","07","04","11:00","18.7","","16.8","","88","","0.0","","19","","15","","","","101.94","","","","","","NA"
"-63.42","44.61","OSBORNE HEAD DND","8204190","2018-07-04 12:00","2018","07","04","12:00","18.3","","16.1","","87","","0.0","","20","","16","","","","101.90","","","","","","NA"
"-63.42","44.61","OSBORNE HEAD DND","8204190","2018-07-04 13:00","2018","07","04","13:00","18.2","","16.0","","87","","0.0","","21","","25","","","","101.86","","","","","","NA"
"-63.42","44.61","OSBORNE HEAD DND","8204190","2018-07-04 14:00","2018","07","04","14:00","17.6","","15.2","","86","","0.0","","21","","16","","","","101.83","","","","","","NA"
"-63.42","44.61","OSBORNE HEAD DND","8204190","2018-07-04 15:00","2018","07","04","15:00","17.7","","15.1","","85","","0.0","","21","","24","","","","101.82","","","","","","NA"
"-63.42","44.61","OSBORNE HEAD DND","8204190","2018-07-04 16:00","2018","07","04","16:00","18.5","","13.9","","75","","0.0","","22","","22","","","","101.81","","","","","","NA"
"-63.42","44.61","OSBORNE HEAD DND","8204190","2018-07-04 17:00","2018","07","04","17:00","25.9","","14.7","","50","","0.0","","25","","28","","","","101.75","","30","","","","NA"
"-63.42","44.61","OSBORNE HEAD DND","8204190","2018-07-04 18:00","2018","07","04","18:00","26.1","","15.8","","53","","0.0","","25","","26","","","","101.79","","31","","","","NA"
"-63.42","44.61","OSBORNE HEAD DND","8204190","2018-07-04 19:00","2018","07","04","19:00","25.0","","16.3","","58","","0.0","","25","","16","","","","101.78","","30","","","","NA"
"-63.42","44.61","OSBORNE HEAD DND","8204190","2018-07-04 20:00","2018","07","04","20:00","22.4","","15.9","","66","","0.0","","26","","9","","","","101.81","","27","","","","NA"
"-63.42","44.61","OSBORNE HEAD DND","8204190","2018-07-04 21:00","2018","07","04","21:00","24.0","","16.8","","64","","0.0","","28","","7","","","","101.86","","29","","","","NA"
"-63.42","44.61","OSBORNE HEAD DND","8204190","2018-07-04 22:00","2018","07","04","22:00","22.7","","17.1","","71","","0.0","","27","","14","","","","101.88","","28","","","","NA"
"-63.42","44.61","OSBORNE HEAD DND","8204190","2018-07-04 23:00","2018","07","04","23:00","23.1","","16.3","","66","","0.0","","27","","16","","","","101.86","","28","","","","NA"
"-63.42","44.61","OSBORNE HEAD DND","8204190","2018-07-05 00:00","2018","07","05","00:00","24.9","","14.8","","53","","0.0","","29","","23","","","","101.85","","29","","","","NA"
"-63.42","44.61","OSBORNE HEAD DND","8204190","2018-07-05 01:00","2018","07","05","01:00","24.1","","14.8","","56","","0.0","","30","","18","","","","101.85","","28","","","","NA"
"-63.42","44.61","OSBORNE HEAD DND","8204190","2018-07-05 02:00","2018","07","05","02:00","23.6","","15.3","","60","","0.0","","31","","19","","","","101.87","","28","","","","NA"
"-63.42","44.61","OSBORNE HEAD DND","8204190","2018-07-05 03:00","2018","07","05","03:00","23.0","","15.6","","63","","0.0","","33","","11","","","","101.91","","27","","","","NA"
"-63.42","44.61","OSBORNE HEAD DND","8204190","2018-07-05 04:00","2018","07","05","04:00","21.8","","15.5","","67","","0.0","","4","","6","","","","101.94","","26","","","","NA"
"-63.42","44.61","OSBORNE HEAD DND","8204190","2018-07-05 05:00","2018","07","05","05:00","21.4","","15.6","","69","","0.0","","1","","11","","","","101.97","","26","","","","NA"
"-63.42","44.61","OSBORNE HEAD DND","8204190","2018-07-05 06:00","2018","07","05","06:00","21.5","","15.6","","69","","0.0","","2","","9","","","","101.99","","26","","","","NA"
"-63.42","44.61","OSBORNE HEAD DND","8204190","2018-07-05 07:00","2018","07","05","07:00","23.4","","16.4","","65","","0.0","","29","","2","","","","102.05","","28","","","","NA"
"-63.42","44.61","OSBORNE HEAD DND","8204190","2018-07-05 08:00","2018","07","05","08:00","23.2","","14.8","","59","","0.0","","10","","3","","","","102.07","","27","","","","NA"
"-63.42","44.61","OSBORNE HEAD DND","8204190","2018-07-05 09:00","2018","07","05","09:00","23.2","","14.1","","57","","0.0","","9","","6","","","","102.08","","27","","","","NA"
"-63.42","44.61","OSBORNE HEAD DND","8204190","2018-07-05 10:00","2018","07","05","10:00","23.0","","13.7","","56","","0.0","","12","","9","","","","102.08","","26","","","","NA"
"-63.42","44.61","OSBORNE HEAD DND","8204190","2018-07-05 11:00","2018","07","05","11:00","22.6","","14.3","","60","","0.0","","12","","6","","","","102.06","","26","","","","NA"
"-63.42","44.61","OSBORNE HEAD DND","8204190","2018-07-05 12:00","2018","07","05","12:00","22.0","","15.3","","66","","0.0","","16","","8","","","","102.04","","26","","","","NA"
"-63.42","44.61","OSBORNE HEAD DND","8204190","2018-07-05 13:00","2018","07","05","13:00","21.5","","16.5","","73","","0.0","","15","","6","","","","102.02","","26","","","","NA"
"-63.42","44.61","OSBORNE HEAD DND","8204190","2018-07-05 14:00","2018","07","05","14:00","20.5","","16.2","","76","","0.0","","19","","9","","","","101.97","","25","","","","NA"
"-63.42","44.61","OSBORNE HEAD DND","8204190","2018-07-05 15:00","2018","07","05","15:00","19.5","","15.9","","80","","0.0","","16","","14","","","","101.90","","","","","","NA"
"-63.42","44.61","OSBORNE HEAD DND","8204190","2018-07-05 16:00","2018","07","05","16:00","18.6","","16.0","","85","","0.0","","15","","10","","","","101.84","","","","","","NA"
"-63.42","44.61","OSBORNE HEAD DND","8204190","2018-07-05 17:00","2018","07","05","17:00","18.3","","14.9","","81","","0.0","","15","","12","","","","101.77","","","","","","NA"
"-63.42","44.61","OSBORNE HEAD DND","8204190","2018-07-05 18:00","2018","07","05","18:00","17.4","","15.3","","88","","0.0","","15","","7","","","","101.71","","","","","","NA"
"-63.42","44.61","OSBORNE HEAD DND","8204190","2018-07-05 19:00","2018","07","05","19:00","17.1","","14.9","","87","","0.0","","16","","5","","","","101.66","","","","","","NA"
"-63.42","44.61","OSBORNE HEAD DND","8204190","2018-07-05 20:00","2018","07","05","20:00","19.4","","15.1","","76","","0.0","","24","","8","","","","101.60","","","","","","NA"
"-63.42","44.61","OSBORNE HEAD DND","8204190","2018-07-05 21:00","2018","07","05","21:00","19.2","","15.2","","78","","0.0","","23","","13","","","","101.57","","","","","","NA"
"-63.42","44.61","OSBORNE HEAD DND","8204190","2018-07-05 22:00","2018","07","05","22:00","18.6","","13.8","","74","","0.0","","24","","32","","","","101.49","","","","","","NA"
"-63.42","44.61","OSBORNE HEAD DND","8204190","2018-07-05 23:00","2018","07","05","23:00","17.4","","14.6","","84","","0.0","","24","","36","","","","101.45","","","","","","NA"
"-63.42","44.61","OSBORNE HEAD DND","8204190","2018-07-06 00:00","2018","07","06","00:00","16.6","","15.3","","92","","0.0","","24","","31","","","","101.41","","","","","","NA"
"-63.42","44.61","OSBORNE HEAD DND","8204190","2018-07-06 01:00","2018","07","06","01:00","15.1","","15.1","","100","","0.0","","22","","24","","","","101.38","","","","","","NA"
"-63.42","44.61","OSBORNE HEAD DND","8204190","2018-07-06 02:00","2018","07","06","02:00","15.4","","15.4","","100","","0.0","","24","","20","","","","101.38","","","","","","NA"
"-63.42","44.61","OSBORNE HEAD DND","8204190","2018-07-06 03:00","2018","07","06","03:00","14.8","","14.8","","100","","0.0","","21","","30","","","","101.27","","","","","","NA"
"-63.42","44.61","OSBORNE HEAD DND","8204190","2018-07-06 04:00","2018","07","06","04:00","14.4","","14.4","","100","","0.0","","22","","26","","","","101.23","","","","","","NA"
"-63.42","44.61","OSBORNE HEAD DND","8204190","2018-07-06 05:00","2018","07","06","05:00","14.7","","14.7","","100","","0.0","","22","","26","","","","101.19","","","","","","NA"
"-63.42","44.61","OSBORNE HEAD DND","8204190","2018-07-06 06:00","2018","07","06","06:00","14.8","","14.7","","100","","0.0","","22","","32","","","","101.08","","","","","","NA"
"-63.42","44.61","OSBORNE HEAD DND","8204190","2018-07-06 07:00","2018","07","06","07:00","15.1","","15.1","","100","","0.0","","22","","33","","","","101.05","","","","","","NA"
"-63.42","44.61","OSBORNE HEAD DND","8204190","2018-07-06 08:00","2018","07","06","08:00","15.2","","15.2","","100","","0.0","","22","","39","","","","100.97","","","","","","NA"
"-63.42","44.61","OSBORNE HEAD DND","8204190","2018-07-06 09:00","2018","07","06","09:00","14.8","","14.8","","100","","0.0","","22","","37","","","","100.90","","","","","","NA"
"-63.42","44.61","OSBORNE HEAD DND","8204190","2018-07-06 10:00","2018","07","06","10:00","15.2","","15.2","","100","","0.0","","22","","29","","","","100.84","","","","","","NA"
"-63.42","44.61","OSBORNE HEAD DND","8204190","2018-07-06 11:00","2018","07","06","11:00","16.0","","15.9","","100","","0.0","","22","","29","","","","100.79","","","","","","NA"
"-63.42","44.61","OSBORNE HEAD DND","8204190","2018-07-06 12:00","2018","07","06","12:00","17.1","","15.9","","93","","0.0","","23","","38","","","","100.73","","","","","","NA"
"-63.42","44.61","OSBORNE HEAD DND","8204190","2018-07-06 13:00","2018","07","06","13:00","18.3","","16.7","","90","","0.0","","23","","41","","","","100.65","","","","","","NA"
"-63.42","44.61","OSBORNE HEAD DND","8204190","2018-07-06 14:00","2018","07","06","14:00","16.6","","15.6","","94","","0.0","","22","","38","","","","100.56","","","","","","NA"
"-63.42","44.61","OSBORNE HEAD DND","8204190","2018-07-06 15:00","2018","07","06","15:00","16.8","","16.4","","98","","0.0","","23","","43","","","","100.54","","","","","","NA"
"-63.42","44.61","OSBORNE HEAD DND","8204190","2018-07-06 16:00","2018","07","06","16:00","15.8","","15.8","","100","","0.0","","24","","34","","","","100.52","","","","","","NA"
"-63.42","44.61","OSBORNE HEAD DND","8204190","2018-07-06 17:00","2018","07","06","17:00","15.5","","15.5","","100","","1.8","","24","","47","","","","100.51","","","","","","NA"
"-63.42","44.61","OSBORNE HEAD DND","8204190","2018-07-06 18:00","2018","07","06","18:00","16.3","","16.3","","100","","0.8","","23","","33","","","","100.54","","","","","","NA"
"-63.42","44.61","OSBORNE HEAD DND","8204190","2018-07-06 19:00","2018","07","06","19:00","14.2","","14.2","","100","","2.2","","23","","34","","","","100.53","","","","","","NA"
"-63.42","44.61","OSBORNE HEAD DND","8204190","2018-07-06 20:00","2018","07","06","20:00","16.1","","16.1","","100","","0.4","","24","","38","","","","100.54","","","","","","NA"
"-63.42","44.61","OSBORNE HEAD DND","8204190","2018-07-06 21:00","2018","07","06","21:00","17.0","","17.0","","100","","0.0","","26","","26","","","","100.59","","","","","","NA"
"-63.42","44.61","OSBORNE HEAD DND","8204190","2018-07-06 22:00","2018","07","06","22:00","16.0","","16.0","","100","","0.8","","25","","17","","","","100.62","","","","","","NA"
"-63.42","44.61","OSBORNE HEAD DND","8204190","2018-07-06 23:00","2018","07","06","23:00","17.1","","17.0","","100","","0.0","","26","","13","","","","100.65","","","","","","NA"
"-63.42","44.61","OSBORNE HEAD DND","8204190","2018-07-07 00:00","2018","07","07","00:00","18.4","","16.3","","88","","0.0","","31","","22","","","","100.75","","","","","","NA"
"-63.42","44.61","OSBORNE HEAD DND","8204190","2018-07-07 01:00","2018","07","07","01:00","16.5","","13.3","","81","","0.0","","32","","25","","","","100.81","","","","","","NA"
"-63.42","44.61","OSBORNE HEAD DND","8204190","2018-07-07 02:00","2018","07","07","02:00","14.8","","11.1","","79","","0.0","","33","","24","","","","100.87","","","","","","NA"
"-63.42","44.61","OSBORNE HEAD DND","8204190","2018-07-07 03:00","2018","07","07","03:00","14.2","","10.7","","79","","0.0","","31","","19","","","","100.96","","","","","","NA"
"-63.42","44.61","OSBORNE HEAD DND","8204190","2018-07-07 04:00","2018","07","07","04:00","13.5","","9.6","","77","","0.0","","31","","21","","","","101.05","","","","","","NA"
"-63.42","44.61","OSBORNE HEAD DND","8204190","2018-07-07 05:00","2018","07","07","05:00","13.2","","9.0","","75","","0.0","","31","","23","","","","101.18","","","","","","NA"
"-63.42","44.61","OSBORNE HEAD DND","8204190","2018-07-07 06:00","2018","07","07","06:00","13.7","","8.7","","72","","0.0","","30","","19","","","","101.28","","","","","","NA"
"-63.42","44.61","OSBORNE HEAD DND","8204190","2018-07-07 07:00","2018","07","07","07:00","13.6","","8.3","","71","","0.0","","30","","18","","","","101.36","","","","","","NA"
"-63.42","44.61","OSBORNE HEAD DND","8204190","2018-07-07 08:00","2018","07","07","08:00","15.2","","8.3","","64","","0.0","","31","","29","","","","101.43","","","","","","NA"
"-63.42","44.61","OSBORNE HEAD DND","8204190","2018-07-07 09:00","2018","07","07","09:00","16.1","","8.1","","59","","0.0","","31","","29","","","","101.50","","","","","","NA"
"-63.42","44.61","OSBORNE HEAD DND","8204190","2018-07-07 10:00","2018","07","07","10:00","17.9","","8.9","","56","","0.0","","32","","21","","","","101.53","","","","","","NA"
"-63.42","44.61","OSBORNE HEAD DND","8204190","2018-07-07 11:00","2018","07","07","11:00","18.8","","9.3","","54","","0.0","","32","","23","","","","101.60","","","","","","NA"
"-63.42","44.61","OSBORNE HEAD DND","8204190","2018-07-07 12:00","2018","07","07","12:00","19.7","","7.7","","46","","0.0","","30","","22","","","","101.62","","","","","","NA"
"-63.42","44.61","OSBORNE HEAD DND","8204190","2018-07-07 13:00","2018","07","07","13:00","20.5","","7.4","","43","","0.0","","31","","20","","","","101.65","","","","","","NA"
"-63.42","44.61","OSBORNE HEAD DND","8204190","2018-07-07 14:00","2018","07","07","14:00","21.5","","8.4","","43","","0.0","","31","","15","","","","101.67","","","","","","NA"
"-63.42","44.61","OSBORNE HEAD DND","8204190","2018-07-07 15:00","2018","07","07","15:00","21.1","","6.8","","39","","0.0","","28","","21","","","","101.72","","","","","","NA"
"-63.42","44.61","OSBORNE HEAD DND","8204190","2018-07-07 16:00","2018","07","07","16:00","17.4","","9.4","","59","","0.0","","23","","12","","","","101.79","","","","","","NA"
"-63.42","44.61","OSBORNE HEAD DND","8204190","2018-07-07 17:00","2018","07","07","17:00","17.1","","9.0","","59","","0.0","","22","","28","","","","101.79","","","","","","NA"
"-63.42","44.61","OSBORNE HEAD DND","8204190","2018-07-07 18:00","2018","07","07","18:00","16.1","","9.2","","63","","0.0","","23","","24","","","","101.83","","","","","","NA"
"-63.42","44.61","OSBORNE HEAD DND","8204190","2018-07-07 19:00","2018","07","07","19:00","16.2","","9.7","","65","","0.0","","24","","21","","","","101.92","","","","","","NA"
"-63.42","44.61","OSBORNE HEAD DND","8204190","2018-07-07 20:00","2018","07","07","20:00","16.2","","9.7","","66","","0.0","","26","","11","","","","101.97","","","","","","NA"
"-63.42","44.61","OSBORNE HEAD DND","8204190","2018-07-07 21:00","2018","07","07","21:00","14.8","","10.1","","73","","0.0","","25","","8","","","","102.08","","","","","","NA"
"-63.42","44.61","OSBORNE HEAD DND","8204190","2018-07-07 22:00","2018","07","07","22:00","14.6","","10.1","","74","","0.0","","27","","12","","","","102.11","","","","","","NA"
"-63.42","44.61","OSBORNE HEAD DND","8204190","2018-07-07 23:00","2018","07","07","23:00","15.2","","9.5","","69","","0.0","","27","","14","","","","102.09","","","","","","NA"
"-63.42","44.61","OSBORNE HEAD DND","8204190","2018-07-08 00:00","2018","07","08","00:00","14.6","","9.2","","70","","0.0","","25","","15","","","","102.09","","","","","","NA"
"-63.42","44.61","OSBORNE HEAD DND","8204190","2018-07-08 01:00","2018","07","08","01:00","14.6","","8.8","","69","","0.0","","26","","18","","","","102.06","","","","","","NA"
"-63.42","44.61","OSBORNE HEAD DND","8204190","2018-07-08 02:00","2018","07","08","02:00","14.0","","9.4","","74","","0.0","","27","","15","","","","102.08","","","","","","NA"
"-63.42","44.61","OSBORNE HEAD DND","8204190","2018-07-08 03:00","2018","07","08","03:00","12.6","","9.4","","81","","0.0","","24","","10","","","","102.10","","","","","","NA"
"-63.42","44.61","OSBORNE HEAD DND","8204190","2018-07-08 04:00","2018","07","08","04:00","12.0","","10.0","","88","","0.0","","27","","11","","","","102.14","","","","","","NA"
"-63.42","44.61","OSBORNE HEAD DND","8204190","2018-07-08 05:00","2018","07","08","05:00","12.2","","9.6","","84","","0.0","","25","","11","","","","102.15","","","","","","NA"
"-63.42","44.61","OSBORNE HEAD DND","8204190","2018-07-08 06:00","2018","07","08","06:00","12.3","","10.1","","86","","0.0","","22","","10","","","","102.21","","","","","","NA"
"-63.42","44.61","OSBORNE HEAD DND","8204190","2018-07-08 07:00","2018","07","08","07:00","12.2","","10.8","","91","","0.0","","21","","18","","","","102.29","","","","","","NA"
"-63.42","44.61","OSBORNE HEAD DND","8204190","2018-07-08 08:00","2018","07","08","08:00","13.8","","11.2","","84","","0.0","","22","","15","","","","102.30","","","","","","NA"
"-63.42","44.61","OSBORNE HEAD DND","8204190","2018-07-08 09:00","2018","07","08","09:00","14.3","","11.1","","81","","0.0","","21","","18","","","","102.33","","","","","","NA"
"-63.42","44.61","OSBORNE HEAD DND","8204190","2018-07-08 10:00","2018","07","08","10:00","13.9","","11.0","","82","","0.0","","21","","26","","","","102.29","","","","","","NA"
"-63.42","44.61","OSBORNE HEAD DND","8204190","2018-07-08 11:00","2018","07","08","11:00","14.2","","11.3","","83","","0.0","","21","","28","","","","102.28","","","","","","NA"
"-63.42","44.61","OSBORNE HEAD DND","8204190","2018-07-08 12:00","2018","07","08","12:00","14.1","","11.4","","84","","0.0","","20","","26","","","","102.26","","","","","","NA"
"-63.42","44.61","OSBORNE HEAD DND","8204190","2018-07-08 13:00","2018","07","08","13:00","17.6","","11.4","","67","","0.0","","22","","29","","","","102.23","","","","","","NA"
"-63.42","44.61","OSBORNE HEAD DND","8204190","2018-07-08 14:00","2018","07","08","14:00","15.4","","11.3","","77","","0.0","","21","","29","","","","102.15","","","","","","NA"
"-63.42","44.61","OSBORNE HEAD DND","8204190","2018-07-08 15:00","2018","07","08","15:00","18.4","","11.3","","63","","0.0","","22","","29","","","","102.09","","","","","","NA"
"-63.42","44.61","OSBORNE HEAD DND","8204190","2018-07-08 16:00","2018","07","08","16:00","18.4","","11.1","","63","","0.0","","23","","28","","","","102.05","","","","","","NA"
"-63.42","44.61","OSBORNE HEAD DND","8204190","2018-07-08 17:00","2018","07","08","17:00","15.5","","11.0","","75","","0.0","","21","","31","","","","101.98","","","","","","NA"
"-63.42","44.61","OSBORNE HEAD DND","8204190","2018-07-08 18:00","2018","07","08","18:00","15.8","","11.0","","73","","0.0","","22","","26","","","","101.93","","","","","","NA"
"-63.42","44.61","OSBORNE HEAD DND","8204190","2018-07-08 19:00","2018","07","08","19:00","16.6","","10.8","","69","","0.0","","23","","28","","","","101.91","","","","","","NA"
"-63.42","44.61","OSBORNE HEAD DND","8204190","2018-07-08 20:00","2018","07","08","20:00","14.5","","10.8","","78","","0.0","","22","","22","","","","101.92","","","","","","NA"
"-63.42","44.61","OSBORNE HEAD DND","8204190","2018-07-08 21:00","2018","07","08","21:00","14.2","","10.4","","78","","0.0","","22","","26","","","","101.98","","","","","","NA"
"-63.42","44.61","OSBORNE HEAD DND","8204190","2018-07-08 22:00","2018","07","08","22:00","13.0","","10.6","","85","","0.0","","23","","15","","","","101.98","","","","","","NA"
"-63.42","44.61","OSBORNE HEAD DND","8204190","2018-07-08 23:00","2018","07","08","23:00","12.9","","10.9","","88","","0.0","","24","","16","","","","102.01","","","","","","NA"
"-63.42","44.61","OSBORNE HEAD DND","8204190","2018-07-09 00:00","2018","07","09","00:00","13.6","","10.8","","83","","0.0","","24","","21","","","","101.98","","","","","","NA"
"-63.42","44.61","OSBORNE HEAD DND","8204190","2018-07-09 01:00","2018","07","09","01:00","12.5","","9.4","","82","","0.0","","22","","22","","","","101.97","","","","","","NA"
"-63.42","44.61","OSBORNE HEAD DND","8204190","2018-07-09 02:00","2018","07","09","02:00","13.6","","9.5","","76","","0.0","","24","","28","","","","101.91","","","","","","NA"
"-63.42","44.61","OSBORNE HEAD DND","8204190","2018-07-09 03:00","2018","07","09","03:00","12.6","","9.0","","79","","0.0","","24","","31","","","","101.88","","","","","","NA"
"-63.42","44.61","OSBORNE HEAD DND","8204190","2018-07-09 04:00","2018","07","09","04:00","12.4","","8.4","","77","","0.0","","23","","25","","","","101.88","","","","","","NA"
"-63.42","44.61","OSBORNE HEAD DND","8204190","2018-07-09 05:00","2018","07","09","05:00","12.5","","8.2","","75","","0.0","","23","","12","","","","101.89","","","","","","NA"
"-63.42","44.61","OSBORNE HEAD DND","8204190","2018-07-09 06:00","2018","07","09","06:00","11.5","","9.0","","85","","0.0","","22","","25","","","","101.83","","","","","","NA"
"-63.42","44.61","OSBORNE HEAD DND","8204190","2018-07-09 07:00","2018","07","09","07:00","12.8","","8.8","","77","","0.0","","22","","17","","","","101.82","","","","","","NA"
"-63.42","44.61","OSBORNE HEAD DND","8204190","2018-07-09 08:00","2018","07","09","08:00","13.6","","9.1","","74","","0.0","","20","","21","","","","101.81","","","","","","NA"
"-63.42","44.61","OSBORNE HEAD DND","8204190","2018-07-09 09:00","2018","07","09","09:00","13.3","","9.1","","76","","0.0","","21","","30","","","","101.78","","","","","","NA"
"-63.42","44.61","OSBORNE HEAD DND","8204190","2018-07-09 10:00","2018","07","09","10:00","13.4","","9.3","","76","","0.0","","21","","31","","","","101.75","","","","","","NA"
"-63.42","44.61","OSBORNE HEAD DND","8204190","2018-07-09 11:00","2018","07","09","11:00","13.1","","10.0","","81","","0.0","","20","","29","","","","101.69","","","","","","NA"
"-63.42","44.61","OSBORNE HEAD DND","8204190","2018-07-09 12:00","2018","07","09","12:00","13.2","","10.8","","86","","0.0","","20","","35","","","","101.63","","","","","","NA"
"-63.42","44.61","OSBORNE HEAD DND","8204190","2018-07-09 13:00","2018","07","09","13:00","12.9","","10.6","","86","","0.0","","20","","28","","","","101.57","","","","","","NA"
"-63.42","44.61","OSBORNE HEAD DND","8204190","2018-07-09 14:00","2018","07","09","14:00","15.4","","9.9","","70","","0.0","","21","","29","","","","101.49","","","","","","NA"
"-63.42","44.61","OSBORNE HEAD DND","8204190","2018-07-09 15:00","2018","07","09","15:00","13.4","","11.1","","86","","0.0","","21","","30","","","","101.44","","","","","","NA"
"-63.42","44.61","OSBORNE HEAD DND","8204190","2018-07-09 16:00","2018","07","09","16:00","13.9","","10.4","","80","","0.0","","21","","32","","","","101.38","","","","","","NA"
"-63.42","44.61","OSBORNE HEAD DND","8204190","2018-07-09 17:00","2018","07","09","17:00","15.2","","9.5","","69","","0.0","","22","","30","","","","101.34","","","","","","NA"
"-63.42","44.61","OSBORNE HEAD DND","8204190","2018-07-09 18:00","2018","07","09","18:00","17.4","","9.6","","60","","0.0","","24","","30","","","","101.28","","","","","","NA"
"-63.42","44.61","OSBORNE HEAD DND","8204190","2018-07-09 19:00","2018","07","09","19:00","16.0","","9.4","","65","","0.0","","23","","28","","","","101.28","","","","","","NA"
"-63.42","44.61","OSBORNE HEAD DND","8204190","2018-07-09 20:00","2018","07","09","20:00","14.0","","9.7","","75","","0.0","","20","","11","","","","101.28","","","","","","NA"
"-63.42","44.61","OSBORNE HEAD DND","8204190","2018-07-09 21:00","2018","07","09","21:00","14.0","","10.1","","78","","0.0","","24","","23","","","","101.27","","","","","","NA"
"-63.42","44.61","OSBORNE HEAD DND","8204190","2018-07-09 22:00","2018","07","09","22:00","13.8","","10.4","","80","","0.0","","25","","26","","","","101.27","","","","","","NA"
"-63.42","44.61","OSBORNE HEAD DND","8204190","2018-07-09 23:00","2018","07","09","23:00","13.7","","9.6","","77","","0.0","","23","","21","","","","101.27","","","","","","NA"
"-63.42","44.61","OSBORNE HEAD DND","8204190","2018-07-10 00:00","2018","07","10","00:00","12.9","","10.3","","85","","0.0","","23","","28","","","","101.23","","","","","","NA"
"-63.42","44.61","OSBORNE HEAD DND","8204190","2018-07-10 01:00","2018","07","10","01:00","12.5","","9.7","","83","","0.0","","20","","13","","","","101.24","","","","","","NA"
"-63.42","44.61","OSBORNE HEAD DND","8204190","2018-07-10 02:00","2018","07","10","02:00","12.4","","10.6","","89","","0.0","","23","","22","","","","101.21","","","","","","NA"
"-63.42","44.61","OSBORNE HEAD DND","8204190","2018-07-10 03:00","2018","07","10","03:00","11.8","","10.7","","93","","0.0","","23","","17","","","","101.17","","","","","","NA"
"-63.42","44.61","OSBORNE HEAD DND","8204190","2018-07-10 04:00","2018","07","10","04:00","11.4","","10.5","","94","","0.0","","21","","2","","","","101.15","","","","","","NA"
"-63.42","44.61","OSBORNE HEAD DND","8204190","2018-07-10 05:00","2018","07","10","05:00","10.5","","10.2","","98","","0.0","","21","","15","","","","101.09","","","","","","NA"
"-63.42","44.61","OSBORNE HEAD DND","8204190","2018-07-10 06:00","2018","07","10","06:00","10.1","","10.0","","99","","0.0","","21","","15","","","","101.07","","","","","","NA"
"-63.42","44.61","OSBORNE HEAD DND","8204190","2018-07-10 07:00","2018","07","10","07:00","10.5","","10.3","","99","","0.0","","20","","18","","","","101.09","","","","","","NA"
"-63.42","44.61","OSBORNE HEAD DND","8204190","2018-07-10 08:00","2018","07","10","08:00","11.3","","11.1","","99","","0.0","","21","","31","","","","101.05","","","","","","NA"
"-63.42","44.61","OSBORNE HEAD DND","8204190","2018-07-10 09:00","2018","07","10","09:00","13.1","","12.7","","98","","0.0","","22","","29","","","","101.06","","","","","","NA"
"-63.42","44.61","OSBORNE HEAD DND","8204190","2018-07-10 10:00","2018","07","10","10:00","13.3","","12.5","","95","","0.0","","21","","27","","","","101.01","","","","","","NA"
"-63.42","44.61","OSBORNE HEAD DND","8204190","2018-07-10 11:00","2018","07","10","11:00","14.3","","12.8","","91","","0.0","","22","","29","","","","100.97","","","","","","NA"
"-63.42","44.61","OSBORNE HEAD DND","8204190","2018-07-10 12:00","2018","07","10","12:00","13.7","","13.0","","95","","0.0","","21","","31","","","","100.94","","","","","","NA"
"-63.42","44.61","OSBORNE HEAD DND","8204190","2018-07-10 13:00","2018","07","10","13:00","13.1","","12.4","","96","","0.0","","21","","35","","","","100.87","","","","","","NA"
"-63.42","44.61","OSBORNE HEAD DND","8204190","2018-07-10 14:00","2018","07","10","14:00","13.3","","12.7","","96","","0.0","","21","","36","","","","100.80","","","","","","NA"
"-63.42","44.61","OSBORNE HEAD DND","8204190","2018-07-10 15:00","2018","07","10","15:00","13.1","","12.6","","97","","0.0","","20","","37","","","","100.75","","","","","","NA"
"-63.42","44.61","OSBORNE HEAD DND","8204190","2018-07-10 16:00","2018","07","10","16:00","13.7","","12.7","","94","","0.0","","20","","33","","","","100.70","","","","","","NA"
"-63.42","44.61","OSBORNE HEAD DND","8204190","2018-07-10 17:00","2018","07","10","17:00","14.3","","13.0","","92","","0.0","","22","","28","","","","100.70","","","","","","NA"
"-63.42","44.61","OSBORNE HEAD DND","8204190","2018-07-10 18:00","2018","07","10","18:00","15.9","","13.5","","86","","0.0","","22","","34","","","","100.66","","","","","","NA"
"-63.42","44.61","OSBORNE HEAD DND","8204190","2018-07-10 19:00","2018","07","10","19:00","15.6","","13.5","","87","","0.0","","23","","30","","","","100.74","","","","","","NA"
"-63.42","44.61","OSBORNE HEAD DND","8204190","2018-07-10 20:00","2018","07","10","20:00","14.5","","13.5","","94","","0.0","","24","","28","","","","100.76","","","","","","NA"
"-63.42","44.61","OSBORNE HEAD DND","8204190","2018-07-10 21:00","2018","07","10","21:00","13.7","","13.3","","97","","0.0","","24","","24","","","","100.81","","","","","","NA"
"-63.42","44.61","OSBORNE HEAD DND","8204190","2018-07-10 22:00","2018","07","10","22:00","14.0","","13.4","","96","","0.0","","21","","11","","","","100.88","","","","","","NA"
"-63.42","44.61","OSBORNE HEAD DND","8204190","2018-07-10 23:00","2018","07","10","23:00","12.6","","12.4","","99","","0.0","","20","","7","","","","100.90","","","","","","NA"
"-63.42","44.61","OSBORNE HEAD DND","8204190","2018-07-11 00:00","2018","07","11","00:00","13.3","","13.3","","100","","0.0","","23","","17","","","","100.91","","","","","","NA"
"-63.42","44.61","OSBORNE HEAD DND","8204190","2018-07-11 01:00","2018","07","11","01:00","11.8","","11.8","","100","","0.0","","21","","17","","","","100.91","","","","","","NA"
"-63.42","44.61","OSBORNE HEAD DND","8204190","2018-07-11 02:00","2018","07","11","02:00","12.3","","12.2","","100","","0.0","","22","","18","","","","100.86","","","","","","NA"
"-63.42","44.61","OSBORNE HEAD DND","8204190","2018-07-11 03:00","2018","07","11","03:00","12.4","","12.4","","100","","0.0","","25","","7","","","","100.90","","","","","","NA"
"-63.42","44.61","OSBORNE HEAD DND","8204190","2018-07-11 04:00","2018","07","11","04:00","13.6","","13.6","","100","","0.0","","","","0","","","","100.92","","","","","","NA"
"-63.42","44.61","OSBORNE HEAD DND","8204190","2018-07-11 05:00","2018","07","11","05:00","13.3","","13.3","","100","","0.0","","15","","3","","","","100.99","","","","","","NA"
"-63.42","44.61","OSBORNE HEAD DND","8204190","2018-07-11 06:00","2018","07","11","06:00","11.6","","11.6","","100","","0.0","","13","","7","","","","100.98","","","","","","NA"
"-63.42","44.61","OSBORNE HEAD DND","8204190","2018-07-11 07:00","2018","07","11","07:00","12.2","","12.2","","100","","0.0","","16","","5","","","","101.08","","","","","","NA"
"-63.42","44.61","OSBORNE HEAD DND","8204190","2018-07-11 08:00","2018","07","11","08:00","12.9","","12.9","","100","","0.0","","9","","5","","","","101.11","","","","","","NA"
"-63.42","44.61","OSBORNE HEAD DND","8204190","2018-07-11 09:00","2018","07","11","09:00","12.2","","12.2","","100","","0.0","","11","","7","","","","101.12","","","","","","NA"
"-63.42","44.61","OSBORNE HEAD DND","8204190","2018-07-11 10:00","2018","07","11","10:00","12.8","","12.8","","100","","0.0","","9","","7","","","","101.14","","","","","","NA"
"-63.42","44.61","OSBORNE HEAD DND","8204190","2018-07-11 11:00","2018","07","11","11:00","13.5","","13.4","","99","","0.0","","9","","11","","","","101.09","","","","","","NA"
"-63.42","44.61","OSBORNE HEAD DND","8204190","2018-07-11 12:00","2018","07","11","12:00","14.7","","14.5","","99","","0.0","","10","","5","","","","101.13","","","","","","NA"
"-63.42","44.61","OSBORNE HEAD DND","8204190","2018-07-11 13:00","2018","07","11","13:00","13.7","","13.6","","99","","0.0","","11","","14","","","","101.09","","","","","","NA"
"-63.42","44.61","OSBORNE HEAD DND","8204190","2018-07-11 14:00","2018","07","11","14:00","13.4","","13.3","","99","","0.0","","13","","11","","","","101.09","","","","","","NA"
"-63.42","44.61","OSBORNE HEAD DND","8204190","2018-07-11 15:00","2018","07","11","15:00","13.2","","13.1","","100","","0.0","","11","","11","","","","101.06","","","","","","NA"
"-63.42","44.61","OSBORNE HEAD DND","8204190","2018-07-11 16:00","2018","07","11","16:00","13.3","","13.3","","100","","0.0","","9","","11","","","","101.05","","","","","","NA"
"-63.42","44.61","OSBORNE HEAD DND","8204190","2018-07-11 17:00","2018","07","11","17:00","13.6","","13.6","","100","","0.0","","10","","8","","","","101.07","","","","","","NA"
"-63.42","44.61","OSBORNE HEAD DND","8204190","2018-07-11 18:00","2018","07","11","18:00","13.5","","13.4","","100","","0.0","","11","","7","","","","101.08","","","","","","NA"
"-63.42","44.61","OSBORNE HEAD DND","8204190","2018-07-11 19:00","2018","07","11","19:00","12.9","","12.9","","100","","0.0","","12","","8","","","","101.17","","","","","","NA"
"-63.42","44.61","OSBORNE HEAD DND","8204190","2018-07-11 20:00","2018","07","11","20:00","13.7","","13.7","","100","","0.0","","9","","6","","","","101.17","","","","","","NA"
"-63.42","44.61","OSBORNE HEAD DND","8204190","2018-07-11 21:00","2018","07","11","21:00","14.6","","14.6","","100","","0.0","","2","","8","","","","101.19","","","","","","NA"
"-63.42","44.61","OSBORNE HEAD DND","8204190","2018-07-11 22:00","2018","07","11","22:00","15.2","","15.2","","100","","0.0","","3","","7","","","","101.22","","","","","","NA"
"-63.42","44.61","OSBORNE HEAD DND","8204190","2018-07-11 23:00","2018","07","11","23:00","15.6","","15.6","","100","","0.0","","3","","10","","","","101.18","","","","","","NA"
"-63.42","44.61","OSBORNE HEAD DND","8204190","2018-07-12 00:00","2018","07","12","00:00","13.7","","13.7","","100","","0.0","","8","","12","","","","101.13","","","","","","NA"
"-63.42","44.61","OSBORNE HEAD DND","8204190","2018-07-12 01:00","2018","07","12","01:00","14.9","","14.9","","100","","0.0","","35","","10","","","","101.10","","","","","","NA"
"-63.42","44.61","OSBORNE HEAD DND","8204190","2018-07-12 02:00","2018","07","12","02:00","14.2","","13.2","","94","","0.0","","1","","15","","","","101.04","","","","","","NA"
"-63.42","44.61","OSBORNE HEAD DND","8204190","2018-07-12 03:00","2018","07","12","03:00","14.3","","10.8","","79","","0.0","","1","","17","","","","101.00","","","","","","NA"
"-63.42","44.61","OSBORNE HEAD DND","8204190","2018-07-12 04:00","2018","07","12","04:00","15.2","","10.3","","73","","0.0","","1","","20","","","","100.91","","","","","","NA"
"-63.42","44.61","OSBORNE HEAD DND","8204190","2018-07-12 05:00","2018","07","12","05:00","15.9","","9.9","","68","","0.0","","1","","21","","","","100.92","","","","","","NA"
"-63.42","44.61","OSBORNE HEAD DND","8204190","2018-07-12 06:00","2018","07","12","06:00","16.2","","9.6","","65","","0.0","","36","","23","","","","100.92","","","","","","NA"
"-63.42","44.61","OSBORNE HEAD DND","8204190","2018-07-12 07:00","2018","07","12","07:00","16.1","","8.8","","62","","0.0","","36","","22","","","","101.03","","","","","","NA"
"-63.42","44.61","OSBORNE HEAD DND","8204190","2018-07-12 08:00","2018","07","12","08:00","16.5","","8.6","","60","","0.0","","34","","25","","","","101.07","","","","","","NA"
"-63.42","44.61","OSBORNE HEAD DND","8204190","2018-07-12 09:00","2018","07","12","09:00","17.7","","8.9","","56","","0.0","","35","","26","","","","101.17","","","","","","NA"
"-63.42","44.61","OSBORNE HEAD DND","8204190","2018-07-12 10:00","2018","07","12","10:00","19.7","","9.0","","50","","0.0","","1","","21","","","","101.28","","","","","","NA"
"-63.42","44.61","OSBORNE HEAD DND","8204190","2018-07-12 11:00","2018","07","12","11:00","20.8","","8.6","","45","","0.0","","1","","27","","","","101.34","","","","","","NA"
"-63.42","44.61","OSBORNE HEAD DND","8204190","2018-07-12 12:00","2018","07","12","12:00","22.0","","10.4","","48","","0.0","","36","","25","","","","101.44","","","","","","NA"
"-63.42","44.61","OSBORNE HEAD DND","8204190","2018-07-12 13:00","2018","07","12","13:00","22.6","","10.4","","46","","0.0","","35","","26","","","","101.47","","","","","","NA"
"-63.42","44.61","OSBORNE HEAD DND","8204190","2018-07-12 14:00","2018","07","12","14:00","23.0","","11.0","","47","","0.0","","1","","15","","","","101.54","","25","","","","NA"
"-63.42","44.61","OSBORNE HEAD DND","8204190","2018-07-12 15:00","2018","07","12","15:00","23.5","","11.5","","47","","0.0","","31","","10","","","","101.61","","26","","","","NA"
"-63.42","44.61","OSBORNE HEAD DND","8204190","2018-07-12 16:00","2018","07","12","16:00","16.1","","11.1","","72","","0.0","","20","","19","","","","101.68","","","","","","NA"
"-63.42","44.61","OSBORNE HEAD DND","8204190","2018-07-12 17:00","2018","07","12","17:00","15.8","","11.8","","77","","0.0","","20","","13","","","","101.75","","","","","","NA"
"-63.42","44.61","OSBORNE HEAD DND","8204190","2018-07-12 18:00","2018","07","12","18:00","15.5","","10.4","","72","","0.0","","21","","14","","","","101.80","","","","","","NA"
"-63.42","44.61","OSBORNE HEAD DND","8204190","2018-07-12 19:00","2018","07","12","19:00","17.0","","10.4","","65","","0.0","","24","","10","","","","101.88","","","","","","NA"
"-63.42","44.61","OSBORNE HEAD DND","8204190","2018-07-12 20:00","2018","07","12","20:00","16.0","","10.2","","68","","0.0","","26","","11","","","","101.94","","","","","","NA"
"-63.42","44.61","OSBORNE HEAD DND","8204190","2018-07-12 21:00","2018","07","12","21:00","16.1","","10.2","","68","","0.0","","4","","7","","","","102.02","","","","","","NA"
"-63.42","44.61","OSBORNE HEAD DND","8204190","2018-07-12 22:00","2018","07","12","22:00","16.9","","10.6","","66","","0.0","","4","","12","","","","102.07","","","","","","NA"
"-63.42","44.61","OSBORNE HEAD DND","8204190","2018-07-12 23:00","2018","07","12","23:00","17.1","","10.9","","67","","0.0","","5","","12","","","","102.10","","","","","","NA"
"-63.42","44.61","OSBORNE HEAD DND","8204190","2018-07-13 00:00","2018","07","13","00:00","16.5","","11.2","","71","","0.0","","5","","13","","","","102.15","","","","","","NA"
"-63.42","44.61","OSBORNE HEAD DND","8204190","2018-07-13 01:00","2018","07","13","01:00","16.3","","10.1","","67","","0.0","","7","","12","","","","102.16","","","","","","NA"
"-63.42","44.61","OSBORNE HEAD DND","8204190","2018-07-13 02:00","2018","07","13","02:00","14.4","","9.7","","73","","0.0","","8","","7","","","","102.18","","","","","","NA"
"-63.42","44.61","OSBORNE HEAD DND","8204190","2018-07-13 03:00","2018","07","13","03:00","14.0","","9.9","","76","","0.0","","10","","10","","","","102.19","","","","","","NA"
"-63.42","44.61","OSBORNE HEAD DND","8204190","2018-07-13 04:00","2018","07","13","04:00","13.3","","10.0","","81","","0.0","","8","","13","","","","102.17","","","","","","NA"
"-63.42","44.61","OSBORNE HEAD DND","8204190","2018-07-13 05:00","2018","07","13","05:00","12.9","","10.4","","85","","0.0","","6","","12","","","","102.17","","","","","","NA"
"-63.42","44.61","OSBORNE HEAD DND","8204190","2018-07-13 06:00","2018","07","13","06:00","13.6","","10.9","","84","","0.0","","7","","14","","","","102.27","","","","","","NA"
"-63.42","44.61","OSBORNE HEAD DND","8204190","2018-07-13 07:00","2018","07","13","07:00","14.0","","11.7","","86","","0.0","","6","","13","","","","102.30","","","","","","NA"
"-63.42","44.61","OSBORNE HEAD DND","8204190","2018-07-13 08:00","2018","07","13","08:00","14.3","","11.3","","82","","0.0","","6","","13","","","","102.36","","","","","","NA"
"-63.42","44.61","OSBORNE HEAD DND","8204190","2018-07-13 09:00","2018","07","13","09:00","15.5","","11.7","","78","","0.0","","7","","14","","","","102.40","","","","","","NA"
"-63.42","44.61","OSBORNE HEAD DND","8204190","2018-07-13 10:00","2018","07","13","10:00","14.2","","11.1","","81","","0.0","","8","","15","","","","102.42","","","","","","NA"
"-63.42","44.61","OSBORNE HEAD DND","8204190","2018-07-13 11:00","2018","07","13","11:00","15.6","","11.1","","75","","0.0","","7","","13","","","","102.44","","","","","","NA"
"-63.42","44.61","OSBORNE HEAD DND","8204190","2018-07-13 12:00","2018","07","13","12:00","14.5","","11.4","","82","","0.0","","9","","12","","","","102.42","","","","","","NA"
"-63.42","44.61","OSBORNE HEAD DND","8204190","2018-07-13 13:00","2018","07","13","13:00","14.8","","11.2","","79","","0.0","","8","","14","","","","102.33","","","","","","NA"
"-63.42","44.61","OSBORNE HEAD DND","8204190","2018-07-13 14:00","2018","07","13","14:00","15.1","","12.1","","83","","0.0","","9","","11","","","","102.33","","","","","","NA"
"-63.42","44.61","OSBORNE HEAD DND","8204190","2018-07-13 15:00","2018","07","13","15:00","14.1","","11.9","","87","","0.0","","10","","13","","","","102.30","","","","","","NA"
"-63.42","44.61","OSBORNE HEAD DND","8204190","2018-07-13 16:00","2018","07","13","16:00","14.2","","12.0","","87","","0.0","","9","","12","","","","102.30","","","","","","NA"
"-63.42","44.61","OSBORNE HEAD DND","8204190","2018-07-13 17:00","2018","07","13","17:00","14.3","","12.0","","86","","0.0","","10","","10","","","","102.27","","","","","","NA"
"-63.42","44.61","OSBORNE HEAD DND","8204190","2018-07-13 18:00","2018","07","13","18:00","13.7","","12.5","","92","","0.0","","7","","9","","","","102.28","","","","","","NA"
"-63.42","44.61","OSBORNE HEAD DND","8204190","2018-07-13 19:00","2018","07","13","19:00","13.5","","12.4","","93","","0.0","","7","","10","","","","102.25","","","","","","NA"
"-63.42","44.61","OSBORNE HEAD DND","8204190","2018-07-13 20:00","2018","07","13","20:00","13.5","","11.7","","89","","0.0","","7","","11","","","","102.22","","","","","","NA"
"-63.42","44.61","OSBORNE HEAD DND","8204190","2018-07-13 21:00","2018","07","13","21:00","13.3","","11.4","","88","","0.0","","7","","13","","","","102.26","","","","","","NA"
"-63.42","44.61","OSBORNE HEAD DND","8204190","2018-07-13 22:00","2018","07","13","22:00","13.3","","10.9","","85","","0.0","","6","","13","","","","102.26","","","","","","NA"
"-63.42","44.61","OSBORNE HEAD DND","8204190","2018-07-13 23:00","2018","07","13","23:00","12.6","","11.1","","91","","0.0","","7","","13","","","","102.25","","","","","","NA"
"-63.42","44.61","OSBORNE HEAD DND","8204190","2018-07-14 00:00","2018","07","14","00:00","12.7","","11.2","","91","","0.0","","5","","14","","","","102.21","","","","","","NA"
"-63.42","44.61","OSBORNE HEAD DND","8204190","2018-07-14 01:00","2018","07","14","01:00","12.7","","11.1","","90","","0.0","","4","","12","","","","102.15","","","","","","NA"
"-63.42","44.61","OSBORNE HEAD DND","8204190","2018-07-14 02:00","2018","07","14","02:00","12.4","","10.8","","90","","0.0","","5","","12","","","","102.10","","","","","","NA"
"-63.42","44.61","OSBORNE HEAD DND","8204190","2018-07-14 03:00","2018","07","14","03:00","12.4","","10.7","","89","","0.0","","4","","15","","","","102.03","","","","","","NA"
"-63.42","44.61","OSBORNE HEAD DND","8204190","2018-07-14 04:00","2018","07","14","04:00","12.1","","10.5","","90","","0.0","","4","","12","","","","102.02","","","","","","NA"
"-63.42","44.61","OSBORNE HEAD DND","8204190","2018-07-14 05:00","2018","07","14","05:00","11.7","","10.3","","92","","0.0","","2","","13","","","","102.04","","","","","","NA"
"-63.42","44.61","OSBORNE HEAD DND","8204190","2018-07-14 06:00","2018","07","14","06:00","12.3","","10.8","","91","","0.0","","4","","9","","","","102.08","","","","","","NA"
"-63.42","44.61","OSBORNE HEAD DND","8204190","2018-07-14 07:00","2018","07","14","07:00","13.6","","11.5","","87","","0.0","","4","","12","","","","102.08","","","","","","NA"
"-63.42","44.61","OSBORNE HEAD DND","8204190","2018-07-14 08:00","2018","07","14","08:00","13.9","","10.4","","79","","0.0","","6","","13","","","","102.08","","","","","","NA"
"-63.42","44.61","OSBORNE HEAD DND","8204190","2018-07-14 09:00","2018","07","14","09:00","14.2","","10.5","","79","","0.0","","9","","11","","","","102.01","","","","","","NA"
"-63.42","44.61","OSBORNE HEAD DND","8204190","2018-07-14 10:00","2018","07","14","10:00","14.1","","10.3","","78","","0.0","","9","","22","","","","101.92","","","","","","NA"
"-63.42","44.61","OSBORNE HEAD DND","8204190","2018-07-14 11:00","2018","07","14","11:00","12.9","","11.2","","90","","0.0","","8","","25","","","","101.90","","","","","","NA"
"-63.42","44.61","OSBORNE HEAD DND","8204190","2018-07-14 12:00","2018","07","14","12:00","13.0","","11.6","","91","","0.0","","7","","19","","","","101.87","","","","","","NA"
"-63.42","44.61","OSBORNE HEAD DND","8204190","2018-07-14 13:00","2018","07","14","13:00","14.6","","11.3","","81","","0.0","","6","","17","","","","101.84","","","","","","NA"
"-63.42","44.61","OSBORNE HEAD DND","8204190","2018-07-14 14:00","2018","07","14","14:00","13.9","","11.7","","87","","0.0","","7","","23","","","","101.74","","","","","","NA"
"-63.42","44.61","OSBORNE HEAD DND","8204190","2018-07-14 15:00","2018","07","14","15:00","13.2","","13.0","","99","","0.6","","5","","16","","","","101.74","","","","","","NA"
"-63.42","44.61","OSBORNE HEAD DND","8204190","2018-07-14 16:00","2018","07","14","16:00","14.8","","14.7","","99","","1.6","","5","","15","","","","101.67","","","","","","NA"
"-63.42","44.61","OSBORNE HEAD DND","8204190","2018-07-14 17:00","2018","07","14","17:00","13.6","","13.5","","100","","1.0","","10","","13","","","","101.63","","","","","","NA"
"-63.42","44.61","OSBORNE HEAD DND","8204190","2018-07-14 18:00","2018","07","14","18:00","12.9","","12.8","","100","","1.4","","8","","18","","","","101.58","","","","","","NA"
"-63.42","44.61","OSBORNE HEAD DND","8204190","2018-07-14 19:00","2018","07","14","19:00","12.7","","12.6","","100","","0.6","","9","","17","","","","101.59","","","","","","NA"
"-63.42","44.61","OSBORNE HEAD DND","8204190","2018-07-14 20:00","2018","07","14","20:00","12.4","","12.4","","100","","0.2","","8","","17","","","","101.57","","","","","","NA"
"-63.42","44.61","OSBORNE HEAD DND","8204190","2018-07-14 21:00","2018","07","14","21:00","12.5","","12.4","","100","","0.0","","8","","16","","","","101.57","","","","","","NA"
"-63.42","44.61","OSBORNE HEAD DND","8204190","2018-07-14 22:00","2018","07","14","22:00","12.6","","12.6","","100","","0.0","","6","","14","","","","101.56","","","","","","NA"
"-63.42","44.61","OSBORNE HEAD DND","8204190","2018-07-14 23:00","2018","07","14","23:00","12.9","","12.9","","100","","0.0","","8","","11","","","","101.52","","","","","","NA"
"-63.42","44.61","OSBORNE HEAD DND","8204190","2018-07-15 00:00","2018","07","15","00:00","12.9","","12.9","","100","","0.0","","8","","10","","","","101.44","","","","","","NA"
"-63.42","44.61","OSBORNE HEAD DND","8204190","2018-07-15 01:00","2018","07","15","01:00","13.1","","13.1","","100","","0.0","","1","","2","","","","101.47","","","","","","NA"
"-63.42","44.61","OSBORNE HEAD DND","8204190","2018-07-15 02:00","2018","07","15","02:00","13.0","","13.0","","100","","0.2","","11","","4","","","","101.42","","","","","","NA"
"-63.42","44.61","OSBORNE HEAD DND","8204190","2018-07-15 03:00","2018","07","15","03:00","13.1","","13.1","","100","","0.0","","35","","3","","","","101.35","","","","","","NA"
"-63.42","44.61","OSBORNE HEAD DND","8204190","2018-07-15 04:00","2018","07","15","04:00","13.1","","13.1","","100","","0.0","","13","","3","","","","101.33","","","","","","NA"
"-63.42","44.61","OSBORNE HEAD DND","8204190","2018-07-15 05:00","2018","07","15","05:00","13.2","","13.2","","100","","0.0","","36","","4","","","","101.34","","","","","","NA"
"-63.42","44.61","OSBORNE HEAD DND","8204190","2018-07-15 06:00","2018","07","15","06:00","13.9","","13.9","","100","","0.0","","3","","3","","","","101.33","","","","","","NA"
"-63.42","44.61","OSBORNE HEAD DND","8204190","2018-07-15 07:00","2018","07","15","07:00","14.2","","14.2","","100","","0.0","","2","","5","","","","101.34","","","","","","NA"
"-63.42","44.61","OSBORNE HEAD DND","8204190","2018-07-15 08:00","2018","07","15","08:00","15.0","","15.0","","100","","0.0","","7","","7","","","","101.31","","","","","","NA"
"-63.42","44.61","OSBORNE HEAD DND","8204190","2018-07-15 09:00","2018","07","15","09:00","13.7","","13.7","","100","","0.0","","21","","6","","","","101.30","","","","","","NA"
"-63.42","44.61","OSBORNE HEAD DND","8204190","2018-07-15 10:00","2018","07","15","10:00","13.3","","13.3","","100","","0.0","","17","","7","","","","101.28","","","","","","NA"
"-63.42","44.61","OSBORNE HEAD DND","8204190","2018-07-15 11:00","2018","07","15","11:00","13.7","","13.7","","100","","0.0","","17","","7","","","","101.24","","","","","","NA"
"-63.42","44.61","OSBORNE HEAD DND","8204190","2018-07-15 12:00","2018","07","15","12:00","14.5","","14.5","","100","","0.0","","17","","8","","","","101.21","","","","","","NA"
"-63.42","44.61","OSBORNE HEAD DND","8204190","2018-07-15 13:00","2018","07","15","13:00","14.5","","14.4","","100","","0.0","","13","","6","","","","101.16","","","","","","NA"
"-63.42","44.61","OSBORNE HEAD DND","8204190","2018-07-15 14:00","2018","07","15","14:00","14.0","","13.9","","100","","0.0","","16","","4","","","","101.16","","","","","","NA"
"-63.42","44.61","OSBORNE HEAD DND","8204190","2018-07-15 15:00","2018","07","15","15:00","14.4","","14.3","","100","","0.0","","18","","4","","","","101.17","","","","","","NA"
"-63.42","44.61","OSBORNE HEAD DND","8204190","2018-07-15 16:00","2018","07","15","16:00","14.9","","14.6","","98","","0.2","","17","","4","","","","101.14","","","","","","NA"
"-63.42","44.61","OSBORNE HEAD DND","8204190","2018-07-15 17:00","2018","07","15","17:00","15.7","","14.4","","92","","0.0","","23","","3","","","","101.15","","","","","","NA"
"-63.42","44.61","OSBORNE HEAD DND","8204190","2018-07-15 18:00","2018","07","15","18:00","15.8","","14.9","","95","","0.0","","11","","1","","","","101.11","","","","","","NA"
"-63.42","44.61","OSBORNE HEAD DND","8204190","2018-07-15 19:00","2018","07","15","19:00","14.8","","14.3","","97","","0.0","","7","","4","","","","101.15","","","","","","NA"
"-63.42","44.61","OSBORNE HEAD DND","8204190","2018-07-15 20:00","2018","07","15","20:00","14.9","","14.4","","97","","0.0","","5","","3","","","","101.14","","","","","","NA"
"-63.42","44.61","OSBORNE HEAD DND","8204190","2018-07-15 21:00","2018","07","15","21:00","15.0","","14.5","","97","","0.0","","","","0","","","","101.20","","","","","","NA"
"-63.42","44.61","OSBORNE HEAD DND","8204190","2018-07-15 22:00","2018","07","15","22:00","14.2","","14.1","","99","","0.0","","11","","6","","","","101.18","","","","","","NA"
"-63.42","44.61","OSBORNE HEAD DND","8204190","2018-07-15 23:00","2018","07","15","23:00","14.2","","13.9","","98","","0.0","","13","","6","","","","101.16","","","","","","NA"
"-63.42","44.61","OSBORNE HEAD DND","8204190","2018-07-16 00:00","2018","07","16","00:00","14.0","","13.7","","98","","0.0","","18","","2","","","","101.17","","","","","","NA"
"-63.42","44.61","OSBORNE HEAD DND","8204190","2018-07-16 01:00","2018","07","16","01:00","14.4","","14.3","","100","","0.0","","30","","3","","","","101.16","","","","","","NA"
"-63.42","44.61","OSBORNE HEAD DND","8204190","2018-07-16 02:00","2018","07","16","02:00","14.3","","14.3","","100","","0.0","","6","","4","","","","101.13","","","","","","NA"
"-63.42","44.61","OSBORNE HEAD DND","8204190","2018-07-16 03:00","2018","07","16","03:00","14.5","","14.4","","100","","0.0","","32","","8","","","","101.15","","","","","","NA"
"-63.42","44.61","OSBORNE HEAD DND","8204190","2018-07-16 04:00","2018","07","16","04:00","14.7","","14.7","","100","","0.0","","36","","5","","","","101.15","","","","","","NA"
"-63.42","44.61","OSBORNE HEAD DND","8204190","2018-07-16 05:00","2018","07","16","05:00","14.9","","14.9","","100","","0.0","","35","","9","","","","101.15","","","","","","NA"
"-63.42","44.61","OSBORNE HEAD DND","8204190","2018-07-16 06:00","2018","07","16","06:00","15.7","","15.5","","99","","0.0","","30","","6","","","","101.16","","","","","","NA"
"-63.42","44.61","OSBORNE HEAD DND","8204190","2018-07-16 07:00","2018","07","16","07:00","16.8","","15.7","","94","","0.0","","7","","4","","","","101.13","","","","","","NA"
"-63.42","44.61","OSBORNE HEAD DND","8204190","2018-07-16 08:00","2018","07","16","08:00","20.1","","16.2","","78","","0.0","","29","","3","","","","101.12","","25","","","","NA"
"-63.42","44.61","OSBORNE HEAD DND","8204190","2018-07-16 09:00","2018","07","16","09:00","21.2","","15.9","","72","","0.0","","14","","3","","","","101.11","","26","","","","NA"
"-63.42","44.61","OSBORNE HEAD DND","8204190","2018-07-16 10:00","2018","07","16","10:00","18.1","","15.4","","84","","0.0","","19","","11","","","","101.11","","","","","","NA"
"-63.42","44.61","OSBORNE HEAD DND","8204190","2018-07-16 11:00","2018","07","16","11:00","20.8","","15.8","","73","","0.0","","18","","7","","","","101.11","","25","","","","NA"
"-63.42","44.61","OSBORNE HEAD DND","8204190","2018-07-16 12:00","2018","07","16","12:00","23.6","","17.2","","67","","0.0","","19","","6","","","","101.06","","29","","","","NA"
"-63.42","44.61","OSBORNE HEAD DND","8204190","2018-07-16 13:00","2018","07","16","13:00","20.1","","16.2","","78","","0.0","","20","","15","","","","101.04","","25","","","","NA"
"-63.42","44.61","OSBORNE HEAD DND","8204190","2018-07-16 14:00","2018","07","16","14:00","19.2","","15.7","","80","","0.0","","21","","26","","","","100.99","","","","","","NA"
"-63.42","44.61","OSBORNE HEAD DND","8204190","2018-07-16 15:00","2018","07","16","15:00","18.7","","15.8","","84","","0.0","","20","","23","","","","100.97","","","","","","NA"
"-63.42","44.61","OSBORNE HEAD DND","8204190","2018-07-16 16:00","2018","07","16","16:00","19.0","","15.6","","81","","0.0","","21","","25","","","","100.97","","","","","","NA"
"-63.42","44.61","OSBORNE HEAD DND","8204190","2018-07-16 17:00","2018","07","16","17:00","19.0","","15.6","","81","","0.0","","21","","25","","","","100.97","","","","","","NA"
"-63.42","44.61","OSBORNE HEAD DND","8204190","2018-07-16 18:00","2018","07","16","18:00","19.5","","15.7","","79","","0.0","","22","","19","","","","100.98","","","","","","NA"
"-63.42","44.61","OSBORNE HEAD DND","8204190","2018-07-16 19:00","2018","07","16","19:00","19.5","","15.8","","79","","0.0","","23","","21","","","","100.97","","","","","","NA"
"-63.42","44.61","OSBORNE HEAD DND","8204190","2018-07-16 20:00","2018","07","16","20:00","20.2","","16.5","","79","","0.0","","27","","18","","","","100.98","","25","","","","NA"
"-63.42","44.61","OSBORNE HEAD DND","8204190","2018-07-16 21:00","2018","07","16","21:00","19.7","","16.0","","80","","0.0","","27","","8","","","","101.04","","","","","","NA"
"-63.42","44.61","OSBORNE HEAD DND","8204190","2018-07-16 22:00","2018","07","16","22:00","18.9","","16.1","","84","","0.0","","27","","7","","","","101.06","","","","","","NA"
"-63.42","44.61","OSBORNE HEAD DND","8204190","2018-07-16 23:00","2018","07","16","23:00","20.2","","16.5","","80","","0.0","","4","","6","","","","101.05","","25","","","","NA"
"-63.42","44.61","OSBORNE HEAD DND","8204190","2018-07-17 00:00","2018","07","17","00:00","18.0","","16.4","","90","","0.0","","36","","3","","","","101.04","","","","","","NA"
"-63.42","44.61","OSBORNE HEAD DND","8204190","2018-07-17 01:00","2018","07","17","01:00","18.6","","16.7","","88","","0.0","","31","","6","","","","101.07","","","","","","NA"
"-63.42","44.61","OSBORNE HEAD DND","8204190","2018-07-17 02:00","2018","07","17","02:00","16.2","","15.9","","98","","0.0","","27","","9","","","","101.10","","","","","","NA"
"-63.42","44.61","OSBORNE HEAD DND","8204190","2018-07-17 03:00","2018","07","17","03:00","17.3","","16.6","","95","","0.0","","27","","8","","","","101.08","","","","","","NA"
"-63.42","44.61","OSBORNE HEAD DND","8204190","2018-07-17 04:00","2018","07","17","04:00","16.0","","15.6","","98","","0.0","","22","","5","","","","101.10","","","","","","NA"
"-63.42","44.61","OSBORNE HEAD DND","8204190","2018-07-17 05:00","2018","07","17","05:00","15.0","","14.9","","100","","0.0","","24","","9","","","","101.11","","","","","","NA"
"-63.42","44.61","OSBORNE HEAD DND","8204190","2018-07-17 06:00","2018","07","17","06:00","14.7","","14.5","","99","","0.0","","21","","17","","","","101.12","","","","","","NA"
"-63.42","44.61","OSBORNE HEAD DND","8204190","2018-07-17 07:00","2018","07","17","07:00","14.6","","14.0","","97","","0.0","","22","","12","","","","101.16","","","","","","NA"
"-63.42","44.61","OSBORNE HEAD DND","8204190","2018-07-17 08:00","2018","07","17","08:00","14.2","","13.9","","98","","0.0","","20","","18","","","","101.16","","","","","","NA"
"-63.42","44.61","OSBORNE HEAD DND","8204190","2018-07-17 09:00","2018","07","17","09:00","14.2","","14.2","","100","","0.0","","20","","22","","","","101.14","","","","","","NA"
"-63.42","44.61","OSBORNE HEAD DND","8204190","2018-07-17 10:00","2018","07","17","10:00","14.1","","14.1","","100","","0.0","","19","","15","","","","101.16","","","","","","NA"
"-63.42","44.61","OSBORNE HEAD DND","8204190","2018-07-17 11:00","2018","07","17","11:00","14.5","","14.4","","99","","0.0","","18","","17","","","","101.14","","","","","","NA"
"-63.42","44.61","OSBORNE HEAD DND","8204190","2018-07-17 12:00","2018","07","17","12:00","15.2","","15.1","","100","","0.0","","19","","18","","","","101.08","","","","","","NA"
"-63.42","44.61","OSBORNE HEAD DND","8204190","2018-07-17 13:00","2018","07","17","13:00","15.1","","15.1","","100","","0.0","","18","","14","","","","101.03","","","","","","NA"
"-63.42","44.61","OSBORNE HEAD DND","8204190","2018-07-17 14:00","2018","07","17","14:00","15.8","","15.7","","100","","0.0","","20","","21","","","","101.00","","","","","","NA"
"-63.42","44.61","OSBORNE HEAD DND","8204190","2018-07-17 15:00","2018","07","17","15:00","15.5","","15.5","","100","","0.0","","18","","15","","","","100.94","","","","","","NA"
"-63.42","44.61","OSBORNE HEAD DND","8204190","2018-07-17 16:00","2018","07","17","16:00","15.2","","15.2","","100","","0.0","","19","","19","","","","100.93","","","","","","NA"
"-63.42","44.61","OSBORNE HEAD DND","8204190","2018-07-17 17:00","2018","07","17","17:00","15.4","","15.3","","100","","0.0","","20","","22","","","","100.90","","","","","","NA"
"-63.42","44.61","OSBORNE HEAD DND","8204190","2018-07-17 18:00","2018","07","17","18:00","15.3","","15.3","","100","","0.0","","19","","19","","","","100.85","","","","","","NA"
"-63.42","44.61","OSBORNE HEAD DND","8204190","2018-07-17 19:00","2018","07","17","19:00","15.3","","15.3","","100","","0.0","","20","","21","","","","100.84","","","","","","NA"
"-63.42","44.61","OSBORNE HEAD DND","8204190","2018-07-17 20:00","2018","07","17","20:00","15.8","","15.8","","100","","0.0","","22","","30","","","","100.86","","","","","","NA"
"-63.42","44.61","OSBORNE HEAD DND","8204190","2018-07-17 21:00","2018","07","17","21:00","15.1","","15.1","","100","","0.0","","23","","31","","","","100.88","","","","","","NA"
"-63.42","44.61","OSBORNE HEAD DND","8204190","2018-07-17 22:00","2018","07","17","22:00","14.8","","14.8","","100","","0.0","","22","","32","","","","100.90","","","","","","NA"
"-63.42","44.61","OSBORNE HEAD DND","8204190","2018-07-17 23:00","2018","07","17","23:00","14.4","","14.4","","100","","0.0","","21","","25","","","","100.87","","","","","","NA"
"-63.42","44.61","OSBORNE HEAD DND","8204190","2018-07-18 00:00","2018","07","18","00:00","14.4","","14.4","","100","","0.0","","22","","22","","","","100.82","","","","","","NA"
"-63.42","44.61","OSBORNE HEAD DND","8204190","2018-07-18 01:00","2018","07","18","01:00","14.7","","14.7","","100","","0.0","","20","","21","","","","100.76","","","","","","NA"
"-63.42","44.61","OSBORNE HEAD DND","8204190","2018-07-18 02:00","2018","07","18","02:00","15.1","","15.1","","100","","0.0","","18","","11","","","","100.71","","","","","","NA"
"-63.42","44.61","OSBORNE HEAD DND","8204190","2018-07-18 03:00","2018","07","18","03:00","15.7","","15.6","","100","","0.0","","18","","11","","","","100.65","","","","","","NA"
"-63.42","44.61","OSBORNE HEAD DND","8204190","2018-07-18 04:00","2018","07","18","04:00","16.0","","16.0","","100","","0.0","","20","","16","","","","100.56","","","","","","NA"
"-63.42","44.61","OSBORNE HEAD DND","8204190","2018-07-18 05:00","2018","07","18","05:00","16.3","","16.3","","100","","0.2","","19","","41","","","","100.48","","","","","","NA"
"-63.42","44.61","OSBORNE HEAD DND","8204190","2018-07-18 06:00","2018","07","18","06:00","17.5","","17.5","","100","","0.6","","24","","29","","","","100.59","","","","","","NA"
"-63.42","44.61","OSBORNE HEAD DND","8204190","2018-07-18 07:00","2018","07","18","07:00","17.3","","17.3","","100","","0.2","","23","","20","","","","100.57","","","","","","NA"
"-63.42","44.61","OSBORNE HEAD DND","8204190","2018-07-18 08:00","2018","07","18","08:00","16.0","","16.0","","100","","6.4","","18","","19","","","","100.53","","","","","","NA"
"-63.42","44.61","OSBORNE HEAD DND","8204190","2018-07-18 09:00","2018","07","18","09:00","16.5","","16.5","","100","","0.0","","22","","8","","","","100.48","","","","","","NA"
"-63.42","44.61","OSBORNE HEAD DND","8204190","2018-07-18 10:00","2018","07","18","10:00","16.7","","16.7","","100","","0.0","","18","","15","","","","100.46","","","","","","NA"
"-63.42","44.61","OSBORNE HEAD DND","8204190","2018-07-18 11:00","2018","07","18","11:00","15.6","","15.6","","100","","0.0","","21","","23","","","","100.45","","","","","","NA"
"-63.42","44.61","OSBORNE HEAD DND","8204190","2018-07-18 12:00","2018","07","18","12:00","15.3","","15.2","","100","","0.0","","20","","16","","","","100.47","","","","","","NA"
"-63.42","44.61","OSBORNE HEAD DND","8204190","2018-07-18 13:00","2018","07","18","13:00","14.9","","14.9","","100","","0.0","","18","","14","","","","100.46","","","","","","NA"
"-63.42","44.61","OSBORNE HEAD DND","8204190","2018-07-18 14:00","2018","07","18","14:00","14.9","","14.9","","100","","0.0","","20","","18","","","","100.46","","","","","","NA"
"-63.42","44.61","OSBORNE HEAD DND","8204190","2018-07-18 15:00","2018","07","18","15:00","16.1","","16.1","","100","","0.2","","22","","20","","","","100.49","","","","","","NA"
"-63.42","44.61","OSBORNE HEAD DND","8204190","2018-07-18 16:00","2018","07","18","16:00","15.7","","15.7","","100","","0.4","","21","","15","","","","100.49","","","","","","NA"
"-63.42","44.61","OSBORNE HEAD DND","8204190","2018-07-18 17:00","2018","07","18","17:00","15.2","","15.2","","100","","0.0","","20","","15","","","","100.52","","","","","","NA"
"-63.42","44.61","OSBORNE HEAD DND","8204190","2018-07-18 18:00","2018","07","18","18:00","14.6","","14.6","","100","","0.0","","20","","18","","","","100.54","","","","","","NA"
"-63.42","44.61","OSBORNE HEAD DND","8204190","2018-07-18 19:00","2018","07","18","19:00","14.4","","14.4","","100","","0.0","","20","","11","","","","100.54","","","","","","NA"
"-63.42","44.61","OSBORNE HEAD DND","8204190","2018-07-18 20:00","2018","07","18","20:00","14.4","","14.4","","100","","0.0","","18","","10","","","","100.61","","","","","","NA"
"-63.42","44.61","OSBORNE HEAD DND","8204190","2018-07-18 21:00","2018","07","18","21:00","14.5","","14.5","","100","","0.0","","23","","7","","","","100.61","","","","","","NA"
"-63.42","44.61","OSBORNE HEAD DND","8204190","2018-07-18 22:00","2018","07","18","22:00","15.4","","15.4","","100","","0.0","","35","","5","","","","100.67","","","","","","NA"
"-63.42","44.61","OSBORNE HEAD DND","8204190","2018-07-18 23:00","2018","07","18","23:00","14.6","","14.6","","100","","0.0","","10","","9","","","","100.69","","","","","","NA"
"-63.42","44.61","OSBORNE HEAD DND","8204190","2018-07-19 00:00","2018","07","19","00:00","15.2","","15.2","","100","","0.0","","6","","3","","","","100.68","","","","","","NA"
"-63.42","44.61","OSBORNE HEAD DND","8204190","2018-07-19 01:00","2018","07","19","01:00","15.6","","15.6","","100","","0.0","","36","","4","","","","100.66","","","","","","NA"
"-63.42","44.61","OSBORNE HEAD DND","8204190","2018-07-19 02:00","2018","07","19","02:00","15.6","","15.6","","100","","0.0","","34","","2","","","","100.69","","","","","","NA"
"-63.42","44.61","OSBORNE HEAD DND","8204190","2018-07-19 03:00","2018","07","19","03:00","15.9","","15.9","","100","","0.0","","32","","9","","","","100.70","","","","","","NA"
"-63.42","44.61","OSBORNE HEAD DND","8204190","2018-07-19 04:00","2018","07","19","04:00","17.0","","16.9","","100","","0.0","","35","","13","","","","100.74","","","","","","NA"
"-63.42","44.61","OSBORNE HEAD DND","8204190","2018-07-19 05:00","2018","07","19","05:00","17.0","","17.0","","100","","0.0","","36","","15","","","","100.79","","","","","","NA"
"-63.42","44.61","OSBORNE HEAD DND","8204190","2018-07-19 06:00","2018","07","19","06:00","17.1","","17.1","","100","","0.0","","36","","15","","","","100.87","","","","","","NA"
"-63.42","44.61","OSBORNE HEAD DND","8204190","2018-07-19 07:00","2018","07","19","07:00","17.8","","17.5","","98","","0.0","","36","","15","","","","100.90","","","","","","NA"
"-63.42","44.61","OSBORNE HEAD DND","8204190","2018-07-19 08:00","2018","07","19","08:00","19.1","","17.1","","88","","0.0","","1","","17","","","","100.96","","","","","","NA"
"-63.42","44.61","OSBORNE HEAD DND","8204190","2018-07-19 09:00","2018","07","19","09:00","20.6","","15.3","","72","","0.0","","1","","19","","","","101.00","","25","","","","NA"
"-63.42","44.61","OSBORNE HEAD DND","8204190","2018-07-19 10:00","2018","07","19","10:00","22.0","","16.2","","70","","0.0","","2","","13","","","","101.07","","27","","","","NA"
"-63.42","44.61","OSBORNE HEAD DND","8204190","2018-07-19 11:00","2018","07","19","11:00","21.7","","15.6","","68","","0.0","","7","","9","","","","101.09","","26","","","","NA"
"-63.42","44.61","OSBORNE HEAD DND","8204190","2018-07-19 12:00","2018","07","19","12:00","19.8","","16.0","","79","","0.0","","13","","10","","","","101.13","","","","","","NA"
"-63.42","44.61","OSBORNE HEAD DND","8204190","2018-07-19 13:00","2018","07","19","13:00","18.2","","16.2","","88","","0.0","","13","","14","","","","101.15","","","","","","NA"
"-63.42","44.61","OSBORNE HEAD DND","8204190","2018-07-19 14:00","2018","07","19","14:00","18.2","","17.1","","94","","0.0","","13","","9","","","","101.21","","","","","","NA"
"-63.42","44.61","OSBORNE HEAD DND","8204190","2018-07-19 15:00","2018","07","19","15:00","18.1","","15.2","","83","","0.0","","13","","10","","","","101.22","","","","","","NA"
"-63.42","44.61","OSBORNE HEAD DND","8204190","2018-07-19 16:00","2018","07","19","16:00","18.1","","14.3","","79","","0.0","","17","","5","","","","101.23","","","","","","NA"
"-63.42","44.61","OSBORNE HEAD DND","8204190","2018-07-19 17:00","2018","07","19","17:00","18.0","","12.7","","71","","0.0","","15","","6","","","","101.26","","","","","","NA"
"-63.42","44.61","OSBORNE HEAD DND","8204190","2018-07-19 18:00","2018","07","19","18:00","18.0","","12.5","","71","","0.0","","17","","3","","","","101.30","","","","","","NA"
"-63.42","44.61","OSBORNE HEAD DND","8204190","2018-07-19 19:00","2018","07","19","19:00","17.2","","12.7","","75","","0.0","","9","","5","","","","101.33","","","","","","NA"
"-63.42","44.61","OSBORNE HEAD DND","8204190","2018-07-19 20:00","2018","07","19","20:00","16.1","","13.3","","83","","0.0","","8","","9","","","","101.38","","","","","","NA"
"-63.42","44.61","OSBORNE HEAD DND","8204190","2018-07-19 21:00","2018","07","19","21:00","15.8","","13.4","","85","","0.0","","5","","6","","","","101.46","","","","","","NA"
"-63.42","44.61","OSBORNE HEAD DND","8204190","2018-07-19 22:00","2018","07","19","22:00","15.9","","12.8","","82","","0.0","","6","","5","","","","101.54","","","","","","NA"
"-63.42","44.61","OSBORNE HEAD DND","8204190","2018-07-19 23:00","2018","07","19","23:00","15.4","","13.1","","86","","0.0","","9","","5","","","","101.56","","","","","","NA"
"-63.42","44.61","OSBORNE HEAD DND","8204190","2018-07-20 00:00","2018","07","20","00:00","15.1","","13.8","","92","","0.0","","6","","5","","","","101.61","","","","","","NA"
"-63.42","44.61","OSBORNE HEAD DND","8204190","2018-07-20 01:00","2018","07","20","01:00","14.8","","13.8","","94","","0.0","","6","","5","","","","101.64","","","","","","NA"
"-63.42","44.61","OSBORNE HEAD DND","8204190","2018-07-20 02:00","2018","07","20","02:00","14.5","","13.7","","95","","0.0","","1","","3","","","","101.65","","","","","","NA"
"-63.42","44.61","OSBORNE HEAD DND","8204190","2018-07-20 03:00","2018","07","20","03:00","14.0","","13.0","","94","","0.0","","1","","8","","","","101.66","","","","","","NA"
"-63.42","44.61","OSBORNE HEAD DND","8204190","2018-07-20 04:00","2018","07","20","04:00","13.8","","13.4","","97","","0.0","","5","","4","","","","101.71","","","","","","NA"
"-63.42","44.61","OSBORNE HEAD DND","8204190","2018-07-20 05:00","2018","07","20","05:00","14.2","","12.7","","91","","0.0","","2","","7","","","","101.75","","","","","","NA"
"-63.42","44.61","OSBORNE HEAD DND","8204190","2018-07-20 06:00","2018","07","20","06:00","15.4","","13.2","","87","","0.0","","3","","6","","","","101.78","","","","","","NA"
"-63.42","44.61","OSBORNE HEAD DND","8204190","2018-07-20 07:00","2018","07","20","07:00","16.8","","13.8","","83","","0.0","","6","","5","","","","101.84","","","","","","NA"
"-63.42","44.61","OSBORNE HEAD DND","8204190","2018-07-20 08:00","2018","07","20","08:00","18.0","","12.7","","71","","0.0","","7","","3","","","","101.89","","","","","","NA"
"-63.42","44.61","OSBORNE HEAD DND","8204190","2018-07-20 09:00","2018","07","20","09:00","17.0","","13.5","","80","","0.0","","14","","7","","","","101.94","","","","","","NA"
"-63.42","44.61","OSBORNE HEAD DND","8204190","2018-07-20 10:00","2018","07","20","10:00","17.2","","14.1","","82","","0.0","","17","","6","","","","101.99","","","","","","NA"
"-63.42","44.61","OSBORNE HEAD DND","8204190","2018-07-20 11:00","2018","07","20","11:00","17.2","","14.2","","82","","0.0","","17","","7","","","","102.00","","","","","","NA"
"-63.42","44.61","OSBORNE HEAD DND","8204190","2018-07-20 12:00","2018","07","20","12:00","17.5","","15.4","","88","","0.0","","16","","10","","","","102.00","","","","","","NA"
"-63.42","44.61","OSBORNE HEAD DND","8204190","2018-07-20 13:00","2018","07","20","13:00","17.4","","15.3","","87","","0.0","","18","","9","","","","102.02","","","","","","NA"
"-63.42","44.61","OSBORNE HEAD DND","8204190","2018-07-20 14:00","2018","07","20","14:00","17.4","","15.7","","89","","0.0","","19","","7","","","","102.00","","","","","","NA"
"-63.42","44.61","OSBORNE HEAD DND","8204190","2018-07-20 15:00","2018","07","20","15:00","17.5","","15.8","","90","","0.0","","18","","8","","","","102.01","","","","","","NA"
"-63.42","44.61","OSBORNE HEAD DND","8204190","2018-07-20 16:00","2018","07","20","16:00","18.0","","16.2","","89","","0.0","","15","","8","","","","102.01","","","","","","NA"
"-63.42","44.61","OSBORNE HEAD DND","8204190","2018-07-20 17:00","2018","07","20","17:00","18.3","","16.4","","89","","0.0","","13","","5","","","","101.99","","","","","","NA"
"-63.42","44.61","OSBORNE HEAD DND","8204190","2018-07-20 18:00","2018","07","20","18:00","18.0","","16.3","","90","","0.0","","13","","4","","","","101.99","","","","","","NA"
"-63.42","44.61","OSBORNE HEAD DND","8204190","2018-07-20 19:00","2018","07","20","19:00","17.1","","16.2","","94","","0.0","","11","","5","","","","102.02","","","","","","NA"
"-63.42","44.61","OSBORNE HEAD DND","8204190","2018-07-20 20:00","2018","07","20","20:00","16.1","","15.9","","99","","0.0","","6","","6","","","","102.02","","","","","","NA"
"-63.42","44.61","OSBORNE HEAD DND","8204190","2018-07-20 21:00","2018","07","20","21:00","16.4","","15.8","","96","","0.0","","8","","12","","","","102.06","","","","","","NA"
"-63.42","44.61","OSBORNE HEAD DND","8204190","2018-07-20 22:00","2018","07","20","22:00","16.4","","15.9","","97","","0.0","","10","","14","","","","102.06","","","","","","NA"
"-63.42","44.61","OSBORNE HEAD DND","8204190","2018-07-20 23:00","2018","07","20","23:00","15.8","","15.7","","100","","0.0","","11","","17","","","","102.04","","","","","","NA"
"-63.42","44.61","OSBORNE HEAD DND","8204190","2018-07-21 00:00","2018","07","21","00:00","15.3","","15.3","","100","","0.0","","8","","16","","","","102.00","","","","","","NA"
"-63.42","44.61","OSBORNE HEAD DND","8204190","2018-07-21 01:00","2018","07","21","01:00","15.3","","15.3","","100","","0.0","","7","","17","","","","101.96","","","","","","NA"
"-63.42","44.61","OSBORNE HEAD DND","8204190","2018-07-21 02:00","2018","07","21","02:00","15.3","","15.3","","100","","0.0","","8","","20","","","","101.95","","","","","","NA"
"-63.42","44.61","OSBORNE HEAD DND","8204190","2018-07-21 03:00","2018","07","21","03:00","15.4","","15.3","","100","","0.0","","7","","20","","","","101.89","","","","","","NA"
"-63.42","44.61","OSBORNE HEAD DND","8204190","2018-07-21 04:00","2018","07","21","04:00","16.0","","16.0","","100","","0.0","","5","","14","","","","101.90","","","","","","NA"
"-63.42","44.61","OSBORNE HEAD DND","8204190","2018-07-21 05:00","2018","07","21","05:00","16.2","","16.1","","100","","0.0","","6","","19","","","","101.89","","","","","","NA"
"-63.42","44.61","OSBORNE HEAD DND","8204190","2018-07-21 06:00","2018","07","21","06:00","16.6","","16.6","","100","","0.0","","5","","17","","","","101.90","","","","","","NA"
"-63.42","44.61","OSBORNE HEAD DND","8204190","2018-07-21 07:00","2018","07","21","07:00","17.2","","17.1","","100","","0.0","","6","","23","","","","101.84","","","","","","NA"
"-63.42","44.61","OSBORNE HEAD DND","8204190","2018-07-21 08:00","2018","07","21","08:00","17.4","","17.2","","99","","0.2","","7","","33","","","","101.78","","","","","","NA"
"-63.42","44.61","OSBORNE HEAD DND","8204190","2018-07-21 09:00","2018","07","21","09:00","17.8","","17.7","","100","","1.0","","7","","41","","","","101.68","","","","","","NA"
"-63.42","44.61","OSBORNE HEAD DND","8204190","2018-07-21 10:00","2018","07","21","10:00","17.5","","17.5","","100","","0.6","","7","","40","","","","101.68","","","","","","NA"
"-63.42","44.61","OSBORNE HEAD DND","8204190","2018-07-21 11:00","2018","07","21","11:00","17.1","","17.1","","100","","0.0","","8","","36","","","","101.67","","","","","","NA"
"-63.42","44.61","OSBORNE HEAD DND","8204190","2018-07-21 12:00","2018","07","21","12:00","17.5","","17.5","","100","","0.0","","7","","29","","","","101.65","","","","","","NA"
"-63.42","44.61","OSBORNE HEAD DND","8204190","2018-07-21 13:00","2018","07","21","13:00","16.5","","16.5","","100","","0.0","","8","","30","","","","101.61","","","","","","NA"
"-63.42","44.61","OSBORNE HEAD DND","8204190","2018-07-21 14:00","2018","07","21","14:00","17.1","","17.1","","100","","0.0","","8","","28","","","","101.60","","","","","","NA"
"-63.42","44.61","OSBORNE HEAD DND","8204190","2018-07-21 15:00","2018","07","21","15:00","16.7","","16.7","","100","","0.0","","8","","27","","","","101.58","","","","","","NA"
"-63.42","44.61","OSBORNE HEAD DND","8204190","2018-07-21 16:00","2018","07","21","16:00","16.1","","16.1","","100","","0.2","","9","","22","","","","101.57","","","","","","NA"
"-63.42","44.61","OSBORNE HEAD DND","8204190","2018-07-21 17:00","2018","07","21","17:00","15.9","","15.9","","100","","0.0","","11","","16","","","","101.57","","","","","","NA"
"-63.42","44.61","OSBORNE HEAD DND","8204190","2018-07-21 18:00","2018","07","21","18:00","15.7","","15.7","","100","","0.0","","16","","9","","","","101.61","","","","","","NA"
"-63.42","44.61","OSBORNE HEAD DND","8204190","2018-07-21 19:00","2018","07","21","19:00","16.6","","16.6","","100","","0.2","","22","","18","","","","101.74","","","","","","NA"
"-63.42","44.61","OSBORNE HEAD DND","8204190","2018-07-21 20:00","2018","07","21","20:00","16.6","","16.6","","100","","0.2","","22","","25","","","","101.80","","","","","","NA"
"-63.42","44.61","OSBORNE HEAD DND","8204190","2018-07-21 21:00","2018","07","21","21:00","16.1","","16.1","","100","","1.4","","22","","35","","","","101.87","","","","","","NA"
"-63.42","44.61","OSBORNE HEAD DND","8204190","2018-07-21 22:00","2018","07","21","22:00","16.2","","16.2","","100","","0.0","","24","","30","","","","101.94","","","","","","NA"
"-63.42","44.61","OSBORNE HEAD DND","8204190","2018-07-21 23:00","2018","07","21","23:00","15.9","","15.9","","100","","0.0","","23","","28","","","","101.97","","","","","","NA"
"-63.42","44.61","OSBORNE HEAD DND","8204190","2018-07-22 00:00","2018","07","22","00:00","15.7","","15.7","","100","","0.0","","21","","23","","","","102.05","","","","","","NA"
"-63.42","44.61","OSBORNE HEAD DND","8204190","2018-07-22 01:00","2018","07","22","01:00","14.9","","14.9","","100","","0.0","","21","","15","","","","102.06","","","","","","NA"
"-63.42","44.61","OSBORNE HEAD DND","8204190","2018-07-22 02:00","2018","07","22","02:00","14.3","","14.3","","100","","0.0","","19","","11","","","","102.08","","","","","","NA"
"-63.42","44.61","OSBORNE HEAD DND","8204190","2018-07-22 03:00","2018","07","22","03:00","14.2","","14.2","","100","","0.0","","19","","8","","","","102.09","","","","","","NA"
"-63.42","44.61","OSBORNE HEAD DND","8204190","2018-07-22 04:00","2018","07","22","04:00","14.3","","14.3","","100","","0.0","","17","","7","","","","102.09","","","","","","NA"
"-63.42","44.61","OSBORNE HEAD DND","8204190","2018-07-22 05:00","2018","07","22","05:00","14.5","","14.5","","100","","0.8","","5","","7","","","","102.09","","","","","","NA"
"-63.42","44.61","OSBORNE HEAD DND","8204190","2018-07-22 06:00","2018","07","22","06:00","14.9","","14.9","","100","","21.6","","8","","12","","","","102.10","","","","","","NA"
"-63.42","44.61","OSBORNE HEAD DND","8204190","2018-07-22 07:00","2018","07","22","07:00","14.9","","14.9","","100","","5.6","","10","","9","","","","102.19","","","","","","NA"
"-63.42","44.61","OSBORNE HEAD DND","8204190","2018-07-22 08:00","2018","07","22","08:00","15.3","","15.3","","100","","0.4","","9","","13","","","","102.19","","","","","","NA"
"-63.42","44.61","OSBORNE HEAD DND","8204190","2018-07-22 09:00","2018","07","22","09:00","15.6","","15.6","","100","","0.0","","7","","10","","","","102.26","","","","","","NA"
"-63.42","44.61","OSBORNE HEAD DND","8204190","2018-07-22 10:00","2018","07","22","10:00","16.8","","16.8","","100","","0.0","","7","","9","","","","102.28","","","","","","NA"
"-63.42","44.61","OSBORNE HEAD DND","8204190","2018-07-22 11:00","2018","07","22","11:00","17.5","","17.5","","100","","0.0","","8","","7","","","","102.29","","","","","","NA"
"-63.42","44.61","OSBORNE HEAD DND","8204190","2018-07-22 12:00","2018","07","22","12:00","16.9","","16.9","","100","","0.2","","13","","14","","","","102.33","","","","","","NA"
"-63.42","44.61","OSBORNE HEAD DND","8204190","2018-07-22 13:00","2018","07","22","13:00","18.7","","18.7","","100","","0.0","","18","","8","","","","102.31","","","","","","NA"
"-63.42","44.61","OSBORNE HEAD DND","8204190","2018-07-22 14:00","2018","07","22","14:00","18.9","","18.9","","100","","0.0","","18","","11","","","","102.31","","","","","","NA"
"-63.42","44.61","OSBORNE HEAD DND","8204190","2018-07-22 15:00","2018","07","22","15:00","18.5","","18.5","","100","","0.0","","20","","20","","","","102.32","","","","","","NA"
"-63.42","44.61","OSBORNE HEAD DND","8204190","2018-07-22 16:00","2018","07","22","16:00","19.2","","19.0","","99","","0.0","","22","","18","","","","102.32","","","","","","NA"
"-63.42","44.61","OSBORNE HEAD DND","8204190","2018-07-22 17:00","2018","07","22","17:00","18.6","","18.6","","100","","0.0","","22","","20","","","","102.33","","","","","","NA"
"-63.42","44.61","OSBORNE HEAD DND","8204190","2018-07-22 18:00","2018","07","22","18:00","18.1","","18.1","","100","","0.0","","20","","14","","","","102.37","","","","","","NA"
"-63.42","44.61","OSBORNE HEAD DND","8204190","2018-07-22 19:00","2018","07","22","19:00","17.7","","17.6","","100","","0.0","","21","","20","","","","102.42","","","","","","NA"
"-63.42","44.61","OSBORNE HEAD DND","8204190","2018-07-22 20:00","2018","07","22","20:00","17.8","","17.8","","100","","0.0","","21","","20","","","","102.44","","","","","","NA"
"-63.42","44.61","OSBORNE HEAD DND","8204190","2018-07-22 21:00","2018","07","22","21:00","18.1","","18.1","","100","","0.0","","22","","16","","","","102.51","","","","","","NA"
"-63.42","44.61","OSBORNE HEAD DND","8204190","2018-07-22 22:00","2018","07","22","22:00","17.7","","17.7","","100","","0.0","","22","","17","","","","102.52","","","","","","NA"
"-63.42","44.61","OSBORNE HEAD DND","8204190","2018-07-22 23:00","2018","07","22","23:00","17.7","","17.6","","100","","0.0","","20","","10","","","","102.51","","","","","","NA"
"-63.42","44.61","OSBORNE HEAD DND","8204190","2018-07-23 00:00","2018","07","23","00:00","17.9","","17.9","","100","","0.0","","22","","14","","","","102.50","","","","","","NA"
"-63.42","44.61","OSBORNE HEAD DND","8204190","2018-07-23 01:00","2018","07","23","01:00","18.0","","18.0","","100","","0.0","","23","","15","","","","102.48","","","","","","NA"
"-63.42","44.61","OSBORNE HEAD DND","8204190","2018-07-23 02:00","2018","07","23","02:00","17.2","","17.1","","100","","0.2","","20","","15","","","","102.47","","","","","","NA"
"-63.42","44.61","OSBORNE HEAD DND","8204190","2018-07-23 03:00","2018","07","23","03:00","17.0","","16.9","","100","","0.0","","20","","15","","","","102.48","","","","","","NA"
"-63.42","44.61","OSBORNE HEAD DND","8204190","2018-07-23 04:00","2018","07","23","04:00","16.8","","16.8","","100","","0.0","","21","","14","","","","102.48","","","","","","NA"
"-63.42","44.61","OSBORNE HEAD DND","8204190","2018-07-23 05:00","2018","07","23","05:00","16.8","","16.8","","100","","0.0","","22","","13","","","","102.52","","","","","","NA"
"-63.42","44.61","OSBORNE HEAD DND","8204190","2018-07-23 06:00","2018","07","23","06:00","16.8","","16.8","","100","","0.0","","21","","13","","","","102.54","","","","","","NA"
"-63.42","44.61","OSBORNE HEAD DND","8204190","2018-07-23 07:00","2018","07","23","07:00","16.7","","16.7","","100","","0.0","","21","","10","","","","102.57","","","","","","NA"
"-63.42","44.61","OSBORNE HEAD DND","8204190","2018-07-23 08:00","2018","07","23","08:00","17.0","","17.0","","100","","0.0","","17","","7","","","","102.58","","","","","","NA"
"-63.42","44.61","OSBORNE HEAD DND","8204190","2018-07-23 09:00","2018","07","23","09:00","17.1","","17.1","","100","","0.0","","19","","11","","","","102.59","","","","","","NA"
"-63.42","44.61","OSBORNE HEAD DND","8204190","2018-07-23 10:00","2018","07","23","10:00","17.3","","17.2","","100","","0.0","","19","","10","","","","102.64","","","","","","NA"
"-63.42","44.61","OSBORNE HEAD DND","8204190","2018-07-23 11:00","2018","07","23","11:00","17.5","","17.4","","100","","0.0","","19","","16","","","","102.62","","","","","","NA"
"-63.42","44.61","OSBORNE HEAD DND","8204190","2018-07-23 12:00","2018","07","23","12:00","17.9","","17.9","","100","","0.0","","20","","15","","","","102.62","","","","","","NA"
"-63.42","44.61","OSBORNE HEAD DND","8204190","2018-07-23 13:00","2018","07","23","13:00","18.5","","18.5","","100","","0.0","","19","","16","","","","102.58","","","","","","NA"
"-63.42","44.61","OSBORNE HEAD DND","8204190","2018-07-23 14:00","2018","07","23","14:00","18.7","","18.5","","98","","0.0","","18","","15","","","","102.57","","","","","","NA"
"-63.42","44.61","OSBORNE HEAD DND","8204190","2018-07-23 15:00","2018","07","23","15:00","18.4","","18.3","","100","","0.0","","19","","14","","","","102.55","","","","","","NA"
"-63.42","44.61","OSBORNE HEAD DND","8204190","2018-07-23 16:00","2018","07","23","16:00","18.1","","18.1","","100","","0.0","","19","","19","","","","102.53","","","","","","NA"
"-63.42","44.61","OSBORNE HEAD DND","8204190","2018-07-23 17:00","2018","07","23","17:00","17.9","","17.9","","100","","0.0","","19","","14","","","","102.52","","","","","","NA"
"-63.42","44.61","OSBORNE HEAD DND","8204190","2018-07-23 18:00","2018","07","23","18:00","17.8","","17.8","","100","","0.0","","21","","16","","","","102.52","","","","","","NA"
"-63.42","44.61","OSBORNE HEAD DND","8204190","2018-07-23 19:00","2018","07","23","19:00","17.6","","17.6","","100","","0.0","","21","","22","","","","102.51","","","","","","NA"
"-63.42","44.61","OSBORNE HEAD DND","8204190","2018-07-23 20:00","2018","07","23","20:00","17.7","","17.7","","100","","0.0","","20","","17","","","","102.58","","","","","","NA"
"-63.42","44.61","OSBORNE HEAD DND","8204190","2018-07-23 21:00","2018","07","23","21:00","18.1","","18.1","","100","","0.0","","23","","16","","","","102.62","","","","","","NA"
"-63.42","44.61","OSBORNE HEAD DND","8204190","2018-07-23 22:00","2018","07","23","22:00","17.7","","17.7","","100","","0.0","","23","","16","","","","102.63","","","","","","NA"
"-63.42","44.61","OSBORNE HEAD DND","8204190","2018-07-23 23:00","2018","07","23","23:00","17.9","","17.9","","100","","0.0","","23","","9","","","","102.64","","","","","","NA"
"-63.42","44.61","OSBORNE HEAD DND","8204190","2018-07-24 00:00","2018","07","24","00:00","19.0","","19.0","","100","","0.0","","27","","5","","","","102.62","","","","","","NA"
"-63.42","44.61","OSBORNE HEAD DND","8204190","2018-07-24 01:00","2018","07","24","01:00","17.4","","17.4","","100","","0.0","","23","","10","","","","102.59","","","","","","NA"
"-63.42","44.61","OSBORNE HEAD DND","8204190","2018-07-24 02:00","2018","07","24","02:00","17.3","","17.3","","100","","0.2","","22","","14","","","","102.59","","","","","","NA"
"-63.42","44.61","OSBORNE HEAD DND","8204190","2018-07-24 03:00","2018","07","24","03:00","17.4","","17.4","","100","","0.0","","23","","12","","","","102.58","","","","","","NA"
"-63.42","44.61","OSBORNE HEAD DND","8204190","2018-07-24 04:00","2018","07","24","04:00","17.0","","17.0","","100","","0.0","","22","","11","","","","102.58","","","","","","NA"
"-63.42","44.61","OSBORNE HEAD DND","8204190","2018-07-24 05:00","2018","07","24","05:00","17.2","","17.2","","100","","0.0","","22","","5","","","","102.63","","","","","","NA"
"-63.42","44.61","OSBORNE HEAD DND","8204190","2018-07-24 06:00","2018","07","24","06:00","17.5","","17.5","","100","","0.0","","19","","6","","","","102.66","","","","","","NA"
"-63.42","44.61","OSBORNE HEAD DND","8204190","2018-07-24 07:00","2018","07","24","07:00","18.2","","18.2","","100","","0.2","","16","","2","","","","102.65","","","","","","NA"
"-63.42","44.61","OSBORNE HEAD DND","8204190","2018-07-24 08:00","2018","07","24","08:00","17.3","","17.2","","100","","0.0","","18","","6","","","","102.66","","","","","","NA"
"-63.42","44.61","OSBORNE HEAD DND","8204190","2018-07-24 09:00","2018","07","24","09:00","17.8","","17.8","","100","","0.0","","20","","14","","","","102.63","","","","","","NA"
"-63.42","44.61","OSBORNE HEAD DND","8204190","2018-07-24 10:00","2018","07","24","10:00","18.1","","18.1","","100","","0.0","","19","","19","","","","102.62","","","","","","NA"
"-63.42","44.61","OSBORNE HEAD DND","8204190","2018-07-24 11:00","2018","07","24","11:00","18.3","","18.3","","100","","0.0","","19","","16","","","","102.60","","","","","","NA"
"-63.42","44.61","OSBORNE HEAD DND","8204190","2018-07-24 12:00","2018","07","24","12:00","18.9","","18.6","","98","","0.0","","19","","20","","","","102.56","","","","","","NA"
"-63.42","44.61","OSBORNE HEAD DND","8204190","2018-07-24 13:00","2018","07","24","13:00","18.7","","18.5","","99","","0.0","","19","","22","","","","102.54","","","","","","NA"
"-63.42","44.61","OSBORNE HEAD DND","8204190","2018-07-24 14:00","2018","07","24","14:00","19.1","","18.9","","99","","0.0","","19","","22","","","","102.51","","","","","","NA"
"-63.42","44.61","OSBORNE HEAD DND","8204190","2018-07-24 15:00","2018","07","24","15:00","18.6","","18.5","","99","","0.0","","20","","24","","","","102.45","","","","","","NA"
"-63.42","44.61","OSBORNE HEAD DND","8204190","2018-07-24 16:00","2018","07","24","16:00","18.7","","18.7","","100","","0.0","","21","","28","","","","102.42","","","","","","NA"
"-63.42","44.61","OSBORNE HEAD DND","8204190","2018-07-24 17:00","2018","07","24","17:00","18.7","","18.6","","100","","0.0","","20","","30","","","","102.35","","","","","","NA"
"-63.42","44.61","OSBORNE HEAD DND","8204190","2018-07-24 18:00","2018","07","24","18:00","18.1","","18.1","","100","","0.0","","21","","23","","","","102.34","","","","","","NA"
"-63.42","44.61","OSBORNE HEAD DND","8204190","2018-07-24 19:00","2018","07","24","19:00","18.2","","18.1","","100","","0.0","","21","","24","","","","102.33","","","","","","NA"
"-63.42","44.61","OSBORNE HEAD DND","8204190","2018-07-24 20:00","2018","07","24","20:00","17.8","","17.8","","100","","0.0","","22","","22","","","","102.32","","","","","","NA"
"-63.42","44.61","OSBORNE HEAD DND","8204190","2018-07-24 21:00","2018","07","24","21:00","18.6","","18.6","","100","","0.0","","23","","21","","","","102.32","","","","","","NA"
"-63.42","44.61","OSBORNE HEAD DND","8204190","2018-07-24 22:00","2018","07","24","22:00","19.3","","19.3","","100","","0.0","","23","","27","","","","102.32","","","","","","NA"
"-63.42","44.61","OSBORNE HEAD DND","8204190","2018-07-24 23:00","2018","07","24","23:00","19.3","","19.3","","100","","0.0","","23","","25","","","","102.33","","","","","","NA"
"-63.42","44.61","OSBORNE HEAD DND","8204190","2018-07-25 00:00","2018","07","25","00:00","20.1","","20.1","","100","","0.0","","24","","21","","","","102.33","","28","","","","NA"
"-63.42","44.61","OSBORNE HEAD DND","8204190","2018-07-25 01:00","2018","07","25","01:00","20.2","","20.2","","100","","0.0","","24","","22","","","","102.27","","28","","","","NA"
"-63.42","44.61","OSBORNE HEAD DND","8204190","2018-07-25 02:00","2018","07","25","02:00","17.5","","17.5","","100","","0.0","","22","","15","","","","102.24","","","","","","NA"
"-63.42","44.61","OSBORNE HEAD DND","8204190","2018-07-25 03:00","2018","07","25","03:00","17.2","","17.1","","100","","0.0","","21","","16","","","","102.23","","","","","","NA"
"-63.42","44.61","OSBORNE HEAD DND","8204190","2018-07-25 04:00","2018","07","25","04:00","18.7","","18.7","","100","","0.0","","24","","15","","","","102.19","","","","","","NA"
"-63.42","44.61","OSBORNE HEAD DND","8204190","2018-07-25 05:00","2018","07","25","05:00","18.4","","18.4","","100","","0.0","","23","","13","","","","102.18","","","","","","NA"
"-63.42","44.61","OSBORNE HEAD DND","8204190","2018-07-25 06:00","2018","07","25","06:00","17.5","","17.4","","100","","0.0","","21","","18","","","","102.16","","","","","","NA"
"-63.42","44.61","OSBORNE HEAD DND","8204190","2018-07-25 07:00","2018","07","25","07:00","17.4","","17.4","","100","","0.0","","22","","16","","","","102.15","","","","","","NA"
"-63.42","44.61","OSBORNE HEAD DND","8204190","2018-07-25 08:00","2018","07","25","08:00","17.5","","17.5","","100","","0.0","","20","","17","","","","102.16","","","","","","NA"
"-63.42","44.61","OSBORNE HEAD DND","8204190","2018-07-25 09:00","2018","07","25","09:00","17.7","","17.7","","100","","0.0","","19","","17","","","","102.14","","","","","","NA"
"-63.42","44.61","OSBORNE HEAD DND","8204190","2018-07-25 10:00","2018","07","25","10:00","18.1","","18.1","","100","","0.0","","22","","21","","","","102.14","","","","","","NA"
"-63.42","44.61","OSBORNE HEAD DND","8204190","2018-07-25 11:00","2018","07","25","11:00","18.2","","18.2","","100","","0.0","","21","","20","","","","102.12","","","","","","NA"
"-63.42","44.61","OSBORNE HEAD DND","8204190","2018-07-25 12:00","2018","07","25","12:00","18.8","","18.8","","100","","0.0","","20","","25","","","","102.07","","","","","","NA"
"-63.42","44.61","OSBORNE HEAD DND","8204190","2018-07-25 13:00","2018","07","25","13:00","19.6","","19.3","","98","","0.0","","20","","24","","","","102.03","","","","","","NA"
"-63.42","44.61","OSBORNE HEAD DND","8204190","2018-07-25 14:00","2018","07","25","14:00","19.2","","19.1","","100","","0.0","","20","","30","","","","101.97","","","","","","NA"
"-63.42","44.61","OSBORNE HEAD DND","8204190","2018-07-25 15:00","2018","07","25","15:00","19.2","","19.2","","100","","0.0","","21","","29","","","","101.94","","","","","","NA"
"-63.42","44.61","OSBORNE HEAD DND","8204190","2018-07-25 16:00","2018","07","25","16:00","18.7","","18.7","","100","","0.0","","21","","30","","","","101.90","","","","","","NA"
"-63.42","44.61","OSBORNE HEAD DND","8204190","2018-07-25 17:00","2018","07","25","17:00","18.4","","18.4","","100","","0.0","","21","","28","","","","101.86","","","","","","NA"
"-63.42","44.61","OSBORNE HEAD DND","8204190","2018-07-25 18:00","2018","07","25","18:00","18.3","","18.3","","100","","0.0","","21","","28","","","","101.84","","","","","","NA"
"-63.42","44.61","OSBORNE HEAD DND","8204190","2018-07-25 19:00","2018","07","25","19:00","18.0","","18.0","","100","","0.0","","21","","29","","","","101.82","","","","","","NA"
"-63.42","44.61","OSBORNE HEAD DND","8204190","2018-07-25 20:00","2018","07","25","20:00","18.1","","18.1","","100","","0.0","","22","","27","","","","101.84","","","","","","NA"
"-63.42","44.61","OSBORNE HEAD DND","8204190","2018-07-25 21:00","2018","07","25","21:00","18.0","","18.0","","100","","0.0","","21","","24","","","","101.86","","","","","","NA"
"-63.42","44.61","OSBORNE HEAD DND","8204190","2018-07-25 22:00","2018","07","25","22:00","17.9","","17.9","","100","","0.0","","21","","23","","","","101.86","","","","","","NA"
"-63.42","44.61","OSBORNE HEAD DND","8204190","2018-07-25 23:00","2018","07","25","23:00","18.3","","18.3","","100","","0.0","","22","","27","","","","101.84","","","","","","NA"
"-63.42","44.61","OSBORNE HEAD DND","8204190","2018-07-26 00:00","2018","07","26","00:00","18.1","","18.1","","100","","0.0","","22","","24","","","","101.80","","","","","","NA"
"-63.42","44.61","OSBORNE HEAD DND","8204190","2018-07-26 01:00","2018","07","26","01:00","17.5","","17.5","","100","","0.0","","22","","21","","","","101.76","","","","","","NA"
"-63.42","44.61","OSBORNE HEAD DND","8204190","2018-07-26 02:00","2018","07","26","02:00","17.6","","17.6","","100","","0.0","","22","","23","","","","101.70","","","","","","NA"
"-63.42","44.61","OSBORNE HEAD DND","8204190","2018-07-26 03:00","2018","07","26","03:00","17.6","","17.6","","100","","0.2","","21","","31","","","","101.63","","","","","","NA"
"-63.42","44.61","OSBORNE HEAD DND","8204190","2018-07-26 04:00","2018","07","26","04:00","17.2","","17.2","","100","","0.0","","21","","24","","","","101.60","","","","","","NA"
"-63.42","44.61","OSBORNE HEAD DND","8204190","2018-07-26 05:00","2018","07","26","05:00","17.6","","17.6","","100","","0.0","","21","","19","","","","101.59","","","","","","NA"
"-63.42","44.61","OSBORNE HEAD DND","8204190","2018-07-26 06:00","2018","07","26","06:00","17.6","","17.6","","100","","0.0","","21","","18","","","","101.59","","","","","","NA"
"-63.42","44.61","OSBORNE HEAD DND","8204190","2018-07-26 07:00","2018","07","26","07:00","17.5","","17.5","","100","","0.0","","22","","24","","","","101.56","","","","","","NA"
"-63.42","44.61","OSBORNE HEAD DND","8204190","2018-07-26 08:00","2018","07","26","08:00","17.9","","17.9","","100","","0.0","","21","","23","","","","101.56","","","","","","NA"
"-63.42","44.61","OSBORNE HEAD DND","8204190","2018-07-26 09:00","2018","07","26","09:00","18.1","","18.1","","100","","0.0","","21","","28","","","","101.51","","","","","","NA"
"-63.42","44.61","OSBORNE HEAD DND","8204190","2018-07-26 10:00","2018","07","26","10:00","18.1","","18.0","","100","","0.0","","21","","23","","","","101.50","","","","","","NA"
"-63.42","44.61","OSBORNE HEAD DND","8204190","2018-07-26 11:00","2018","07","26","11:00","18.7","","18.5","","99","","0.0","","21","","22","","","","101.49","","","","","","NA"
"-63.42","44.61","OSBORNE HEAD DND","8204190","2018-07-26 12:00","2018","07","26","12:00","19.1","","18.6","","97","","0.0","","20","","31","","","","101.44","","","","","","NA"
"-63.42","44.61","OSBORNE HEAD DND","8204190","2018-07-26 13:00","2018","07","26","13:00","19.1","","18.5","","97","","0.0","","20","","34","","","","101.42","","","","","","NA"
"-63.42","44.61","OSBORNE HEAD DND","8204190","2018-07-26 14:00","2018","07","26","14:00","18.8","","18.4","","98","","0.0","","21","","22","","","","101.41","","","","","","NA"
"-63.42","44.61","OSBORNE HEAD DND","8204190","2018-07-26 15:00","2018","07","26","15:00","19.0","","18.6","","98","","0.0","","21","","19","","","","101.36","","","","","","NA"
"-63.42","44.61","OSBORNE HEAD DND","8204190","2018-07-26 16:00","2018","07","26","16:00","18.3","","18.2","","99","","0.0","","21","","23","","","","101.32","","","","","","NA"
"-63.42","44.61","OSBORNE HEAD DND","8204190","2018-07-26 17:00","2018","07","26","17:00","18.2","","18.2","","100","","1.2","","20","","36","","","","101.24","","","","","","NA"
"-63.42","44.61","OSBORNE HEAD DND","8204190","2018-07-26 18:00","2018","07","26","18:00","17.7","","17.7","","100","","3.0","","21","","26","","","","101.21","","","","","","NA"
"-63.42","44.61","OSBORNE HEAD DND","8204190","2018-07-26 19:00","2018","07","26","19:00","18.0","","18.0","","100","","0.2","","19","","37","","","","101.17","","","","","","NA"
"-63.42","44.61","OSBORNE HEAD DND","8204190","2018-07-26 20:00","2018","07","26","20:00","17.9","","17.9","","100","","0.0","","19","","36","","","","101.16","","","","","","NA"
"-63.42","44.61","OSBORNE HEAD DND","8204190","2018-07-26 21:00","2018","07","26","21:00","17.7","","17.7","","100","","0.4","","21","","36","","","","101.18","","","","","","NA"
"-63.42","44.61","OSBORNE HEAD DND","8204190","2018-07-26 22:00","2018","07","26","22:00","17.3","","17.3","","100","","0.0","","22","","34","","","","101.19","","","","","","NA"
"-63.42","44.61","OSBORNE HEAD DND","8204190","2018-07-26 23:00","2018","07","26","23:00","17.0","","17.0","","100","","0.0","","22","","28","","","","101.17","","","","","","NA"
"-63.42","44.61","OSBORNE HEAD DND","8204190","2018-07-27 00:00","2018","07","27","00:00","16.6","","16.6","","100","","0.0","","22","","25","","","","101.10","","","","","","NA"
"-63.42","44.61","OSBORNE HEAD DND","8204190","2018-07-27 01:00","2018","07","27","01:00","16.7","","16.7","","100","","0.0","","22","","35","","","","101.07","","","","","","NA"
"-63.42","44.61","OSBORNE HEAD DND","8204190","2018-07-27 02:00","2018","07","27","02:00","17.2","","17.2","","100","","0.0","","22","","34","","","","101.06","","","","","","NA"
"-63.42","44.61","OSBORNE HEAD DND","8204190","2018-07-27 03:00","2018","07","27","03:00","17.8","","17.8","","100","","0.0","","23","","36","","","","101.04","","","","","","NA"
"-63.42","44.61","OSBORNE HEAD DND","8204190","2018-07-27 04:00","2018","07","27","04:00","17.5","","17.5","","100","","0.0","","24","","30","","","","101.08","","","","","","NA"
"-63.42","44.61","OSBORNE HEAD DND","8204190","2018-07-27 05:00","2018","07","27","05:00","17.3","","17.2","","100","","0.0","","23","","26","","","","101.13","","","","","","NA"
"-63.42","44.61","OSBORNE HEAD DND","8204190","2018-07-27 06:00","2018","07","27","06:00","16.0","","16.0","","100","","0.0","","20","","16","","","","101.16","","","","","","NA"
"-63.42","44.61","OSBORNE HEAD DND","8204190","2018-07-27 07:00","2018","07","27","07:00","16.2","","16.2","","100","","0.0","","22","","24","","","","101.17","","","","","","NA"
"-63.42","44.61","OSBORNE HEAD DND","8204190","2018-07-27 08:00","2018","07","27","08:00","16.7","","16.7","","100","","0.0","","23","","19","","","","101.23","","","","","","NA"
"-63.42","44.61","OSBORNE HEAD DND","8204190","2018-07-27 09:00","2018","07","27","09:00","15.4","","15.4","","100","","0.0","","21","","22","","","","101.24","","","","","","NA"
"-63.42","44.61","OSBORNE HEAD DND","8204190","2018-07-27 10:00","2018","07","27","10:00","18.6","","18.5","","100","","0.0","","23","","20","","","","101.30","","","","","","NA"
"-63.42","44.61","OSBORNE HEAD DND","8204190","2018-07-27 11:00","2018","07","27","11:00","16.6","","16.6","","100","","0.0","","21","","19","","","","101.32","","","","","","NA"
"-63.42","44.61","OSBORNE HEAD DND","8204190","2018-07-27 12:00","2018","07","27","12:00","16.5","","16.4","","100","","0.0","","20","","17","","","","101.36","","","","","","NA"
"-63.42","44.61","OSBORNE HEAD DND","8204190","2018-07-27 13:00","2018","07","27","13:00","16.5","","16.4","","100","","0.0","","19","","23","","","","101.36","","","","","","NA"
"-63.42","44.61","OSBORNE HEAD DND","8204190","2018-07-27 14:00","2018","07","27","14:00","16.8","","16.7","","99","","0.0","","20","","22","","","","101.38","","","","","","NA"
"-63.42","44.61","OSBORNE HEAD DND","8204190","2018-07-27 15:00","2018","07","27","15:00","17.5","","17.4","","99","","0.0","","22","","27","","","","101.38","","","","","","NA"
"-63.42","44.61","OSBORNE HEAD DND","8204190","2018-07-27 16:00","2018","07","27","16:00","17.8","","17.2","","96","","0.0","","21","","22","","","","101.36","","","","","","NA"
"-63.42","44.61","OSBORNE HEAD DND","8204190","2018-07-27 17:00","2018","07","27","17:00","17.4","","17.2","","99","","0.0","","22","","25","","","","101.35","","","","","","NA"
"-63.42","44.61","OSBORNE HEAD DND","8204190","2018-07-27 18:00","2018","07","27","18:00","16.0","","16.0","","100","","0.0","","21","","26","","","","101.35","","","","","","NA"
"-63.42","44.61","OSBORNE HEAD DND","8204190","2018-07-27 19:00","2018","07","27","19:00","15.6","","15.6","","100","","0.0","","21","","20","","","","101.40","","","","","","NA"
"-63.42","44.61","OSBORNE HEAD DND","8204190","2018-07-27 20:00","2018","07","27","20:00","16.2","","16.2","","100","","0.0","","23","","17","","","","101.46","","","","","","NA"
"-63.42","44.61","OSBORNE HEAD DND","8204190","2018-07-27 21:00","2018","07","27","21:00","16.4","","16.4","","100","","0.0","","23","","19","","","","101.53","","","","","","NA"
"-63.42","44.61","OSBORNE HEAD DND","8204190","2018-07-27 22:00","2018","07","27","22:00","16.6","","16.6","","100","","0.0","","28","","5","","","","101.57","","","","","","NA"
"-63.42","44.61","OSBORNE HEAD DND","8204190","2018-07-27 23:00","2018","07","27","23:00","16.9","","16.9","","100","","0.0","","22","","8","","","","101.55","","","","","","NA"
"-63.42","44.61","OSBORNE HEAD DND","8204190","2018-07-28 00:00","2018","07","28","00:00","16.3","","16.3","","100","","0.0","","22","","10","","","","101.57","","","","","","NA"
"-63.42","44.61","OSBORNE HEAD DND","8204190","2018-07-28 01:00","2018","07","28","01:00","16.3","","16.3","","100","","0.0","","22","","11","","","","101.51","","","","","","NA"
"-63.42","44.61","OSBORNE HEAD DND","8204190","2018-07-28 02:00","2018","07","28","02:00","16.5","","16.5","","100","","0.0","","22","","12","","","","101.50","","","","","","NA"
"-63.42","44.61","OSBORNE HEAD DND","8204190","2018-07-28 03:00","2018","07","28","03:00","16.8","","16.8","","100","","0.0","","23","","13","","","","101.48","","","","","","NA"
"-63.42","44.61","OSBORNE HEAD DND","8204190","2018-07-28 04:00","2018","07","28","04:00","16.3","","16.3","","100","","0.2","","22","","16","","","","101.48","","","","","","NA"
"-63.42","44.61","OSBORNE HEAD DND","8204190","2018-07-28 05:00","2018","07","28","05:00","16.3","","16.3","","100","","0.0","","22","","15","","","","101.48","","","","","","NA"
"-63.42","44.61","OSBORNE HEAD DND","8204190","2018-07-28 06:00","2018","07","28","06:00","15.9","","15.9","","100","","0.0","","17","","4","","","","101.51","","","","","","NA"
"-63.42","44.61","OSBORNE HEAD DND","8204190","2018-07-28 07:00","2018","07","28","07:00","15.8","","15.8","","100","","0.0","","16","","12","","","","101.52","","","","","","NA"
"-63.42","44.61","OSBORNE HEAD DND","8204190","2018-07-28 08:00","2018","07","28","08:00","16.5","","16.5","","100","","0.0","","17","","9","","","","101.54","","","","","","NA"
"-63.42","44.61","OSBORNE HEAD DND","8204190","2018-07-28 09:00","2018","07","28","09:00","17.4","","17.3","","100","","0.2","","16","","8","","","","101.53","","","","","","NA"
"-63.42","44.61","OSBORNE HEAD DND","8204190","2018-07-28 10:00","2018","07","28","10:00","17.8","","17.8","","100","","0.2","","14","","8","","","","101.50","","","","","","NA"
"-63.42","44.61","OSBORNE HEAD DND","8204190","2018-07-28 11:00","2018","07","28","11:00","18.3","","18.3","","100","","0.0","","17","","6","","","","101.53","","","","","","NA"
"-63.42","44.61","OSBORNE HEAD DND","8204190","2018-07-28 12:00","2018","07","28","12:00","17.5","","17.4","","100","","0.0","","21","","13","","","","101.51","","","","","","NA"
"-63.42","44.61","OSBORNE HEAD DND","8204190","2018-07-28 13:00","2018","07","28","13:00","17.6","","17.6","","100","","0.0","","21","","22","","","","101.48","","","","","","NA"
"-63.42","44.61","OSBORNE HEAD DND","8204190","2018-07-28 14:00","2018","07","28","14:00","18.4","","18.4","","100","","0.4","","18","","20","","","","101.45","","","","","","NA"
"-63.42","44.61","OSBORNE HEAD DND","8204190","2018-07-28 15:00","2018","07","28","15:00","18.3","","18.3","","100","","0.0","","20","","20","","","","101.42","","","","","","NA"
"-63.42","44.61","OSBORNE HEAD DND","8204190","2018-07-28 16:00","2018","07","28","16:00","18.4","","18.3","","100","","0.0","","20","","19","","","","101.36","","","","","","NA"
"-63.42","44.61","OSBORNE HEAD DND","8204190","2018-07-28 17:00","2018","07","28","17:00","18.0","","17.9","","100","","0.0","","14","","9","","","","101.34","","","","","","NA"
"-63.42","44.61","OSBORNE HEAD DND","8204190","2018-07-28 18:00","2018","07","28","18:00","17.9","","17.8","","100","","0.0","","18","","9","","","","101.34","","","","","","NA"
"-63.42","44.61","OSBORNE HEAD DND","8204190","2018-07-28 19:00","2018","07","28","19:00","17.8","","17.8","","100","","0.0","","21","","15","","","","101.35","","","","","","NA"
"-63.42","44.61","OSBORNE HEAD DND","8204190","2018-07-28 20:00","2018","07","28","20:00","17.6","","17.6","","100","","0.0","","19","","13","","","","101.35","","","","","","NA"
"-63.42","44.61","OSBORNE HEAD DND","8204190","2018-07-28 21:00","2018","07","28","21:00","17.1","","17.1","","100","","0.0","","21","","17","","","","101.40","","","","","","NA"
"-63.42","44.61","OSBORNE HEAD DND","8204190","2018-07-28 22:00","2018","07","28","22:00","18.1","","18.1","","100","","0.0","","24","","18","","","","101.40","","","","","","NA"
"-63.42","44.61","OSBORNE HEAD DND","8204190","2018-07-28 23:00","2018","07","28","23:00","17.8","","17.8","","100","","0.0","","23","","19","","","","101.40","","","","","","NA"
"-63.42","44.61","OSBORNE HEAD DND","8204190","2018-07-29 00:00","2018","07","29","00:00","17.9","","17.8","","100","","0.0","","23","","20","","","","101.40","","","","","","NA"
"-63.42","44.61","OSBORNE HEAD DND","8204190","2018-07-29 01:00","2018","07","29","01:00","17.7","","17.7","","100","","0.0","","22","","11","","","","101.34","","","","","","NA"
"-63.42","44.61","OSBORNE HEAD DND","8204190","2018-07-29 02:00","2018","07","29","02:00","16.5","","16.5","","100","","0.0","","18","","8","","","","101.30","","","","","","NA"
"-63.42","44.61","OSBORNE HEAD DND","8204190","2018-07-29 03:00","2018","07","29","03:00","16.2","","16.2","","100","","0.6","","21","","7","","","","101.28","","","","","","NA"
"-63.42","44.61","OSBORNE HEAD DND","8204190","2018-07-29 04:00","2018","07","29","04:00","17.2","","17.2","","100","","0.2","","23","","12","","","","101.27","","","","","","NA"
"-63.42","44.61","OSBORNE HEAD DND","8204190","2018-07-29 05:00","2018","07","29","05:00","18.0","","17.9","","100","","1.4","","22","","15","","","","101.22","","","","","","NA"
"-63.42","44.61","OSBORNE HEAD DND","8204190","2018-07-29 06:00","2018","07","29","06:00","17.6","","17.6","","100","","4.4","","22","","12","","","","101.20","","","","","","NA"
"-63.42","44.61","OSBORNE HEAD DND","8204190","2018-07-29 07:00","2018","07","29","07:00","17.6","","17.6","","100","","0.2","","19","","24","","","","101.16","","","","","","NA"
"-63.42","44.61","OSBORNE HEAD DND","8204190","2018-07-29 08:00","2018","07","29","08:00","17.4","","17.4","","100","","0.0","","22","","17","","","","101.21","","","","","","NA"
"-63.42","44.61","OSBORNE HEAD DND","8204190","2018-07-29 09:00","2018","07","29","09:00","17.4","","17.4","","100","","0.0","","21","","17","","","","101.16","","","","","","NA"
"-63.42","44.61","OSBORNE HEAD DND","8204190","2018-07-29 10:00","2018","07","29","10:00","17.0","","17.0","","100","","0.0","","20","","28","","","","101.11","","","","","","NA"
"-63.42","44.61","OSBORNE HEAD DND","8204190","2018-07-29 11:00","2018","07","29","11:00","20.0","","20.0","","100","","0.0","","24","","22","","","","101.12","","28","","","","NA"
"-63.42","44.61","OSBORNE HEAD DND","8204190","2018-07-29 12:00","2018","07","29","12:00","17.9","","17.9","","100","","0.0","","20","","21","","","","101.08","","","","","","NA"
"-63.42","44.61","OSBORNE HEAD DND","8204190","2018-07-29 13:00","2018","07","29","13:00","18.1","","17.8","","98","","0.0","","21","","31","","","","101.04","","","","","","NA"
"-63.42","44.61","OSBORNE HEAD DND","8204190","2018-07-29 14:00","2018","07","29","14:00","18.3","","18.0","","98","","0.0","","20","","28","","","","101.05","","","","","","NA"
"-63.42","44.61","OSBORNE HEAD DND","8204190","2018-07-29 15:00","2018","07","29","15:00","18.0","","17.7","","98","","0.0","","20","","30","","","","101.05","","","","","","NA"
"-63.42","44.61","OSBORNE HEAD DND","8204190","2018-07-29 16:00","2018","07","29","16:00","19.5","","18.3","","93","","0.0","","22","","27","","","","101.06","","","","","","NA"
"-63.42","44.61","OSBORNE HEAD DND","8204190","2018-07-29 17:00","2018","07","29","17:00","18.4","","17.7","","96","","0.0","","21","","25","","","","101.05","","","","","","NA"
"-63.42","44.61","OSBORNE HEAD DND","8204190","2018-07-29 18:00","2018","07","29","18:00","18.9","","18.4","","97","","0.0","","23","","18","","","","101.06","","","","","","NA"
"-63.42","44.61","OSBORNE HEAD DND","8204190","2018-07-29 19:00","2018","07","29","19:00","17.6","","17.5","","99","","0.0","","23","","24","","","","101.06","","","","","","NA"
"-63.42","44.61","OSBORNE HEAD DND","8204190","2018-07-29 20:00","2018","07","29","20:00","16.4","","16.3","","100","","0.0","","17","","10","","","","101.11","","","","","","NA"
"-63.42","44.61","OSBORNE HEAD DND","8204190","2018-07-29 21:00","2018","07","29","21:00","16.8","","16.8","","100","","0.0","","24","","16","","","","101.17","","","","","","NA"
"-63.42","44.61","OSBORNE HEAD DND","8204190","2018-07-29 22:00","2018","07","29","22:00","17.0","","17.0","","100","","0.0","","23","","13","","","","101.13","","","","","","NA"
"-63.42","44.61","OSBORNE HEAD DND","8204190","2018-07-29 23:00","2018","07","29","23:00","17.6","","17.5","","100","","0.0","","27","","9","","","","101.16","","","","","","NA"
"-63.42","44.61","OSBORNE HEAD DND","8204190","2018-07-30 00:00","2018","07","30","00:00","16.2","","16.2","","100","","0.0","","23","","10","","","","101.19","","","","","","NA"
"-63.42","44.61","OSBORNE HEAD DND","8204190","2018-07-30 01:00","2018","07","30","01:00","16.9","","16.9","","100","","0.0","","25","","11","","","","101.19","","","","","","NA"
"-63.42","44.61","OSBORNE HEAD DND","8204190","2018-07-30 02:00","2018","07","30","02:00","18.0","","17.7","","99","","0.0","","25","","7","","","","101.17","","","","","","NA"
"-63.42","44.61","OSBORNE HEAD DND","8204190","2018-07-30 03:00","2018","07","30","03:00","17.1","","17.1","","100","","0.0","","25","","18","","","","101.16","","","","","","NA"
"-63.42","44.61","OSBORNE HEAD DND","8204190","2018-07-30 04:00","2018","07","30","04:00","17.3","","17.3","","100","","0.0","","26","","14","","","","101.18","","","","","","NA"
"-63.42","44.61","OSBORNE HEAD DND","8204190","2018-07-30 05:00","2018","07","30","05:00","17.3","","17.2","","100","","0.0","","27","","12","","","","101.21","","","","","","NA"
"-63.42","44.61","OSBORNE HEAD DND","8204190","2018-07-30 06:00","2018","07","30","06:00","18.1","","17.0","","93","","0.0","","25","","7","","","","101.27","","","","","","NA"
"-63.42","44.61","OSBORNE HEAD DND","8204190","2018-07-30 07:00","2018","07","30","07:00","20.3","","17.9","","86","","0.0","","27","","6","","","","101.29","","26","","","","NA"
"-63.42","44.61","OSBORNE HEAD DND","8204190","2018-07-30 08:00","2018","07","30","08:00","21.5","","17.0","","76","","0.0","","28","","11","","","","101.32","","27","","","","NA"
"-63.42","44.61","OSBORNE HEAD DND","8204190","2018-07-30 09:00","2018","07","30","09:00","23.1","","16.7","","67","","0.0","","27","","17","","","","101.29","","28","","","","NA"
"-63.42","44.61","OSBORNE HEAD DND","8204190","2018-07-30 10:00","2018","07","30","10:00","24.4","","14.8","","55","","0.0","","26","","17","","","","101.25","","28","","","","NA"
"-63.42","44.61","OSBORNE HEAD DND","8204190","2018-07-30 11:00","2018","07","30","11:00","25.4","","15.0","","53","","0.0","","29","","18","","","","101.27","","29","","","","NA"
"-63.42","44.61","OSBORNE HEAD DND","8204190","2018-07-30 12:00","2018","07","30","12:00","26.2","","14.5","","49","","0.0","","28","","21","","","","101.26","","30","","","","NA"
"-63.42","44.61","OSBORNE HEAD DND","8204190","2018-07-30 13:00","2018","07","30","13:00","26.8","","12.4","","41","","0.0","","28","","23","","","","101.26","","29","","","","NA"
"-63.42","44.61","OSBORNE HEAD DND","8204190","2018-07-30 14:00","2018","07","30","14:00","21.4","","15.2","","68","","0.0","","22","","26","","","","101.23","","25","","","","NA"
"-63.42","44.61","OSBORNE HEAD DND","8204190","2018-07-30 15:00","2018","07","30","15:00","21.6","","15.7","","69","","0.0","","22","","37","","","","101.25","","26","","","","NA"
"-63.42","44.61","OSBORNE HEAD DND","8204190","2018-07-30 16:00","2018","07","30","16:00","21.2","","15.9","","72","","0.0","","22","","34","","","","101.26","","26","","","","NA"
"-63.42","44.61","OSBORNE HEAD DND","8204190","2018-07-30 17:00","2018","07","30","17:00","20.9","","15.5","","71","","0.0","","23","","30","","","","101.25","","25","","","","NA"
"-63.42","44.61","OSBORNE HEAD DND","8204190","2018-07-30 18:00","2018","07","30","18:00","20.8","","15.5","","72","","0.0","","23","","23","","","","101.29","","25","","","","NA"
"-63.42","44.61","OSBORNE HEAD DND","8204190","2018-07-30 19:00","2018","07","30","19:00","20.0","","15.6","","76","","0.0","","24","","10","","","","101.34","","","","","","NA"
"-63.42","44.61","OSBORNE HEAD DND","8204190","2018-07-30 20:00","2018","07","30","20:00","21.1","","16.3","","74","","0.0","","27","","16","","","","101.39","","26","","","","NA"
"-63.42","44.61","OSBORNE HEAD DND","8204190","2018-07-30 21:00","2018","07","30","21:00","21.4","","14.6","","65","","0.0","","28","","17","","","","101.44","","25","","","","NA"
"-63.42","44.61","OSBORNE HEAD DND","8204190","2018-07-30 22:00","2018","07","30","22:00","20.7","","14.9","","69","","0.0","","28","","15","","","","101.47","","25","","","","NA"
"-63.42","44.61","OSBORNE HEAD DND","8204190","2018-07-30 23:00","2018","07","30","23:00","20.6","","14.6","","69","","0.0","","28","","16","","","","101.49","","","","","","NA"
"-63.42","44.61","OSBORNE HEAD DND","8204190","2018-07-31 00:00","2018","07","31","00:00","19.8","","14.5","","72","","0.0","","28","","16","","","","101.48","","","","","","NA"
"-63.42","44.61","OSBORNE HEAD DND","8204190","2018-07-31 01:00","2018","07","31","01:00","19.6","","14.5","","73","","0.0","","29","","7","","","","101.46","","","","","","NA"
"-63.42","44.61","OSBORNE HEAD DND","8204190","2018-07-31 02:00","2018","07","31","02:00","18.5","","14.2","","76","","0.0","","29","","3","","","","101.43","","","","","","NA"
"-63.42","44.61","OSBORNE HEAD DND","8204190","2018-07-31 03:00","2018","07","31","03:00","18.1","","14.9","","82","","0.0","","27","","6","","","","101.44","","","","","","NA"
"-63.42","44.61","OSBORNE HEAD DND","8204190","2018-07-31 04:00","2018","07","31","04:00","16.2","","14.4","","89","","0.0","","24","","8","","","","101.48","","","","","","NA"
"-63.42","44.61","OSBORNE HEAD DND","8204190","2018-07-31 05:00","2018","07","31","05:00","16.0","","14.4","","91","","0.0","","25","","8","","","","101.52","","","","","","NA"
"-63.42","44.61","OSBORNE HEAD DND","8204190","2018-07-31 06:00","2018","07","31","06:00","16.2","","14.5","","90","","0.0","","25","","9","","","","101.55","","","","","","NA"
"-63.42","44.61","OSBORNE HEAD DND","8204190","2018-07-31 07:00","2018","07","31","07:00","17.0","","14.5","","85","","0.0","","24","","8","","","","101.58","","","","","","NA"
"-63.42","44.61","OSBORNE HEAD DND","8204190","2018-07-31 08:00","2018","07","31","08:00","18.9","","16.0","","84","","0.0","","22","","12","","","","101.58","","","","","","NA"
"-63.42","44.61","OSBORNE HEAD DND","8204190","2018-07-31 09:00","2018","07","31","09:00","17.8","","15.7","","88","","0.0","","21","","12","","","","101.55","","","","","","NA"
"-63.42","44.61","OSBORNE HEAD DND","8204190","2018-07-31 10:00","2018","07","31","10:00","19.7","","16.3","","81","","0.0","","19","","12","","","","101.55","","","","","","NA"
"-63.42","44.61","OSBORNE HEAD DND","8204190","2018-07-31 11:00","2018","07","31","11:00","19.8","","15.6","","77","","0.0","","22","","19","","","","101.54","","","","","","NA"
"-63.42","44.61","OSBORNE HEAD DND","8204190","2018-07-31 12:00","2018","07","31","12:00","18.0","","15.4","","85","","0.0","","21","","30","","","","101.50","","","","","","NA"
"-63.42","44.61","OSBORNE HEAD DND","8204190","2018-07-31 13:00","2018","07","31","13:00","17.8","","15.5","","86","","0.0","","20","","24","","","","101.49","","","","","","NA"
"-63.42","44.61","OSBORNE HEAD DND","8204190","2018-07-31 14:00","2018","07","31","14:00","16.9","","15.1","","89","","0.0","","21","","31","","","","101.47","","","","","","NA"
"-63.42","44.61","OSBORNE HEAD DND","8204190","2018-07-31 15:00","2018","07","31","15:00","20.8","","15.7","","72","","0.0","","22","","28","","","","101.49","","25","","","","NA"
"-63.42","44.61","OSBORNE HEAD DND","8204190","2018-07-31 16:00","2018","07","31","16:00","21.4","","14.6","","65","","0.0","","23","","23","","","","101.48","","25","","","","NA"
"-63.42","44.61","OSBORNE HEAD DND","8204190","2018-07-31 17:00","2018","07","31","17:00","20.2","","13.5","","65","","0.0","","22","","18","","","","101.48","","","","","","NA"
"-63.42","44.61","OSBORNE HEAD DND","8204190","2018-07-31 18:00","2018","07","31","18:00","20.4","","13.8","","66","","0.0","","19","","5","","","","101.49","","","","","","NA"
"-63.42","44.61","OSBORNE HEAD DND","8204190","2018-07-31 19:00","2018","07","31","19:00","18.5","","13.5","","73","","0.0","","20","","10","","","","101.49","","","","","","NA"
"-63.42","44.61","OSBORNE HEAD DND","8204190","2018-07-31 20:00","2018","07","31","20:00","19.6","","14.5","","72","","0.0","","23","","10","","","","101.48","","","","","","NA"
"-63.42","44.61","OSBORNE HEAD DND","8204190","2018-07-31 21:00","2018","07","31","21:00","17.5","","13.7","","78","","0.0","","22","","8","","","","101.53","","","","","","NA"
"-63.42","44.61","OSBORNE HEAD DND","8204190","2018-07-31 22:00","2018","07","31","22:00","16.6","","13.9","","84","","0.0","","21","","9","","","","101.54","","","","","","NA"
"-63.42","44.61","OSBORNE HEAD DND","8204190","2018-07-31 23:00","2018","07","31","23:00","16.3","","14.5","","89","","0.0","","23","","8","","","","101.55","","","","","","NA"
