"Longitude (x)","Latitude (y)","Station Name","Climate ID","Date/Time (LST)","Year","Month","Day","Time (LST)","Temp (°C)","Temp Flag","Dew Point Temp (°C)","Dew Point Temp Flag","Rel Hum (%)","Rel Hum Flag","Precip. Amount (mm)","Precip. Amount Flag","Wind Dir (10s deg)","Wind Dir Flag","Wind Spd (km/h)","Wind Spd Flag","Visibility (km)","Visibility Flag","Stn Press (kPa)","Stn Press Flag","Hmdx","Hmdx Flag","Wind Chill","Wind Chill Flag","Weather"
"-113.61","53.31","EDMONTON INTERNATIONAL CS","3012206","2021-08-01 00:00","2021","08","01","00:00","18.9","","13.5","","71","","0.0","","13","","10","","","","93.94","","","","","","NA"
"-113.61","53.31","EDMONTON INTERNATIONAL CS","3012206","2021-08-01 01:00","2021","08","01","01:00","16.6","","13.6","","82","","0.0","","14","","12","","","","93.91","","","","","","NA"
"-113.61","53.31","EDMONTON INTERNATIONAL CS","3012206","2021-08-01 02:00","2021","08","01","02:00","14.9","","12.7","","87","","0.0","","15","","9","","","","93.88","","","","","","NA"
"-113.61","53.31","EDMONTON INTERNATIONAL CS","3012206","2021-08-01 03:00","2021","08","01","03:00","14.7","","12.9","","89","","0.0","","13","","11","","","","93.87","","","","","","NA"
"-113.61","53.31","EDMONTON INTERNATIONAL CS","3012206","2021-08-01 04:00","2021","08","01","04:00","13.6","","11.9","","90","","0.0","","14","","7","","","","93.84","","","","","","NA"
"-113.61","53.31","EDMONTON INTERNATIONAL CS","3012206","2021-08-01 05:00","2021","08","01","05:00","11.4","","10.5","","94","","0.0","","16","","5","","","","93.84","","","","","","NA"
"-113.61","53.31","EDMONTON INTERNATIONAL CS","3012206","2021-08-01 06:00","2021","08","01","06:00","11.4","","10.9","","96","","0.0","","26","","7","","","","93.88","","","","","","NA"
"-113.61","53.31","EDMONTON INTERNATIONAL CS","3012206","2021-08-01 07:00","2021","08","01","07:00","14.9","","13.5","","91","","0.0","","17","","8","","","","93.86","","","","","","NA"
"-113.61","53.31","EDMONTON INTERNATIONAL CS","3012206","2021-08-01 08:00","2021","08","01","08:00","17.7","","14.1","","79","","0.0","","17","","7","","","","93.84","","","","","","NA"
"-113.61","53.31","EDMONTON INTERNATIONAL CS","3012206","2021-08-01 09:00","2021","08","01","09:00","18.7","","14.5","","76","","0.0","","22","","6","","","","93.85","","","","","","NA"
"-113.61","53.31","EDMONTON INTERNATIONAL CS","3012206","2021-08-01 10:00","2021","08","01","10:00","20.2","","15.2","","73","","0.0","","21","","5","","","","93.83","","","","","","NA"
"-113.61","53.31","EDMONTON INTERNATIONAL CS","3012206","2021-08-01 11:00","2021","08","01","11:00","22.3","","16.2","","68","","0.0","","20","","4","","","","93.83","","27","","","","NA"
"-113.61","53.31","EDMONTON INTERNATIONAL CS","3012206","2021-08-01 12:00","2021","08","01","12:00","23.6","","15.7","","61","","0.0","","17","","5","","","","93.80","","28","","","","NA"
"-113.61","53.31","EDMONTON INTERNATIONAL CS","3012206","2021-08-01 13:00","2021","08","01","13:00","25.3","","17.2","","61","","0.0","","20","","4","","","","93.78","","31","","","","NA"
"-113.61","53.31","EDMONTON INTERNATIONAL CS","3012206","2021-08-01 14:00","2021","08","01","14:00","25.9","","17.6","","60","","0.0","","25","","4","","","","93.76","","32","","","","NA"
"-113.61","53.31","EDMONTON INTERNATIONAL CS","3012206","2021-08-01 15:00","2021","08","01","15:00","26.7","","17.7","","58","","0.0","","20","","3","","","","93.73","","32","","","","NA"
"-113.61","53.31","EDMONTON INTERNATIONAL CS","3012206","2021-08-01 16:00","2021","08","01","16:00","27.5","","18.4","","58","","0.0","","","","0","","","","93.70","","34","","","","NA"
"-113.61","53.31","EDMONTON INTERNATIONAL CS","3012206","2021-08-01 17:00","2021","08","01","17:00","25.9","","19.8","","69","","0.0","","35","","5","","","","93.66","","33","","","","NA"
"-113.61","53.31","EDMONTON INTERNATIONAL CS","3012206","2021-08-01 18:00","2021","08","01","18:00","24.9","","20.3","","76","","0.0","","1","","7","","","","93.63","","33","","","","NA"
"-113.61","53.31","EDMONTON INTERNATIONAL CS","3012206","2021-08-01 19:00","2021","08","01","19:00","23.2","","20.1","","83","","0.0","","4","","6","","","","93.62","","31","","","","NA"
"-113.61","53.31","EDMONTON INTERNATIONAL CS","3012206","2021-08-01 20:00","2021","08","01","20:00","22.0","","19.5","","86","","0.0","","33","","10","","","","93.60","","29","","","","NA"
"-113.61","53.31","EDMONTON INTERNATIONAL CS","3012206","2021-08-01 21:00","2021","08","01","21:00","19.9","","18.4","","91","","0.0","","1","","5","","","","93.61","","","","","","NA"
"-113.61","53.31","EDMONTON INTERNATIONAL CS","3012206","2021-08-01 22:00","2021","08","01","22:00","16.9","","15.9","","94","","0.0","","30","","3","","","","93.61","","","","","","NA"
"-113.61","53.31","EDMONTON INTERNATIONAL CS","3012206","2021-08-01 23:00","2021","08","01","23:00","16.5","","16.1","","98","","0.0","","29","","6","","","","93.62","","","","","","NA"
"-113.61","53.31","EDMONTON INTERNATIONAL CS","3012206","2021-08-02 00:00","2021","08","02","00:00","15.8","","15.3","","96","","0.0","","36","","8","","","","93.62","","","","","","NA"
"-113.61","53.31","EDMONTON INTERNATIONAL CS","3012206","2021-08-02 01:00","2021","08","02","01:00","13.9","","13.3","","96","","0.0","","32","","3","","","","93.60","","","","","","NA"
"-113.61","53.31","EDMONTON INTERNATIONAL CS","3012206","2021-08-02 02:00","2021","08","02","02:00","13.3","","12.9","","98","","0.0","","28","","4","","","","93.57","","","","","","NA"
"-113.61","53.31","EDMONTON INTERNATIONAL CS","3012206","2021-08-02 03:00","2021","08","02","03:00","14.0","","13.7","","98","","0.0","","24","","6","","","","93.56","","","","","","NA"
"-113.61","53.31","EDMONTON INTERNATIONAL CS","3012206","2021-08-02 04:00","2021","08","02","04:00","13.1","","12.8","","98","","0.0","","24","","5","","","","93.56","","","","","","NA"
"-113.61","53.31","EDMONTON INTERNATIONAL CS","3012206","2021-08-02 05:00","2021","08","02","05:00","12.1","","11.9","","99","","0.0","","29","","3","","","","93.52","","","","","","NA"
"-113.61","53.31","EDMONTON INTERNATIONAL CS","3012206","2021-08-02 06:00","2021","08","02","06:00","14.2","","14.0","","99","","0.0","","31","","5","","","","93.50","","","","","","NA"
"-113.61","53.31","EDMONTON INTERNATIONAL CS","3012206","2021-08-02 07:00","2021","08","02","07:00","16.1","","15.9","","99","","0.0","","24","","6","","","","93.55","","","","","","NA"
"-113.61","53.31","EDMONTON INTERNATIONAL CS","3012206","2021-08-02 08:00","2021","08","02","08:00","17.3","","16.9","","97","","0.0","","33","","8","","","","93.52","","","","","","NA"
"-113.61","53.31","EDMONTON INTERNATIONAL CS","3012206","2021-08-02 09:00","2021","08","02","09:00","18.0","","17.2","","95","","0.0","","9","","3","","","","93.52","","","","","","NA"
"-113.61","53.31","EDMONTON INTERNATIONAL CS","3012206","2021-08-02 10:00","2021","08","02","10:00","18.4","","17.4","","94","","0.0","","2","","8","","","","93.48","","","","","","NA"
"-113.61","53.31","EDMONTON INTERNATIONAL CS","3012206","2021-08-02 11:00","2021","08","02","11:00","18.4","","17.4","","94","","0.0","","27","","7","","","","93.54","","","","","","NA"
"-113.61","53.31","EDMONTON INTERNATIONAL CS","3012206","2021-08-02 12:00","2021","08","02","12:00","19.2","","17.7","","91","","0.0","","31","","4","","","","93.51","","","","","","NA"
"-113.61","53.31","EDMONTON INTERNATIONAL CS","3012206","2021-08-02 13:00","2021","08","02","13:00","19.5","","18.2","","92","","0.0","","22","","7","","","","93.58","","","","","","NA"
"-113.61","53.31","EDMONTON INTERNATIONAL CS","3012206","2021-08-02 14:00","2021","08","02","14:00","19.6","","18.3","","92","","0.1","","2","","8","","","","93.50","","","","","","NA"
"-113.61","53.31","EDMONTON INTERNATIONAL CS","3012206","2021-08-02 15:00","2021","08","02","15:00","19.8","","18.4","","92","","0.0","","33","","5","","","","93.53","","","","","","NA"
"-113.61","53.31","EDMONTON INTERNATIONAL CS","3012206","2021-08-02 16:00","2021","08","02","16:00","19.5","","18.4","","93","","0.0","","25","","8","","","","93.55","","","","","","NA"
"-113.61","53.31","EDMONTON INTERNATIONAL CS","3012206","2021-08-02 17:00","2021","08","02","17:00","19.6","","18.2","","91","","0.0","","27","","6","","","","93.56","","","","","","NA"
"-113.61","53.31","EDMONTON INTERNATIONAL CS","3012206","2021-08-02 18:00","2021","08","02","18:00","19.4","","18.4","","94","","0.1","","28","","5","","","","93.56","","","","","","NA"
"-113.61","53.31","EDMONTON INTERNATIONAL CS","3012206","2021-08-02 19:00","2021","08","02","19:00","19.4","","18.6","","95","","0.0","","29","","5","","","","93.54","","","","","","NA"
"-113.61","53.31","EDMONTON INTERNATIONAL CS","3012206","2021-08-02 20:00","2021","08","02","20:00","18.8","","18.1","","96","","0.0","","31","","7","","","","93.54","","","","","","NA"
"-113.61","53.31","EDMONTON INTERNATIONAL CS","3012206","2021-08-02 21:00","2021","08","02","21:00","18.0","","17.6","","98","","0.0","","26","","8","","","","93.55","","","","","","NA"
"-113.61","53.31","EDMONTON INTERNATIONAL CS","3012206","2021-08-02 22:00","2021","08","02","22:00","17.3","","17.0","","98","","0.0","","26","","5","","","","93.57","","","","","","NA"
"-113.61","53.31","EDMONTON INTERNATIONAL CS","3012206","2021-08-02 23:00","2021","08","02","23:00","17.9","","17.6","","98","","0.0","","27","","8","","","","93.50","","","","","","NA"
"-113.61","53.31","EDMONTON INTERNATIONAL CS","3012206","2021-08-03 00:00","2021","08","03","00:00","17.8","","17.5","","98","","0.0","","29","","7","","","","93.48","","","","","","NA"
"-113.61","53.31","EDMONTON INTERNATIONAL CS","3012206","2021-08-03 01:00","2021","08","03","01:00","17.8","","17.4","","98","","0.0","","28","","6","","","","93.45","","","","","","NA"
"-113.61","53.31","EDMONTON INTERNATIONAL CS","3012206","2021-08-03 02:00","2021","08","03","02:00","16.9","","16.6","","98","","0.0","","17","","2","","","","93.45","","","","","","NA"
"-113.61","53.31","EDMONTON INTERNATIONAL CS","3012206","2021-08-03 03:00","2021","08","03","03:00","17.6","","17.4","","98","","0.3","","30","","7","","","","93.40","","","","","","NA"
"-113.61","53.31","EDMONTON INTERNATIONAL CS","3012206","2021-08-03 04:00","2021","08","03","04:00","17.4","","17.1","","98","","0.2","","28","","6","","","","93.38","","","","","","NA"
"-113.61","53.31","EDMONTON INTERNATIONAL CS","3012206","2021-08-03 05:00","2021","08","03","05:00","16.8","","16.5","","98","","0.0","","28","","8","","","","93.36","","","","","","NA"
"-113.61","53.31","EDMONTON INTERNATIONAL CS","3012206","2021-08-03 06:00","2021","08","03","06:00","17.5","","17.3","","99","","0.0","","28","","12","","","","93.37","","","","","","NA"
"-113.61","53.31","EDMONTON INTERNATIONAL CS","3012206","2021-08-03 07:00","2021","08","03","07:00","17.4","","17.3","","99","","0.0","","30","","13","","","","93.38","","","","","","NA"
"-113.61","53.31","EDMONTON INTERNATIONAL CS","3012206","2021-08-03 08:00","2021","08","03","08:00","18.4","","17.8","","96","","0.0","","28","","13","","","","93.37","","","","","","NA"
"-113.61","53.31","EDMONTON INTERNATIONAL CS","3012206","2021-08-03 09:00","2021","08","03","09:00","19.7","","17.7","","88","","0.0","","30","","15","","","","93.35","","","","","","NA"
"-113.61","53.31","EDMONTON INTERNATIONAL CS","3012206","2021-08-03 10:00","2021","08","03","10:00","21.9","","17.9","","78","","0.0","","31","","17","","","","93.31","","28","","","","NA"
"-113.61","53.31","EDMONTON INTERNATIONAL CS","3012206","2021-08-03 11:00","2021","08","03","11:00","23.2","","17.8","","71","","0.0","","29","","19","","","","93.29","","29","","","","NA"
"-113.61","53.31","EDMONTON INTERNATIONAL CS","3012206","2021-08-03 12:00","2021","08","03","12:00","24.4","","17.4","","65","","0.0","","31","","19","","","","93.29","","30","","","","NA"
"-113.61","53.31","EDMONTON INTERNATIONAL CS","3012206","2021-08-03 13:00","2021","08","03","13:00","25.2","","17.2","","61","","0.0","","31","","22","","","","93.27","","31","","","","NA"
"-113.61","53.31","EDMONTON INTERNATIONAL CS","3012206","2021-08-03 14:00","2021","08","03","14:00","26.5","","17.4","","58","","0.0","","31","","22","","","","93.28","","32","","","","NA"
"-113.61","53.31","EDMONTON INTERNATIONAL CS","3012206","2021-08-03 15:00","2021","08","03","15:00","27.0","","16.6","","53","","0.0","","31","","22","","","","93.26","","32","","","","NA"
"-113.61","53.31","EDMONTON INTERNATIONAL CS","3012206","2021-08-03 16:00","2021","08","03","16:00","26.9","","16.5","","53","","0.0","","33","","24","","","","93.27","","32","","","","NA"
"-113.61","53.31","EDMONTON INTERNATIONAL CS","3012206","2021-08-03 17:00","2021","08","03","17:00","26.7","","16.3","","53","","0.0","","33","","16","","","","93.26","","32","","","","NA"
"-113.61","53.31","EDMONTON INTERNATIONAL CS","3012206","2021-08-03 18:00","2021","08","03","18:00","26.1","","17.5","","59","","0.0","","34","","12","","","","93.26","","32","","","","NA"
"-113.61","53.31","EDMONTON INTERNATIONAL CS","3012206","2021-08-03 19:00","2021","08","03","19:00","23.5","","17.5","","69","","0.0","","36","","9","","","","93.26","","29","","","","NA"
"-113.61","53.31","EDMONTON INTERNATIONAL CS","3012206","2021-08-03 20:00","2021","08","03","20:00","19.6","","16.0","","80","","0.0","","2","","11","","","","93.29","","","","","","NA"
"-113.61","53.31","EDMONTON INTERNATIONAL CS","3012206","2021-08-03 21:00","2021","08","03","21:00","17.2","","15.3","","89","","0.0","","28","","2","","","","93.36","","","","","","NA"
"-113.61","53.31","EDMONTON INTERNATIONAL CS","3012206","2021-08-03 22:00","2021","08","03","22:00","18.7","","15.2","","80","","0.0","","5","","8","","","","93.30","","","","","","NA"
"-113.61","53.31","EDMONTON INTERNATIONAL CS","3012206","2021-08-03 23:00","2021","08","03","23:00","15.6","","14.1","","91","","0.0","","20","","7","","","","93.39","","","","","","NA"
"-113.61","53.31","EDMONTON INTERNATIONAL CS","3012206","2021-08-04 00:00","2021","08","04","00:00","15.3","","13.8","","90","","0.0","","17","","5","","","","93.43","","","","","","NA"
"-113.61","53.31","EDMONTON INTERNATIONAL CS","3012206","2021-08-04 01:00","2021","08","04","01:00","13.9","","13.0","","95","","0.0","","13","","2","","","","93.43","","","","","","NA"
"-113.61","53.31","EDMONTON INTERNATIONAL CS","3012206","2021-08-04 02:00","2021","08","04","02:00","12.9","","12.3","","97","","0.0","","21","","11","","","","93.42","","","","","","NA"
"-113.61","53.31","EDMONTON INTERNATIONAL CS","3012206","2021-08-04 03:00","2021","08","04","03:00","11.9","","10.6","","92","","0.0","","20","","6","","","","93.44","","","","","","NA"
"-113.61","53.31","EDMONTON INTERNATIONAL CS","3012206","2021-08-04 04:00","2021","08","04","04:00","11.5","","10.9","","96","","0.0","","20","","4","","","","93.44","","","","","","NA"
"-113.61","53.31","EDMONTON INTERNATIONAL CS","3012206","2021-08-04 05:00","2021","08","04","05:00","9.7","","9.2","","97","","0.0","","20","","7","","","","93.43","","","","","","NA"
"-113.61","53.31","EDMONTON INTERNATIONAL CS","3012206","2021-08-04 06:00","2021","08","04","06:00","12.2","","11.6","","96","","0.0","","21","","9","","","","93.43","","","","","","NA"
"-113.61","53.31","EDMONTON INTERNATIONAL CS","3012206","2021-08-04 07:00","2021","08","04","07:00","15.9","","14.1","","89","","0.0","","22","","3","","","","93.47","","","","","","NA"
"-113.61","53.31","EDMONTON INTERNATIONAL CS","3012206","2021-08-04 08:00","2021","08","04","08:00","20.7","","15.9","","74","","0.0","","22","","5","","","","93.49","","25","","","","NA"
"-113.61","53.31","EDMONTON INTERNATIONAL CS","3012206","2021-08-04 09:00","2021","08","04","09:00","22.9","","14.5","","59","","0.0","","25","","6","","","","93.51","","27","","","","NA"
"-113.61","53.31","EDMONTON INTERNATIONAL CS","3012206","2021-08-04 10:00","2021","08","04","10:00","23.8","","15.0","","58","","0.0","","24","","10","","","","93.49","","28","","","","NA"
"-113.61","53.31","EDMONTON INTERNATIONAL CS","3012206","2021-08-04 11:00","2021","08","04","11:00","26.0","","13.8","","47","","0.0","","25","","7","","","","93.47","","29","","","","NA"
"-113.61","53.31","EDMONTON INTERNATIONAL CS","3012206","2021-08-04 12:00","2021","08","04","12:00","27.8","","12.5","","39","","0.0","","23","","6","","","","93.47","","30","","","","NA"
"-113.61","53.31","EDMONTON INTERNATIONAL CS","3012206","2021-08-04 13:00","2021","08","04","13:00","28.8","","11.7","","35","","0.0","","25","","9","","","","93.44","","31","","","","NA"
"-113.61","53.31","EDMONTON INTERNATIONAL CS","3012206","2021-08-04 14:00","2021","08","04","14:00","29.2","","8.9","","28","","0.0","","26","","13","","","","93.42","","30","","","","NA"
"-113.61","53.31","EDMONTON INTERNATIONAL CS","3012206","2021-08-04 15:00","2021","08","04","15:00","29.1","","10.6","","32","","0.0","","26","","7","","","","93.36","","31","","","","NA"
"-113.61","53.31","EDMONTON INTERNATIONAL CS","3012206","2021-08-04 16:00","2021","08","04","16:00","29.3","","11.4","","33","","0.0","","33","","6","","","","93.33","","31","","","","NA"
"-113.61","53.31","EDMONTON INTERNATIONAL CS","3012206","2021-08-04 17:00","2021","08","04","17:00","29.1","","10.3","","31","","0.0","","32","","3","","","","93.32","","31","","","","NA"
"-113.61","53.31","EDMONTON INTERNATIONAL CS","3012206","2021-08-04 18:00","2021","08","04","18:00","27.5","","11.3","","36","","0.0","","9","","15","","","","93.28","","29","","","","NA"
"-113.61","53.31","EDMONTON INTERNATIONAL CS","3012206","2021-08-04 19:00","2021","08","04","19:00","25.6","","11.9","","43","","0.0","","11","","13","","","","93.32","","28","","","","NA"
"-113.61","53.31","EDMONTON INTERNATIONAL CS","3012206","2021-08-04 20:00","2021","08","04","20:00","20.4","","13.9","","66","","0.0","","13","","12","","","","93.31","","","","","","NA"
"-113.61","53.31","EDMONTON INTERNATIONAL CS","3012206","2021-08-04 21:00","2021","08","04","21:00","19.6","","14.0","","70","","0.0","","16","","9","","","","93.35","","","","","","NA"
"-113.61","53.31","EDMONTON INTERNATIONAL CS","3012206","2021-08-04 22:00","2021","08","04","22:00","16.7","","13.4","","81","","0.0","","18","","9","","","","93.31","","","","","","NA"
"-113.61","53.31","EDMONTON INTERNATIONAL CS","3012206","2021-08-04 23:00","2021","08","04","23:00","17.3","","13.6","","79","","0.0","","16","","14","","","","93.29","","","","","","NA"
"-113.61","53.31","EDMONTON INTERNATIONAL CS","3012206","2021-08-05 00:00","2021","08","05","00:00","13.8","","11.2","","84","","0.0","","17","","8","","","","93.26","","","","","","NA"
"-113.61","53.31","EDMONTON INTERNATIONAL CS","3012206","2021-08-05 01:00","2021","08","05","01:00","12.3","","10.7","","89","","0.0","","17","","2","","","","93.24","","","","","","NA"
"-113.61","53.31","EDMONTON INTERNATIONAL CS","3012206","2021-08-05 02:00","2021","08","05","02:00","11.2","","10.5","","95","","0.0","","16","","6","","","","93.21","","","","","","NA"
"-113.61","53.31","EDMONTON INTERNATIONAL CS","3012206","2021-08-05 03:00","2021","08","05","03:00","10.2","","9.7","","96","","0.0","","17","","5","","","","93.20","","","","","","NA"
"-113.61","53.31","EDMONTON INTERNATIONAL CS","3012206","2021-08-05 04:00","2021","08","05","04:00","11.5","","10.8","","95","","0.0","","13","","9","","","","93.17","","","","","","NA"
"-113.61","53.31","EDMONTON INTERNATIONAL CS","3012206","2021-08-05 05:00","2021","08","05","05:00","10.1","","9.4","","95","","0.0","","12","","12","","","","93.17","","","","","","NA"
"-113.61","53.31","EDMONTON INTERNATIONAL CS","3012206","2021-08-05 06:00","2021","08","05","06:00","11.2","","10.5","","95","","0.0","","17","","5","","","","93.16","","","","","","NA"
"-113.61","53.31","EDMONTON INTERNATIONAL CS","3012206","2021-08-05 07:00","2021","08","05","07:00","15.4","","13.5","","89","","0.0","","18","","5","","","","93.14","","","","","","NA"
"-113.61","53.31","EDMONTON INTERNATIONAL CS","3012206","2021-08-05 08:00","2021","08","05","08:00","18.4","","13.5","","73","","0.0","","18","","11","","","","93.12","","","","","","NA"
"-113.61","53.31","EDMONTON INTERNATIONAL CS","3012206","2021-08-05 09:00","2021","08","05","09:00","21.1","","14.0","","64","","0.0","","17","","7","","","","93.10","","","","","","NA"
"-113.61","53.31","EDMONTON INTERNATIONAL CS","3012206","2021-08-05 10:00","2021","08","05","10:00","23.9","","13.9","","54","","0.0","","16","","11","","","","93.04","","27","","","","NA"
"-113.61","53.31","EDMONTON INTERNATIONAL CS","3012206","2021-08-05 11:00","2021","08","05","11:00","26.4","","14.9","","49","","0.0","","16","","11","","","","93.01","","30","","","","NA"
"-113.61","53.31","EDMONTON INTERNATIONAL CS","3012206","2021-08-05 12:00","2021","08","05","12:00","27.4","","15.0","","47","","0.0","","18","","15","","","","92.95","","31","","","","NA"
"-113.61","53.31","EDMONTON INTERNATIONAL CS","3012206","2021-08-05 13:00","2021","08","05","13:00","28.7","","13.8","","40","","0.0","","17","","15","","","","92.91","","32","","","","NA"
"-113.61","53.31","EDMONTON INTERNATIONAL CS","3012206","2021-08-05 14:00","2021","08","05","14:00","29.8","","14.0","","38","","0.0","","18","","12","","","","92.84","","33","","","","NA"
"-113.61","53.31","EDMONTON INTERNATIONAL CS","3012206","2021-08-05 15:00","2021","08","05","15:00","30.1","","12.8","","35","","0.0","","17","","12","","","","92.78","","33","","","","NA"
"-113.61","53.31","EDMONTON INTERNATIONAL CS","3012206","2021-08-05 16:00","2021","08","05","16:00","29.8","","11.5","","32","","0.0","","15","","16","","","","92.69","","32","","","","NA"
"-113.61","53.31","EDMONTON INTERNATIONAL CS","3012206","2021-08-05 17:00","2021","08","05","17:00","29.0","","12.7","","37","","0.0","","17","","15","","","","92.65","","32","","","","NA"
"-113.61","53.31","EDMONTON INTERNATIONAL CS","3012206","2021-08-05 18:00","2021","08","05","18:00","26.7","","15.0","","49","","0.0","","17","","11","","","","92.59","","31","","","","NA"
"-113.61","53.31","EDMONTON INTERNATIONAL CS","3012206","2021-08-05 19:00","2021","08","05","19:00","23.9","","16.2","","62","","0.0","","15","","10","","","","92.57","","29","","","","NA"
"-113.61","53.31","EDMONTON INTERNATIONAL CS","3012206","2021-08-05 20:00","2021","08","05","20:00","19.5","","14.4","","72","","0.0","","12","","15","","","","92.53","","","","","","NA"
"-113.61","53.31","EDMONTON INTERNATIONAL CS","3012206","2021-08-05 21:00","2021","08","05","21:00","17.0","","13.5","","80","","0.0","","12","","15","","","","92.53","","","","","","NA"
"-113.61","53.31","EDMONTON INTERNATIONAL CS","3012206","2021-08-05 22:00","2021","08","05","22:00","17.0","","13.3","","78","","0.0","","12","","16","","","","92.50","","","","","","NA"
"-113.61","53.31","EDMONTON INTERNATIONAL CS","3012206","2021-08-05 23:00","2021","08","05","23:00","16.5","","13.0","","80","","0.0","","12","","14","","","","92.47","","","","","","NA"
"-113.61","53.31","EDMONTON INTERNATIONAL CS","3012206","2021-08-06 00:00","2021","08","06","00:00","16.8","","12.7","","77","","0.0","","14","","13","","","","92.41","","","","","","NA"
"-113.61","53.31","EDMONTON INTERNATIONAL CS","3012206","2021-08-06 01:00","2021","08","06","01:00","18.3","","12.0","","67","","0.0","","16","","12","","","","92.36","","","","","","NA"
"-113.61","53.31","EDMONTON INTERNATIONAL CS","3012206","2021-08-06 02:00","2021","08","06","02:00","17.0","","11.7","","71","","0.0","","17","","13","","","","92.30","","","","","","NA"
"-113.61","53.31","EDMONTON INTERNATIONAL CS","3012206","2021-08-06 03:00","2021","08","06","03:00","14.9","","11.4","","80","","0.0","","17","","8","","","","92.30","","","","","","NA"
"-113.61","53.31","EDMONTON INTERNATIONAL CS","3012206","2021-08-06 04:00","2021","08","06","04:00","12.4","","10.7","","89","","0.0","","21","","8","","","","92.30","","","","","","NA"
"-113.61","53.31","EDMONTON INTERNATIONAL CS","3012206","2021-08-06 05:00","2021","08","06","05:00","11.7","","10.0","","89","","0.0","","21","","11","","","","92.34","","","","","","NA"
"-113.61","53.31","EDMONTON INTERNATIONAL CS","3012206","2021-08-06 06:00","2021","08","06","06:00","9.3","","8.6","","95","","0.0","","22","","9","","","","92.36","","","","","","NA"
"-113.61","53.31","EDMONTON INTERNATIONAL CS","3012206","2021-08-06 07:00","2021","08","06","07:00","13.9","","12.5","","92","","0.0","","28","","11","","","","92.44","","","","","","NA"
"-113.61","53.31","EDMONTON INTERNATIONAL CS","3012206","2021-08-06 08:00","2021","08","06","08:00","15.8","","13.7","","88","","0.0","","27","","9","","","","92.42","","","","","","NA"
"-113.61","53.31","EDMONTON INTERNATIONAL CS","3012206","2021-08-06 09:00","2021","08","06","09:00","17.7","","14.3","","81","","0.0","","29","","13","","","","92.44","","","","","","NA"
"-113.61","53.31","EDMONTON INTERNATIONAL CS","3012206","2021-08-06 10:00","2021","08","06","10:00","18.6","","14.3","","76","","0.0","","30","","13","","","","92.43","","","","","","NA"
"-113.61","53.31","EDMONTON INTERNATIONAL CS","3012206","2021-08-06 11:00","2021","08","06","11:00","20.5","","13.9","","66","","0.0","","32","","21","","","","92.46","","","","","","NA"
"-113.61","53.31","EDMONTON INTERNATIONAL CS","3012206","2021-08-06 12:00","2021","08","06","12:00","20.9","","14.0","","65","","0.0","","32","","19","","","","92.49","","","","","","NA"
"-113.61","53.31","EDMONTON INTERNATIONAL CS","3012206","2021-08-06 13:00","2021","08","06","13:00","21.3","","12.0","","55","","0.0","","33","","29","","","","92.54","","","","","","NA"
"-113.61","53.31","EDMONTON INTERNATIONAL CS","3012206","2021-08-06 14:00","2021","08","06","14:00","19.7","","12.1","","61","","0.0","","31","","27","","","","92.60","","","","","","NA"
"-113.61","53.31","EDMONTON INTERNATIONAL CS","3012206","2021-08-06 15:00","2021","08","06","15:00","18.6","","10.2","","58","","0.0","","34","","24","","","","92.64","","","","","","NA"
"-113.61","53.31","EDMONTON INTERNATIONAL CS","3012206","2021-08-06 16:00","2021","08","06","16:00","17.1","","11.4","","69","","0.0","","33","","13","","","","92.68","","","","","","NA"
"-113.61","53.31","EDMONTON INTERNATIONAL CS","3012206","2021-08-06 17:00","2021","08","06","17:00","17.3","","11.5","","68","","0.0","","35","","10","","","","92.69","","","","","","NA"
"-113.61","53.31","EDMONTON INTERNATIONAL CS","3012206","2021-08-06 18:00","2021","08","06","18:00","17.7","","12.2","","70","","0.0","","29","","7","","","","92.65","","","","","","NA"
"-113.61","53.31","EDMONTON INTERNATIONAL CS","3012206","2021-08-06 19:00","2021","08","06","19:00","16.9","","11.1","","69","","0.0","","32","","8","","","","92.63","","","","","","NA"
"-113.61","53.31","EDMONTON INTERNATIONAL CS","3012206","2021-08-06 20:00","2021","08","06","20:00","15.0","","12.6","","86","","0.0","","26","","7","","","","92.63","","","","","","NA"
"-113.61","53.31","EDMONTON INTERNATIONAL CS","3012206","2021-08-06 21:00","2021","08","06","21:00","14.0","","12.2","","89","","0.0","","26","","9","","","","92.63","","","","","","NA"
"-113.61","53.31","EDMONTON INTERNATIONAL CS","3012206","2021-08-06 22:00","2021","08","06","22:00","13.0","","11.8","","93","","0.0","","25","","10","","","","92.64","","","","","","NA"
"-113.61","53.31","EDMONTON INTERNATIONAL CS","3012206","2021-08-06 23:00","2021","08","06","23:00","11.7","","11.0","","95","","0.0","","19","","8","","","","92.60","","","","","","NA"
"-113.61","53.31","EDMONTON INTERNATIONAL CS","3012206","2021-08-07 00:00","2021","08","07","00:00","12.5","","11.8","","96","","0.1","","8","","5","","","","92.61","","","","","","NA"
"-113.61","53.31","EDMONTON INTERNATIONAL CS","3012206","2021-08-07 01:00","2021","08","07","01:00","12.1","","11.1","","94","","0.0","","5","","4","","","","92.57","","","","","","NA"
"-113.61","53.31","EDMONTON INTERNATIONAL CS","3012206","2021-08-07 02:00","2021","08","07","02:00","11.8","","11.3","","97","","0.0","","16","","3","","","","92.61","","","","","","NA"
"-113.61","53.31","EDMONTON INTERNATIONAL CS","3012206","2021-08-07 03:00","2021","08","07","03:00","12.3","","11.8","","97","","0.0","","17","","6","","","","92.60","","","","","","NA"
"-113.61","53.31","EDMONTON INTERNATIONAL CS","3012206","2021-08-07 04:00","2021","08","07","04:00","10.1","","9.5","","96","","0.0","","15","","6","","","","92.55","","","","","","NA"
"-113.61","53.31","EDMONTON INTERNATIONAL CS","3012206","2021-08-07 05:00","2021","08","07","05:00","11.1","","10.5","","96","","0.0","","16","","12","","","","92.48","","","","","","NA"
"-113.61","53.31","EDMONTON INTERNATIONAL CS","3012206","2021-08-07 06:00","2021","08","07","06:00","11.3","","10.4","","94","","0.0","","17","","10","","","","92.43","","","","","","NA"
"-113.61","53.31","EDMONTON INTERNATIONAL CS","3012206","2021-08-07 07:00","2021","08","07","07:00","14.0","","12.2","","89","","0.0","","18","","15","","","","92.36","","","","","","NA"
"-113.61","53.31","EDMONTON INTERNATIONAL CS","3012206","2021-08-07 08:00","2021","08","07","08:00","15.1","","12.1","","82","","0.0","","18","","14","","","","92.31","","","","","","NA"
"-113.61","53.31","EDMONTON INTERNATIONAL CS","3012206","2021-08-07 09:00","2021","08","07","09:00","15.3","","11.9","","80","","0.0","","30","","16","","","","92.36","","","","","","NA"
"-113.61","53.31","EDMONTON INTERNATIONAL CS","3012206","2021-08-07 10:00","2021","08","07","10:00","15.2","","11.9","","80","","0.0","","5","","13","","","","92.32","","","","","","NA"
"-113.61","53.31","EDMONTON INTERNATIONAL CS","3012206","2021-08-07 11:00","2021","08","07","11:00","19.1","","11.7","","62","","0.0","","12","","12","","","","92.24","","","","","","NA"
"-113.61","53.31","EDMONTON INTERNATIONAL CS","3012206","2021-08-07 12:00","2021","08","07","12:00","21.0","","12.0","","56","","0.0","","16","","8","","","","92.19","","","","","","NA"
"-113.61","53.31","EDMONTON INTERNATIONAL CS","3012206","2021-08-07 13:00","2021","08","07","13:00","22.9","","10.9","","47","","0.0","","33","","4","","","","92.14","","25","","","","NA"
"-113.61","53.31","EDMONTON INTERNATIONAL CS","3012206","2021-08-07 14:00","2021","08","07","14:00","23.7","","10.4","","43","","0.0","","24","","5","","","","92.08","","25","","","","NA"
"-113.61","53.31","EDMONTON INTERNATIONAL CS","3012206","2021-08-07 15:00","2021","08","07","15:00","9.9","","6.8","","81","","1.6","","30","","36","","","","92.17","","","","","","NA"
"-113.61","53.31","EDMONTON INTERNATIONAL CS","3012206","2021-08-07 16:00","2021","08","07","16:00","18.3","","11.4","","64","","11.9","","11","","5","","","","92.01","","","","","","NA"
"-113.61","53.31","EDMONTON INTERNATIONAL CS","3012206","2021-08-07 17:00","2021","08","07","17:00","19.8","","11.9","","60","","0.0","","11","","11","","","","92.00","","","","","","NA"
"-113.61","53.31","EDMONTON INTERNATIONAL CS","3012206","2021-08-07 18:00","2021","08","07","18:00","17.0","","10.3","","65","","0.0","","36","","33","","","","92.16","","","","","","NA"
"-113.61","53.31","EDMONTON INTERNATIONAL CS","3012206","2021-08-07 19:00","2021","08","07","19:00","15.9","","10.2","","69","","0.0","","3","","19","","","","92.26","","","","","","NA"
"-113.61","53.31","EDMONTON INTERNATIONAL CS","3012206","2021-08-07 20:00","2021","08","07","20:00","12.5","","10.0","","85","","0.0","","3","","7","","","","92.35","","","","","","NA"
"-113.61","53.31","EDMONTON INTERNATIONAL CS","3012206","2021-08-07 21:00","2021","08","07","21:00","11.6","","9.8","","89","","0.0","","4","","6","","","","92.41","","","","","","NA"
"-113.61","53.31","EDMONTON INTERNATIONAL CS","3012206","2021-08-07 22:00","2021","08","07","22:00","10.1","","9.3","","94","","0.0","","29","","3","","","","92.44","","","","","","NA"
"-113.61","53.31","EDMONTON INTERNATIONAL CS","3012206","2021-08-07 23:00","2021","08","07","23:00","11.1","","10.4","","96","","0.0","","27","","8","","","","92.48","","","","","","NA"
"-113.61","53.31","EDMONTON INTERNATIONAL CS","3012206","2021-08-08 00:00","2021","08","08","00:00","12.2","","9.6","","84","","0.0","","29","","8","","","","92.48","","","","","","NA"
"-113.61","53.31","EDMONTON INTERNATIONAL CS","3012206","2021-08-08 01:00","2021","08","08","01:00","11.6","","9.0","","84","","0.0","","29","","11","","","","92.49","","","","","","NA"
"-113.61","53.31","EDMONTON INTERNATIONAL CS","3012206","2021-08-08 02:00","2021","08","08","02:00","8.2","","7.3","","94","","0.0","","24","","11","","","","92.50","","","","","","NA"
"-113.61","53.31","EDMONTON INTERNATIONAL CS","3012206","2021-08-08 03:00","2021","08","08","03:00","9.3","","8.2","","93","","0.0","","27","","12","","","","92.54","","","","","","NA"
"-113.61","53.31","EDMONTON INTERNATIONAL CS","3012206","2021-08-08 04:00","2021","08","08","04:00","9.3","","8.1","","92","","0.0","","28","","9","","","","92.60","","","","","","NA"
"-113.61","53.31","EDMONTON INTERNATIONAL CS","3012206","2021-08-08 05:00","2021","08","08","05:00","7.4","","6.8","","96","","0.0","","25","","8","","","","92.67","","","","","","NA"
"-113.61","53.31","EDMONTON INTERNATIONAL CS","3012206","2021-08-08 06:00","2021","08","08","06:00","9.1","","8.4","","96","","0.0","","25","","10","","","","92.73","","","","","","NA"
"-113.61","53.31","EDMONTON INTERNATIONAL CS","3012206","2021-08-08 07:00","2021","08","08","07:00","11.6","","9.8","","89","","0.0","","27","","15","","","","92.79","","","","","","NA"
"-113.61","53.31","EDMONTON INTERNATIONAL CS","3012206","2021-08-08 08:00","2021","08","08","08:00","14.2","","10.7","","80","","0.0","","29","","18","","","","92.84","","","","","","NA"
"-113.61","53.31","EDMONTON INTERNATIONAL CS","3012206","2021-08-08 09:00","2021","08","08","09:00","14.9","","11.0","","77","","0.0","","30","","19","","","","92.89","","","","","","NA"
"-113.61","53.31","EDMONTON INTERNATIONAL CS","3012206","2021-08-08 10:00","2021","08","08","10:00","15.4","","10.5","","72","","0.0","","31","","16","","","","92.92","","","","","","NA"
"-113.61","53.31","EDMONTON INTERNATIONAL CS","3012206","2021-08-08 11:00","2021","08","08","11:00","16.2","","10.7","","70","","0.0","","34","","17","","","","92.95","","","","","","NA"
"-113.61","53.31","EDMONTON INTERNATIONAL CS","3012206","2021-08-08 12:00","2021","08","08","12:00","16.6","","9.6","","63","","0.0","","32","","18","","","","92.99","","","","","","NA"
"-113.61","53.31","EDMONTON INTERNATIONAL CS","3012206","2021-08-08 13:00","2021","08","08","13:00","17.3","","11.0","","67","","0.0","","33","","14","","","","93.01","","","","","","NA"
"-113.61","53.31","EDMONTON INTERNATIONAL CS","3012206","2021-08-08 14:00","2021","08","08","14:00","18.3","","9.2","","55","","0.0","","32","","13","","","","93.02","","","","","","NA"
"-113.61","53.31","EDMONTON INTERNATIONAL CS","3012206","2021-08-08 15:00","2021","08","08","15:00","17.5","","9.4","","59","","0.0","","29","","13","","","","93.01","","","","","","NA"
"-113.61","53.31","EDMONTON INTERNATIONAL CS","3012206","2021-08-08 16:00","2021","08","08","16:00","16.2","","10.8","","70","","0.0","","30","","9","","","","93.10","","","","","","NA"
"-113.61","53.31","EDMONTON INTERNATIONAL CS","3012206","2021-08-08 17:00","2021","08","08","17:00","17.1","","11.1","","68","","0.0","","34","","9","","","","93.11","","","","","","NA"
"-113.61","53.31","EDMONTON INTERNATIONAL CS","3012206","2021-08-08 18:00","2021","08","08","18:00","17.8","","10.4","","62","","0.0","","35","","15","","","","93.05","","","","","","NA"
"-113.61","53.31","EDMONTON INTERNATIONAL CS","3012206","2021-08-08 19:00","2021","08","08","19:00","16.6","","10.2","","66","","0.0","","34","","9","","","","93.06","","","","","","NA"
"-113.61","53.31","EDMONTON INTERNATIONAL CS","3012206","2021-08-08 20:00","2021","08","08","20:00","14.4","","10.0","","75","","0.0","","32","","3","","","","93.07","","","","","","NA"
"-113.61","53.31","EDMONTON INTERNATIONAL CS","3012206","2021-08-08 21:00","2021","08","08","21:00","9.1","","7.9","","92","","0.0","","24","","5","","","","93.10","","","","","","NA"
"-113.61","53.31","EDMONTON INTERNATIONAL CS","3012206","2021-08-08 22:00","2021","08","08","22:00","7.5","","7.0","","97","","0.0","","21","","6","","","","93.11","","","","","","NA"
"-113.61","53.31","EDMONTON INTERNATIONAL CS","3012206","2021-08-08 23:00","2021","08","08","23:00","6.6","","6.0","","96","","0.0","","19","","8","","","","93.12","","","","","","NA"
"-113.61","53.31","EDMONTON INTERNATIONAL CS","3012206","2021-08-09 00:00","2021","08","09","00:00"
"-113.61","53.31","EDMONTON INTERNATIONAL CS","3012206","2021-08-09 01:00","2021","08","09","01:00"
"-113.61","53.31","EDMONTON INTERNATIONAL CS","3012206","2021-08-09 02:00","2021","08","09","02:00","4.8","","4.5","","98","","0.0","","17","","8","","","","93.06","","","","","","NA"
"-113.61","53.31","EDMONTON INTERNATIONAL CS","3012206","2021-08-09 03:00","2021","08","09","03:00"
"-113.61","53.31","EDMONTON INTERNATIONAL CS","3012206","2021-08-09 04:00","2021","08","09","04:00"
"-113.61","53.31","EDMONTON INTERNATIONAL CS","3012206","2021-08-09 05:00","2021","08","09","05:00","4.8","","4.6","","98","","0.0","","16","","6","","","","92.99","","","","","","NA"
"-113.61","53.31","EDMONTON INTERNATIONAL CS","3012206","2021-08-09 06:00","2021","08","09","06:00"
"-113.61","53.31","EDMONTON INTERNATIONAL CS","3012206","2021-08-09 07:00","2021","08","09","07:00"
"-113.61","53.31","EDMONTON INTERNATIONAL CS","3012206","2021-08-09 08:00","2021","08","09","08:00"
"-113.61","53.31","EDMONTON INTERNATIONAL CS","3012206","2021-08-09 09:00","2021","08","09","09:00"
"-113.61","53.31","EDMONTON INTERNATIONAL CS","3012206","2021-08-09 10:00","2021","08","09","10:00","20.7","","10.2","","51","","0.0","","22","","12","","","","92.84","","","","","","NA"
"-113.61","53.31","EDMONTON INTERNATIONAL CS","3012206","2021-08-09 11:00","2021","08","09","11:00"
"-113.61","53.31","EDMONTON INTERNATIONAL CS","3012206","2021-08-09 12:00","2021","08","09","12:00"
"-113.61","53.31","EDMONTON INTERNATIONAL CS","3012206","2021-08-09 13:00","2021","08","09","13:00"
"-113.61","53.31","EDMONTON INTERNATIONAL CS","3012206","2021-08-09 14:00","2021","08","09","14:00"
"-113.61","53.31","EDMONTON INTERNATIONAL CS","3012206","2021-08-09 15:00","2021","08","09","15:00"
"-113.61","53.31","EDMONTON INTERNATIONAL CS","3012206","2021-08-09 16:00","2021","08","09","16:00"
"-113.61","53.31","EDMONTON INTERNATIONAL CS","3012206","2021-08-09 17:00","2021","08","09","17:00"
"-113.61","53.31","EDMONTON INTERNATIONAL CS","3012206","2021-08-09 18:00","2021","08","09","18:00","24.1","","15.9","","60","","0.0","","23","","7","","","","92.24","","29","","","","NA"
"-113.61","53.31","EDMONTON INTERNATIONAL CS","3012206","2021-08-09 19:00","2021","08","09","19:00","22.6","","12.8","","54","","0.0","","27","","12","","","","92.22","","25","","","","NA"
"-113.61","53.31","EDMONTON INTERNATIONAL CS","3012206","2021-08-09 20:00","2021","08","09","20:00","21.3","","13.4","","61","","0.0","","27","","10","","","","92.22","","","","","","NA"
"-113.61","53.31","EDMONTON INTERNATIONAL CS","3012206","2021-08-09 21:00","2021","08","09","21:00","19.8","","13.3","","66","","0.0","","29","","4","","","","92.21","","","","","","NA"
"-113.61","53.31","EDMONTON INTERNATIONAL CS","3012206","2021-08-09 22:00","2021","08","09","22:00","18.4","","13.8","","74","","0.0","","28","","5","","","","92.19","","","","","","NA"
"-113.61","53.31","EDMONTON INTERNATIONAL CS","3012206","2021-08-09 23:00","2021","08","09","23:00","15.9","","13.1","","83","","0.0","","25","","5","","","","92.17","","","","","","NA"
"-113.61","53.31","EDMONTON INTERNATIONAL CS","3012206","2021-08-10 00:00","2021","08","10","00:00","16.9","","12.7","","76","","0.0","","29","","4","","","","92.19","","","","","","NA"
"-113.61","53.31","EDMONTON INTERNATIONAL CS","3012206","2021-08-10 01:00","2021","08","10","01:00","19.1","","10.2","","56","","0.0","","34","","18","","","","92.27","","","","","","NA"
"-113.61","53.31","EDMONTON INTERNATIONAL CS","3012206","2021-08-10 02:00","2021","08","10","02:00","17.9","","10.3","","61","","0.0","","32","","16","","","","92.32","","","","","","NA"
"-113.61","53.31","EDMONTON INTERNATIONAL CS","3012206","2021-08-10 03:00","2021","08","10","03:00"
"-113.61","53.31","EDMONTON INTERNATIONAL CS","3012206","2021-08-10 04:00","2021","08","10","04:00","16.1","","8.8","","62","","0.0","","30","","12","","","","92.39","","","","","","NA"
"-113.61","53.31","EDMONTON INTERNATIONAL CS","3012206","2021-08-10 05:00","2021","08","10","05:00"
"-113.61","53.31","EDMONTON INTERNATIONAL CS","3012206","2021-08-10 06:00","2021","08","10","06:00","16.1","","6.6","","53","","0.0","","30","","13","","","","92.54","","","","","","NA"
"-113.61","53.31","EDMONTON INTERNATIONAL CS","3012206","2021-08-10 07:00","2021","08","10","07:00"
"-113.61","53.31","EDMONTON INTERNATIONAL CS","3012206","2021-08-10 08:00","2021","08","10","08:00","16.6","","7.6","","55","","0.0","","30","","11","","","","92.61","","","","","","NA"
"-113.61","53.31","EDMONTON INTERNATIONAL CS","3012206","2021-08-10 09:00","2021","08","10","09:00"
"-113.61","53.31","EDMONTON INTERNATIONAL CS","3012206","2021-08-10 10:00","2021","08","10","10:00"
"-113.61","53.31","EDMONTON INTERNATIONAL CS","3012206","2021-08-10 11:00","2021","08","10","11:00"
"-113.61","53.31","EDMONTON INTERNATIONAL CS","3012206","2021-08-10 12:00","2021","08","10","12:00"
"-113.61","53.31","EDMONTON INTERNATIONAL CS","3012206","2021-08-10 13:00","2021","08","10","13:00"
"-113.61","53.31","EDMONTON INTERNATIONAL CS","3012206","2021-08-10 14:00","2021","08","10","14:00"
"-113.61","53.31","EDMONTON INTERNATIONAL CS","3012206","2021-08-10 15:00","2021","08","10","15:00"
"-113.61","53.31","EDMONTON INTERNATIONAL CS","3012206","2021-08-10 16:00","2021","08","10","16:00"
"-113.61","53.31","EDMONTON INTERNATIONAL CS","3012206","2021-08-10 17:00","2021","08","10","17:00"
"-113.61","53.31","EDMONTON INTERNATIONAL CS","3012206","2021-08-10 18:00","2021","08","10","18:00","19.3","","5.4","","40","","0.0","","31","","17","","","","92.60","","","","","","NA"
"-113.61","53.31","EDMONTON INTERNATIONAL CS","3012206","2021-08-10 19:00","2021","08","10","19:00"
"-113.61","53.31","EDMONTON INTERNATIONAL CS","3012206","2021-08-10 20:00","2021","08","10","20:00"
"-113.61","53.31","EDMONTON INTERNATIONAL CS","3012206","2021-08-10 21:00","2021","08","10","21:00"
"-113.61","53.31","EDMONTON INTERNATIONAL CS","3012206","2021-08-10 22:00","2021","08","10","22:00"
"-113.61","53.31","EDMONTON INTERNATIONAL CS","3012206","2021-08-10 23:00","2021","08","10","23:00","14.9","","11.5","","80","","0.0","","19","","2","","","","92.46","","","","","","NA"
"-113.61","53.31","EDMONTON INTERNATIONAL CS","3012206","2021-08-11 00:00","2021","08","11","00:00","13.6","","11.4","","86","","0.0","","23","","2","","","","92.45","","","","","","NA"
"-113.61","53.31","EDMONTON INTERNATIONAL CS","3012206","2021-08-11 01:00","2021","08","11","01:00","13.2","","10.8","","85","","0.0","","2","","4","","","","92.46","","","","","","NA"
"-113.61","53.31","EDMONTON INTERNATIONAL CS","3012206","2021-08-11 02:00","2021","08","11","02:00","15.8","","10.5","","71","","0.0","","26","","9","","","","92.43","","","","","","NA"
"-113.61","53.31","EDMONTON INTERNATIONAL CS","3012206","2021-08-11 03:00","2021","08","11","03:00","18.0","","9.7","","58","","0.0","","31","","19","","","","92.50","","","","","","NA"
"-113.61","53.31","EDMONTON INTERNATIONAL CS","3012206","2021-08-11 04:00","2021","08","11","04:00","17.6","","8.7","","56","","0.0","","31","","19","","","","92.57","","","","","","NA"
"-113.61","53.31","EDMONTON INTERNATIONAL CS","3012206","2021-08-11 05:00","2021","08","11","05:00","17.0","","8.1","","56","","0.0","","31","","20","","","","92.60","","","","","","NA"
"-113.61","53.31","EDMONTON INTERNATIONAL CS","3012206","2021-08-11 06:00","2021","08","11","06:00","16.8","","8.3","","57","","0.0","","31","","18","","","","92.70","","","","","","NA"
"-113.61","53.31","EDMONTON INTERNATIONAL CS","3012206","2021-08-11 07:00","2021","08","11","07:00","17.2","","8.0","","55","","0.0","","33","","21","","","","92.80","","","","","","NA"
"-113.61","53.31","EDMONTON INTERNATIONAL CS","3012206","2021-08-11 08:00","2021","08","11","08:00","18.2","","7.0","","48","","0.0","","33","","25","","","","92.88","","","","","","NA"
"-113.61","53.31","EDMONTON INTERNATIONAL CS","3012206","2021-08-11 09:00","2021","08","11","09:00","18.9","","6.7","","45","","0.0","","31","","27","","","","92.94","","","","","","NA"
"-113.61","53.31","EDMONTON INTERNATIONAL CS","3012206","2021-08-11 10:00","2021","08","11","10:00","20.2","","5.6","","38","","0.0","","32","","30","","","","92.98","","","","","","NA"
"-113.61","53.31","EDMONTON INTERNATIONAL CS","3012206","2021-08-11 11:00","2021","08","11","11:00","21.1","","7.2","","41","","0.0","","31","","33","","","","93.05","","","","","","NA"
"-113.61","53.31","EDMONTON INTERNATIONAL CS","3012206","2021-08-11 12:00","2021","08","11","12:00","21.5","","5.7","","36","","0.0","","31","","37","","","","93.06","","","","","","NA"
"-113.61","53.31","EDMONTON INTERNATIONAL CS","3012206","2021-08-11 13:00","2021","08","11","13:00","20.6","","5.3","","37","","0.0","","31","","39","","","","93.14","","","","","","NA"
"-113.61","53.31","EDMONTON INTERNATIONAL CS","3012206","2021-08-11 14:00","2021","08","11","14:00","22.4","","6.1","","35","","0.0","","31","","33","","","","93.20","","","","","","NA"
"-113.61","53.31","EDMONTON INTERNATIONAL CS","3012206","2021-08-11 15:00","2021","08","11","15:00","21.5","","5.0","","34","","0.0","","31","","32","","","","93.24","","","","","","NA"
"-113.61","53.31","EDMONTON INTERNATIONAL CS","3012206","2021-08-11 16:00","2021","08","11","16:00","20.6","","4.9","","36","","0.0","","32","","34","","","","93.28","","","","","","NA"
"-113.61","53.31","EDMONTON INTERNATIONAL CS","3012206","2021-08-11 17:00","2021","08","11","17:00","21.9","","5.8","","35","","0.0","","31","","28","","","","93.32","","","","","","NA"
"-113.61","53.31","EDMONTON INTERNATIONAL CS","3012206","2021-08-11 18:00","2021","08","11","18:00","21.0","","4.7","","34","","0.0","","32","","29","","","","93.37","","","","","","NA"
"-113.61","53.31","EDMONTON INTERNATIONAL CS","3012206","2021-08-11 19:00","2021","08","11","19:00","19.7","","5.4","","39","","0.0","","32","","18","","","","93.44","","","","","","NA"
"-113.61","53.31","EDMONTON INTERNATIONAL CS","3012206","2021-08-11 20:00","2021","08","11","20:00","17.8","","5.3","","44","","0.0","","33","","16","","","","93.51","","","","","","NA"
"-113.61","53.31","EDMONTON INTERNATIONAL CS","3012206","2021-08-11 21:00","2021","08","11","21:00","13.0","","6.1","","63","","0.0","","30","","5","","","","93.61","","","","","","NA"
"-113.61","53.31","EDMONTON INTERNATIONAL CS","3012206","2021-08-11 22:00","2021","08","11","22:00","10.6","","5.9","","73","","0.0","","29","","8","","","","93.66","","","","","","NA"
"-113.61","53.31","EDMONTON INTERNATIONAL CS","3012206","2021-08-11 23:00","2021","08","11","23:00","8.6","","5.3","","80","","0.0","","28","","9","","","","93.69","","","","","","NA"
"-113.61","53.31","EDMONTON INTERNATIONAL CS","3012206","2021-08-12 00:00","2021","08","12","00:00"
"-113.61","53.31","EDMONTON INTERNATIONAL CS","3012206","2021-08-12 01:00","2021","08","12","01:00","4.9","","3.3","","89","","0.0","","24","","4","","","","93.82","","","","","","NA"
"-113.61","53.31","EDMONTON INTERNATIONAL CS","3012206","2021-08-12 02:00","2021","08","12","02:00","5.2","","3.8","","91","","0.0","","12","","4","","","","93.86","","","","","","NA"
"-113.61","53.31","EDMONTON INTERNATIONAL CS","3012206","2021-08-12 03:00","2021","08","12","03:00","3.4","","2.3","","92","","0.0","","20","","7","","","","93.87","","","","","","NA"
"-113.61","53.31","EDMONTON INTERNATIONAL CS","3012206","2021-08-12 04:00","2021","08","12","04:00"
"-113.61","53.31","EDMONTON INTERNATIONAL CS","3012206","2021-08-12 05:00","2021","08","12","05:00"
"-113.61","53.31","EDMONTON INTERNATIONAL CS","3012206","2021-08-12 06:00","2021","08","12","06:00"
"-113.61","53.31","EDMONTON INTERNATIONAL CS","3012206","2021-08-12 07:00","2021","08","12","07:00"
"-113.61","53.31","EDMONTON INTERNATIONAL CS","3012206","2021-08-12 08:00","2021","08","12","08:00"
"-113.61","53.31","EDMONTON INTERNATIONAL CS","3012206","2021-08-12 09:00","2021","08","12","09:00","16.6","","6.5","","51","","0.0","","27","","13","","","","93.95","","","","","","NA"
"-113.61","53.31","EDMONTON INTERNATIONAL CS","3012206","2021-08-12 10:00","2021","08","12","10:00"
"-113.61","53.31","EDMONTON INTERNATIONAL CS","3012206","2021-08-12 11:00","2021","08","12","11:00","22.2","","6.9","","37","","0.0","","27","","21","","","","93.90","","","","","","NA"
"-113.61","53.31","EDMONTON INTERNATIONAL CS","3012206","2021-08-12 12:00","2021","08","12","12:00"
"-113.61","53.31","EDMONTON INTERNATIONAL CS","3012206","2021-08-12 13:00","2021","08","12","13:00"
"-113.61","53.31","EDMONTON INTERNATIONAL CS","3012206","2021-08-12 14:00","2021","08","12","14:00"
"-113.61","53.31","EDMONTON INTERNATIONAL CS","3012206","2021-08-12 15:00","2021","08","12","15:00"
"-113.61","53.31","EDMONTON INTERNATIONAL CS","3012206","2021-08-12 16:00","2021","08","12","16:00"
"-113.61","53.31","EDMONTON INTERNATIONAL CS","3012206","2021-08-12 17:00","2021","08","12","17:00"
"-113.61","53.31","EDMONTON INTERNATIONAL CS","3012206","2021-08-12 18:00","2021","08","12","18:00","23.4","","7.4","","36","","0.0","","32","","16","","","","93.75","","","","","","NA"
"-113.61","53.31","EDMONTON INTERNATIONAL CS","3012206","2021-08-12 19:00","2021","08","12","19:00"
"-113.61","53.31","EDMONTON INTERNATIONAL CS","3012206","2021-08-12 20:00","2021","08","12","20:00"
"-113.61","53.31","EDMONTON INTERNATIONAL CS","3012206","2021-08-12 21:00","2021","08","12","21:00"
"-113.61","53.31","EDMONTON INTERNATIONAL CS","3012206","2021-08-12 22:00","2021","08","12","22:00"
"-113.61","53.31","EDMONTON INTERNATIONAL CS","3012206","2021-08-12 23:00","2021","08","12","23:00","8.9","","7.1","","88","","0.0","","21","","11","","","","93.85","","","","","","NA"
"-113.61","53.31","EDMONTON INTERNATIONAL CS","3012206","2021-08-13 00:00","2021","08","13","00:00","10.0","","8.0","","88","","0.0","","20","","13","","","","93.86","","","","","","NA"
"-113.61","53.31","EDMONTON INTERNATIONAL CS","3012206","2021-08-13 01:00","2021","08","13","01:00","8.6","","7.0","","90","","0.0","","20","","10","","","","93.88","","","","","","NA"
"-113.61","53.31","EDMONTON INTERNATIONAL CS","3012206","2021-08-13 02:00","2021","08","13","02:00"
"-113.61","53.31","EDMONTON INTERNATIONAL CS","3012206","2021-08-13 03:00","2021","08","13","03:00"
"-113.61","53.31","EDMONTON INTERNATIONAL CS","3012206","2021-08-13 04:00","2021","08","13","04:00","7.6","","6.3","","91","","0.0","","20","","9","","","","93.78","","","","","","NA"
"-113.61","53.31","EDMONTON INTERNATIONAL CS","3012206","2021-08-13 05:00","2021","08","13","05:00"
"-113.61","53.31","EDMONTON INTERNATIONAL CS","3012206","2021-08-13 06:00","2021","08","13","06:00"
"-113.61","53.31","EDMONTON INTERNATIONAL CS","3012206","2021-08-13 07:00","2021","08","13","07:00"
"-113.61","53.31","EDMONTON INTERNATIONAL CS","3012206","2021-08-13 08:00","2021","08","13","08:00"
"-113.61","53.31","EDMONTON INTERNATIONAL CS","3012206","2021-08-13 09:00","2021","08","13","09:00"
"-113.61","53.31","EDMONTON INTERNATIONAL CS","3012206","2021-08-13 10:00","2021","08","13","10:00"
"-113.61","53.31","EDMONTON INTERNATIONAL CS","3012206","2021-08-13 11:00","2021","08","13","11:00"
"-113.61","53.31","EDMONTON INTERNATIONAL CS","3012206","2021-08-13 12:00","2021","08","13","12:00","28.8","","10.2","","31","","0.0","","27","","19","","","","93.54","","30","","","","NA"
"-113.61","53.31","EDMONTON INTERNATIONAL CS","3012206","2021-08-13 13:00","2021","08","13","13:00","29.3","","9.6","","29","","0.0","","28","","16","","","","93.50","","30","","","","NA"
"-113.61","53.31","EDMONTON INTERNATIONAL CS","3012206","2021-08-13 14:00","2021","08","13","14:00","30.4","","9.7","","28","","0.0","","26","","16","","","","93.42","","32","","","","NA"
"-113.61","53.31","EDMONTON INTERNATIONAL CS","3012206","2021-08-13 15:00","2021","08","13","15:00","31.0","","9.6","","27","","0.0","","27","","13","","","","93.37","","32","","","","NA"
"-113.61","53.31","EDMONTON INTERNATIONAL CS","3012206","2021-08-13 16:00","2021","08","13","16:00","31.0","","9.6","","27","","0.0","","27","","15","","","","93.34","","32","","","","NA"
"-113.61","53.31","EDMONTON INTERNATIONAL CS","3012206","2021-08-13 17:00","2021","08","13","17:00","30.7","","8.4","","25","","0.0","","28","","13","","","","93.29","","31","","","","NA"
"-113.61","53.31","EDMONTON INTERNATIONAL CS","3012206","2021-08-13 18:00","2021","08","13","18:00","30.0","","11.4","","32","","0.0","","29","","8","","","","93.25","","32","","","","NA"
"-113.61","53.31","EDMONTON INTERNATIONAL CS","3012206","2021-08-13 19:00","2021","08","13","19:00","27.2","","17.1","","54","","0.0","","24","","3","","","","93.23","","33","","","","NA"
"-113.61","53.31","EDMONTON INTERNATIONAL CS","3012206","2021-08-13 20:00","2021","08","13","20:00","19.1","","13.1","","68","","0.0","","16","","8","","","","93.19","","","","","","NA"
"-113.61","53.31","EDMONTON INTERNATIONAL CS","3012206","2021-08-13 21:00","2021","08","13","21:00","15.6","","10.5","","72","","0.0","","17","","12","","","","93.17","","","","","","NA"
"-113.61","53.31","EDMONTON INTERNATIONAL CS","3012206","2021-08-13 22:00","2021","08","13","22:00","14.9","","10.8","","76","","0.0","","20","","15","","","","93.16","","","","","","NA"
"-113.61","53.31","EDMONTON INTERNATIONAL CS","3012206","2021-08-13 23:00","2021","08","13","23:00","14.2","","10.4","","78","","0.0","","19","","14","","","","93.15","","","","","","NA"
"-113.61","53.31","EDMONTON INTERNATIONAL CS","3012206","2021-08-14 00:00","2021","08","14","00:00","13.7","","9.9","","78","","0.0","","18","","13","","","","93.14","","","","","","NA"
"-113.61","53.31","EDMONTON INTERNATIONAL CS","3012206","2021-08-14 01:00","2021","08","14","01:00","13.3","","9.7","","79","","0.0","","20","","8","","","","93.11","","","","","","NA"
"-113.61","53.31","EDMONTON INTERNATIONAL CS","3012206","2021-08-14 02:00","2021","08","14","02:00","10.6","","9.0","","90","","0.0","","24","","3","","","","93.11","","","","","","NA"
"-113.61","53.31","EDMONTON INTERNATIONAL CS","3012206","2021-08-14 03:00","2021","08","14","03:00","10.5","","8.7","","88","","0.0","","18","","8","","","","93.09","","","","","","NA"
"-113.61","53.31","EDMONTON INTERNATIONAL CS","3012206","2021-08-14 04:00","2021","08","14","04:00","11.0","","9.3","","89","","0.0","","17","","8","","","","93.07","","","","","","NA"
"-113.61","53.31","EDMONTON INTERNATIONAL CS","3012206","2021-08-14 05:00","2021","08","14","05:00","10.7","","8.6","","87","","0.0","","19","","10","","","","93.03","","","","","","NA"
"-113.61","53.31","EDMONTON INTERNATIONAL CS","3012206","2021-08-14 06:00","2021","08","14","06:00","11.7","","9.1","","84","","0.0","","19","","12","","","","93.03","","","","","","NA"
"-113.61","53.31","EDMONTON INTERNATIONAL CS","3012206","2021-08-14 07:00","2021","08","14","07:00","15.2","","11.5","","79","","0.0","","19","","10","","","","93.01","","","","","","NA"
"-113.61","53.31","EDMONTON INTERNATIONAL CS","3012206","2021-08-14 08:00","2021","08","14","08:00","20.3","","12.6","","61","","0.0","","25","","2","","","","93.01","","","","","","NA"
"-113.61","53.31","EDMONTON INTERNATIONAL CS","3012206","2021-08-14 09:00","2021","08","14","09:00","23.7","","11.7","","47","","0.0","","33","","9","","","","93.03","","26","","","","NA"
"-113.61","53.31","EDMONTON INTERNATIONAL CS","3012206","2021-08-14 10:00","2021","08","14","10:00","25.9","","10.3","","37","","0.0","","28","","10","","","","93.02","","27","","","","NA"
"-113.61","53.31","EDMONTON INTERNATIONAL CS","3012206","2021-08-14 11:00","2021","08","14","11:00","28.3","","11.8","","36","","0.0","","22","","5","","","","93.01","","30","","","","NA"
"-113.61","53.31","EDMONTON INTERNATIONAL CS","3012206","2021-08-14 12:00","2021","08","14","12:00","30.3","","10.2","","29","","0.0","","33","","4","","","","92.97","","32","","","","NA"
"-113.61","53.31","EDMONTON INTERNATIONAL CS","3012206","2021-08-14 13:00","2021","08","14","13:00","30.8","","10.0","","28","","0.0","","32","","5","","","","92.91","","32","","","","NA"
"-113.61","53.31","EDMONTON INTERNATIONAL CS","3012206","2021-08-14 14:00","2021","08","14","14:00","30.9","","10.9","","29","","0.0","","36","","6","","","","92.90","","33","","","","NA"
"-113.61","53.31","EDMONTON INTERNATIONAL CS","3012206","2021-08-14 15:00","2021","08","14","15:00","30.7","","11.2","","30","","0.0","","0","","1","","","","92.85","","33","","","","NA"
"-113.61","53.31","EDMONTON INTERNATIONAL CS","3012206","2021-08-14 16:00","2021","08","14","16:00","29.9","","12.5","","34","","0.0","","31","","2","","","","92.83","","32","","","","NA"
"-113.61","53.31","EDMONTON INTERNATIONAL CS","3012206","2021-08-14 17:00","2021","08","14","17:00","26.3","","15.8","","52","","0.0","","2","","5","","","","92.79","","31","","","","NA"
"-113.61","53.31","EDMONTON INTERNATIONAL CS","3012206","2021-08-14 18:00","2021","08","14","18:00","26.5","","12.8","","43","","0.0","","35","","17","","","","92.84","","29","","","","NA"
"-113.61","53.31","EDMONTON INTERNATIONAL CS","3012206","2021-08-14 19:00","2021","08","14","19:00","24.2","","11.0","","43","","0.0","","36","","15","","","","92.91","","26","","","","NA"
"-113.61","53.31","EDMONTON INTERNATIONAL CS","3012206","2021-08-14 20:00","2021","08","14","20:00","21.2","","12.5","","58","","0.0","","34","","7","","","","92.99","","","","","","NA"
"-113.61","53.31","EDMONTON INTERNATIONAL CS","3012206","2021-08-14 21:00","2021","08","14","21:00","20.5","","12.5","","60","","0.0","","34","","9","","","","93.05","","","","","","NA"
"-113.61","53.31","EDMONTON INTERNATIONAL CS","3012206","2021-08-14 22:00","2021","08","14","22:00","21.0","","11.5","","55","","0.0","","33","","9","","","","93.08","","","","","","NA"
"-113.61","53.31","EDMONTON INTERNATIONAL CS","3012206","2021-08-14 23:00","2021","08","14","23:00","18.2","","12.8","","71","","0.0","","22","","11","","","","93.08","","","","","","NA"
"-113.61","53.31","EDMONTON INTERNATIONAL CS","3012206","2021-08-15 00:00","2021","08","15","00:00"
"-113.61","53.31","EDMONTON INTERNATIONAL CS","3012206","2021-08-15 01:00","2021","08","15","01:00"
"-113.61","53.31","EDMONTON INTERNATIONAL CS","3012206","2021-08-15 02:00","2021","08","15","02:00","13.5","","11.3","","86","","0.0","","19","","10","","","","93.09","","","","","","NA"
"-113.61","53.31","EDMONTON INTERNATIONAL CS","3012206","2021-08-15 03:00","2021","08","15","03:00","11.3","","9.5","","89","","0.0","","19","","7","","","","93.08","","","","","","NA"
"-113.61","53.31","EDMONTON INTERNATIONAL CS","3012206","2021-08-15 04:00","2021","08","15","04:00"
"-113.61","53.31","EDMONTON INTERNATIONAL CS","3012206","2021-08-15 05:00","2021","08","15","05:00","12.4","","11.0","","91","","0.0","","19","","6","","","","93.08","","","","","","NA"
"-113.61","53.31","EDMONTON INTERNATIONAL CS","3012206","2021-08-15 06:00","2021","08","15","06:00","13.4","","11.1","","86","","0.0","","20","","11","","","","93.07","","","","","","NA"
"-113.61","53.31","EDMONTON INTERNATIONAL CS","3012206","2021-08-15 07:00","2021","08","15","07:00"
"-113.61","53.31","EDMONTON INTERNATIONAL CS","3012206","2021-08-15 08:00","2021","08","15","08:00","18.4","","13.2","","72","","0.0","","18","","10","","","","92.96","","","","","","NA"
"-113.61","53.31","EDMONTON INTERNATIONAL CS","3012206","2021-08-15 09:00","2021","08","15","09:00","21.7","","13.8","","61","","0.0","","18","","9","","","","92.91","","25","","","","NA"
"-113.61","53.31","EDMONTON INTERNATIONAL CS","3012206","2021-08-15 10:00","2021","08","15","10:00"
"-113.61","53.31","EDMONTON INTERNATIONAL CS","3012206","2021-08-15 11:00","2021","08","15","11:00"
"-113.61","53.31","EDMONTON INTERNATIONAL CS","3012206","2021-08-15 12:00","2021","08","15","12:00","26.7","","11.8","","40","","0.0","","17","","28","","","","92.62","","29","","","","NA"
"-113.61","53.31","EDMONTON INTERNATIONAL CS","3012206","2021-08-15 13:00","2021","08","15","13:00"
"-113.61","53.31","EDMONTON INTERNATIONAL CS","3012206","2021-08-15 14:00","2021","08","15","14:00"
"-113.61","53.31","EDMONTON INTERNATIONAL CS","3012206","2021-08-15 15:00","2021","08","15","15:00"
"-113.61","53.31","EDMONTON INTERNATIONAL CS","3012206","2021-08-15 16:00","2021","08","15","16:00"
"-113.61","53.31","EDMONTON INTERNATIONAL CS","3012206","2021-08-15 17:00","2021","08","15","17:00","24.5","","14.5","","54","","0.0","","36","","8","","","","92.44","","28","","","","NA"
"-113.61","53.31","EDMONTON INTERNATIONAL CS","3012206","2021-08-15 18:00","2021","08","15","18:00","22.6","","17.2","","71","","0.0","","24","","6","","","","92.38","","28","","","","NA"
"-113.61","53.31","EDMONTON INTERNATIONAL CS","3012206","2021-08-15 19:00","2021","08","15","19:00","21.9","","15.7","","68","","0.0","","21","","7","","","","92.36","","26","","","","NA"
"-113.61","53.31","EDMONTON INTERNATIONAL CS","3012206","2021-08-15 20:00","2021","08","15","20:00"
"-113.61","53.31","EDMONTON INTERNATIONAL CS","3012206","2021-08-15 21:00","2021","08","15","21:00"
"-113.61","53.31","EDMONTON INTERNATIONAL CS","3012206","2021-08-15 22:00","2021","08","15","22:00","18.9","","15.6","","81","","0.0","","28","","3","","","","92.27","","","","","","NA"
"-113.61","53.31","EDMONTON INTERNATIONAL CS","3012206","2021-08-15 23:00","2021","08","15","23:00"
"-113.61","53.31","EDMONTON INTERNATIONAL CS","3012206","2021-08-16 00:00","2021","08","16","00:00"
"-113.61","53.31","EDMONTON INTERNATIONAL CS","3012206","2021-08-16 01:00","2021","08","16","01:00"
"-113.61","53.31","EDMONTON INTERNATIONAL CS","3012206","2021-08-16 02:00","2021","08","16","02:00"
"-113.61","53.31","EDMONTON INTERNATIONAL CS","3012206","2021-08-16 03:00","2021","08","16","03:00"
"-113.61","53.31","EDMONTON INTERNATIONAL CS","3012206","2021-08-16 04:00","2021","08","16","04:00"
"-113.61","53.31","EDMONTON INTERNATIONAL CS","3012206","2021-08-16 05:00","2021","08","16","05:00"
"-113.61","53.31","EDMONTON INTERNATIONAL CS","3012206","2021-08-16 06:00","2021","08","16","06:00","13.6","","11.2","","85","","0.0","","34","","14","","","","92.56","","","","","","NA"
"-113.61","53.31","EDMONTON INTERNATIONAL CS","3012206","2021-08-16 07:00","2021","08","16","07:00","12.8","","11.9","","94","","0.9","","2","","6","","","","92.53","","","","","","NA"
"-113.61","53.31","EDMONTON INTERNATIONAL CS","3012206","2021-08-16 08:00","2021","08","16","08:00","13.9","","12.3","","90","","0.0","","28","","5","","","","92.58","","","","","","NA"
"-113.61","53.31","EDMONTON INTERNATIONAL CS","3012206","2021-08-16 09:00","2021","08","16","09:00","16.4","","11.7","","74","","0.0","","31","","14","","","","92.59","","","","","","NA"
"-113.61","53.31","EDMONTON INTERNATIONAL CS","3012206","2021-08-16 10:00","2021","08","16","10:00","17.8","","7.1","","50","","0.0","","34","","19","","","","92.61","","","","","","NA"
"-113.61","53.31","EDMONTON INTERNATIONAL CS","3012206","2021-08-16 11:00","2021","08","16","11:00","17.1","","4.7","","44","","0.0","","31","","13","","","","92.60","","","","","","NA"
"-113.61","53.31","EDMONTON INTERNATIONAL CS","3012206","2021-08-16 12:00","2021","08","16","12:00","19.4","","5.3","","40","","0.0","","31","","19","","","","92.61","","","","","","NA"
"-113.61","53.31","EDMONTON INTERNATIONAL CS","3012206","2021-08-16 13:00","2021","08","16","13:00","20.1","","3.6","","34","","0.0","","30","","18","","","","92.61","","","","","","NA"
"-113.61","53.31","EDMONTON INTERNATIONAL CS","3012206","2021-08-16 14:00","2021","08","16","14:00","20.0","","3.0","","33","","0.0","","31","","17","","","","92.62","","","","","","NA"
"-113.61","53.31","EDMONTON INTERNATIONAL CS","3012206","2021-08-16 15:00","2021","08","16","15:00","21.7","","3.4","","30","","0.0","","32","","19","","","","92.62","","","","","","NA"
"-113.61","53.31","EDMONTON INTERNATIONAL CS","3012206","2021-08-16 16:00","2021","08","16","16:00","20.0","","2.6","","32","","0.0","","32","","17","","","","92.64","","","","","","NA"
"-113.61","53.31","EDMONTON INTERNATIONAL CS","3012206","2021-08-16 17:00","2021","08","16","17:00","20.1","","2.1","","30","","0.0","","33","","18","","","","92.66","","","","","","NA"
"-113.61","53.31","EDMONTON INTERNATIONAL CS","3012206","2021-08-16 18:00","2021","08","16","18:00","19.0","","3.1","","35","","0.0","","32","","10","","","","92.71","","","","","","NA"
"-113.61","53.31","EDMONTON INTERNATIONAL CS","3012206","2021-08-16 19:00","2021","08","16","19:00","17.4","","4.9","","43","","0.0","","33","","12","","","","92.76","","","","","","NA"
"-113.61","53.31","EDMONTON INTERNATIONAL CS","3012206","2021-08-16 20:00","2021","08","16","20:00","15.2","","5.3","","52","","0.0","","34","","10","","","","92.81","","","","","","NA"
"-113.61","53.31","EDMONTON INTERNATIONAL CS","3012206","2021-08-16 21:00","2021","08","16","21:00","13.2","","6.0","","62","","0.0","","36","","9","","","","92.87","","","","","","NA"
"-113.61","53.31","EDMONTON INTERNATIONAL CS","3012206","2021-08-16 22:00","2021","08","16","22:00","13.1","","6.7","","65","","0.0","","36","","6","","","","92.92","","","","","","NA"
"-113.61","53.31","EDMONTON INTERNATIONAL CS","3012206","2021-08-16 23:00","2021","08","16","23:00","13.8","","7.1","","64","","0.0","","2","","16","","","","92.96","","","","","","NA"
"-113.61","53.31","EDMONTON INTERNATIONAL CS","3012206","2021-08-17 00:00","2021","08","17","00:00","11.8","","7.6","","75","","0.0","","35","","7","","","","93.01","","","","","","NA"
"-113.61","53.31","EDMONTON INTERNATIONAL CS","3012206","2021-08-17 01:00","2021","08","17","01:00","11.3","","7.6","","78","","0.0","","35","","9","","","","93.03","","","","","","NA"
"-113.61","53.31","EDMONTON INTERNATIONAL CS","3012206","2021-08-17 02:00","2021","08","17","02:00","10.7","","7.3","","80","","0.0","","33","","7","","","","93.11","","","","","","NA"
"-113.61","53.31","EDMONTON INTERNATIONAL CS","3012206","2021-08-17 03:00","2021","08","17","03:00","10.1","","7.1","","82","","0.0","","32","","7","","","","93.14","","","","","","NA"
"-113.61","53.31","EDMONTON INTERNATIONAL CS","3012206","2021-08-17 04:00","2021","08","17","04:00","9.4","","6.9","","85","","0.0","","32","","5","","","","93.18","","","","","","NA"
"-113.61","53.31","EDMONTON INTERNATIONAL CS","3012206","2021-08-17 05:00","2021","08","17","05:00","8.8","","7.3","","90","","0.0","","33","","6","","","","93.21","","","","","","NA"
"-113.61","53.31","EDMONTON INTERNATIONAL CS","3012206","2021-08-17 06:00","2021","08","17","06:00","9.2","","7.7","","90","","0.0","","32","","6","","","","93.23","","","","","","NA"
"-113.61","53.31","EDMONTON INTERNATIONAL CS","3012206","2021-08-17 07:00","2021","08","17","07:00","10.1","","8.3","","89","","0.0","","32","","5","","","","93.30","","","","","","NA"
"-113.61","53.31","EDMONTON INTERNATIONAL CS","3012206","2021-08-17 08:00","2021","08","17","08:00","12.2","","8.2","","76","","0.0","","35","","5","","","","93.36","","","","","","NA"
"-113.61","53.31","EDMONTON INTERNATIONAL CS","3012206","2021-08-17 09:00","2021","08","17","09:00","12.6","","7.3","","70","","0.0","","36","","8","","","","93.41","","","","","","NA"
"-113.61","53.31","EDMONTON INTERNATIONAL CS","3012206","2021-08-17 10:00","2021","08","17","10:00","15.4","","7.2","","58","","0.0","","34","","11","","","","93.43","","","","","","NA"
"-113.61","53.31","EDMONTON INTERNATIONAL CS","3012206","2021-08-17 11:00","2021","08","17","11:00","16.3","","6.8","","53","","0.0","","36","","12","","","","93.43","","","","","","NA"
"-113.61","53.31","EDMONTON INTERNATIONAL CS","3012206","2021-08-17 12:00","2021","08","17","12:00","16.6","","5.8","","49","","0.0","","33","","19","","","","93.40","","","","","","NA"
"-113.61","53.31","EDMONTON INTERNATIONAL CS","3012206","2021-08-17 13:00","2021","08","17","13:00","16.4","","6.2","","51","","0.0","","33","","18","","","","93.42","","","","","","NA"
"-113.61","53.31","EDMONTON INTERNATIONAL CS","3012206","2021-08-17 14:00","2021","08","17","14:00","17.2","","5.8","","47","","0.0","","30","","11","","","","93.42","","","","","","NA"
"-113.61","53.31","EDMONTON INTERNATIONAL CS","3012206","2021-08-17 15:00","2021","08","17","15:00","18.9","","6.6","","45","","0.0","","32","","10","","","","93.42","","","","","","NA"
"-113.61","53.31","EDMONTON INTERNATIONAL CS","3012206","2021-08-17 16:00","2021","08","17","16:00","18.9","","5.3","","41","","0.0","","31","","7","","","","93.43","","","","","","NA"
"-113.61","53.31","EDMONTON INTERNATIONAL CS","3012206","2021-08-17 17:00","2021","08","17","17:00","18.6","","5.0","","41","","0.0","","34","","10","","","","93.42","","","","","","NA"
"-113.61","53.31","EDMONTON INTERNATIONAL CS","3012206","2021-08-17 18:00","2021","08","17","18:00","18.4","","5.6","","43","","0.0","","31","","8","","","","93.42","","","","","","NA"
"-113.61","53.31","EDMONTON INTERNATIONAL CS","3012206","2021-08-17 19:00","2021","08","17","19:00","16.7","","6.3","","50","","0.0","","35","","8","","","","93.47","","","","","","NA"
"-113.61","53.31","EDMONTON INTERNATIONAL CS","3012206","2021-08-17 20:00","2021","08","17","20:00","12.7","","5.9","","63","","0.0","","35","","7","","","","93.53","","","","","","NA"
"-113.61","53.31","EDMONTON INTERNATIONAL CS","3012206","2021-08-17 21:00","2021","08","17","21:00","7.6","","5.1","","84","","0.0","","23","","6","","","","93.58","","","","","","NA"
"-113.61","53.31","EDMONTON INTERNATIONAL CS","3012206","2021-08-17 22:00","2021","08","17","22:00","5.9","","3.4","","84","","0.0","","22","","7","","","","93.59","","","","","","NA"
"-113.61","53.31","EDMONTON INTERNATIONAL CS","3012206","2021-08-17 23:00","2021","08","17","23:00","4.7","","3.1","","89","","0.0","","16","","6","","","","93.59","","","","","","NA"
"-113.61","53.31","EDMONTON INTERNATIONAL CS","3012206","2021-08-18 00:00","2021","08","18","00:00","4.5","","3.3","","92","","0.0","","19","","7","","","","93.57","","","","","","NA"
"-113.61","53.31","EDMONTON INTERNATIONAL CS","3012206","2021-08-18 01:00","2021","08","18","01:00","3.5","","2.3","","92","","0.0","","19","","7","","","","93.57","","","","","","NA"
"-113.61","53.31","EDMONTON INTERNATIONAL CS","3012206","2021-08-18 02:00","2021","08","18","02:00","3.2","","2.5","","96","","0.0","","19","","8","","","","93.60","","","","","","NA"
"-113.61","53.31","EDMONTON INTERNATIONAL CS","3012206","2021-08-18 03:00","2021","08","18","03:00","2.0","","1.4","","95","","0.0","","21","","5","","","","93.61","","","","","","NA"
"-113.61","53.31","EDMONTON INTERNATIONAL CS","3012206","2021-08-18 04:00","2021","08","18","04:00","2.4","","2.0","","97","","0.0","","15","","6","","","","93.58","","","","","","NA"
"-113.61","53.31","EDMONTON INTERNATIONAL CS","3012206","2021-08-18 05:00","2021","08","18","05:00","1.4","","0.8","","95","","0.0","","15","","3","","","","93.59","","","","","","NA"
"-113.61","53.31","EDMONTON INTERNATIONAL CS","3012206","2021-08-18 06:00","2021","08","18","06:00","2.4","","1.9","","96","","0.0","","16","","7","","","","93.57","","","","","","NA"
"-113.61","53.31","EDMONTON INTERNATIONAL CS","3012206","2021-08-18 07:00","2021","08","18","07:00","8.3","","6.4","","88","","0.0","","16","","8","","","","93.55","","","","","","NA"
"-113.61","53.31","EDMONTON INTERNATIONAL CS","3012206","2021-08-18 08:00","2021","08","18","08:00","13.5","","7.9","","69","","0.0","","18","","14","","","","93.55","","","","","","NA"
"-113.61","53.31","EDMONTON INTERNATIONAL CS","3012206","2021-08-18 09:00","2021","08","18","09:00","17.0","","7.3","","53","","0.0","","18","","17","","","","93.52","","","","","","NA"
"-113.61","53.31","EDMONTON INTERNATIONAL CS","3012206","2021-08-18 10:00","2021","08","18","10:00","19.0","","6.6","","44","","0.0","","18","","23","","","","93.48","","","","","","NA"
"-113.61","53.31","EDMONTON INTERNATIONAL CS","3012206","2021-08-18 11:00","2021","08","18","11:00","20.2","","5.2","","38","","0.0","","20","","24","","","","93.44","","","","","","NA"
"-113.61","53.31","EDMONTON INTERNATIONAL CS","3012206","2021-08-18 12:00","2021","08","18","12:00","21.5","","4.9","","34","","0.0","","19","","22","","","","93.38","","","","","","NA"
"-113.61","53.31","EDMONTON INTERNATIONAL CS","3012206","2021-08-18 13:00","2021","08","18","13:00","22.2","","4.5","","31","","0.0","","19","","23","","","","93.28","","","","","","NA"
"-113.61","53.31","EDMONTON INTERNATIONAL CS","3012206","2021-08-18 14:00","2021","08","18","14:00","23.4","","4.2","","29","","0.0","","19","","23","","","","93.23","","","","","","NA"
"-113.61","53.31","EDMONTON INTERNATIONAL CS","3012206","2021-08-18 15:00","2021","08","18","15:00","23.5","","3.7","","27","","0.0","","19","","20","","","","93.15","","","","","","NA"
"-113.61","53.31","EDMONTON INTERNATIONAL CS","3012206","2021-08-18 16:00","2021","08","18","16:00","23.4","","3.3","","27","","0.0","","19","","23","","","","93.11","","","","","","NA"
"-113.61","53.31","EDMONTON INTERNATIONAL CS","3012206","2021-08-18 17:00","2021","08","18","17:00","23.4","","3.3","","27","","0.0","","20","","22","","","","93.11","","","","","","NA"
"-113.61","53.31","EDMONTON INTERNATIONAL CS","3012206","2021-08-18 18:00","2021","08","18","18:00","22.0","","3.8","","30","","0.0","","19","","15","","","","93.09","","","","","","NA"
"-113.61","53.31","EDMONTON INTERNATIONAL CS","3012206","2021-08-18 19:00","2021","08","18","19:00","19.1","","5.0","","39","","0.0","","16","","12","","","","93.07","","","","","","NA"
"-113.61","53.31","EDMONTON INTERNATIONAL CS","3012206","2021-08-18 20:00","2021","08","18","20:00","18.4","","4.8","","41","","0.0","","16","","15","","","","93.07","","","","","","NA"
"-113.61","53.31","EDMONTON INTERNATIONAL CS","3012206","2021-08-18 21:00","2021","08","18","21:00","17.0","","5.4","","46","","0.0","","18","","13","","","","93.11","","","","","","NA"
"-113.61","53.31","EDMONTON INTERNATIONAL CS","3012206","2021-08-18 22:00","2021","08","18","22:00","15.8","","5.2","","49","","0.0","","19","","13","","","","93.16","","","","","","NA"
"-113.61","53.31","EDMONTON INTERNATIONAL CS","3012206","2021-08-18 23:00","2021","08","18","23:00","15.0","","6.1","","55","","0.0","","19","","12","","","","93.21","","","","","","NA"
"-113.61","53.31","EDMONTON INTERNATIONAL CS","3012206","2021-08-19 00:00","2021","08","19","00:00"
"-113.61","53.31","EDMONTON INTERNATIONAL CS","3012206","2021-08-19 01:00","2021","08","19","01:00"
"-113.61","53.31","EDMONTON INTERNATIONAL CS","3012206","2021-08-19 02:00","2021","08","19","02:00","11.9","","8.6","","80","","0.0","","24","","5","","","","93.20","","","","","","NA"
"-113.61","53.31","EDMONTON INTERNATIONAL CS","3012206","2021-08-19 03:00","2021","08","19","03:00"
"-113.61","53.31","EDMONTON INTERNATIONAL CS","3012206","2021-08-19 04:00","2021","08","19","04:00","10.9","","8.7","","86","","0.0","","27","","7","","","","93.25","","","","","","NA"
"-113.61","53.31","EDMONTON INTERNATIONAL CS","3012206","2021-08-19 05:00","2021","08","19","05:00","10.4","","8.7","","89","","0.0","","26","","6","","","","93.26","","","","","","NA"
"-113.61","53.31","EDMONTON INTERNATIONAL CS","3012206","2021-08-19 06:00","2021","08","19","06:00"
"-113.61","53.31","EDMONTON INTERNATIONAL CS","3012206","2021-08-19 07:00","2021","08","19","07:00"
"-113.61","53.31","EDMONTON INTERNATIONAL CS","3012206","2021-08-19 08:00","2021","08","19","08:00","13.9","","10.5","","80","","0.0","","25","","8","","","","93.36","","","","","","NA"
"-113.61","53.31","EDMONTON INTERNATIONAL CS","3012206","2021-08-19 09:00","2021","08","19","09:00","15.7","","11.2","","75","","0.0","","27","","14","","","","93.34","","","","","","NA"
"-113.61","53.31","EDMONTON INTERNATIONAL CS","3012206","2021-08-19 10:00","2021","08","19","10:00"
"-113.61","53.31","EDMONTON INTERNATIONAL CS","3012206","2021-08-19 11:00","2021","08","19","11:00"
"-113.61","53.31","EDMONTON INTERNATIONAL CS","3012206","2021-08-19 12:00","2021","08","19","12:00"
"-113.61","53.31","EDMONTON INTERNATIONAL CS","3012206","2021-08-19 13:00","2021","08","19","13:00"
"-113.61","53.31","EDMONTON INTERNATIONAL CS","3012206","2021-08-19 14:00","2021","08","19","14:00"
"-113.61","53.31","EDMONTON INTERNATIONAL CS","3012206","2021-08-19 15:00","2021","08","19","15:00"
"-113.61","53.31","EDMONTON INTERNATIONAL CS","3012206","2021-08-19 16:00","2021","08","19","16:00"
"-113.61","53.31","EDMONTON INTERNATIONAL CS","3012206","2021-08-19 17:00","2021","08","19","17:00"
"-113.61","53.31","EDMONTON INTERNATIONAL CS","3012206","2021-08-19 18:00","2021","08","19","18:00","18.8","","8.2","","50","","0.0","","29","","7","","","","93.26","","","","","","NA"
"-113.61","53.31","EDMONTON INTERNATIONAL CS","3012206","2021-08-19 19:00","2021","08","19","19:00","17.0","","9.4","","61","","0.0","","30","","5","","","","93.28","","","","","","NA"
"-113.61","53.31","EDMONTON INTERNATIONAL CS","3012206","2021-08-19 20:00","2021","08","19","20:00","13.4","","9.0","","75","","0.0","","29","","7","","","","93.30","","","","","","NA"
"-113.61","53.31","EDMONTON INTERNATIONAL CS","3012206","2021-08-19 21:00","2021","08","19","21:00","13.0","","9.2","","77","","0.0","","28","","7","","","","93.32","","","","","","NA"
"-113.61","53.31","EDMONTON INTERNATIONAL CS","3012206","2021-08-19 22:00","2021","08","19","22:00","13.7","","9.2","","74","","0.0","","30","","10","","","","93.32","","","","","","NA"
"-113.61","53.31","EDMONTON INTERNATIONAL CS","3012206","2021-08-19 23:00","2021","08","19","23:00","13.9","","9.3","","74","","0.0","","31","","7","","","","93.31","","","","","","NA"
"-113.61","53.31","EDMONTON INTERNATIONAL CS","3012206","2021-08-20 00:00","2021","08","20","00:00"
"-113.61","53.31","EDMONTON INTERNATIONAL CS","3012206","2021-08-20 01:00","2021","08","20","01:00"
"-113.61","53.31","EDMONTON INTERNATIONAL CS","3012206","2021-08-20 02:00","2021","08","20","02:00"
"-113.61","53.31","EDMONTON INTERNATIONAL CS","3012206","2021-08-20 03:00","2021","08","20","03:00"
"-113.61","53.31","EDMONTON INTERNATIONAL CS","3012206","2021-08-20 04:00","2021","08","20","04:00"
"-113.61","53.31","EDMONTON INTERNATIONAL CS","3012206","2021-08-20 05:00","2021","08","20","05:00"
"-113.61","53.31","EDMONTON INTERNATIONAL CS","3012206","2021-08-20 06:00","2021","08","20","06:00","10.4","","9.8","","96","","0.0","","28","","8","","","","93.41","","","","","","NA"
"-113.61","53.31","EDMONTON INTERNATIONAL CS","3012206","2021-08-20 07:00","2021","08","20","07:00","12.0","","10.6","","92","","0.0","","28","","8","","","","93.41","","","","","","NA"
"-113.61","53.31","EDMONTON INTERNATIONAL CS","3012206","2021-08-20 08:00","2021","08","20","08:00","13.7","","10.2","","80","","0.0","","31","","11","","","","93.42","","","","","","NA"
"-113.61","53.31","EDMONTON INTERNATIONAL CS","3012206","2021-08-20 09:00","2021","08","20","09:00","15.3","","10.1","","71","","0.0","","33","","8","","","","93.42","","","","","","NA"
"-113.61","53.31","EDMONTON INTERNATIONAL CS","3012206","2021-08-20 10:00","2021","08","20","10:00","17.6","","9.6","","60","","0.0","","34","","13","","","","93.42","","","","","","NA"
"-113.61","53.31","EDMONTON INTERNATIONAL CS","3012206","2021-08-20 11:00","2021","08","20","11:00","17.2","","8.3","","56","","0.0","","32","","11","","","","93.40","","","","","","NA"
"-113.61","53.31","EDMONTON INTERNATIONAL CS","3012206","2021-08-20 12:00","2021","08","20","12:00","18.5","","7.9","","50","","0.0","","32","","11","","","","93.34","","","","","","NA"
"-113.61","53.31","EDMONTON INTERNATIONAL CS","3012206","2021-08-20 13:00","2021","08","20","13:00","18.3","","5.5","","43","","0.0","","34","","21","","","","93.30","","","","","","NA"
"-113.61","53.31","EDMONTON INTERNATIONAL CS","3012206","2021-08-20 14:00","2021","08","20","14:00","20.6","","7.5","","43","","0.0","","1","","13","","","","93.28","","","","","","NA"
"-113.61","53.31","EDMONTON INTERNATIONAL CS","3012206","2021-08-20 15:00","2021","08","20","15:00","18.6","","8.6","","52","","0.0","","5","","22","","","","93.30","","","","","","NA"
"-113.61","53.31","EDMONTON INTERNATIONAL CS","3012206","2021-08-20 16:00","2021","08","20","16:00","19.3","","7.4","","46","","0.0","","1","","20","","","","93.30","","","","","","NA"
"-113.61","53.31","EDMONTON INTERNATIONAL CS","3012206","2021-08-20 17:00","2021","08","20","17:00","18.9","","6.7","","45","","0.0","","1","","16","","","","93.32","","","","","","NA"
"-113.61","53.31","EDMONTON INTERNATIONAL CS","3012206","2021-08-20 18:00","2021","08","20","18:00","18.5","","6.3","","45","","0.0","","35","","14","","","","93.30","","","","","","NA"
"-113.61","53.31","EDMONTON INTERNATIONAL CS","3012206","2021-08-20 19:00","2021","08","20","19:00","16.7","","6.3","","50","","0.0","","35","","10","","","","93.30","","","","","","NA"
"-113.61","53.31","EDMONTON INTERNATIONAL CS","3012206","2021-08-20 20:00","2021","08","20","20:00","13.5","","6.4","","62","","0.0","","35","","4","","","","93.30","","","","","","NA"
"-113.61","53.31","EDMONTON INTERNATIONAL CS","3012206","2021-08-20 21:00","2021","08","20","21:00","10.2","","5.8","","74","","0.0","","35","","5","","","","93.32","","","","","","NA"
"-113.61","53.31","EDMONTON INTERNATIONAL CS","3012206","2021-08-20 22:00","2021","08","20","22:00","7.1","","4.8","","85","","0.0","","0","","1","","","","93.33","","","","","","NA"
"-113.61","53.31","EDMONTON INTERNATIONAL CS","3012206","2021-08-20 23:00","2021","08","20","23:00","5.0","","3.0","","87","","0.0","","4","","1","","","","93.33","","","","","","NA"
"-113.61","53.31","EDMONTON INTERNATIONAL CS","3012206","2021-08-21 00:00","2021","08","21","00:00","4.0","","2.6","","90","","0.0","","23","","6","","","","93.32","","","","","","NA"
"-113.61","53.31","EDMONTON INTERNATIONAL CS","3012206","2021-08-21 01:00","2021","08","21","01:00","4.8","","3.4","","91","","0.0","","16","","2","","","","93.30","","","","","","NA"
"-113.61","53.31","EDMONTON INTERNATIONAL CS","3012206","2021-08-21 02:00","2021","08","21","02:00","3.8","","2.6","","92","","0.0","","19","","3","","","","93.29","","","","","","NA"
"-113.61","53.31","EDMONTON INTERNATIONAL CS","3012206","2021-08-21 03:00","2021","08","21","03:00","4.5","","3.6","","94","","0.0","","19","","9","","","","93.28","","","","","","NA"
"-113.61","53.31","EDMONTON INTERNATIONAL CS","3012206","2021-08-21 04:00","2021","08","21","04:00","2.5","","1.6","","94","","0.0","","19","","1","","","","93.27","","","","","","NA"
"-113.61","53.31","EDMONTON INTERNATIONAL CS","3012206","2021-08-21 05:00","2021","08","21","05:00","4.2","","3.9","","98","","0.0","","20","","5","","","","93.25","","","","","","NA"
"-113.61","53.31","EDMONTON INTERNATIONAL CS","3012206","2021-08-21 06:00","2021","08","21","06:00","4.2","","3.2","","93","","0.0","","35","","3","","","","93.23","","","","","","NA"
"-113.61","53.31","EDMONTON INTERNATIONAL CS","3012206","2021-08-21 07:00","2021","08","21","07:00","10.0","","7.8","","86","","0.0","","14","","7","","","","93.20","","","","","","NA"
"-113.61","53.31","EDMONTON INTERNATIONAL CS","3012206","2021-08-21 08:00","2021","08","21","08:00","11.2","","8.6","","84","","0.0","","18","","6","","","","93.19","","","","","","NA"
"-113.61","53.31","EDMONTON INTERNATIONAL CS","3012206","2021-08-21 09:00","2021","08","21","09:00","15.5","","8.1","","62","","0.0","","15","","14","","","","93.13","","","","","","NA"
"-113.61","53.31","EDMONTON INTERNATIONAL CS","3012206","2021-08-21 10:00","2021","08","21","10:00","17.1","","7.3","","52","","0.0","","14","","16","","","","93.06","","","","","","NA"
"-113.61","53.31","EDMONTON INTERNATIONAL CS","3012206","2021-08-21 11:00","2021","08","21","11:00","18.8","","7.5","","48","","0.0","","16","","14","","","","92.98","","","","","","NA"
"-113.61","53.31","EDMONTON INTERNATIONAL CS","3012206","2021-08-21 12:00","2021","08","21","12:00","20.1","","5.8","","39","","0.0","","14","","15","","","","92.88","","","","","","NA"
"-113.61","53.31","EDMONTON INTERNATIONAL CS","3012206","2021-08-21 13:00","2021","08","21","13:00","21.2","","6.6","","39","","0.0","","12","","18","","","","92.80","","","","","","NA"
"-113.61","53.31","EDMONTON INTERNATIONAL CS","3012206","2021-08-21 14:00","2021","08","21","14:00","20.5","","6.4","","40","","0.0","","13","","21","","","","92.75","","","","","","NA"
"-113.61","53.31","EDMONTON INTERNATIONAL CS","3012206","2021-08-21 15:00","2021","08","21","15:00","20.4","","6.1","","39","","0.0","","14","","21","","","","92.68","","","","","","NA"
"-113.61","53.31","EDMONTON INTERNATIONAL CS","3012206","2021-08-21 16:00","2021","08","21","16:00","20.8","","5.7","","37","","0.0","","12","","23","","","","92.62","","","","","","NA"
"-113.61","53.31","EDMONTON INTERNATIONAL CS","3012206","2021-08-21 17:00","2021","08","21","17:00","20.8","","6.0","","38","","0.0","","13","","22","","","","92.55","","","","","","NA"
"-113.61","53.31","EDMONTON INTERNATIONAL CS","3012206","2021-08-21 18:00","2021","08","21","18:00","20.2","","5.8","","39","","0.0","","12","","24","","","","92.48","","","","","","NA"
"-113.61","53.31","EDMONTON INTERNATIONAL CS","3012206","2021-08-21 19:00","2021","08","21","19:00","19.1","","6.5","","44","","0.0","","14","","17","","","","92.44","","","","","","NA"
"-113.61","53.31","EDMONTON INTERNATIONAL CS","3012206","2021-08-21 20:00","2021","08","21","20:00","15.7","","8.2","","61","","0.0","","15","","14","","","","92.44","","","","","","NA"
"-113.61","53.31","EDMONTON INTERNATIONAL CS","3012206","2021-08-21 21:00","2021","08","21","21:00","15.1","","8.3","","64","","0.0","","17","","10","","","","92.43","","","","","","NA"
"-113.61","53.31","EDMONTON INTERNATIONAL CS","3012206","2021-08-21 22:00","2021","08","21","22:00","14.9","","8.4","","65","","0.0","","16","","13","","","","92.39","","","","","","NA"
"-113.61","53.31","EDMONTON INTERNATIONAL CS","3012206","2021-08-21 23:00","2021","08","21","23:00","14.6","","8.1","","65","","0.0","","16","","15","","","","92.38","","","","","","NA"
"-113.61","53.31","EDMONTON INTERNATIONAL CS","3012206","2021-08-22 00:00","2021","08","22","00:00","13.1","","7.8","","70","","0.0","","16","","14","","","","92.36","","","","","","NA"
"-113.61","53.31","EDMONTON INTERNATIONAL CS","3012206","2021-08-22 01:00","2021","08","22","01:00","11.3","","7.8","","79","","0.0","","13","","14","","","","92.34","","","","","","NA"
"-113.61","53.31","EDMONTON INTERNATIONAL CS","3012206","2021-08-22 02:00","2021","08","22","02:00","12.2","","8.3","","77","","0.0","","14","","20","","","","92.29","","","","","","NA"
"-113.61","53.31","EDMONTON INTERNATIONAL CS","3012206","2021-08-22 03:00","2021","08","22","03:00","12.2","","8.6","","79","","0.0","","14","","20","","","","92.27","","","","","","NA"
"-113.61","53.31","EDMONTON INTERNATIONAL CS","3012206","2021-08-22 04:00","2021","08","22","04:00","10.3","","7.8","","85","","0.0","","13","","12","","","","92.27","","","","","","NA"
"-113.61","53.31","EDMONTON INTERNATIONAL CS","3012206","2021-08-22 05:00","2021","08","22","05:00","10.1","","8.3","","89","","0.0","","11","","16","","","","92.28","","","","","","NA"
"-113.61","53.31","EDMONTON INTERNATIONAL CS","3012206","2021-08-22 06:00","2021","08","22","06:00","10.9","","8.7","","86","","0.0","","12","","18","","","","92.28","","","","","","NA"
"-113.61","53.31","EDMONTON INTERNATIONAL CS","3012206","2021-08-22 07:00","2021","08","22","07:00","11.5","","9.8","","89","","0.0","","12","","18","","","","92.31","","","","","","NA"
"-113.61","53.31","EDMONTON INTERNATIONAL CS","3012206","2021-08-22 08:00","2021","08","22","08:00","11.6","","10.3","","92","","0.0","","11","","17","","","","92.31","","","","","","NA"
"-113.61","53.31","EDMONTON INTERNATIONAL CS","3012206","2021-08-22 09:00","2021","08","22","09:00","12.7","","10.5","","87","","0.0","","11","","13","","","","92.31","","","","","","NA"
"-113.61","53.31","EDMONTON INTERNATIONAL CS","3012206","2021-08-22 10:00","2021","08","22","10:00","13.0","","10.1","","83","","0.0","","9","","21","","","","92.30","","","","","","NA"
"-113.61","53.31","EDMONTON INTERNATIONAL CS","3012206","2021-08-22 11:00","2021","08","22","11:00","12.6","","11.0","","90","","0.0","","10","","21","","","","92.30","","","","","","NA"
"-113.61","53.31","EDMONTON INTERNATIONAL CS","3012206","2021-08-22 12:00","2021","08","22","12:00","12.4","","11.3","","93","","0.2","","8","","17","","","","92.31","","","","","","NA"
"-113.61","53.31","EDMONTON INTERNATIONAL CS","3012206","2021-08-22 13:00","2021","08","22","13:00","12.4","","11.4","","94","","0.2","","8","","18","","","","92.31","","","","","","NA"
"-113.61","53.31","EDMONTON INTERNATIONAL CS","3012206","2021-08-22 14:00","2021","08","22","14:00","12.6","","11.7","","94","","0.2","","8","","19","","","","92.31","","","","","","NA"
"-113.61","53.31","EDMONTON INTERNATIONAL CS","3012206","2021-08-22 15:00","2021","08","22","15:00","12.7","","11.3","","91","","0.1","","10","","23","","","","92.33","","","","","","NA"
"-113.61","53.31","EDMONTON INTERNATIONAL CS","3012206","2021-08-22 16:00","2021","08","22","16:00","12.3","","11.1","","93","","0.0","","10","","25","","","","92.36","","","","","","NA"
"-113.61","53.31","EDMONTON INTERNATIONAL CS","3012206","2021-08-22 17:00","2021","08","22","17:00","12.2","","10.3","","88","","0.0","","10","","27","","","","92.37","","","","","","NA"
"-113.61","53.31","EDMONTON INTERNATIONAL CS","3012206","2021-08-22 18:00","2021","08","22","18:00","11.3","","9.7","","90","","0.0","","9","","25","","","","92.42","","","","","","NA"
"-113.61","53.31","EDMONTON INTERNATIONAL CS","3012206","2021-08-22 19:00","2021","08","22","19:00","10.8","","9.5","","91","","0.0","","10","","24","","","","92.47","","","","","","NA"
"-113.61","53.31","EDMONTON INTERNATIONAL CS","3012206","2021-08-22 20:00","2021","08","22","20:00","10.5","","9.6","","94","","0.0","","9","","20","","","","92.51","","","","","","NA"
"-113.61","53.31","EDMONTON INTERNATIONAL CS","3012206","2021-08-22 21:00","2021","08","22","21:00","10.3","","9.5","","95","","0.0","","9","","19","","","","92.55","","","","","","NA"
"-113.61","53.31","EDMONTON INTERNATIONAL CS","3012206","2021-08-22 22:00","2021","08","22","22:00","10.3","","9.4","","94","","0.0","","9","","16","","","","92.55","","","","","","NA"
"-113.61","53.31","EDMONTON INTERNATIONAL CS","3012206","2021-08-22 23:00","2021","08","22","23:00","9.8","","8.9","","95","","0.1","","9","","21","","","","92.55","","","","","","NA"
"-113.61","53.31","EDMONTON INTERNATIONAL CS","3012206","2021-08-23 00:00","2021","08","23","00:00","9.4","","8.3","","93","","0.0","","7","","19","","","","92.57","","","","","","NA"
"-113.61","53.31","EDMONTON INTERNATIONAL CS","3012206","2021-08-23 01:00","2021","08","23","01:00","9.1","","8.1","","94","","0.0","","7","","21","","","","92.55","","","","","","NA"
"-113.61","53.31","EDMONTON INTERNATIONAL CS","3012206","2021-08-23 02:00","2021","08","23","02:00","9.2","","7.9","","92","","0.0","","6","","17","","","","92.54","","","","","","NA"
"-113.61","53.31","EDMONTON INTERNATIONAL CS","3012206","2021-08-23 03:00","2021","08","23","03:00","9.3","","8.1","","92","","0.0","","6","","18","","","","92.53","","","","","","NA"
"-113.61","53.31","EDMONTON INTERNATIONAL CS","3012206","2021-08-23 04:00","2021","08","23","04:00","8.9","","8.1","","95","","1.7","","6","","21","","","","92.52","","","","","","NA"
"-113.61","53.31","EDMONTON INTERNATIONAL CS","3012206","2021-08-23 05:00","2021","08","23","05:00","8.6","","7.7","","94","","4.4","","6","","27","","","","92.53","","","","","","NA"
"-113.61","53.31","EDMONTON INTERNATIONAL CS","3012206","2021-08-23 06:00","2021","08","23","06:00","8.3","","7.6","","95","","2.4","","6","","26","","","","92.56","","","","","","NA"
"-113.61","53.31","EDMONTON INTERNATIONAL CS","3012206","2021-08-23 07:00","2021","08","23","07:00","8.7","","7.7","","94","","2.6","","6","","24","","","","92.57","","","","","","NA"
"-113.61","53.31","EDMONTON INTERNATIONAL CS","3012206","2021-08-23 08:00","2021","08","23","08:00","9.0","","8.2","","94","","1.4","","5","","24","","","","92.60","","","","","","NA"
"-113.61","53.31","EDMONTON INTERNATIONAL CS","3012206","2021-08-23 09:00","2021","08","23","09:00","9.0","","7.9","","93","","4.2","","6","","25","","","","92.63","","","","","","NA"
"-113.61","53.31","EDMONTON INTERNATIONAL CS","3012206","2021-08-23 10:00","2021","08","23","10:00","9.1","","8.0","","93","","4.4","","5","","27","","","","92.64","","","","","","NA"
"-113.61","53.31","EDMONTON INTERNATIONAL CS","3012206","2021-08-23 11:00","2021","08","23","11:00","9.1","","8.1","","93","","1.8","","5","","29","","","","92.67","","","","","","NA"
"-113.61","53.31","EDMONTON INTERNATIONAL CS","3012206","2021-08-23 12:00","2021","08","23","12:00","9.0","","7.7","","92","","0.3","","4","","33","","","","92.73","","","","","","NA"
"-113.61","53.31","EDMONTON INTERNATIONAL CS","3012206","2021-08-23 13:00","2021","08","23","13:00","8.8","","7.8","","93","","0.6","","4","","32","","","","92.78","","","","","","NA"
"-113.61","53.31","EDMONTON INTERNATIONAL CS","3012206","2021-08-23 14:00","2021","08","23","14:00","8.8","","7.4","","91","","0.0","","3","","32","","","","92.86","","","","","","NA"
"-113.61","53.31","EDMONTON INTERNATIONAL CS","3012206","2021-08-23 15:00","2021","08","23","15:00","9.3","","6.6","","83","","0.0","","3","","38","","","","92.92","","","","","","NA"
"-113.61","53.31","EDMONTON INTERNATIONAL CS","3012206","2021-08-23 16:00","2021","08","23","16:00","9.2","","6.8","","85","","0.0","","3","","33","","","","92.99","","","","","","NA"
"-113.61","53.31","EDMONTON INTERNATIONAL CS","3012206","2021-08-23 17:00","2021","08","23","17:00","8.3","","7.1","","92","","2.6","","2","","31","","","","93.09","","","","","","NA"
"-113.61","53.31","EDMONTON INTERNATIONAL CS","3012206","2021-08-23 18:00","2021","08","23","18:00","8.3","","6.9","","91","","0.4","","1","","29","","","","93.16","","","","","","NA"
"-113.61","53.31","EDMONTON INTERNATIONAL CS","3012206","2021-08-23 19:00","2021","08","23","19:00","8.1","","6.5","","90","","0.0","","1","","26","","","","93.23","","","","","","NA"
"-113.61","53.31","EDMONTON INTERNATIONAL CS","3012206","2021-08-23 20:00","2021","08","23","20:00","7.8","","6.8","","93","","0.1","","36","","25","","","","93.34","","","","","","NA"
"-113.61","53.31","EDMONTON INTERNATIONAL CS","3012206","2021-08-23 21:00","2021","08","23","21:00","8.0","","7.1","","94","","0.4","","35","","21","","","","93.44","","","","","","NA"
"-113.61","53.31","EDMONTON INTERNATIONAL CS","3012206","2021-08-23 22:00","2021","08","23","22:00","8.2","","7.3","","94","","1.2","","35","","18","","","","93.49","","","","","","NA"
"-113.61","53.31","EDMONTON INTERNATIONAL CS","3012206","2021-08-23 23:00","2021","08","23","23:00","8.4","","7.7","","95","","0.5","","33","","12","","","","93.53","","","","","","NA"
"-113.61","53.31","EDMONTON INTERNATIONAL CS","3012206","2021-08-24 00:00","2021","08","24","00:00","8.4","","7.8","","96","","0.0","","33","","11","","","","93.55","","","","","","NA"
"-113.61","53.31","EDMONTON INTERNATIONAL CS","3012206","2021-08-24 01:00","2021","08","24","01:00","8.6","","7.9","","96","","0.0","","33","","12","","","","93.57","","","","","","NA"
"-113.61","53.31","EDMONTON INTERNATIONAL CS","3012206","2021-08-24 02:00","2021","08","24","02:00","8.3","","7.6","","96","","0.0","","31","","9","","","","93.58","","","","","","NA"
"-113.61","53.31","EDMONTON INTERNATIONAL CS","3012206","2021-08-24 03:00","2021","08","24","03:00","8.0","","7.6","","97","","0.0","","31","","6","","","","93.60","","","","","","NA"
"-113.61","53.31","EDMONTON INTERNATIONAL CS","3012206","2021-08-24 04:00","2021","08","24","04:00","7.8","","7.4","","97","","0.0","","31","","7","","","","93.62","","","","","","NA"
"-113.61","53.31","EDMONTON INTERNATIONAL CS","3012206","2021-08-24 05:00","2021","08","24","05:00","8.0","","7.7","","98","","0.0","","29","","7","","","","93.63","","","","","","NA"
"-113.61","53.31","EDMONTON INTERNATIONAL CS","3012206","2021-08-24 06:00","2021","08","24","06:00","7.9","","7.5","","97","","0.0","","29","","9","","","","93.66","","","","","","NA"
"-113.61","53.31","EDMONTON INTERNATIONAL CS","3012206","2021-08-24 07:00","2021","08","24","07:00","7.3","","6.8","","97","","0.0","","30","","5","","","","93.70","","","","","","NA"
"-113.61","53.31","EDMONTON INTERNATIONAL CS","3012206","2021-08-24 08:00","2021","08","24","08:00","7.4","","7.1","","98","","0.0","","27","","8","","","","93.75","","","","","","NA"
"-113.61","53.31","EDMONTON INTERNATIONAL CS","3012206","2021-08-24 09:00","2021","08","24","09:00","8.6","","7.9","","95","","0.0","","29","","9","","","","93.78","","","","","","NA"
"-113.61","53.31","EDMONTON INTERNATIONAL CS","3012206","2021-08-24 10:00","2021","08","24","10:00","9.2","","7.9","","91","","0.0","","25","","7","","","","93.79","","","","","","NA"
"-113.61","53.31","EDMONTON INTERNATIONAL CS","3012206","2021-08-24 11:00","2021","08","24","11:00","11.7","","8.5","","81","","0.0","","34","","3","","","","93.79","","","","","","NA"
"-113.61","53.31","EDMONTON INTERNATIONAL CS","3012206","2021-08-24 12:00","2021","08","24","12:00","13.7","","7.5","","66","","0.0","","18","","4","","","","93.75","","","","","","NA"
"-113.61","53.31","EDMONTON INTERNATIONAL CS","3012206","2021-08-24 13:00","2021","08","24","13:00","15.4","","4.3","","47","","0.0","","18","","6","","","","93.72","","","","","","NA"
"-113.61","53.31","EDMONTON INTERNATIONAL CS","3012206","2021-08-24 14:00","2021","08","24","14:00","17.2","","5.6","","46","","0.0","","22","","6","","","","93.69","","","","","","NA"
"-113.61","53.31","EDMONTON INTERNATIONAL CS","3012206","2021-08-24 15:00","2021","08","24","15:00","16.7","","2.9","","40","","0.0","","31","","8","","","","93.64","","","","","","NA"
"-113.61","53.31","EDMONTON INTERNATIONAL CS","3012206","2021-08-24 16:00","2021","08","24","16:00","17.4","","3.6","","40","","0.0","","3","","5","","","","93.60","","","","","","NA"
"-113.61","53.31","EDMONTON INTERNATIONAL CS","3012206","2021-08-24 17:00","2021","08","24","17:00","17.4","","3.4","","39","","0.0","","15","","9","","","","93.57","","","","","","NA"
"-113.61","53.31","EDMONTON INTERNATIONAL CS","3012206","2021-08-24 18:00","2021","08","24","18:00","17.4","","4.9","","44","","0.0","","25","","6","","","","93.57","","","","","","NA"
"-113.61","53.31","EDMONTON INTERNATIONAL CS","3012206","2021-08-24 19:00","2021","08","24","19:00","16.1","","5.4","","49","","0.0","","15","","1","","","","93.55","","","","","","NA"
"-113.61","53.31","EDMONTON INTERNATIONAL CS","3012206","2021-08-24 20:00","2021","08","24","20:00","9.9","","4.9","","71","","0.0","","14","","12","","","","93.57","","","","","","NA"
"-113.61","53.31","EDMONTON INTERNATIONAL CS","3012206","2021-08-24 21:00","2021","08","24","21:00","9.5","","5.5","","76","","0.0","","15","","13","","","","93.62","","","","","","NA"
"-113.61","53.31","EDMONTON INTERNATIONAL CS","3012206","2021-08-24 22:00","2021","08","24","22:00","9.7","","5.3","","74","","0.0","","17","","11","","","","93.62","","","","","","NA"
"-113.61","53.31","EDMONTON INTERNATIONAL CS","3012206","2021-08-24 23:00","2021","08","24","23:00","7.0","","5.0","","87","","0.0","","18","","11","","","","93.61","","","","","","NA"
"-113.61","53.31","EDMONTON INTERNATIONAL CS","3012206","2021-08-25 00:00","2021","08","25","00:00","6.1","","4.7","","91","","0.0","","18","","11","","","","93.61","","","","","","NA"
"-113.61","53.31","EDMONTON INTERNATIONAL CS","3012206","2021-08-25 01:00","2021","08","25","01:00","6.5","","4.6","","88","","0.0","","17","","8","","","","93.60","","","","","","NA"
"-113.61","53.31","EDMONTON INTERNATIONAL CS","3012206","2021-08-25 02:00","2021","08","25","02:00","6.0","","4.5","","90","","0.0","","18","","11","","","","93.59","","","","","","NA"
"-113.61","53.31","EDMONTON INTERNATIONAL CS","3012206","2021-08-25 03:00","2021","08","25","03:00","6.8","","5.0","","88","","0.0","","18","","13","","","","93.58","","","","","","NA"
"-113.61","53.31","EDMONTON INTERNATIONAL CS","3012206","2021-08-25 04:00","2021","08","25","04:00","6.1","","4.5","","90","","0.0","","17","","12","","","","93.57","","","","","","NA"
"-113.61","53.31","EDMONTON INTERNATIONAL CS","3012206","2021-08-25 05:00","2021","08","25","05:00","4.9","","3.6","","91","","0.0","","16","","7","","","","93.57","","","","","","NA"
"-113.61","53.31","EDMONTON INTERNATIONAL CS","3012206","2021-08-25 06:00","2021","08","25","06:00","4.0","","2.9","","92","","0.0","","17","","6","","","","93.59","","","","","","NA"
"-113.61","53.31","EDMONTON INTERNATIONAL CS","3012206","2021-08-25 07:00","2021","08","25","07:00","8.9","","6.4","","84","","0.0","","17","","9","","","","93.59","","","","","","NA"
"-113.61","53.31","EDMONTON INTERNATIONAL CS","3012206","2021-08-25 08:00","2021","08","25","08:00","11.2","","7.3","","77","","0.0","","17","","11","","","","93.60","","","","","","NA"
"-113.61","53.31","EDMONTON INTERNATIONAL CS","3012206","2021-08-25 09:00","2021","08","25","09:00","13.1","","7.2","","68","","0.0","","18","","11","","","","93.59","","","","","","NA"
"-113.61","53.31","EDMONTON INTERNATIONAL CS","3012206","2021-08-25 10:00","2021","08","25","10:00","16.2","","8.1","","59","","0.0","","18","","13","","","","93.56","","","","","","NA"
"-113.61","53.31","EDMONTON INTERNATIONAL CS","3012206","2021-08-25 11:00","2021","08","25","11:00","17.9","","8.2","","53","","0.0","","16","","14","","","","93.54","","","","","","NA"
"-113.61","53.31","EDMONTON INTERNATIONAL CS","3012206","2021-08-25 12:00","2021","08","25","12:00","19.9","","7.6","","45","","0.0","","17","","13","","","","93.49","","","","","","NA"
"-113.61","53.31","EDMONTON INTERNATIONAL CS","3012206","2021-08-25 13:00","2021","08","25","13:00","21.5","","7.5","","41","","0.0","","18","","13","","","","93.43","","","","","","NA"
"-113.61","53.31","EDMONTON INTERNATIONAL CS","3012206","2021-08-25 14:00","2021","08","25","14:00","22.0","","5.2","","33","","0.0","","18","","14","","","","93.40","","","","","","NA"
"-113.61","53.31","EDMONTON INTERNATIONAL CS","3012206","2021-08-25 15:00","2021","08","25","15:00","22.9","","5.4","","32","","0.0","","19","","13","","","","93.35","","","","","","NA"
"-113.61","53.31","EDMONTON INTERNATIONAL CS","3012206","2021-08-25 16:00","2021","08","25","16:00","23.0","","4.3","","30","","0.0","","22","","14","","","","93.29","","","","","","NA"
"-113.61","53.31","EDMONTON INTERNATIONAL CS","3012206","2021-08-25 17:00","2021","08","25","17:00","23.1","","4.2","","29","","0.0","","18","","13","","","","93.26","","","","","","NA"
"-113.61","53.31","EDMONTON INTERNATIONAL CS","3012206","2021-08-25 18:00","2021","08","25","18:00","21.8","","4.9","","33","","0.0","","17","","14","","","","93.24","","","","","","NA"
"-113.61","53.31","EDMONTON INTERNATIONAL CS","3012206","2021-08-25 19:00","2021","08","25","19:00","19.7","","4.6","","37","","0.0","","15","","13","","","","93.23","","","","","","NA"
"-113.61","53.31","EDMONTON INTERNATIONAL CS","3012206","2021-08-25 20:00","2021","08","25","20:00","13.8","","5.2","","56","","0.0","","14","","15","","","","93.25","","","","","","NA"
"-113.61","53.31","EDMONTON INTERNATIONAL CS","3012206","2021-08-25 21:00","2021","08","25","21:00","15.7","","6.3","","54","","0.0","","14","","19","","","","93.28","","","","","","NA"
"-113.61","53.31","EDMONTON INTERNATIONAL CS","3012206","2021-08-25 22:00","2021","08","25","22:00","15.0","","5.4","","53","","0.0","","16","","18","","","","93.29","","","","","","NA"
"-113.61","53.31","EDMONTON INTERNATIONAL CS","3012206","2021-08-25 23:00","2021","08","25","23:00","13.9","","5.3","","56","","0.0","","16","","18","","","","93.29","","","","","","NA"
"-113.61","53.31","EDMONTON INTERNATIONAL CS","3012206","2021-08-26 00:00","2021","08","26","00:00","12.4","","5.3","","62","","0.0","","16","","16","","","","93.30","","","","","","NA"
"-113.61","53.31","EDMONTON INTERNATIONAL CS","3012206","2021-08-26 01:00","2021","08","26","01:00"
"-113.61","53.31","EDMONTON INTERNATIONAL CS","3012206","2021-08-26 02:00","2021","08","26","02:00"
"-113.61","53.31","EDMONTON INTERNATIONAL CS","3012206","2021-08-26 03:00","2021","08","26","03:00"
"-113.61","53.31","EDMONTON INTERNATIONAL CS","3012206","2021-08-26 04:00","2021","08","26","04:00","6.9","","4.5","","85","","0.0","","13","","10","","","","93.21","","","","","","NA"
"-113.61","53.31","EDMONTON INTERNATIONAL CS","3012206","2021-08-26 05:00","2021","08","26","05:00"
"-113.61","53.31","EDMONTON INTERNATIONAL CS","3012206","2021-08-26 06:00","2021","08","26","06:00"
"-113.61","53.31","EDMONTON INTERNATIONAL CS","3012206","2021-08-26 07:00","2021","08","26","07:00"
"-113.61","53.31","EDMONTON INTERNATIONAL CS","3012206","2021-08-26 08:00","2021","08","26","08:00"
"-113.61","53.31","EDMONTON INTERNATIONAL CS","3012206","2021-08-26 09:00","2021","08","26","09:00"
"-113.61","53.31","EDMONTON INTERNATIONAL CS","3012206","2021-08-26 10:00","2021","08","26","10:00"
"-113.61","53.31","EDMONTON INTERNATIONAL CS","3012206","2021-08-26 11:00","2021","08","26","11:00"
"-113.61","53.31","EDMONTON INTERNATIONAL CS","3012206","2021-08-26 12:00","2021","08","26","12:00","21.8","","8.2","","42","","0.0","","16","","17","","","","92.98","","","","","","NA"
"-113.61","53.31","EDMONTON INTERNATIONAL CS","3012206","2021-08-26 13:00","2021","08","26","13:00","22.7","","6.6","","35","","0.0","","17","","16","","","","92.93","","","","","","NA"
"-113.61","53.31","EDMONTON INTERNATIONAL CS","3012206","2021-08-26 14:00","2021","08","26","14:00","23.9","","4.6","","29","","0.0","","20","","16","","","","92.89","","","","","","NA"
"-113.61","53.31","EDMONTON INTERNATIONAL CS","3012206","2021-08-26 15:00","2021","08","26","15:00","23.9","","2.4","","25","","0.0","","23","","9","","","","92.85","","","","","","NA"
"-113.61","53.31","EDMONTON INTERNATIONAL CS","3012206","2021-08-26 16:00","2021","08","26","16:00","24.0","","2.5","","24","","0.0","","20","","8","","","","92.81","","","","","","NA"
"-113.61","53.31","EDMONTON INTERNATIONAL CS","3012206","2021-08-26 17:00","2021","08","26","17:00","24.0","","2.4","","24","","0.0","","20","","10","","","","92.80","","","","","","NA"
"-113.61","53.31","EDMONTON INTERNATIONAL CS","3012206","2021-08-26 18:00","2021","08","26","18:00","21.1","","4.7","","34","","0.0","","18","","5","","","","92.78","","","","","","NA"
"-113.61","53.31","EDMONTON INTERNATIONAL CS","3012206","2021-08-26 19:00","2021","08","26","19:00","18.3","","5.8","","44","","0.0","","18","","8","","","","92.75","","","","","","NA"
"-113.61","53.31","EDMONTON INTERNATIONAL CS","3012206","2021-08-26 20:00","2021","08","26","20:00","14.5","","6.6","","59","","0.0","","18","","7","","","","92.75","","","","","","NA"
"-113.61","53.31","EDMONTON INTERNATIONAL CS","3012206","2021-08-26 21:00","2021","08","26","21:00","16.1","","7.8","","58","","0.0","","28","","10","","","","92.80","","","","","","NA"
"-113.61","53.31","EDMONTON INTERNATIONAL CS","3012206","2021-08-26 22:00","2021","08","26","22:00","16.7","","7.6","","55","","0.0","","3","","6","","","","92.76","","","","","","NA"
"-113.61","53.31","EDMONTON INTERNATIONAL CS","3012206","2021-08-26 23:00","2021","08","26","23:00","12.8","","7.2","","68","","0.0","","0","","1","","","","92.73","","","","","","NA"
"-113.61","53.31","EDMONTON INTERNATIONAL CS","3012206","2021-08-27 00:00","2021","08","27","00:00","10.8","","6.6","","75","","0.0","","29","","5","","","","92.74","","","","","","NA"
"-113.61","53.31","EDMONTON INTERNATIONAL CS","3012206","2021-08-27 01:00","2021","08","27","01:00","11.6","","8.2","","80","","0.0","","14","","8","","","","92.79","","","","","","NA"
"-113.61","53.31","EDMONTON INTERNATIONAL CS","3012206","2021-08-27 02:00","2021","08","27","02:00","10.5","","8.0","","85","","0.0","","24","","7","","","","92.76","","","","","","NA"
"-113.61","53.31","EDMONTON INTERNATIONAL CS","3012206","2021-08-27 03:00","2021","08","27","03:00","12.8","","9.1","","78","","0.0","","28","","10","","","","92.76","","","","","","NA"
"-113.61","53.31","EDMONTON INTERNATIONAL CS","3012206","2021-08-27 04:00","2021","08","27","04:00","12.2","","9.6","","84","","0.0","","29","","9","","","","92.77","","","","","","NA"
"-113.61","53.31","EDMONTON INTERNATIONAL CS","3012206","2021-08-27 05:00","2021","08","27","05:00","12.1","","9.9","","86","","0.3","","29","","13","","","","92.82","","","","","","NA"
"-113.61","53.31","EDMONTON INTERNATIONAL CS","3012206","2021-08-27 06:00","2021","08","27","06:00","11.9","","9.7","","87","","0.3","","35","","10","","","","92.82","","","","","","NA"
"-113.61","53.31","EDMONTON INTERNATIONAL CS","3012206","2021-08-27 07:00","2021","08","27","07:00","11.7","","10.2","","90","","0.0","","19","","11","","","","92.89","","","","","","NA"
"-113.61","53.31","EDMONTON INTERNATIONAL CS","3012206","2021-08-27 08:00","2021","08","27","08:00","12.5","","10.8","","89","","0.0","","22","","7","","","","92.93","","","","","","NA"
"-113.61","53.31","EDMONTON INTERNATIONAL CS","3012206","2021-08-27 09:00","2021","08","27","09:00","13.1","","11.1","","88","","0.0","","27","","8","","","","92.95","","","","","","NA"
"-113.61","53.31","EDMONTON INTERNATIONAL CS","3012206","2021-08-27 10:00","2021","08","27","10:00","14.5","","10.5","","77","","0.0","","31","","10","","","","92.96","","","","","","NA"
"-113.61","53.31","EDMONTON INTERNATIONAL CS","3012206","2021-08-27 11:00","2021","08","27","11:00","16.1","","9.8","","66","","0.0","","32","","12","","","","92.98","","","","","","NA"
"-113.61","53.31","EDMONTON INTERNATIONAL CS","3012206","2021-08-27 12:00","2021","08","27","12:00","16.4","","10.2","","67","","0.0","","29","","9","","","","93.00","","","","","","NA"
"-113.61","53.31","EDMONTON INTERNATIONAL CS","3012206","2021-08-27 13:00","2021","08","27","13:00","17.6","","9.7","","60","","0.0","","34","","7","","","","93.00","","","","","","NA"
"-113.61","53.31","EDMONTON INTERNATIONAL CS","3012206","2021-08-27 14:00","2021","08","27","14:00","19.8","","7.7","","45","","0.0","","31","","10","","","","92.99","","","","","","NA"
"-113.61","53.31","EDMONTON INTERNATIONAL CS","3012206","2021-08-27 15:00","2021","08","27","15:00","21.4","","7.7","","41","","0.0","","31","","10","","","","92.98","","","","","","NA"
"-113.61","53.31","EDMONTON INTERNATIONAL CS","3012206","2021-08-27 16:00","2021","08","27","16:00","19.5","","7.1","","45","","0.0","","33","","16","","","","92.97","","","","","","NA"
"-113.61","53.31","EDMONTON INTERNATIONAL CS","3012206","2021-08-27 17:00","2021","08","27","17:00","21.2","","5.7","","36","","0.0","","31","","14","","","","92.97","","","","","","NA"
"-113.61","53.31","EDMONTON INTERNATIONAL CS","3012206","2021-08-27 18:00","2021","08","27","18:00","20.0","","7.4","","44","","0.0","","30","","15","","","","92.99","","","","","","NA"
"-113.61","53.31","EDMONTON INTERNATIONAL CS","3012206","2021-08-27 19:00","2021","08","27","19:00","18.7","","7.7","","49","","0.0","","29","","6","","","","93.04","","","","","","NA"
"-113.61","53.31","EDMONTON INTERNATIONAL CS","3012206","2021-08-27 20:00","2021","08","27","20:00","13.9","","8.2","","68","","0.0","","28","","6","","","","93.11","","","","","","NA"
"-113.61","53.31","EDMONTON INTERNATIONAL CS","3012206","2021-08-27 21:00","2021","08","27","21:00","13.2","","9.1","","76","","0.0","","26","","12","","","","93.15","","","","","","NA"
"-113.61","53.31","EDMONTON INTERNATIONAL CS","3012206","2021-08-27 22:00","2021","08","27","22:00","11.7","","8.3","","80","","0.0","","26","","13","","","","93.19","","","","","","NA"
"-113.61","53.31","EDMONTON INTERNATIONAL CS","3012206","2021-08-27 23:00","2021","08","27","23:00","11.1","","8.2","","82","","0.0","","27","","14","","","","93.21","","","","","","NA"
"-113.61","53.31","EDMONTON INTERNATIONAL CS","3012206","2021-08-28 00:00","2021","08","28","00:00"
"-113.61","53.31","EDMONTON INTERNATIONAL CS","3012206","2021-08-28 01:00","2021","08","28","01:00"
"-113.61","53.31","EDMONTON INTERNATIONAL CS","3012206","2021-08-28 02:00","2021","08","28","02:00"
"-113.61","53.31","EDMONTON INTERNATIONAL CS","3012206","2021-08-28 03:00","2021","08","28","03:00"
"-113.61","53.31","EDMONTON INTERNATIONAL CS","3012206","2021-08-28 04:00","2021","08","28","04:00","8.6","","7.1","","91","","0.0","","26","","8","","","","93.29","","","","","","NA"
"-113.61","53.31","EDMONTON INTERNATIONAL CS","3012206","2021-08-28 05:00","2021","08","28","05:00","9.1","","7.5","","89","","0.0","","27","","13","","","","93.32","","","","","","NA"
"-113.61","53.31","EDMONTON INTERNATIONAL CS","3012206","2021-08-28 06:00","2021","08","28","06:00"
"-113.61","53.31","EDMONTON INTERNATIONAL CS","3012206","2021-08-28 07:00","2021","08","28","07:00"
"-113.61","53.31","EDMONTON INTERNATIONAL CS","3012206","2021-08-28 08:00","2021","08","28","08:00"
"-113.61","53.31","EDMONTON INTERNATIONAL CS","3012206","2021-08-28 09:00","2021","08","28","09:00"
"-113.61","53.31","EDMONTON INTERNATIONAL CS","3012206","2021-08-28 10:00","2021","08","28","10:00"
"-113.61","53.31","EDMONTON INTERNATIONAL CS","3012206","2021-08-28 11:00","2021","08","28","11:00"
"-113.61","53.31","EDMONTON INTERNATIONAL CS","3012206","2021-08-28 12:00","2021","08","28","12:00"
"-113.61","53.31","EDMONTON INTERNATIONAL CS","3012206","2021-08-28 13:00","2021","08","28","13:00","21.5","","7.3","","40","","0.0","","28","","14","","","","93.26","","","","","","NA"
"-113.61","53.31","EDMONTON INTERNATIONAL CS","3012206","2021-08-28 14:00","2021","08","28","14:00","21.4","","5.1","","35","","0.0","","29","","16","","","","93.24","","","","","","NA"
"-113.61","53.31","EDMONTON INTERNATIONAL CS","3012206","2021-08-28 15:00","2021","08","28","15:00","20.5","","7.7","","44","","0.0","","27","","7","","","","93.23","","","","","","NA"
"-113.61","53.31","EDMONTON INTERNATIONAL CS","3012206","2021-08-28 16:00","2021","08","28","16:00","22.5","","5.7","","34","","0.0","","32","","10","","","","93.21","","","","","","NA"
"-113.61","53.31","EDMONTON INTERNATIONAL CS","3012206","2021-08-28 17:00","2021","08","28","17:00","21.2","","6.2","","38","","0.0","","31","","9","","","","93.21","","","","","","NA"
"-113.61","53.31","EDMONTON INTERNATIONAL CS","3012206","2021-08-28 18:00","2021","08","28","18:00","20.2","","8.2","","46","","0.0","","25","","5","","","","93.19","","","","","","NA"
"-113.61","53.31","EDMONTON INTERNATIONAL CS","3012206","2021-08-28 19:00","2021","08","28","19:00","16.9","","8.0","","56","","0.0","","16","","4","","","","93.19","","","","","","NA"
"-113.61","53.31","EDMONTON INTERNATIONAL CS","3012206","2021-08-28 20:00","2021","08","28","20:00","15.4","","7.5","","59","","0.0","","18","","8","","","","93.19","","","","","","NA"
"-113.61","53.31","EDMONTON INTERNATIONAL CS","3012206","2021-08-28 21:00","2021","08","28","21:00","12.6","","8.1","","74","","0.0","","19","","7","","","","93.19","","","","","","NA"
"-113.61","53.31","EDMONTON INTERNATIONAL CS","3012206","2021-08-28 22:00","2021","08","28","22:00","11.8","","7.8","","77","","0.0","","19","","7","","","","93.19","","","","","","NA"
"-113.61","53.31","EDMONTON INTERNATIONAL CS","3012206","2021-08-28 23:00","2021","08","28","23:00","12.5","","8.5","","77","","0.0","","20","","9","","","","93.18","","","","","","NA"
"-113.61","53.31","EDMONTON INTERNATIONAL CS","3012206","2021-08-29 00:00","2021","08","29","00:00","11.8","","8.1","","78","","0.0","","18","","8","","","","93.17","","","","","","NA"
"-113.61","53.31","EDMONTON INTERNATIONAL CS","3012206","2021-08-29 01:00","2021","08","29","01:00"
"-113.61","53.31","EDMONTON INTERNATIONAL CS","3012206","2021-08-29 02:00","2021","08","29","02:00"
"-113.61","53.31","EDMONTON INTERNATIONAL CS","3012206","2021-08-29 03:00","2021","08","29","03:00","7.6","","5.6","","87","","0.0","","19","","10","","","","93.16","","","","","","NA"
"-113.61","53.31","EDMONTON INTERNATIONAL CS","3012206","2021-08-29 04:00","2021","08","29","04:00"
"-113.61","53.31","EDMONTON INTERNATIONAL CS","3012206","2021-08-29 05:00","2021","08","29","05:00"
"-113.61","53.31","EDMONTON INTERNATIONAL CS","3012206","2021-08-29 06:00","2021","08","29","06:00","5.6","","4.8","","95","","0.0","","17","","4","","","","93.17","","","","","","NA"
"-113.61","53.31","EDMONTON INTERNATIONAL CS","3012206","2021-08-29 07:00","2021","08","29","07:00"
"-113.61","53.31","EDMONTON INTERNATIONAL CS","3012206","2021-08-29 08:00","2021","08","29","08:00"
"-113.61","53.31","EDMONTON INTERNATIONAL CS","3012206","2021-08-29 09:00","2021","08","29","09:00"
"-113.61","53.31","EDMONTON INTERNATIONAL CS","3012206","2021-08-29 10:00","2021","08","29","10:00","21.2","","7.3","","41","","0.0","","18","","7","","","","93.11","","","","","","NA"
"-113.61","53.31","EDMONTON INTERNATIONAL CS","3012206","2021-08-29 11:00","2021","08","29","11:00"
"-113.61","53.31","EDMONTON INTERNATIONAL CS","3012206","2021-08-29 12:00","2021","08","29","12:00"
"-113.61","53.31","EDMONTON INTERNATIONAL CS","3012206","2021-08-29 13:00","2021","08","29","13:00"
"-113.61","53.31","EDMONTON INTERNATIONAL CS","3012206","2021-08-29 14:00","2021","08","29","14:00"
"-113.61","53.31","EDMONTON INTERNATIONAL CS","3012206","2021-08-29 15:00","2021","08","29","15:00","25.5","","6.8","","30","","0.0","","18","","14","","","","92.85","","25","","","","NA"
"-113.61","53.31","EDMONTON INTERNATIONAL CS","3012206","2021-08-29 16:00","2021","08","29","16:00","24.0","","7.0","","33","","0.0","","18","","12","","","","92.81","","","","","","NA"
"-113.61","53.31","EDMONTON INTERNATIONAL CS","3012206","2021-08-29 17:00","2021","08","29","17:00","25.2","","6.9","","31","","0.0","","18","","15","","","","92.76","","25","","","","NA"
"-113.61","53.31","EDMONTON INTERNATIONAL CS","3012206","2021-08-29 18:00","2021","08","29","18:00","23.9","","7.0","","34","","0.0","","18","","11","","","","92.74","","","","","","NA"
"-113.61","53.31","EDMONTON INTERNATIONAL CS","3012206","2021-08-29 19:00","2021","08","29","19:00","18.6","","6.7","","46","","0.0","","17","","9","","","","92.71","","","","","","NA"
"-113.61","53.31","EDMONTON INTERNATIONAL CS","3012206","2021-08-29 20:00","2021","08","29","20:00","14.1","","5.5","","56","","0.0","","13","","8","","","","92.71","","","","","","NA"
"-113.61","53.31","EDMONTON INTERNATIONAL CS","3012206","2021-08-29 21:00","2021","08","29","21:00","12.4","","7.8","","73","","0.0","","15","","8","","","","92.69","","","","","","NA"
"-113.61","53.31","EDMONTON INTERNATIONAL CS","3012206","2021-08-29 22:00","2021","08","29","22:00","11.1","","7.7","","79","","0.0","","14","","4","","","","92.69","","","","","","NA"
"-113.61","53.31","EDMONTON INTERNATIONAL CS","3012206","2021-08-29 23:00","2021","08","29","23:00","10.7","","6.5","","75","","0.0","","13","","8","","","","92.66","","","","","","NA"
"-113.61","53.31","EDMONTON INTERNATIONAL CS","3012206","2021-08-30 00:00","2021","08","30","00:00","15.4","","9.1","","66","","0.0","","36","","15","","","","92.75","","","","","","NA"
"-113.61","53.31","EDMONTON INTERNATIONAL CS","3012206","2021-08-30 01:00","2021","08","30","01:00","14.8","","9.3","","69","","0.0","","4","","14","","","","92.81","","","","","","NA"
"-113.61","53.31","EDMONTON INTERNATIONAL CS","3012206","2021-08-30 02:00","2021","08","30","02:00","13.9","","8.8","","72","","0.0","","2","","23","","","","92.83","","","","","","NA"
"-113.61","53.31","EDMONTON INTERNATIONAL CS","3012206","2021-08-30 03:00","2021","08","30","03:00","12.7","","8.4","","75","","0.0","","2","","17","","","","92.84","","","","","","NA"
"-113.61","53.31","EDMONTON INTERNATIONAL CS","3012206","2021-08-30 04:00","2021","08","30","04:00","12.0","","8.3","","78","","0.0","","2","","14","","","","92.87","","","","","","NA"
"-113.61","53.31","EDMONTON INTERNATIONAL CS","3012206","2021-08-30 05:00","2021","08","30","05:00","11.0","","8.4","","84","","0.0","","36","","11","","","","92.90","","","","","","NA"
"-113.61","53.31","EDMONTON INTERNATIONAL CS","3012206","2021-08-30 06:00","2021","08","30","06:00","9.8","","7.8","","88","","0.0","","4","","11","","","","92.88","","","","","","NA"
"-113.61","53.31","EDMONTON INTERNATIONAL CS","3012206","2021-08-30 07:00","2021","08","30","07:00","10.0","","8.4","","90","","0.0","","30","","11","","","","92.91","","","","","","NA"
"-113.61","53.31","EDMONTON INTERNATIONAL CS","3012206","2021-08-30 08:00","2021","08","30","08:00","12.4","","9.3","","81","","0.0","","32","","11","","","","92.89","","","","","","NA"
"-113.61","53.31","EDMONTON INTERNATIONAL CS","3012206","2021-08-30 09:00","2021","08","30","09:00","15.2","","9.8","","70","","0.0","","34","","12","","","","92.85","","","","","","NA"
"-113.61","53.31","EDMONTON INTERNATIONAL CS","3012206","2021-08-30 10:00","2021","08","30","10:00","16.3","","8.9","","62","","0.0","","36","","14","","","","92.78","","","","","","NA"
"-113.61","53.31","EDMONTON INTERNATIONAL CS","3012206","2021-08-30 11:00","2021","08","30","11:00","17.9","","9.4","","58","","0.0","","36","","15","","","","92.73","","","","","","NA"
"-113.61","53.31","EDMONTON INTERNATIONAL CS","3012206","2021-08-30 12:00","2021","08","30","12:00","19.2","","9.6","","54","","0.0","","3","","14","","","","92.68","","","","","","NA"
"-113.61","53.31","EDMONTON INTERNATIONAL CS","3012206","2021-08-30 13:00","2021","08","30","13:00","20.4","","10.1","","52","","0.0","","3","","18","","","","92.60","","","","","","NA"
"-113.61","53.31","EDMONTON INTERNATIONAL CS","3012206","2021-08-30 14:00","2021","08","30","14:00","21.9","","9.1","","44","","0.0","","5","","13","","","","92.55","","","","","","NA"
"-113.61","53.31","EDMONTON INTERNATIONAL CS","3012206","2021-08-30 15:00","2021","08","30","15:00","22.1","","9.2","","44","","0.0","","5","","9","","","","92.50","","","","","","NA"
"-113.61","53.31","EDMONTON INTERNATIONAL CS","3012206","2021-08-30 16:00","2021","08","30","16:00","22.0","","9.4","","44","","0.0","","6","","6","","","","92.45","","","","","","NA"
"-113.61","53.31","EDMONTON INTERNATIONAL CS","3012206","2021-08-30 17:00","2021","08","30","17:00","21.8","","9.8","","46","","0.0","","6","","8","","","","92.39","","","","","","NA"
"-113.61","53.31","EDMONTON INTERNATIONAL CS","3012206","2021-08-30 18:00","2021","08","30","18:00","21.1","","10.2","","50","","0.0","","4","","10","","","","92.34","","","","","","NA"
"-113.61","53.31","EDMONTON INTERNATIONAL CS","3012206","2021-08-30 19:00","2021","08","30","19:00","19.3","","11.9","","62","","0.0","","4","","14","","","","92.32","","","","","","NA"
"-113.61","53.31","EDMONTON INTERNATIONAL CS","3012206","2021-08-30 20:00","2021","08","30","20:00","17.1","","11.7","","71","","0.0","","4","","12","","","","92.33","","","","","","NA"
"-113.61","53.31","EDMONTON INTERNATIONAL CS","3012206","2021-08-30 21:00","2021","08","30","21:00","14.2","","10.8","","80","","0.0","","28","","9","","","","92.39","","","","","","NA"
"-113.61","53.31","EDMONTON INTERNATIONAL CS","3012206","2021-08-30 22:00","2021","08","30","22:00","14.7","","11.7","","82","","0.0","","32","","14","","","","92.38","","","","","","NA"
"-113.61","53.31","EDMONTON INTERNATIONAL CS","3012206","2021-08-30 23:00","2021","08","30","23:00","14.7","","11.7","","83","","0.0","","34","","19","","","","92.33","","","","","","NA"
"-113.61","53.31","EDMONTON INTERNATIONAL CS","3012206","2021-08-31 00:00","2021","08","31","00:00","14.1","","9.7","","74","","0.0","","29","","19","","","","92.44","","","","","","NA"
"-113.61","53.31","EDMONTON INTERNATIONAL CS","3012206","2021-08-31 01:00","2021","08","31","01:00","11.8","","9.8","","87","","0.5","","29","","22","","","","92.44","","","","","","NA"
"-113.61","53.31","EDMONTON INTERNATIONAL CS","3012206","2021-08-31 02:00","2021","08","31","02:00","10.4","","9.2","","92","","0.0","","31","","14","","","","92.38","","","","","","NA"
"-113.61","53.31","EDMONTON INTERNATIONAL CS","3012206","2021-08-31 03:00","2021","08","31","03:00","10.2","","9.2","","93","","0.0","","32","","14","","","","92.32","","","","","","NA"
"-113.61","53.31","EDMONTON INTERNATIONAL CS","3012206","2021-08-31 04:00","2021","08","31","04:00","10.7","","9.7","","94","","0.0","","34","","14","","","","92.28","","","","","","NA"
"-113.61","53.31","EDMONTON INTERNATIONAL CS","3012206","2021-08-31 05:00","2021","08","31","05:00","10.4","","9.5","","94","","0.0","","32","","10","","","","92.25","","","","","","NA"
"-113.61","53.31","EDMONTON INTERNATIONAL CS","3012206","2021-08-31 06:00","2021","08","31","06:00","9.1","","8.4","","95","","0.0","","30","","9","","","","92.19","","","","","","NA"
"-113.61","53.31","EDMONTON INTERNATIONAL CS","3012206","2021-08-31 07:00","2021","08","31","07:00","10.3","","9.7","","96","","0.0","","28","","16","","","","92.22","","","","","","NA"
"-113.61","53.31","EDMONTON INTERNATIONAL CS","3012206","2021-08-31 08:00","2021","08","31","08:00","11.4","","10.5","","94","","0.0","","29","","17","","","","92.22","","","","","","NA"
"-113.61","53.31","EDMONTON INTERNATIONAL CS","3012206","2021-08-31 09:00","2021","08","31","09:00","11.6","","10.3","","92","","0.0","","28","","19","","","","92.22","","","","","","NA"
"-113.61","53.31","EDMONTON INTERNATIONAL CS","3012206","2021-08-31 10:00","2021","08","31","10:00","10.9","","9.9","","93","","0.0","","28","","22","","","","92.21","","","","","","NA"
"-113.61","53.31","EDMONTON INTERNATIONAL CS","3012206","2021-08-31 11:00","2021","08","31","11:00","11.5","","9.8","","89","","0.0","","30","","27","","","","92.19","","","","","","NA"
"-113.61","53.31","EDMONTON INTERNATIONAL CS","3012206","2021-08-31 12:00","2021","08","31","12:00","13.4","","10.1","","80","","0.0","","30","","23","","","","92.18","","","","","","NA"
"-113.61","53.31","EDMONTON INTERNATIONAL CS","3012206","2021-08-31 13:00","2021","08","31","13:00","13.3","","10.2","","81","","0.0","","32","","19","","","","92.21","","","","","","NA"
"-113.61","53.31","EDMONTON INTERNATIONAL CS","3012206","2021-08-31 14:00","2021","08","31","14:00","14.3","","10.4","","77","","0.0","","33","","17","","","","92.24","","","","","","NA"
"-113.61","53.31","EDMONTON INTERNATIONAL CS","3012206","2021-08-31 15:00","2021","08","31","15:00","14.4","","10.1","","76","","0.0","","31","","17","","","","92.27","","","","","","NA"
"-113.61","53.31","EDMONTON INTERNATIONAL CS","3012206","2021-08-31 16:00","2021","08","31","16:00","14.8","","10.4","","75","","0.0","","29","","13","","","","92.30","","","","","","NA"
"-113.61","53.31","EDMONTON INTERNATIONAL CS","3012206","2021-08-31 17:00","2021","08","31","17:00","14.1","","8.5","","69","","0.0","","27","","24","","","","92.34","","","","","","NA"
"-113.61","53.31","EDMONTON INTERNATIONAL CS","3012206","2021-08-31 18:00","2021","08","31","18:00","13.6","","7.8","","68","","0.0","","27","","21","","","","92.37","","","","","","NA"
"-113.61","53.31","EDMONTON INTERNATIONAL CS","3012206","2021-08-31 19:00","2021","08","31","19:00","11.9","","8.1","","78","","0.0","","29","","18","","","","92.43","","","","","","NA"
"-113.61","53.31","EDMONTON INTERNATIONAL CS","3012206","2021-08-31 20:00","2021","08","31","20:00","11.4","","7.4","","77","","0.0","","28","","21","","","","92.46","","","","","","NA"
"-113.61","53.31","EDMONTON INTERNATIONAL CS","3012206","2021-08-31 21:00","2021","08","31","21:00","10.8","","7.2","","79","","0.0","","27","","26","","","","92.48","","","","","","NA"
"-113.61","53.31","EDMONTON INTERNATIONAL CS","3012206","2021-08-31 22:00","2021","08","31","22:00","8.8","","6.8","","88","","0.0","","26","","28","","","","92.48","","","","","","NA"
"-113.61","53.31","EDMONTON INTERNATIONAL CS","3012206","2021-08-31 23:00","2021","08","31","23:00","8.0","","6.4","","90","","0.0","","26","","23","","","","92.44","","","","","","NA"
