"Longitude (x)","Latitude (y)","Station Name","Climate ID","Date/Time (LST)","Year","Month","Day","Time (LST)","Temp (°C)","Temp Flag","Dew Point Temp (°C)","Dew Point Temp Flag","Rel Hum (%)","Rel Hum Flag","Precip. Amount (mm)","Precip. Amount Flag","Wind Dir (10s deg)","Wind Dir Flag","Wind Spd (km/h)","Wind Spd Flag","Visibility (km)","Visibility Flag","Stn Press (kPa)","Stn Press Flag","Hmdx","Hmdx Flag","Wind Chill","Wind Chill Flag","Weather"
"-127.18","54.83","SMITHERS A","1077498","2022-03-01 00:00","2022","03","01","00:00"
"-127.18","54.83","SMITHERS A","1077498","2022-03-01 01:00","2022","03","01","01:00"
"-127.18","54.83","SMITHERS A","1077498","2022-03-01 02:00","2022","03","01","02:00"
"-127.18","54.83","SMITHERS A","1077498","2022-03-01 03:00","2022","03","01","03:00"
"-127.18","54.83","SMITHERS A","1077498","2022-03-01 04:00","2022","03","01","04:00"
"-127.18","54.83","SMITHERS A","1077498","2022-03-01 05:00","2022","03","01","05:00"
"-127.18","54.83","SMITHERS A","1077498","2022-03-01 06:00","2022","03","01","06:00"
"-127.18","54.83","SMITHERS A","1077498","2022-03-01 07:00","2022","03","01","07:00","-0.9","","-1.0","","99","","","","6","","8","","4.8","","94.48","","","","-4","","Fog"
"-127.18","54.83","SMITHERS A","1077498","2022-03-01 08:00","2022","03","01","08:00","-0.5","","-0.6","","99","","","","36","","3","","2.4","","94.52","","","","-1","","Snow"
"-127.18","54.83","SMITHERS A","1077498","2022-03-01 09:00","2022","03","01","09:00","-0.2","","-0.3","","99","","","","15","","9","","4.8","","94.52","","","","-3","","Snow"
"-127.18","54.83","SMITHERS A","1077498","2022-03-01 10:00","2022","03","01","10:00","0.6","","0.5","","99","","","","14","","8","","24.1","","94.54","","","","","","Cloudy"
"-127.18","54.83","SMITHERS A","1077498","2022-03-01 11:00","2022","03","01","11:00","1.8","","1.1","","95","","","","12","","4","","32.2","","94.56","","","","","","NA"
"-127.18","54.83","SMITHERS A","1077498","2022-03-01 12:00","2022","03","01","12:00","2.3","","0.7","","89","","","","15","","16","","32.2","","94.60","","","","","","NA"
"-127.18","54.83","SMITHERS A","1077498","2022-03-01 13:00","2022","03","01","13:00","2.4","","0.6","","88","","","","14","","14","","32.2","","94.63","","","","","","Cloudy"
"-127.18","54.83","SMITHERS A","1077498","2022-03-01 14:00","2022","03","01","14:00","4.1","","1.0","","80","","","","14","","12","","32.2","","94.65","","","","","","NA"
"-127.18","54.83","SMITHERS A","1077498","2022-03-01 15:00","2022","03","01","15:00","4.6","","0.9","","77","","","","14","","12","","32.2","","94.66","","","","","","NA"
"-127.18","54.83","SMITHERS A","1077498","2022-03-01 16:00","2022","03","01","16:00","4.2","","1.5","","83","","","","14","","8","","24.1","","94.71","","","","","","Rain"
"-127.18","54.83","SMITHERS A","1077498","2022-03-01 17:00","2022","03","01","17:00","4.0","","1.4","","83","","","","16","","4","","32.2","","94.74","","","","","","Rain"
"-127.18","54.83","SMITHERS A","1077498","2022-03-01 18:00","2022","03","01","18:00","3.3","","1.4","","87","","","","21","","11","","32.2","","94.73","","","","","","NA"
"-127.18","54.83","SMITHERS A","1077498","2022-03-01 19:00","2022","03","01","19:00","2.2","","1.0","","92","","","","14","","7","","32.2","","94.73","","","","","","Mostly Cloudy"
"-127.18","54.83","SMITHERS A","1077498","2022-03-01 20:00","2022","03","01","20:00","1.6","","0.5","","92","","","","36","","2","","32.2","","94.74","","","","","","NA"
"-127.18","54.83","SMITHERS A","1077498","2022-03-01 21:00","2022","03","01","21:00"
"-127.18","54.83","SMITHERS A","1077498","2022-03-01 22:00","2022","03","01","22:00"
"-127.18","54.83","SMITHERS A","1077498","2022-03-01 23:00","2022","03","01","23:00"
"-127.18","54.83","SMITHERS A","1077498","2022-03-02 00:00","2022","03","02","00:00"
"-127.18","54.83","SMITHERS A","1077498","2022-03-02 01:00","2022","03","02","01:00"
"-127.18","54.83","SMITHERS A","1077498","2022-03-02 02:00","2022","03","02","02:00"
"-127.18","54.83","SMITHERS A","1077498","2022-03-02 03:00","2022","03","02","03:00"
"-127.18","54.83","SMITHERS A","1077498","2022-03-02 04:00","2022","03","02","04:00"
"-127.18","54.83","SMITHERS A","1077498","2022-03-02 05:00","2022","03","02","05:00"
"-127.18","54.83","SMITHERS A","1077498","2022-03-02 06:00","2022","03","02","06:00"
"-127.18","54.83","SMITHERS A","1077498","2022-03-02 07:00","2022","03","02","07:00","0.3","","-0.1","","97","","","","14","","9","","24.1","","95.05","","","","","","Rain"
"-127.18","54.83","SMITHERS A","1077498","2022-03-02 08:00","2022","03","02","08:00","0.8","","0.2","","96","","","","14","","10","","24.1","","95.09","","","","","","Rain"
"-127.18","54.83","SMITHERS A","1077498","2022-03-02 09:00","2022","03","02","09:00","1.2","","0.6","","96","","","","15","","7","","24.1","","95.13","","","","","","Rain"
"-127.18","54.83","SMITHERS A","1077498","2022-03-02 10:00","2022","03","02","10:00","1.9","","0.7","","92","","","","17","","4","","32.2","","95.18","","","","","","Mostly Cloudy"
"-127.18","54.83","SMITHERS A","1077498","2022-03-02 11:00","2022","03","02","11:00","2.7","","1.2","","90","","","","12","","8","","40.2","","95.21","","","","","","NA"
"-127.18","54.83","SMITHERS A","1077498","2022-03-02 12:00","2022","03","02","12:00","4.3","","1.6","","83","","","","22","","8","","40.2","","95.24","","","","","","NA"
"-127.18","54.83","SMITHERS A","1077498","2022-03-02 13:00","2022","03","02","13:00","5.9","","1.3","","72","","","","21","","9","","40.2","","95.22","","","","","","Mostly Cloudy"
"-127.18","54.83","SMITHERS A","1077498","2022-03-02 14:00","2022","03","02","14:00","5.6","","1.3","","74","","","","33","","4","","40.2","","95.21","","","","","","NA"
"-127.18","54.83","SMITHERS A","1077498","2022-03-02 15:00","2022","03","02","15:00","6.1","","1.3","","71","","","","31","","4","","40.2","","95.22","","","","","","NA"
"-127.18","54.83","SMITHERS A","1077498","2022-03-02 16:00","2022","03","02","16:00","5.7","","2.3","","79","","","","24","","5","","40.2","","95.24","","","","","","Mostly Cloudy"
"-127.18","54.83","SMITHERS A","1077498","2022-03-02 17:00","2022","03","02","17:00","5.0","","2.4","","83","","","","30","","9","","40.2","","95.25","","","","","","Rain Showers"
"-127.18","54.83","SMITHERS A","1077498","2022-03-02 18:00","2022","03","02","18:00","2.7","","1.6","","92","","","","30","","7","","32.2","","95.26","","","","","","NA"
"-127.18","54.83","SMITHERS A","1077498","2022-03-02 19:00","2022","03","02","19:00","0.9","","0.6","","98","","","","31","","6","","24.1","","95.32","","","","","","Mostly Cloudy"
"-127.18","54.83","SMITHERS A","1077498","2022-03-02 20:00","2022","03","02","20:00","0.2","","-0.1","","98","","","","29","","5","","24.1","","95.37","","","","","","NA"
"-127.18","54.83","SMITHERS A","1077498","2022-03-02 21:00","2022","03","02","21:00"
"-127.18","54.83","SMITHERS A","1077498","2022-03-02 22:00","2022","03","02","22:00"
"-127.18","54.83","SMITHERS A","1077498","2022-03-02 23:00","2022","03","02","23:00"
"-127.18","54.83","SMITHERS A","1077498","2022-03-03 00:00","2022","03","03","00:00"
"-127.18","54.83","SMITHERS A","1077498","2022-03-03 01:00","2022","03","03","01:00"
"-127.18","54.83","SMITHERS A","1077498","2022-03-03 02:00","2022","03","03","02:00"
"-127.18","54.83","SMITHERS A","1077498","2022-03-03 03:00","2022","03","03","03:00"
"-127.18","54.83","SMITHERS A","1077498","2022-03-03 04:00","2022","03","03","04:00"
"-127.18","54.83","SMITHERS A","1077498","2022-03-03 05:00","2022","03","03","05:00"
"-127.18","54.83","SMITHERS A","1077498","2022-03-03 06:00","2022","03","03","06:00"
"-127.18","54.83","SMITHERS A","1077498","2022-03-03 07:00","2022","03","03","07:00","0.2","","0.1","","99","","","","36","","1","","3.2","","95.58","","","","","","Drizzle,Fog"
"-127.18","54.83","SMITHERS A","1077498","2022-03-03 08:00","2022","03","03","08:00","0.5","","0.4","","99","","","","36","","2","","0.8","","95.60","","","","","","Drizzle,Fog"
"-127.18","54.83","SMITHERS A","1077498","2022-03-03 09:00","2022","03","03","09:00","0.4","","0.3","","99","","","","18","","3","","0.8","","95.60","","","","","","Drizzle,Fog"
"-127.18","54.83","SMITHERS A","1077498","2022-03-03 10:00","2022","03","03","10:00","0.9","","0.8","","99","","","","20","","3","","1.6","","95.61","","","","","","Fog"
"-127.18","54.83","SMITHERS A","1077498","2022-03-03 11:00","2022","03","03","11:00","1.9","","1.2","","95","","","","36","","3","","12.9","","95.61","","","","","","NA"
"-127.18","54.83","SMITHERS A","1077498","2022-03-03 12:00","2022","03","03","12:00","2.6","","0.8","","88","","","","36","","1","","16.1","","95.60","","","","","","NA"
"-127.18","54.83","SMITHERS A","1077498","2022-03-03 13:00","2022","03","03","13:00","2.9","","0.3","","83","","","","18","","5","","32.2","","95.58","","","","","","Mostly Cloudy"
"-127.18","54.83","SMITHERS A","1077498","2022-03-03 14:00","2022","03","03","14:00","3.7","","0.0","","77","","","","24","","5","","40.2","","95.53","","","","","","NA"
"-127.18","54.83","SMITHERS A","1077498","2022-03-03 15:00","2022","03","03","15:00","4.0","","0.0","","75","","","","23","","7","","40.2","","95.51","","","","","","NA"
"-127.18","54.83","SMITHERS A","1077498","2022-03-03 16:00","2022","03","03","16:00","4.3","","0.1","","74","","","","27","","6","","40.2","","95.49","","","","","","Mostly Cloudy"
"-127.18","54.83","SMITHERS A","1077498","2022-03-03 17:00","2022","03","03","17:00","3.9","","0.1","","76","","","","36","","3","","40.2","","95.50","","","","","","NA"
"-127.18","54.83","SMITHERS A","1077498","2022-03-03 18:00","2022","03","03","18:00","3.3","","0.6","","82","","","","30","","5","","40.2","","95.51","","","","","","NA"
"-127.18","54.83","SMITHERS A","1077498","2022-03-03 19:00","2022","03","03","19:00","1.2","","-0.2","","90","","","","28","","8","","24.1","","95.53","","","","","","Mostly Cloudy"
"-127.18","54.83","SMITHERS A","1077498","2022-03-03 20:00","2022","03","03","20:00","-0.5","","-1.1","","96","","","","33","","5","","24.1","","95.57","","","","-2","","NA"
"-127.18","54.83","SMITHERS A","1077498","2022-03-03 21:00","2022","03","03","21:00"
"-127.18","54.83","SMITHERS A","1077498","2022-03-03 22:00","2022","03","03","22:00"
"-127.18","54.83","SMITHERS A","1077498","2022-03-03 23:00","2022","03","03","23:00"
"-127.18","54.83","SMITHERS A","1077498","2022-03-04 00:00","2022","03","04","00:00"
"-127.18","54.83","SMITHERS A","1077498","2022-03-04 01:00","2022","03","04","01:00"
"-127.18","54.83","SMITHERS A","1077498","2022-03-04 02:00","2022","03","04","02:00"
"-127.18","54.83","SMITHERS A","1077498","2022-03-04 03:00","2022","03","04","03:00"
"-127.18","54.83","SMITHERS A","1077498","2022-03-04 04:00","2022","03","04","04:00"
"-127.18","54.83","SMITHERS A","1077498","2022-03-04 05:00","2022","03","04","05:00"
"-127.18","54.83","SMITHERS A","1077498","2022-03-04 06:00","2022","03","04","06:00"
"-127.18","54.83","SMITHERS A","1077498","2022-03-04 07:00","2022","03","04","07:00","-2.5","","-2.8","","98","","","","36","","3","","32.2","","96.02","","","","-4","","Cloudy"
"-127.18","54.83","SMITHERS A","1077498","2022-03-04 08:00","2022","03","04","08:00","-2.0","","-2.3","","98","","","","0","","1","","32.2","","96.05","","","","-2","","NA"
"-127.18","54.83","SMITHERS A","1077498","2022-03-04 09:00","2022","03","04","09:00","-1.3","","-1.9","","96","","","","","","0","","32.2","","96.07","","","","","","NA"
"-127.18","54.83","SMITHERS A","1077498","2022-03-04 10:00","2022","03","04","10:00","-0.3","","-1.6","","91","","","","36","","1","","40.2","","96.10","","","","-1","","Mostly Cloudy"
"-127.18","54.83","SMITHERS A","1077498","2022-03-04 11:00","2022","03","04","11:00","1.3","","-1.3","","83","","","","31","","3","","40.2","","96.09","","","","","","NA"
"-127.18","54.83","SMITHERS A","1077498","2022-03-04 12:00","2022","03","04","12:00","2.2","","-1.6","","76","","","","32","","14","","40.2","","96.12","","","","","","NA"
"-127.18","54.83","SMITHERS A","1077498","2022-03-04 13:00","2022","03","04","13:00","3.0","","-1.9","","70","","","","30","","17","","40.2","","96.09","","","","","","Mainly Clear"
"-127.18","54.83","SMITHERS A","1077498","2022-03-04 14:00","2022","03","04","14:00","3.7","","-3.0","","62","","","","30","","18","","40.2","","96.07","","","","","","NA"
"-127.18","54.83","SMITHERS A","1077498","2022-03-04 15:00","2022","03","04","15:00","3.8","","-3.5","","59","","","","33","","17","","40.2","","96.08","","","","","","NA"
"-127.18","54.83","SMITHERS A","1077498","2022-03-04 16:00","2022","03","04","16:00","3.3","","-4.1","","58","","","","33","","19","","40.2","","96.09","","","","","","Mainly Clear"
"-127.18","54.83","SMITHERS A","1077498","2022-03-04 17:00","2022","03","04","17:00","2.6","","-3.5","","64","","","","35","","15","","40.2","","96.12","","","","","","NA"
"-127.18","54.83","SMITHERS A","1077498","2022-03-04 18:00","2022","03","04","18:00","1.8","","-3.5","","68","","","","34","","14","","40.2","","96.14","","","","","","NA"
"-127.18","54.83","SMITHERS A","1077498","2022-03-04 19:00","2022","03","04","19:00","1.1","","-4.2","","68","","","","31","","13","","24.1","","96.21","","","","","","Mainly Clear"
"-127.18","54.83","SMITHERS A","1077498","2022-03-04 20:00","2022","03","04","20:00","0.3","","-4.3","","72","","","","28","","7","","24.1","","96.27","","","","","","NA"
"-127.18","54.83","SMITHERS A","1077498","2022-03-04 21:00","2022","03","04","21:00"
"-127.18","54.83","SMITHERS A","1077498","2022-03-04 22:00","2022","03","04","22:00"
"-127.18","54.83","SMITHERS A","1077498","2022-03-04 23:00","2022","03","04","23:00"
"-127.18","54.83","SMITHERS A","1077498","2022-03-05 00:00","2022","03","05","00:00"
"-127.18","54.83","SMITHERS A","1077498","2022-03-05 01:00","2022","03","05","01:00"
"-127.18","54.83","SMITHERS A","1077498","2022-03-05 02:00","2022","03","05","02:00"
"-127.18","54.83","SMITHERS A","1077498","2022-03-05 03:00","2022","03","05","03:00"
"-127.18","54.83","SMITHERS A","1077498","2022-03-05 04:00","2022","03","05","04:00"
"-127.18","54.83","SMITHERS A","1077498","2022-03-05 05:00","2022","03","05","05:00"
"-127.18","54.83","SMITHERS A","1077498","2022-03-05 06:00","2022","03","05","06:00"
"-127.18","54.83","SMITHERS A","1077498","2022-03-05 07:00","2022","03","05","07:00","-6.0","","-6.5","","96","","","","10","","3","","40.2","","96.54","","","","-7","","Mostly Cloudy"
"-127.18","54.83","SMITHERS A","1077498","2022-03-05 08:00","2022","03","05","08:00","-5.8","","-6.3","","96","","","","36","","2","","40.2","","96.59","","","","-7","","NA"
"-127.18","54.83","SMITHERS A","1077498","2022-03-05 09:00","2022","03","05","09:00","-3.9","","-5.0","","92","","","","36","","2","","40.2","","96.63","","","","-5","","NA"
"-127.18","54.83","SMITHERS A","1077498","2022-03-05 10:00","2022","03","05","10:00","-1.7","","-4.3","","83","","","","36","","2","","40.2","","96.64","","","","-2","","Mostly Cloudy"
"-127.18","54.83","SMITHERS A","1077498","2022-03-05 11:00","2022","03","05","11:00","0.8","","-3.5","","73","","","","28","","12","","40.2","","96.61","","","","","","NA"
"-127.18","54.83","SMITHERS A","1077498","2022-03-05 12:00","2022","03","05","12:00","2.1","","-3.1","","69","","","","30","","12","","40.2","","96.58","","","","","","NA"
"-127.18","54.83","SMITHERS A","1077498","2022-03-05 13:00","2022","03","05","13:00","3.3","","-2.8","","64","","","","29","","6","","40.2","","96.58","","","","","","Mainly Clear"
"-127.18","54.83","SMITHERS A","1077498","2022-03-05 14:00","2022","03","05","14:00","4.2","","-2.4","","62","","","","27","","11","","40.2","","96.56","","","","","","NA"
"-127.18","54.83","SMITHERS A","1077498","2022-03-05 15:00","2022","03","05","15:00","4.8","","-2.3","","60","","","","29","","15","","40.2","","96.56","","","","","","NA"
"-127.18","54.83","SMITHERS A","1077498","2022-03-05 16:00","2022","03","05","16:00","4.8","","-2.3","","60","","","","30","","16","","40.2","","96.55","","","","","","Mainly Clear"
"-127.18","54.83","SMITHERS A","1077498","2022-03-05 17:00","2022","03","05","17:00","4.1","","-2.3","","63","","","","27","","8","","40.2","","96.56","","","","","","NA"
"-127.18","54.83","SMITHERS A","1077498","2022-03-05 18:00","2022","03","05","18:00","3.5","","-1.6","","69","","","","32","","22","","40.2","","96.58","","","","","","NA"
"-127.18","54.83","SMITHERS A","1077498","2022-03-05 19:00","2022","03","05","19:00","2.4","","-1.9","","73","","","","29","","14","","40.2","","96.63","","","","","","Mainly Clear"
"-127.18","54.83","SMITHERS A","1077498","2022-03-05 20:00","2022","03","05","20:00","2.2","","-2.0","","74","","","","30","","7","","40.2","","96.65","","","","","","NA"
"-127.18","54.83","SMITHERS A","1077498","2022-03-05 21:00","2022","03","05","21:00"
"-127.18","54.83","SMITHERS A","1077498","2022-03-05 22:00","2022","03","05","22:00"
"-127.18","54.83","SMITHERS A","1077498","2022-03-05 23:00","2022","03","05","23:00"
"-127.18","54.83","SMITHERS A","1077498","2022-03-06 00:00","2022","03","06","00:00"
"-127.18","54.83","SMITHERS A","1077498","2022-03-06 01:00","2022","03","06","01:00"
"-127.18","54.83","SMITHERS A","1077498","2022-03-06 02:00","2022","03","06","02:00"
"-127.18","54.83","SMITHERS A","1077498","2022-03-06 03:00","2022","03","06","03:00"
"-127.18","54.83","SMITHERS A","1077498","2022-03-06 04:00","2022","03","06","04:00"
"-127.18","54.83","SMITHERS A","1077498","2022-03-06 05:00","2022","03","06","05:00"
"-127.18","54.83","SMITHERS A","1077498","2022-03-06 06:00","2022","03","06","06:00"
"-127.18","54.83","SMITHERS A","1077498","2022-03-06 07:00","2022","03","06","07:00","-2.6","","-3.6","","93","","","","18","","7","","40.2","","96.79","","","","-5","","Mostly Cloudy"
"-127.18","54.83","SMITHERS A","1077498","2022-03-06 08:00","2022","03","06","08:00","-2.6","","-3.7","","92","","","","16","","6","","40.2","","96.77","","","","-5","","NA"
"-127.18","54.83","SMITHERS A","1077498","2022-03-06 09:00","2022","03","06","09:00","-1.3","","-3.2","","87","","","","15","","4","","40.2","","96.77","","","","-3","","NA"
"-127.18","54.83","SMITHERS A","1077498","2022-03-06 10:00","2022","03","06","10:00","0.4","","-2.5","","81","","","","13","","7","","40.2","","96.73","","","","","","Mostly Cloudy"
"-127.18","54.83","SMITHERS A","1077498","2022-03-06 11:00","2022","03","06","11:00","1.4","","-1.9","","78","","","","18","","5","","40.2","","96.71","","","","","","NA"
"-127.18","54.83","SMITHERS A","1077498","2022-03-06 12:00","2022","03","06","12:00","2.3","","-2.1","","73","","","","14","","8","","40.2","","96.65","","","","","","NA"
"-127.18","54.83","SMITHERS A","1077498","2022-03-06 13:00","2022","03","06","13:00","4.2","","-1.9","","65","","","","14","","10","","40.2","","96.56","","","","","","Mostly Cloudy"
"-127.18","54.83","SMITHERS A","1077498","2022-03-06 14:00","2022","03","06","14:00","6.1","","-2.0","","56","","","","14","","10","","40.2","","96.45","","","","","","NA"
"-127.18","54.83","SMITHERS A","1077498","2022-03-06 15:00","2022","03","06","15:00","8.1","","-2.5","","47","","","","14","","3","","40.2","","96.36","","","","","","NA"
"-127.18","54.83","SMITHERS A","1077498","2022-03-06 16:00","2022","03","06","16:00","10.1","","-4.0","","37","","","","26","","13","","40.2","","96.33","","","","","","Mainly Clear"
"-127.18","54.83","SMITHERS A","1077498","2022-03-06 17:00","2022","03","06","17:00","9.5","","-6.4","","32","","","","30","","19","","40.2","","96.31","","","","","","NA"
"-127.18","54.83","SMITHERS A","1077498","2022-03-06 18:00","2022","03","06","18:00","9.1","","-7.9","","29","","","","30","","22","","40.2","","96.25","","","","","","NA"
"-127.18","54.83","SMITHERS A","1077498","2022-03-06 19:00","2022","03","06","19:00","9.4","","-6.8","","31","","","","31","","22","","40.2","","96.29","","","","","","Mainly Clear"
"-127.18","54.83","SMITHERS A","1077498","2022-03-06 20:00","2022","03","06","20:00","8.7","","-4.5","","39","","","","30","","20","","40.2","","96.29","","","","","","NA"
"-127.18","54.83","SMITHERS A","1077498","2022-03-06 21:00","2022","03","06","21:00"
"-127.18","54.83","SMITHERS A","1077498","2022-03-06 22:00","2022","03","06","22:00"
"-127.18","54.83","SMITHERS A","1077498","2022-03-06 23:00","2022","03","06","23:00"
"-127.18","54.83","SMITHERS A","1077498","2022-03-07 00:00","2022","03","07","00:00"
"-127.18","54.83","SMITHERS A","1077498","2022-03-07 01:00","2022","03","07","01:00"
"-127.18","54.83","SMITHERS A","1077498","2022-03-07 02:00","2022","03","07","02:00"
"-127.18","54.83","SMITHERS A","1077498","2022-03-07 03:00","2022","03","07","03:00"
"-127.18","54.83","SMITHERS A","1077498","2022-03-07 04:00","2022","03","07","04:00"
"-127.18","54.83","SMITHERS A","1077498","2022-03-07 05:00","2022","03","07","05:00"
"-127.18","54.83","SMITHERS A","1077498","2022-03-07 06:00","2022","03","07","06:00"
"-127.18","54.83","SMITHERS A","1077498","2022-03-07 07:00","2022","03","07","07:00","1.5","","0.5","","93","","","","36","","3","","24.1","","96.82","","","","","","Rain"
"-127.18","54.83","SMITHERS A","1077498","2022-03-07 08:00","2022","03","07","08:00","1.8","","0.5","","91","","","","30","","4","","40.2","","96.87","","","","","","NA"
"-127.18","54.83","SMITHERS A","1077498","2022-03-07 09:00","2022","03","07","09:00","3.0","","0.4","","83","","","","33","","19","","40.2","","96.89","","","","","","NA"
"-127.18","54.83","SMITHERS A","1077498","2022-03-07 10:00","2022","03","07","10:00","2.9","","-0.9","","76","","","","35","","18","","40.2","","96.92","","","","","","Mostly Cloudy"
"-127.18","54.83","SMITHERS A","1077498","2022-03-07 11:00","2022","03","07","11:00","3.5","","-1.6","","69","","","","35","","19","","40.2","","96.92","","","","","","NA"
"-127.18","54.83","SMITHERS A","1077498","2022-03-07 12:00","2022","03","07","12:00","5.1","","-2.2","","59","","","","33","","26","","40.2","","96.94","","","","","","NA"
"-127.18","54.83","SMITHERS A","1077498","2022-03-07 13:00","2022","03","07","13:00","4.8","","-4.0","","53","","","","34","","13","","40.2","","96.92","","","","","","Mostly Cloudy"
"-127.18","54.83","SMITHERS A","1077498","2022-03-07 14:00","2022","03","07","14:00","5.7","","-4.9","","47","","","","33","","15","","40.2","","96.89","","","","","","NA"
"-127.18","54.83","SMITHERS A","1077498","2022-03-07 15:00","2022","03","07","15:00","6.1","","-6.3","","41","","","","32","","16","","40.2","","96.87","","","","","","NA"
"-127.18","54.83","SMITHERS A","1077498","2022-03-07 16:00","2022","03","07","16:00","5.2","","-7.8","","39","","","","31","","18","","40.2","","96.86","","","","","","Mainly Clear"
"-127.18","54.83","SMITHERS A","1077498","2022-03-07 17:00","2022","03","07","17:00","4.4","","-6.8","","44","","","","30","","13","","40.2","","96.86","","","","","","NA"
"-127.18","54.83","SMITHERS A","1077498","2022-03-07 18:00","2022","03","07","18:00","3.6","","-7.2","","45","","","","31","","10","","40.2","","96.85","","","","","","NA"
"-127.18","54.83","SMITHERS A","1077498","2022-03-07 19:00","2022","03","07","19:00","1.0","","-6.6","","57","","","","32","","10","","24.1","","96.88","","","","","","Mostly Cloudy"
"-127.18","54.83","SMITHERS A","1077498","2022-03-07 20:00","2022","03","07","20:00","0.6","","-5.7","","63","","","","31","","13","","24.1","","96.91","","","","","","NA"
"-127.18","54.83","SMITHERS A","1077498","2022-03-07 21:00","2022","03","07","21:00"
"-127.18","54.83","SMITHERS A","1077498","2022-03-07 22:00","2022","03","07","22:00"
"-127.18","54.83","SMITHERS A","1077498","2022-03-07 23:00","2022","03","07","23:00"
"-127.18","54.83","SMITHERS A","1077498","2022-03-08 00:00","2022","03","08","00:00"
"-127.18","54.83","SMITHERS A","1077498","2022-03-08 01:00","2022","03","08","01:00"
"-127.18","54.83","SMITHERS A","1077498","2022-03-08 02:00","2022","03","08","02:00"
"-127.18","54.83","SMITHERS A","1077498","2022-03-08 03:00","2022","03","08","03:00"
"-127.18","54.83","SMITHERS A","1077498","2022-03-08 04:00","2022","03","08","04:00"
"-127.18","54.83","SMITHERS A","1077498","2022-03-08 05:00","2022","03","08","05:00"
"-127.18","54.83","SMITHERS A","1077498","2022-03-08 06:00","2022","03","08","06:00"
"-127.18","54.83","SMITHERS A","1077498","2022-03-08 07:00","2022","03","08","07:00","-5.3","","-7.0","","88","","","","6","","5","","40.2","","97.04","","","","-8","","Mainly Clear"
"-127.18","54.83","SMITHERS A","1077498","2022-03-08 08:00","2022","03","08","08:00","-4.5","","-6.0","","89","","","","36","","3","","40.2","","97.04","","","","-6","","NA"
"-127.18","54.83","SMITHERS A","1077498","2022-03-08 09:00","2022","03","08","09:00","-3.6","","-6.9","","78","","","","33","","6","","40.2","","97.07","","","","-6","","NA"
"-127.18","54.83","SMITHERS A","1077498","2022-03-08 10:00","2022","03","08","10:00","-1.8","","-6.9","","68","","","","34","","9","","40.2","","97.04","","","","-5","","Mainly Clear"
"-127.18","54.83","SMITHERS A","1077498","2022-03-08 11:00","2022","03","08","11:00","-0.4","","-7.1","","61","","","","33","","7","","40.2","","97.03","","","","-3","","NA"
"-127.18","54.83","SMITHERS A","1077498","2022-03-08 12:00","2022","03","08","12:00","0.8","","-8.8","","49","","","","36","","2","","40.2","","96.96","","","","","","NA"
"-127.18","54.83","SMITHERS A","1077498","2022-03-08 13:00","2022","03","08","13:00","2.0","","-9.6","","42","","","","33","","9","","40.2","","96.88","","","","","","Mainly Clear"
"-127.18","54.83","SMITHERS A","1077498","2022-03-08 14:00","2022","03","08","14:00","2.3","","-10.0","","40","","","","36","","1","","40.2","","96.81","","","","","","NA"
"-127.18","54.83","SMITHERS A","1077498","2022-03-08 15:00","2022","03","08","15:00","2.8","","-9.6","","40","","","","34","","16","","40.2","","96.76","","","","","","NA"
"-127.18","54.83","SMITHERS A","1077498","2022-03-08 16:00","2022","03","08","16:00","3.4","","-10.4","","36","","","","32","","10","","40.2","","96.72","","","","","","Mainly Clear"
"-127.18","54.83","SMITHERS A","1077498","2022-03-08 17:00","2022","03","08","17:00","2.6","","-10.5","","38","","","","28","","9","","40.2","","96.69","","","","","","NA"
"-127.18","54.83","SMITHERS A","1077498","2022-03-08 18:00","2022","03","08","18:00","1.9","","-10.0","","41","","","","33","","15","","40.2","","96.68","","","","","","NA"
"-127.18","54.83","SMITHERS A","1077498","2022-03-08 19:00","2022","03","08","19:00","0.9","","-10.9","","41","","","","32","","7","","40.2","","96.70","","","","","","Mainly Clear"
"-127.18","54.83","SMITHERS A","1077498","2022-03-08 20:00","2022","03","08","20:00","-1.6","","-9.7","","54","","","","34","","11","","24.1","","96.72","","","","-5","","NA"
"-127.18","54.83","SMITHERS A","1077498","2022-03-08 21:00","2022","03","08","21:00"
"-127.18","54.83","SMITHERS A","1077498","2022-03-08 22:00","2022","03","08","22:00"
"-127.18","54.83","SMITHERS A","1077498","2022-03-08 23:00","2022","03","08","23:00"
"-127.18","54.83","SMITHERS A","1077498","2022-03-09 00:00","2022","03","09","00:00"
"-127.18","54.83","SMITHERS A","1077498","2022-03-09 01:00","2022","03","09","01:00"
"-127.18","54.83","SMITHERS A","1077498","2022-03-09 02:00","2022","03","09","02:00"
"-127.18","54.83","SMITHERS A","1077498","2022-03-09 03:00","2022","03","09","03:00"
"-127.18","54.83","SMITHERS A","1077498","2022-03-09 04:00","2022","03","09","04:00"
"-127.18","54.83","SMITHERS A","1077498","2022-03-09 05:00","2022","03","09","05:00"
"-127.18","54.83","SMITHERS A","1077498","2022-03-09 06:00","2022","03","09","06:00"
"-127.18","54.83","SMITHERS A","1077498","2022-03-09 07:00","2022","03","09","07:00","-8.4","","-11.4","","79","","","","13","","8","","40.2","","96.79","","","","-13","","Clear"
"-127.18","54.83","SMITHERS A","1077498","2022-03-09 08:00","2022","03","09","08:00","-7.5","","-11.4","","74","","","","14","","7","","40.2","","96.77","","","","-11","","NA"
"-127.18","54.83","SMITHERS A","1077498","2022-03-09 09:00","2022","03","09","09:00","-6.1","","-11.5","","66","","","","15","","10","","40.2","","96.70","","","","-11","","NA"
"-127.18","54.83","SMITHERS A","1077498","2022-03-09 10:00","2022","03","09","10:00","-4.8","","-12.1","","57","","","","17","","10","","40.2","","96.66","","","","-9","","Clear"
"-127.18","54.83","SMITHERS A","1077498","2022-03-09 11:00","2022","03","09","11:00","-3.1","","-11.3","","53","","","","19","","7","","40.2","","96.59","","","","-6","","NA"
"-127.18","54.83","SMITHERS A","1077498","2022-03-09 12:00","2022","03","09","12:00","-2.0","","-12.4","","45","","","","17","","9","","40.2","","96.47","","","","-5","","NA"
"-127.18","54.83","SMITHERS A","1077498","2022-03-09 13:00","2022","03","09","13:00","-0.9","","-12.9","","40","","","","17","","4","","40.2","","96.37","","","","-2","","Mainly Clear"
"-127.18","54.83","SMITHERS A","1077498","2022-03-09 14:00","2022","03","09","14:00","0.1","","-12.4","","39","","","","13","","4","","40.2","","96.25","","","","","","NA"
"-127.18","54.83","SMITHERS A","1077498","2022-03-09 15:00","2022","03","09","15:00","0.6","","-12.5","","37","","","","24","","3","","40.2","","96.14","","","","","","NA"
"-127.18","54.83","SMITHERS A","1077498","2022-03-09 16:00","2022","03","09","16:00","0.9","","-12.5","","36","","","","36","","1","","40.2","","96.07","","","","","","Clear"
"-127.18","54.83","SMITHERS A","1077498","2022-03-09 17:00","2022","03","09","17:00","1.1","","-12.2","","37","","","","36","","2","","40.2","","95.99","","","","","","NA"
"-127.18","54.83","SMITHERS A","1077498","2022-03-09 18:00","2022","03","09","18:00","-1.6","","-10.2","","52","","","","32","","5","","40.2","","95.93","","","","-3","","NA"
"-127.18","54.83","SMITHERS A","1077498","2022-03-09 19:00","2022","03","09","19:00","-2.7","","-8.4","","65","","","","36","","2","","40.2","","95.90","","","","-3","","Clear"
"-127.18","54.83","SMITHERS A","1077498","2022-03-09 20:00","2022","03","09","20:00","-3.4","","-10.3","","59","","","","6","","3","","40.2","","95.88","","","","-5","","NA"
"-127.18","54.83","SMITHERS A","1077498","2022-03-09 21:00","2022","03","09","21:00"
"-127.18","54.83","SMITHERS A","1077498","2022-03-09 22:00","2022","03","09","22:00"
"-127.18","54.83","SMITHERS A","1077498","2022-03-09 23:00","2022","03","09","23:00"
"-127.18","54.83","SMITHERS A","1077498","2022-03-10 00:00","2022","03","10","00:00"
"-127.18","54.83","SMITHERS A","1077498","2022-03-10 01:00","2022","03","10","01:00"
"-127.18","54.83","SMITHERS A","1077498","2022-03-10 02:00","2022","03","10","02:00"
"-127.18","54.83","SMITHERS A","1077498","2022-03-10 03:00","2022","03","10","03:00"
"-127.18","54.83","SMITHERS A","1077498","2022-03-10 04:00","2022","03","10","04:00"
"-127.18","54.83","SMITHERS A","1077498","2022-03-10 05:00","2022","03","10","05:00"
"-127.18","54.83","SMITHERS A","1077498","2022-03-10 06:00","2022","03","10","06:00"
"-127.18","54.83","SMITHERS A","1077498","2022-03-10 07:00","2022","03","10","07:00","-4.4","","-8.0","","76","","","","36","","3","","40.2","","95.90","","","","-6","","Cloudy"
"-127.18","54.83","SMITHERS A","1077498","2022-03-10 08:00","2022","03","10","08:00","-4.4","","-8.7","","72","","","","36","","3","","40.2","","95.87","","","","-6","","NA"
"-127.18","54.83","SMITHERS A","1077498","2022-03-10 09:00","2022","03","10","09:00","-3.5","","-8.8","","67","","","","18","","5","","40.2","","95.89","","","","-6","","NA"
"-127.18","54.83","SMITHERS A","1077498","2022-03-10 10:00","2022","03","10","10:00","-2.4","","-9.1","","60","","","","17","","6","","40.2","","95.90","","","","-5","","Cloudy"
"-127.18","54.83","SMITHERS A","1077498","2022-03-10 11:00","2022","03","10","11:00","-1.1","","-9.9","","51","","","","36","","1","","40.2","","95.92","","","","-1","","NA"
"-127.18","54.83","SMITHERS A","1077498","2022-03-10 12:00","2022","03","10","12:00","0.2","","-10.6","","44","","","","27","","3","","40.2","","95.86","","","","","","NA"
"-127.18","54.83","SMITHERS A","1077498","2022-03-10 13:00","2022","03","10","13:00","2.1","","-9.5","","42","","","","34","","8","","40.2","","95.79","","","","","","Mostly Cloudy"
"-127.18","54.83","SMITHERS A","1077498","2022-03-10 14:00","2022","03","10","14:00","2.3","","-9.2","","43","","","","36","","9","","40.2","","95.76","","","","","","NA"
"-127.18","54.83","SMITHERS A","1077498","2022-03-10 15:00","2022","03","10","15:00","2.5","","-9.4","","41","","","","33","","12","","40.2","","95.72","","","","","","NA"
"-127.18","54.83","SMITHERS A","1077498","2022-03-10 16:00","2022","03","10","16:00","2.4","","-7.2","","49","","","","33","","15","","40.2","","95.69","","","","","","Cloudy"
"-127.18","54.83","SMITHERS A","1077498","2022-03-10 17:00","2022","03","10","17:00","2.0","","-7.5","","50","","","","31","","10","","40.2","","95.66","","","","","","NA"
"-127.18","54.83","SMITHERS A","1077498","2022-03-10 18:00","2022","03","10","18:00","0.9","","-4.9","","65","","","","33","","11","","40.2","","95.65","","","","","","NA"
"-127.18","54.83","SMITHERS A","1077498","2022-03-10 19:00","2022","03","10","19:00","0.1","","-4.4","","72","","","","31","","8","","40.2","","95.62","","","","","","Cloudy"
"-127.18","54.83","SMITHERS A","1077498","2022-03-10 20:00","2022","03","10","20:00","-0.4","","-3.6","","79","","","","35","","4","","40.2","","95.60","","","","-2","","NA"
"-127.18","54.83","SMITHERS A","1077498","2022-03-10 21:00","2022","03","10","21:00"
"-127.18","54.83","SMITHERS A","1077498","2022-03-10 22:00","2022","03","10","22:00"
"-127.18","54.83","SMITHERS A","1077498","2022-03-10 23:00","2022","03","10","23:00"
"-127.18","54.83","SMITHERS A","1077498","2022-03-11 00:00","2022","03","11","00:00"
"-127.18","54.83","SMITHERS A","1077498","2022-03-11 01:00","2022","03","11","01:00"
"-127.18","54.83","SMITHERS A","1077498","2022-03-11 02:00","2022","03","11","02:00"
"-127.18","54.83","SMITHERS A","1077498","2022-03-11 03:00","2022","03","11","03:00"
"-127.18","54.83","SMITHERS A","1077498","2022-03-11 04:00","2022","03","11","04:00"
"-127.18","54.83","SMITHERS A","1077498","2022-03-11 05:00","2022","03","11","05:00"
"-127.18","54.83","SMITHERS A","1077498","2022-03-11 06:00","2022","03","11","06:00"
"-127.18","54.83","SMITHERS A","1077498","2022-03-11 07:00","2022","03","11","07:00","-1.0","","-2.0","","93","","","","14","","11","","12.9","","94.81","","","","-5","","Snow"
"-127.18","54.83","SMITHERS A","1077498","2022-03-11 08:00","2022","03","11","08:00","-0.3","","-1.3","","93","","","","12","","7","","24.1","","94.75","","","","-3","","Snow"
"-127.18","54.83","SMITHERS A","1077498","2022-03-11 09:00","2022","03","11","09:00","-0.4","","-1.2","","94","","","","36","","1","","24.1","","94.70","","","","-1","","Snow"
"-127.18","54.83","SMITHERS A","1077498","2022-03-11 10:00","2022","03","11","10:00","1.3","","-0.6","","87","","","","34","","7","","24.1","","94.65","","","","","","Snow"
"-127.18","54.83","SMITHERS A","1077498","2022-03-11 11:00","2022","03","11","11:00","2.2","","0.3","","87","","","","35","","9","","24.1","","94.62","","","","","","Rain,Snow"
"-127.18","54.83","SMITHERS A","1077498","2022-03-11 12:00","2022","03","11","12:00","3.0","","0.3","","82","","","","34","","6","","32.2","","94.60","","","","","","Rain"
"-127.18","54.83","SMITHERS A","1077498","2022-03-11 13:00","2022","03","11","13:00","5.2","","0.6","","72","","","","16","","5","","40.2","","94.52","","","","","","Mostly Cloudy"
"-127.18","54.83","SMITHERS A","1077498","2022-03-11 14:00","2022","03","11","14:00","6.9","","-0.2","","61","","","","33","","13","","40.2","","94.51","","","","","","NA"
"-127.18","54.83","SMITHERS A","1077498","2022-03-11 15:00","2022","03","11","15:00","7.6","","-1.7","","52","","","","31","","8","","40.2","","94.48","","","","","","NA"
"-127.18","54.83","SMITHERS A","1077498","2022-03-11 16:00","2022","03","11","16:00","7.4","","-1.8","","52","","","","33","","8","","40.2","","94.44","","","","","","Mainly Clear"
"-127.18","54.83","SMITHERS A","1077498","2022-03-11 17:00","2022","03","11","17:00","7.3","","-6.0","","38","","","","25","","39","","40.2","","94.38","","","","","","NA"
"-127.18","54.83","SMITHERS A","1077498","2022-03-11 18:00","2022","03","11","18:00","5.8","","-3.0","","53","","","","1","","9","","40.2","","94.43","","","","","","NA"
"-127.18","54.83","SMITHERS A","1077498","2022-03-11 19:00","2022","03","11","19:00","3.8","","-1.6","","68","","","","2","","17","","40.2","","94.51","","","","","","Mainly Clear"
"-127.18","54.83","SMITHERS A","1077498","2022-03-11 20:00","2022","03","11","20:00","3.1","","-1.4","","72","","","","22","","3","","40.2","","94.59","","","","","","NA"
"-127.18","54.83","SMITHERS A","1077498","2022-03-11 21:00","2022","03","11","21:00"
"-127.18","54.83","SMITHERS A","1077498","2022-03-11 22:00","2022","03","11","22:00"
"-127.18","54.83","SMITHERS A","1077498","2022-03-11 23:00","2022","03","11","23:00"
"-127.18","54.83","SMITHERS A","1077498","2022-03-12 00:00","2022","03","12","00:00"
"-127.18","54.83","SMITHERS A","1077498","2022-03-12 01:00","2022","03","12","01:00"
"-127.18","54.83","SMITHERS A","1077498","2022-03-12 02:00","2022","03","12","02:00"
"-127.18","54.83","SMITHERS A","1077498","2022-03-12 03:00","2022","03","12","03:00"
"-127.18","54.83","SMITHERS A","1077498","2022-03-12 04:00","2022","03","12","04:00"
"-127.18","54.83","SMITHERS A","1077498","2022-03-12 05:00","2022","03","12","05:00"
"-127.18","54.83","SMITHERS A","1077498","2022-03-12 06:00","2022","03","12","06:00"
"-127.18","54.83","SMITHERS A","1077498","2022-03-12 07:00","2022","03","12","07:00","-1.9","","-2.9","","93","","","","28","","8","","40.2","","94.91","","","","-5","","Mainly Clear"
"-127.18","54.83","SMITHERS A","1077498","2022-03-12 08:00","2022","03","12","08:00","-2.0","","-3.1","","93","","","","34","","5","","40.2","","94.89","","","","-4","","NA"
"-127.18","54.83","SMITHERS A","1077498","2022-03-12 09:00","2022","03","12","09:00","0.9","","-1.8","","82","","","","16","","4","","40.2","","94.89","","","","","","NA"
"-127.18","54.83","SMITHERS A","1077498","2022-03-12 10:00","2022","03","12","10:00","1.8","","-2.0","","76","","","","17","","3","","40.2","","94.87","","","","","","Mainly Clear"
"-127.18","54.83","SMITHERS A","1077498","2022-03-12 11:00","2022","03","12","11:00","3.8","","-2.0","","66","","","","19","","7","","40.2","","94.85","","","","","","NA"
"-127.18","54.83","SMITHERS A","1077498","2022-03-12 12:00","2022","03","12","12:00","5.1","","-3.7","","53","","","","22","","8","","40.2","","94.80","","","","","","NA"
"-127.18","54.83","SMITHERS A","1077498","2022-03-12 13:00","2022","03","12","13:00","5.2","","-4.2","","51","","","","24","","5","","40.2","","94.73","","","","","","Mostly Cloudy"
"-127.18","54.83","SMITHERS A","1077498","2022-03-12 14:00","2022","03","12","14:00","6.2","","-6.8","","39","","","","36","","2","","40.2","","94.61","","","","","","NA"
"-127.18","54.83","SMITHERS A","1077498","2022-03-12 15:00","2022","03","12","15:00","6.8","","-7.0","","37","","","","21","","4","","40.2","","94.57","","","","","","NA"
"-127.18","54.83","SMITHERS A","1077498","2022-03-12 16:00","2022","03","12","16:00","6.3","","-6.6","","39","","","","26","","9","","40.2","","94.51","","","","","","Mainly Clear"
"-127.18","54.83","SMITHERS A","1077498","2022-03-12 17:00","2022","03","12","17:00"
"-127.18","54.83","SMITHERS A","1077498","2022-03-12 18:00","2022","03","12","18:00","2.4","","-3.6","","65","","","","27","","9","","40.2","","94.40","","","","","","NA"
"-127.18","54.83","SMITHERS A","1077498","2022-03-12 19:00","2022","03","12","19:00","0.0","","-4.5","","72","","","","29","","10","","24.1","","94.41","","","","-3","","Mainly Clear"
"-127.18","54.83","SMITHERS A","1077498","2022-03-12 20:00","2022","03","12","20:00","0.5","","-5.2","","66","","","","35","","10","","24.1","","94.39","","","","","","NA"
"-127.18","54.83","SMITHERS A","1077498","2022-03-12 21:00","2022","03","12","21:00"
"-127.18","54.83","SMITHERS A","1077498","2022-03-12 22:00","2022","03","12","22:00"
"-127.18","54.83","SMITHERS A","1077498","2022-03-12 23:00","2022","03","12","23:00"
"-127.18","54.83","SMITHERS A","1077498","2022-03-13 00:00","2022","03","13","00:00"
"-127.18","54.83","SMITHERS A","1077498","2022-03-13 01:00","2022","03","13","01:00"
"-127.18","54.83","SMITHERS A","1077498","2022-03-13 02:00","2022","03","13","02:00"
"-127.18","54.83","SMITHERS A","1077498","2022-03-13 03:00","2022","03","13","03:00"
"-127.18","54.83","SMITHERS A","1077498","2022-03-13 04:00","2022","03","13","04:00"
"-127.18","54.83","SMITHERS A","1077498","2022-03-13 05:00","2022","03","13","05:00"
"-127.18","54.83","SMITHERS A","1077498","2022-03-13 06:00","2022","03","13","06:00","-4.1","","-5.7","","89","","","","17","","5","","24.1","","94.29","","","","-6","","NA"
"-127.18","54.83","SMITHERS A","1077498","2022-03-13 07:00","2022","03","13","07:00","-4.1","","-5.7","","89","","","","36","","2","","40.2","","94.25","","","","-5","","Mainly Clear"
"-127.18","54.83","SMITHERS A","1077498","2022-03-13 08:00","2022","03","13","08:00","-2.7","","-5.0","","84","","","","11","","5","","40.2","","94.24","","","","-5","","NA"
"-127.18","54.83","SMITHERS A","1077498","2022-03-13 09:00","2022","03","13","09:00","-1.8","","-4.8","","80","","","","21","","8","","40.2","","94.32","","","","-5","","NA"
"-127.18","54.83","SMITHERS A","1077498","2022-03-13 10:00","2022","03","13","10:00","0.3","","-4.8","","69","","","","36","","2","","40.2","","94.36","","","","","","Mostly Cloudy"
"-127.18","54.83","SMITHERS A","1077498","2022-03-13 11:00","2022","03","13","11:00","2.6","","-4.6","","59","","","","19","","6","","40.2","","94.35","","","","","","NA"
"-127.18","54.83","SMITHERS A","1077498","2022-03-13 12:00","2022","03","13","12:00","3.9","","-4.5","","55","","","","19","","8","","40.2","","94.29","","","","","","NA"
"-127.18","54.83","SMITHERS A","1077498","2022-03-13 13:00","2022","03","13","13:00","5.6","","-4.9","","47","","","","36","","2","","40.2","","94.26","","","","","","Mainly Clear"
"-127.18","54.83","SMITHERS A","1077498","2022-03-13 14:00","2022","03","13","14:00","6.2","","-5.0","","45","","","","21","","4","","40.2","","94.19","","","","","","NA"
"-127.18","54.83","SMITHERS A","1077498","2022-03-13 15:00","2022","03","13","15:00","6.9","","-5.9","","40","","","","25","","6","","40.2","","94.15","","","","","","NA"
"-127.18","54.83","SMITHERS A","1077498","2022-03-13 16:00","2022","03","13","16:00","6.7","","-5.9","","40","","","","36","","2","","40.2","","94.10","","","","","","Cloudy"
"-127.18","54.83","SMITHERS A","1077498","2022-03-13 17:00","2022","03","13","17:00","5.9","","-4.0","","49","","","","16","","14","","40.2","","94.12","","","","","","NA"
"-127.18","54.83","SMITHERS A","1077498","2022-03-13 18:00","2022","03","13","18:00","4.5","","-1.2","","67","","","","18","","15","","32.2","","94.12","","","","","","NA"
"-127.18","54.83","SMITHERS A","1077498","2022-03-13 19:00","2022","03","13","19:00","3.7","","-0.5","","74","","","","36","","2","","40.2","","94.09","","","","","","Cloudy"
"-127.18","54.83","SMITHERS A","1077498","2022-03-13 20:00","2022","03","13","20:00"
"-127.18","54.83","SMITHERS A","1077498","2022-03-13 21:00","2022","03","13","21:00"
"-127.18","54.83","SMITHERS A","1077498","2022-03-13 22:00","2022","03","13","22:00"
"-127.18","54.83","SMITHERS A","1077498","2022-03-13 23:00","2022","03","13","23:00"
"-127.18","54.83","SMITHERS A","1077498","2022-03-14 00:00","2022","03","14","00:00"
"-127.18","54.83","SMITHERS A","1077498","2022-03-14 01:00","2022","03","14","01:00"
"-127.18","54.83","SMITHERS A","1077498","2022-03-14 02:00","2022","03","14","02:00"
"-127.18","54.83","SMITHERS A","1077498","2022-03-14 03:00","2022","03","14","03:00"
"-127.18","54.83","SMITHERS A","1077498","2022-03-14 04:00","2022","03","14","04:00"
"-127.18","54.83","SMITHERS A","1077498","2022-03-14 05:00","2022","03","14","05:00"
"-127.18","54.83","SMITHERS A","1077498","2022-03-14 06:00","2022","03","14","06:00","1.5","","-0.6","","86","","","","15","","13","","32.2","","94.01","","","","","","NA"
"-127.18","54.83","SMITHERS A","1077498","2022-03-14 07:00","2022","03","14","07:00","2.1","","-0.9","","80","","","","11","","10","","32.2","","94.04","","","","","","Mostly Cloudy"
"-127.18","54.83","SMITHERS A","1077498","2022-03-14 08:00","2022","03","14","08:00","2.1","","-0.5","","83","","","","13","","16","","32.2","","94.07","","","","","","Rain"
"-127.18","54.83","SMITHERS A","1077498","2022-03-14 09:00","2022","03","14","09:00","3.4","","0.2","","80","","","","16","","12","","32.2","","94.13","","","","","","Rain"
"-127.18","54.83","SMITHERS A","1077498","2022-03-14 10:00","2022","03","14","10:00","5.3","","0.3","","70","","","","16","","21","","40.2","","94.15","","","","","","Rain"
"-127.18","54.83","SMITHERS A","1077498","2022-03-14 11:00","2022","03","14","11:00","5.8","","-0.1","","66","","","","16","","18","","40.2","","94.20","","","","","","NA"
"-127.18","54.83","SMITHERS A","1077498","2022-03-14 12:00","2022","03","14","12:00","6.9","","0.6","","64","","","","17","","17","","40.2","","94.28","","","","","","NA"
"-127.18","54.83","SMITHERS A","1077498","2022-03-14 13:00","2022","03","14","13:00","7.6","","-0.3","","57","","","","19","","19","","40.2","","94.27","","","","","","Mostly Cloudy"
"-127.18","54.83","SMITHERS A","1077498","2022-03-14 14:00","2022","03","14","14:00","8.7","","-1.2","","50","","","","18","","18","","40.2","","94.22","","","","","","NA"
"-127.18","54.83","SMITHERS A","1077498","2022-03-14 15:00","2022","03","14","15:00","8.7","","-2.0","","47","","","","13","","12","","40.2","","94.18","","","","","","NA"
"-127.18","54.83","SMITHERS A","1077498","2022-03-14 16:00","2022","03","14","16:00","8.5","","-0.2","","54","","","","17","","13","","40.2","","94.16","","","","","","Mostly Cloudy"
"-127.18","54.83","SMITHERS A","1077498","2022-03-14 17:00","2022","03","14","17:00","7.3","","-1.0","","56","","","","18","","22","","40.2","","94.06","","","","","","NA"
"-127.18","54.83","SMITHERS A","1077498","2022-03-14 18:00","2022","03","14","18:00","6.9","","-1.8","","54","","","","14","","8","","40.2","","94.01","","","","","","NA"
"-127.18","54.83","SMITHERS A","1077498","2022-03-14 19:00","2022","03","14","19:00","6.1","","-2.5","","54","","","","13","","7","","24.1","","93.94","","","","","","Mostly Cloudy"
"-127.18","54.83","SMITHERS A","1077498","2022-03-14 20:00","2022","03","14","20:00"
"-127.18","54.83","SMITHERS A","1077498","2022-03-14 21:00","2022","03","14","21:00"
"-127.18","54.83","SMITHERS A","1077498","2022-03-14 22:00","2022","03","14","22:00"
"-127.18","54.83","SMITHERS A","1077498","2022-03-14 23:00","2022","03","14","23:00"
"-127.18","54.83","SMITHERS A","1077498","2022-03-15 00:00","2022","03","15","00:00"
"-127.18","54.83","SMITHERS A","1077498","2022-03-15 01:00","2022","03","15","01:00"
"-127.18","54.83","SMITHERS A","1077498","2022-03-15 02:00","2022","03","15","02:00"
"-127.18","54.83","SMITHERS A","1077498","2022-03-15 03:00","2022","03","15","03:00"
"-127.18","54.83","SMITHERS A","1077498","2022-03-15 04:00","2022","03","15","04:00"
"-127.18","54.83","SMITHERS A","1077498","2022-03-15 05:00","2022","03","15","05:00"
"-127.18","54.83","SMITHERS A","1077498","2022-03-15 06:00","2022","03","15","06:00","2.4","","-1.8","","74","","","","14","","13","","24.1","","93.87","","","","","","NA"
"-127.18","54.83","SMITHERS A","1077498","2022-03-15 07:00","2022","03","15","07:00","1.7","","-1.7","","78","","","","12","","12","","40.2","","93.90","","","","","","Mostly Cloudy"
"-127.18","54.83","SMITHERS A","1077498","2022-03-15 08:00","2022","03","15","08:00","2.4","","-2.1","","72","","","","11","","14","","40.2","","93.96","","","","","","NA"
"-127.18","54.83","SMITHERS A","1077498","2022-03-15 09:00","2022","03","15","09:00","3.8","","-2.4","","64","","","","14","","21","","40.2","","94.01","","","","","","NA"
"-127.18","54.83","SMITHERS A","1077498","2022-03-15 10:00","2022","03","15","10:00","5.0","","-2.6","","58","","","","13","","20","","40.2","","94.09","","","","","","Mostly Cloudy"
"-127.18","54.83","SMITHERS A","1077498","2022-03-15 11:00","2022","03","15","11:00","6.2","","-2.2","","55","","","","14","","23","","40.2","","94.11","","","","","","NA"
"-127.18","54.83","SMITHERS A","1077498","2022-03-15 12:00","2022","03","15","12:00","6.8","","-1.6","","55","","","","15","","16","","40.2","","94.19","","","","","","NA"
"-127.18","54.83","SMITHERS A","1077498","2022-03-15 13:00","2022","03","15","13:00","7.3","","-1.6","","53","","","","13","","15","","40.2","","94.24","","","","","","Cloudy"
"-127.18","54.83","SMITHERS A","1077498","2022-03-15 14:00","2022","03","15","14:00","7.5","","-0.9","","55","","","","13","","13","","40.2","","94.28","","","","","","NA"
"-127.18","54.83","SMITHERS A","1077498","2022-03-15 15:00","2022","03","15","15:00","7.7","","-0.9","","54","","","","17","","23","","40.2","","94.33","","","","","","NA"
"-127.18","54.83","SMITHERS A","1077498","2022-03-15 16:00","2022","03","15","16:00","7.5","","-1.6","","53","","","","13","","15","","40.2","","94.40","","","","","","Cloudy"
"-127.18","54.83","SMITHERS A","1077498","2022-03-15 17:00","2022","03","15","17:00","7.3","","-2.5","","50","","","","19","","18","","40.2","","94.43","","","","","","NA"
"-127.18","54.83","SMITHERS A","1077498","2022-03-15 18:00","2022","03","15","18:00","6.8","","-2.7","","51","","","","17","","23","","40.2","","94.50","","","","","","NA"
"-127.18","54.83","SMITHERS A","1077498","2022-03-15 19:00","2022","03","15","19:00","5.2","","-1.9","","60","","","","16","","18","","40.2","","94.60","","","","","","Cloudy"
"-127.18","54.83","SMITHERS A","1077498","2022-03-15 20:00","2022","03","15","20:00"
"-127.18","54.83","SMITHERS A","1077498","2022-03-15 21:00","2022","03","15","21:00"
"-127.18","54.83","SMITHERS A","1077498","2022-03-15 22:00","2022","03","15","22:00"
"-127.18","54.83","SMITHERS A","1077498","2022-03-15 23:00","2022","03","15","23:00"
"-127.18","54.83","SMITHERS A","1077498","2022-03-16 00:00","2022","03","16","00:00"
"-127.18","54.83","SMITHERS A","1077498","2022-03-16 01:00","2022","03","16","01:00"
"-127.18","54.83","SMITHERS A","1077498","2022-03-16 02:00","2022","03","16","02:00"
"-127.18","54.83","SMITHERS A","1077498","2022-03-16 03:00","2022","03","16","03:00"
"-127.18","54.83","SMITHERS A","1077498","2022-03-16 04:00","2022","03","16","04:00"
"-127.18","54.83","SMITHERS A","1077498","2022-03-16 05:00","2022","03","16","05:00"
"-127.18","54.83","SMITHERS A","1077498","2022-03-16 06:00","2022","03","16","06:00","-0.9","","-2.2","","91","","","","26","","4","","24.1","","95.34","","","","-2","","NA"
"-127.18","54.83","SMITHERS A","1077498","2022-03-16 07:00","2022","03","16","07:00","-1.0","","-2.5","","90","","","","26","","4","","40.2","","95.34","","","","-2","","Mostly Cloudy"
"-127.18","54.83","SMITHERS A","1077498","2022-03-16 08:00","2022","03","16","08:00","0.3","","-2.4","","82","","","","36","","1","","40.2","","95.36","","","","","","NA"
"-127.18","54.83","SMITHERS A","1077498","2022-03-16 09:00","2022","03","16","09:00","0.8","","-1.8","","83","","","","36","","1","","40.2","","95.39","","","","","","NA"
"-127.18","54.83","SMITHERS A","1077498","2022-03-16 10:00","2022","03","16","10:00","3.6","","-2.5","","64","","","","36","","2","","40.2","","95.39","","","","","","Mostly Cloudy"
"-127.18","54.83","SMITHERS A","1077498","2022-03-16 11:00","2022","03","16","11:00","5.2","","-2.9","","56","","","","20","","8","","40.2","","95.36","","","","","","NA"
"-127.18","54.83","SMITHERS A","1077498","2022-03-16 12:00","2022","03","16","12:00","5.7","","-3.6","","51","","","","36","","3","","40.2","","95.33","","","","","","NA"
"-127.18","54.83","SMITHERS A","1077498","2022-03-16 13:00","2022","03","16","13:00","6.4","","-3.5","","49","","","","15","","13","","40.2","","95.26","","","","","","Cloudy"
"-127.18","54.83","SMITHERS A","1077498","2022-03-16 14:00","2022","03","16","14:00","7.0","","-4.0","","46","","","","16","","7","","40.2","","95.19","","","","","","NA"
"-127.18","54.83","SMITHERS A","1077498","2022-03-16 15:00","2022","03","16","15:00","6.9","","-2.6","","51","","","","18","","17","","40.2","","95.15","","","","","","NA"
"-127.18","54.83","SMITHERS A","1077498","2022-03-16 16:00","2022","03","16","16:00","6.9","","-2.6","","51","","","","16","","14","","40.2","","95.11","","","","","","Cloudy"
"-127.18","54.83","SMITHERS A","1077498","2022-03-16 17:00","2022","03","16","17:00","6.3","","-2.5","","53","","","","19","","13","","40.2","","95.05","","","","","","NA"
"-127.18","54.83","SMITHERS A","1077498","2022-03-16 18:00","2022","03","16","18:00","5.8","","-2.7","","54","","","","15","","14","","40.2","","95.00","","","","","","NA"
"-127.18","54.83","SMITHERS A","1077498","2022-03-16 19:00","2022","03","16","19:00","5.2","","-2.1","","59","","","","16","","14","","32.2","","94.98","","","","","","Cloudy"
"-127.18","54.83","SMITHERS A","1077498","2022-03-16 20:00","2022","03","16","20:00"
"-127.18","54.83","SMITHERS A","1077498","2022-03-16 21:00","2022","03","16","21:00"
"-127.18","54.83","SMITHERS A","1077498","2022-03-16 22:00","2022","03","16","22:00"
"-127.18","54.83","SMITHERS A","1077498","2022-03-16 23:00","2022","03","16","23:00"
"-127.18","54.83","SMITHERS A","1077498","2022-03-17 00:00","2022","03","17","00:00"
"-127.18","54.83","SMITHERS A","1077498","2022-03-17 01:00","2022","03","17","01:00"
"-127.18","54.83","SMITHERS A","1077498","2022-03-17 02:00","2022","03","17","02:00"
"-127.18","54.83","SMITHERS A","1077498","2022-03-17 03:00","2022","03","17","03:00"
"-127.18","54.83","SMITHERS A","1077498","2022-03-17 04:00","2022","03","17","04:00"
"-127.18","54.83","SMITHERS A","1077498","2022-03-17 05:00","2022","03","17","05:00"
"-127.18","54.83","SMITHERS A","1077498","2022-03-17 06:00","2022","03","17","06:00","0.2","","-2.1","","85","","","","12","","3","","40.2","","94.85","","","","","","NA"
"-127.18","54.83","SMITHERS A","1077498","2022-03-17 07:00","2022","03","17","07:00","-1.9","","-2.6","","95","","","","4","","8","","40.2","","94.92","","","","-5","","Mainly Clear"
"-127.18","54.83","SMITHERS A","1077498","2022-03-17 08:00","2022","03","17","08:00","0.8","","-1.6","","84","","","","34","","5","","40.2","","94.93","","","","","","NA"
"-127.18","54.83","SMITHERS A","1077498","2022-03-17 09:00","2022","03","17","09:00","2.8","","-2.3","","69","","","","10","","7","","40.2","","94.93","","","","","","NA"
"-127.18","54.83","SMITHERS A","1077498","2022-03-17 10:00","2022","03","17","10:00","4.9","","-2.6","","58","","","","9","","6","","40.2","","94.94","","","","","","Mainly Clear"
"-127.18","54.83","SMITHERS A","1077498","2022-03-17 11:00","2022","03","17","11:00","5.9","","-4.6","","47","","","","14","","7","","40.2","","94.90","","","","","","NA"
"-127.18","54.83","SMITHERS A","1077498","2022-03-17 12:00","2022","03","17","12:00","7.6","","-6.5","","36","","","","15","","13","","40.2","","94.87","","","","","","NA"
"-127.18","54.83","SMITHERS A","1077498","2022-03-17 13:00","2022","03","17","13:00","7.3","","-6.4","","37","","","","27","","4","","40.2","","94.90","","","","","","Mostly Cloudy"
"-127.18","54.83","SMITHERS A","1077498","2022-03-17 14:00","2022","03","17","14:00","7.4","","-6.2","","38","","","","22","","16","","40.2","","94.89","","","","","","NA"
"-127.18","54.83","SMITHERS A","1077498","2022-03-17 15:00","2022","03","17","15:00","7.8","","-4.1","","43","","","","17","","20","","40.2","","94.88","","","","","","NA"
"-127.18","54.83","SMITHERS A","1077498","2022-03-17 16:00","2022","03","17","16:00","7.1","","-4.2","","44","","","","15","","9","","40.2","","94.91","","","","","","Mostly Cloudy"
"-127.18","54.83","SMITHERS A","1077498","2022-03-17 17:00","2022","03","17","17:00","6.4","","-4.9","","44","","","","22","","15","","40.2","","94.91","","","","","","NA"
"-127.18","54.83","SMITHERS A","1077498","2022-03-17 18:00","2022","03","17","18:00","4.8","","-4.1","","52","","","","15","","13","","40.2","","94.91","","","","","","NA"
"-127.18","54.83","SMITHERS A","1077498","2022-03-17 19:00","2022","03","17","19:00","3.9","","-4.3","","55","","","","2","","4","","40.2","","94.90","","","","","","Mostly Cloudy"
"-127.18","54.83","SMITHERS A","1077498","2022-03-17 20:00","2022","03","17","20:00"
"-127.18","54.83","SMITHERS A","1077498","2022-03-17 21:00","2022","03","17","21:00"
"-127.18","54.83","SMITHERS A","1077498","2022-03-17 22:00","2022","03","17","22:00"
"-127.18","54.83","SMITHERS A","1077498","2022-03-17 23:00","2022","03","17","23:00"
"-127.18","54.83","SMITHERS A","1077498","2022-03-18 00:00","2022","03","18","00:00"
"-127.18","54.83","SMITHERS A","1077498","2022-03-18 01:00","2022","03","18","01:00"
"-127.18","54.83","SMITHERS A","1077498","2022-03-18 02:00","2022","03","18","02:00"
"-127.18","54.83","SMITHERS A","1077498","2022-03-18 03:00","2022","03","18","03:00"
"-127.18","54.83","SMITHERS A","1077498","2022-03-18 04:00","2022","03","18","04:00"
"-127.18","54.83","SMITHERS A","1077498","2022-03-18 05:00","2022","03","18","05:00"
"-127.18","54.83","SMITHERS A","1077498","2022-03-18 06:00","2022","03","18","06:00","-2.0","","-4.2","","85","","","","14","","10","","40.2","","94.83","","","","-6","","NA"
"-127.18","54.83","SMITHERS A","1077498","2022-03-18 07:00","2022","03","18","07:00","-1.2","","-4.4","","79","","","","11","","7","","40.2","","94.78","","","","-4","","Cloudy"
"-127.18","54.83","SMITHERS A","1077498","2022-03-18 08:00","2022","03","18","08:00","0.0","","-3.9","","75","","","","14","","5","","40.2","","94.75","","","","-2","","NA"
"-127.18","54.83","SMITHERS A","1077498","2022-03-18 09:00","2022","03","18","09:00","1.1","","-3.4","","72","","","","15","","7","","40.2","","94.73","","","","","","NA"
"-127.18","54.83","SMITHERS A","1077498","2022-03-18 10:00","2022","03","18","10:00","2.2","","-2.9","","69","","","","17","","4","","40.2","","94.68","","","","","","Cloudy"
"-127.18","54.83","SMITHERS A","1077498","2022-03-18 11:00","2022","03","18","11:00","3.5","","-2.7","","64","","","","17","","13","","40.2","","94.66","","","","","","NA"
"-127.18","54.83","SMITHERS A","1077498","2022-03-18 12:00","2022","03","18","12:00","4.1","","-3.2","","59","","","","16","","7","","40.2","","94.60","","","","","","NA"
"-127.18","54.83","SMITHERS A","1077498","2022-03-18 13:00","2022","03","18","13:00","5.2","","-2.6","","57","","","","17","","10","","40.2","","94.54","","","","","","Cloudy"
"-127.18","54.83","SMITHERS A","1077498","2022-03-18 14:00","2022","03","18","14:00","5.2","","-3.5","","53","","","","15","","7","","40.2","","94.51","","","","","","NA"
"-127.18","54.83","SMITHERS A","1077498","2022-03-18 15:00","2022","03","18","15:00","6.0","","-2.2","","56","","","","15","","9","","40.2","","94.44","","","","","","NA"
"-127.18","54.83","SMITHERS A","1077498","2022-03-18 16:00","2022","03","18","16:00","6.3","","-3.1","","51","","","","13","","13","","40.2","","94.39","","","","","","Cloudy"
"-127.18","54.83","SMITHERS A","1077498","2022-03-18 17:00","2022","03","18","17:00","5.4","","-2.2","","58","","","","16","","15","","40.2","","94.36","","","","","","NA"
"-127.18","54.83","SMITHERS A","1077498","2022-03-18 18:00","2022","03","18","18:00","4.4","","-0.8","","69","","","","16","","14","","40.2","","94.37","","","","","","NA"
"-127.18","54.83","SMITHERS A","1077498","2022-03-18 19:00","2022","03","18","19:00","3.3","","-0.1","","78","","","","17","","8","","40.2","","94.35","","","","","","Cloudy"
"-127.18","54.83","SMITHERS A","1077498","2022-03-18 20:00","2022","03","18","20:00"
"-127.18","54.83","SMITHERS A","1077498","2022-03-18 21:00","2022","03","18","21:00"
"-127.18","54.83","SMITHERS A","1077498","2022-03-18 22:00","2022","03","18","22:00"
"-127.18","54.83","SMITHERS A","1077498","2022-03-18 23:00","2022","03","18","23:00"
"-127.18","54.83","SMITHERS A","1077498","2022-03-19 00:00","2022","03","19","00:00"
"-127.18","54.83","SMITHERS A","1077498","2022-03-19 01:00","2022","03","19","01:00"
"-127.18","54.83","SMITHERS A","1077498","2022-03-19 02:00","2022","03","19","02:00"
"-127.18","54.83","SMITHERS A","1077498","2022-03-19 03:00","2022","03","19","03:00"
"-127.18","54.83","SMITHERS A","1077498","2022-03-19 04:00","2022","03","19","04:00"
"-127.18","54.83","SMITHERS A","1077498","2022-03-19 05:00","2022","03","19","05:00"
"-127.18","54.83","SMITHERS A","1077498","2022-03-19 06:00","2022","03","19","06:00","-1.1","","-1.7","","96","","","","18","","4","","4.8","","94.21","","","","-2","","Snow"
"-127.18","54.83","SMITHERS A","1077498","2022-03-19 07:00","2022","03","19","07:00","-0.8","","-1.2","","97","","","","28","","3","","12.9","","94.18","","","","-2","","Snow"
"-127.18","54.83","SMITHERS A","1077498","2022-03-19 08:00","2022","03","19","08:00","-0.4","","-1.0","","96","","","","36","","4","","32.2","","94.22","","","","-2","","NA"
"-127.18","54.83","SMITHERS A","1077498","2022-03-19 09:00","2022","03","19","09:00","1.3","","0.1","","92","","","","2","","3","","32.2","","94.23","","","","","","NA"
"-127.18","54.83","SMITHERS A","1077498","2022-03-19 10:00","2022","03","19","10:00","3.1","","-0.4","","78","","","","5","","4","","40.2","","94.24","","","","","","Mostly Cloudy"
"-127.18","54.83","SMITHERS A","1077498","2022-03-19 11:00","2022","03","19","11:00","3.9","","-3.3","","59","","","","36","","2","","40.2","","94.25","","","","","","NA"
"-127.18","54.83","SMITHERS A","1077498","2022-03-19 12:00","2022","03","19","12:00","5.4","","-5.7","","45","","","","35","","12","","40.2","","94.26","","","","","","NA"
"-127.18","54.83","SMITHERS A","1077498","2022-03-19 13:00","2022","03","19","13:00","6.4","","-7.7","","36","","","","15","","11","","40.2","","94.26","","","","","","Mainly Clear"
"-127.18","54.83","SMITHERS A","1077498","2022-03-19 14:00","2022","03","19","14:00","5.8","","-8.5","","35","","","","25","","14","","40.2","","94.28","","","","","","NA"
"-127.18","54.83","SMITHERS A","1077498","2022-03-19 15:00","2022","03","19","15:00","5.8","","-10.1","","31","","","","20","","14","","40.2","","94.31","","","","","","NA"
"-127.18","54.83","SMITHERS A","1077498","2022-03-19 16:00","2022","03","19","16:00","6.1","","-10.1","","30","","","","25","","10","","40.2","","94.33","","","","","","Mainly Clear"
"-127.18","54.83","SMITHERS A","1077498","2022-03-19 17:00","2022","03","19","17:00","5.6","","-9.6","","33","","","","28","","8","","40.2","","94.31","","","","","","NA"
"-127.18","54.83","SMITHERS A","1077498","2022-03-19 18:00","2022","03","19","18:00","4.0","","-10.1","","35","","","","21","","17","","40.2","","94.36","","","","","","NA"
"-127.18","54.83","SMITHERS A","1077498","2022-03-19 19:00","2022","03","19","19:00","2.0","","-5.3","","59","","","","36","","9","","40.2","","94.45","","","","","","Mainly Clear"
"-127.18","54.83","SMITHERS A","1077498","2022-03-19 20:00","2022","03","19","20:00"
"-127.18","54.83","SMITHERS A","1077498","2022-03-19 21:00","2022","03","19","21:00"
"-127.18","54.83","SMITHERS A","1077498","2022-03-19 22:00","2022","03","19","22:00"
"-127.18","54.83","SMITHERS A","1077498","2022-03-19 23:00","2022","03","19","23:00"
"-127.18","54.83","SMITHERS A","1077498","2022-03-20 00:00","2022","03","20","00:00"
"-127.18","54.83","SMITHERS A","1077498","2022-03-20 01:00","2022","03","20","01:00"
"-127.18","54.83","SMITHERS A","1077498","2022-03-20 02:00","2022","03","20","02:00"
"-127.18","54.83","SMITHERS A","1077498","2022-03-20 03:00","2022","03","20","03:00"
"-127.18","54.83","SMITHERS A","1077498","2022-03-20 04:00","2022","03","20","04:00"
"-127.18","54.83","SMITHERS A","1077498","2022-03-20 05:00","2022","03","20","05:00"
"-127.18","54.83","SMITHERS A","1077498","2022-03-20 06:00","2022","03","20","06:00","-4.4","","-7.4","","80","","","","16","","6","","40.2","","94.98","","","","-7","","NA"
"-127.18","54.83","SMITHERS A","1077498","2022-03-20 07:00","2022","03","20","07:00","-4.6","","-7.2","","82","","","","17","","9","","40.2","","94.99","","","","-8","","Mostly Cloudy"
"-127.18","54.83","SMITHERS A","1077498","2022-03-20 08:00","2022","03","20","08:00","-3.3","","-6.5","","79","","","","16","","3","","40.2","","94.98","","","","-5","","NA"
"-127.18","54.83","SMITHERS A","1077498","2022-03-20 09:00","2022","03","20","09:00","-0.7","","-5.5","","70","","","","13","","9","","40.2","","94.97","","","","-4","","NA"
"-127.18","54.83","SMITHERS A","1077498","2022-03-20 10:00","2022","03","20","10:00","0.9","","-4.7","","66","","","","15","","17","","40.2","","94.95","","","","","","Mostly Cloudy"
"-127.18","54.83","SMITHERS A","1077498","2022-03-20 11:00","2022","03","20","11:00","1.6","","-4.3","","65","","","","15","","13","","40.2","","94.94","","","","","","NA"
"-127.18","54.83","SMITHERS A","1077498","2022-03-20 12:00","2022","03","20","12:00","2.4","","-5.6","","56","","","","16","","14","","40.2","","94.89","","","","","","NA"
"-127.18","54.83","SMITHERS A","1077498","2022-03-20 13:00","2022","03","20","13:00","2.3","","-5.6","","56","","","","15","","25","","40.2","","94.83","","","","","","Cloudy"
"-127.18","54.83","SMITHERS A","1077498","2022-03-20 14:00","2022","03","20","14:00","1.6","","-4.1","","66","","","","15","","18","","24.1","","94.80","","","","","","NA"
"-127.18","54.83","SMITHERS A","1077498","2022-03-20 15:00","2022","03","20","15:00","1.5","","-3.1","","72","","","","14","","15","","8.1","","94.76","","","","","","Snow"
"-127.18","54.83","SMITHERS A","1077498","2022-03-20 16:00","2022","03","20","16:00","1.2","","-1.7","","81","","","","17","","18","","8.1","","94.74","","","","","","Snow"
"-127.18","54.83","SMITHERS A","1077498","2022-03-20 17:00","2022","03","20","17:00","1.2","","-1.1","","85","","","","17","","14","","12.9","","94.70","","","","","","Snow"
"-127.18","54.83","SMITHERS A","1077498","2022-03-20 18:00","2022","03","20","18:00","1.1","","-1.3","","84","","","","19","","11","","24.1","","94.68","","","","","","Snow"
"-127.18","54.83","SMITHERS A","1077498","2022-03-20 19:00","2022","03","20","19:00","1.0","","-1.2","","85","","","","21","","9","","24.1","","94.67","","","","","","Snow"
"-127.18","54.83","SMITHERS A","1077498","2022-03-20 20:00","2022","03","20","20:00"
"-127.18","54.83","SMITHERS A","1077498","2022-03-20 21:00","2022","03","20","21:00"
"-127.18","54.83","SMITHERS A","1077498","2022-03-20 22:00","2022","03","20","22:00"
"-127.18","54.83","SMITHERS A","1077498","2022-03-20 23:00","2022","03","20","23:00"
"-127.18","54.83","SMITHERS A","1077498","2022-03-21 00:00","2022","03","21","00:00"
"-127.18","54.83","SMITHERS A","1077498","2022-03-21 01:00","2022","03","21","01:00"
"-127.18","54.83","SMITHERS A","1077498","2022-03-21 02:00","2022","03","21","02:00"
"-127.18","54.83","SMITHERS A","1077498","2022-03-21 03:00","2022","03","21","03:00"
"-127.18","54.83","SMITHERS A","1077498","2022-03-21 04:00","2022","03","21","04:00"
"-127.18","54.83","SMITHERS A","1077498","2022-03-21 05:00","2022","03","21","05:00"
"-127.18","54.83","SMITHERS A","1077498","2022-03-21 06:00","2022","03","21","06:00","-0.9","","-1.0","","99","","","","8","","5","","24.1","","95.23","","","","-3","","NA"
"-127.18","54.83","SMITHERS A","1077498","2022-03-21 07:00","2022","03","21","07:00","-0.6","","-0.9","","98","","","","18","","7","","40.2","","95.31","","","","-3","","Cloudy"
"-127.18","54.83","SMITHERS A","1077498","2022-03-21 08:00","2022","03","21","08:00","-0.3","","-0.7","","97","","","","14","","5","","40.2","","95.38","","","","-2","","NA"
"-127.18","54.83","SMITHERS A","1077498","2022-03-21 09:00","2022","03","21","09:00","0.6","","-0.8","","90","","","","15","","9","","80.5","","95.42","","","","","","NA"
"-127.18","54.83","SMITHERS A","1077498","2022-03-21 10:00","2022","03","21","10:00","2.5","","-0.3","","82","","","","16","","7","","40.2","","95.46","","","","","","Mostly Cloudy"
"-127.18","54.83","SMITHERS A","1077498","2022-03-21 11:00","2022","03","21","11:00","5.3","","0.5","","71","","","","36","","2","","40.2","","95.48","","","","","","NA"
"-127.18","54.83","SMITHERS A","1077498","2022-03-21 12:00","2022","03","21","12:00","6.1","","0.7","","68","","","","28","","8","","40.2","","95.48","","","","","","NA"
"-127.18","54.83","SMITHERS A","1077498","2022-03-21 13:00","2022","03","21","13:00","6.8","","0.6","","65","","","","28","","9","","40.2","","95.48","","","","","","Mostly Cloudy"
"-127.18","54.83","SMITHERS A","1077498","2022-03-21 14:00","2022","03","21","14:00","7.8","","1.1","","63","","","","27","","8","","40.2","","95.48","","","","","","NA"
"-127.18","54.83","SMITHERS A","1077498","2022-03-21 15:00","2022","03","21","15:00","8.6","","0.6","","57","","","","35","","6","","40.2","","95.47","","","","","","NA"
"-127.18","54.83","SMITHERS A","1077498","2022-03-21 16:00","2022","03","21","16:00","9.5","","0.2","","52","","","","27","","6","","40.2","","95.45","","","","","","Mainly Clear"
"-127.18","54.83","SMITHERS A","1077498","2022-03-21 17:00","2022","03","21","17:00","9.2","","0.8","","56","","","","35","","5","","40.2","","95.40","","","","","","NA"
"-127.18","54.83","SMITHERS A","1077498","2022-03-21 18:00","2022","03","21","18:00","7.9","","0.9","","61","","","","36","","2","","40.2","","95.34","","","","","","NA"
"-127.18","54.83","SMITHERS A","1077498","2022-03-21 19:00","2022","03","21","19:00","6.6","","1.3","","69","","","","9","","5","","24.1","","95.30","","","","","","Mostly Cloudy"
"-127.18","54.83","SMITHERS A","1077498","2022-03-21 20:00","2022","03","21","20:00"
"-127.18","54.83","SMITHERS A","1077498","2022-03-21 21:00","2022","03","21","21:00"
"-127.18","54.83","SMITHERS A","1077498","2022-03-21 22:00","2022","03","21","22:00"
"-127.18","54.83","SMITHERS A","1077498","2022-03-21 23:00","2022","03","21","23:00"
"-127.18","54.83","SMITHERS A","1077498","2022-03-22 00:00","2022","03","22","00:00"
"-127.18","54.83","SMITHERS A","1077498","2022-03-22 01:00","2022","03","22","01:00"
"-127.18","54.83","SMITHERS A","1077498","2022-03-22 02:00","2022","03","22","02:00"
"-127.18","54.83","SMITHERS A","1077498","2022-03-22 03:00","2022","03","22","03:00"
"-127.18","54.83","SMITHERS A","1077498","2022-03-22 04:00","2022","03","22","04:00"
"-127.18","54.83","SMITHERS A","1077498","2022-03-22 05:00","2022","03","22","05:00"
"-127.18","54.83","SMITHERS A","1077498","2022-03-22 06:00","2022","03","22","06:00","4.1","","3.1","","93","","","","16","","13","","24.1","","95.05","","","","","","Rain"
"-127.18","54.83","SMITHERS A","1077498","2022-03-22 07:00","2022","03","22","07:00","3.9","","2.9","","93","","","","13","","16","","32.2","","94.96","","","","","","Rain"
"-127.18","54.83","SMITHERS A","1077498","2022-03-22 08:00","2022","03","22","08:00","5.2","","3.2","","87","","","","16","","22","","32.2","","94.88","","","","","","Rain"
"-127.18","54.83","SMITHERS A","1077498","2022-03-22 09:00","2022","03","22","09:00","6.4","","3.6","","82","","","","17","","21","","40.2","","94.76","","","","","","Rain"
"-127.18","54.83","SMITHERS A","1077498","2022-03-22 10:00","2022","03","22","10:00","8.5","","4.0","","73","","","","16","","28","","40.2","","94.66","","","","","","Mostly Cloudy"
"-127.18","54.83","SMITHERS A","1077498","2022-03-22 11:00","2022","03","22","11:00","10.4","","4.8","","68","","","","17","","21","","40.2","","94.60","","","","","","NA"
"-127.18","54.83","SMITHERS A","1077498","2022-03-22 12:00","2022","03","22","12:00","12.8","","4.9","","59","","","","16","","16","","40.2","","94.56","","","","","","Rain"
"-127.18","54.83","SMITHERS A","1077498","2022-03-22 13:00","2022","03","22","13:00","14.4","","5.4","","55","","","","17","","10","","24.1","","94.61","","","","","","Mostly Cloudy"
"-127.18","54.83","SMITHERS A","1077498","2022-03-22 14:00","2022","03","22","14:00","10.5","","5.0","","69","","","","36","","19","","40.2","","94.67","","","","","","NA"
"-127.18","54.83","SMITHERS A","1077498","2022-03-22 15:00","2022","03","22","15:00","10.8","","4.5","","65","","","","35","","13","","40.2","","94.72","","","","","","NA"
"-127.18","54.83","SMITHERS A","1077498","2022-03-22 16:00","2022","03","22","16:00","11.6","","1.9","","51","","","","20","","27","","40.2","","94.73","","","","","","Mostly Cloudy"
"-127.18","54.83","SMITHERS A","1077498","2022-03-22 17:00","2022","03","22","17:00","10.2","","2.9","","60","","","","33","","10","","40.2","","94.74","","","","","","NA"
"-127.18","54.83","SMITHERS A","1077498","2022-03-22 18:00","2022","03","22","18:00","7.3","","2.4","","71","","","","29","","14","","32.2","","94.80","","","","","","NA"
"-127.18","54.83","SMITHERS A","1077498","2022-03-22 19:00","2022","03","22","19:00","6.6","","1.9","","72","","","","35","","16","","24.1","","94.79","","","","","","Mostly Cloudy"
"-127.18","54.83","SMITHERS A","1077498","2022-03-22 20:00","2022","03","22","20:00"
"-127.18","54.83","SMITHERS A","1077498","2022-03-22 21:00","2022","03","22","21:00"
"-127.18","54.83","SMITHERS A","1077498","2022-03-22 22:00","2022","03","22","22:00"
"-127.18","54.83","SMITHERS A","1077498","2022-03-22 23:00","2022","03","22","23:00"
"-127.18","54.83","SMITHERS A","1077498","2022-03-23 00:00","2022","03","23","00:00"
"-127.18","54.83","SMITHERS A","1077498","2022-03-23 01:00","2022","03","23","01:00"
"-127.18","54.83","SMITHERS A","1077498","2022-03-23 02:00","2022","03","23","02:00"
"-127.18","54.83","SMITHERS A","1077498","2022-03-23 03:00","2022","03","23","03:00"
"-127.18","54.83","SMITHERS A","1077498","2022-03-23 04:00","2022","03","23","04:00"
"-127.18","54.83","SMITHERS A","1077498","2022-03-23 05:00","2022","03","23","05:00"
"-127.18","54.83","SMITHERS A","1077498","2022-03-23 06:00","2022","03","23","06:00","-0.2","","-0.5","","98","","","","23","","3","","40.2","","95.14","","","","-1","","NA"
"-127.18","54.83","SMITHERS A","1077498","2022-03-23 07:00","2022","03","23","07:00","-1.0","","-1.3","","98","","","","29","","8","","4.8","","95.22","","","","-4","","Fog"
"-127.18","54.83","SMITHERS A","1077498","2022-03-23 08:00","2022","03","23","08:00","0.0","","-0.1","","99","","","","8","","4","","40.2","","95.26","","","","-1","","NA"
"-127.18","54.83","SMITHERS A","1077498","2022-03-23 09:00","2022","03","23","09:00","2.5","","-0.1","","83","","","","15","","4","","40.2","","95.31","","","","","","NA"
"-127.18","54.83","SMITHERS A","1077498","2022-03-23 10:00","2022","03","23","10:00","3.4","","-0.8","","74","","","","12","","7","","40.2","","95.33","","","","","","Mainly Clear"
"-127.18","54.83","SMITHERS A","1077498","2022-03-23 11:00","2022","03","23","11:00","5.5","","-1.1","","62","","","","18","","4","","40.2","","95.37","","","","","","NA"
"-127.18","54.83","SMITHERS A","1077498","2022-03-23 12:00","2022","03","23","12:00","6.9","","-2.7","","50","","","","13","","11","","40.2","","95.36","","","","","","NA"
"-127.18","54.83","SMITHERS A","1077498","2022-03-23 13:00","2022","03","23","13:00","7.7","","-5.1","","40","","","","21","","10","","40.2","","95.37","","","","","","Mainly Clear"
"-127.18","54.83","SMITHERS A","1077498","2022-03-23 14:00","2022","03","23","14:00","6.9","","-6.8","","37","","","","25","","19","","40.2","","95.42","","","","","","NA"
"-127.18","54.83","SMITHERS A","1077498","2022-03-23 15:00","2022","03","23","15:00","7.4","","-7.1","","35","","","","26","","10","","40.2","","95.44","","","","","","NA"
"-127.18","54.83","SMITHERS A","1077498","2022-03-23 16:00","2022","03","23","16:00","7.4","","-5.9","","38","","","","27","","3","","40.2","","95.47","","","","","","Mainly Clear"
"-127.18","54.83","SMITHERS A","1077498","2022-03-23 17:00","2022","03","23","17:00","6.2","","-7.4","","37","","","","16","","18","","40.2","","95.51","","","","","","NA"
"-127.18","54.83","SMITHERS A","1077498","2022-03-23 18:00","2022","03","23","18:00","5.3","","-7.4","","39","","","","11","","7","","40.2","","95.60","","","","","","NA"
"-127.18","54.83","SMITHERS A","1077498","2022-03-23 19:00","2022","03","23","19:00","3.7","","-4.4","","55","","","","36","","1","","40.2","","95.71","","","","","","Mainly Clear"
"-127.18","54.83","SMITHERS A","1077498","2022-03-23 20:00","2022","03","23","20:00"
"-127.18","54.83","SMITHERS A","1077498","2022-03-23 21:00","2022","03","23","21:00"
"-127.18","54.83","SMITHERS A","1077498","2022-03-23 22:00","2022","03","23","22:00"
"-127.18","54.83","SMITHERS A","1077498","2022-03-23 23:00","2022","03","23","23:00"
"-127.18","54.83","SMITHERS A","1077498","2022-03-24 00:00","2022","03","24","00:00"
"-127.18","54.83","SMITHERS A","1077498","2022-03-24 01:00","2022","03","24","01:00"
"-127.18","54.83","SMITHERS A","1077498","2022-03-24 02:00","2022","03","24","02:00"
"-127.18","54.83","SMITHERS A","1077498","2022-03-24 03:00","2022","03","24","03:00"
"-127.18","54.83","SMITHERS A","1077498","2022-03-24 04:00","2022","03","24","04:00"
"-127.18","54.83","SMITHERS A","1077498","2022-03-24 05:00","2022","03","24","05:00"
"-127.18","54.83","SMITHERS A","1077498","2022-03-24 06:00","2022","03","24","06:00","-3.8","","-4.9","","92","","","","29","","5","","40.2","","96.34","","","","-6","","NA"
"-127.18","54.83","SMITHERS A","1077498","2022-03-24 07:00","2022","03","24","07:00","-3.2","","-5.2","","86","","","","14","","8","","40.2","","96.36","","","","-6","","Mainly Clear"
"-127.18","54.83","SMITHERS A","1077498","2022-03-24 08:00","2022","03","24","08:00","-1.4","","-4.4","","80","","","","14","","9","","40.2","","96.34","","","","-5","","NA"
"-127.18","54.83","SMITHERS A","1077498","2022-03-24 09:00","2022","03","24","09:00","0.3","","-4.5","","70","","","","14","","8","","40.2","","96.34","","","","","","NA"
"-127.18","54.83","SMITHERS A","1077498","2022-03-24 10:00","2022","03","24","10:00","2.8","","-4.1","","60","","","","15","","13","","40.2","","96.30","","","","","","Clear"
"-127.18","54.83","SMITHERS A","1077498","2022-03-24 11:00","2022","03","24","11:00","4.3","","-5.0","","51","","","","15","","15","","40.2","","96.22","","","","","","NA"
"-127.18","54.83","SMITHERS A","1077498","2022-03-24 12:00","2022","03","24","12:00","5.7","","-4.7","","47","","","","16","","10","","40.2","","96.13","","","","","","NA"
"-127.18","54.83","SMITHERS A","1077498","2022-03-24 13:00","2022","03","24","13:00","7.4","","-5.1","","41","","","","15","","17","","40.2","","96.02","","","","","","Mainly Clear"
"-127.18","54.83","SMITHERS A","1077498","2022-03-24 14:00","2022","03","24","14:00","8.3","","-6.7","","34","","","","15","","19","","40.2","","95.91","","","","","","NA"
"-127.18","54.83","SMITHERS A","1077498","2022-03-24 15:00","2022","03","24","15:00","8.3","","-7.2","","33","","","","14","","19","","32.2","","95.84","","","","","","NA"
"-127.18","54.83","SMITHERS A","1077498","2022-03-24 16:00","2022","03","24","16:00","8.3","","-8.8","","29","","","","14","","16","","40.2","","95.76","","","","","","Mainly Clear"
"-127.18","54.83","SMITHERS A","1077498","2022-03-24 17:00","2022","03","24","17:00","8.2","","-7.5","","32","","","","15","","14","","40.2","","95.67","","","","","","NA"
"-127.18","54.83","SMITHERS A","1077498","2022-03-24 18:00","2022","03","24","18:00","7.2","","-8.3","","32","","","","15","","8","","40.2","","95.63","","","","","","NA"
"-127.18","54.83","SMITHERS A","1077498","2022-03-24 19:00","2022","03","24","19:00","6.2","","-8.2","","35","","","","16","","7","","40.2","","95.55","","","","","","Cloudy"
"-127.18","54.83","SMITHERS A","1077498","2022-03-24 20:00","2022","03","24","20:00"
"-127.18","54.83","SMITHERS A","1077498","2022-03-24 21:00","2022","03","24","21:00"
"-127.18","54.83","SMITHERS A","1077498","2022-03-24 22:00","2022","03","24","22:00"
"-127.18","54.83","SMITHERS A","1077498","2022-03-24 23:00","2022","03","24","23:00"
"-127.18","54.83","SMITHERS A","1077498","2022-03-25 00:00","2022","03","25","00:00"
"-127.18","54.83","SMITHERS A","1077498","2022-03-25 01:00","2022","03","25","01:00"
"-127.18","54.83","SMITHERS A","1077498","2022-03-25 02:00","2022","03","25","02:00"
"-127.18","54.83","SMITHERS A","1077498","2022-03-25 03:00","2022","03","25","03:00"
"-127.18","54.83","SMITHERS A","1077498","2022-03-25 04:00","2022","03","25","04:00"
"-127.18","54.83","SMITHERS A","1077498","2022-03-25 05:00","2022","03","25","05:00"
"-127.18","54.83","SMITHERS A","1077498","2022-03-25 06:00","2022","03","25","06:00","1.2","","-0.5","","88","","","","27","","7","","16.1","","95.52","","","","","","Rain,Snow"
"-127.18","54.83","SMITHERS A","1077498","2022-03-25 07:00","2022","03","25","07:00","0.3","","-0.4","","95","","","","32","","6","","40.2","","95.52","","","","","","Mostly Cloudy"
"-127.18","54.83","SMITHERS A","1077498","2022-03-25 08:00","2022","03","25","08:00","1.5","","-0.1","","89","","","","2","","4","","40.2","","95.50","","","","","","NA"
"-127.18","54.83","SMITHERS A","1077498","2022-03-25 09:00","2022","03","25","09:00","1.8","","0.3","","90","","","","28","","6","","40.2","","95.50","","","","","","NA"
"-127.18","54.83","SMITHERS A","1077498","2022-03-25 10:00","2022","03","25","10:00","2.9","","-0.3","","80","","","","24","","4","","40.2","","95.50","","","","","","Mostly Cloudy"
"-127.18","54.83","SMITHERS A","1077498","2022-03-25 11:00","2022","03","25","11:00","4.4","","-0.4","","71","","","","33","","3","","40.2","","95.50","","","","","","NA"
"-127.18","54.83","SMITHERS A","1077498","2022-03-25 12:00","2022","03","25","12:00","5.6","","-2.5","","56","","","","36","","2","","40.2","","95.50","","","","","","NA"
"-127.18","54.83","SMITHERS A","1077498","2022-03-25 13:00","2022","03","25","13:00","6.6","","-3.0","","50","","","","19","","5","","40.2","","95.48","","","","","","Cloudy"
"-127.18","54.83","SMITHERS A","1077498","2022-03-25 14:00","2022","03","25","14:00","7.4","","-2.2","","51","","","","19","","6","","40.2","","95.44","","","","","","NA"
"-127.18","54.83","SMITHERS A","1077498","2022-03-25 15:00","2022","03","25","15:00","7.7","","-3.2","","46","","","","14","","9","","40.2","","95.40","","","","","","NA"
"-127.18","54.83","SMITHERS A","1077498","2022-03-25 16:00","2022","03","25","16:00","7.9","","-4.9","","40","","","","15","","6","","40.2","","95.39","","","","","","Mostly Cloudy"
"-127.18","54.83","SMITHERS A","1077498","2022-03-25 17:00","2022","03","25","17:00","7.9","","-5.5","","38","","","","12","","5","","40.2","","95.37","","","","","","NA"
"-127.18","54.83","SMITHERS A","1077498","2022-03-25 18:00","2022","03","25","18:00","7.5","","-5.9","","38","","","","36","","2","","40.2","","95.37","","","","","","NA"
"-127.18","54.83","SMITHERS A","1077498","2022-03-25 19:00","2022","03","25","19:00","5.8","","-4.3","","48","","","","35","","7","","40.2","","95.38","","","","","","Mostly Cloudy"
"-127.18","54.83","SMITHERS A","1077498","2022-03-25 20:00","2022","03","25","20:00"
"-127.18","54.83","SMITHERS A","1077498","2022-03-25 21:00","2022","03","25","21:00"
"-127.18","54.83","SMITHERS A","1077498","2022-03-25 22:00","2022","03","25","22:00"
"-127.18","54.83","SMITHERS A","1077498","2022-03-25 23:00","2022","03","25","23:00"
"-127.18","54.83","SMITHERS A","1077498","2022-03-26 00:00","2022","03","26","00:00"
"-127.18","54.83","SMITHERS A","1077498","2022-03-26 01:00","2022","03","26","01:00"
"-127.18","54.83","SMITHERS A","1077498","2022-03-26 02:00","2022","03","26","02:00"
"-127.18","54.83","SMITHERS A","1077498","2022-03-26 03:00","2022","03","26","03:00"
"-127.18","54.83","SMITHERS A","1077498","2022-03-26 04:00","2022","03","26","04:00"
"-127.18","54.83","SMITHERS A","1077498","2022-03-26 05:00","2022","03","26","05:00"
"-127.18","54.83","SMITHERS A","1077498","2022-03-26 06:00","2022","03","26","06:00","-1.7","","-3.3","","89","","","","0","","1","","32.2","","95.17","","","","-2","","NA"
"-127.18","54.83","SMITHERS A","1077498","2022-03-26 07:00","2022","03","26","07:00","-1.7","","-3.1","","90","","","","13","","4","","40.2","","95.16","","","","-3","","Mostly Cloudy"
"-127.18","54.83","SMITHERS A","1077498","2022-03-26 08:00","2022","03","26","08:00","-0.5","","-2.4","","87","","","","23","","4","","32.2","","95.16","","","","-2","","NA"
"-127.18","54.83","SMITHERS A","1077498","2022-03-26 09:00","2022","03","26","09:00","0.6","","-2.3","","81","","","","9","","4","","24.1","","95.16","","","","","","NA"
"-127.18","54.83","SMITHERS A","1077498","2022-03-26 10:00","2022","03","26","10:00","2.3","","-1.9","","74","","","","13","","6","","24.1","","95.16","","","","","","Cloudy"
"-127.18","54.83","SMITHERS A","1077498","2022-03-26 11:00","2022","03","26","11:00","2.5","","0.1","","84","","","","13","","5","","16.1","","95.11","","","","","","Rain"
"-127.18","54.83","SMITHERS A","1077498","2022-03-26 12:00","2022","03","26","12:00","3.8","","0.7","","80","","","","17","","5","","16.1","","95.05","","","","","","Rain"
"-127.18","54.83","SMITHERS A","1077498","2022-03-26 13:00","2022","03","26","13:00","4.0","","1.2","","82","","","","16","","8","","40.2","","95.03","","","","","","Cloudy"
"-127.18","54.83","SMITHERS A","1077498","2022-03-26 14:00","2022","03","26","14:00","4.0","","1.0","","81","","","","11","","6","","40.2","","95.01","","","","","","NA"
"-127.18","54.83","SMITHERS A","1077498","2022-03-26 15:00","2022","03","26","15:00","4.6","","0.6","","75","","","","16","","8","","40.2","","94.99","","","","","","NA"
"-127.18","54.83","SMITHERS A","1077498","2022-03-26 16:00","2022","03","26","16:00","4.2","","1.5","","82","","","","14","","6","","32.2","","95.00","","","","","","Rain"
"-127.18","54.83","SMITHERS A","1077498","2022-03-26 17:00","2022","03","26","17:00","4.1","","1.5","","83","","","","14","","8","","24.1","","94.99","","","","","","Rain"
"-127.18","54.83","SMITHERS A","1077498","2022-03-26 18:00","2022","03","26","18:00","3.7","","1.5","","86","","","","36","","1","","32.2","","94.98","","","","","","NA"
"-127.18","54.83","SMITHERS A","1077498","2022-03-26 19:00","2022","03","26","19:00","2.8","","1.5","","91","","","","31","","5","","32.2","","94.97","","","","","","Mostly Cloudy"
"-127.18","54.83","SMITHERS A","1077498","2022-03-26 20:00","2022","03","26","20:00"
"-127.18","54.83","SMITHERS A","1077498","2022-03-26 21:00","2022","03","26","21:00"
"-127.18","54.83","SMITHERS A","1077498","2022-03-26 22:00","2022","03","26","22:00"
"-127.18","54.83","SMITHERS A","1077498","2022-03-26 23:00","2022","03","26","23:00"
"-127.18","54.83","SMITHERS A","1077498","2022-03-27 00:00","2022","03","27","00:00"
"-127.18","54.83","SMITHERS A","1077498","2022-03-27 01:00","2022","03","27","01:00"
"-127.18","54.83","SMITHERS A","1077498","2022-03-27 02:00","2022","03","27","02:00"
"-127.18","54.83","SMITHERS A","1077498","2022-03-27 03:00","2022","03","27","03:00"
"-127.18","54.83","SMITHERS A","1077498","2022-03-27 04:00","2022","03","27","04:00"
"-127.18","54.83","SMITHERS A","1077498","2022-03-27 05:00","2022","03","27","05:00"
"-127.18","54.83","SMITHERS A","1077498","2022-03-27 06:00","2022","03","27","06:00","-1.0","","-1.6","","96","","","","36","","2","","32.2","","95.04","","","","-2","","NA"
"-127.18","54.83","SMITHERS A","1077498","2022-03-27 07:00","2022","03","27","07:00","-0.9","","-1.7","","94","","","","36","","2","","32.2","","95.02","","","","-2","","Cloudy"
"-127.18","54.83","SMITHERS A","1077498","2022-03-27 08:00","2022","03","27","08:00","-0.8","","-1.9","","92","","","","36","","3","","32.2","","95.02","","","","-2","","NA"
"-127.18","54.83","SMITHERS A","1077498","2022-03-27 09:00","2022","03","27","09:00","-0.2","","-1.5","","91","","","","19","","4","","32.2","","95.00","","","","-1","","NA"
"-127.18","54.83","SMITHERS A","1077498","2022-03-27 10:00","2022","03","27","10:00","0.9","","-1.2","","86","","","","10","","3","","40.2","","95.02","","","","","","Cloudy"
"-127.18","54.83","SMITHERS A","1077498","2022-03-27 11:00","2022","03","27","11:00","1.7","","-0.9","","83","","","","36","","5","","40.2","","94.97","","","","","","NA"
"-127.18","54.83","SMITHERS A","1077498","2022-03-27 12:00","2022","03","27","12:00","2.1","","-0.8","","81","","","","24","","5","","32.2","","94.93","","","","","","NA"
"-127.18","54.83","SMITHERS A","1077498","2022-03-27 13:00","2022","03","27","13:00","4.5","","-0.1","","72","","","","23","","4","","40.2","","94.86","","","","","","Mostly Cloudy"
"-127.18","54.83","SMITHERS A","1077498","2022-03-27 14:00","2022","03","27","14:00","5.9","","-1.1","","61","","","","27","","6","","40.2","","94.79","","","","","","NA"
"-127.18","54.83","SMITHERS A","1077498","2022-03-27 15:00","2022","03","27","15:00","7.6","","-2.0","","51","","","","4","","3","","40.2","","94.73","","","","","","NA"
"-127.18","54.83","SMITHERS A","1077498","2022-03-27 16:00","2022","03","27","16:00","8.7","","-2.5","","45","","","","1","","3","","40.2","","94.68","","","","","","Mainly Clear"
"-127.18","54.83","SMITHERS A","1077498","2022-03-27 17:00","2022","03","27","17:00","8.5","","-3.5","","42","","","","27","","10","","40.2","","94.65","","","","","","NA"
"-127.18","54.83","SMITHERS A","1077498","2022-03-27 18:00","2022","03","27","18:00","5.2","","-2.4","","58","","","","27","","8","","40.2","","94.64","","","","","","NA"
"-127.18","54.83","SMITHERS A","1077498","2022-03-27 19:00","2022","03","27","19:00","5.5","","-1.4","","61","","","","30","","11","","40.2","","94.69","","","","","","Mainly Clear"
"-127.18","54.83","SMITHERS A","1077498","2022-03-27 20:00","2022","03","27","20:00"
"-127.18","54.83","SMITHERS A","1077498","2022-03-27 21:00","2022","03","27","21:00"
"-127.18","54.83","SMITHERS A","1077498","2022-03-27 22:00","2022","03","27","22:00"
"-127.18","54.83","SMITHERS A","1077498","2022-03-27 23:00","2022","03","27","23:00"
"-127.18","54.83","SMITHERS A","1077498","2022-03-28 00:00","2022","03","28","00:00"
"-127.18","54.83","SMITHERS A","1077498","2022-03-28 01:00","2022","03","28","01:00"
"-127.18","54.83","SMITHERS A","1077498","2022-03-28 02:00","2022","03","28","02:00"
"-127.18","54.83","SMITHERS A","1077498","2022-03-28 03:00","2022","03","28","03:00"
"-127.18","54.83","SMITHERS A","1077498","2022-03-28 04:00","2022","03","28","04:00"
"-127.18","54.83","SMITHERS A","1077498","2022-03-28 05:00","2022","03","28","05:00"
"-127.18","54.83","SMITHERS A","1077498","2022-03-28 06:00","2022","03","28","06:00","-5.6","","-6.1","","96","","","","14","","3","","40.2","","95.00","","","","-7","","NA"
"-127.18","54.83","SMITHERS A","1077498","2022-03-28 07:00","2022","03","28","07:00","-4.8","","-5.3","","96","","","","6","","3","","40.2","","95.07","","","","-6","","Clear"
"-127.18","54.83","SMITHERS A","1077498","2022-03-28 08:00","2022","03","28","08:00","-2.3","","-4.2","","87","","","","13","","5","","40.2","","95.08","","","","-4","","NA"
"-127.18","54.83","SMITHERS A","1077498","2022-03-28 09:00","2022","03","28","09:00","-0.1","","-2.5","","84","","","","19","","5","","40.2","","95.11","","","","-2","","NA"
"-127.18","54.83","SMITHERS A","1077498","2022-03-28 10:00","2022","03","28","10:00","2.3","","-2.5","","71","","","","24","","3","","40.2","","95.10","","","","","","Mainly Clear"
"-127.18","54.83","SMITHERS A","1077498","2022-03-28 11:00","2022","03","28","11:00","4.3","","-2.9","","59","","","","28","","4","","40.2","","95.08","","","","","","NA"
"-127.18","54.83","SMITHERS A","1077498","2022-03-28 12:00","2022","03","28","12:00","6.6","","-2.9","","51","","","","27","","5","","40.2","","95.06","","","","","","NA"
"-127.18","54.83","SMITHERS A","1077498","2022-03-28 13:00","2022","03","28","13:00","7.8","","-4.2","","43","","","","27","","6","","40.2","","95.06","","","","","","Mainly Clear"
"-127.18","54.83","SMITHERS A","1077498","2022-03-28 14:00","2022","03","28","14:00","9.3","","-4.7","","37","","","","30","","5","","40.2","","95.04","","","","","","NA"
"-127.18","54.83","SMITHERS A","1077498","2022-03-28 15:00","2022","03","28","15:00","10.2","","-4.1","","36","","","","29","","8","","40.2","","95.01","","","","","","NA"
"-127.18","54.83","SMITHERS A","1077498","2022-03-28 16:00","2022","03","28","16:00","10.3","","-5.0","","34","","","","31","","8","","40.2","","94.98","","","","","","Mainly Clear"
"-127.18","54.83","SMITHERS A","1077498","2022-03-28 17:00","2022","03","28","17:00","10.1","","-5.8","","32","","","","31","","7","","40.2","","95.00","","","","","","NA"
"-127.18","54.83","SMITHERS A","1077498","2022-03-28 18:00","2022","03","28","18:00","8.8","","-5.2","","37","","","","29","","8","","40.2","","95.01","","","","","","NA"
"-127.18","54.83","SMITHERS A","1077498","2022-03-28 19:00","2022","03","28","19:00","6.8","","-3.2","","49","","","","0","","1","","40.2","","95.05","","","","","","Mainly Clear"
"-127.18","54.83","SMITHERS A","1077498","2022-03-28 20:00","2022","03","28","20:00"
"-127.18","54.83","SMITHERS A","1077498","2022-03-28 21:00","2022","03","28","21:00"
"-127.18","54.83","SMITHERS A","1077498","2022-03-28 22:00","2022","03","28","22:00"
"-127.18","54.83","SMITHERS A","1077498","2022-03-28 23:00","2022","03","28","23:00"
"-127.18","54.83","SMITHERS A","1077498","2022-03-29 00:00","2022","03","29","00:00"
"-127.18","54.83","SMITHERS A","1077498","2022-03-29 01:00","2022","03","29","01:00"
"-127.18","54.83","SMITHERS A","1077498","2022-03-29 02:00","2022","03","29","02:00"
"-127.18","54.83","SMITHERS A","1077498","2022-03-29 03:00","2022","03","29","03:00"
"-127.18","54.83","SMITHERS A","1077498","2022-03-29 04:00","2022","03","29","04:00"
"-127.18","54.83","SMITHERS A","1077498","2022-03-29 05:00","2022","03","29","05:00"
"-127.18","54.83","SMITHERS A","1077498","2022-03-29 06:00","2022","03","29","06:00","-0.1","","-4.2","","74","","","","16","","9","","40.2","","95.08","","","","-3","","NA"
"-127.18","54.83","SMITHERS A","1077498","2022-03-29 07:00","2022","03","29","07:00","0.1","","-4.1","","73","","","","15","","11","","40.2","","95.03","","","","","","Cloudy"
"-127.18","54.83","SMITHERS A","1077498","2022-03-29 08:00","2022","03","29","08:00","1.0","","-4.1","","69","","","","14","","14","","40.2","","94.98","","","","","","NA"
"-127.18","54.83","SMITHERS A","1077498","2022-03-29 09:00","2022","03","29","09:00","2.6","","-3.7","","63","","","","11","","5","","40.2","","94.94","","","","","","NA"
"-127.18","54.83","SMITHERS A","1077498","2022-03-29 10:00","2022","03","29","10:00","4.6","","-3.9","","54","","","","16","","10","","40.2","","94.88","","","","","","Mostly Cloudy"
"-127.18","54.83","SMITHERS A","1077498","2022-03-29 11:00","2022","03","29","11:00","7.2","","-3.2","","48","","","","19","","8","","40.2","","94.84","","","","","","NA"
"-127.18","54.83","SMITHERS A","1077498","2022-03-29 12:00","2022","03","29","12:00","7.9","","-3.8","","43","","","","27","","4","","40.2","","94.80","","","","","","NA"
"-127.18","54.83","SMITHERS A","1077498","2022-03-29 13:00","2022","03","29","13:00","8.9","","-3.7","","41","","","","36","","1","","40.2","","94.78","","","","","","Cloudy"
"-127.18","54.83","SMITHERS A","1077498","2022-03-29 14:00","2022","03","29","14:00","9.9","","-5.0","","35","","","","20","","5","","40.2","","94.73","","","","","","NA"
"-127.18","54.83","SMITHERS A","1077498","2022-03-29 15:00","2022","03","29","15:00","10.4","","-2.5","","40","","","","33","","12","","40.2","","94.62","","","","","","NA"
"-127.18","54.83","SMITHERS A","1077498","2022-03-29 16:00","2022","03","29","16:00","9.7","","-3.3","","40","","","","31","","11","","40.2","","94.58","","","","","","Cloudy"
"-127.18","54.83","SMITHERS A","1077498","2022-03-29 17:00","2022","03","29","17:00","9.3","","-3.3","","41","","","","28","","6","","40.2","","94.53","","","","","","NA"
"-127.18","54.83","SMITHERS A","1077498","2022-03-29 18:00","2022","03","29","18:00","8.6","","-4.2","","40","","","","2","","3","","40.2","","94.49","","","","","","NA"
"-127.18","54.83","SMITHERS A","1077498","2022-03-29 19:00","2022","03","29","19:00","6.3","","-1.2","","59","","","","25","","3","","40.2","","94.46","","","","","","Mostly Cloudy"
"-127.18","54.83","SMITHERS A","1077498","2022-03-29 20:00","2022","03","29","20:00"
"-127.18","54.83","SMITHERS A","1077498","2022-03-29 21:00","2022","03","29","21:00"
"-127.18","54.83","SMITHERS A","1077498","2022-03-29 22:00","2022","03","29","22:00"
"-127.18","54.83","SMITHERS A","1077498","2022-03-29 23:00","2022","03","29","23:00"
"-127.18","54.83","SMITHERS A","1077498","2022-03-30 00:00","2022","03","30","00:00"
"-127.18","54.83","SMITHERS A","1077498","2022-03-30 01:00","2022","03","30","01:00"
"-127.18","54.83","SMITHERS A","1077498","2022-03-30 02:00","2022","03","30","02:00"
"-127.18","54.83","SMITHERS A","1077498","2022-03-30 03:00","2022","03","30","03:00"
"-127.18","54.83","SMITHERS A","1077498","2022-03-30 04:00","2022","03","30","04:00"
"-127.18","54.83","SMITHERS A","1077498","2022-03-30 05:00","2022","03","30","05:00"
"-127.18","54.83","SMITHERS A","1077498","2022-03-30 06:00","2022","03","30","06:00","-1.5","","-3.3","","88","","","","20","","8","","40.2","","94.92","","","","-5","","NA"
"-127.18","54.83","SMITHERS A","1077498","2022-03-30 07:00","2022","03","30","07:00","1.7","","-2.7","","73","","","","5","","8","","40.2","","94.95","","","","","","Mostly Cloudy"
"-127.18","54.83","SMITHERS A","1077498","2022-03-30 08:00","2022","03","30","08:00","2.7","","-2.1","","71","","","","27","","6","","40.2","","94.99","","","","","","NA"
"-127.18","54.83","SMITHERS A","1077498","2022-03-30 09:00","2022","03","30","09:00","4.8","","-4.0","","53","","","","11","","9","","40.2","","95.03","","","","","","NA"
"-127.18","54.83","SMITHERS A","1077498","2022-03-30 10:00","2022","03","30","10:00","5.0","","-2.7","","58","","","","28","","5","","40.2","","95.06","","","","","","Mostly Cloudy"
"-127.18","54.83","SMITHERS A","1077498","2022-03-30 11:00","2022","03","30","11:00","6.3","","-4.1","","47","","","","17","","13","","40.2","","95.08","","","","","","NA"
"-127.18","54.83","SMITHERS A","1077498","2022-03-30 12:00","2022","03","30","12:00","6.5","","-4.7","","45","","","","21","","14","","40.2","","95.10","","","","","","NA"
"-127.18","54.83","SMITHERS A","1077498","2022-03-30 13:00","2022","03","30","13:00","7.1","","-5.3","","41","","","","23","","10","","40.2","","95.12","","","","","","Mostly Cloudy"
"-127.18","54.83","SMITHERS A","1077498","2022-03-30 14:00","2022","03","30","14:00","7.6","","-3.9","","44","","","","3","","12","","40.2","","95.09","","","","","","NA"
"-127.18","54.83","SMITHERS A","1077498","2022-03-30 15:00","2022","03","30","15:00","7.0","","-4.8","","43","","","","21","","19","","40.2","","95.09","","","","","","NA"
"-127.18","54.83","SMITHERS A","1077498","2022-03-30 16:00","2022","03","30","16:00","7.4","","-6.3","","37","","","","23","","7","","40.2","","95.10","","","","","","Mostly Cloudy"
"-127.18","54.83","SMITHERS A","1077498","2022-03-30 17:00","2022","03","30","17:00","6.9","","-5.3","","42","","","","27","","6","","40.2","","95.13","","","","","","NA"
"-127.18","54.83","SMITHERS A","1077498","2022-03-30 18:00","2022","03","30","18:00","5.7","","-4.0","","50","","","","31","","5","","40.2","","95.20","","","","","","NA"
"-127.18","54.83","SMITHERS A","1077498","2022-03-30 19:00","2022","03","30","19:00","4.4","","-4.1","","54","","","","4","","7","","40.2","","95.21","","","","","","Mostly Cloudy"
"-127.18","54.83","SMITHERS A","1077498","2022-03-30 20:00","2022","03","30","20:00"
"-127.18","54.83","SMITHERS A","1077498","2022-03-30 21:00","2022","03","30","21:00"
"-127.18","54.83","SMITHERS A","1077498","2022-03-30 22:00","2022","03","30","22:00"
"-127.18","54.83","SMITHERS A","1077498","2022-03-30 23:00","2022","03","30","23:00"
"-127.18","54.83","SMITHERS A","1077498","2022-03-31 00:00","2022","03","31","00:00"
"-127.18","54.83","SMITHERS A","1077498","2022-03-31 01:00","2022","03","31","01:00"
"-127.18","54.83","SMITHERS A","1077498","2022-03-31 02:00","2022","03","31","02:00"
"-127.18","54.83","SMITHERS A","1077498","2022-03-31 03:00","2022","03","31","03:00"
"-127.18","54.83","SMITHERS A","1077498","2022-03-31 04:00","2022","03","31","04:00"
"-127.18","54.83","SMITHERS A","1077498","2022-03-31 05:00","2022","03","31","05:00"
"-127.18","54.83","SMITHERS A","1077498","2022-03-31 06:00","2022","03","31","06:00","-2.9","","-3.7","","94","","","","24","","5","","40.2","","95.52","","","","-5","","NA"
"-127.18","54.83","SMITHERS A","1077498","2022-03-31 07:00","2022","03","31","07:00","-1.5","","-2.9","","91","","","","36","","2","","40.2","","95.52","","","","-2","","Mainly Clear"
"-127.18","54.83","SMITHERS A","1077498","2022-03-31 08:00","2022","03","31","08:00","0.4","","-2.2","","83","","","","18","","4","","40.2","","95.54","","","","","","NA"
"-127.18","54.83","SMITHERS A","1077498","2022-03-31 09:00","2022","03","31","09:00","3.4","","-2.6","","65","","","","9","","7","","40.2","","95.51","","","","","","NA"
"-127.18","54.83","SMITHERS A","1077498","2022-03-31 10:00","2022","03","31","10:00","4.4","","-4.0","","55","","","","36","","2","","40.2","","95.49","","","","","","Mostly Cloudy"
"-127.18","54.83","SMITHERS A","1077498","2022-03-31 11:00","2022","03","31","11:00","6.0","","-7.3","","38","","","","32","","22","","40.2","","95.43","","","","","","NA"
"-127.18","54.83","SMITHERS A","1077498","2022-03-31 12:00","2022","03","31","12:00","7.4","","-8.2","","32","","","","29","","21","","40.2","","95.43","","","","","","NA"
"-127.18","54.83","SMITHERS A","1077498","2022-03-31 13:00","2022","03","31","13:00","6.4","","-8.3","","34","","","","27","","12","","40.2","","95.40","","","","","","Mostly Cloudy"
"-127.18","54.83","SMITHERS A","1077498","2022-03-31 14:00","2022","03","31","14:00","8.2","","-7.4","","32","","","","32","","27","","40.2","","95.32","","","","","","NA"
"-127.18","54.83","SMITHERS A","1077498","2022-03-31 15:00","2022","03","31","15:00","8.0","","-7.5","","33","","","","31","","22","","40.2","","95.27","","","","","","NA"
"-127.18","54.83","SMITHERS A","1077498","2022-03-31 16:00","2022","03","31","16:00","8.3","","-6.4","","35","","","","32","","23","","40.2","","95.27","","","","","","Mostly Cloudy"
"-127.18","54.83","SMITHERS A","1077498","2022-03-31 17:00","2022","03","31","17:00","7.0","","-6.9","","36","","","","30","","16","","40.2","","95.27","","","","","","NA"
"-127.18","54.83","SMITHERS A","1077498","2022-03-31 18:00","2022","03","31","18:00","5.9","","-6.4","","41","","","","31","","15","","40.2","","95.24","","","","","","NA"
"-127.18","54.83","SMITHERS A","1077498","2022-03-31 19:00","2022","03","31","19:00","5.1","","-6.2","","44","","","","35","","7","","40.2","","95.24","","","","","","Mainly Clear"
"-127.18","54.83","SMITHERS A","1077498","2022-03-31 20:00","2022","03","31","20:00"
"-127.18","54.83","SMITHERS A","1077498","2022-03-31 21:00","2022","03","31","21:00"
"-127.18","54.83","SMITHERS A","1077498","2022-03-31 22:00","2022","03","31","22:00"
"-127.18","54.83","SMITHERS A","1077498","2022-03-31 23:00","2022","03","31","23:00"
