"Longitude (x)","Latitude (y)","Station Name","Climate ID","Date/Time (LST)","Year","Month","Day","Time (LST)","Temp (°C)","Temp Flag","Dew Point Temp (°C)","Dew Point Temp Flag","Rel Hum (%)","Rel Hum Flag","Precip. Amount (mm)","Precip. Amount Flag","Wind Dir (10s deg)","Wind Dir Flag","Wind Spd (km/h)","Wind Spd Flag","Visibility (km)","Visibility Flag","Stn Press (kPa)","Stn Press Flag","Hmdx","Hmdx Flag","Wind Chill","Wind Chill Flag","Weather"
"-119.99","74.14","NANGMAGVIK LAKE","2500440","2021-03-01 00:00","2021","03","01","00:00","-23.1","","-26.0","","77","","0.0","","31","","26","","","","101.30","","","","-36","","NA"
"-119.99","74.14","NANGMAGVIK LAKE","2500440","2021-03-01 01:00","2021","03","01","01:00","-22.7","","-25.3","","79","","0.0","","30","","36","","","","101.23","","","","-37","","NA"
"-119.99","74.14","NANGMAGVIK LAKE","2500440","2021-03-01 02:00","2021","03","01","02:00","-22.3","","-24.9","","79","","0.0","","30","","39","","","","101.25","","","","-37","","NA"
"-119.99","74.14","NANGMAGVIK LAKE","2500440","2021-03-01 03:00","2021","03","01","03:00","-22.3","","-25.0","","79","","0.0","","30","","37","","","","101.26","","","","-37","","NA"
"-119.99","74.14","NANGMAGVIK LAKE","2500440","2021-03-01 04:00","2021","03","01","04:00","-22.6","","-25.3","","78","","0.0","","30","","35","","","","101.27","","","","-37","","NA"
"-119.99","74.14","NANGMAGVIK LAKE","2500440","2021-03-01 05:00","2021","03","01","05:00","-23.1","","-25.8","","78","","0.0","","30","","33","","","","101.24","","","","-37","","NA"
"-119.99","74.14","NANGMAGVIK LAKE","2500440","2021-03-01 06:00","2021","03","01","06:00","-23.4","","-26.2","","77","","0.0","","30","","32","","","","101.22","","","","-37","","NA"
"-119.99","74.14","NANGMAGVIK LAKE","2500440","2021-03-01 07:00","2021","03","01","07:00","-23.0","","-25.9","","78","","0.0","","32","","37","","","","101.17","","","","-38","","NA"
"-119.99","74.14","NANGMAGVIK LAKE","2500440","2021-03-01 08:00","2021","03","01","08:00","-23.4","","-26.3","","77","","0.0","","31","","31","","","","101.16","","","","-37","","NA"
"-119.99","74.14","NANGMAGVIK LAKE","2500440","2021-03-01 09:00","2021","03","01","09:00","-23.4","","-26.4","","76","","0.0","","30","","25","","","","101.16","","","","-36","","NA"
"-119.99","74.14","NANGMAGVIK LAKE","2500440","2021-03-01 10:00","2021","03","01","10:00","-23.4","","-26.5","","76","","0.0","","31","","27","","","","101.15","","","","-36","","NA"
"-119.99","74.14","NANGMAGVIK LAKE","2500440","2021-03-01 11:00","2021","03","01","11:00","-23.7","","-26.8","","76","","0.0","","31","","30","","","","101.13","","","","-37","","NA"
"-119.99","74.14","NANGMAGVIK LAKE","2500440","2021-03-01 12:00","2021","03","01","12:00","-23.9","","-27.0","","76","","0.0","","30","","27","","","","101.16","","","","-37","","NA"
"-119.99","74.14","NANGMAGVIK LAKE","2500440","2021-03-01 13:00","2021","03","01","13:00","-25.0","","-28.2","","75","","0.0","","32","","26","","","","101.17","","","","-38","","NA"
"-119.99","74.14","NANGMAGVIK LAKE","2500440","2021-03-01 14:00","2021","03","01","14:00","-26.0","","-29.3","","74","","0.0","","34","","19","","","","101.20","","","","-38","","NA"
"-119.99","74.14","NANGMAGVIK LAKE","2500440","2021-03-01 15:00","2021","03","01","15:00","-26.0","","-29.3","","74","","0.0","","32","","22","","","","101.19","","","","-39","","NA"
"-119.99","74.14","NANGMAGVIK LAKE","2500440","2021-03-01 16:00","2021","03","01","16:00","-26.7","","-29.7","","75","","0.0","","1","","20","","","","101.22","","","","-39","","NA"
"-119.99","74.14","NANGMAGVIK LAKE","2500440","2021-03-01 17:00","2021","03","01","17:00","-26.0","","-29.0","","76","","0.0","","1","","21","","","","101.21","","","","-38","","NA"
"-119.99","74.14","NANGMAGVIK LAKE","2500440","2021-03-01 18:00","2021","03","01","18:00","-26.8","","-29.8","","76","","0.0","","2","","18","","","","101.18","","","","-38","","NA"
"-119.99","74.14","NANGMAGVIK LAKE","2500440","2021-03-01 19:00","2021","03","01","19:00","-27.4","","-30.4","","76","","0.0","","1","","15","","","","101.18","","","","-38","","NA"
"-119.99","74.14","NANGMAGVIK LAKE","2500440","2021-03-01 20:00","2021","03","01","20:00","-27.4","","-30.4","","75","","0.0","","2","","18","","","","101.17","","","","-39","","NA"
"-119.99","74.14","NANGMAGVIK LAKE","2500440","2021-03-01 21:00","2021","03","01","21:00","-27.3","","-30.4","","75","","0.0","","3","","17","","","","101.16","","","","-39","","NA"
"-119.99","74.14","NANGMAGVIK LAKE","2500440","2021-03-01 22:00","2021","03","01","22:00","-27.2","","-30.3","","75","","0.0","","2","","19","","","","101.17","","","","-39","","NA"
"-119.99","74.14","NANGMAGVIK LAKE","2500440","2021-03-01 23:00","2021","03","01","23:00","-27.3","","-30.4","","75","","0.0","","2","","14","","","","101.18","","","","-38","","NA"
"-119.99","74.14","NANGMAGVIK LAKE","2500440","2021-03-02 00:00","2021","03","02","00:00","-27.4","","-30.5","","75","","0.0","","2","","13","","","","101.19","","","","-37","","NA"
"-119.99","74.14","NANGMAGVIK LAKE","2500440","2021-03-02 01:00","2021","03","02","01:00","-27.5","","-30.6","","75","","0.0","","2","","11","","","","101.20","","","","-37","","NA"
"-119.99","74.14","NANGMAGVIK LAKE","2500440","2021-03-02 02:00","2021","03","02","02:00","-28.2","","-31.3","","75","","0.0","","2","","9","","","","101.22","","","","-36","","NA"
"-119.99","74.14","NANGMAGVIK LAKE","2500440","2021-03-02 03:00","2021","03","02","03:00","-29.0","","-32.0","","75","","0.0","","2","","13","","","","101.22","","","","-39","","NA"
"-119.99","74.14","NANGMAGVIK LAKE","2500440","2021-03-02 04:00","2021","03","02","04:00","-30.0","","-33.1","","74","","0.0","","3","","11","","","","101.22","","","","-40","","NA"
"-119.99","74.14","NANGMAGVIK LAKE","2500440","2021-03-02 05:00","2021","03","02","05:00","-30.4","","-33.5","","74","","0.0","","32","","3","","","","101.23","","","","-34","","NA"
"-119.99","74.14","NANGMAGVIK LAKE","2500440","2021-03-02 06:00","2021","03","02","06:00","-30.1","","-33.3","","74","","0.0","","30","","1","","","","101.25","","","","-31","","NA"
"-119.99","74.14","NANGMAGVIK LAKE","2500440","2021-03-02 07:00","2021","03","02","07:00","-31.1","","-34.3","","74","","0.0","","10","","2","","","","101.24","","","","-33","","NA"
"-119.99","74.14","NANGMAGVIK LAKE","2500440","2021-03-02 08:00","2021","03","02","08:00","-31.5","","-34.7","","73","","0.0","","35","","3","","","","101.24","","","","-35","","NA"
"-119.99","74.14","NANGMAGVIK LAKE","2500440","2021-03-02 09:00","2021","03","02","09:00","-31.7","","-34.9","","73","","0.0","","30","","4","","","","101.26","","","","-36","","NA"
"-119.99","74.14","NANGMAGVIK LAKE","2500440","2021-03-02 10:00","2021","03","02","10:00","-32.7","","-36.0","","72","","0.0","","4","","1","","","","101.28","","","","-34","","NA"
"-119.99","74.14","NANGMAGVIK LAKE","2500440","2021-03-02 11:00","2021","03","02","11:00","-32.0","","-35.3","","72","","0.0","","10","","4","","","","101.29","","","","-37","","NA"
"-119.99","74.14","NANGMAGVIK LAKE","2500440","2021-03-02 12:00","2021","03","02","12:00","-31.1","","-34.4","","72","","0.0","","29","","5","","","","101.31","","","","-37","","NA"
"-119.99","74.14","NANGMAGVIK LAKE","2500440","2021-03-02 13:00","2021","03","02","13:00","-26.5","","-29.5","","76","","0.0","","18","","6","","","","101.30","","","","-32","","NA"
"-119.99","74.14","NANGMAGVIK LAKE","2500440","2021-03-02 14:00","2021","03","02","14:00","-27.1","","-30.7","","72","","0.0","","9","","32","","","","101.26","","","","-42","","NA"
"-119.99","74.14","NANGMAGVIK LAKE","2500440","2021-03-02 15:00","2021","03","02","15:00","-27.6","","-32.8","","61","","0.0","","11","","7","","","","101.30","","","","-34","","NA"
"-119.99","74.14","NANGMAGVIK LAKE","2500440","2021-03-02 16:00","2021","03","02","16:00","-29.9","","-34.4","","65","","0.0","","32","","10","","","","101.35","","","","-39","","NA"
"-119.99","74.14","NANGMAGVIK LAKE","2500440","2021-03-02 17:00","2021","03","02","17:00","-31.5","","-35.6","","67","","0.0","","28","","5","","","","101.38","","","","-37","","NA"
"-119.99","74.14","NANGMAGVIK LAKE","2500440","2021-03-02 18:00","2021","03","02","18:00","-33.0","","-36.7","","69","","0.0","","7","","2","","","","101.40","","","","-35","","NA"
"-119.99","74.14","NANGMAGVIK LAKE","2500440","2021-03-02 19:00","2021","03","02","19:00","-33.7","","-37.5","","69","","0.0","","0","","1","","","","101.40","","","","-35","","NA"
"-119.99","74.14","NANGMAGVIK LAKE","2500440","2021-03-02 20:00","2021","03","02","20:00","-34.7","","-38.2","","71","","0.0","","31","","4","","","","101.43","","","","-40","","NA"
"-119.99","74.14","NANGMAGVIK LAKE","2500440","2021-03-02 21:00","2021","03","02","21:00","-34.7","","-38.2","","70","","0.0","","0","","1","","","","101.43","","","","-36","","NA"
"-119.99","74.14","NANGMAGVIK LAKE","2500440","2021-03-02 22:00","2021","03","02","22:00","-36.8","","-40.5","","69","","0.0","","14","","8","","","","101.49","","","","-46","","NA"
"-119.99","74.14","NANGMAGVIK LAKE","2500440","2021-03-02 23:00","2021","03","02","23:00","-36.8","","-40.7","","67","","0.0","","0","","1","","","","101.55","","","","-38","","NA"
"-119.99","74.14","NANGMAGVIK LAKE","2500440","2021-03-03 00:00","2021","03","03","00:00","-37.9","","-41.6","","68","","0.0","","16","","7","","","","101.59","","","","-46","","NA"
"-119.99","74.14","NANGMAGVIK LAKE","2500440","2021-03-03 01:00","2021","03","03","01:00","-39.1","","-42.8","","68","","0.0","","15","","9","","","","101.64","","","","-49","","NA"
"-119.99","74.14","NANGMAGVIK LAKE","2500440","2021-03-03 02:00","2021","03","03","02:00","-38.7","","-42.4","","68","","0.0","","17","","10","","","","101.69","","","","-50","","NA"
"-119.99","74.14","NANGMAGVIK LAKE","2500440","2021-03-03 03:00","2021","03","03","03:00","-40.5","","-44.0","","69","","0.0","","16","","10","","","","101.69","","","","-52","","NA"
"-119.99","74.14","NANGMAGVIK LAKE","2500440","2021-03-03 04:00","2021","03","03","04:00"
"-119.99","74.14","NANGMAGVIK LAKE","2500440","2021-03-03 05:00","2021","03","03","05:00","-40.8","","-44.5","","68","","0.0","","15","","12","","","","101.79","","","","-53","","NA"
"-119.99","74.14","NANGMAGVIK LAKE","2500440","2021-03-03 06:00","2021","03","03","06:00","-41.7","","-45.4","","67","","0.0","","15","","12","","","","101.84","","","","-54","","NA"
"-119.99","74.14","NANGMAGVIK LAKE","2500440","2021-03-03 07:00","2021","03","03","07:00","-41.9","","-45.8","","66","","0.0","","15","","10","","","","101.86","","","","-53","","NA"
"-119.99","74.14","NANGMAGVIK LAKE","2500440","2021-03-03 08:00","2021","03","03","08:00","-41.9","","-45.7","","66","","0.0","","15","","15","","","","101.88","","","","-56","","NA"
"-119.99","74.14","NANGMAGVIK LAKE","2500440","2021-03-03 09:00","2021","03","03","09:00","-41.7","","-45.6","","66","","0.0","","15","","12","","","","101.93","","","","-54","","NA"
"-119.99","74.14","NANGMAGVIK LAKE","2500440","2021-03-03 10:00","2021","03","03","10:00","-41.2","","-45.4","","64","","0.0","","15","","11","","","","101.96","","","","-53","","NA"
"-119.99","74.14","NANGMAGVIK LAKE","2500440","2021-03-03 11:00","2021","03","03","11:00","-40.2","","-44.6","","63","","0.0","","14","","16","","","","101.99","","","","-54","","NA"
"-119.99","74.14","NANGMAGVIK LAKE","2500440","2021-03-03 12:00","2021","03","03","12:00","-39.4","","-44.0","","62","","0.0","","15","","16","","","","102.04","","","","-53","","NA"
"-119.99","74.14","NANGMAGVIK LAKE","2500440","2021-03-03 13:00","2021","03","03","13:00","-38.9","","-43.6","","61","","0.0","","14","","12","","","","102.08","","","","-51","","NA"
"-119.99","74.14","NANGMAGVIK LAKE","2500440","2021-03-03 14:00","2021","03","03","14:00","-38.3","","-42.9","","62","","0.0","","15","","14","","","","102.13","","","","-51","","NA"
"-119.99","74.14","NANGMAGVIK LAKE","2500440","2021-03-03 15:00","2021","03","03","15:00","-38.7","","-43.4","","61","","0.0","","15","","16","","","","102.20","","","","-53","","NA"
"-119.99","74.14","NANGMAGVIK LAKE","2500440","2021-03-03 16:00","2021","03","03","16:00","-36.0","","-40.9","","61","","0.0","","16","","21","","","","102.27","","","","-51","","NA"
"-119.99","74.14","NANGMAGVIK LAKE","2500440","2021-03-03 17:00","2021","03","03","17:00","-38.3","","-42.8","","62","","0.0","","15","","16","","","","102.31","","","","-52","","NA"
"-119.99","74.14","NANGMAGVIK LAKE","2500440","2021-03-03 18:00","2021","03","03","18:00","-38.5","","-42.8","","64","","0.0","","15","","21","","","","102.38","","","","-54","","NA"
"-119.99","74.14","NANGMAGVIK LAKE","2500440","2021-03-03 19:00","2021","03","03","19:00","-38.8","","-43.2","","64","","0.0","","15","","15","","","","102.48","","","","-52","","NA"
"-119.99","74.14","NANGMAGVIK LAKE","2500440","2021-03-03 20:00","2021","03","03","20:00","-38.0","","-42.4","","63","","0.0","","16","","16","","","","102.57","","","","-52","","NA"
"-119.99","74.14","NANGMAGVIK LAKE","2500440","2021-03-03 21:00","2021","03","03","21:00","-38.4","","-42.7","","64","","0.0","","14","","20","","","","102.65","","","","-54","","NA"
"-119.99","74.14","NANGMAGVIK LAKE","2500440","2021-03-03 22:00","2021","03","03","22:00","-38.5","","-42.6","","65","","0.0","","14","","17","","","","102.72","","","","-53","","NA"
"-119.99","74.14","NANGMAGVIK LAKE","2500440","2021-03-03 23:00","2021","03","03","23:00","-38.7","","-42.8","","65","","0.0","","14","","22","","","","102.77","","","","-55","","NA"
"-119.99","74.14","NANGMAGVIK LAKE","2500440","2021-03-04 00:00","2021","03","04","00:00","-37.2","","-41.5","","64","","0.0","","16","","20","","","","102.88","","","","-52","","NA"
"-119.99","74.14","NANGMAGVIK LAKE","2500440","2021-03-04 01:00","2021","03","04","01:00","-38.7","","-43.0","","64","","0.0","","14","","24","","","","102.94","","","","-55","","NA"
"-119.99","74.14","NANGMAGVIK LAKE","2500440","2021-03-04 02:00","2021","03","04","02:00","-38.5","","-42.8","","63","","0.0","","16","","26","","","","103.04","","","","-56","","NA"
"-119.99","74.14","NANGMAGVIK LAKE","2500440","2021-03-04 03:00","2021","03","04","03:00","-38.5","","-42.8","","64","","0.0","","15","","19","","","","103.12","","","","-53","","NA"
"-119.99","74.14","NANGMAGVIK LAKE","2500440","2021-03-04 04:00","2021","03","04","04:00","-38.8","","-43.1","","63","","0.0","","15","","24","","","","103.18","","","","-55","","NA"
"-119.99","74.14","NANGMAGVIK LAKE","2500440","2021-03-04 05:00","2021","03","04","05:00","-38.5","","-42.8","","63","","0.0","","16","","23","","","","103.23","","","","-55","","NA"
"-119.99","74.14","NANGMAGVIK LAKE","2500440","2021-03-04 06:00","2021","03","04","06:00","-37.8","","-42.3","","63","","0.0","","16","","23","","","","103.29","","","","-54","","NA"
"-119.99","74.14","NANGMAGVIK LAKE","2500440","2021-03-04 07:00","2021","03","04","07:00","-37.6","","-41.9","","64","","0.0","","16","","23","","","","103.33","","","","-54","","NA"
"-119.99","74.14","NANGMAGVIK LAKE","2500440","2021-03-04 08:00","2021","03","04","08:00","-38.3","","-42.6","","64","","0.0","","16","","26","","","","103.38","","","","-55","","NA"
"-119.99","74.14","NANGMAGVIK LAKE","2500440","2021-03-04 09:00","2021","03","04","09:00","-38.3","","-42.5","","64","","0.0","","14","","23","","","","103.39","","","","-55","","NA"
"-119.99","74.14","NANGMAGVIK LAKE","2500440","2021-03-04 10:00","2021","03","04","10:00","-37.1","","-41.6","","63","","0.0","","15","","22","","","","103.40","","","","-53","","NA"
"-119.99","74.14","NANGMAGVIK LAKE","2500440","2021-03-04 11:00","2021","03","04","11:00","-36.0","","-40.6","","63","","0.0","","17","","22","","","","103.42","","","","-51","","NA"
"-119.99","74.14","NANGMAGVIK LAKE","2500440","2021-03-04 12:00","2021","03","04","12:00","-35.3","","-40.1","","61","","0.0","","17","","29","","","","103.43","","","","-52","","NA"
"-119.99","74.14","NANGMAGVIK LAKE","2500440","2021-03-04 13:00","2021","03","04","13:00","-35.7","","-40.3","","62","","0.0","","15","","13","","","","103.47","","","","-48","","NA"
"-119.99","74.14","NANGMAGVIK LAKE","2500440","2021-03-04 14:00","2021","03","04","14:00","-34.4","","-39.4","","61","","0.0","","16","","16","","","","103.47","","","","-47","","NA"
"-119.99","74.14","NANGMAGVIK LAKE","2500440","2021-03-04 15:00","2021","03","04","15:00","-34.5","","-39.5","","61","","0.0","","16","","18","","","","103.46","","","","-48","","NA"
"-119.99","74.14","NANGMAGVIK LAKE","2500440","2021-03-04 16:00","2021","03","04","16:00","-35.5","","-40.3","","61","","0.0","","14","","16","","","","103.42","","","","-49","","NA"
"-119.99","74.14","NANGMAGVIK LAKE","2500440","2021-03-04 17:00","2021","03","04","17:00","-36.2","","-40.9","","62","","0.0","","14","","19","","","","103.40","","","","-51","","NA"
"-119.99","74.14","NANGMAGVIK LAKE","2500440","2021-03-04 18:00","2021","03","04","18:00","-35.9","","-40.8","","61","","0.0","","13","","18","","","","103.36","","","","-50","","NA"
"-119.99","74.14","NANGMAGVIK LAKE","2500440","2021-03-04 19:00","2021","03","04","19:00","-35.8","","-40.8","","60","","0.0","","14","","16","","","","103.35","","","","-49","","NA"
"-119.99","74.14","NANGMAGVIK LAKE","2500440","2021-03-04 20:00","2021","03","04","20:00","-35.9","","-40.8","","61","","0.0","","14","","12","","","","103.29","","","","-47","","NA"
"-119.99","74.14","NANGMAGVIK LAKE","2500440","2021-03-04 21:00","2021","03","04","21:00","-34.6","","-40.1","","57","","0.0","","15","","7","","","","103.25","","","","-43","","NA"
"-119.99","74.14","NANGMAGVIK LAKE","2500440","2021-03-04 22:00","2021","03","04","22:00","-35.9","","-41.1","","58","","0.0","","16","","8","","","","103.19","","","","-45","","NA"
"-119.99","74.14","NANGMAGVIK LAKE","2500440","2021-03-04 23:00","2021","03","04","23:00","-34.5","","-40.0","","57","","0.0","","14","","8","","","","103.13","","","","-43","","NA"
"-119.99","74.14","NANGMAGVIK LAKE","2500440","2021-03-05 00:00","2021","03","05","00:00","-35.1","","-40.7","","56","","0.0","","19","","2","","","","103.06","","","","-38","","NA"
"-119.99","74.14","NANGMAGVIK LAKE","2500440","2021-03-05 01:00","2021","03","05","01:00","-35.9","","-40.6","","62","","0.0","","0","","1","","","","103.00","","","","-37","","NA"
"-119.99","74.14","NANGMAGVIK LAKE","2500440","2021-03-05 02:00","2021","03","05","02:00","-38.3","","-43.0","","61","","0.0","","16","","6","","","","102.94","","","","-46","","NA"
"-119.99","74.14","NANGMAGVIK LAKE","2500440","2021-03-05 03:00","2021","03","05","03:00","-37.9","","-42.5","","62","","0.0","","19","","2","","","","102.84","","","","-41","","NA"
"-119.99","74.14","NANGMAGVIK LAKE","2500440","2021-03-05 04:00","2021","03","05","04:00","-37.1","","-41.6","","63","","0.0","","27","","3","","","","102.75","","","","-41","","NA"
"-119.99","74.14","NANGMAGVIK LAKE","2500440","2021-03-05 05:00","2021","03","05","05:00","-37.3","","-41.7","","63","","0.0","","34","","4","","","","102.68","","","","-43","","NA"
"-119.99","74.14","NANGMAGVIK LAKE","2500440","2021-03-05 06:00","2021","03","05","06:00","-37.3","","-41.5","","65","","0.0","","35","","2","","","","102.58","","","","-40","","NA"
"-119.99","74.14","NANGMAGVIK LAKE","2500440","2021-03-05 07:00","2021","03","05","07:00","-37.3","","-41.3","","67","","0.0","","34","","3","","","","102.46","","","","-41","","NA"
"-119.99","74.14","NANGMAGVIK LAKE","2500440","2021-03-05 08:00","2021","03","05","08:00","-37.2","","-41.2","","66","","0.0","","3","","6","","","","102.35","","","","-45","","NA"
"-119.99","74.14","NANGMAGVIK LAKE","2500440","2021-03-05 09:00","2021","03","05","09:00","-38.1","","-42.1","","66","","0.0","","15","","5","","","","102.29","","","","-45","","NA"
"-119.99","74.14","NANGMAGVIK LAKE","2500440","2021-03-05 10:00","2021","03","05","10:00","-36.4","","-40.8","","64","","0.0","","24","","2","","","","102.17","","","","-39","","NA"
"-119.99","74.14","NANGMAGVIK LAKE","2500440","2021-03-05 11:00","2021","03","05","11:00","-34.4","","-39.3","","61","","0.2","","25","","5","","","","102.05","","","","-41","","NA"
"-119.99","74.14","NANGMAGVIK LAKE","2500440","2021-03-05 12:00","2021","03","05","12:00","-23.9","","-28.4","","66","","0.0","","10","","30","","","","101.83","","","","-38","","NA"
"-119.99","74.14","NANGMAGVIK LAKE","2500440","2021-03-05 13:00","2021","03","05","13:00","-22.4","","-28.7","","56","","0.0","","10","","27","","","","101.78","","","","-35","","NA"
"-119.99","74.14","NANGMAGVIK LAKE","2500440","2021-03-05 14:00","2021","03","05","14:00","-23.4","","-30.5","","52","","0.0","","2","","11","","","","101.72","","","","-32","","NA"
"-119.99","74.14","NANGMAGVIK LAKE","2500440","2021-03-05 15:00","2021","03","05","15:00","-26.5","","-32.4","","57","","0.0","","33","","7","","","","101.68","","","","-33","","NA"
"-119.99","74.14","NANGMAGVIK LAKE","2500440","2021-03-05 16:00","2021","03","05","16:00","-26.7","","-32.2","","60","","0.0","","34","","16","","","","101.58","","","","-38","","NA"
"-119.99","74.14","NANGMAGVIK LAKE","2500440","2021-03-05 17:00","2021","03","05","17:00","-32.0","","-36.5","","64","","0.0","","31","","10","","","","101.53","","","","-42","","NA"
"-119.99","74.14","NANGMAGVIK LAKE","2500440","2021-03-05 18:00","2021","03","05","18:00","-27.6","","-33.8","","56","","0.0","","6","","33","","","","101.37","","","","-43","","NA"
"-119.99","74.14","NANGMAGVIK LAKE","2500440","2021-03-05 19:00","2021","03","05","19:00","-31.8","","-36.3","","64","","0.0","","36","","13","","","","101.35","","","","-43","","NA"
"-119.99","74.14","NANGMAGVIK LAKE","2500440","2021-03-05 20:00","2021","03","05","20:00","-32.4","","-36.6","","67","","0.0","","1","","16","","","","101.28","","","","-45","","NA"
"-119.99","74.14","NANGMAGVIK LAKE","2500440","2021-03-05 21:00","2021","03","05","21:00","-32.5","","-36.5","","67","","0.0","","2","","7","","","","101.23","","","","-40","","NA"
"-119.99","74.14","NANGMAGVIK LAKE","2500440","2021-03-05 22:00","2021","03","05","22:00","-31.6","","-35.6","","67","","0.0","","2","","16","","","","101.14","","","","-44","","NA"
"-119.99","74.14","NANGMAGVIK LAKE","2500440","2021-03-05 23:00","2021","03","05","23:00","-30.7","","-34.4","","70","","0.0","","6","","25","","","","101.05","","","","-45","","NA"
"-119.99","74.14","NANGMAGVIK LAKE","2500440","2021-03-06 00:00","2021","03","06","00:00","-31.8","","-35.4","","71","","0.0","","5","","31","","","","101.00","","","","-48","","NA"
"-119.99","74.14","NANGMAGVIK LAKE","2500440","2021-03-06 01:00","2021","03","06","01:00","-30.9","","-34.5","","71","","0.0","","6","","24","","","","100.99","","","","-45","","NA"
"-119.99","74.14","NANGMAGVIK LAKE","2500440","2021-03-06 02:00","2021","03","06","02:00","-30.8","","-34.3","","71","","0.0","","4","","19","","","","101.03","","","","-44","","NA"
"-119.99","74.14","NANGMAGVIK LAKE","2500440","2021-03-06 03:00","2021","03","06","03:00","-29.5","","-33.0","","71","","0.0","","5","","14","","","","100.98","","","","-40","","NA"
"-119.99","74.14","NANGMAGVIK LAKE","2500440","2021-03-06 04:00","2021","03","06","04:00","-29.2","","-32.5","","73","","0.0","","6","","17","","","","100.92","","","","-41","","NA"
"-119.99","74.14","NANGMAGVIK LAKE","2500440","2021-03-06 05:00","2021","03","06","05:00","-28.5","","-31.9","","72","","0.0","","7","","50","","","","100.80","","","","-47","","NA"
"-119.99","74.14","NANGMAGVIK LAKE","2500440","2021-03-06 06:00","2021","03","06","06:00","-28.1","","-31.7","","71","","0.0","","5","","29","","","","100.87","","","","-43","","NA"
"-119.99","74.14","NANGMAGVIK LAKE","2500440","2021-03-06 07:00","2021","03","06","07:00","-27.6","","-30.8","","74","","0.0","","6","","22","","","","100.83","","","","-41","","NA"
"-119.99","74.14","NANGMAGVIK LAKE","2500440","2021-03-06 08:00","2021","03","06","08:00","-26.8","","-30.2","","74","","0.0","","6","","39","","","","100.75","","","","-43","","NA"
"-119.99","74.14","NANGMAGVIK LAKE","2500440","2021-03-06 09:00","2021","03","06","09:00","-26.1","","-29.3","","74","","0.0","","6","","29","","","","100.73","","","","-40","","NA"
"-119.99","74.14","NANGMAGVIK LAKE","2500440","2021-03-06 10:00","2021","03","06","10:00","-25.3","","-28.4","","76","","0.0","","6","","31","","","","100.69","","","","-40","","NA"
"-119.99","74.14","NANGMAGVIK LAKE","2500440","2021-03-06 11:00","2021","03","06","11:00","-25.1","","-28.3","","75","","0.0","","6","","34","","","","100.66","","","","-40","","NA"
"-119.99","74.14","NANGMAGVIK LAKE","2500440","2021-03-06 12:00","2021","03","06","12:00","-24.8","","-28.1","","74","","0.0","","7","","43","","","","100.63","","","","-41","","NA"
"-119.99","74.14","NANGMAGVIK LAKE","2500440","2021-03-06 13:00","2021","03","06","13:00","-24.1","","-27.2","","75","","0.0","","6","","41","","","","100.62","","","","-40","","NA"
"-119.99","74.14","NANGMAGVIK LAKE","2500440","2021-03-06 14:00","2021","03","06","14:00","-23.2","","-26.2","","77","","0.0","","7","","40","","","","100.59","","","","-38","","NA"
"-119.99","74.14","NANGMAGVIK LAKE","2500440","2021-03-06 15:00","2021","03","06","15:00","-23.1","","-26.0","","77","","0.0","","7","","49","","","","100.59","","","","-40","","NA"
"-119.99","74.14","NANGMAGVIK LAKE","2500440","2021-03-06 16:00","2021","03","06","16:00","-22.9","","-26.0","","76","","0.0","","7","","40","","","","100.62","","","","-38","","NA"
"-119.99","74.14","NANGMAGVIK LAKE","2500440","2021-03-06 17:00","2021","03","06","17:00","-23.1","","-26.2","","76","","0.0","","8","","36","","","","100.65","","","","-38","","NA"
"-119.99","74.14","NANGMAGVIK LAKE","2500440","2021-03-06 18:00","2021","03","06","18:00","-23.2","","-26.2","","76","","0.0","","7","","38","","","","100.64","","","","-38","","NA"
"-119.99","74.14","NANGMAGVIK LAKE","2500440","2021-03-06 19:00","2021","03","06","19:00","-23.5","","-26.5","","76","","0.0","","7","","40","","","","100.62","","","","-39","","NA"
"-119.99","74.14","NANGMAGVIK LAKE","2500440","2021-03-06 20:00","2021","03","06","20:00","-23.6","","-26.8","","76","","0.0","","7","","34","","","","100.62","","","","-38","","NA"
"-119.99","74.14","NANGMAGVIK LAKE","2500440","2021-03-06 21:00","2021","03","06","21:00","-23.8","","-27.0","","75","","0.0","","6","","27","","","","100.64","","","","-37","","NA"
"-119.99","74.14","NANGMAGVIK LAKE","2500440","2021-03-06 22:00","2021","03","06","22:00","-24.3","","-27.6","","74","","0.0","","7","","24","","","","100.63","","","","-37","","NA"
"-119.99","74.14","NANGMAGVIK LAKE","2500440","2021-03-06 23:00","2021","03","06","23:00","-25.9","","-29.1","","74","","0.0","","6","","17","","","","100.63","","","","-37","","NA"
"-119.99","74.14","NANGMAGVIK LAKE","2500440","2021-03-07 00:00","2021","03","07","00:00","-25.8","","-29.0","","74","","0.0","","5","","17","","","","100.64","","","","-37","","NA"
"-119.99","74.14","NANGMAGVIK LAKE","2500440","2021-03-07 01:00","2021","03","07","01:00","-25.6","","-29.0","","73","","0.0","","6","","21","","","","100.65","","","","-38","","NA"
"-119.99","74.14","NANGMAGVIK LAKE","2500440","2021-03-07 02:00","2021","03","07","02:00","-26.7","","-29.5","","77","","0.0","","3","","16","","","","100.62","","","","-38","","NA"
"-119.99","74.14","NANGMAGVIK LAKE","2500440","2021-03-07 03:00","2021","03","07","03:00","-24.7","","-27.9","","75","","0.0","","1","","20","","","","100.62","","","","-36","","NA"
"-119.99","74.14","NANGMAGVIK LAKE","2500440","2021-03-07 04:00","2021","03","07","04:00","-26.0","","-28.8","","77","","0.0","","2","","14","","","","100.60","","","","-36","","NA"
"-119.99","74.14","NANGMAGVIK LAKE","2500440","2021-03-07 05:00","2021","03","07","05:00","-24.4","","-27.4","","76","","0.0","","6","","14","","","","100.59","","","","-34","","NA"
"-119.99","74.14","NANGMAGVIK LAKE","2500440","2021-03-07 06:00","2021","03","07","06:00","-24.7","","-27.8","","75","","0.3","","5","","16","","","","100.59","","","","-35","","NA"
"-119.99","74.14","NANGMAGVIK LAKE","2500440","2021-03-07 07:00","2021","03","07","07:00","-24.4","","-27.6","","75","","0.0","","5","","14","","","","100.62","","","","-34","","NA"
"-119.99","74.14","NANGMAGVIK LAKE","2500440","2021-03-07 08:00","2021","03","07","08:00","-24.6","","-27.6","","76","","0.0","","3","","5","","","","100.62","","","","-29","","NA"
"-119.99","74.14","NANGMAGVIK LAKE","2500440","2021-03-07 09:00","2021","03","07","09:00","-24.3","","-27.2","","77","","0.2","","1","","9","","","","100.62","","","","-32","","NA"
"-119.99","74.14","NANGMAGVIK LAKE","2500440","2021-03-07 10:00","2021","03","07","10:00","-23.5","","-26.4","","77","","0.0","","2","","19","","","","100.59","","","","-35","","NA"
"-119.99","74.14","NANGMAGVIK LAKE","2500440","2021-03-07 11:00","2021","03","07","11:00","-23.3","","-26.4","","76","","0.0","","2","","21","","","","100.59","","","","-35","","NA"
"-119.99","74.14","NANGMAGVIK LAKE","2500440","2021-03-07 12:00","2021","03","07","12:00","-23.4","","-26.2","","78","","0.0","","36","","19","","","","100.61","","","","-34","","NA"
"-119.99","74.14","NANGMAGVIK LAKE","2500440","2021-03-07 13:00","2021","03","07","13:00","-24.5","","-27.5","","76","","0.0","","34","","24","","","","100.64","","","","-37","","NA"
"-119.99","74.14","NANGMAGVIK LAKE","2500440","2021-03-07 14:00","2021","03","07","14:00","-25.4","","-28.4","","76","","0.0","","34","","24","","","","100.70","","","","-38","","NA"
"-119.99","74.14","NANGMAGVIK LAKE","2500440","2021-03-07 15:00","2021","03","07","15:00","-25.5","","-28.7","","75","","0.0","","34","","26","","","","100.77","","","","-39","","NA"
"-119.99","74.14","NANGMAGVIK LAKE","2500440","2021-03-07 16:00","2021","03","07","16:00","-26.2","","-29.4","","74","","0.0","","34","","21","","","","100.82","","","","-39","","NA"
"-119.99","74.14","NANGMAGVIK LAKE","2500440","2021-03-07 17:00","2021","03","07","17:00","-26.6","","-29.8","","74","","0.0","","35","","28","","","","100.85","","","","-41","","NA"
"-119.99","74.14","NANGMAGVIK LAKE","2500440","2021-03-07 18:00","2021","03","07","18:00","-27.4","","-30.6","","74","","0.0","","34","","32","","","","100.89","","","","-43","","NA"
"-119.99","74.14","NANGMAGVIK LAKE","2500440","2021-03-07 19:00","2021","03","07","19:00","-27.9","","-31.1","","74","","0.0","","33","","32","","","","100.94","","","","-43","","NA"
"-119.99","74.14","NANGMAGVIK LAKE","2500440","2021-03-07 20:00","2021","03","07","20:00","-29.3","","-32.5","","73","","0.0","","32","","25","","","","101.01","","","","-44","","NA"
"-119.99","74.14","NANGMAGVIK LAKE","2500440","2021-03-07 21:00","2021","03","07","21:00","-29.2","","-32.4","","74","","0.0","","32","","30","","","","101.00","","","","-45","","NA"
"-119.99","74.14","NANGMAGVIK LAKE","2500440","2021-03-07 22:00","2021","03","07","22:00","-30.1","","-33.4","","73","","0.0","","32","","29","","","","101.08","","","","-46","","NA"
"-119.99","74.14","NANGMAGVIK LAKE","2500440","2021-03-07 23:00","2021","03","07","23:00","-30.3","","-33.6","","73","","0.0","","33","","25","","","","101.11","","","","-45","","NA"
"-119.99","74.14","NANGMAGVIK LAKE","2500440","2021-03-08 00:00","2021","03","08","00:00","-31.2","","-34.5","","72","","0.0","","32","","24","","","","101.19","","","","-46","","NA"
"-119.99","74.14","NANGMAGVIK LAKE","2500440","2021-03-08 01:00","2021","03","08","01:00","-31.5","","-35.0","","71","","0.0","","33","","23","","","","101.26","","","","-46","","NA"
"-119.99","74.14","NANGMAGVIK LAKE","2500440","2021-03-08 02:00","2021","03","08","02:00","-32.2","","-35.7","","71","","0.0","","32","","18","","","","101.32","","","","-45","","NA"
"-119.99","74.14","NANGMAGVIK LAKE","2500440","2021-03-08 03:00","2021","03","08","03:00","-32.3","","-35.7","","71","","0.0","","31","","25","","","","101.37","","","","-47","","NA"
"-119.99","74.14","NANGMAGVIK LAKE","2500440","2021-03-08 04:00","2021","03","08","04:00","-32.3","","-35.8","","71","","0.0","","31","","29","","","","101.38","","","","-48","","NA"
"-119.99","74.14","NANGMAGVIK LAKE","2500440","2021-03-08 05:00","2021","03","08","05:00","-32.0","","-35.4","","72","","0.0","","31","","29","","","","101.42","","","","-48","","NA"
"-119.99","74.14","NANGMAGVIK LAKE","2500440","2021-03-08 06:00","2021","03","08","06:00","-32.4","","-35.9","","71","","0.0","","30","","25","","","","101.45","","","","-48","","NA"
"-119.99","74.14","NANGMAGVIK LAKE","2500440","2021-03-08 07:00","2021","03","08","07:00","-32.6","","-36.1","","71","","0.0","","30","","28","","","","101.46","","","","-49","","NA"
"-119.99","74.14","NANGMAGVIK LAKE","2500440","2021-03-08 08:00","2021","03","08","08:00","-33.0","","-36.6","","70","","0.0","","30","","32","","","","101.49","","","","-50","","NA"
"-119.99","74.14","NANGMAGVIK LAKE","2500440","2021-03-08 09:00","2021","03","08","09:00","-33.1","","-36.7","","70","","0.0","","30","","27","","","","101.54","","","","-49","","NA"
"-119.99","74.14","NANGMAGVIK LAKE","2500440","2021-03-08 10:00","2021","03","08","10:00","-32.9","","-36.7","","69","","0.0","","31","","28","","","","101.56","","","","-49","","NA"
"-119.99","74.14","NANGMAGVIK LAKE","2500440","2021-03-08 11:00","2021","03","08","11:00","-32.9","","-36.8","","68","","0.0","","31","","26","","","","101.57","","","","-48","","NA"
"-119.99","74.14","NANGMAGVIK LAKE","2500440","2021-03-08 12:00","2021","03","08","12:00","-32.5","","-36.5","","68","","0.0","","31","","23","","","","101.60","","","","-47","","NA"
"-119.99","74.14","NANGMAGVIK LAKE","2500440","2021-03-08 13:00","2021","03","08","13:00","-32.1","","-36.0","","68","","0.0","","31","","16","","","","101.64","","","","-44","","NA"
"-119.99","74.14","NANGMAGVIK LAKE","2500440","2021-03-08 14:00","2021","03","08","14:00","-31.9","","-35.8","","68","","0.2","","31","","17","","","","101.68","","","","-44","","NA"
"-119.99","74.14","NANGMAGVIK LAKE","2500440","2021-03-08 15:00","2021","03","08","15:00","-32.1","","-36.0","","68","","0.0","","30","","20","","","","101.74","","","","-46","","NA"
"-119.99","74.14","NANGMAGVIK LAKE","2500440","2021-03-08 16:00","2021","03","08","16:00","-31.7","","-35.6","","69","","0.0","","35","","10","","","","101.80","","","","-41","","NA"
"-119.99","74.14","NANGMAGVIK LAKE","2500440","2021-03-08 17:00","2021","03","08","17:00","-32.2","","-36.1","","68","","0.0","","29","","18","","","","101.80","","","","-45","","NA"
"-119.99","74.14","NANGMAGVIK LAKE","2500440","2021-03-08 18:00","2021","03","08","18:00","-32.0","","-35.6","","70","","0.0","","33","","8","","","","101.82","","","","-40","","NA"
"-119.99","74.14","NANGMAGVIK LAKE","2500440","2021-03-08 19:00","2021","03","08","19:00","-31.6","","-35.0","","71","","0.0","","35","","10","","","","101.83","","","","-41","","NA"
"-119.99","74.14","NANGMAGVIK LAKE","2500440","2021-03-08 20:00","2021","03","08","20:00","-33.0","","-36.4","","72","","0.0","","1","","8","","","","101.83","","","","-41","","NA"
"-119.99","74.14","NANGMAGVIK LAKE","2500440","2021-03-08 21:00","2021","03","08","21:00","-33.5","","-36.9","","71","","0.0","","29","","3","","","","101.81","","","","-37","","NA"
"-119.99","74.14","NANGMAGVIK LAKE","2500440","2021-03-08 22:00","2021","03","08","22:00","-34.0","","-37.5","","71","","0.0","","30","","4","","","","101.82","","","","-39","","NA"
"-119.99","74.14","NANGMAGVIK LAKE","2500440","2021-03-08 23:00","2021","03","08","23:00","-34.7","","-38.2","","71","","0.0","","23","","2","","","","101.78","","","","-37","","NA"
"-119.99","74.14","NANGMAGVIK LAKE","2500440","2021-03-09 00:00","2021","03","09","00:00","-35.6","","-39.1","","70","","0.0","","32","","1","","","","101.78","","","","-37","","NA"
"-119.99","74.14","NANGMAGVIK LAKE","2500440","2021-03-09 01:00","2021","03","09","01:00","-32.4","","-35.6","","74","","0.0","","3","","8","","","","101.76","","","","-41","","NA"
"-119.99","74.14","NANGMAGVIK LAKE","2500440","2021-03-09 02:00","2021","03","09","02:00","-31.2","","-34.6","","72","","0.0","","35","","9","","","","101.73","","","","-40","","NA"
"-119.99","74.14","NANGMAGVIK LAKE","2500440","2021-03-09 03:00","2021","03","09","03:00","-32.0","","-35.5","","71","","0.0","","36","","16","","","","101.75","","","","-44","","NA"
"-119.99","74.14","NANGMAGVIK LAKE","2500440","2021-03-09 04:00","2021","03","09","04:00","-33.4","","-36.8","","71","","0.0","","36","","20","","","","101.76","","","","-47","","NA"
"-119.99","74.14","NANGMAGVIK LAKE","2500440","2021-03-09 05:00","2021","03","09","05:00","-33.7","","-37.1","","71","","0.0","","36","","19","","","","101.76","","","","-47","","NA"
"-119.99","74.14","NANGMAGVIK LAKE","2500440","2021-03-09 06:00","2021","03","09","06:00","-33.1","","-36.5","","72","","0.0","","1","","20","","","","101.73","","","","-47","","NA"
"-119.99","74.14","NANGMAGVIK LAKE","2500440","2021-03-09 07:00","2021","03","09","07:00","-33.6","","-37.0","","71","","0.0","","2","","15","","","","101.76","","","","-46","","NA"
"-119.99","74.14","NANGMAGVIK LAKE","2500440","2021-03-09 08:00","2021","03","09","08:00","-32.7","","-36.1","","72","","0.0","","36","","15","","","","101.79","","","","-45","","NA"
"-119.99","74.14","NANGMAGVIK LAKE","2500440","2021-03-09 09:00","2021","03","09","09:00","-32.8","","-36.3","","71","","0.0","","1","","17","","","","101.78","","","","-46","","NA"
"-119.99","74.14","NANGMAGVIK LAKE","2500440","2021-03-09 10:00","2021","03","09","10:00","-31.8","","-35.5","","70","","0.0","","1","","14","","","","101.74","","","","-43","","NA"
"-119.99","74.14","NANGMAGVIK LAKE","2500440","2021-03-09 11:00","2021","03","09","11:00","-31.6","","-35.4","","69","","0.0","","30","","5","","","","101.72","","","","-37","","NA"
"-119.99","74.14","NANGMAGVIK LAKE","2500440","2021-03-09 12:00","2021","03","09","12:00","-34.5","","-38.5","","67","","0.0","","15","","5","","","","101.71","","","","-41","","NA"
"-119.99","74.14","NANGMAGVIK LAKE","2500440","2021-03-09 13:00","2021","03","09","13:00","-34.0","","-38.0","","67","","0.0","","16","","9","","","","101.69","","","","-43","","NA"
"-119.99","74.14","NANGMAGVIK LAKE","2500440","2021-03-09 14:00","2021","03","09","14:00","-31.8","","-35.5","","70","","0.0","","30","","4","","","","101.68","","","","-36","","NA"
"-119.99","74.14","NANGMAGVIK LAKE","2500440","2021-03-09 15:00","2021","03","09","15:00","-32.5","","-36.3","","69","","0.0","","1","","4","","","","101.66","","","","-37","","NA"
"-119.99","74.14","NANGMAGVIK LAKE","2500440","2021-03-09 16:00","2021","03","09","16:00","-30.5","","-34.2","","70","","0.0","","25","","2","","","","101.66","","","","-33","","NA"
"-119.99","74.14","NANGMAGVIK LAKE","2500440","2021-03-09 17:00","2021","03","09","17:00","-30.6","","-33.9","","72","","0.0","","27","","4","","","","101.65","","","","-35","","NA"
"-119.99","74.14","NANGMAGVIK LAKE","2500440","2021-03-09 18:00","2021","03","09","18:00","-34.0","","-37.4","","71","","0.0","","15","","12","","","","101.70","","","","-45","","NA"
"-119.99","74.14","NANGMAGVIK LAKE","2500440","2021-03-09 19:00","2021","03","09","19:00","-34.7","","-38.1","","71","","0.0","","16","","12","","","","101.69","","","","-46","","NA"
"-119.99","74.14","NANGMAGVIK LAKE","2500440","2021-03-09 20:00","2021","03","09","20:00","-34.1","","-37.4","","72","","0.0","","19","","7","","","","101.69","","","","-42","","NA"
"-119.99","74.14","NANGMAGVIK LAKE","2500440","2021-03-09 21:00","2021","03","09","21:00","-37.0","","-40.6","","69","","0.0","","14","","12","","","","101.71","","","","-49","","NA"
"-119.99","74.14","NANGMAGVIK LAKE","2500440","2021-03-09 22:00","2021","03","09","22:00","-37.2","","-40.9","","69","","0.0","","16","","6","","","","101.68","","","","-45","","NA"
"-119.99","74.14","NANGMAGVIK LAKE","2500440","2021-03-09 23:00","2021","03","09","23:00","-36.8","","-40.4","","69","","0.0","","15","","12","","","","101.66","","","","-48","","NA"
"-119.99","74.14","NANGMAGVIK LAKE","2500440","2021-03-10 00:00","2021","03","10","00:00","-35.6","","-39.1","","70","","0.0","","15","","14","","","","101.61","","","","-48","","NA"
"-119.99","74.14","NANGMAGVIK LAKE","2500440","2021-03-10 01:00","2021","03","10","01:00","-34.6","","-38.1","","70","","0.0","","14","","16","","","","101.51","","","","-47","","NA"
"-119.99","74.14","NANGMAGVIK LAKE","2500440","2021-03-10 02:00","2021","03","10","02:00","-33.2","","-36.7","","71","","0.0","","14","","16","","","","101.47","","","","-46","","NA"
"-119.99","74.14","NANGMAGVIK LAKE","2500440","2021-03-10 03:00","2021","03","10","03:00","-32.2","","-35.6","","72","","0.0","","14","","20","","","","101.44","","","","-46","","NA"
"-119.99","74.14","NANGMAGVIK LAKE","2500440","2021-03-10 04:00","2021","03","10","04:00","-32.0","","-35.4","","72","","0.0","","14","","15","","","","101.41","","","","-44","","NA"
"-119.99","74.14","NANGMAGVIK LAKE","2500440","2021-03-10 05:00","2021","03","10","05:00","-31.4","","-34.8","","72","","0.0","","15","","19","","","","101.33","","","","-45","","NA"
"-119.99","74.14","NANGMAGVIK LAKE","2500440","2021-03-10 06:00","2021","03","10","06:00","-30.6","","-34.0","","72","","0.0","","14","","27","","","","101.25","","","","-46","","NA"
"-119.99","74.14","NANGMAGVIK LAKE","2500440","2021-03-10 07:00","2021","03","10","07:00","-29.7","","-33.2","","72","","0.0","","16","","24","","","","101.22","","","","-44","","NA"
"-119.99","74.14","NANGMAGVIK LAKE","2500440","2021-03-10 08:00","2021","03","10","08:00","-29.8","","-33.3","","71","","0.0","","15","","27","","","","101.14","","","","-45","","NA"
"-119.99","74.14","NANGMAGVIK LAKE","2500440","2021-03-10 09:00","2021","03","10","09:00","-28.5","","-32.3","","70","","0.0","","16","","25","","","","101.11","","","","-43","","NA"
"-119.99","74.14","NANGMAGVIK LAKE","2500440","2021-03-10 10:00","2021","03","10","10:00","-28.2","","-32.2","","68","","0.0","","16","","30","","","","101.03","","","","-43","","NA"
"-119.99","74.14","NANGMAGVIK LAKE","2500440","2021-03-10 11:00","2021","03","10","11:00","-27.6","","-31.5","","69","","0.0","","17","","36","","","","100.95","","","","-44","","NA"
"-119.99","74.14","NANGMAGVIK LAKE","2500440","2021-03-10 12:00","2021","03","10","12:00","-26.6","","-30.7","","68","","0.0","","14","","29","","","","100.88","","","","-41","","NA"
"-119.99","74.14","NANGMAGVIK LAKE","2500440","2021-03-10 13:00","2021","03","10","13:00","-26.2","","-30.2","","69","","0.0","","19","","34","","","","100.81","","","","-41","","NA"
"-119.99","74.14","NANGMAGVIK LAKE","2500440","2021-03-10 14:00","2021","03","10","14:00","-25.6","","-29.2","","72","","0.0","","15","","25","","","","100.82","","","","-39","","NA"
"-119.99","74.14","NANGMAGVIK LAKE","2500440","2021-03-10 15:00","2021","03","10","15:00","-24.9","","-28.8","","70","","0.0","","18","","24","","","","100.78","","","","-38","","NA"
"-119.99","74.14","NANGMAGVIK LAKE","2500440","2021-03-10 16:00","2021","03","10","16:00","-23.5","","-26.8","","74","","0.0","","18","","17","","","","100.76","","","","-34","","NA"
"-119.99","74.14","NANGMAGVIK LAKE","2500440","2021-03-10 17:00","2021","03","10","17:00","-23.1","","-26.8","","72","","0.0","","21","","13","","","","100.74","","","","-32","","NA"
"-119.99","74.14","NANGMAGVIK LAKE","2500440","2021-03-10 18:00","2021","03","10","18:00","-20.5","","-23.5","","77","","0.0","","25","","27","","","","100.67","","","","-33","","NA"
"-119.99","74.14","NANGMAGVIK LAKE","2500440","2021-03-10 19:00","2021","03","10","19:00","-20.9","","-23.8","","77","","0.0","","25","","19","","","","100.67","","","","-31","","NA"
"-119.99","74.14","NANGMAGVIK LAKE","2500440","2021-03-10 20:00","2021","03","10","20:00","-21.7","","-25.1","","74","","0.0","","25","","14","","","","100.65","","","","-31","","NA"
"-119.99","74.14","NANGMAGVIK LAKE","2500440","2021-03-10 21:00","2021","03","10","21:00","-20.4","","-23.2","","78","","0.0","","27","","21","","","","100.63","","","","-31","","NA"
"-119.99","74.14","NANGMAGVIK LAKE","2500440","2021-03-10 22:00","2021","03","10","22:00","-19.7","","-22.4","","79","","0.0","","28","","30","","","","100.60","","","","-32","","NA"
"-119.99","74.14","NANGMAGVIK LAKE","2500440","2021-03-10 23:00","2021","03","10","23:00","-21.6","","-24.5","","78","","0.0","","29","","33","","","","100.66","","","","-35","","NA"
"-119.99","74.14","NANGMAGVIK LAKE","2500440","2021-03-11 00:00","2021","03","11","00:00","-23.0","","-25.9","","77","","0.0","","29","","33","","","","100.69","","","","-37","","NA"
"-119.99","74.14","NANGMAGVIK LAKE","2500440","2021-03-11 01:00","2021","03","11","01:00","-23.9","","-26.8","","77","","0.0","","29","","33","","","","100.74","","","","-38","","NA"
"-119.99","74.14","NANGMAGVIK LAKE","2500440","2021-03-11 02:00","2021","03","11","02:00","-24.3","","-27.3","","77","","0.0","","3","","13","","","","100.83","","","","-34","","NA"
"-119.99","74.14","NANGMAGVIK LAKE","2500440","2021-03-11 03:00","2021","03","11","03:00","-24.8","","-27.9","","76","","0.0","","34","","11","","","","100.90","","","","-33","","NA"
"-119.99","74.14","NANGMAGVIK LAKE","2500440","2021-03-11 04:00","2021","03","11","04:00","-25.6","","-28.5","","77","","0.0","","34","","8","","","","100.94","","","","-33","","NA"
"-119.99","74.14","NANGMAGVIK LAKE","2500440","2021-03-11 05:00","2021","03","11","05:00","-25.6","","-28.4","","77","","0.0","","36","","11","","","","100.92","","","","-34","","NA"
"-119.99","74.14","NANGMAGVIK LAKE","2500440","2021-03-11 06:00","2021","03","11","06:00","-26.7","","-29.5","","77","","0.0","","33","","14","","","","100.94","","","","-37","","NA"
"-119.99","74.14","NANGMAGVIK LAKE","2500440","2021-03-11 07:00","2021","03","11","07:00","-27.0","","-29.8","","77","","0.0","","35","","13","","","","100.97","","","","-37","","NA"
"-119.99","74.14","NANGMAGVIK LAKE","2500440","2021-03-11 08:00","2021","03","11","08:00","-28.3","","-31.2","","76","","0.0","","1","","12","","","","100.98","","","","-38","","NA"
"-119.99","74.14","NANGMAGVIK LAKE","2500440","2021-03-11 09:00","2021","03","11","09:00","-28.3","","-31.5","","74","","0.0","","30","","5","","","","101.00","","","","-34","","NA"
"-119.99","74.14","NANGMAGVIK LAKE","2500440","2021-03-11 10:00","2021","03","11","10:00","-27.1","","-30.3","","74","","0.0","","30","","3","","","","101.03","","","","-30","","NA"
"-119.99","74.14","NANGMAGVIK LAKE","2500440","2021-03-11 11:00","2021","03","11","11:00","-29.1","","-32.6","","71","","0.0","","","","0","","","","101.06","","","","","","NA"
"-119.99","74.14","NANGMAGVIK LAKE","2500440","2021-03-11 12:00","2021","03","11","12:00","-28.0","","-31.5","","72","","0.0","","","","","M","","","101.09","","","","","","NA"
"-119.99","74.14","NANGMAGVIK LAKE","2500440","2021-03-11 13:00","2021","03","11","13:00","-29.1","","-32.6","","72","","0.0","","","","","M","","","101.10","","","","","","NA"
"-119.99","74.14","NANGMAGVIK LAKE","2500440","2021-03-11 14:00","2021","03","11","14:00","-30.5","","-34.2","","70","","0.0","","","","","M","","","101.16","","","","","","NA"
"-119.99","74.14","NANGMAGVIK LAKE","2500440","2021-03-11 15:00","2021","03","11","15:00","-30.6","","-34.2","","71","","0.0","","","","","M","","","101.23","","","","","","NA"
"-119.99","74.14","NANGMAGVIK LAKE","2500440","2021-03-11 16:00","2021","03","11","16:00","-30.2","","-33.7","","71","","0.0","","","","","M","","","101.30","","","","","","NA"
"-119.99","74.14","NANGMAGVIK LAKE","2500440","2021-03-11 17:00","2021","03","11","17:00","-30.8","","-34.2","","72","","0.0","","","","","M","","","101.34","","","","","","NA"
"-119.99","74.14","NANGMAGVIK LAKE","2500440","2021-03-11 18:00","2021","03","11","18:00","-32.6","","-35.9","","72","","0.0","","","","","M","","","101.38","","","","","","NA"
"-119.99","74.14","NANGMAGVIK LAKE","2500440","2021-03-11 19:00","2021","03","11","19:00","-30.5","","-33.6","","74","","0.0","","","","","M","","","101.42","","","","","","NA"
"-119.99","74.14","NANGMAGVIK LAKE","2500440","2021-03-11 20:00","2021","03","11","20:00","-31.1","","-34.3","","73","","0.0","","","","","M","","","101.45","","","","","","NA"
"-119.99","74.14","NANGMAGVIK LAKE","2500440","2021-03-11 21:00","2021","03","11","21:00","-31.3","","-34.6","","73","","0.0","","","","","M","","","101.50","","","","","","NA"
"-119.99","74.14","NANGMAGVIK LAKE","2500440","2021-03-11 22:00","2021","03","11","22:00","-30.4","","-33.5","","74","","0.0","","","","","M","","","101.54","","","","","","NA"
"-119.99","74.14","NANGMAGVIK LAKE","2500440","2021-03-11 23:00","2021","03","11","23:00","-29.3","","-32.3","","75","","0.0","","","","","M","","","101.59","","","","","","NA"
"-119.99","74.14","NANGMAGVIK LAKE","2500440","2021-03-12 00:00","2021","03","12","00:00","-28.7","","-31.8","","75","","0.0","","","","","M","","","101.66","","","","","","NA"
"-119.99","74.14","NANGMAGVIK LAKE","2500440","2021-03-12 01:00","2021","03","12","01:00","-27.9","","-31.0","","75","","0.0","","","","","M","","","101.74","","","","","","NA"
"-119.99","74.14","NANGMAGVIK LAKE","2500440","2021-03-12 02:00","2021","03","12","02:00","-27.7","","-30.8","","75","","0.0","","","","","M","","","101.81","","","","","","NA"
"-119.99","74.14","NANGMAGVIK LAKE","2500440","2021-03-12 03:00","2021","03","12","03:00","-28.2","","-31.3","","75","","0.0","","","","","M","","","101.85","","","","","","NA"
"-119.99","74.14","NANGMAGVIK LAKE","2500440","2021-03-12 04:00","2021","03","12","04:00","-28.3","","-31.3","","75","","0.0","","","","","M","","","101.92","","","","","","NA"
"-119.99","74.14","NANGMAGVIK LAKE","2500440","2021-03-12 05:00","2021","03","12","05:00","-28.5","","-31.6","","75","","0.0","","","","","M","","","101.98","","","","","","NA"
"-119.99","74.14","NANGMAGVIK LAKE","2500440","2021-03-12 06:00","2021","03","12","06:00","-28.7","","-31.8","","75","","0.0","","","","","M","","","102.01","","","","","","NA"
"-119.99","74.14","NANGMAGVIK LAKE","2500440","2021-03-12 07:00","2021","03","12","07:00","-28.8","","-31.9","","75","","0.0","","","","","M","","","102.06","","","","","","NA"
"-119.99","74.14","NANGMAGVIK LAKE","2500440","2021-03-12 08:00","2021","03","12","08:00","-28.3","","-31.4","","75","","0.0","","","","","M","","","102.15","","","","","","NA"
"-119.99","74.14","NANGMAGVIK LAKE","2500440","2021-03-12 09:00","2021","03","12","09:00","-29.3","","-32.5","","74","","0.0","","","","","M","","","102.24","","","","","","NA"
"-119.99","74.14","NANGMAGVIK LAKE","2500440","2021-03-12 10:00","2021","03","12","10:00","-28.7","","-31.9","","74","","0.0","","","","","M","","","102.31","","","","","","NA"
"-119.99","74.14","NANGMAGVIK LAKE","2500440","2021-03-12 11:00","2021","03","12","11:00","-27.5","","-30.6","","75","","0.0","","","","","M","","","102.37","","","","","","NA"
"-119.99","74.14","NANGMAGVIK LAKE","2500440","2021-03-12 12:00","2021","03","12","12:00","-26.2","","-29.3","","75","","0.0","","","","","M","","","102.44","","","","","","NA"
"-119.99","74.14","NANGMAGVIK LAKE","2500440","2021-03-12 13:00","2021","03","12","13:00","-26.5","","-29.6","","75","","0.0","","","","","M","","","102.51","","","","","","NA"
"-119.99","74.14","NANGMAGVIK LAKE","2500440","2021-03-12 14:00","2021","03","12","14:00","-23.8","","-26.6","","78","","0.0","","","","","M","","","102.59","","","","","","NA"
"-119.99","74.14","NANGMAGVIK LAKE","2500440","2021-03-12 15:00","2021","03","12","15:00","-26.0","","-29.1","","75","","0.0","","","","","M","","","102.67","","","","","","NA"
"-119.99","74.14","NANGMAGVIK LAKE","2500440","2021-03-12 16:00","2021","03","12","16:00","-25.8","","-28.8","","76","","0.0","","","","","M","","","102.75","","","","","","NA"
"-119.99","74.14","NANGMAGVIK LAKE","2500440","2021-03-12 17:00","2021","03","12","17:00","-25.5","","-28.4","","76","","0.0","","","","","M","","","102.81","","","","","","NA"
"-119.99","74.14","NANGMAGVIK LAKE","2500440","2021-03-12 18:00","2021","03","12","18:00","-27.0","","-29.9","","76","","0.0","","","","","M","","","102.86","","","","","","NA"
"-119.99","74.14","NANGMAGVIK LAKE","2500440","2021-03-12 19:00","2021","03","12","19:00","-27.8","","-30.8","","75","","0.0","","","","","M","","","102.94","","","","","","NA"
"-119.99","74.14","NANGMAGVIK LAKE","2500440","2021-03-12 20:00","2021","03","12","20:00","-30.4","","-33.6","","73","","0.0","","","","","M","","","102.97","","","","","","NA"
"-119.99","74.14","NANGMAGVIK LAKE","2500440","2021-03-12 21:00","2021","03","12","21:00","-29.5","","-32.6","","74","","0.0","","","","","M","","","103.06","","","","","","NA"
"-119.99","74.14","NANGMAGVIK LAKE","2500440","2021-03-12 22:00","2021","03","12","22:00","-30.6","","-33.8","","73","","0.0","","","","","M","","","103.09","","","","","","NA"
"-119.99","74.14","NANGMAGVIK LAKE","2500440","2021-03-12 23:00","2021","03","12","23:00","-31.6","","-34.9","","72","","0.0","","","","","M","","","103.14","","","","","","NA"
"-119.99","74.14","NANGMAGVIK LAKE","2500440","2021-03-13 00:00","2021","03","13","00:00","-30.4","","-33.6","","74","","0.0","","","","","M","","","103.18","","","","","","NA"
"-119.99","74.14","NANGMAGVIK LAKE","2500440","2021-03-13 01:00","2021","03","13","01:00","-30.5","","-33.7","","74","","0.0","","","","","M","","","103.22","","","","","","NA"
"-119.99","74.14","NANGMAGVIK LAKE","2500440","2021-03-13 02:00","2021","03","13","02:00","-30.9","","-34.1","","73","","0.0","","","","","M","","","103.27","","","","","","NA"
"-119.99","74.14","NANGMAGVIK LAKE","2500440","2021-03-13 03:00","2021","03","13","03:00","-32.3","","-35.6","","72","","0.0","","","","","M","","","103.32","","","","","","NA"
"-119.99","74.14","NANGMAGVIK LAKE","2500440","2021-03-13 04:00","2021","03","13","04:00","-31.8","","-35.0","","73","","0.0","","","","","M","","","103.36","","","","","","NA"
"-119.99","74.14","NANGMAGVIK LAKE","2500440","2021-03-13 05:00","2021","03","13","05:00","-30.8","","-34.1","","73","","0.0","","","","","M","","","103.42","","","","","","NA"
"-119.99","74.14","NANGMAGVIK LAKE","2500440","2021-03-13 06:00","2021","03","13","06:00","-32.2","","-35.6","","72","","0.0","","","","","M","","","103.44","","","","","","NA"
"-119.99","74.14","NANGMAGVIK LAKE","2500440","2021-03-13 07:00","2021","03","13","07:00","-33.3","","-36.7","","71","","0.0","","","","","M","","","103.45","","","","","","NA"
"-119.99","74.14","NANGMAGVIK LAKE","2500440","2021-03-13 08:00","2021","03","13","08:00","-33.1","","-36.6","","71","","0.0","","","","","M","","","103.47","","","","","","NA"
"-119.99","74.14","NANGMAGVIK LAKE","2500440","2021-03-13 09:00","2021","03","13","09:00","-32.8","","-36.3","","71","","0.0","","","","","M","","","103.50","","","","","","NA"
"-119.99","74.14","NANGMAGVIK LAKE","2500440","2021-03-13 10:00","2021","03","13","10:00","-33.8","","-37.5","","69","","0.0","","","","","M","","","103.52","","","","","","NA"
"-119.99","74.14","NANGMAGVIK LAKE","2500440","2021-03-13 11:00","2021","03","13","11:00","-34.1","","-37.8","","69","","0.0","","","","","M","","","103.52","","","","","","NA"
"-119.99","74.14","NANGMAGVIK LAKE","2500440","2021-03-13 12:00","2021","03","13","12:00","-32.0","","-35.6","","70","","0.0","","","","","M","","","103.53","","","","","","NA"
"-119.99","74.14","NANGMAGVIK LAKE","2500440","2021-03-13 13:00","2021","03","13","13:00","-32.6","","-36.4","","69","","0.0","","","","","M","","","103.55","","","","","","NA"
"-119.99","74.14","NANGMAGVIK LAKE","2500440","2021-03-13 14:00","2021","03","13","14:00","-31.5","","-34.8","","73","","0.0","","","","","M","","","103.58","","","","","","NA"
"-119.99","74.14","NANGMAGVIK LAKE","2500440","2021-03-13 15:00","2021","03","13","15:00","-32.7","","-36.4","","70","","0.0","","","","","M","","","103.57","","","","","","NA"
"-119.99","74.14","NANGMAGVIK LAKE","2500440","2021-03-13 16:00","2021","03","13","16:00","-33.1","","-36.7","","70","","0.0","","","","","M","","","103.60","","","","","","NA"
"-119.99","74.14","NANGMAGVIK LAKE","2500440","2021-03-13 17:00","2021","03","13","17:00","-34.5","","-38.3","","68","","0.0","","","","","M","","","103.60","","","","","","NA"
"-119.99","74.14","NANGMAGVIK LAKE","2500440","2021-03-13 18:00","2021","03","13","18:00","-34.2","","-37.8","","70","","0.0","","","","","M","","","103.60","","","","","","NA"
"-119.99","74.14","NANGMAGVIK LAKE","2500440","2021-03-13 19:00","2021","03","13","19:00","-36.2","","-39.8","","69","","0.0","","","","","M","","","103.56","","","","","","NA"
"-119.99","74.14","NANGMAGVIK LAKE","2500440","2021-03-13 20:00","2021","03","13","20:00","-36.5","","-40.1","","69","","0.0","","","","","M","","","103.55","","","","","","NA"
"-119.99","74.14","NANGMAGVIK LAKE","2500440","2021-03-13 21:00","2021","03","13","21:00","-37.0","","-40.6","","69","","0.0","","","","","M","","","103.56","","","","","","NA"
"-119.99","74.14","NANGMAGVIK LAKE","2500440","2021-03-13 22:00","2021","03","13","22:00","-37.6","","-41.3","","68","","0.0","","","","","M","","","103.55","","","","","","NA"
"-119.99","74.14","NANGMAGVIK LAKE","2500440","2021-03-13 23:00","2021","03","13","23:00","-38.5","","-42.3","","68","","0.0","","","","","M","","","103.55","","","","","","NA"
"-119.99","74.14","NANGMAGVIK LAKE","2500440","2021-03-14 00:00","2021","03","14","00:00","-38.2","","-41.9","","68","","0.0","","","","","M","","","103.51","","","","","","NA"
"-119.99","74.14","NANGMAGVIK LAKE","2500440","2021-03-14 01:00","2021","03","14","01:00","-37.3","","-41.0","","68","","0.0","","","","","M","","","103.47","","","","","","NA"
"-119.99","74.14","NANGMAGVIK LAKE","2500440","2021-03-14 02:00","2021","03","14","02:00","-36.6","","-40.3","","69","","0.0","","","","","M","","","103.44","","","","","","NA"
"-119.99","74.14","NANGMAGVIK LAKE","2500440","2021-03-14 03:00","2021","03","14","03:00","-36.9","","-40.5","","69","","0.0","","","","","M","","","103.40","","","","","","NA"
"-119.99","74.14","NANGMAGVIK LAKE","2500440","2021-03-14 04:00","2021","03","14","04:00","-36.5","","-40.2","","69","","0.0","","","","","M","","","103.37","","","","","","NA"
"-119.99","74.14","NANGMAGVIK LAKE","2500440","2021-03-14 05:00","2021","03","14","05:00","-34.5","","-38.1","","70","","0.0","","14","","21","","","","103.33","","","","-49","","NA"
"-119.99","74.14","NANGMAGVIK LAKE","2500440","2021-03-14 06:00","2021","03","14","06:00","-32.8","","-36.2","","71","","0.0","","14","","18","","","","103.29","","","","-46","","NA"
"-119.99","74.14","NANGMAGVIK LAKE","2500440","2021-03-14 07:00","2021","03","14","07:00","-33.0","","-36.4","","71","","0.0","","14","","19","","","","103.27","","","","-47","","NA"
"-119.99","74.14","NANGMAGVIK LAKE","2500440","2021-03-14 08:00","2021","03","14","08:00","-32.3","","-35.7","","71","","0.0","","13","","18","","","","103.25","","","","-45","","NA"
"-119.99","74.14","NANGMAGVIK LAKE","2500440","2021-03-14 09:00","2021","03","14","09:00","-29.9","","-33.2","","73","","0.0","","15","","21","","","","103.23","","","","-43","","NA"
"-119.99","74.14","NANGMAGVIK LAKE","2500440","2021-03-14 10:00","2021","03","14","10:00","-29.8","","-33.2","","72","","0.0","","14","","20","","","","103.17","","","","-43","","NA"
"-119.99","74.14","NANGMAGVIK LAKE","2500440","2021-03-14 11:00","2021","03","14","11:00","-27.8","","-31.2","","73","","0.0","","11","","8","","","","103.15","","","","-35","","NA"
"-119.99","74.14","NANGMAGVIK LAKE","2500440","2021-03-14 12:00","2021","03","14","12:00","-27.8","","-31.1","","73","","0.0","","14","","20","","","","103.10","","","","-40","","NA"
"-119.99","74.14","NANGMAGVIK LAKE","2500440","2021-03-14 13:00","2021","03","14","13:00","-26.0","","-29.1","","75","","0.0","","15","","18","","","","103.05","","","","-37","","NA"
"-119.99","74.14","NANGMAGVIK LAKE","2500440","2021-03-14 14:00","2021","03","14","14:00","-26.1","","-29.2","","75","","0.0","","15","","13","","","","103.04","","","","-36","","NA"
"-119.99","74.14","NANGMAGVIK LAKE","2500440","2021-03-14 15:00","2021","03","14","15:00","-25.9","","-29.1","","75","","0.0","","16","","17","","","","102.99","","","","-37","","NA"
"-119.99","74.14","NANGMAGVIK LAKE","2500440","2021-03-14 16:00","2021","03","14","16:00","-27.1","","-30.4","","74","","0.0","","13","","13","","","","102.94","","","","-37","","NA"
"-119.99","74.14","NANGMAGVIK LAKE","2500440","2021-03-14 17:00","2021","03","14","17:00","-26.2","","-29.3","","75","","0.0","","16","","22","","","","102.87","","","","-39","","NA"
"-119.99","74.14","NANGMAGVIK LAKE","2500440","2021-03-14 18:00","2021","03","14","18:00","-27.9","","-31.1","","74","","0.0","","14","","14","","","","102.88","","","","-38","","NA"
"-119.99","74.14","NANGMAGVIK LAKE","2500440","2021-03-14 19:00","2021","03","14","19:00","-29.1","","-32.2","","74","","0.0","","13","","17","","","","102.86","","","","-41","","NA"
"-119.99","74.14","NANGMAGVIK LAKE","2500440","2021-03-14 20:00","2021","03","14","20:00","-30.5","","-33.8","","73","","0.0","","15","","14","","","","102.85","","","","-42","","NA"
"-119.99","74.14","NANGMAGVIK LAKE","2500440","2021-03-14 21:00","2021","03","14","21:00","-30.5","","-33.7","","73","","0.0","","17","","14","","","","102.83","","","","-42","","NA"
"-119.99","74.14","NANGMAGVIK LAKE","2500440","2021-03-14 22:00","2021","03","14","22:00","-31.7","","-35.1","","72","","0.0","","14","","15","","","","102.78","","","","-44","","NA"
"-119.99","74.14","NANGMAGVIK LAKE","2500440","2021-03-14 23:00","2021","03","14","23:00","-32.1","","-35.4","","72","","0.0","","15","","17","","","","102.76","","","","-45","","NA"
"-119.99","74.14","NANGMAGVIK LAKE","2500440","2021-03-15 00:00","2021","03","15","00:00","-32.2","","-35.6","","72","","0.0","","16","","17","","","","102.68","","","","-45","","NA"
"-119.99","74.14","NANGMAGVIK LAKE","2500440","2021-03-15 01:00","2021","03","15","01:00","-32.8","","-36.2","","72","","0.0","","16","","12","","","","102.67","","","","-44","","NA"
"-119.99","74.14","NANGMAGVIK LAKE","2500440","2021-03-15 02:00","2021","03","15","02:00","-33.6","","-37.0","","71","","0.0","","16","","10","","","","102.62","","","","-43","","NA"
"-119.99","74.14","NANGMAGVIK LAKE","2500440","2021-03-15 03:00","2021","03","15","03:00","-35.0","","-38.6","","70","","0.0","","16","","13","","","","102.57","","","","-47","","NA"
"-119.99","74.14","NANGMAGVIK LAKE","2500440","2021-03-15 04:00","2021","03","15","04:00","-34.1","","-37.5","","71","","0.0","","15","","15","","","","102.54","","","","-46","","NA"
"-119.99","74.14","NANGMAGVIK LAKE","2500440","2021-03-15 05:00","2021","03","15","05:00","-34.8","","-38.4","","70","","0.0","","15","","13","","","","102.48","","","","-46","","NA"
"-119.99","74.14","NANGMAGVIK LAKE","2500440","2021-03-15 06:00","2021","03","15","06:00","-35.0","","-38.6","","70","","0.0","","16","","5","","","","102.46","","","","-41","","NA"
"-119.99","74.14","NANGMAGVIK LAKE","2500440","2021-03-15 07:00","2021","03","15","07:00","-34.1","","-37.6","","71","","0.0","","","","","M","","","","M","","","","","NA"
"-119.99","74.14","NANGMAGVIK LAKE","2500440","2021-03-15 08:00","2021","03","15","08:00","-36.4","","-40.1","","69","","0.0","","17","","5","","","","","M","","","-43","","NA"
"-119.99","74.14","NANGMAGVIK LAKE","2500440","2021-03-15 09:00","2021","03","15","09:00","-34.3","","-38.0","","69","","0.0","","","M","","M","","","","M","","","","","NA"
"-119.99","74.14","NANGMAGVIK LAKE","2500440","2021-03-15 10:00","2021","03","15","10:00","-32.7","","-36.4","","69","","0.0","","","M","","M","","","","M","","","","","NA"
"-119.99","74.14","NANGMAGVIK LAKE","2500440","2021-03-15 11:00","2021","03","15","11:00","","M","","M","","M","0.0","","","M","","M","","","","M","","","","","NA"
"-119.99","74.14","NANGMAGVIK LAKE","2500440","2021-03-15 12:00","2021","03","15","12:00","","M","","M","","M","0.0","","","M","","M","","","","M","","","","","NA"
"-119.99","74.14","NANGMAGVIK LAKE","2500440","2021-03-15 13:00","2021","03","15","13:00","","M","","M","","M","0.0","","","M","","M","","","","M","","","","","NA"
"-119.99","74.14","NANGMAGVIK LAKE","2500440","2021-03-15 14:00","2021","03","15","14:00","-28.8","","-32.4","","71","","0.0","","","M","","M","","","","M","","","","","NA"
"-119.99","74.14","NANGMAGVIK LAKE","2500440","2021-03-15 15:00","2021","03","15","15:00","-25.7","","-29.2","","73","","0.0","","","","0","","","","","M","","","","","NA"
"-119.99","74.14","NANGMAGVIK LAKE","2500440","2021-03-15 16:00","2021","03","15","16:00","-27.4","","-30.8","","73","","0.0","","18","","2","","","","","M","","","-30","","NA"
"-119.99","74.14","NANGMAGVIK LAKE","2500440","2021-03-15 17:00","2021","03","15","17:00","-28.2","","-31.5","","74","","0.0","","14","","5","","","","101.73","","","","-34","","NA"
"-119.99","74.14","NANGMAGVIK LAKE","2500440","2021-03-15 18:00","2021","03","15","18:00","-27.8","","-30.9","","75","","0.0","","31","","1","","","","101.67","","","","-29","","NA"
"-119.99","74.14","NANGMAGVIK LAKE","2500440","2021-03-15 19:00","2021","03","15","19:00","-27.3","","-30.1","","76","","0.0","","28","","2","","","","101.59","","","","-29","","NA"
"-119.99","74.14","NANGMAGVIK LAKE","2500440","2021-03-15 20:00","2021","03","15","20:00","-28.5","","-31.6","","75","","0.0","","30","","4","","","","101.55","","","","-33","","NA"
"-119.99","74.14","NANGMAGVIK LAKE","2500440","2021-03-15 21:00","2021","03","15","21:00","-26.9","","-29.8","","76","","0.0","","33","","5","","","","101.45","","","","-32","","NA"
"-119.99","74.14","NANGMAGVIK LAKE","2500440","2021-03-15 22:00","2021","03","15","22:00","-24.8","","-27.6","","78","","0.0","","36","","15","","","","101.39","","","","-35","","NA"
"-119.99","74.14","NANGMAGVIK LAKE","2500440","2021-03-15 23:00","2021","03","15","23:00","-24.0","","-26.7","","78","","0.0","","1","","10","","","","101.35","","","","-32","","NA"
"-119.99","74.14","NANGMAGVIK LAKE","2500440","2021-03-16 00:00","2021","03","16","00:00","-22.9","","-25.5","","79","","0.0","","33","","19","","","","101.24","","","","-34","","NA"
"-119.99","74.14","NANGMAGVIK LAKE","2500440","2021-03-16 01:00","2021","03","16","01:00","-24.0","","-26.7","","78","","0.0","","32","","15","","","","101.23","","","","-34","","NA"
"-119.99","74.14","NANGMAGVIK LAKE","2500440","2021-03-16 02:00","2021","03","16","02:00","-23.4","","-26.1","","79","","0.0","","31","","16","","","","101.18","","","","-34","","NA"
"-119.99","74.14","NANGMAGVIK LAKE","2500440","2021-03-16 03:00","2021","03","16","03:00","-24.8","","-27.6","","77","","0.0","","31","","18","","","","101.16","","","","-36","","NA"
"-119.99","74.14","NANGMAGVIK LAKE","2500440","2021-03-16 04:00","2021","03","16","04:00","-27.1","","-30.0","","76","","0.0","","32","","22","","","","101.11","","","","-40","","NA"
"-119.99","74.14","NANGMAGVIK LAKE","2500440","2021-03-16 05:00","2021","03","16","05:00","-29.2","","-32.3","","75","","0.0","","1","","12","","","","101.13","","","","-39","","NA"
"-119.99","74.14","NANGMAGVIK LAKE","2500440","2021-03-16 06:00","2021","03","16","06:00","-27.9","","-30.9","","76","","0.0","","34","","14","","","","101.11","","","","-38","","NA"
"-119.99","74.14","NANGMAGVIK LAKE","2500440","2021-03-16 07:00","2021","03","16","07:00","-29.9","","-33.0","","74","","0.0","","1","","11","","","","101.10","","","","-40","","NA"
"-119.99","74.14","NANGMAGVIK LAKE","2500440","2021-03-16 08:00","2021","03","16","08:00","-29.7","","-32.9","","74","","0.0","","2","","16","","","","101.07","","","","-41","","NA"
"-119.99","74.14","NANGMAGVIK LAKE","2500440","2021-03-16 09:00","2021","03","16","09:00","-29.6","","-32.9","","73","","0.0","","2","","12","","","","101.07","","","","-40","","NA"
"-119.99","74.14","NANGMAGVIK LAKE","2500440","2021-03-16 10:00","2021","03","16","10:00","-28.9","","-32.4","","72","","0.3","","35","","8","","","","101.04","","","","-37","","NA"
"-119.99","74.14","NANGMAGVIK LAKE","2500440","2021-03-16 11:00","2021","03","16","11:00","-27.5","","-30.9","","73","","0.0","","35","","19","","","","101.01","","","","-40","","NA"
"-119.99","74.14","NANGMAGVIK LAKE","2500440","2021-03-16 12:00","2021","03","16","12:00","-26.5","","-29.7","","74","","0.0","","36","","15","","","","101.00","","","","-37","","NA"
"-119.99","74.14","NANGMAGVIK LAKE","2500440","2021-03-16 13:00","2021","03","16","13:00","-27.1","","-30.5","","72","","0.0","","35","","15","","","","100.97","","","","-38","","NA"
"-119.99","74.14","NANGMAGVIK LAKE","2500440","2021-03-16 14:00","2021","03","16","14:00","-26.0","","-29.4","","74","","0.0","","36","","13","","","","100.93","","","","-36","","NA"
"-119.99","74.14","NANGMAGVIK LAKE","2500440","2021-03-16 15:00","2021","03","16","15:00","-25.2","","-28.8","","72","","0.0","","31","","14","","","","100.88","","","","-35","","NA"
"-119.99","74.14","NANGMAGVIK LAKE","2500440","2021-03-16 16:00","2021","03","16","16:00","-26.7","","-30.4","","71","","0.0","","36","","16","","","","100.87","","","","-38","","NA"
"-119.99","74.14","NANGMAGVIK LAKE","2500440","2021-03-16 17:00","2021","03","16","17:00","-26.8","","-30.3","","72","","0.0","","36","","18","","","","100.88","","","","-38","","NA"
"-119.99","74.14","NANGMAGVIK LAKE","2500440","2021-03-16 18:00","2021","03","16","18:00","-26.9","","-30.5","","71","","0.0","","31","","22","","","","100.80","","","","-40","","NA"
"-119.99","74.14","NANGMAGVIK LAKE","2500440","2021-03-16 19:00","2021","03","16","19:00","-27.5","","-30.8","","73","","0.0","","33","","27","","","","100.72","","","","-42","","NA"
"-119.99","74.14","NANGMAGVIK LAKE","2500440","2021-03-16 20:00","2021","03","16","20:00","-28.2","","-31.5","","73","","0.0","","31","","26","","","","100.77","","","","-42","","NA"
"-119.99","74.14","NANGMAGVIK LAKE","2500440","2021-03-16 21:00","2021","03","16","21:00","-29.5","","-32.9","","72","","0.0","","31","","15","","","","100.79","","","","-41","","NA"
"-119.99","74.14","NANGMAGVIK LAKE","2500440","2021-03-16 22:00","2021","03","16","22:00","-29.7","","-33.2","","71","","0.0","","29","","15","","","","100.72","","","","-41","","NA"
"-119.99","74.14","NANGMAGVIK LAKE","2500440","2021-03-16 23:00","2021","03","16","23:00","-29.4","","-32.8","","72","","0.0","","32","","12","","","","100.66","","","","-39","","NA"
"-119.99","74.14","NANGMAGVIK LAKE","2500440","2021-03-17 00:00","2021","03","17","00:00","-29.3","","-33.2","","69","","0.0","","1","","10","","","","100.60","","","","-38","","NA"
"-119.99","74.14","NANGMAGVIK LAKE","2500440","2021-03-17 01:00","2021","03","17","01:00","-28.2","","-31.8","","71","","0.1","","32","","11","","","","100.57","","","","-38","","NA"
"-119.99","74.14","NANGMAGVIK LAKE","2500440","2021-03-17 02:00","2021","03","17","02:00","-28.0","","-31.6","","71","","0.0","","31","","3","","","","100.49","","","","-31","","NA"
"-119.99","74.14","NANGMAGVIK LAKE","2500440","2021-03-17 03:00","2021","03","17","03:00","-27.3","","-31.3","","68","","0.0","","31","","6","","","","","M","","","-33","","NA"
"-119.99","74.14","NANGMAGVIK LAKE","2500440","2021-03-17 04:00","2021","03","17","04:00","-26.4","","-30.2","","70","","0.0","","28","","25","","","","","M","","","-40","","NA"
"-119.99","74.14","NANGMAGVIK LAKE","2500440","2021-03-17 05:00","2021","03","17","05:00","-26.0","","-29.7","","71","","0.0","","29","","41","","","","","M","","","-42","","NA"
"-119.99","74.14","NANGMAGVIK LAKE","2500440","2021-03-17 06:00","2021","03","17","06:00","-26.0","","-29.5","","72","","0.0","","28","","37","","","","","M","","","-42","","NA"
"-119.99","74.14","NANGMAGVIK LAKE","2500440","2021-03-17 07:00","2021","03","17","07:00","-25.4","","-29.4","","70","","0.0","","29","","29","","","","","M","","","-39","","NA"
"-119.99","74.14","NANGMAGVIK LAKE","2500440","2021-03-17 08:00","2021","03","17","08:00","-25.3","","-29.3","","69","","0.0","","31","","24","","","","","M","","","-38","","NA"
"-119.99","74.14","NANGMAGVIK LAKE","2500440","2021-03-17 09:00","2021","03","17","09:00"
"-119.99","74.14","NANGMAGVIK LAKE","2500440","2021-03-17 10:00","2021","03","17","10:00","-26.0","","-29.8","","70","","0.0","","29","","15","","","","","M","","","-36","","NA"
"-119.99","74.14","NANGMAGVIK LAKE","2500440","2021-03-17 11:00","2021","03","17","11:00","-25.6","","-29.4","","71","","0.0","","29","","19","","","","","M","","","-37","","NA"
"-119.99","74.14","NANGMAGVIK LAKE","2500440","2021-03-17 12:00","2021","03","17","12:00","-25.4","","-29.0","","72","","0.0","","29","","26","","","","","M","","","-39","","NA"
"-119.99","74.14","NANGMAGVIK LAKE","2500440","2021-03-17 13:00","2021","03","17","13:00","-25.9","","-29.4","","72","","0.0","","","","","M","","","99.78","","","","","","NA"
"-119.99","74.14","NANGMAGVIK LAKE","2500440","2021-03-17 14:00","2021","03","17","14:00","-26.2","","-29.8","","72","","0.0","","31","","22","","","","99.80","","","","-39","","NA"
"-119.99","74.14","NANGMAGVIK LAKE","2500440","2021-03-17 15:00","2021","03","17","15:00","-26.9","","-30.9","","69","","0.0","","31","","19","","","","99.76","","","","-39","","NA"
"-119.99","74.14","NANGMAGVIK LAKE","2500440","2021-03-17 16:00","2021","03","17","16:00","-27.3","","-31.4","","69","","0.0","","30","","20","","","","99.74","","","","-40","","NA"
"-119.99","74.14","NANGMAGVIK LAKE","2500440","2021-03-17 17:00","2021","03","17","17:00","-27.9","","-31.7","","70","","0.0","","30","","20","","","","99.73","","","","-40","","NA"
"-119.99","74.14","NANGMAGVIK LAKE","2500440","2021-03-17 18:00","2021","03","17","18:00","-28.1","","-31.7","","71","","0.0","","28","","19","","","","99.72","","","","-40","","NA"
"-119.99","74.14","NANGMAGVIK LAKE","2500440","2021-03-17 19:00","2021","03","17","19:00","-29.4","","-32.9","","72","","0.0","","27","","13","","","","99.69","","","","-40","","NA"
"-119.99","74.14","NANGMAGVIK LAKE","2500440","2021-03-17 20:00","2021","03","17","20:00","-28.5","","-32.2","","71","","0.0","","28","","14","","","","99.63","","","","-39","","NA"
"-119.99","74.14","NANGMAGVIK LAKE","2500440","2021-03-17 21:00","2021","03","17","21:00","-28.3","","-32.0","","71","","0.0","","21","","7","","","","99.57","","","","-35","","NA"
"-119.99","74.14","NANGMAGVIK LAKE","2500440","2021-03-17 22:00","2021","03","17","22:00","-27.5","","-31.3","","70","","0.0","","16","","12","","","","99.52","","","","-37","","NA"
"-119.99","74.14","NANGMAGVIK LAKE","2500440","2021-03-17 23:00","2021","03","17","23:00","-27.3","","-31.0","","71","","0.0","","14","","5","","","","99.48","","","","-33","","NA"
"-119.99","74.14","NANGMAGVIK LAKE","2500440","2021-03-18 00:00","2021","03","18","00:00","-26.7","","-30.4","","71","","","M","19","","12","","","","99.43","","","","-36","","NA"
"-119.99","74.14","NANGMAGVIK LAKE","2500440","2021-03-18 01:00","2021","03","18","01:00","-26.4","","-29.9","","73","","0.0","","20","","10","","","","99.38","","","","-35","","NA"
"-119.99","74.14","NANGMAGVIK LAKE","2500440","2021-03-18 02:00","2021","03","18","02:00","-27.2","","-30.5","","73","","0.0","","0","","1","","","","99.37","","","","-28","","NA"
"-119.99","74.14","NANGMAGVIK LAKE","2500440","2021-03-18 03:00","2021","03","18","03:00","-28.0","","-31.2","","74","","","M","1","","2","","","","99.39","","","","-30","","NA"
"-119.99","74.14","NANGMAGVIK LAKE","2500440","2021-03-18 04:00","2021","03","18","04:00","-28.6","","-31.6","","76","","","M","32","","5","","","","","M","","","-34","","NA"
"-119.99","74.14","NANGMAGVIK LAKE","2500440","2021-03-18 05:00","2021","03","18","05:00","-30.7","","-33.7","","75","","","M","36","","8","","","","","M","","","-39","","NA"
"-119.99","74.14","NANGMAGVIK LAKE","2500440","2021-03-18 06:00","2021","03","18","06:00","-31.8","","-34.7","","76","","","M","36","","13","","","","","M","","","-43","","NA"
"-119.99","74.14","NANGMAGVIK LAKE","2500440","2021-03-18 07:00","2021","03","18","07:00","-33.5","","-36.6","","74","","","M","","M","","M","","","","M","","","","","NA"
"-119.99","74.14","NANGMAGVIK LAKE","2500440","2021-03-18 08:00","2021","03","18","08:00","","M","","M","","M","","M","","M","","M","","","","M","","","","","NA"
"-119.99","74.14","NANGMAGVIK LAKE","2500440","2021-03-18 09:00","2021","03","18","09:00","","M","","M","","M","","M","","M","","M","","","","M","","","","","NA"
"-119.99","74.14","NANGMAGVIK LAKE","2500440","2021-03-18 10:00","2021","03","18","10:00"
"-119.99","74.14","NANGMAGVIK LAKE","2500440","2021-03-18 11:00","2021","03","18","11:00"
"-119.99","74.14","NANGMAGVIK LAKE","2500440","2021-03-18 12:00","2021","03","18","12:00"
"-119.99","74.14","NANGMAGVIK LAKE","2500440","2021-03-18 13:00","2021","03","18","13:00"
"-119.99","74.14","NANGMAGVIK LAKE","2500440","2021-03-18 14:00","2021","03","18","14:00"
"-119.99","74.14","NANGMAGVIK LAKE","2500440","2021-03-18 15:00","2021","03","18","15:00"
"-119.99","74.14","NANGMAGVIK LAKE","2500440","2021-03-18 16:00","2021","03","18","16:00"
"-119.99","74.14","NANGMAGVIK LAKE","2500440","2021-03-18 17:00","2021","03","18","17:00"
"-119.99","74.14","NANGMAGVIK LAKE","2500440","2021-03-18 18:00","2021","03","18","18:00"
"-119.99","74.14","NANGMAGVIK LAKE","2500440","2021-03-18 19:00","2021","03","18","19:00"
"-119.99","74.14","NANGMAGVIK LAKE","2500440","2021-03-18 20:00","2021","03","18","20:00"
"-119.99","74.14","NANGMAGVIK LAKE","2500440","2021-03-18 21:00","2021","03","18","21:00"
"-119.99","74.14","NANGMAGVIK LAKE","2500440","2021-03-18 22:00","2021","03","18","22:00"
"-119.99","74.14","NANGMAGVIK LAKE","2500440","2021-03-18 23:00","2021","03","18","23:00"
"-119.99","74.14","NANGMAGVIK LAKE","2500440","2021-03-19 00:00","2021","03","19","00:00"
"-119.99","74.14","NANGMAGVIK LAKE","2500440","2021-03-19 01:00","2021","03","19","01:00"
"-119.99","74.14","NANGMAGVIK LAKE","2500440","2021-03-19 02:00","2021","03","19","02:00"
"-119.99","74.14","NANGMAGVIK LAKE","2500440","2021-03-19 03:00","2021","03","19","03:00"
"-119.99","74.14","NANGMAGVIK LAKE","2500440","2021-03-19 04:00","2021","03","19","04:00"
"-119.99","74.14","NANGMAGVIK LAKE","2500440","2021-03-19 05:00","2021","03","19","05:00"
"-119.99","74.14","NANGMAGVIK LAKE","2500440","2021-03-19 06:00","2021","03","19","06:00"
"-119.99","74.14","NANGMAGVIK LAKE","2500440","2021-03-19 07:00","2021","03","19","07:00"
"-119.99","74.14","NANGMAGVIK LAKE","2500440","2021-03-19 08:00","2021","03","19","08:00"
"-119.99","74.14","NANGMAGVIK LAKE","2500440","2021-03-19 09:00","2021","03","19","09:00"
"-119.99","74.14","NANGMAGVIK LAKE","2500440","2021-03-19 10:00","2021","03","19","10:00"
"-119.99","74.14","NANGMAGVIK LAKE","2500440","2021-03-19 11:00","2021","03","19","11:00"
"-119.99","74.14","NANGMAGVIK LAKE","2500440","2021-03-19 12:00","2021","03","19","12:00"
"-119.99","74.14","NANGMAGVIK LAKE","2500440","2021-03-19 13:00","2021","03","19","13:00"
"-119.99","74.14","NANGMAGVIK LAKE","2500440","2021-03-19 14:00","2021","03","19","14:00"
"-119.99","74.14","NANGMAGVIK LAKE","2500440","2021-03-19 15:00","2021","03","19","15:00"
"-119.99","74.14","NANGMAGVIK LAKE","2500440","2021-03-19 16:00","2021","03","19","16:00"
"-119.99","74.14","NANGMAGVIK LAKE","2500440","2021-03-19 17:00","2021","03","19","17:00"
"-119.99","74.14","NANGMAGVIK LAKE","2500440","2021-03-19 18:00","2021","03","19","18:00"
"-119.99","74.14","NANGMAGVIK LAKE","2500440","2021-03-19 19:00","2021","03","19","19:00"
"-119.99","74.14","NANGMAGVIK LAKE","2500440","2021-03-19 20:00","2021","03","19","20:00"
"-119.99","74.14","NANGMAGVIK LAKE","2500440","2021-03-19 21:00","2021","03","19","21:00"
"-119.99","74.14","NANGMAGVIK LAKE","2500440","2021-03-19 22:00","2021","03","19","22:00"
"-119.99","74.14","NANGMAGVIK LAKE","2500440","2021-03-19 23:00","2021","03","19","23:00"
"-119.99","74.14","NANGMAGVIK LAKE","2500440","2021-03-20 00:00","2021","03","20","00:00"
"-119.99","74.14","NANGMAGVIK LAKE","2500440","2021-03-20 01:00","2021","03","20","01:00"
"-119.99","74.14","NANGMAGVIK LAKE","2500440","2021-03-20 02:00","2021","03","20","02:00"
"-119.99","74.14","NANGMAGVIK LAKE","2500440","2021-03-20 03:00","2021","03","20","03:00"
"-119.99","74.14","NANGMAGVIK LAKE","2500440","2021-03-20 04:00","2021","03","20","04:00"
"-119.99","74.14","NANGMAGVIK LAKE","2500440","2021-03-20 05:00","2021","03","20","05:00"
"-119.99","74.14","NANGMAGVIK LAKE","2500440","2021-03-20 06:00","2021","03","20","06:00"
"-119.99","74.14","NANGMAGVIK LAKE","2500440","2021-03-20 07:00","2021","03","20","07:00"
"-119.99","74.14","NANGMAGVIK LAKE","2500440","2021-03-20 08:00","2021","03","20","08:00"
"-119.99","74.14","NANGMAGVIK LAKE","2500440","2021-03-20 09:00","2021","03","20","09:00"
"-119.99","74.14","NANGMAGVIK LAKE","2500440","2021-03-20 10:00","2021","03","20","10:00"
"-119.99","74.14","NANGMAGVIK LAKE","2500440","2021-03-20 11:00","2021","03","20","11:00"
"-119.99","74.14","NANGMAGVIK LAKE","2500440","2021-03-20 12:00","2021","03","20","12:00"
"-119.99","74.14","NANGMAGVIK LAKE","2500440","2021-03-20 13:00","2021","03","20","13:00"
"-119.99","74.14","NANGMAGVIK LAKE","2500440","2021-03-20 14:00","2021","03","20","14:00"
"-119.99","74.14","NANGMAGVIK LAKE","2500440","2021-03-20 15:00","2021","03","20","15:00"
"-119.99","74.14","NANGMAGVIK LAKE","2500440","2021-03-20 16:00","2021","03","20","16:00"
"-119.99","74.14","NANGMAGVIK LAKE","2500440","2021-03-20 17:00","2021","03","20","17:00"
"-119.99","74.14","NANGMAGVIK LAKE","2500440","2021-03-20 18:00","2021","03","20","18:00"
"-119.99","74.14","NANGMAGVIK LAKE","2500440","2021-03-20 19:00","2021","03","20","19:00"
"-119.99","74.14","NANGMAGVIK LAKE","2500440","2021-03-20 20:00","2021","03","20","20:00"
"-119.99","74.14","NANGMAGVIK LAKE","2500440","2021-03-20 21:00","2021","03","20","21:00"
"-119.99","74.14","NANGMAGVIK LAKE","2500440","2021-03-20 22:00","2021","03","20","22:00"
"-119.99","74.14","NANGMAGVIK LAKE","2500440","2021-03-20 23:00","2021","03","20","23:00"
"-119.99","74.14","NANGMAGVIK LAKE","2500440","2021-03-21 00:00","2021","03","21","00:00"
"-119.99","74.14","NANGMAGVIK LAKE","2500440","2021-03-21 01:00","2021","03","21","01:00"
"-119.99","74.14","NANGMAGVIK LAKE","2500440","2021-03-21 02:00","2021","03","21","02:00"
"-119.99","74.14","NANGMAGVIK LAKE","2500440","2021-03-21 03:00","2021","03","21","03:00"
"-119.99","74.14","NANGMAGVIK LAKE","2500440","2021-03-21 04:00","2021","03","21","04:00"
"-119.99","74.14","NANGMAGVIK LAKE","2500440","2021-03-21 05:00","2021","03","21","05:00"
"-119.99","74.14","NANGMAGVIK LAKE","2500440","2021-03-21 06:00","2021","03","21","06:00"
"-119.99","74.14","NANGMAGVIK LAKE","2500440","2021-03-21 07:00","2021","03","21","07:00"
"-119.99","74.14","NANGMAGVIK LAKE","2500440","2021-03-21 08:00","2021","03","21","08:00"
"-119.99","74.14","NANGMAGVIK LAKE","2500440","2021-03-21 09:00","2021","03","21","09:00"
"-119.99","74.14","NANGMAGVIK LAKE","2500440","2021-03-21 10:00","2021","03","21","10:00"
"-119.99","74.14","NANGMAGVIK LAKE","2500440","2021-03-21 11:00","2021","03","21","11:00"
"-119.99","74.14","NANGMAGVIK LAKE","2500440","2021-03-21 12:00","2021","03","21","12:00"
"-119.99","74.14","NANGMAGVIK LAKE","2500440","2021-03-21 13:00","2021","03","21","13:00"
"-119.99","74.14","NANGMAGVIK LAKE","2500440","2021-03-21 14:00","2021","03","21","14:00"
"-119.99","74.14","NANGMAGVIK LAKE","2500440","2021-03-21 15:00","2021","03","21","15:00"
"-119.99","74.14","NANGMAGVIK LAKE","2500440","2021-03-21 16:00","2021","03","21","16:00"
"-119.99","74.14","NANGMAGVIK LAKE","2500440","2021-03-21 17:00","2021","03","21","17:00"
"-119.99","74.14","NANGMAGVIK LAKE","2500440","2021-03-21 18:00","2021","03","21","18:00"
"-119.99","74.14","NANGMAGVIK LAKE","2500440","2021-03-21 19:00","2021","03","21","19:00"
"-119.99","74.14","NANGMAGVIK LAKE","2500440","2021-03-21 20:00","2021","03","21","20:00"
"-119.99","74.14","NANGMAGVIK LAKE","2500440","2021-03-21 21:00","2021","03","21","21:00"
"-119.99","74.14","NANGMAGVIK LAKE","2500440","2021-03-21 22:00","2021","03","21","22:00"
"-119.99","74.14","NANGMAGVIK LAKE","2500440","2021-03-21 23:00","2021","03","21","23:00"
"-119.99","74.14","NANGMAGVIK LAKE","2500440","2021-03-22 00:00","2021","03","22","00:00"
"-119.99","74.14","NANGMAGVIK LAKE","2500440","2021-03-22 01:00","2021","03","22","01:00"
"-119.99","74.14","NANGMAGVIK LAKE","2500440","2021-03-22 02:00","2021","03","22","02:00"
"-119.99","74.14","NANGMAGVIK LAKE","2500440","2021-03-22 03:00","2021","03","22","03:00"
"-119.99","74.14","NANGMAGVIK LAKE","2500440","2021-03-22 04:00","2021","03","22","04:00"
"-119.99","74.14","NANGMAGVIK LAKE","2500440","2021-03-22 05:00","2021","03","22","05:00"
"-119.99","74.14","NANGMAGVIK LAKE","2500440","2021-03-22 06:00","2021","03","22","06:00"
"-119.99","74.14","NANGMAGVIK LAKE","2500440","2021-03-22 07:00","2021","03","22","07:00"
"-119.99","74.14","NANGMAGVIK LAKE","2500440","2021-03-22 08:00","2021","03","22","08:00"
"-119.99","74.14","NANGMAGVIK LAKE","2500440","2021-03-22 09:00","2021","03","22","09:00"
"-119.99","74.14","NANGMAGVIK LAKE","2500440","2021-03-22 10:00","2021","03","22","10:00"
"-119.99","74.14","NANGMAGVIK LAKE","2500440","2021-03-22 11:00","2021","03","22","11:00"
"-119.99","74.14","NANGMAGVIK LAKE","2500440","2021-03-22 12:00","2021","03","22","12:00"
"-119.99","74.14","NANGMAGVIK LAKE","2500440","2021-03-22 13:00","2021","03","22","13:00"
"-119.99","74.14","NANGMAGVIK LAKE","2500440","2021-03-22 14:00","2021","03","22","14:00"
"-119.99","74.14","NANGMAGVIK LAKE","2500440","2021-03-22 15:00","2021","03","22","15:00"
"-119.99","74.14","NANGMAGVIK LAKE","2500440","2021-03-22 16:00","2021","03","22","16:00"
"-119.99","74.14","NANGMAGVIK LAKE","2500440","2021-03-22 17:00","2021","03","22","17:00"
"-119.99","74.14","NANGMAGVIK LAKE","2500440","2021-03-22 18:00","2021","03","22","18:00"
"-119.99","74.14","NANGMAGVIK LAKE","2500440","2021-03-22 19:00","2021","03","22","19:00"
"-119.99","74.14","NANGMAGVIK LAKE","2500440","2021-03-22 20:00","2021","03","22","20:00"
"-119.99","74.14","NANGMAGVIK LAKE","2500440","2021-03-22 21:00","2021","03","22","21:00"
"-119.99","74.14","NANGMAGVIK LAKE","2500440","2021-03-22 22:00","2021","03","22","22:00"
"-119.99","74.14","NANGMAGVIK LAKE","2500440","2021-03-22 23:00","2021","03","22","23:00"
"-119.99","74.14","NANGMAGVIK LAKE","2500440","2021-03-23 00:00","2021","03","23","00:00"
"-119.99","74.14","NANGMAGVIK LAKE","2500440","2021-03-23 01:00","2021","03","23","01:00"
"-119.99","74.14","NANGMAGVIK LAKE","2500440","2021-03-23 02:00","2021","03","23","02:00"
"-119.99","74.14","NANGMAGVIK LAKE","2500440","2021-03-23 03:00","2021","03","23","03:00"
"-119.99","74.14","NANGMAGVIK LAKE","2500440","2021-03-23 04:00","2021","03","23","04:00"
"-119.99","74.14","NANGMAGVIK LAKE","2500440","2021-03-23 05:00","2021","03","23","05:00"
"-119.99","74.14","NANGMAGVIK LAKE","2500440","2021-03-23 06:00","2021","03","23","06:00"
"-119.99","74.14","NANGMAGVIK LAKE","2500440","2021-03-23 07:00","2021","03","23","07:00"
"-119.99","74.14","NANGMAGVIK LAKE","2500440","2021-03-23 08:00","2021","03","23","08:00"
"-119.99","74.14","NANGMAGVIK LAKE","2500440","2021-03-23 09:00","2021","03","23","09:00"
"-119.99","74.14","NANGMAGVIK LAKE","2500440","2021-03-23 10:00","2021","03","23","10:00"
"-119.99","74.14","NANGMAGVIK LAKE","2500440","2021-03-23 11:00","2021","03","23","11:00"
"-119.99","74.14","NANGMAGVIK LAKE","2500440","2021-03-23 12:00","2021","03","23","12:00"
"-119.99","74.14","NANGMAGVIK LAKE","2500440","2021-03-23 13:00","2021","03","23","13:00"
"-119.99","74.14","NANGMAGVIK LAKE","2500440","2021-03-23 14:00","2021","03","23","14:00"
"-119.99","74.14","NANGMAGVIK LAKE","2500440","2021-03-23 15:00","2021","03","23","15:00"
"-119.99","74.14","NANGMAGVIK LAKE","2500440","2021-03-23 16:00","2021","03","23","16:00"
"-119.99","74.14","NANGMAGVIK LAKE","2500440","2021-03-23 17:00","2021","03","23","17:00"
"-119.99","74.14","NANGMAGVIK LAKE","2500440","2021-03-23 18:00","2021","03","23","18:00"
"-119.99","74.14","NANGMAGVIK LAKE","2500440","2021-03-23 19:00","2021","03","23","19:00"
"-119.99","74.14","NANGMAGVIK LAKE","2500440","2021-03-23 20:00","2021","03","23","20:00"
"-119.99","74.14","NANGMAGVIK LAKE","2500440","2021-03-23 21:00","2021","03","23","21:00"
"-119.99","74.14","NANGMAGVIK LAKE","2500440","2021-03-23 22:00","2021","03","23","22:00"
"-119.99","74.14","NANGMAGVIK LAKE","2500440","2021-03-23 23:00","2021","03","23","23:00"
"-119.99","74.14","NANGMAGVIK LAKE","2500440","2021-03-24 00:00","2021","03","24","00:00"
"-119.99","74.14","NANGMAGVIK LAKE","2500440","2021-03-24 01:00","2021","03","24","01:00"
"-119.99","74.14","NANGMAGVIK LAKE","2500440","2021-03-24 02:00","2021","03","24","02:00"
"-119.99","74.14","NANGMAGVIK LAKE","2500440","2021-03-24 03:00","2021","03","24","03:00"
"-119.99","74.14","NANGMAGVIK LAKE","2500440","2021-03-24 04:00","2021","03","24","04:00"
"-119.99","74.14","NANGMAGVIK LAKE","2500440","2021-03-24 05:00","2021","03","24","05:00"
"-119.99","74.14","NANGMAGVIK LAKE","2500440","2021-03-24 06:00","2021","03","24","06:00"
"-119.99","74.14","NANGMAGVIK LAKE","2500440","2021-03-24 07:00","2021","03","24","07:00"
"-119.99","74.14","NANGMAGVIK LAKE","2500440","2021-03-24 08:00","2021","03","24","08:00"
"-119.99","74.14","NANGMAGVIK LAKE","2500440","2021-03-24 09:00","2021","03","24","09:00"
"-119.99","74.14","NANGMAGVIK LAKE","2500440","2021-03-24 10:00","2021","03","24","10:00"
"-119.99","74.14","NANGMAGVIK LAKE","2500440","2021-03-24 11:00","2021","03","24","11:00"
"-119.99","74.14","NANGMAGVIK LAKE","2500440","2021-03-24 12:00","2021","03","24","12:00"
"-119.99","74.14","NANGMAGVIK LAKE","2500440","2021-03-24 13:00","2021","03","24","13:00"
"-119.99","74.14","NANGMAGVIK LAKE","2500440","2021-03-24 14:00","2021","03","24","14:00"
"-119.99","74.14","NANGMAGVIK LAKE","2500440","2021-03-24 15:00","2021","03","24","15:00"
"-119.99","74.14","NANGMAGVIK LAKE","2500440","2021-03-24 16:00","2021","03","24","16:00"
"-119.99","74.14","NANGMAGVIK LAKE","2500440","2021-03-24 17:00","2021","03","24","17:00"
"-119.99","74.14","NANGMAGVIK LAKE","2500440","2021-03-24 18:00","2021","03","24","18:00"
"-119.99","74.14","NANGMAGVIK LAKE","2500440","2021-03-24 19:00","2021","03","24","19:00"
"-119.99","74.14","NANGMAGVIK LAKE","2500440","2021-03-24 20:00","2021","03","24","20:00"
"-119.99","74.14","NANGMAGVIK LAKE","2500440","2021-03-24 21:00","2021","03","24","21:00"
"-119.99","74.14","NANGMAGVIK LAKE","2500440","2021-03-24 22:00","2021","03","24","22:00"
"-119.99","74.14","NANGMAGVIK LAKE","2500440","2021-03-24 23:00","2021","03","24","23:00"
"-119.99","74.14","NANGMAGVIK LAKE","2500440","2021-03-25 00:00","2021","03","25","00:00"
"-119.99","74.14","NANGMAGVIK LAKE","2500440","2021-03-25 01:00","2021","03","25","01:00"
"-119.99","74.14","NANGMAGVIK LAKE","2500440","2021-03-25 02:00","2021","03","25","02:00"
"-119.99","74.14","NANGMAGVIK LAKE","2500440","2021-03-25 03:00","2021","03","25","03:00"
"-119.99","74.14","NANGMAGVIK LAKE","2500440","2021-03-25 04:00","2021","03","25","04:00"
"-119.99","74.14","NANGMAGVIK LAKE","2500440","2021-03-25 05:00","2021","03","25","05:00"
"-119.99","74.14","NANGMAGVIK LAKE","2500440","2021-03-25 06:00","2021","03","25","06:00"
"-119.99","74.14","NANGMAGVIK LAKE","2500440","2021-03-25 07:00","2021","03","25","07:00"
"-119.99","74.14","NANGMAGVIK LAKE","2500440","2021-03-25 08:00","2021","03","25","08:00"
"-119.99","74.14","NANGMAGVIK LAKE","2500440","2021-03-25 09:00","2021","03","25","09:00"
"-119.99","74.14","NANGMAGVIK LAKE","2500440","2021-03-25 10:00","2021","03","25","10:00"
"-119.99","74.14","NANGMAGVIK LAKE","2500440","2021-03-25 11:00","2021","03","25","11:00"
"-119.99","74.14","NANGMAGVIK LAKE","2500440","2021-03-25 12:00","2021","03","25","12:00"
"-119.99","74.14","NANGMAGVIK LAKE","2500440","2021-03-25 13:00","2021","03","25","13:00"
"-119.99","74.14","NANGMAGVIK LAKE","2500440","2021-03-25 14:00","2021","03","25","14:00"
"-119.99","74.14","NANGMAGVIK LAKE","2500440","2021-03-25 15:00","2021","03","25","15:00"
"-119.99","74.14","NANGMAGVIK LAKE","2500440","2021-03-25 16:00","2021","03","25","16:00"
"-119.99","74.14","NANGMAGVIK LAKE","2500440","2021-03-25 17:00","2021","03","25","17:00"
"-119.99","74.14","NANGMAGVIK LAKE","2500440","2021-03-25 18:00","2021","03","25","18:00"
"-119.99","74.14","NANGMAGVIK LAKE","2500440","2021-03-25 19:00","2021","03","25","19:00"
"-119.99","74.14","NANGMAGVIK LAKE","2500440","2021-03-25 20:00","2021","03","25","20:00"
"-119.99","74.14","NANGMAGVIK LAKE","2500440","2021-03-25 21:00","2021","03","25","21:00"
"-119.99","74.14","NANGMAGVIK LAKE","2500440","2021-03-25 22:00","2021","03","25","22:00"
"-119.99","74.14","NANGMAGVIK LAKE","2500440","2021-03-25 23:00","2021","03","25","23:00"
"-119.99","74.14","NANGMAGVIK LAKE","2500440","2021-03-26 00:00","2021","03","26","00:00"
"-119.99","74.14","NANGMAGVIK LAKE","2500440","2021-03-26 01:00","2021","03","26","01:00"
"-119.99","74.14","NANGMAGVIK LAKE","2500440","2021-03-26 02:00","2021","03","26","02:00"
"-119.99","74.14","NANGMAGVIK LAKE","2500440","2021-03-26 03:00","2021","03","26","03:00"
"-119.99","74.14","NANGMAGVIK LAKE","2500440","2021-03-26 04:00","2021","03","26","04:00"
"-119.99","74.14","NANGMAGVIK LAKE","2500440","2021-03-26 05:00","2021","03","26","05:00"
"-119.99","74.14","NANGMAGVIK LAKE","2500440","2021-03-26 06:00","2021","03","26","06:00"
"-119.99","74.14","NANGMAGVIK LAKE","2500440","2021-03-26 07:00","2021","03","26","07:00"
"-119.99","74.14","NANGMAGVIK LAKE","2500440","2021-03-26 08:00","2021","03","26","08:00"
"-119.99","74.14","NANGMAGVIK LAKE","2500440","2021-03-26 09:00","2021","03","26","09:00"
"-119.99","74.14","NANGMAGVIK LAKE","2500440","2021-03-26 10:00","2021","03","26","10:00"
"-119.99","74.14","NANGMAGVIK LAKE","2500440","2021-03-26 11:00","2021","03","26","11:00"
"-119.99","74.14","NANGMAGVIK LAKE","2500440","2021-03-26 12:00","2021","03","26","12:00"
"-119.99","74.14","NANGMAGVIK LAKE","2500440","2021-03-26 13:00","2021","03","26","13:00"
"-119.99","74.14","NANGMAGVIK LAKE","2500440","2021-03-26 14:00","2021","03","26","14:00"
"-119.99","74.14","NANGMAGVIK LAKE","2500440","2021-03-26 15:00","2021","03","26","15:00"
"-119.99","74.14","NANGMAGVIK LAKE","2500440","2021-03-26 16:00","2021","03","26","16:00"
"-119.99","74.14","NANGMAGVIK LAKE","2500440","2021-03-26 17:00","2021","03","26","17:00"
"-119.99","74.14","NANGMAGVIK LAKE","2500440","2021-03-26 18:00","2021","03","26","18:00"
"-119.99","74.14","NANGMAGVIK LAKE","2500440","2021-03-26 19:00","2021","03","26","19:00"
"-119.99","74.14","NANGMAGVIK LAKE","2500440","2021-03-26 20:00","2021","03","26","20:00"
"-119.99","74.14","NANGMAGVIK LAKE","2500440","2021-03-26 21:00","2021","03","26","21:00"
"-119.99","74.14","NANGMAGVIK LAKE","2500440","2021-03-26 22:00","2021","03","26","22:00"
"-119.99","74.14","NANGMAGVIK LAKE","2500440","2021-03-26 23:00","2021","03","26","23:00"
"-119.99","74.14","NANGMAGVIK LAKE","2500440","2021-03-27 00:00","2021","03","27","00:00"
"-119.99","74.14","NANGMAGVIK LAKE","2500440","2021-03-27 01:00","2021","03","27","01:00"
"-119.99","74.14","NANGMAGVIK LAKE","2500440","2021-03-27 02:00","2021","03","27","02:00"
"-119.99","74.14","NANGMAGVIK LAKE","2500440","2021-03-27 03:00","2021","03","27","03:00"
"-119.99","74.14","NANGMAGVIK LAKE","2500440","2021-03-27 04:00","2021","03","27","04:00"
"-119.99","74.14","NANGMAGVIK LAKE","2500440","2021-03-27 05:00","2021","03","27","05:00"
"-119.99","74.14","NANGMAGVIK LAKE","2500440","2021-03-27 06:00","2021","03","27","06:00"
"-119.99","74.14","NANGMAGVIK LAKE","2500440","2021-03-27 07:00","2021","03","27","07:00"
"-119.99","74.14","NANGMAGVIK LAKE","2500440","2021-03-27 08:00","2021","03","27","08:00"
"-119.99","74.14","NANGMAGVIK LAKE","2500440","2021-03-27 09:00","2021","03","27","09:00"
"-119.99","74.14","NANGMAGVIK LAKE","2500440","2021-03-27 10:00","2021","03","27","10:00"
"-119.99","74.14","NANGMAGVIK LAKE","2500440","2021-03-27 11:00","2021","03","27","11:00"
"-119.99","74.14","NANGMAGVIK LAKE","2500440","2021-03-27 12:00","2021","03","27","12:00"
"-119.99","74.14","NANGMAGVIK LAKE","2500440","2021-03-27 13:00","2021","03","27","13:00"
"-119.99","74.14","NANGMAGVIK LAKE","2500440","2021-03-27 14:00","2021","03","27","14:00"
"-119.99","74.14","NANGMAGVIK LAKE","2500440","2021-03-27 15:00","2021","03","27","15:00"
"-119.99","74.14","NANGMAGVIK LAKE","2500440","2021-03-27 16:00","2021","03","27","16:00"
"-119.99","74.14","NANGMAGVIK LAKE","2500440","2021-03-27 17:00","2021","03","27","17:00"
"-119.99","74.14","NANGMAGVIK LAKE","2500440","2021-03-27 18:00","2021","03","27","18:00"
"-119.99","74.14","NANGMAGVIK LAKE","2500440","2021-03-27 19:00","2021","03","27","19:00"
"-119.99","74.14","NANGMAGVIK LAKE","2500440","2021-03-27 20:00","2021","03","27","20:00"
"-119.99","74.14","NANGMAGVIK LAKE","2500440","2021-03-27 21:00","2021","03","27","21:00"
"-119.99","74.14","NANGMAGVIK LAKE","2500440","2021-03-27 22:00","2021","03","27","22:00"
"-119.99","74.14","NANGMAGVIK LAKE","2500440","2021-03-27 23:00","2021","03","27","23:00"
"-119.99","74.14","NANGMAGVIK LAKE","2500440","2021-03-28 00:00","2021","03","28","00:00"
"-119.99","74.14","NANGMAGVIK LAKE","2500440","2021-03-28 01:00","2021","03","28","01:00"
"-119.99","74.14","NANGMAGVIK LAKE","2500440","2021-03-28 02:00","2021","03","28","02:00"
"-119.99","74.14","NANGMAGVIK LAKE","2500440","2021-03-28 03:00","2021","03","28","03:00"
"-119.99","74.14","NANGMAGVIK LAKE","2500440","2021-03-28 04:00","2021","03","28","04:00"
"-119.99","74.14","NANGMAGVIK LAKE","2500440","2021-03-28 05:00","2021","03","28","05:00"
"-119.99","74.14","NANGMAGVIK LAKE","2500440","2021-03-28 06:00","2021","03","28","06:00"
"-119.99","74.14","NANGMAGVIK LAKE","2500440","2021-03-28 07:00","2021","03","28","07:00"
"-119.99","74.14","NANGMAGVIK LAKE","2500440","2021-03-28 08:00","2021","03","28","08:00"
"-119.99","74.14","NANGMAGVIK LAKE","2500440","2021-03-28 09:00","2021","03","28","09:00"
"-119.99","74.14","NANGMAGVIK LAKE","2500440","2021-03-28 10:00","2021","03","28","10:00"
"-119.99","74.14","NANGMAGVIK LAKE","2500440","2021-03-28 11:00","2021","03","28","11:00"
"-119.99","74.14","NANGMAGVIK LAKE","2500440","2021-03-28 12:00","2021","03","28","12:00"
"-119.99","74.14","NANGMAGVIK LAKE","2500440","2021-03-28 13:00","2021","03","28","13:00"
"-119.99","74.14","NANGMAGVIK LAKE","2500440","2021-03-28 14:00","2021","03","28","14:00"
"-119.99","74.14","NANGMAGVIK LAKE","2500440","2021-03-28 15:00","2021","03","28","15:00"
"-119.99","74.14","NANGMAGVIK LAKE","2500440","2021-03-28 16:00","2021","03","28","16:00"
"-119.99","74.14","NANGMAGVIK LAKE","2500440","2021-03-28 17:00","2021","03","28","17:00"
"-119.99","74.14","NANGMAGVIK LAKE","2500440","2021-03-28 18:00","2021","03","28","18:00"
"-119.99","74.14","NANGMAGVIK LAKE","2500440","2021-03-28 19:00","2021","03","28","19:00"
"-119.99","74.14","NANGMAGVIK LAKE","2500440","2021-03-28 20:00","2021","03","28","20:00"
"-119.99","74.14","NANGMAGVIK LAKE","2500440","2021-03-28 21:00","2021","03","28","21:00"
"-119.99","74.14","NANGMAGVIK LAKE","2500440","2021-03-28 22:00","2021","03","28","22:00"
"-119.99","74.14","NANGMAGVIK LAKE","2500440","2021-03-28 23:00","2021","03","28","23:00"
"-119.99","74.14","NANGMAGVIK LAKE","2500440","2021-03-29 00:00","2021","03","29","00:00"
"-119.99","74.14","NANGMAGVIK LAKE","2500440","2021-03-29 01:00","2021","03","29","01:00"
"-119.99","74.14","NANGMAGVIK LAKE","2500440","2021-03-29 02:00","2021","03","29","02:00"
"-119.99","74.14","NANGMAGVIK LAKE","2500440","2021-03-29 03:00","2021","03","29","03:00"
"-119.99","74.14","NANGMAGVIK LAKE","2500440","2021-03-29 04:00","2021","03","29","04:00"
"-119.99","74.14","NANGMAGVIK LAKE","2500440","2021-03-29 05:00","2021","03","29","05:00"
"-119.99","74.14","NANGMAGVIK LAKE","2500440","2021-03-29 06:00","2021","03","29","06:00"
"-119.99","74.14","NANGMAGVIK LAKE","2500440","2021-03-29 07:00","2021","03","29","07:00"
"-119.99","74.14","NANGMAGVIK LAKE","2500440","2021-03-29 08:00","2021","03","29","08:00"
"-119.99","74.14","NANGMAGVIK LAKE","2500440","2021-03-29 09:00","2021","03","29","09:00"
"-119.99","74.14","NANGMAGVIK LAKE","2500440","2021-03-29 10:00","2021","03","29","10:00"
"-119.99","74.14","NANGMAGVIK LAKE","2500440","2021-03-29 11:00","2021","03","29","11:00"
"-119.99","74.14","NANGMAGVIK LAKE","2500440","2021-03-29 12:00","2021","03","29","12:00"
"-119.99","74.14","NANGMAGVIK LAKE","2500440","2021-03-29 13:00","2021","03","29","13:00"
"-119.99","74.14","NANGMAGVIK LAKE","2500440","2021-03-29 14:00","2021","03","29","14:00"
"-119.99","74.14","NANGMAGVIK LAKE","2500440","2021-03-29 15:00","2021","03","29","15:00"
"-119.99","74.14","NANGMAGVIK LAKE","2500440","2021-03-29 16:00","2021","03","29","16:00"
"-119.99","74.14","NANGMAGVIK LAKE","2500440","2021-03-29 17:00","2021","03","29","17:00"
"-119.99","74.14","NANGMAGVIK LAKE","2500440","2021-03-29 18:00","2021","03","29","18:00"
"-119.99","74.14","NANGMAGVIK LAKE","2500440","2021-03-29 19:00","2021","03","29","19:00"
"-119.99","74.14","NANGMAGVIK LAKE","2500440","2021-03-29 20:00","2021","03","29","20:00"
"-119.99","74.14","NANGMAGVIK LAKE","2500440","2021-03-29 21:00","2021","03","29","21:00"
"-119.99","74.14","NANGMAGVIK LAKE","2500440","2021-03-29 22:00","2021","03","29","22:00"
"-119.99","74.14","NANGMAGVIK LAKE","2500440","2021-03-29 23:00","2021","03","29","23:00"
"-119.99","74.14","NANGMAGVIK LAKE","2500440","2021-03-30 00:00","2021","03","30","00:00"
"-119.99","74.14","NANGMAGVIK LAKE","2500440","2021-03-30 01:00","2021","03","30","01:00"
"-119.99","74.14","NANGMAGVIK LAKE","2500440","2021-03-30 02:00","2021","03","30","02:00"
"-119.99","74.14","NANGMAGVIK LAKE","2500440","2021-03-30 03:00","2021","03","30","03:00"
"-119.99","74.14","NANGMAGVIK LAKE","2500440","2021-03-30 04:00","2021","03","30","04:00"
"-119.99","74.14","NANGMAGVIK LAKE","2500440","2021-03-30 05:00","2021","03","30","05:00"
"-119.99","74.14","NANGMAGVIK LAKE","2500440","2021-03-30 06:00","2021","03","30","06:00"
"-119.99","74.14","NANGMAGVIK LAKE","2500440","2021-03-30 07:00","2021","03","30","07:00"
"-119.99","74.14","NANGMAGVIK LAKE","2500440","2021-03-30 08:00","2021","03","30","08:00"
"-119.99","74.14","NANGMAGVIK LAKE","2500440","2021-03-30 09:00","2021","03","30","09:00"
"-119.99","74.14","NANGMAGVIK LAKE","2500440","2021-03-30 10:00","2021","03","30","10:00"
"-119.99","74.14","NANGMAGVIK LAKE","2500440","2021-03-30 11:00","2021","03","30","11:00"
"-119.99","74.14","NANGMAGVIK LAKE","2500440","2021-03-30 12:00","2021","03","30","12:00"
"-119.99","74.14","NANGMAGVIK LAKE","2500440","2021-03-30 13:00","2021","03","30","13:00"
"-119.99","74.14","NANGMAGVIK LAKE","2500440","2021-03-30 14:00","2021","03","30","14:00"
"-119.99","74.14","NANGMAGVIK LAKE","2500440","2021-03-30 15:00","2021","03","30","15:00"
"-119.99","74.14","NANGMAGVIK LAKE","2500440","2021-03-30 16:00","2021","03","30","16:00"
"-119.99","74.14","NANGMAGVIK LAKE","2500440","2021-03-30 17:00","2021","03","30","17:00"
"-119.99","74.14","NANGMAGVIK LAKE","2500440","2021-03-30 18:00","2021","03","30","18:00"
"-119.99","74.14","NANGMAGVIK LAKE","2500440","2021-03-30 19:00","2021","03","30","19:00"
"-119.99","74.14","NANGMAGVIK LAKE","2500440","2021-03-30 20:00","2021","03","30","20:00"
"-119.99","74.14","NANGMAGVIK LAKE","2500440","2021-03-30 21:00","2021","03","30","21:00"
"-119.99","74.14","NANGMAGVIK LAKE","2500440","2021-03-30 22:00","2021","03","30","22:00"
"-119.99","74.14","NANGMAGVIK LAKE","2500440","2021-03-30 23:00","2021","03","30","23:00"
"-119.99","74.14","NANGMAGVIK LAKE","2500440","2021-03-31 00:00","2021","03","31","00:00"
"-119.99","74.14","NANGMAGVIK LAKE","2500440","2021-03-31 01:00","2021","03","31","01:00"
"-119.99","74.14","NANGMAGVIK LAKE","2500440","2021-03-31 02:00","2021","03","31","02:00"
"-119.99","74.14","NANGMAGVIK LAKE","2500440","2021-03-31 03:00","2021","03","31","03:00"
"-119.99","74.14","NANGMAGVIK LAKE","2500440","2021-03-31 04:00","2021","03","31","04:00"
"-119.99","74.14","NANGMAGVIK LAKE","2500440","2021-03-31 05:00","2021","03","31","05:00"
"-119.99","74.14","NANGMAGVIK LAKE","2500440","2021-03-31 06:00","2021","03","31","06:00"
"-119.99","74.14","NANGMAGVIK LAKE","2500440","2021-03-31 07:00","2021","03","31","07:00"
"-119.99","74.14","NANGMAGVIK LAKE","2500440","2021-03-31 08:00","2021","03","31","08:00"
"-119.99","74.14","NANGMAGVIK LAKE","2500440","2021-03-31 09:00","2021","03","31","09:00"
"-119.99","74.14","NANGMAGVIK LAKE","2500440","2021-03-31 10:00","2021","03","31","10:00"
"-119.99","74.14","NANGMAGVIK LAKE","2500440","2021-03-31 11:00","2021","03","31","11:00"
"-119.99","74.14","NANGMAGVIK LAKE","2500440","2021-03-31 12:00","2021","03","31","12:00"
"-119.99","74.14","NANGMAGVIK LAKE","2500440","2021-03-31 13:00","2021","03","31","13:00"
"-119.99","74.14","NANGMAGVIK LAKE","2500440","2021-03-31 14:00","2021","03","31","14:00"
"-119.99","74.14","NANGMAGVIK LAKE","2500440","2021-03-31 15:00","2021","03","31","15:00"
"-119.99","74.14","NANGMAGVIK LAKE","2500440","2021-03-31 16:00","2021","03","31","16:00"
"-119.99","74.14","NANGMAGVIK LAKE","2500440","2021-03-31 17:00","2021","03","31","17:00"
"-119.99","74.14","NANGMAGVIK LAKE","2500440","2021-03-31 18:00","2021","03","31","18:00"
"-119.99","74.14","NANGMAGVIK LAKE","2500440","2021-03-31 19:00","2021","03","31","19:00"
"-119.99","74.14","NANGMAGVIK LAKE","2500440","2021-03-31 20:00","2021","03","31","20:00"
"-119.99","74.14","NANGMAGVIK LAKE","2500440","2021-03-31 21:00","2021","03","31","21:00"
"-119.99","74.14","NANGMAGVIK LAKE","2500440","2021-03-31 22:00","2021","03","31","22:00"
"-119.99","74.14","NANGMAGVIK LAKE","2500440","2021-03-31 23:00","2021","03","31","23:00"
