"Longitude (x)","Latitude (y)","Station Name","Climate ID","Date/Time","Year","Month","Day","Data Quality","Max Temp (°C)","Max Temp Flag","Min Temp (°C)","Min Temp Flag","Mean Temp (°C)","Mean Temp Flag","Heat Deg Days (°C)","Heat Deg Days Flag","Cool Deg Days (°C)","Cool Deg Days Flag","Total Rain (mm)","Total Rain Flag","Total Snow (cm)","Total Snow Flag","Total Precip (mm)","Total Precip Flag","Snow on Grnd (cm)","Snow on Grnd Flag","Dir of Max Gust (10s deg)","Dir of Max Gust Flag","Spd of Max Gust (km/h)","Spd of Max Gust Flag"
"-81.11","44.74","WIARTON A","6119498","2021-01-01","2021","01","01","","0.0","","-4.7","","-2.4","","20.4","","0.0","","","","","","","M","","","11","","35",""
"-81.11","44.74","WIARTON A","6119498","2021-01-02","2021","01","02","","0.1","","-2.5","","-1.2","","19.2","","0.0","","","","","","","M","","","","","",""
"-81.11","44.74","WIARTON A","6119498","2021-01-03","2021","01","03","","-0.6","","-3.8","","-2.2","","20.2","","0.0","","","","","","","M","","","","","",""
"-81.11","44.74","WIARTON A","6119498","2021-01-04","2021","01","04","","0.4","","-1.0","","-0.3","","18.3","","0.0","","","","","","","M","","","21","","31",""
"-81.11","44.74","WIARTON A","6119498","2021-01-05","2021","01","05","","0.2","","-0.9","","-0.4","","18.4","","0.0","","","","","","","M","","","","","",""
"-81.11","44.74","WIARTON A","6119498","2021-01-06","2021","01","06","","1.9","","-1.4","","0.3","","17.7","","0.0","","","","","","","M","","","3","","39",""
"-81.11","44.74","WIARTON A","6119498","2021-01-07","2021","01","07","","-0.6","","-6.1","","-3.4","","21.4","","0.0","","","","","","","M","","","5","","41",""
"-81.11","44.74","WIARTON A","6119498","2021-01-08","2021","01","08","","-1.5","","-7.0","","-4.3","","22.3","","0.0","","","","","","","M","","","3","","31",""
"-81.11","44.74","WIARTON A","6119498","2021-01-09","2021","01","09","","1.0","","-11.1","","-5.1","","23.1","","0.0","","","","","","","M","","","","","",""
"-81.11","44.74","WIARTON A","6119498","2021-01-10","2021","01","10","","1.0","","-4.4","","-1.7","","19.7","","0.0","","","","","","","M","","","","","",""
"-81.11","44.74","WIARTON A","6119498","2021-01-11","2021","01","11","","-0.1","","-2.0","","-1.1","","19.1","","0.0","","","","","","","M","","","25","","44",""
"-81.11","44.74","WIARTON A","6119498","2021-01-12","2021","01","12","","-0.2","","-1.9","","-1.1","","19.1","","0.0","","","","","","","M","","","19","","33",""
"-81.11","44.74","WIARTON A","6119498","2021-01-13","2021","01","13","","1.9","","-1.1","","0.4","","17.6","","0.0","","","","","","","M","","","21","","41",""
"-81.11","44.74","WIARTON A","6119498","2021-01-14","2021","01","14","","3.2","","0.4","","1.8","","16.2","","0.0","","","","","","","M","","","11","","31",""
"-81.11","44.74","WIARTON A","6119498","2021-01-15","2021","01","15","","3.0","","0.8","","1.9","","16.1","","0.0","","","","","","","M","","","9","","50",""
"-81.11","44.74","WIARTON A","6119498","2021-01-16","2021","01","16","","1.7","","-2.1","","-0.2","","18.2","","0.0","","","","","","","M","","","28","","33",""
"-81.11","44.74","WIARTON A","6119498","2021-01-17","2021","01","17","","-0.2","","-2.9","","-1.6","","19.6","","0.0","","","","","","","M","","","","","",""
"-81.11","44.74","WIARTON A","6119498","2021-01-18","2021","01","18","","-2.5","","-5.1","","-3.8","","21.8","","0.0","","","","","","","M","","","","","",""
"-81.11","44.74","WIARTON A","6119498","2021-01-19","2021","01","19","","-0.5","","-6.9","","-3.7","","21.7","","0.0","","","","","","","M","","","23","","50",""
"-81.11","44.74","WIARTON A","6119498","2021-01-20","2021","01","20","","-4.1","","-10.7","","-7.4","","25.4","","0.0","","","","","","","M","","","20","","52",""
"-81.11","44.74","WIARTON A","6119498","2021-01-21","2021","01","21","","2.6","","-4.3","","-0.9","","18.9","","0.0","","","","","","","M","","","23","","61",""
"-81.11","44.74","WIARTON A","6119498","2021-01-22","2021","01","22","","-1.4","","-10.9","","-6.2","","24.2","","0.0","","","","","","","M","","","28","","42",""
"-81.11","44.74","WIARTON A","6119498","2021-01-23","2021","01","23","","-7.4","","-13.5","","-10.5","","28.5","","0.0","","","","","","","M","","","","","",""
"-81.11","44.74","WIARTON A","6119498","2021-01-24","2021","01","24","","-4.0","","-7.7","","-5.9","","23.9","","0.0","","","","","","","M","","","17","","33",""
"-81.11","44.74","WIARTON A","6119498","2021-01-25","2021","01","25","","-1.0","","-7.0","","-4.0","","22.0","","0.0","","","","","","","M","","","20","","31",""
"-81.11","44.74","WIARTON A","6119498","2021-01-26","2021","01","26","","-1.9","","-4.8","","-3.4","","21.4","","0.0","","","","","","","M","","","6","","50",""
"-81.11","44.74","WIARTON A","6119498","2021-01-27","2021","01","27","","-4.8","","-9.0","","-6.9","","24.9","","0.0","","","","","","","M","","","","","",""
"-81.11","44.74","WIARTON A","6119498","2021-01-28","2021","01","28","","-8.2","","-14.6","","-11.4","","29.4","","0.0","","","","","","","M","","","29","","46",""
"-81.11","44.74","WIARTON A","6119498","2021-01-29","2021","01","29","","-7.6","","-14.5","","-11.1","","29.1","","0.0","","","","","","","M","","","","","",""
"-81.11","44.74","WIARTON A","6119498","2021-01-30","2021","01","30","","-3.3","","-20.3","","-11.8","","29.8","","0.0","","","","","","","M","","","","","",""
"-81.11","44.74","WIARTON A","6119498","2021-01-31","2021","01","31","","-5.1","","-14.5","","-9.8","","27.8","","0.0","","","","","","","M","","","8","","48",""
"-81.11","44.74","WIARTON A","6119498","2021-02-01","2021","02","01","","-4.3","","-10.7","","-7.5","","25.5","","0.0","","","","","","","M","","","","","",""
"-81.11","44.74","WIARTON A","6119498","2021-02-02","2021","02","02","","-1.5","","-7.7","","-4.6","","22.6","","0.0","","","","","","","M","","","36","","41",""
"-81.11","44.74","WIARTON A","6119498","2021-02-03","2021","02","03","","0.0","","-11.9","","-6.0","","24.0","","0.0","","","","","","","M","","","2","","41",""
"-81.11","44.74","WIARTON A","6119498","2021-02-04","2021","02","04","","2.9","","-14.8","","-6.0","","24.0","","0.0","","","","","","","M","","","17","","61",""
"-81.11","44.74","WIARTON A","6119498","2021-02-05","2021","02","05","","1.2","","-7.8","","-3.3","","21.3","","0.0","","","","","","","M","","","22","","70",""
"-81.11","44.74","WIARTON A","6119498","2021-02-06","2021","02","06","","-6.2","","-9.1","","-7.7","","25.7","","0.0","","","","","","","M","","","24","","59",""
"-81.11","44.74","WIARTON A","6119498","2021-02-07","2021","02","07","","-7.4","","-10.7","","-9.1","","27.1","","0.0","","","","","","","M","","","29","","41",""
"-81.11","44.74","WIARTON A","6119498","2021-02-08","2021","02","08","","-9.5","","-11.3","","-10.4","","28.4","","0.0","","","","","","","M","","","19","","42",""
"-81.11","44.74","WIARTON A","6119498","2021-02-09","2021","02","09","","-6.6","","-11.0","","-8.8","","26.8","","0.0","","","","","","","M","","","","","",""
"-81.11","44.74","WIARTON A","6119498","2021-02-10","2021","02","10","","-6.8","","-9.7","","-8.3","","26.3","","0.0","","","","","","","M","","","","","",""
"-81.11","44.74","WIARTON A","6119498","2021-02-11","2021","02","11","","-7.7","","-13.1","","-10.4","","28.4","","0.0","","","","","","","M","","","5","","31",""
"-81.11","44.74","WIARTON A","6119498","2021-02-12","2021","02","12","","-11.4","","-18.3","","-14.9","","32.9","","0.0","","","","","","","M","","","5","","33",""
"-81.11","44.74","WIARTON A","6119498","2021-02-13","2021","02","13","","-9.7","","-16.4","","-13.1","","31.1","","0.0","","","","","","","M","","","8","","37",""
"-81.11","44.74","WIARTON A","6119498","2021-02-14","2021","02","14","","-5.2","","-22.8","","-14.0","","32.0","","0.0","","","","","","","M","","","","","",""
"-81.11","44.74","WIARTON A","6119498","2021-02-15","2021","02","15","","-8.1","","-11.1","","-9.6","","27.6","","0.0","","","","","","","M","","","6","","52",""
"-81.11","44.74","WIARTON A","6119498","2021-02-16","2021","02","16","","-10.1","","-18.3","","-14.2","","32.2","","0.0","","","","","","","M","","","4","","61",""
"-81.11","44.74","WIARTON A","6119498","2021-02-17","2021","02","17","","-5.2","","-15.9","","-10.6","","28.6","","0.0","","","","","","","M","","","24","","31",""
"-81.11","44.74","WIARTON A","6119498","2021-02-18","2021","02","18","","-3.9","","-15.2","","-9.6","","27.6","","0.0","","","","","","","M","","","","","",""
"-81.11","44.74","WIARTON A","6119498","2021-02-19","2021","02","19","","-2.6","","-16.6","","-9.6","","27.6","","0.0","","","","","","","M","","","","","",""
"-81.11","44.74","WIARTON A","6119498","2021-02-20","2021","02","20","","-2.4","","-21.3","","-11.9","","29.9","","0.0","","","","","","","M","","","","","",""
"-81.11","44.74","WIARTON A","6119498","2021-02-21","2021","02","21","","-1.9","","-7.9","","-4.9","","22.9","","0.0","","","","","","","M","","","17","","39",""
"-81.11","44.74","WIARTON A","6119498","2021-02-22","2021","02","22","","1.6","","-3.3","","-0.9","","18.9","","0.0","","","","","","","M","","","21","","55",""
"-81.11","44.74","WIARTON A","6119498","2021-02-23","2021","02","23","","3.5","","-1.5","","1.0","","17.0","","0.0","","","","","","","M","","","21","","48",""
"-81.11","44.74","WIARTON A","6119498","2021-02-24","2021","02","24","","4.2","","-3.1","","0.6","","17.4","","0.0","","","","","","","M","","","31","","46",""
"-81.11","44.74","WIARTON A","6119498","2021-02-25","2021","02","25","","-1.5","","-9.2","","-5.4","","23.4","","0.0","","","","","","","M","","","30","","50",""
"-81.11","44.74","WIARTON A","6119498","2021-02-26","2021","02","26","","2.9","","-11.3","","-4.2","","22.2","","0.0","","","","","","","M","","","21","","50",""
"-81.11","44.74","WIARTON A","6119498","2021-02-27","2021","02","27","","2.4","","-3.0","","-0.3","","18.3","","0.0","","","","","","","M","","","22","","42",""
"-81.11","44.74","WIARTON A","6119498","2021-02-28","2021","02","28","","7.3","","-4.0","","1.7","","16.3","","0.0","","","","","","","M","","","24","","61",""
"-81.11","44.74","WIARTON A","6119498","2021-03-01","2021","03","01","","1.2","","-12.8","","-5.8","","23.8","","0.0","","","","","","","M","","","30","","76",""
"-81.11","44.74","WIARTON A","6119498","2021-03-02","2021","03","02","","1.2","","-16.2","","-7.5","","25.5","","0.0","","","","","","","M","","","21","","57",""
"-81.11","44.74","WIARTON A","6119498","2021-03-03","2021","03","03","","4.4","","-1.9","","1.3","","16.7","","0.0","","","","","","","M","","","25","","48",""
"-81.11","44.74","WIARTON A","6119498","2021-03-04","2021","03","04","","-2.2","","-9.5","","-5.9","","23.9","","0.0","","","","","","","M","","","36","","41",""
"-81.11","44.74","WIARTON A","6119498","2021-03-05","2021","03","05","","","M","","M","","M","","M","","M","","","","","","M","","","","M","","M"
"-81.11","44.74","WIARTON A","6119498","2021-03-06","2021","03","06","","-3.7","","-12.0","","-7.9","","25.9","","0.0","","","","","","","M","","","27","","41",""
"-81.11","44.74","WIARTON A","6119498","2021-03-07","2021","03","07","","-4.8","","-16.0","","-10.4","","28.4","","0.0","","","","","","","M","","","","","",""
"-81.11","44.74","WIARTON A","6119498","2021-03-08","2021","03","08","","8.7","","-11.9","","-1.6","","19.6","","0.0","","","","","","","M","","","19","","44",""
"-81.11","44.74","WIARTON A","6119498","2021-03-09","2021","03","09","","7.6","","-1.9","","2.9","","15.1","","0.0","","","","","","","M","","","","","",""
"-81.11","44.74","WIARTON A","6119498","2021-03-10","2021","03","10","","11.7","","3.1","","7.4","","10.6","","0.0","","","","","","","M","","","20","","52",""
"-81.11","44.74","WIARTON A","6119498","2021-03-11","2021","03","11","","16.2","","1.0","","8.6","","9.4","","0.0","","","","","","","M","","","25","","99",""
"-81.11","44.74","WIARTON A","6119498","2021-03-12","2021","03","12","","4.5","","-6.3","","-0.9","","18.9","","0.0","","","","","","","M","","","31","","82",""
"-81.11","44.74","WIARTON A","6119498","2021-03-13","2021","03","13","","4.0","","-9.0","","-2.5","","20.5","","0.0","","","","","","","M","","","22","","63",""
"-81.11","44.74","WIARTON A","6119498","2021-03-14","2021","03","14","","0.5","","-5.5","","-2.5","","20.5","","0.0","","","","","","","M","","","34","","50",""
"-81.11","44.74","WIARTON A","6119498","2021-03-15","2021","03","15","","-2.2","","-8.4","","-5.3","","23.3","","0.0","","","","","","","M","","","3","","37",""
"-81.11","44.74","WIARTON A","6119498","2021-03-16","2021","03","16","","3.6","","-3.1","","0.3","","17.7","","0.0","","","","","","","M","","","9","","36",""
"-81.11","44.74","WIARTON A","6119498","2021-03-17","2021","03","17","","4.8","","0.1","","2.5","","15.5","","0.0","","","","","","","M","","","23","","31",""
"-81.11","44.74","WIARTON A","6119498","2021-03-18","2021","03","18","","3.0","","-3.2","","-0.1","","18.1","","0.0","","","","","","","M","","","4","","57",""
"-81.11","44.74","WIARTON A","6119498","2021-03-19","2021","03","19","","3.5","","-4.9","","-0.7","","18.7","","0.0","","","","","","","M","","","5","","46",""
"-81.11","44.74","WIARTON A","6119498","2021-03-20","2021","03","20","","9.1","","-1.6","","3.8","","14.2","","0.0","","","","","","","M","","","23","","33",""
"-81.11","44.74","WIARTON A","6119498","2021-03-21","2021","03","21","","15.0","","0.3","","7.7","","10.3","","0.0","","","","","","","M","","","21","","34",""
"-81.11","44.74","WIARTON A","6119498","2021-03-22","2021","03","22","","18.4","","5.5","","12.0","","6.0","","0.0","","","","","","","M","","","24","","50",""
"-81.11","44.74","WIARTON A","6119498","2021-03-23","2021","03","23","","20.1","","3.6","","11.9","","6.1","","0.0","","","","","","","M","","","19","","36",""
"-81.11","44.74","WIARTON A","6119498","2021-03-24","2021","03","24","","20.1","","7.1","","13.6","","4.4","","0.0","","","","","","","M","","","23","","68",""
"-81.11","44.74","WIARTON A","6119498","2021-03-25","2021","03","25","","11.6","","2.2","","6.9","","11.1","","0.0","","","","","","","M","","","24","","49",""
"-81.11","44.74","WIARTON A","6119498","2021-03-26","2021","03","26","","3.6","","0.0","","1.8","","16.2","","0.0","","","","","","","M","","","36","","53",""
"-81.11","44.74","WIARTON A","6119498","2021-03-27","2021","03","27","","5.1","","0.4","","2.8","","15.2","","0.0","","","","","","","M","","","","","",""
"-81.11","44.74","WIARTON A","6119498","2021-03-28","2021","03","28","","9.6","","-0.6","","4.5","","13.5","","0.0","","","","","","","M","","","30","","62",""
"-81.11","44.74","WIARTON A","6119498","2021-03-29","2021","03","29","","3.9","","-4.1","","-0.1","","18.1","","0.0","","","","","","","M","","","18","","47",""
"-81.11","44.74","WIARTON A","6119498","2021-03-30","2021","03","30","","17.1","","3.5","","10.3","","7.7","","0.0","","","","","","","M","","","20","","67",""
"-81.11","44.74","WIARTON A","6119498","2021-03-31","2021","03","31","","11.2","","-2.0","","4.6","","13.4","","0.0","","","","","","","M","","","30","","47",""
"-81.11","44.74","WIARTON A","6119498","2021-04-01","2021","04","01","","-0.9","","-6.6","","-3.8","","21.8","","0.0","","","","","","","M","","","2","","45",""
"-81.11","44.74","WIARTON A","6119498","2021-04-02","2021","04","02","","1.8","","-4.2","","-1.2","","19.2","","0.0","","","","","","","M","","","36","","31",""
"-81.11","44.74","WIARTON A","6119498","2021-04-03","2021","04","03","","10.8","","-4.0","","3.4","","14.6","","0.0","","","","","","","M","","","21","","50",""
"-81.11","44.74","WIARTON A","6119498","2021-04-04","2021","04","04","","12.0","","-4.0","","4.0","","14.0","","0.0","","","","","","","M","","","","","",""
"-81.11","44.74","WIARTON A","6119498","2021-04-05","2021","04","05","","13.9","","1.2","","7.6","","10.4","","0.0","","","","","","","M","","","","","",""
"-81.11","44.74","WIARTON A","6119498","2021-04-06","2021","04","06","","18.3","","0.6","","9.5","","8.5","","0.0","","","","","","","M","","","5","","39",""
"-81.11","44.74","WIARTON A","6119498","2021-04-07","2021","04","07","","21.1","","2.8","","12.0","","6.0","","0.0","","","","","","","M","","","14","","33",""
"-81.11","44.74","WIARTON A","6119498","2021-04-08","2021","04","08","","24.7","","6.1","","15.4","","2.6","","0.0","","","","","","","M","","","10","","40",""
"-81.11","44.74","WIARTON A","6119498","2021-04-09","2021","04","09","","21.9","","10.3","","16.1","","1.9","","0.0","","","","","","","M","","","18","","46",""
"-81.11","44.74","WIARTON A","6119498","2021-04-10","2021","04","10","","19.2","","8.4","","13.8","","4.2","","0.0","","","","","","","M","","","16","","32",""
"-81.11","44.74","WIARTON A","6119498","2021-04-11","2021","04","11","","17.0","","8.5","","12.8","","5.2","","0.0","","","","","","","M","","","11","","36",""
"-81.11","44.74","WIARTON A","6119498","2021-04-12","2021","04","12","","12.4","","7.1","","9.8","","8.2","","0.0","","","","","","","M","","","8","","38",""
"-81.11","44.74","WIARTON A","6119498","2021-04-13","2021","04","13","","14.1","","2.7","","8.4","","9.6","","0.0","","","","","","","M","","","23","","35",""
"-81.11","44.74","WIARTON A","6119498","2021-04-14","2021","04","14","","11.5","","2.1","","6.8","","11.2","","0.0","","","","","","","M","","","","","",""
"-81.11","44.74","WIARTON A","6119498","2021-04-15","2021","04","15","","5.8","","1.9","","3.9","","14.1","","0.0","","","","","","","M","","","","","",""
"-81.11","44.74","WIARTON A","6119498","2021-04-16","2021","04","16","","5.2","","1.8","","3.5","","14.5","","0.0","","","","","","","M","","","","","",""
"-81.11","44.74","WIARTON A","6119498","2021-04-17","2021","04","17","","10.2","","-0.4","","4.9","","13.1","","0.0","","","","","","","M","","","27","","31",""
"-81.11","44.74","WIARTON A","6119498","2021-04-18","2021","04","18","","7.5","","-0.6","","3.5","","14.5","","0.0","","","","","","","M","","","28","","32",""
"-81.11","44.74","WIARTON A","6119498","2021-04-19","2021","04","19","","16.0","","-0.9","","7.6","","10.4","","0.0","","","","","","","M","","","18","","51",""
"-81.11","44.74","WIARTON A","6119498","2021-04-20","2021","04","20","","1.4","","-1.4","","0.0","","18.0","","0.0","","","","","","","M","","","27","","49",""
"-81.11","44.74","WIARTON A","6119498","2021-04-21","2021","04","21","","0.7","","-2.8","","-1.1","","19.1","","0.0","","","","","","","M","","","27","","41",""
"-81.11","44.74","WIARTON A","6119498","2021-04-22","2021","04","22","","3.8","","-1.6","","1.1","","16.9","","0.0","","","","","","","M","","","28","","41",""
"-81.11","44.74","WIARTON A","6119498","2021-04-23","2021","04","23","","14.2","","-2.6","","5.8","","12.2","","0.0","","","","","","","M","","","23","","39",""
"-81.11","44.74","WIARTON A","6119498","2021-04-24","2021","04","24","","15.4","","2.0","","8.7","","9.3","","0.0","","","","","","","M","","","","","",""
"-81.11","44.74","WIARTON A","6119498","2021-04-25","2021","04","25","","8.2","","-0.2","","4.0","","14.0","","0.0","","","","","","","M","","","30","","50",""
"-81.11","44.74","WIARTON A","6119498","2021-04-26","2021","04","26","","4.9","","-2.4","","1.3","","16.7","","0.0","","","","","","","M","","","11","","34",""
"-81.11","44.74","WIARTON A","6119498","2021-04-27","2021","04","27","","15.8","","2.9","","9.4","","8.6","","0.0","","","","","","","M","","","10","","34",""
"-81.11","44.74","WIARTON A","6119498","2021-04-28","2021","04","28","","10.3","","4.8","","7.6","","10.4","","0.0","","","","","","","M","","","","","",""
"-81.11","44.74","WIARTON A","6119498","2021-04-29","2021","04","29","","11.0","","5.2","","8.1","","9.9","","0.0","","","","","","","M","","","30","","44",""
"-81.11","44.74","WIARTON A","6119498","2021-04-30","2021","04","30","","7.3","","2.2","","4.8","","13.2","","0.0","","","","","","","M","","","29","","64",""
"-81.11","44.74","WIARTON A","6119498","2021-05-01","2021","05","01","","13.1","","-2.6","","5.3","","12.7","","0.0","","","","","","","M","","","19","","50",""
"-81.11","44.74","WIARTON A","6119498","2021-05-02","2021","05","02","","15.2","","3.1","","9.2","","8.8","","0.0","","","","","","","M","","","14","","38",""
"-81.11","44.74","WIARTON A","6119498","2021-05-03","2021","05","03","","11.2","","6.6","","8.9","","9.1","","0.0","","","","","","","M","","","10","","42",""
"-81.11","44.74","WIARTON A","6119498","2021-05-04","2021","05","04","","10.6","","4.5","","7.6","","10.4","","0.0","","","","","","","M","","","","","",""
"-81.11","44.74","WIARTON A","6119498","2021-05-05","2021","05","05","","8.6","","3.9","","6.3","","11.7","","0.0","","","","","","","M","","","28","","35",""
"-81.11","44.74","WIARTON A","6119498","2021-05-06","2021","05","06","","8.8","","-1.1","","3.9","","14.1","","0.0","","","","","","","M","","","24","","31",""
"-81.11","44.74","WIARTON A","6119498","2021-05-07","2021","05","07","","11.0","","2.7","","6.9","","11.1","","0.0","","","","","","","M","","","","","",""
"-81.11","44.74","WIARTON A","6119498","2021-05-08","2021","05","08","","10.3","","1.4","","5.9","","12.1","","0.0","","","","","","","M","","","","","",""
"-81.11","44.74","WIARTON A","6119498","2021-05-09","2021","05","09","","11.6","","-1.7","","5.0","","13.0","","0.0","","","","","","","M","","","","","",""
"-81.11","44.74","WIARTON A","6119498","2021-05-10","2021","05","10","","9.7","","-1.1","","4.3","","13.7","","0.0","","","","","","","M","","","31","","38",""
"-81.11","44.74","WIARTON A","6119498","2021-05-11","2021","05","11","","6.9","","3.1","","5.0","","13.0","","0.0","","","","","","","M","","","28","","46",""
"-81.11","44.74","WIARTON A","6119498","2021-05-12","2021","05","12","","14.4","","4.1","","9.3","","8.7","","0.0","","","","","","","M","","","28","","38",""
"-81.11","44.74","WIARTON A","6119498","2021-05-13","2021","05","13","","15.0","","1.3","","8.2","","9.8","","0.0","","","","","","","M","","","","","",""
"-81.11","44.74","WIARTON A","6119498","2021-05-14","2021","05","14","","19.4","","-0.2","","9.6","","8.4","","0.0","","","","","","","M","","","","","",""
"-81.11","44.74","WIARTON A","6119498","2021-05-15","2021","05","15","","20.4","","2.5","","11.5","","6.5","","0.0","","","","","","","M","","","","","",""
"-81.11","44.74","WIARTON A","6119498","2021-05-16","2021","05","16","","18.6","","5.9","","12.3","","5.7","","0.0","","","","","","","M","","","","","",""
"-81.11","44.74","WIARTON A","6119498","2021-05-17","2021","05","17","","21.4","","6.9","","14.2","","3.8","","0.0","","","","","","","M","","","","","",""
"-81.11","44.74","WIARTON A","6119498","2021-05-18","2021","05","18","","22.4","","9.4","","15.9","","2.1","","0.0","","","","","","","M","","","","","",""
"-81.11","44.74","WIARTON A","6119498","2021-05-19","2021","05","19","","25.6","","9.7","","17.7","","0.3","","0.0","","","","","","","M","","","","","",""
"-81.11","44.74","WIARTON A","6119498","2021-05-20","2021","05","20","","27.4","","16.3","","21.9","","0.0","","3.9","","","","","","","M","","","","","",""
"-81.11","44.74","WIARTON A","6119498","2021-05-21","2021","05","21","","27.4","","19.5","","23.5","","0.0","","5.5","","","","","","","M","","","26","","31",""
"-81.11","44.74","WIARTON A","6119498","2021-05-22","2021","05","22","","21.3","","14.8","","18.1","","0.0","","0.1","","","","","","","M","","","24","","36",""
"-81.11","44.74","WIARTON A","6119498","2021-05-23","2021","05","23","","15.5","","8.8","","12.2","","5.8","","0.0","","","","","","","M","","","5","","39",""
"-81.11","44.74","WIARTON A","6119498","2021-05-24","2021","05","24","","20.1","","6.8","","13.5","","4.5","","0.0","","","","","","","M","","","","","",""
"-81.11","44.74","WIARTON A","6119498","2021-05-25","2021","05","25","","27.4","","17.1","","22.3","","0.0","","4.3","","","","","","","M","","","25","","52",""
"-81.11","44.74","WIARTON A","6119498","2021-05-26","2021","05","26","","24.1","","6.2","","15.2","","2.8","","0.0","","","","","","","M","","","23","","62",""
"-81.11","44.74","WIARTON A","6119498","2021-05-27","2021","05","27","","9.7","","4.3","","7.0","","11.0","","0.0","","","","","","","M","","","5","","31",""
"-81.11","44.74","WIARTON A","6119498","2021-05-28","2021","05","28","","10.1","","2.6","","6.4","","11.6","","0.0","","","","","","","M","","","4","","42",""
"-81.11","44.74","WIARTON A","6119498","2021-05-29","2021","05","29","","15.2","","1.3","","8.3","","9.7","","0.0","","","","","","","M","","","8","","37",""
"-81.11","44.74","WIARTON A","6119498","2021-05-30","2021","05","30","","18.5","","-0.3","","9.1","","8.9","","0.0","","","","","","","M","","","","","",""
"-81.11","44.74","WIARTON A","6119498","2021-05-31","2021","05","31","","19.5","","2.5","","11.0","","7.0","","0.0","","","","","","","M","","","","","",""
"-81.11","44.74","WIARTON A","6119498","2021-06-01","2021","06","01","","20.3","","7.4","","13.9","","4.1","","0.0","","","","","","","M","","","21","","31",""
"-81.11","44.74","WIARTON A","6119498","2021-06-02","2021","06","02","","22.7","","5.8","","14.3","","3.7","","0.0","","","","","","","M","","","","","",""
"-81.11","44.74","WIARTON A","6119498","2021-06-03","2021","06","03","","21.8","","13.0","","17.4","","0.6","","0.0","","","","","","","M","","","","","",""
"-81.11","44.74","WIARTON A","6119498","2021-06-04","2021","06","04","","23.7","","13.9","","18.8","","0.0","","0.8","","","","","","","M","","","22","","38",""
"-81.11","44.74","WIARTON A","6119498","2021-06-05","2021","06","05","","28.3","","17.9","","23.1","","0.0","","5.1","","","","","","","M","","","23","","57",""
"-81.11","44.74","WIARTON A","6119498","2021-06-06","2021","06","06","","29.9","","18.7","","24.3","","0.0","","6.3","","","","","","","M","","","22","","42",""
"-81.11","44.74","WIARTON A","6119498","2021-06-07","2021","06","07","","29.2","","20.5","","24.9","","0.0","","6.9","","","","","","","M","","","22","","37",""
"-81.11","44.74","WIARTON A","6119498","2021-06-08","2021","06","08","","27.6","","18.2","","22.9","","0.0","","4.9","","","","","","","M","","","","","",""
"-81.11","44.74","WIARTON A","6119498","2021-06-09","2021","06","09","","25.6","","16.5","","21.1","","0.0","","3.1","","","","","","","M","","","5","","33",""
"-81.11","44.74","WIARTON A","6119498","2021-06-10","2021","06","10","","26.6","","14.6","","20.6","","0.0","","2.6","","","","","","","M","","","","","",""
"-81.11","44.74","WIARTON A","6119498","2021-06-11","2021","06","11","","20.4","","13.0","","16.7","","1.3","","0.0","","","","","","","M","","","5","","35",""
"-81.11","44.74","WIARTON A","6119498","2021-06-12","2021","06","12","","23.6","","12.3","","18.0","","0.0","","0.0","","","","","","","M","","","12","","31",""
"-81.11","44.74","WIARTON A","6119498","2021-06-13","2021","06","13","","22.4","","13.6","","18.0","","0.0","","0.0","","","","","","","M","","","","","",""
"-81.11","44.74","WIARTON A","6119498","2021-06-14","2021","06","14","","20.4","","14.4","","17.4","","0.6","","0.0","","","","","","","M","","","","","",""
"-81.11","44.74","WIARTON A","6119498","2021-06-15","2021","06","15","","19.6","","9.6","","14.6","","3.4","","0.0","","","","","","","M","","","1","","39",""
"-81.11","44.74","WIARTON A","6119498","2021-06-16","2021","06","16","","17.3","","6.7","","12.0","","6.0","","0.0","","","","","","","M","","","27","","34",""
"-81.11","44.74","WIARTON A","6119498","2021-06-17","2021","06","17","","23.7","","7.9","","15.8","","2.2","","0.0","","","","","","","M","","","18","","33",""
"-81.11","44.74","WIARTON A","6119498","2021-06-18","2021","06","18","","25.1","","13.1","","19.1","","0.0","","1.1","","","","","","","M","","","23","","67",""
"-81.11","44.74","WIARTON A","6119498","2021-06-19","2021","06","19","","22.5","","10.7","","16.6","","1.4","","0.0","","","","","","","M","","","26","","34",""
"-81.11","44.74","WIARTON A","6119498","2021-06-20","2021","06","20","","23.3","","8.2","","15.8","","2.2","","0.0","","","","","","","M","","","","","",""
"-81.11","44.74","WIARTON A","6119498","2021-06-21","2021","06","21","","23.1","","9.9","","16.5","","1.5","","0.0","","","","","","","M","","","24","","68",""
"-81.11","44.74","WIARTON A","6119498","2021-06-22","2021","06","22","","15.2","","6.2","","10.7","","7.3","","0.0","","","","","","","M","","","","","",""
"-81.11","44.74","WIARTON A","6119498","2021-06-23","2021","06","23","","23.6","","6.0","","14.8","","3.2","","0.0","","","","","","","M","","","21","","51",""
"-81.11","44.74","WIARTON A","6119498","2021-06-24","2021","06","24","","28.1","","17.6","","22.9","","0.0","","4.9","","","","","","","M","","","21","","57",""
"-81.11","44.74","WIARTON A","6119498","2021-06-25","2021","06","25","","22.3","","16.9","","19.6","","0.0","","1.6","","","","","","","M","","","17","","47",""
"-81.11","44.74","WIARTON A","6119498","2021-06-26","2021","06","26","","24.4","","14.8","","19.6","","0.0","","1.6","","","","","","","M","","","23","","60",""
"-81.11","44.74","WIARTON A","6119498","2021-06-27","2021","06","27","","27.9","","17.0","","22.5","","0.0","","4.5","","","","","","","M","","","23","","66",""
"-81.11","44.74","WIARTON A","6119498","2021-06-28","2021","06","28","","20.9","","15.7","","18.3","","0.0","","0.3","","","","","","","M","","","","","",""
"-81.11","44.74","WIARTON A","6119498","2021-06-29","2021","06","29","","26.0","","16.4","","21.2","","0.0","","3.2","","","","","","","M","","","","","",""
"-81.11","44.74","WIARTON A","6119498","2021-06-30","2021","06","30","","20.9","","14.2","","17.6","","0.4","","0.0","","","","","","","M","","","27","","31",""
"-81.11","44.74","WIARTON A","6119498","2021-07-01","2021","07","01","","18.4","","12.7","","15.6","","2.4","","0.0","","","","","","","M","","","","","",""
"-81.11","44.74","WIARTON A","6119498","2021-07-02","2021","07","02","","22.5","","13.4","","18.0","","0.0","","0.0","","","","","","","M","","","36","","35",""
"-81.11","44.74","WIARTON A","6119498","2021-07-03","2021","07","03","","23.4","","11.8","","17.6","","0.4","","0.0","","","","","","","M","","","","","",""
"-81.11","44.74","WIARTON A","6119498","2021-07-04","2021","07","04","","26.1","","10.7","","18.4","","0.0","","0.4","","","","","","","M","","","17","","33",""
"-81.11","44.74","WIARTON A","6119498","2021-07-05","2021","07","05","","27.7","","18.4","","23.1","","0.0","","5.1","","","","","","","M","","","30","","67",""
"-81.11","44.74","WIARTON A","6119498","2021-07-06","2021","07","06","","24.3","","17.3","","20.8","","0.0","","2.8","","","","","","","M","","","","","",""
"-81.11","44.74","WIARTON A","6119498","2021-07-07","2021","07","07","","17.3","","13.2","","15.3","","2.7","","0.0","","","","","","","M","","","8","","41",""
"-81.11","44.74","WIARTON A","6119498","2021-07-08","2021","07","08","","18.1","","13.3","","15.7","","2.3","","0.0","","","","","","","M","","","5","","32",""
"-81.11","44.74","WIARTON A","6119498","2021-07-09","2021","07","09","","18.5","","9.3","","13.9","","4.1","","0.0","","","","","","","M","","","","","",""
"-81.11","44.74","WIARTON A","6119498","2021-07-10","2021","07","10","","22.7","","7.4","","15.1","","2.9","","0.0","","","","","","","M","","","","","",""
"-81.11","44.74","WIARTON A","6119498","2021-07-11","2021","07","11","","23.6","","10.5","","17.1","","0.9","","0.0","","","","","","","M","","","","","",""
"-81.11","44.74","WIARTON A","6119498","2021-07-12","2021","07","12","","26.2","","11.3","","18.8","","0.0","","0.8","","","","","","","M","","","13","","33",""
"-81.11","44.74","WIARTON A","6119498","2021-07-13","2021","07","13","","24.8","","17.6","","21.2","","0.0","","3.2","","","","","","","M","","","23","","42",""
"-81.11","44.74","WIARTON A","6119498","2021-07-14","2021","07","14","","26.9","","17.3","","22.1","","0.0","","4.1","","","","","","","M","","","23","","37",""
"-81.11","44.74","WIARTON A","6119498","2021-07-15","2021","07","15","","25.5","","15.9","","20.7","","0.0","","2.7","","","","","","","M","","","24","","60",""
"-81.11","44.74","WIARTON A","6119498","2021-07-16","2021","07","16","","22.4","","11.1","","16.8","","1.2","","0.0","","","","","","","M","","","","","",""
"-81.11","44.74","WIARTON A","6119498","2021-07-17","2021","07","17","","24.8","","14.4","","19.6","","0.0","","1.6","","","","","","","M","","","","","",""
"-81.11","44.74","WIARTON A","6119498","2021-07-18","2021","07","18","","25.8","","12.8","","19.3","","0.0","","1.3","","","","","","","M","","","","","",""
"-81.11","44.74","WIARTON A","6119498","2021-07-19","2021","07","19","","25.5","","14.7","","20.1","","0.0","","2.1","","","","","","","M","","","","","",""
"-81.11","44.74","WIARTON A","6119498","2021-07-20","2021","07","20","","23.6","","12.7","","18.2","","0.0","","0.2","","","","","","","M","","","3","","33",""
"-81.11","44.74","WIARTON A","6119498","2021-07-21","2021","07","21","","20.7","","9.7","","15.2","","2.8","","0.0","","","","","","","M","","","","","",""
"-81.11","44.74","WIARTON A","6119498","2021-07-22","2021","07","22","","23.4","","10.4","","16.9","","1.1","","0.0","","","","","","","M","","","","","",""
"-81.11","44.74","WIARTON A","6119498","2021-07-23","2021","07","23","","24.8","","9.6","","17.2","","0.8","","0.0","","","","","","","M","","","","","",""
"-81.11","44.74","WIARTON A","6119498","2021-07-24","2021","07","24","","22.8","","15.0","","18.9","","0.0","","0.9","","","","","","","M","","","18","","56",""
"-81.11","44.74","WIARTON A","6119498","2021-07-25","2021","07","25","","24.5","","14.6","","19.6","","0.0","","1.6","","","","","","","M","","","27","","34",""
"-81.11","44.74","WIARTON A","6119498","2021-07-26","2021","07","26","","27.0","","13.8","","20.4","","0.0","","2.4","","","","","","","M","","","","","",""
"-81.11","44.74","WIARTON A","6119498","2021-07-27","2021","07","27","","24.1","","13.7","","18.9","","0.0","","0.9","","","","","","","M","","","","","",""
"-81.11","44.74","WIARTON A","6119498","2021-07-28","2021","07","28","","24.3","","12.9","","18.6","","0.0","","0.6","","","","","","","M","","","","","",""
"-81.11","44.74","WIARTON A","6119498","2021-07-29","2021","07","29","","22.6","","16.7","","19.7","","0.0","","1.7","","","","","","","M","","","5","","35",""
"-81.11","44.74","WIARTON A","6119498","2021-07-30","2021","07","30","","17.4","","8.5","","13.0","","5.0","","0.0","","","","","","","M","","","3","","33",""
"-81.11","44.74","WIARTON A","6119498","2021-07-31","2021","07","31","","18.0","","8.5","","13.3","","4.7","","0.0","","","","","","","M","","","22","","38",""
"-81.11","44.74","WIARTON A","6119498","2021-08-01","2021","08","01","","19.0","","13.2","","16.1","","1.9","","0.0","","","","","","","M","","","","","",""
"-81.11","44.74","WIARTON A","6119498","2021-08-02","2021","08","02","","21.3","","9.3","","15.3","","2.7","","0.0","","","","","","","M","","","","","",""
"-81.11","44.74","WIARTON A","6119498","2021-08-03","2021","08","03","","23.4","","12.0","","17.7","","0.3","","0.0","","","","","","","M","","","29","","31",""
"-81.11","44.74","WIARTON A","6119498","2021-08-04","2021","08","04","","25.4","","12.3","","18.9","","0.0","","0.9","","","","","","","M","","","","","",""
"-81.11","44.74","WIARTON A","6119498","2021-08-05","2021","08","05","","26.6","","13.3","","20.0","","0.0","","2.0","","","","","","","M","","","","","",""
"-81.11","44.74","WIARTON A","6119498","2021-08-06","2021","08","06","","27.1","","17.2","","22.2","","0.0","","4.2","","","","","","","M","","","24","","39",""
"-81.11","44.74","WIARTON A","6119498","2021-08-07","2021","08","07","","25.4","","17.0","","21.2","","0.0","","3.2","","","","","","","M","","","","","",""
"-81.11","44.74","WIARTON A","6119498","2021-08-08","2021","08","08","","25.4","","15.4","","20.4","","0.0","","2.4","","","","","","","M","","","18","","32",""
"-81.11","44.74","WIARTON A","6119498","2021-08-09","2021","08","09","","29.7","","21.4","","25.6","","0.0","","7.6","","","","","","","M","","","19","","37",""
"-81.11","44.74","WIARTON A","6119498","2021-08-10","2021","08","10","","26.8","","21.6","","24.2","","0.0","","6.2","","","","","","","M","","","18","","38",""
"-81.11","44.74","WIARTON A","6119498","2021-08-11","2021","08","11","","29.8","","19.9","","24.9","","0.0","","6.9","","","","","","","M","","","23","","41",""
"-81.11","44.74","WIARTON A","6119498","2021-08-12","2021","08","12","","26.3","","20.9","","23.6","","0.0","","5.6","","","","","","","M","","","23","","45",""
"-81.11","44.74","WIARTON A","6119498","2021-08-13","2021","08","13","","24.5","","12.0","","18.3","","0.0","","0.3","","","","","","","M","","","","","",""
"-81.11","44.74","WIARTON A","6119498","2021-08-14","2021","08","14","","20.1","","9.7","","14.9","","3.1","","0.0","","","","","","","M","","","29","","33",""
"-81.11","44.74","WIARTON A","6119498","2021-08-15","2021","08","15","","23.3","","8.4","","15.9","","2.1","","0.0","","","","","","","M","","","","","",""
"-81.11","44.74","WIARTON A","6119498","2021-08-16","2021","08","16","","24.3","","11.6","","18.0","","0.0","","0.0","","","","","","","M","","","9","","31",""
"-81.11","44.74","WIARTON A","6119498","2021-08-17","2021","08","17","","23.3","","13.3","","18.3","","0.0","","0.3","","","","","","","M","","","","","",""
"-81.11","44.74","WIARTON A","6119498","2021-08-18","2021","08","18","","25.4","","11.9","","18.7","","0.0","","0.7","","","","","","","M","","","","","",""
"-81.11","44.74","WIARTON A","6119498","2021-08-19","2021","08","19","","26.3","","12.6","","19.5","","0.0","","1.5","","","","","","","M","","","","","",""
"-81.11","44.74","WIARTON A","6119498","2021-08-20","2021","08","20","","26.8","","15.1","","21.0","","0.0","","3.0","","","","","","","M","","","","","",""
"-81.11","44.74","WIARTON A","6119498","2021-08-21","2021","08","21","","28.7","","16.4","","22.6","","0.0","","4.6","","","","","","","M","","","","","",""
"-81.11","44.74","WIARTON A","6119498","2021-08-22","2021","08","22","","29.2","","17.4","","23.3","","0.0","","5.3","","","","","","","M","","","","","",""
"-81.11","44.74","WIARTON A","6119498","2021-08-23","2021","08","23","","26.9","","15.5","","21.2","","0.0","","3.2","","","","","","","M","","","","","",""
"-81.11","44.74","WIARTON A","6119498","2021-08-24","2021","08","24","","28.3","","15.2","","21.8","","0.0","","3.8","","","","","","","M","","","","","",""
"-81.11","44.74","WIARTON A","6119498","2021-08-25","2021","08","25","","28.5","","19.8","","24.2","","0.0","","6.2","","","","","","","M","","","","","",""
"-81.11","44.74","WIARTON A","6119498","2021-08-26","2021","08","26","","28.3","","14.6","","21.5","","0.0","","3.5","","","","","","","M","","","","","",""
"-81.11","44.74","WIARTON A","6119498","2021-08-27","2021","08","27","","23.2","","14.4","","18.8","","0.0","","0.8","","","","","","","M","","","7","","38",""
"-81.11","44.74","WIARTON A","6119498","2021-08-28","2021","08","28","","28.9","","19.5","","24.2","","0.0","","6.2","","","","","","","M","","","25","","56",""
"-81.11","44.74","WIARTON A","6119498","2021-08-29","2021","08","29","","30.4","","19.7","","25.1","","0.0","","7.1","","","","","","","M","","","28","","53",""
"-81.11","44.74","WIARTON A","6119498","2021-08-30","2021","08","30","","23.8","","14.6","","19.2","","0.0","","1.2","","","","","","","M","","","25","","38",""
"-81.11","44.74","WIARTON A","6119498","2021-08-31","2021","08","31","","21.5","","11.2","","16.4","","1.6","","0.0","","","","","","","M","","","","","",""
"-81.11","44.74","WIARTON A","6119498","2021-09-01","2021","09","01","","20.9","","10.8","","15.9","","2.1","","0.0","","","","","","","M","","","5","","31",""
"-81.11","44.74","WIARTON A","6119498","2021-09-02","2021","09","02","","17.5","","8.1","","12.8","","5.2","","0.0","","","","","","","M","","","","","",""
"-81.11","44.74","WIARTON A","6119498","2021-09-03","2021","09","03","","20.8","","7.8","","14.3","","3.7","","0.0","","","","","","","M","","","","","",""
"-81.11","44.74","WIARTON A","6119498","2021-09-04","2021","09","04","","22.1","","9.8","","16.0","","2.0","","0.0","","","","","","","M","","","19","","35",""
"-81.11","44.74","WIARTON A","6119498","2021-09-05","2021","09","05","","22.0","","12.2","","17.1","","0.9","","0.0","","","","","","","M","","","28","","51",""
"-81.11","44.74","WIARTON A","6119498","2021-09-06","2021","09","06","","19.3","","11.7","","15.5","","2.5","","0.0","","","","","","","M","","","27","","41",""
"-81.11","44.74","WIARTON A","6119498","2021-09-07","2021","09","07","","21.9","","10.7","","16.3","","1.7","","0.0","","","","","","","M","","","18","","45",""
"-81.11","44.74","WIARTON A","6119498","2021-09-08","2021","09","08","","20.8","","14.6","","17.7","","0.3","","0.0","","","","","","","M","","","28","","54",""
"-81.11","44.74","WIARTON A","6119498","2021-09-09","2021","09","09","","18.5","","8.9","","13.7","","4.3","","0.0","","","","","","","M","","","","","",""
"-81.11","44.74","WIARTON A","6119498","2021-09-10","2021","09","10","","19.7","","7.6","","13.7","","4.3","","0.0","","","","","","","M","","","","","",""
"-81.11","44.74","WIARTON A","6119498","2021-09-11","2021","09","11","","25.2","","14.1","","19.7","","0.0","","1.7","","","","","","","M","","","22","","60",""
"-81.11","44.74","WIARTON A","6119498","2021-09-12","2021","09","12","","20.5","","11.0","","15.8","","2.2","","0.0","","","","","","","M","","","","","",""
"-81.11","44.74","WIARTON A","6119498","2021-09-13","2021","09","13","","18.6","","8.4","","13.5","","4.5","","0.0","","","","","","","M","","","","","",""
"-81.11","44.74","WIARTON A","6119498","2021-09-14","2021","09","14","","28.3","","9.7","","19.0","","0.0","","1.0","","","","","","","M","","","22","","80",""
"-81.11","44.74","WIARTON A","6119498","2021-09-15","2021","09","15","","20.1","","8.8","","14.5","","3.5","","0.0","","","","","","","M","","","28","","31",""
"-81.11","44.74","WIARTON A","6119498","2021-09-16","2021","09","16","","23.3","","7.8","","15.6","","2.4","","0.0","","","","","","","M","","","","","",""
"-81.11","44.74","WIARTON A","6119498","2021-09-17","2021","09","17","","26.0","","13.0","","19.5","","0.0","","1.5","","","","","","","M","","","21","","43",""
"-81.11","44.74","WIARTON A","6119498","2021-09-18","2021","09","18","","18.8","","5.4","","12.1","","5.9","","0.0","","","","","","","M","","","4","","35",""
"-81.11","44.74","WIARTON A","6119498","2021-09-19","2021","09","19","","22.8","","4.4","","13.6","","4.4","","0.0","","","","","","","M","","","","","",""
"-81.11","44.74","WIARTON A","6119498","2021-09-20","2021","09","20","","26.1","","9.4","","17.8","","0.2","","0.0","","","","","","","M","","","18","","38",""
"-81.11","44.74","WIARTON A","6119498","2021-09-21","2021","09","21","","23.4","","13.6","","18.5","","0.0","","0.5","","","","","","","M","","","19","","57",""
"-81.11","44.74","WIARTON A","6119498","2021-09-22","2021","09","22","","","M","","M","","M","","M","","M","","","","","","M","","","","M","","M"
"-81.11","44.74","WIARTON A","6119498","2021-09-23","2021","09","23","","16.6","","10.7","","13.7","","4.3","","0.0","","","","","","","M","","","4","","61",""
"-81.11","44.74","WIARTON A","6119498","2021-09-24","2021","09","24","","14.6","","10.7","","12.7","","5.3","","0.0","","","","","","","M","","","22","","44",""
"-81.11","44.74","WIARTON A","6119498","2021-09-25","2021","09","25","","15.2","","9.7","","12.5","","5.5","","0.0","","","","","","","M","","","17","","38",""
"-81.11","44.74","WIARTON A","6119498","2021-09-26","2021","09","26","","16.4","","8.7","","12.6","","5.4","","0.0","","","","","","","M","","","25","","42",""
"-81.11","44.74","WIARTON A","6119498","2021-09-27","2021","09","27","","19.1","","10.1","","14.6","","3.4","","0.0","","","","","","","M","","","22","","40",""
"-81.11","44.74","WIARTON A","6119498","2021-09-28","2021","09","28","","15.7","","6.7","","11.2","","6.8","","0.0","","","","","","","M","","","","","",""
"-81.11","44.74","WIARTON A","6119498","2021-09-29","2021","09","29","","18.4","","4.7","","11.6","","6.4","","0.0","","","","","","","M","","","","","",""
"-81.11","44.74","WIARTON A","6119498","2021-09-30","2021","09","30","","14.5","","3.5","","9.0","","9.0","","0.0","","","","","","","M","","","","","",""
"-81.11","44.74","WIARTON A","6119498","2021-10-01","2021","10","01","","19.0","","2.5","","10.8","","7.2","","0.0","","","","","","","M","","","24","","31",""
"-81.11","44.74","WIARTON A","6119498","2021-10-02","2021","10","02","","22.4","","12.9","","17.7","","0.3","","0.0","","","","","","","M","","","24","","33",""
"-81.11","44.74","WIARTON A","6119498","2021-10-03","2021","10","03","","20.7","","15.3","","18.0","","0.0","","0.0","","","","","","","M","","","","","",""
"-81.11","44.74","WIARTON A","6119498","2021-10-04","2021","10","04","","17.5","","9.3","","13.4","","4.6","","0.0","","","","","","","M","","","8","","32",""
"-81.11","44.74","WIARTON A","6119498","2021-10-05","2021","10","05","","18.3","","8.2","","13.3","","4.7","","0.0","","","","","","","M","","","","","",""
"-81.11","44.74","WIARTON A","6119498","2021-10-06","2021","10","06","","19.7","","12.7","","16.2","","1.8","","0.0","","","","","","","M","","","","","",""
"-81.11","44.74","WIARTON A","6119498","2021-10-07","2021","10","07","","20.6","","9.5","","15.1","","2.9","","0.0","","","","","","","M","","","","","",""
"-81.11","44.74","WIARTON A","6119498","2021-10-08","2021","10","08","","21.8","","14.2","","18.0","","0.0","","0.0","","","","","","","M","","","","","",""
"-81.11","44.74","WIARTON A","6119498","2021-10-09","2021","10","09","","19.3","","15.3","","17.3","","0.7","","0.0","","","","","","","M","","","16","","33",""
"-81.11","44.74","WIARTON A","6119498","2021-10-10","2021","10","10","","22.4","","16.9","","19.7","","0.0","","1.7","","","","","","","M","","","17","","50",""
"-81.11","44.74","WIARTON A","6119498","2021-10-11","2021","10","11","","26.3","","17.9","","22.1","","0.0","","4.1","","","","","","","M","","","17","","47",""
"-81.11","44.74","WIARTON A","6119498","2021-10-12","2021","10","12","","22.2","","16.8","","19.5","","0.0","","1.5","","","","","","","M","","","18","","38",""
"-81.11","44.74","WIARTON A","6119498","2021-10-13","2021","10","13","","18.3","","13.2","","15.8","","2.2","","0.0","","","","","","","M","","","24","","40",""
"-81.11","44.74","WIARTON A","6119498","2021-10-14","2021","10","14","","21.8","","14.0","","17.9","","0.1","","0.0","","","","","","","M","","","","","",""
"-81.11","44.74","WIARTON A","6119498","2021-10-15","2021","10","15","","18.6","","9.8","","14.2","","3.8","","0.0","","","","","","","M","","","","","",""
"-81.11","44.74","WIARTON A","6119498","2021-10-16","2021","10","16","","13.1","","9.0","","11.1","","6.9","","0.0","","","","","","","M","","","30","","49",""
"-81.11","44.74","WIARTON A","6119498","2021-10-17","2021","10","17","","13.7","","8.0","","10.9","","7.1","","0.0","","","","","","","M","","","33","","55",""
"-81.11","44.74","WIARTON A","6119498","2021-10-18","2021","10","18","","11.3","","3.6","","7.5","","10.5","","0.0","","","","","","","M","","","31","","32",""
"-81.11","44.74","WIARTON A","6119498","2021-10-19","2021","10","19","","17.6","","2.9","","10.3","","7.7","","0.0","","","","","","","M","","","24","","36",""
"-81.11","44.74","WIARTON A","6119498","2021-10-20","2021","10","20","","17.4","","10.3","","13.9","","4.1","","0.0","","","","","","","M","","","23","","36",""
"-81.11","44.74","WIARTON A","6119498","2021-10-21","2021","10","21","","17.3","","4.4","","10.9","","7.1","","0.0","","","","","","","M","","","24","","49",""
"-81.11","44.74","WIARTON A","6119498","2021-10-22","2021","10","22","","7.3","","0.3","","3.8","","14.2","","0.0","","","","","","","M","","","","","",""
"-81.11","44.74","WIARTON A","6119498","2021-10-23","2021","10","23","","7.9","","0.1","","4.0","","14.0","","0.0","","","","","","","M","","","","","",""
"-81.11","44.74","WIARTON A","6119498","2021-10-24","2021","10","24","","10.8","","1.6","","6.2","","11.8","","0.0","","","","","","","M","","","25","","33",""
"-81.11","44.74","WIARTON A","6119498","2021-10-25","2021","10","25","","9.1","","5.6","","7.4","","10.6","","0.0","","","","","","","M","","","6","","58",""
"-81.11","44.74","WIARTON A","6119498","2021-10-26","2021","10","26","","8.2","","5.5","","6.9","","11.1","","0.0","","","","","","","M","","","36","","41",""
"-81.11","44.74","WIARTON A","6119498","2021-10-27","2021","10","27","","13.7","","3.3","","8.5","","9.5","","0.0","","","","","","","M","","","","","",""
"-81.11","44.74","WIARTON A","6119498","2021-10-28","2021","10","28","","13.1","","2.6","","7.9","","10.1","","0.0","","","","","","","M","","","10","","51",""
"-81.11","44.74","WIARTON A","6119498","2021-10-29","2021","10","29","","11.8","","5.7","","8.8","","9.2","","0.0","","","","","","","M","","","11","","48",""
"-81.11","44.74","WIARTON A","6119498","2021-10-30","2021","10","30","","10.2","","7.8","","9.0","","9.0","","0.0","","","","","","","M","","","10","","36",""
"-81.11","44.74","WIARTON A","6119498","2021-10-31","2021","10","31","","12.6","","6.0","","9.3","","8.7","","0.0","","","","","","","M","","","31","","59",""
"-81.11","44.74","WIARTON A","6119498","2021-11-01","2021","11","01","","8.4","","3.4","","5.9","","12.1","","0.0","","","","","","","M","","","28","","59",""
"-81.11","44.74","WIARTON A","6119498","2021-11-02","2021","11","02","","6.1","","-0.3","","2.9","","15.1","","0.0","","","","","","","M","","","25","","35",""
"-81.11","44.74","WIARTON A","6119498","2021-11-03","2021","11","03","","5.6","","-3.2","","1.2","","16.8","","0.0","","","","","","","M","","","","","",""
"-81.11","44.74","WIARTON A","6119498","2021-11-04","2021","11","04","","4.3","","-1.1","","1.6","","16.4","","0.0","","","","","","","M","","","","","",""
"-81.11","44.74","WIARTON A","6119498","2021-11-05","2021","11","05","","8.8","","1.7","","5.3","","12.7","","0.0","","","","","","","M","","","21","","40",""
"-81.11","44.74","WIARTON A","6119498","2021-11-06","2021","11","06","","10.4","","2.7","","6.6","","11.4","","0.0","","","","","","","M","","","21","","46",""
"-81.11","44.74","WIARTON A","6119498","2021-11-07","2021","11","07","","12.5","","2.6","","7.6","","10.4","","0.0","","","","","","","M","","","22","","40",""
"-81.11","44.74","WIARTON A","6119498","2021-11-08","2021","11","08","","14.4","","5.9","","10.2","","7.8","","0.0","","","","","","","M","","","21","","46",""
"-81.11","44.74","WIARTON A","6119498","2021-11-09","2021","11","09","","11.6","","-1.5","","5.1","","12.9","","0.0","","","","","","","M","","","","","",""
"-81.11","44.74","WIARTON A","6119498","2021-11-10","2021","11","10","","11.0","","-2.6","","4.2","","13.8","","0.0","","","","","","","M","","","","","",""
"-81.11","44.74","WIARTON A","6119498","2021-11-11","2021","11","11","","12.8","","0.9","","6.9","","11.1","","0.0","","","","","","","M","","","12","","52",""
"-81.11","44.74","WIARTON A","6119498","2021-11-12","2021","11","12","","11.3","","2.6","","7.0","","11.0","","0.0","","","","","","","M","","","22","","59",""
"-81.11","44.74","WIARTON A","6119498","2021-11-13","2021","11","13","","5.8","","0.5","","3.2","","14.8","","0.0","","","","","","","M","","","28","","53",""
"-81.11","44.74","WIARTON A","6119498","2021-11-14","2021","11","14","","3.2","","0.1","","1.7","","16.3","","0.0","","","","","","","M","","","21","","33",""
"-81.11","44.74","WIARTON A","6119498","2021-11-15","2021","11","15","","4.5","","-3.3","","0.6","","17.4","","0.0","","","","","","","M","","","33","","32",""
"-81.11","44.74","WIARTON A","6119498","2021-11-16","2021","11","16","","3.0","","-1.7","","0.7","","17.3","","0.0","","","","","","","M","","","31","","31",""
"-81.11","44.74","WIARTON A","6119498","2021-11-17","2021","11","17","","13.8","","1.1","","7.5","","10.5","","0.0","","","","","","","M","","","17","","53",""
"-81.11","44.74","WIARTON A","6119498","2021-11-18","2021","11","18","","8.0","","1.3","","4.7","","13.3","","0.0","","","","","","","M","","","29","","64",""
"-81.11","44.74","WIARTON A","6119498","2021-11-19","2021","11","19","","3.6","","-0.3","","1.7","","16.3","","0.0","","","","","","","M","","","29","","46",""
"-81.11","44.74","WIARTON A","6119498","2021-11-20","2021","11","20","","5.2","","1.2","","3.2","","14.8","","0.0","","","","","","","M","","","20","","46",""
"-81.11","44.74","WIARTON A","6119498","2021-11-21","2021","11","21","","6.5","","0.3","","3.4","","14.6","","0.0","","","","","","","M","","","24","","72",""
"-81.11","44.74","WIARTON A","6119498","2021-11-22","2021","11","22","","0.5","","-2.3","","-0.9","","18.9","","0.0","","","","","","","M","","","30","","64",""
"-81.11","44.74","WIARTON A","6119498","2021-11-23","2021","11","23","","1.3","","-3.4","","-1.1","","19.1","","0.0","","","","","","","M","","","31","","37",""
"-81.11","44.74","WIARTON A","6119498","2021-11-24","2021","11","24","","6.3","","-3.6","","1.4","","16.6","","0.0","","","","","","","M","","","19","","45",""
"-81.11","44.74","WIARTON A","6119498","2021-11-25","2021","11","25","","5.6","","-0.6","","2.5","","15.5","","0.0","","","","","","","M","","","27","","35",""
"-81.11","44.74","WIARTON A","6119498","2021-11-26","2021","11","26","","-0.6","","-4.7","","-2.7","","20.7","","0.0","","","","","","","M","","","33","","40",""
"-81.11","44.74","WIARTON A","6119498","2021-11-27","2021","11","27","","-1.2","","-4.6","","-2.9","","20.9","","0.0","","","","","","","M","","","","","",""
"-81.11","44.74","WIARTON A","6119498","2021-11-28","2021","11","28","","-0.5","","-5.2","","-2.9","","20.9","","0.0","","","","","","","M","","","","","",""
"-81.11","44.74","WIARTON A","6119498","2021-11-29","2021","11","29","","-0.2","","-10.5","","-5.4","","23.4","","0.0","","","","","","","M","","","","","",""
"-81.11","44.74","WIARTON A","6119498","2021-11-30","2021","11","30","","3.3","","-1.2","","1.1","","16.9","","0.0","","","","","","","M","","","31","","56",""
"-81.11","44.74","WIARTON A","6119498","2021-12-01","2021","12","01","","3.2","","-1.3","","1.0","","17.0","","0.0","","","","","","","M","","","18","","53",""
"-81.11","44.74","WIARTON A","6119498","2021-12-02","2021","12","02","","7.6","","-1.6","","3.0","","15.0","","0.0","","","","","","","M","","","22","","69",""
"-81.11","44.74","WIARTON A","6119498","2021-12-03","2021","12","03","","-1.1","","-3.2","","-2.2","","20.2","","0.0","","","","","","","M","","","34","","32",""
"-81.11","44.74","WIARTON A","6119498","2021-12-04","2021","12","04","","3.0","","-2.1","","0.5","","17.5","","0.0","","","","","","","M","","","29","","60",""
"-81.11","44.74","WIARTON A","6119498","2021-12-05","2021","12","05","","1.3","","-4.0","","-1.4","","19.4","","0.0","","","","","","","M","","","11","","62",""
"-81.11","44.74","WIARTON A","6119498","2021-12-06","2021","12","06","","4.2","","-2.8","","0.7","","17.3","","0.0","","","","","","","M","","","30","","78",""
"-81.11","44.74","WIARTON A","6119498","2021-12-07","2021","12","07","","-2.4","","-7.6","","-5.0","","23.0","","0.0","","","","","","","M","","","29","","49",""
"-81.11","44.74","WIARTON A","6119498","2021-12-08","2021","12","08","","-2.0","","-7.5","","-4.8","","22.8","","0.0","","","","","","","M","","","18","","37",""
"-81.11","44.74","WIARTON A","6119498","2021-12-09","2021","12","09","","0.6","","-7.5","","-3.5","","21.5","","0.0","","","","","","","M","","","13","","41",""
"-81.11","44.74","WIARTON A","6119498","2021-12-10","2021","12","10","","4.1","","0.5","","2.3","","15.7","","0.0","","","","","","","M","","","11","","40",""
"-81.11","44.74","WIARTON A","6119498","2021-12-11","2021","12","11","","14.6","","0.2","","7.4","","10.6","","0.0","","","","","","","M","","","24","","95",""
"-81.11","44.74","WIARTON A","6119498","2021-12-12","2021","12","12","","6.8","","1.4","","4.1","","13.9","","0.0","","","","","","","M","","","23","","71",""
"-81.11","44.74","WIARTON A","6119498","2021-12-13","2021","12","13","","6.7","","1.7","","4.2","","13.8","","0.0","","","","","","","M","","","23","","59",""
"-81.11","44.74","WIARTON A","6119498","2021-12-14","2021","12","14","","5.1","","-3.4","","0.9","","17.1","","0.0","","","","","","","M","","","13","","41",""
"-81.11","44.74","WIARTON A","6119498","2021-12-15","2021","12","15","","11.9","","3.1","","7.5","","10.5","","0.0","","","","","","","M","","","18","","51",""
"-81.11","44.74","WIARTON A","6119498","2021-12-16","2021","12","16","","16.0","","3.4","","9.7","","8.3","","0.0","","","","","","","M","","","21","","89",""
"-81.11","44.74","WIARTON A","6119498","2021-12-17","2021","12","17","","3.4","","-1.6","","0.9","","17.1","","0.0","","","","","","","M","","","28","","60",""
"-81.11","44.74","WIARTON A","6119498","2021-12-18","2021","12","18","","-0.6","","-5.3","","-3.0","","21.0","","0.0","","","","","","","M","","","","","",""
"-81.11","44.74","WIARTON A","6119498","2021-12-19","2021","12","19","","-4.9","","-10.3","","-7.6","","25.6","","0.0","","","","","","","M","","","19","","35",""
"-81.11","44.74","WIARTON A","6119498","2021-12-20","2021","12","20","","3.0","","-5.3","","-1.2","","19.2","","0.0","","","","","","","M","","","25","","62",""
"-81.11","44.74","WIARTON A","6119498","2021-12-21","2021","12","21","","2.2","","-3.0","","-0.4","","18.4","","0.0","","","","","","","M","","","27","","62",""
"-81.11","44.74","WIARTON A","6119498","2021-12-22","2021","12","22","","-0.6","","-8.8","","-4.7","","22.7","","0.0","","","","","","","M","","","26","","60",""
"-81.11","44.74","WIARTON A","6119498","2021-12-23","2021","12","23","","-2.4","","-9.0","","-5.7","","23.7","","0.0","","","","","","","M","","","18","","40",""
"-81.11","44.74","WIARTON A","6119498","2021-12-24","2021","12","24","","5.3","","-3.6","","0.9","","17.1","","0.0","","","","","","","M","","","17","","43",""
"-81.11","44.74","WIARTON A","6119498","2021-12-25","2021","12","25","","5.1","","-0.6","","2.3","","15.7","","0.0","","","","","","","M","","","32","","31",""
"-81.11","44.74","WIARTON A","6119498","2021-12-26","2021","12","26","","0.4","","-4.9","","-2.3","","20.3","","0.0","","","","","","","M","","","9","","40",""
"-81.11","44.74","WIARTON A","6119498","2021-12-27","2021","12","27","","2.7","","-5.7","","-1.5","","19.5","","0.0","","","","","","","M","","","9","","44",""
"-81.11","44.74","WIARTON A","6119498","2021-12-28","2021","12","28","","2.6","","-4.2","","-0.8","","18.8","","0.0","","","","","","","M","","","29","","55",""
"-81.11","44.74","WIARTON A","6119498","2021-12-29","2021","12","29","","2.4","","-3.0","","-0.3","","18.3","","0.0","","","","","","","M","","","28","","32",""
"-81.11","44.74","WIARTON A","6119498","2021-12-30","2021","12","30","","0.2","","-5.9","","-2.9","","20.9","","0.0","","","","","","","M","","","","","",""
"-81.11","44.74","WIARTON A","6119498","2021-12-31","2021","12","31","","3.6","","-4.0","","-0.2","","18.2","","0.0","","","","","","","M","","","","","",""
