"Longitude (x)","Latitude (y)","Station Name","Climate ID","Date/Time (LST)","Year","Month","Day","Time (LST)","Temp (°C)","Temp Flag","Dew Point Temp (°C)","Dew Point Temp Flag","Rel Hum (%)","Rel Hum Flag","Precip. Amount (mm)","Precip. Amount Flag","Wind Dir (10s deg)","Wind Dir Flag","Wind Spd (km/h)","Wind Spd Flag","Visibility (km)","Visibility Flag","Stn Press (kPa)","Stn Press Flag","Hmdx","Hmdx Flag","Wind Chill","Wind Chill Flag","Weather"
"-60.01","43.93","SABLE ISLAND","8204708","2022-11-01 00:00","2022","11","01","00:00","10.7","","9.4","","92","","0.0","","29","","8","","","","101.76","","","","","","NA"
"-60.01","43.93","SABLE ISLAND","8204708","2022-11-01 01:00","2022","11","01","01:00","10.6","","9.6","","94","","0.0","","27","","7","","","","101.78","","","","","","NA"
"-60.01","43.93","SABLE ISLAND","8204708","2022-11-01 02:00","2022","11","01","02:00","10.0","","9.1","","94","","0.0","","28","","8","","","","101.83","","","","","","NA"
"-60.01","43.93","SABLE ISLAND","8204708","2022-11-01 03:00","2022","11","01","03:00","8.3","","8.0","","98","","0.0","","26","","9","","","","101.83","","","","","","NA"
"-60.01","43.93","SABLE ISLAND","8204708","2022-11-01 04:00","2022","11","01","04:00","4.0","","3.3","","95","","0.0","","29","","5","","","","101.84","","","","","","NA"
"-60.01","43.93","SABLE ISLAND","8204708","2022-11-01 05:00","2022","11","01","05:00","3.0","","2.7","","98","","0.0","","25","","8","","","","101.85","","","","","","NA"
"-60.01","43.93","SABLE ISLAND","8204708","2022-11-01 06:00","2022","11","01","06:00","1.2","","0.7","","97","","0.0","","23","","7","","","","101.81","","","","","","NA"
"-60.01","43.93","SABLE ISLAND","8204708","2022-11-01 07:00","2022","11","01","07:00","4.0","","3.3","","95","","0.0","","22","","7","","","","101.84","","","","","","NA"
"-60.01","43.93","SABLE ISLAND","8204708","2022-11-01 08:00","2022","11","01","08:00","12.3","","11.7","","97","","0.0","","22","","10","","","","101.86","","","","","","NA"
"-60.01","43.93","SABLE ISLAND","8204708","2022-11-01 09:00","2022","11","01","09:00","13.5","","11.9","","91","","0.0","","22","","9","","","","101.86","","","","","","NA"
"-60.01","43.93","SABLE ISLAND","8204708","2022-11-01 10:00","2022","11","01","10:00","13.9","","11.5","","85","","0.0","","22","","11","","","","101.83","","","","","","NA"
"-60.01","43.93","SABLE ISLAND","8204708","2022-11-01 11:00","2022","11","01","11:00","15.1","","11.5","","79","","0.0","","20","","8","","","","101.83","","","","","","NA"
"-60.01","43.93","SABLE ISLAND","8204708","2022-11-01 12:00","2022","11","01","12:00","14.6","","12.1","","85","","0.0","","17","","9","","","","101.77","","","","","","NA"
"-60.01","43.93","SABLE ISLAND","8204708","2022-11-01 13:00","2022","11","01","13:00","15.0","","11.9","","82","","0.0","","17","","5","","","","101.72","","","","","","NA"
"-60.01","43.93","SABLE ISLAND","8204708","2022-11-01 14:00","2022","11","01","14:00","15.0","","11.9","","82","","0.0","","17","","6","","","","101.66","","","","","","NA"
"-60.01","43.93","SABLE ISLAND","8204708","2022-11-01 15:00","2022","11","01","15:00","14.8","","12.4","","85","","0.0","","17","","9","","","","101.67","","","","","","NA"
"-60.01","43.93","SABLE ISLAND","8204708","2022-11-01 16:00","2022","11","01","16:00","14.5","","11.7","","84","","0.0","","18","","9","","","","101.61","","","","","","NA"
"-60.01","43.93","SABLE ISLAND","8204708","2022-11-01 17:00","2022","11","01","17:00","14.2","","12.3","","89","","0.0","","21","","8","","","","101.62","","","","","","NA"
"-60.01","43.93","SABLE ISLAND","8204708","2022-11-01 18:00","2022","11","01","18:00","14.5","","12.7","","89","","0.0","","19","","12","","","","101.58","","","","","","NA"
"-60.01","43.93","SABLE ISLAND","8204708","2022-11-01 19:00","2022","11","01","19:00","13.9","","12.7","","92","","0.0","","20","","15","","","","101.57","","","","","","NA"
"-60.01","43.93","SABLE ISLAND","8204708","2022-11-01 20:00","2022","11","01","20:00","13.9","","12.8","","93","","0.0","","18","","14","","","","101.49","","","","","","NA"
"-60.01","43.93","SABLE ISLAND","8204708","2022-11-01 21:00","2022","11","01","21:00","14.2","","12.7","","91","","0.4","","18","","18","","","","101.46","","","","","","NA"
"-60.01","43.93","SABLE ISLAND","8204708","2022-11-01 22:00","2022","11","01","22:00","14.4","","13.2","","93","","0.5","","23","","27","","","","101.44","","","","","","NA"
"-60.01","43.93","SABLE ISLAND","8204708","2022-11-01 23:00","2022","11","01","23:00","13.9","","12.7","","93","","0.9","","22","","27","","","","101.35","","","","","","NA"
"-60.01","43.93","SABLE ISLAND","8204708","2022-11-02 00:00","2022","11","02","00:00","14.2","","13.5","","96","","0.3","","21","","26","","","","101.28","","","","","","NA"
"-60.01","43.93","SABLE ISLAND","8204708","2022-11-02 01:00","2022","11","02","01:00","13.7","","12.5","","93","","0.0","","20","","40","","","","101.23","","","","","","NA"
"-60.01","43.93","SABLE ISLAND","8204708","2022-11-02 02:00","2022","11","02","02:00","14.2","","13.1","","93","","0.0","","20","","32","","","","101.18","","","","","","NA"
"-60.01","43.93","SABLE ISLAND","8204708","2022-11-02 03:00","2022","11","02","03:00","14.2","","13.8","","97","","0.2","","21","","26","","","","101.12","","","","","","NA"
"-60.01","43.93","SABLE ISLAND","8204708","2022-11-02 04:00","2022","11","02","04:00","14.2","","13.9","","98","","0.0","","23","","28","","","","101.10","","","","","","NA"
"-60.01","43.93","SABLE ISLAND","8204708","2022-11-02 05:00","2022","11","02","05:00","13.9","","13.6","","98","","0.0","","25","","20","","","","101.10","","","","","","NA"
"-60.01","43.93","SABLE ISLAND","8204708","2022-11-02 06:00","2022","11","02","06:00","13.5","","13.2","","98","","0.0","","28","","22","","","","101.10","","","","","","NA"
"-60.01","43.93","SABLE ISLAND","8204708","2022-11-02 07:00","2022","11","02","07:00","13.2","","12.7","","97","","0.0","","27","","18","","","","101.13","","","","","","NA"
"-60.01","43.93","SABLE ISLAND","8204708","2022-11-02 08:00","2022","11","02","08:00","13.1","","12.4","","96","","0.0","","29","","23","","","","101.20","","","","","","NA"
"-60.01","43.93","SABLE ISLAND","8204708","2022-11-02 09:00","2022","11","02","09:00","14.2","","12.9","","92","","0.0","","28","","25","","","","101.22","","","","","","NA"
"-60.01","43.93","SABLE ISLAND","8204708","2022-11-02 10:00","2022","11","02","10:00","14.4","","12.3","","87","","0.0","","29","","24","","","","101.25","","","","","","NA"
"-60.01","43.93","SABLE ISLAND","8204708","2022-11-02 11:00","2022","11","02","11:00","14.5","","11.8","","84","","0.0","","30","","29","","","","101.23","","","","","","NA"
"-60.01","43.93","SABLE ISLAND","8204708","2022-11-02 12:00","2022","11","02","12:00","14.3","","10.7","","79","","0.0","","31","","34","","","","101.24","","","","","","NA"
"-60.01","43.93","SABLE ISLAND","8204708","2022-11-02 13:00","2022","11","02","13:00","14.0","","10.4","","79","","0.0","","32","","39","","","","101.23","","","","","","NA"
"-60.01","43.93","SABLE ISLAND","8204708","2022-11-02 14:00","2022","11","02","14:00","13.5","","8.0","","69","","0.0","","33","","39","","","","101.31","","","","","","NA"
"-60.01","43.93","SABLE ISLAND","8204708","2022-11-02 15:00","2022","11","02","15:00","13.1","","5.4","","60","","0.0","","33","","41","","","","101.39","","","","","","NA"
"-60.01","43.93","SABLE ISLAND","8204708","2022-11-02 16:00","2022","11","02","16:00","12.4","","5.2","","61","","0.0","","33","","38","","","","101.47","","","","","","NA"
"-60.01","43.93","SABLE ISLAND","8204708","2022-11-02 17:00","2022","11","02","17:00","11.8","","5.2","","64","","0.0","","33","","35","","","","101.54","","","","","","NA"
"-60.01","43.93","SABLE ISLAND","8204708","2022-11-02 18:00","2022","11","02","18:00","11.2","","5.8","","69","","0.0","","34","","36","","","","101.61","","","","","","NA"
"-60.01","43.93","SABLE ISLAND","8204708","2022-11-02 19:00","2022","11","02","19:00","10.8","","4.8","","67","","0.0","","33","","42","","","","101.70","","","","","","NA"
"-60.01","43.93","SABLE ISLAND","8204708","2022-11-02 20:00","2022","11","02","20:00","10.0","","3.4","","64","","0.0","","33","","47","","","","101.79","","","","","","NA"
"-60.01","43.93","SABLE ISLAND","8204708","2022-11-02 21:00","2022","11","02","21:00","9.7","","1.8","","58","","0.0","","33","","45","","","","101.86","","","","","","NA"
"-60.01","43.93","SABLE ISLAND","8204708","2022-11-02 22:00","2022","11","02","22:00","9.6","","2.3","","60","","0.0","","33","","41","","","","101.88","","","","","","NA"
"-60.01","43.93","SABLE ISLAND","8204708","2022-11-02 23:00","2022","11","02","23:00","9.3","","2.5","","63","","0.0","","34","","36","","","","101.91","","","","","","NA"
"-60.01","43.93","SABLE ISLAND","8204708","2022-11-03 00:00","2022","11","03","00:00","8.8","","2.0","","62","","0.0","","34","","41","","","","101.99","","","","","","NA"
"-60.01","43.93","SABLE ISLAND","8204708","2022-11-03 01:00","2022","11","03","01:00","8.4","","0.8","","59","","0.0","","34","","41","","","","102.03","","","","","","NA"
"-60.01","43.93","SABLE ISLAND","8204708","2022-11-03 02:00","2022","11","03","02:00","7.8","","-0.4","","56","","0.0","","34","","47","","","","102.04","","","","","","NA"
"-60.01","43.93","SABLE ISLAND","8204708","2022-11-03 03:00","2022","11","03","03:00","7.5","","-0.3","","58","","0.0","","33","","41","","","","102.08","","","","","","NA"
"-60.01","43.93","SABLE ISLAND","8204708","2022-11-03 04:00","2022","11","03","04:00","7.6","","-0.4","","57","","0.0","","33","","37","","","","102.14","","","","","","NA"
"-60.01","43.93","SABLE ISLAND","8204708","2022-11-03 05:00","2022","11","03","05:00","7.8","","0.7","","61","","0.0","","33","","40","","","","102.21","","","","","","NA"
"-60.01","43.93","SABLE ISLAND","8204708","2022-11-03 06:00","2022","11","03","06:00","7.7","","0.2","","59","","0.0","","33","","38","","","","102.27","","","","","","NA"
"-60.01","43.93","SABLE ISLAND","8204708","2022-11-03 07:00","2022","11","03","07:00","7.8","","1.1","","62","","0.0","","32","","41","","","","102.34","","","","","","NA"
"-60.01","43.93","SABLE ISLAND","8204708","2022-11-03 08:00","2022","11","03","08:00","8.0","","0.8","","61","","0.0","","32","","34","","","","102.43","","","","","","NA"
"-60.01","43.93","SABLE ISLAND","8204708","2022-11-03 09:00","2022","11","03","09:00","8.4","","1.2","","61","","0.0","","32","","33","","","","102.46","","","","","","NA"
"-60.01","43.93","SABLE ISLAND","8204708","2022-11-03 10:00","2022","11","03","10:00","8.7","","1.2","","59","","0.0","","32","","31","","","","102.50","","","","","","NA"
"-60.01","43.93","SABLE ISLAND","8204708","2022-11-03 11:00","2022","11","03","11:00","9.5","","2.0","","59","","0.0","","32","","31","","","","102.51","","","","","","NA"
"-60.01","43.93","SABLE ISLAND","8204708","2022-11-03 12:00","2022","11","03","12:00","9.3","","2.1","","61","","0.0","","31","","26","","","","102.48","","","","","","NA"
"-60.01","43.93","SABLE ISLAND","8204708","2022-11-03 13:00","2022","11","03","13:00","9.5","","2.0","","60","","0.0","","31","","25","","","","102.43","","","","","","NA"
"-60.01","43.93","SABLE ISLAND","8204708","2022-11-03 14:00","2022","11","03","14:00","9.3","","2.4","","62","","0.0","","31","","24","","","","102.43","","","","","","NA"
"-60.01","43.93","SABLE ISLAND","8204708","2022-11-03 15:00","2022","11","03","15:00","9.5","","2.8","","63","","0.0","","30","","22","","","","102.42","","","","","","NA"
"-60.01","43.93","SABLE ISLAND","8204708","2022-11-03 16:00","2022","11","03","16:00","9.0","","2.8","","65","","0.0","","30","","21","","","","102.48","","","","","","NA"
"-60.01","43.93","SABLE ISLAND","8204708","2022-11-03 17:00","2022","11","03","17:00","9.0","","3.5","","68","","0.0","","30","","24","","","","102.48","","","","","","NA"
"-60.01","43.93","SABLE ISLAND","8204708","2022-11-03 18:00","2022","11","03","18:00","9.0","","3.7","","69","","0.0","","28","","19","","","","102.48","","","","","","NA"
"-60.01","43.93","SABLE ISLAND","8204708","2022-11-03 19:00","2022","11","03","19:00","9.4","","4.2","","70","","0.0","","28","","19","","","","102.50","","","","","","NA"
"-60.01","43.93","SABLE ISLAND","8204708","2022-11-03 20:00","2022","11","03","20:00","10.1","","4.1","","66","","0.0","","27","","22","","","","102.49","","","","","","NA"
"-60.01","43.93","SABLE ISLAND","8204708","2022-11-03 21:00","2022","11","03","21:00","10.2","","4.6","","68","","0.0","","27","","20","","","","102.54","","","","","","NA"
"-60.01","43.93","SABLE ISLAND","8204708","2022-11-03 22:00","2022","11","03","22:00","10.9","","5.8","","71","","0.0","","27","","21","","","","102.54","","","","","","NA"
"-60.01","43.93","SABLE ISLAND","8204708","2022-11-03 23:00","2022","11","03","23:00","11.1","","5.8","","70","","0.0","","26","","24","","","","102.53","","","","","","NA"
"-60.01","43.93","SABLE ISLAND","8204708","2022-11-04 00:00","2022","11","04","00:00","11.7","","5.8","","67","","0.0","","26","","22","","","","102.52","","","","","","NA"
"-60.01","43.93","SABLE ISLAND","8204708","2022-11-04 01:00","2022","11","04","01:00","11.8","","6.5","","70","","0.0","","26","","25","","","","102.49","","","","","","NA"
"-60.01","43.93","SABLE ISLAND","8204708","2022-11-04 02:00","2022","11","04","02:00","12.0","","7.8","","76","","0.0","","26","","27","","","","102.48","","","","","","NA"
"-60.01","43.93","SABLE ISLAND","8204708","2022-11-04 03:00","2022","11","04","03:00","12.1","","8.1","","77","","0.0","","26","","27","","","","102.47","","","","","","NA"
"-60.01","43.93","SABLE ISLAND","8204708","2022-11-04 04:00","2022","11","04","04:00","12.1","","7.7","","74","","0.0","","26","","28","","","","102.45","","","","","","NA"
"-60.01","43.93","SABLE ISLAND","8204708","2022-11-04 05:00","2022","11","04","05:00","12.2","","8.5","","78","","0.0","","26","","24","","","","102.47","","","","","","NA"
"-60.01","43.93","SABLE ISLAND","8204708","2022-11-04 06:00","2022","11","04","06:00","12.2","","9.0","","81","","0.0","","26","","25","","","","102.46","","","","","","NA"
"-60.01","43.93","SABLE ISLAND","8204708","2022-11-04 07:00","2022","11","04","07:00","12.6","","8.9","","78","","0.0","","26","","22","","","","102.50","","","","","","NA"
"-60.01","43.93","SABLE ISLAND","8204708","2022-11-04 08:00","2022","11","04","08:00","13.3","","9.1","","76","","0.0","","26","","21","","","","102.55","","","","","","NA"
"-60.01","43.93","SABLE ISLAND","8204708","2022-11-04 09:00","2022","11","04","09:00","14.1","","9.7","","75","","0.0","","26","","26","","","","102.57","","","","","","NA"
"-60.01","43.93","SABLE ISLAND","8204708","2022-11-04 10:00","2022","11","04","10:00","14.6","","10.1","","74","","0.0","","25","","26","","","","102.57","","","","","","NA"
"-60.01","43.93","SABLE ISLAND","8204708","2022-11-04 11:00","2022","11","04","11:00","15.6","","10.6","","72","","0.0","","25","","23","","","","102.59","","","","","","NA"
"-60.01","43.93","SABLE ISLAND","8204708","2022-11-04 12:00","2022","11","04","12:00","15.2","","10.6","","74","","0.0","","24","","24","","","","102.55","","","","","","NA"
"-60.01","43.93","SABLE ISLAND","8204708","2022-11-04 13:00","2022","11","04","13:00","15.0","","10.5","","74","","0.0","","24","","27","","","","102.48","","","","","","NA"
"-60.01","43.93","SABLE ISLAND","8204708","2022-11-04 14:00","2022","11","04","14:00","15.0","","10.8","","76","","0.0","","24","","25","","","","102.50","","","","","","NA"
"-60.01","43.93","SABLE ISLAND","8204708","2022-11-04 15:00","2022","11","04","15:00","14.7","","10.8","","78","","0.0","","25","","27","","","","102.49","","","","","","NA"
"-60.01","43.93","SABLE ISLAND","8204708","2022-11-04 16:00","2022","11","04","16:00","13.8","","10.9","","83","","0.0","","24","","26","","","","102.44","","","","","","NA"
"-60.01","43.93","SABLE ISLAND","8204708","2022-11-04 17:00","2022","11","04","17:00","13.3","","11.2","","87","","0.0","","25","","26","","","","102.47","","","","","","NA"
"-60.01","43.93","SABLE ISLAND","8204708","2022-11-04 18:00","2022","11","04","18:00","13.2","","11.4","","89","","0.0","","24","","25","","","","102.49","","","","","","NA"
"-60.01","43.93","SABLE ISLAND","8204708","2022-11-04 19:00","2022","11","04","19:00","13.2","","11.4","","89","","0.0","","25","","25","","","","102.50","","","","","","NA"
"-60.01","43.93","SABLE ISLAND","8204708","2022-11-04 20:00","2022","11","04","20:00","13.2","","11.7","","91","","0.0","","26","","21","","","","102.54","","","","","","NA"
"-60.01","43.93","SABLE ISLAND","8204708","2022-11-04 21:00","2022","11","04","21:00","13.2","","11.7","","91","","0.0","","26","","24","","","","102.53","","","","","","NA"
"-60.01","43.93","SABLE ISLAND","8204708","2022-11-04 22:00","2022","11","04","22:00","13.2","","11.8","","91","","0.0","","25","","26","","","","102.55","","","","","","NA"
"-60.01","43.93","SABLE ISLAND","8204708","2022-11-04 23:00","2022","11","04","23:00","13.1","","12.0","","93","","0.0","","25","","27","","","","102.51","","","","","","NA"
"-60.01","43.93","SABLE ISLAND","8204708","2022-11-05 00:00","2022","11","05","00:00","13.1","","12.1","","94","","0.0","","26","","28","","","","102.52","","","","","","NA"
"-60.01","43.93","SABLE ISLAND","8204708","2022-11-05 01:00","2022","11","05","01:00","13.0","","12.1","","94","","0.0","","25","","24","","","","102.57","","","","","","NA"
"-60.01","43.93","SABLE ISLAND","8204708","2022-11-05 02:00","2022","11","05","02:00","13.0","","12.1","","94","","0.0","","24","","22","","","","102.56","","","","","","NA"
"-60.01","43.93","SABLE ISLAND","8204708","2022-11-05 03:00","2022","11","05","03:00","13.2","","12.1","","93","","0.0","","23","","24","","","","102.54","","","","","","NA"
"-60.01","43.93","SABLE ISLAND","8204708","2022-11-05 04:00","2022","11","05","04:00","13.3","","12.1","","93","","0.0","","24","","22","","","","102.53","","","","","","NA"
"-60.01","43.93","SABLE ISLAND","8204708","2022-11-05 05:00","2022","11","05","05:00","13.7","","12.2","","91","","0.0","","24","","28","","","","102.54","","","","","","NA"
"-60.01","43.93","SABLE ISLAND","8204708","2022-11-05 06:00","2022","11","05","06:00","13.9","","12.3","","90","","0.0","","24","","32","","","","102.51","","","","","","NA"
"-60.01","43.93","SABLE ISLAND","8204708","2022-11-05 07:00","2022","11","05","07:00","14.2","","12.0","","87","","0.0","","24","","35","","","","102.50","","","","","","NA"
"-60.01","43.93","SABLE ISLAND","8204708","2022-11-05 08:00","2022","11","05","08:00","14.6","","12.4","","87","","0.0","","24","","30","","","","102.52","","","","","","NA"
"-60.01","43.93","SABLE ISLAND","8204708","2022-11-05 09:00","2022","11","05","09:00","15.5","","13.3","","87","","0.0","","26","","31","","","","102.60","","","","","","NA"
"-60.01","43.93","SABLE ISLAND","8204708","2022-11-05 10:00","2022","11","05","10:00","15.8","","13.5","","86","","0.0","","25","","25","","","","102.55","","","","","","NA"
"-60.01","43.93","SABLE ISLAND","8204708","2022-11-05 11:00","2022","11","05","11:00","15.8","","13.6","","87","","0.0","","24","","32","","","","102.54","","","","","","NA"
"-60.01","43.93","SABLE ISLAND","8204708","2022-11-05 12:00","2022","11","05","12:00","16.3","","13.7","","85","","0.0","","24","","27","","","","102.49","","","","","","NA"
"-60.01","43.93","SABLE ISLAND","8204708","2022-11-05 13:00","2022","11","05","13:00","16.3","","13.7","","85","","0.0","","23","","27","","","","102.45","","","","","","NA"
"-60.01","43.93","SABLE ISLAND","8204708","2022-11-05 14:00","2022","11","05","14:00","16.0","","13.9","","88","","0.0","","24","","32","","","","102.47","","","","","","NA"
"-60.01","43.93","SABLE ISLAND","8204708","2022-11-05 15:00","2022","11","05","15:00","15.5","","13.8","","90","","0.0","","24","","35","","","","102.49","","","","","","NA"
"-60.01","43.93","SABLE ISLAND","8204708","2022-11-05 16:00","2022","11","05","16:00","15.2","","13.9","","92","","0.0","","24","","34","","","","102.51","","","","","","NA"
"-60.01","43.93","SABLE ISLAND","8204708","2022-11-05 17:00","2022","11","05","17:00","14.9","","13.9","","94","","0.0","","24","","34","","","","102.53","","","","","","NA"
"-60.01","43.93","SABLE ISLAND","8204708","2022-11-05 18:00","2022","11","05","18:00","14.9","","13.9","","94","","0.0","","24","","31","","","","102.57","","","","","","NA"
"-60.01","43.93","SABLE ISLAND","8204708","2022-11-05 19:00","2022","11","05","19:00","15.0","","14.0","","94","","0.0","","24","","30","","","","102.59","","","","","","NA"
"-60.01","43.93","SABLE ISLAND","8204708","2022-11-05 20:00","2022","11","05","20:00","15.0","","14.1","","94","","0.0","","24","","32","","","","102.63","","","","","","NA"
"-60.01","43.93","SABLE ISLAND","8204708","2022-11-05 21:00","2022","11","05","21:00","14.9","","13.9","","94","","0.0","","24","","31","","","","102.66","","","","","","NA"
"-60.01","43.93","SABLE ISLAND","8204708","2022-11-05 22:00","2022","11","05","22:00","15.0","","14.0","","94","","0.0","","25","","28","","","","102.67","","","","","","NA"
"-60.01","43.93","SABLE ISLAND","8204708","2022-11-05 23:00","2022","11","05","23:00","15.1","","14.0","","93","","0.0","","25","","29","","","","102.67","","","","","","NA"
"-60.01","43.93","SABLE ISLAND","8204708","2022-11-06 00:00","2022","11","06","00:00","15.0","","14.0","","94","","0.0","","25","","29","","","","102.68","","","","","","NA"
"-60.01","43.93","SABLE ISLAND","8204708","2022-11-06 01:00","2022","11","06","01:00","14.7","","13.7","","94","","0.0","","25","","25","","","","102.67","","","","","","NA"
"-60.01","43.93","SABLE ISLAND","8204708","2022-11-06 02:00","2022","11","06","02:00","14.6","","13.6","","94","","0.0","","25","","24","","","","102.68","","","","","","NA"
"-60.01","43.93","SABLE ISLAND","8204708","2022-11-06 03:00","2022","11","06","03:00","14.7","","13.7","","94","","0.0","","26","","26","","","","102.68","","","","","","NA"
"-60.01","43.93","SABLE ISLAND","8204708","2022-11-06 04:00","2022","11","06","04:00","14.2","","13.3","","94","","0.0","","25","","23","","","","102.70","","","","","","NA"
"-60.01","43.93","SABLE ISLAND","8204708","2022-11-06 05:00","2022","11","06","05:00","14.0","","13.2","","95","","0.0","","25","","21","","","","102.73","","","","","","NA"
"-60.01","43.93","SABLE ISLAND","8204708","2022-11-06 06:00","2022","11","06","06:00","14.1","","13.3","","95","","0.0","","24","","21","","","","102.72","","","","","","NA"
"-60.01","43.93","SABLE ISLAND","8204708","2022-11-06 07:00","2022","11","06","07:00","14.0","","13.3","","96","","0.0","","25","","17","","","","102.76","","","","","","NA"
"-60.01","43.93","SABLE ISLAND","8204708","2022-11-06 08:00","2022","11","06","08:00","14.3","","13.5","","95","","0.0","","24","","18","","","","102.81","","","","","","NA"
"-60.01","43.93","SABLE ISLAND","8204708","2022-11-06 09:00","2022","11","06","09:00","15.3","","13.9","","91","","0.0","","24","","22","","","","102.81","","","","","","NA"
"-60.01","43.93","SABLE ISLAND","8204708","2022-11-06 10:00","2022","11","06","10:00","16.1","","13.8","","86","","0.0","","23","","18","","","","102.82","","","","","","NA"
"-60.01","43.93","SABLE ISLAND","8204708","2022-11-06 11:00","2022","11","06","11:00","16.4","","13.7","","84","","0.0","","23","","22","","","","102.82","","","","","","NA"
"-60.01","43.93","SABLE ISLAND","8204708","2022-11-06 12:00","2022","11","06","12:00","16.7","","13.8","","83","","0.0","","23","","21","","","","102.78","","","","","","NA"
"-60.01","43.93","SABLE ISLAND","8204708","2022-11-06 13:00","2022","11","06","13:00","17.0","","13.7","","81","","0.0","","22","","22","","","","102.77","","","","","","NA"
"-60.01","43.93","SABLE ISLAND","8204708","2022-11-06 14:00","2022","11","06","14:00","16.4","","13.5","","83","","0.0","","22","","21","","","","102.74","","","","","","NA"
"-60.01","43.93","SABLE ISLAND","8204708","2022-11-06 15:00","2022","11","06","15:00","16.0","","13.8","","87","","0.0","","22","","21","","","","102.75","","","","","","NA"
"-60.01","43.93","SABLE ISLAND","8204708","2022-11-06 16:00","2022","11","06","16:00","15.3","","13.8","","91","","0.0","","21","","22","","","","102.73","","","","","","NA"
"-60.01","43.93","SABLE ISLAND","8204708","2022-11-06 17:00","2022","11","06","17:00","15.0","","14.1","","95","","0.0","","21","","27","","","","102.69","","","","","","NA"
"-60.01","43.93","SABLE ISLAND","8204708","2022-11-06 18:00","2022","11","06","18:00","14.9","","14.2","","95","","0.0","","21","","27","","","","102.72","","","","","","NA"
"-60.01","43.93","SABLE ISLAND","8204708","2022-11-06 19:00","2022","11","06","19:00","14.8","","14.1","","96","","0.0","","21","","27","","","","102.69","","","","","","NA"
"-60.01","43.93","SABLE ISLAND","8204708","2022-11-06 20:00","2022","11","06","20:00","14.8","","14.2","","96","","0.0","","21","","26","","","","102.65","","","","","","NA"
"-60.01","43.93","SABLE ISLAND","8204708","2022-11-06 21:00","2022","11","06","21:00","14.8","","14.2","","96","","0.0","","21","","29","","","","102.58","","","","","","NA"
"-60.01","43.93","SABLE ISLAND","8204708","2022-11-06 22:00","2022","11","06","22:00","14.8","","14.2","","96","","0.0","","22","","28","","","","102.54","","","","","","NA"
"-60.01","43.93","SABLE ISLAND","8204708","2022-11-06 23:00","2022","11","06","23:00","14.8","","14.2","","96","","0.0","","21","","31","","","","102.48","","","","","","NA"
"-60.01","43.93","SABLE ISLAND","8204708","2022-11-07 00:00","2022","11","07","00:00","15.1","","14.6","","97","","0.0","","22","","31","","","","102.47","","","","","","NA"
"-60.01","43.93","SABLE ISLAND","8204708","2022-11-07 01:00","2022","11","07","01:00","14.8","","14.3","","97","","0.0","","22","","28","","","","102.46","","","","","","NA"
"-60.01","43.93","SABLE ISLAND","8204708","2022-11-07 02:00","2022","11","07","02:00","14.8","","14.3","","97","","0.0","","22","","27","","","","102.45","","","","","","NA"
"-60.01","43.93","SABLE ISLAND","8204708","2022-11-07 03:00","2022","11","07","03:00","15.0","","14.4","","97","","0.0","","22","","29","","","","102.44","","","","","","NA"
"-60.01","43.93","SABLE ISLAND","8204708","2022-11-07 04:00","2022","11","07","04:00","14.9","","14.3","","96","","0.0","","22","","31","","","","102.39","","","","","","NA"
"-60.01","43.93","SABLE ISLAND","8204708","2022-11-07 05:00","2022","11","07","05:00","14.9","","14.3","","96","","0.0","","22","","28","","","","102.40","","","","","","NA"
"-60.01","43.93","SABLE ISLAND","8204708","2022-11-07 06:00","2022","11","07","06:00","14.8","","14.2","","96","","0.0","","22","","27","","","","102.33","","","","","","NA"
"-60.01","43.93","SABLE ISLAND","8204708","2022-11-07 07:00","2022","11","07","07:00","14.7","","14.1","","96","","0.0","","22","","29","","","","102.29","","","","","","NA"
"-60.01","43.93","SABLE ISLAND","8204708","2022-11-07 08:00","2022","11","07","08:00","15.2","","14.6","","96","","0.0","","21","","30","","","","102.28","","","","","","NA"
"-60.01","43.93","SABLE ISLAND","8204708","2022-11-07 09:00","2022","11","07","09:00","15.9","","15.0","","95","","0.0","","21","","32","","","","102.24","","","","","","NA"
"-60.01","43.93","SABLE ISLAND","8204708","2022-11-07 10:00","2022","11","07","10:00","16.5","","15.1","","92","","0.0","","21","","34","","","","102.17","","","","","","NA"
"-60.01","43.93","SABLE ISLAND","8204708","2022-11-07 11:00","2022","11","07","11:00","16.9","","15.0","","89","","0.0","","21","","32","","","","102.09","","","","","","NA"
"-60.01","43.93","SABLE ISLAND","8204708","2022-11-07 12:00","2022","11","07","12:00","17.1","","14.9","","87","","0.0","","21","","36","","","","101.97","","","","","","NA"
"-60.01","43.93","SABLE ISLAND","8204708","2022-11-07 13:00","2022","11","07","13:00","17.3","","14.9","","86","","0.0","","21","","38","","","","101.87","","","","","","NA"
"-60.01","43.93","SABLE ISLAND","8204708","2022-11-07 14:00","2022","11","07","14:00","16.9","","14.6","","87","","0.0","","21","","37","","","","101.77","","","","","","NA"
"-60.01","43.93","SABLE ISLAND","8204708","2022-11-07 15:00","2022","11","07","15:00","16.6","","14.7","","89","","0.0","","21","","36","","","","101.69","","","","","","NA"
"-60.01","43.93","SABLE ISLAND","8204708","2022-11-07 16:00","2022","11","07","16:00","15.9","","14.4","","91","","0.0","","21","","36","","","","101.63","","","","","","NA"
"-60.01","43.93","SABLE ISLAND","8204708","2022-11-07 17:00","2022","11","07","17:00","15.7","","14.5","","93","","0.0","","21","","38","","","","101.53","","","","","","NA"
"-60.01","43.93","SABLE ISLAND","8204708","2022-11-07 18:00","2022","11","07","18:00","15.5","","14.6","","94","","0.0","","21","","37","","","","101.47","","","","","","NA"
"-60.01","43.93","SABLE ISLAND","8204708","2022-11-07 19:00","2022","11","07","19:00","15.6","","14.8","","95","","0.0","","22","","40","","","","101.40","","","","","","NA"
"-60.01","43.93","SABLE ISLAND","8204708","2022-11-07 20:00","2022","11","07","20:00","15.8","","14.8","","94","","0.0","","21","","43","","","","101.33","","","","","","NA"
"-60.01","43.93","SABLE ISLAND","8204708","2022-11-07 21:00","2022","11","07","21:00","15.9","","14.9","","94","","0.0","","22","","43","","","","101.24","","","","","","NA"
"-60.01","43.93","SABLE ISLAND","8204708","2022-11-07 22:00","2022","11","07","22:00","15.5","","14.8","","96","","3.9","","23","","35","","","","101.17","","","","","","NA"
"-60.01","43.93","SABLE ISLAND","8204708","2022-11-07 23:00","2022","11","07","23:00","15.5","","14.9","","97","","0.9","","25","","36","","","","101.12","","","","","","NA"
"-60.01","43.93","SABLE ISLAND","8204708","2022-11-08 00:00","2022","11","08","00:00","14.7","","14.1","","96","","0.0","","27","","35","","","","101.12","","","","","","NA"
"-60.01","43.93","SABLE ISLAND","8204708","2022-11-08 01:00","2022","11","08","01:00","11.9","","8.5","","79","","0.0","","33","","38","","","","101.21","","","","","","NA"
"-60.01","43.93","SABLE ISLAND","8204708","2022-11-08 02:00","2022","11","08","02:00","12.0","","6.1","","67","","0.0","","32","","38","","","","101.25","","","","","","NA"
"-60.01","43.93","SABLE ISLAND","8204708","2022-11-08 03:00","2022","11","08","03:00","11.8","","6.4","","69","","0.0","","31","","32","","","","101.23","","","","","","NA"
"-60.01","43.93","SABLE ISLAND","8204708","2022-11-08 04:00","2022","11","08","04:00","11.5","","4.2","","61","","0.0","","31","","38","","","","101.28","","","","","","NA"
"-60.01","43.93","SABLE ISLAND","8204708","2022-11-08 05:00","2022","11","08","05:00","11.1","","4.4","","63","","0.0","","31","","40","","","","101.30","","","","","","NA"
"-60.01","43.93","SABLE ISLAND","8204708","2022-11-08 06:00","2022","11","08","06:00","10.9","","3.1","","59","","0.0","","30","","36","","","","101.30","","","","","","NA"
"-60.01","43.93","SABLE ISLAND","8204708","2022-11-08 07:00","2022","11","08","07:00","10.4","","3.2","","61","","0.0","","31","","38","","","","101.32","","","","","","NA"
"-60.01","43.93","SABLE ISLAND","8204708","2022-11-08 08:00","2022","11","08","08:00","10.5","","2.7","","58","","0.0","","30","","37","","","","101.33","","","","","","NA"
"-60.01","43.93","SABLE ISLAND","8204708","2022-11-08 09:00","2022","11","08","09:00","10.7","","3.5","","61","","0.0","","30","","38","","","","101.33","","","","","","NA"
"-60.01","43.93","SABLE ISLAND","8204708","2022-11-08 10:00","2022","11","08","10:00","10.5","","2.1","","56","","0.0","","30","","40","","","","101.35","","","","","","NA"
"-60.01","43.93","SABLE ISLAND","8204708","2022-11-08 11:00","2022","11","08","11:00","9.9","","1.8","","57","","0.0","","30","","39","","","","101.35","","","","","","NA"
"-60.01","43.93","SABLE ISLAND","8204708","2022-11-08 12:00","2022","11","08","12:00","9.9","","1.4","","55","","0.0","","29","","42","","","","101.29","","","","","","NA"
"-60.01","43.93","SABLE ISLAND","8204708","2022-11-08 13:00","2022","11","08","13:00","8.1","","0.7","","60","","0.0","","30","","46","","","","101.35","","","","","","NA"
"-60.01","43.93","SABLE ISLAND","8204708","2022-11-08 14:00","2022","11","08","14:00","7.8","","-1.2","","53","","0.0","","31","","48","","","","101.40","","","","","","NA"
"-60.01","43.93","SABLE ISLAND","8204708","2022-11-08 15:00","2022","11","08","15:00","7.6","","-0.9","","55","","0.0","","31","","48","","","","101.43","","","","","","NA"
"-60.01","43.93","SABLE ISLAND","8204708","2022-11-08 16:00","2022","11","08","16:00","6.9","","0.4","","63","","0.0","","31","","52","","","","101.47","","","","","","NA"
"-60.01","43.93","SABLE ISLAND","8204708","2022-11-08 17:00","2022","11","08","17:00","7.6","","0.1","","59","","0.0","","31","","51","","","","101.52","","","","","","NA"
"-60.01","43.93","SABLE ISLAND","8204708","2022-11-08 18:00","2022","11","08","18:00","7.6","","-0.2","","58","","0.0","","31","","51","","","","101.61","","","","","","NA"
"-60.01","43.93","SABLE ISLAND","8204708","2022-11-08 19:00","2022","11","08","19:00","7.4","","2.0","","68","","0.0","","31","","51","","","","101.68","","","","","","NA"
"-60.01","43.93","SABLE ISLAND","8204708","2022-11-08 20:00","2022","11","08","20:00","7.6","","0.8","","62","","0.0","","31","","51","","","","101.71","","","","","","NA"
"-60.01","43.93","SABLE ISLAND","8204708","2022-11-08 21:00","2022","11","08","21:00","7.7","","0.8","","62","","0.0","","32","","51","","","","101.74","","","","","","NA"
"-60.01","43.93","SABLE ISLAND","8204708","2022-11-08 22:00","2022","11","08","22:00","6.8","","1.5","","69","","0.0","","32","","54","","","","101.82","","","","","","NA"
"-60.01","43.93","SABLE ISLAND","8204708","2022-11-08 23:00","2022","11","08","23:00","7.1","","1.8","","69","","0.0","","32","","54","","","","101.85","","","","","","NA"
"-60.01","43.93","SABLE ISLAND","8204708","2022-11-09 00:00","2022","11","09","00:00","5.7","","3.4","","85","","1.6","","33","","53","","","","101.93","","","","","","NA"
"-60.01","43.93","SABLE ISLAND","8204708","2022-11-09 01:00","2022","11","09","01:00","5.7","","3.1","","83","","0.6","","33","","49","","","","101.99","","","","","","NA"
"-60.01","43.93","SABLE ISLAND","8204708","2022-11-09 02:00","2022","11","09","02:00","6.6","","3.3","","80","","0.2","","32","","50","","","","102.02","","","","","","NA"
"-60.01","43.93","SABLE ISLAND","8204708","2022-11-09 03:00","2022","11","09","03:00","5.9","","2.4","","78","","0.0","","33","","57","","","","102.10","","","","","","NA"
"-60.01","43.93","SABLE ISLAND","8204708","2022-11-09 04:00","2022","11","09","04:00","6.4","","2.2","","75","","0.0","","32","","52","","","","102.16","","","","","","NA"
"-60.01","43.93","SABLE ISLAND","8204708","2022-11-09 05:00","2022","11","09","05:00","5.4","","2.7","","83","","0.6","","33","","51","","","","102.25","","","","","","NA"
"-60.01","43.93","SABLE ISLAND","8204708","2022-11-09 06:00","2022","11","09","06:00","6.3","","2.0","","74","","0.0","","33","","53","","","","102.32","","","","","","NA"
"-60.01","43.93","SABLE ISLAND","8204708","2022-11-09 07:00","2022","11","09","07:00","6.4","","2.2","","74","","0.0","","32","","50","","","","102.45","","","","","","NA"
"-60.01","43.93","SABLE ISLAND","8204708","2022-11-09 08:00","2022","11","09","08:00","6.0","","1.3","","72","","0.0","","35","","47","","","","102.56","","","","","","NA"
"-60.01","43.93","SABLE ISLAND","8204708","2022-11-09 09:00","2022","11","09","09:00","6.9","","1.3","","67","","0.0","","35","","46","","","","102.63","","","","","","NA"
"-60.01","43.93","SABLE ISLAND","8204708","2022-11-09 10:00","2022","11","09","10:00","7.7","","1.4","","65","","0.0","","34","","42","","","","102.69","","","","","","NA"
"-60.01","43.93","SABLE ISLAND","8204708","2022-11-09 11:00","2022","11","09","11:00","7.9","","1.4","","63","","0.0","","33","","41","","","","102.73","","","","","","NA"
"-60.01","43.93","SABLE ISLAND","8204708","2022-11-09 12:00","2022","11","09","12:00","7.7","","1.0","","63","","0.0","","33","","43","","","","102.72","","","","","","NA"
"-60.01","43.93","SABLE ISLAND","8204708","2022-11-09 13:00","2022","11","09","13:00","7.5","","-0.3","","58","","0.0","","34","","38","","","","102.72","","","","","","NA"
"-60.01","43.93","SABLE ISLAND","8204708","2022-11-09 14:00","2022","11","09","14:00","7.7","","0.1","","59","","0.0","","33","","41","","","","102.74","","","","","","NA"
"-60.01","43.93","SABLE ISLAND","8204708","2022-11-09 15:00","2022","11","09","15:00","6.9","","-0.2","","60","","0.0","","33","","36","","","","102.81","","","","","","NA"
"-60.01","43.93","SABLE ISLAND","8204708","2022-11-09 16:00","2022","11","09","16:00","7.1","","0.3","","62","","0.0","","33","","37","","","","102.86","","","","","","NA"
"-60.01","43.93","SABLE ISLAND","8204708","2022-11-09 17:00","2022","11","09","17:00","6.6","","2.1","","73","","0.0","","34","","32","","","","102.92","","","","","","NA"
"-60.01","43.93","SABLE ISLAND","8204708","2022-11-09 18:00","2022","11","09","18:00","6.6","","0.4","","64","","0.0","","33","","38","","","","102.95","","","","","","NA"
"-60.01","43.93","SABLE ISLAND","8204708","2022-11-09 19:00","2022","11","09","19:00","6.4","","1.9","","73","","0.0","","34","","34","","","","103.00","","","","","","NA"
"-60.01","43.93","SABLE ISLAND","8204708","2022-11-09 20:00","2022","11","09","20:00","6.5","","1.0","","68","","0.0","","33","","33","","","","102.99","","","","","","NA"
"-60.01","43.93","SABLE ISLAND","8204708","2022-11-09 21:00","2022","11","09","21:00","6.5","","0.5","","66","","0.0","","32","","29","","","","103.00","","","","","","NA"
"-60.01","43.93","SABLE ISLAND","8204708","2022-11-09 22:00","2022","11","09","22:00","6.7","","1.1","","67","","0.0","","32","","21","","","","102.99","","","","","","NA"
"-60.01","43.93","SABLE ISLAND","8204708","2022-11-09 23:00","2022","11","09","23:00","6.3","","0.1","","65","","0.0","","31","","23","","","","103.01","","","","","","NA"
"-60.01","43.93","SABLE ISLAND","8204708","2022-11-10 00:00","2022","11","10","00:00","6.1","","-0.3","","64","","0.0","","31","","19","","","","103.00","","","","","","NA"
"-60.01","43.93","SABLE ISLAND","8204708","2022-11-10 01:00","2022","11","10","01:00","6.3","","0.5","","66","","0.0","","29","","15","","","","103.00","","","","","","NA"
"-60.01","43.93","SABLE ISLAND","8204708","2022-11-10 02:00","2022","11","10","02:00","7.0","","0.9","","65","","0.0","","29","","21","","","","102.95","","","","","","NA"
"-60.01","43.93","SABLE ISLAND","8204708","2022-11-10 03:00","2022","11","10","03:00","6.7","","0.9","","66","","0.0","","25","","18","","","","102.80","","","","","","NA"
"-60.01","43.93","SABLE ISLAND","8204708","2022-11-10 04:00","2022","11","10","04:00","8.0","","2.7","","69","","0.0","","25","","25","","","","102.74","","","","","","NA"
"-60.01","43.93","SABLE ISLAND","8204708","2022-11-10 05:00","2022","11","10","05:00","8.5","","2.5","","66","","0.0","","25","","28","","","","102.72","","","","","","NA"
"-60.01","43.93","SABLE ISLAND","8204708","2022-11-10 06:00","2022","11","10","06:00","9.1","","3.3","","67","","0.0","","25","","29","","","","102.62","","","","","","NA"
"-60.01","43.93","SABLE ISLAND","8204708","2022-11-10 07:00","2022","11","10","07:00","9.6","","5.0","","73","","0.0","","24","","34","","","","102.55","","","","","","NA"
"-60.01","43.93","SABLE ISLAND","8204708","2022-11-10 08:00","2022","11","10","08:00","10.1","","5.4","","73","","0.0","","25","","36","","","","102.55","","","","","","NA"
"-60.01","43.93","SABLE ISLAND","8204708","2022-11-10 09:00","2022","11","10","09:00","10.8","","5.9","","72","","0.0","","24","","40","","","","102.50","","","","","","NA"
"-60.01","43.93","SABLE ISLAND","8204708","2022-11-10 10:00","2022","11","10","10:00","11.7","","6.7","","71","","0.0","","24","","40","","","","102.40","","","","","","NA"
"-60.01","43.93","SABLE ISLAND","8204708","2022-11-10 11:00","2022","11","10","11:00","11.7","","5.8","","67","","0.0","","24","","46","","","","102.27","","","","","","NA"
"-60.01","43.93","SABLE ISLAND","8204708","2022-11-10 12:00","2022","11","10","12:00","12.4","","6.0","","65","","0.0","","24","","50","","","","102.13","","","","","","NA"
"-60.01","43.93","SABLE ISLAND","8204708","2022-11-10 13:00","2022","11","10","13:00","12.6","","6.7","","68","","0.0","","24","","43","","","","102.07","","","","","","NA"
"-60.01","43.93","SABLE ISLAND","8204708","2022-11-10 14:00","2022","11","10","14:00","13.1","","6.5","","64","","0.0","","25","","40","","","","102.01","","","","","","NA"
"-60.01","43.93","SABLE ISLAND","8204708","2022-11-10 15:00","2022","11","10","15:00","13.2","","8.1","","71","","0.0","","25","","40","","","","101.97","","","","","","NA"
"-60.01","43.93","SABLE ISLAND","8204708","2022-11-10 16:00","2022","11","10","16:00","13.1","","8.9","","76","","0.0","","25","","45","","","","101.88","","","","","","NA"
"-60.01","43.93","SABLE ISLAND","8204708","2022-11-10 17:00","2022","11","10","17:00","12.8","","9.8","","82","","0.0","","25","","38","","","","101.86","","","","","","NA"
"-60.01","43.93","SABLE ISLAND","8204708","2022-11-10 18:00","2022","11","10","18:00","12.8","","9.9","","83","","0.0","","26","","34","","","","101.83","","","","","","NA"
"-60.01","43.93","SABLE ISLAND","8204708","2022-11-10 19:00","2022","11","10","19:00","12.9","","10.3","","84","","0.0","","26","","35","","","","101.78","","","","","","NA"
"-60.01","43.93","SABLE ISLAND","8204708","2022-11-10 20:00","2022","11","10","20:00","13.2","","10.6","","84","","0.0","","27","","34","","","","101.86","","","","","","NA"
"-60.01","43.93","SABLE ISLAND","8204708","2022-11-10 21:00","2022","11","10","21:00","13.0","","11.0","","88","","0.0","","26","","22","","","","101.83","","","","","","NA"
"-60.01","43.93","SABLE ISLAND","8204708","2022-11-10 22:00","2022","11","10","22:00","13.0","","11.2","","89","","0.0","","25","","35","","","","101.71","","","","","","NA"
"-60.01","43.93","SABLE ISLAND","8204708","2022-11-10 23:00","2022","11","10","23:00","13.1","","11.4","","90","","0.0","","26","","31","","","","101.67","","","","","","NA"
"-60.01","43.93","SABLE ISLAND","8204708","2022-11-11 00:00","2022","11","11","00:00","13.1","","11.5","","90","","0.0","","27","","28","","","","101.70","","","","","","NA"
"-60.01","43.93","SABLE ISLAND","8204708","2022-11-11 01:00","2022","11","11","01:00","12.9","","11.4","","91","","0.0","","26","","23","","","","101.68","","","","","","NA"
"-60.01","43.93","SABLE ISLAND","8204708","2022-11-11 02:00","2022","11","11","02:00","12.8","","11.3","","91","","0.0","","27","","28","","","","101.69","","","","","","NA"
"-60.01","43.93","SABLE ISLAND","8204708","2022-11-11 03:00","2022","11","11","03:00","13.0","","11.5","","91","","0.0","","26","","26","","","","101.69","","","","","","NA"
"-60.01","43.93","SABLE ISLAND","8204708","2022-11-11 04:00","2022","11","11","04:00","12.9","","11.6","","92","","0.0","","26","","24","","","","101.71","","","","","","NA"
"-60.01","43.93","SABLE ISLAND","8204708","2022-11-11 05:00","2022","11","11","05:00","12.9","","11.6","","92","","0.0","","26","","23","","","","101.73","","","","","","NA"
"-60.01","43.93","SABLE ISLAND","8204708","2022-11-11 06:00","2022","11","11","06:00","12.8","","11.7","","93","","0.0","","27","","23","","","","101.74","","","","","","NA"
"-60.01","43.93","SABLE ISLAND","8204708","2022-11-11 07:00","2022","11","11","07:00","12.8","","11.7","","93","","0.0","","26","","21","","","","101.82","","","","","","NA"
"-60.01","43.93","SABLE ISLAND","8204708","2022-11-11 08:00","2022","11","11","08:00","13.1","","12.0","","93","","0.0","","27","","24","","","","101.92","","","","","","NA"
"-60.01","43.93","SABLE ISLAND","8204708","2022-11-11 09:00","2022","11","11","09:00","13.5","","12.0","","91","","0.0","","26","","21","","","","101.95","","","","","","NA"
"-60.01","43.93","SABLE ISLAND","8204708","2022-11-11 10:00","2022","11","11","10:00","14.1","","12.4","","89","","0.0","","26","","20","","","","101.93","","","","","","NA"
"-60.01","43.93","SABLE ISLAND","8204708","2022-11-11 11:00","2022","11","11","11:00","14.9","","12.3","","85","","0.0","","26","","19","","","","101.93","","","","","","NA"
"-60.01","43.93","SABLE ISLAND","8204708","2022-11-11 12:00","2022","11","11","12:00","14.1","","12.1","","88","","0.0","","27","","19","","","","101.93","","","","","","NA"
"-60.01","43.93","SABLE ISLAND","8204708","2022-11-11 13:00","2022","11","11","13:00","14.0","","12.2","","89","","0.0","","26","","17","","","","101.92","","","","","","NA"
"-60.01","43.93","SABLE ISLAND","8204708","2022-11-11 14:00","2022","11","11","14:00","14.4","","11.9","","85","","0.0","","26","","15","","","","101.92","","","","","","NA"
"-60.01","43.93","SABLE ISLAND","8204708","2022-11-11 15:00","2022","11","11","15:00","13.8","","12.0","","89","","0.0","","24","","11","","","","101.93","","","","","","NA"
"-60.01","43.93","SABLE ISLAND","8204708","2022-11-11 16:00","2022","11","11","16:00","13.3","","11.9","","91","","0.0","","26","","11","","","","101.98","","","","","","NA"
"-60.01","43.93","SABLE ISLAND","8204708","2022-11-11 17:00","2022","11","11","17:00","13.1","","11.5","","90","","0.0","","26","","14","","","","101.98","","","","","","NA"
"-60.01","43.93","SABLE ISLAND","8204708","2022-11-11 18:00","2022","11","11","18:00","13.2","","11.3","","89","","0.0","","25","","14","","","","102.02","","","","","","NA"
"-60.01","43.93","SABLE ISLAND","8204708","2022-11-11 19:00","2022","11","11","19:00","12.9","","11.4","","90","","0.0","","26","","9","","","","102.02","","","","","","NA"
"-60.01","43.93","SABLE ISLAND","8204708","2022-11-11 20:00","2022","11","11","20:00","13.2","","12.0","","92","","0.0","","26","","10","","","","102.02","","","","","","NA"
"-60.01","43.93","SABLE ISLAND","8204708","2022-11-11 21:00","2022","11","11","21:00","12.6","","11.7","","94","","0.0","","21","","8","","","","102.00","","","","","","NA"
"-60.01","43.93","SABLE ISLAND","8204708","2022-11-11 22:00","2022","11","11","22:00","12.4","","11.7","","96","","0.0","","17","","8","","","","101.96","","","","","","NA"
"-60.01","43.93","SABLE ISLAND","8204708","2022-11-11 23:00","2022","11","11","23:00","12.9","","12.3","","96","","0.0","","20","","13","","","","101.90","","","","","","NA"
"-60.01","43.93","SABLE ISLAND","8204708","2022-11-12 00:00","2022","11","12","00:00","13.1","","12.5","","96","","0.0","","22","","14","","","","101.83","","","","","","NA"
"-60.01","43.93","SABLE ISLAND","8204708","2022-11-12 01:00","2022","11","12","01:00","13.5","","12.9","","96","","0.0","","19","","20","","","","101.79","","","","","","NA"
"-60.01","43.93","SABLE ISLAND","8204708","2022-11-12 02:00","2022","11","12","02:00","13.9","","13.2","","96","","0.0","","21","","23","","","","101.75","","","","","","NA"
"-60.01","43.93","SABLE ISLAND","8204708","2022-11-12 03:00","2022","11","12","03:00","14.5","","13.8","","96","","0.0","","20","","27","","","","101.70","","","","","","NA"
"-60.01","43.93","SABLE ISLAND","8204708","2022-11-12 04:00","2022","11","12","04:00","14.4","","13.5","","94","","0.0","","20","","28","","","","101.64","","","","","","NA"
"-60.01","43.93","SABLE ISLAND","8204708","2022-11-12 05:00","2022","11","12","05:00","14.2","","13.1","","93","","0.0","","19","","25","","","","101.56","","","","","","NA"
"-60.01","43.93","SABLE ISLAND","8204708","2022-11-12 06:00","2022","11","12","06:00","14.7","","13.4","","92","","0.0","","20","","32","","","","101.47","","","","","","NA"
"-60.01","43.93","SABLE ISLAND","8204708","2022-11-12 07:00","2022","11","12","07:00","14.8","","13.3","","91","","0.0","","20","","31","","","","101.43","","","","","","NA"
"-60.01","43.93","SABLE ISLAND","8204708","2022-11-12 08:00","2022","11","12","08:00","15.0","","13.2","","89","","0.0","","19","","29","","","","101.34","","","","","","NA"
"-60.01","43.93","SABLE ISLAND","8204708","2022-11-12 09:00","2022","11","12","09:00","15.8","","13.4","","86","","0.0","","18","","36","","","","101.19","","","","","","NA"
"-60.01","43.93","SABLE ISLAND","8204708","2022-11-12 10:00","2022","11","12","10:00","16.2","","14.0","","86","","0.0","","19","","42","","","","101.06","","","","","","NA"
"-60.01","43.93","SABLE ISLAND","8204708","2022-11-12 11:00","2022","11","12","11:00","16.3","","14.1","","87","","0.0","","19","","42","","","","100.92","","","","","","NA"
"-60.01","43.93","SABLE ISLAND","8204708","2022-11-12 12:00","2022","11","12","12:00","16.3","","14.1","","87","","0.0","","19","","42","","","","100.76","","","","","","NA"
"-60.01","43.93","SABLE ISLAND","8204708","2022-11-12 13:00","2022","11","12","13:00","15.6","","14.2","","92","","0.0","","20","","41","","","","100.67","","","","","","NA"
"-60.01","43.93","SABLE ISLAND","8204708","2022-11-12 14:00","2022","11","12","14:00","16.1","","15.0","","93","","1.4","","20","","47","","","","100.54","","","","","","NA"
"-60.01","43.93","SABLE ISLAND","8204708","2022-11-12 15:00","2022","11","12","15:00","16.1","","15.4","","95","","0.4","","21","","52","","","","100.46","","","","","","NA"
"-60.01","43.93","SABLE ISLAND","8204708","2022-11-12 16:00","2022","11","12","16:00","16.0","","15.4","","97","","2.2","","20","","50","","","","100.33","","","","","","NA"
"-60.01","43.93","SABLE ISLAND","8204708","2022-11-12 17:00","2022","11","12","17:00","16.1","","15.2","","94","","0.2","","20","","50","","","","100.21","","","","","","NA"
"-60.01","43.93","SABLE ISLAND","8204708","2022-11-12 18:00","2022","11","12","18:00","16.8","","15.5","","92","","0.0","","20","","57","","","","100.12","","","","","","NA"
"-60.01","43.93","SABLE ISLAND","8204708","2022-11-12 19:00","2022","11","12","19:00","17.0","","15.4","","90","","0.0","","20","","60","","","","99.97","","","","","","NA"
"-60.01","43.93","SABLE ISLAND","8204708","2022-11-12 20:00","2022","11","12","20:00","17.6","","16.1","","91","","0.0","","21","","66","","","","99.82","","","","","","NA"
"-60.01","43.93","SABLE ISLAND","8204708","2022-11-12 21:00","2022","11","12","21:00","17.2","","16.2","","93","","0.0","","22","","61","","","","99.81","","","","","","NA"
"-60.01","43.93","SABLE ISLAND","8204708","2022-11-12 22:00","2022","11","12","22:00","16.3","","15.2","","93","","0.0","","24","","56","","","","99.86","","","","","","NA"
"-60.01","43.93","SABLE ISLAND","8204708","2022-11-12 23:00","2022","11","12","23:00","15.3","","14.2","","93","","0.0","","24","","53","","","","99.93","","","","","","NA"
"-60.01","43.93","SABLE ISLAND","8204708","2022-11-13 00:00","2022","11","13","00:00","15.0","","14.1","","95","","0.0","","25","","53","","","","100.10","","","","","","NA"
"-60.01","43.93","SABLE ISLAND","8204708","2022-11-13 01:00","2022","11","13","01:00","14.9","","13.8","","93","","0.0","","26","","37","","","","100.21","","","","","","NA"
"-60.01","43.93","SABLE ISLAND","8204708","2022-11-13 02:00","2022","11","13","02:00","13.7","","12.8","","94","","0.0","","27","","37","","","","100.39","","","","","","NA"
"-60.01","43.93","SABLE ISLAND","8204708","2022-11-13 03:00","2022","11","13","03:00","11.6","","10.2","","92","","0.0","","29","","33","","","","100.56","","","","","","NA"
"-60.01","43.93","SABLE ISLAND","8204708","2022-11-13 04:00","2022","11","13","04:00","10.7","","8.8","","88","","0.0","","29","","29","","","","100.70","","","","","","NA"
"-60.01","43.93","SABLE ISLAND","8204708","2022-11-13 05:00","2022","11","13","05:00","10.0","","8.3","","89","","0.0","","31","","29","","","","100.84","","","","","","NA"
"-60.01","43.93","SABLE ISLAND","8204708","2022-11-13 06:00","2022","11","13","06:00","9.5","","7.8","","89","","0.0","","31","","28","","","","100.95","","","","","","NA"
"-60.01","43.93","SABLE ISLAND","8204708","2022-11-13 07:00","2022","11","13","07:00","9.0","","7.6","","91","","0.0","","30","","18","","","","101.02","","","","","","NA"
"-60.01","43.93","SABLE ISLAND","8204708","2022-11-13 08:00","2022","11","13","08:00","9.3","","7.9","","91","","0.0","","31","","14","","","","101.13","","","","","","NA"
"-60.01","43.93","SABLE ISLAND","8204708","2022-11-13 09:00","2022","11","13","09:00","9.5","","7.9","","90","","0.0","","31","","13","","","","101.13","","","","","","NA"
"-60.01","43.93","SABLE ISLAND","8204708","2022-11-13 10:00","2022","11","13","10:00","9.8","","8.0","","89","","0.0","","32","","9","","","","101.17","","","","","","NA"
"-60.01","43.93","SABLE ISLAND","8204708","2022-11-13 11:00","2022","11","13","11:00","9.4","","7.6","","89","","0.0","","31","","9","","","","101.21","","","","","","NA"
"-60.01","43.93","SABLE ISLAND","8204708","2022-11-13 12:00","2022","11","13","12:00","9.7","","7.9","","89","","0.0","","33","","9","","","","101.17","","","","","","NA"
"-60.01","43.93","SABLE ISLAND","8204708","2022-11-13 13:00","2022","11","13","13:00","9.8","","7.5","","85","","0.0","","33","","4","","","","101.16","","","","","","NA"
"-60.01","43.93","SABLE ISLAND","8204708","2022-11-13 14:00","2022","11","13","14:00","9.8","","7.7","","87","","0.0","","1","","6","","","","101.17","","","","","","NA"
"-60.01","43.93","SABLE ISLAND","8204708","2022-11-13 15:00","2022","11","13","15:00","10.2","","7.9","","86","","0.0","","13","","5","","","","101.18","","","","","","NA"
"-60.01","43.93","SABLE ISLAND","8204708","2022-11-13 16:00","2022","11","13","16:00","10.2","","8.3","","88","","0.0","","9","","9","","","","101.15","","","","","","NA"
"-60.01","43.93","SABLE ISLAND","8204708","2022-11-13 17:00","2022","11","13","17:00","10.0","","8.5","","90","","0.0","","8","","10","","","","101.14","","","","","","NA"
"-60.01","43.93","SABLE ISLAND","8204708","2022-11-13 18:00","2022","11","13","18:00","10.1","","8.8","","91","","0.5","","5","","21","","","","101.02","","","","","","NA"
"-60.01","43.93","SABLE ISLAND","8204708","2022-11-13 19:00","2022","11","13","19:00","10.2","","9.5","","95","","1.3","","8","","22","","","","100.89","","","","","","NA"
"-60.01","43.93","SABLE ISLAND","8204708","2022-11-13 20:00","2022","11","13","20:00","10.3","","9.8","","97","","4.0","","9","","30","","","","100.79","","","","","","NA"
"-60.01","43.93","SABLE ISLAND","8204708","2022-11-13 21:00","2022","11","13","21:00","10.6","","10.1","","97","","1.2","","11","","32","","","","100.71","","","","","","NA"
"-60.01","43.93","SABLE ISLAND","8204708","2022-11-13 22:00","2022","11","13","22:00","11.3","","10.9","","97","","0.0","","11","","32","","","","100.60","","","","","","NA"
"-60.01","43.93","SABLE ISLAND","8204708","2022-11-13 23:00","2022","11","13","23:00","12.3","","12.0","","98","","0.0","","12","","23","","","","100.47","","","","","","NA"
"-60.01","43.93","SABLE ISLAND","8204708","2022-11-14 00:00","2022","11","14","00:00","12.9","","12.6","","98","","0.5","","12","","21","","","","100.37","","","","","","NA"
"-60.01","43.93","SABLE ISLAND","8204708","2022-11-14 01:00","2022","11","14","01:00","15.0","","14.7","","99","","0.0","","18","","22","","","","100.27","","","","","","NA"
"-60.01","43.93","SABLE ISLAND","8204708","2022-11-14 02:00","2022","11","14","02:00","14.9","","14.7","","99","","0.0","","20","","29","","","","100.24","","","","","","NA"
"-60.01","43.93","SABLE ISLAND","8204708","2022-11-14 03:00","2022","11","14","03:00","14.3","","14.1","","99","","0.0","","22","","27","","","","100.24","","","","","","NA"
"-60.01","43.93","SABLE ISLAND","8204708","2022-11-14 04:00","2022","11","14","04:00","14.3","","14.1","","99","","0.0","","21","","30","","","","100.28","","","","","","NA"
"-60.01","43.93","SABLE ISLAND","8204708","2022-11-14 05:00","2022","11","14","05:00","14.6","","14.3","","98","","0.0","","24","","41","","","","100.34","","","","","","NA"
"-60.01","43.93","SABLE ISLAND","8204708","2022-11-14 06:00","2022","11","14","06:00","13.3","","12.9","","98","","0.0","","25","","38","","","","100.39","","","","","","NA"
"-60.01","43.93","SABLE ISLAND","8204708","2022-11-14 07:00","2022","11","14","07:00","12.6","","10.6","","87","","0.0","","25","","44","","","","100.45","","","","","","NA"
"-60.01","43.93","SABLE ISLAND","8204708","2022-11-14 08:00","2022","11","14","08:00","11.6","","7.7","","77","","0.0","","26","","50","","","","100.59","","","","","","NA"
"-60.01","43.93","SABLE ISLAND","8204708","2022-11-14 09:00","2022","11","14","09:00","11.1","","6.8","","75","","0.0","","25","","53","","","","100.65","","","","","","NA"
"-60.01","43.93","SABLE ISLAND","8204708","2022-11-14 10:00","2022","11","14","10:00","10.8","","5.8","","71","","0.0","","26","","50","","","","100.73","","","","","","NA"
"-60.01","43.93","SABLE ISLAND","8204708","2022-11-14 11:00","2022","11","14","11:00","11.1","","5.9","","70","","0.0","","27","","47","","","","100.81","","","","","","NA"
"-60.01","43.93","SABLE ISLAND","8204708","2022-11-14 12:00","2022","11","14","12:00","11.5","","6.2","","70","","0.0","","26","","46","","","","100.86","","","","","","NA"
"-60.01","43.93","SABLE ISLAND","8204708","2022-11-14 13:00","2022","11","14","13:00","10.3","","4.6","","68","","0.0","","27","","49","","","","100.91","","","","","","NA"
"-60.01","43.93","SABLE ISLAND","8204708","2022-11-14 14:00","2022","11","14","14:00","9.9","","3.4","","64","","0.0","","27","","48","","","","100.99","","","","","","NA"
"-60.01","43.93","SABLE ISLAND","8204708","2022-11-14 15:00","2022","11","14","15:00","9.6","","3.6","","66","","0.0","","27","","46","","","","101.06","","","","","","NA"
"-60.01","43.93","SABLE ISLAND","8204708","2022-11-14 16:00","2022","11","14","16:00","8.7","","3.1","","68","","0.0","","28","","46","","","","101.17","","","","","","NA"
"-60.01","43.93","SABLE ISLAND","8204708","2022-11-14 17:00","2022","11","14","17:00","8.6","","2.4","","65","","0.0","","28","","40","","","","101.24","","","","","","NA"
"-60.01","43.93","SABLE ISLAND","8204708","2022-11-14 18:00","2022","11","14","18:00","8.2","","3.1","","70","","0.0","","27","","41","","","","101.38","","","","","","NA"
"-60.01","43.93","SABLE ISLAND","8204708","2022-11-14 19:00","2022","11","14","19:00","8.0","","2.1","","66","","0.0","","28","","42","","","","101.47","","","","","","NA"
"-60.01","43.93","SABLE ISLAND","8204708","2022-11-14 20:00","2022","11","14","20:00","7.8","","2.2","","67","","0.0","","29","","35","","","","101.57","","","","","","NA"
"-60.01","43.93","SABLE ISLAND","8204708","2022-11-14 21:00","2022","11","14","21:00","7.7","","2.6","","70","","0.0","","29","","33","","","","101.67","","","","","","NA"
"-60.01","43.93","SABLE ISLAND","8204708","2022-11-14 22:00","2022","11","14","22:00","7.6","","2.0","","68","","0.0","","30","","36","","","","101.75","","","","","","NA"
"-60.01","43.93","SABLE ISLAND","8204708","2022-11-14 23:00","2022","11","14","23:00","7.4","","2.2","","70","","0.0","","31","","37","","","","101.82","","","","","","NA"
"-60.01","43.93","SABLE ISLAND","8204708","2022-11-15 00:00","2022","11","15","00:00","7.1","","1.7","","68","","0.0","","31","","35","","","","101.93","","","","","","NA"
"-60.01","43.93","SABLE ISLAND","8204708","2022-11-15 01:00","2022","11","15","01:00","6.9","","0.3","","63","","0.0","","29","","30","","","","102.00","","","","","","NA"
"-60.01","43.93","SABLE ISLAND","8204708","2022-11-15 02:00","2022","11","15","02:00","7.0","","1.4","","68","","0.0","","30","","30","","","","102.08","","","","","","NA"
"-60.01","43.93","SABLE ISLAND","8204708","2022-11-15 03:00","2022","11","15","03:00","6.3","","2.3","","76","","0.0","","30","","28","","","","102.13","","","","","","NA"
"-60.01","43.93","SABLE ISLAND","8204708","2022-11-15 04:00","2022","11","15","04:00","5.7","","0.2","","67","","0.0","","30","","27","","","","102.19","","","","","","NA"
"-60.01","43.93","SABLE ISLAND","8204708","2022-11-15 05:00","2022","11","15","05:00","5.6","","0.6","","70","","0.0","","30","","27","","","","102.24","","","","","","NA"
"-60.01","43.93","SABLE ISLAND","8204708","2022-11-15 06:00","2022","11","15","06:00","5.2","","-0.6","","66","","0.0","","29","","23","","","","102.32","","","","","","NA"
"-60.01","43.93","SABLE ISLAND","8204708","2022-11-15 07:00","2022","11","15","07:00","5.2","","-0.6","","66","","0.0","","30","","27","","","","102.40","","","","","","NA"
"-60.01","43.93","SABLE ISLAND","8204708","2022-11-15 08:00","2022","11","15","08:00","5.0","","0.2","","71","","0.0","","30","","28","","","","102.51","","","","","","NA"
"-60.01","43.93","SABLE ISLAND","8204708","2022-11-15 09:00","2022","11","15","09:00","5.4","","1.1","","74","","0.0","","31","","26","","","","102.55","","","","","","NA"
"-60.01","43.93","SABLE ISLAND","8204708","2022-11-15 10:00","2022","11","15","10:00","6.5","","1.3","","69","","0.0","","30","","24","","","","102.61","","","","","","NA"
"-60.01","43.93","SABLE ISLAND","8204708","2022-11-15 11:00","2022","11","15","11:00","6.5","","2.3","","74","","0.0","","31","","24","","","","102.64","","","","","","NA"
"-60.01","43.93","SABLE ISLAND","8204708","2022-11-15 12:00","2022","11","15","12:00","6.5","","2.5","","76","","0.0","","30","","23","","","","102.62","","","","","","NA"
"-60.01","43.93","SABLE ISLAND","8204708","2022-11-15 13:00","2022","11","15","13:00","7.2","","2.6","","72","","0.0","","31","","21","","","","102.64","","","","","","NA"
"-60.01","43.93","SABLE ISLAND","8204708","2022-11-15 14:00","2022","11","15","14:00","5.3","","0.1","","69","","0.0","","30","","22","","","","102.66","","","","","","NA"
"-60.01","43.93","SABLE ISLAND","8204708","2022-11-15 15:00","2022","11","15","15:00","5.7","","0.5","","70","","0.0","","31","","21","","","","102.68","","","","","","NA"
"-60.01","43.93","SABLE ISLAND","8204708","2022-11-15 16:00","2022","11","15","16:00","5.5","","-0.1","","67","","0.0","","31","","18","","","","102.72","","","","","","NA"
"-60.01","43.93","SABLE ISLAND","8204708","2022-11-15 17:00","2022","11","15","17:00","5.4","","-0.4","","66","","0.0","","31","","18","","","","102.75","","","","","","NA"
"-60.01","43.93","SABLE ISLAND","8204708","2022-11-15 18:00","2022","11","15","18:00","5.5","","-0.8","","64","","0.0","","31","","14","","","","102.83","","","","","","NA"
"-60.01","43.93","SABLE ISLAND","8204708","2022-11-15 19:00","2022","11","15","19:00","5.6","","-1.3","","61","","0.0","","30","","18","","","","102.86","","","","","","NA"
"-60.01","43.93","SABLE ISLAND","8204708","2022-11-15 20:00","2022","11","15","20:00","5.5","","-1.7","","60","","0.0","","31","","13","","","","102.85","","","","","","NA"
"-60.01","43.93","SABLE ISLAND","8204708","2022-11-15 21:00","2022","11","15","21:00","5.6","","-0.8","","64","","0.0","","31","","14","","","","102.87","","","","","","NA"
"-60.01","43.93","SABLE ISLAND","8204708","2022-11-15 22:00","2022","11","15","22:00","5.7","","-1.8","","58","","0.0","","31","","14","","","","102.87","","","","","","NA"
"-60.01","43.93","SABLE ISLAND","8204708","2022-11-15 23:00","2022","11","15","23:00","5.8","","-0.8","","63","","0.0","","32","","15","","","","102.83","","","","","","NA"
"-60.01","43.93","SABLE ISLAND","8204708","2022-11-16 00:00","2022","11","16","00:00","5.8","","-0.3","","65","","0.0","","31","","11","","","","102.80","","","","","","NA"
"-60.01","43.93","SABLE ISLAND","8204708","2022-11-16 01:00","2022","11","16","01:00","5.7","","-1.0","","62","","0.0","","27","","9","","","","102.82","","","","","","NA"
"-60.01","43.93","SABLE ISLAND","8204708","2022-11-16 02:00","2022","11","16","02:00","5.4","","-0.4","","66","","0.0","","28","","6","","","","102.83","","","","","","NA"
"-60.01","43.93","SABLE ISLAND","8204708","2022-11-16 03:00","2022","11","16","03:00","5.2","","-0.5","","67","","0.0","","28","","5","","","","102.82","","","","","","NA"
"-60.01","43.93","SABLE ISLAND","8204708","2022-11-16 04:00","2022","11","16","04:00","5.7","","-1.4","","60","","0.0","","29","","9","","","","102.85","","","","","","NA"
"-60.01","43.93","SABLE ISLAND","8204708","2022-11-16 05:00","2022","11","16","05:00","6.0","","0.2","","67","","0.0","","33","","13","","","","102.82","","","","","","NA"
"-60.01","43.93","SABLE ISLAND","8204708","2022-11-16 06:00","2022","11","16","06:00","5.5","","0.6","","70","","0.0","","36","","7","","","","102.83","","","","","","NA"
"-60.01","43.93","SABLE ISLAND","8204708","2022-11-16 07:00","2022","11","16","07:00","5.1","","0.0","","69","","0.0","","10","","3","","","","102.80","","","","","","NA"
"-60.01","43.93","SABLE ISLAND","8204708","2022-11-16 08:00","2022","11","16","08:00","6.3","","1.7","","72","","0.0","","9","","7","","","","102.78","","","","","","NA"
"-60.01","43.93","SABLE ISLAND","8204708","2022-11-16 09:00","2022","11","16","09:00","6.8","","0.9","","66","","0.0","","8","","10","","","","102.75","","","","","","NA"
"-60.01","43.93","SABLE ISLAND","8204708","2022-11-16 10:00","2022","11","16","10:00","8.0","","1.4","","63","","0.0","","14","","13","","","","102.66","","","","","","NA"
"-60.01","43.93","SABLE ISLAND","8204708","2022-11-16 11:00","2022","11","16","11:00","7.8","","0.3","","59","","0.0","","15","","18","","","","102.50","","","","","","NA"
"-60.01","43.93","SABLE ISLAND","8204708","2022-11-16 12:00","2022","11","16","12:00","8.6","","1.2","","60","","0.0","","15","","14","","","","102.41","","","","","","NA"
"-60.01","43.93","SABLE ISLAND","8204708","2022-11-16 13:00","2022","11","16","13:00","9.0","","1.4","","59","","0.0","","14","","20","","","","102.23","","","","","","NA"
"-60.01","43.93","SABLE ISLAND","8204708","2022-11-16 14:00","2022","11","16","14:00","9.0","","2.4","","63","","0.0","","13","","26","","","","102.06","","","","","","NA"
"-60.01","43.93","SABLE ISLAND","8204708","2022-11-16 15:00","2022","11","16","15:00","8.3","","3.3","","71","","0.0","","13","","31","","","","102.02","","","","","","NA"
"-60.01","43.93","SABLE ISLAND","8204708","2022-11-16 16:00","2022","11","16","16:00","8.6","","4.3","","74","","0.0","","12","","30","","","","101.95","","","","","","NA"
"-60.01","43.93","SABLE ISLAND","8204708","2022-11-16 17:00","2022","11","16","17:00","9.2","","5.9","","80","","0.0","","12","","35","","","","101.87","","","","","","NA"
"-60.01","43.93","SABLE ISLAND","8204708","2022-11-16 18:00","2022","11","16","18:00","9.3","","6.9","","85","","0.0","","12","","39","","","","101.74","","","","","","NA"
"-60.01","43.93","SABLE ISLAND","8204708","2022-11-16 19:00","2022","11","16","19:00","9.7","","7.5","","87","","0.0","","12","","45","","","","101.53","","","","","","NA"
"-60.01","43.93","SABLE ISLAND","8204708","2022-11-16 20:00","2022","11","16","20:00","10.7","","8.4","","86","","0.0","","12","","50","","","","101.30","","","","","","NA"
"-60.01","43.93","SABLE ISLAND","8204708","2022-11-16 21:00","2022","11","16","21:00","10.8","","9.0","","88","","0.0","","13","","47","","","","101.12","","","","","","NA"
"-60.01","43.93","SABLE ISLAND","8204708","2022-11-16 22:00","2022","11","16","22:00","11.2","","10.2","","94","","0.6","","13","","51","","","","100.86","","","","","","NA"
"-60.01","43.93","SABLE ISLAND","8204708","2022-11-16 23:00","2022","11","16","23:00","12.2","","11.6","","96","","0.5","","14","","47","","","","100.60","","","","","","NA"
"-60.01","43.93","SABLE ISLAND","8204708","2022-11-17 00:00","2022","11","17","00:00","13.2","","12.7","","97","","0.2","","15","","33","","","","100.45","","","","","","NA"
"-60.01","43.93","SABLE ISLAND","8204708","2022-11-17 01:00","2022","11","17","01:00","14.4","","13.8","","96","","0.0","","18","","41","","","","100.21","","","","","","NA"
"-60.01","43.93","SABLE ISLAND","8204708","2022-11-17 02:00","2022","11","17","02:00","14.9","","14.3","","96","","0.3","","19","","45","","","","100.05","","","","","","NA"
"-60.01","43.93","SABLE ISLAND","8204708","2022-11-17 03:00","2022","11","17","03:00","14.5","","14.0","","97","","0.0","","19","","43","","","","99.98","","","","","","NA"
"-60.01","43.93","SABLE ISLAND","8204708","2022-11-17 04:00","2022","11","17","04:00","13.1","","12.3","","95","","0.0","","24","","38","","","","100.00","","","","","","NA"
"-60.01","43.93","SABLE ISLAND","8204708","2022-11-17 05:00","2022","11","17","05:00","12.7","","11.1","","90","","0.0","","24","","43","","","","100.04","","","","","","NA"
"-60.01","43.93","SABLE ISLAND","8204708","2022-11-17 06:00","2022","11","17","06:00","12.0","","9.2","","83","","0.0","","24","","47","","","","100.06","","","","","","NA"
"-60.01","43.93","SABLE ISLAND","8204708","2022-11-17 07:00","2022","11","17","07:00","11.5","","8.4","","81","","0.0","","24","","51","","","","100.11","","","","","","NA"
"-60.01","43.93","SABLE ISLAND","8204708","2022-11-17 08:00","2022","11","17","08:00","10.9","","7.6","","80","","0.0","","25","","47","","","","100.16","","","","","","NA"
"-60.01","43.93","SABLE ISLAND","8204708","2022-11-17 09:00","2022","11","17","09:00","10.6","","6.6","","76","","0.0","","26","","45","","","","100.25","","","","","","NA"
"-60.01","43.93","SABLE ISLAND","8204708","2022-11-17 10:00","2022","11","17","10:00","10.8","","6.3","","74","","0.0","","25","","45","","","","100.30","","","","","","NA"
"-60.01","43.93","SABLE ISLAND","8204708","2022-11-17 11:00","2022","11","17","11:00","9.8","","5.5","","74","","0.0","","26","","38","","","","100.32","","","","","","NA"
"-60.01","43.93","SABLE ISLAND","8204708","2022-11-17 12:00","2022","11","17","12:00","9.5","","4.4","","70","","0.0","","26","","39","","","","100.33","","","","","","NA"
"-60.01","43.93","SABLE ISLAND","8204708","2022-11-17 13:00","2022","11","17","13:00","9.8","","4.3","","69","","0.0","","27","","30","","","","100.24","","","","","","NA"
"-60.01","43.93","SABLE ISLAND","8204708","2022-11-17 14:00","2022","11","17","14:00","10.2","","5.2","","71","","0.0","","26","","28","","","","100.20","","","","","","NA"
"-60.01","43.93","SABLE ISLAND","8204708","2022-11-17 15:00","2022","11","17","15:00","10.4","","5.9","","74","","0.0","","25","","24","","","","100.14","","","","","","NA"
"-60.01","43.93","SABLE ISLAND","8204708","2022-11-17 16:00","2022","11","17","16:00","9.6","","5.8","","77","","0.0","","27","","24","","","","100.07","","","","","","NA"
"-60.01","43.93","SABLE ISLAND","8204708","2022-11-17 17:00","2022","11","17","17:00","9.8","","6.2","","78","","0.0","","26","","23","","","","100.08","","","","","","NA"
"-60.01","43.93","SABLE ISLAND","8204708","2022-11-17 18:00","2022","11","17","18:00","8.8","","6.4","","85","","0.0","","28","","21","","","","100.12","","","","","","NA"
"-60.01","43.93","SABLE ISLAND","8204708","2022-11-17 19:00","2022","11","17","19:00","8.6","","5.6","","82","","0.0","","27","","32","","","","100.18","","","","","","NA"
"-60.01","43.93","SABLE ISLAND","8204708","2022-11-17 20:00","2022","11","17","20:00","7.8","","4.6","","81","","0.2","","28","","43","","","","100.23","","","","","","NA"
"-60.01","43.93","SABLE ISLAND","8204708","2022-11-17 21:00","2022","11","17","21:00","7.3","","1.0","","64","","0.0","","28","","39","","","","100.32","","","","","","NA"
"-60.01","43.93","SABLE ISLAND","8204708","2022-11-17 22:00","2022","11","17","22:00","7.3","","0.2","","60","","0.0","","28","","36","","","","100.41","","","","","","NA"
"-60.01","43.93","SABLE ISLAND","8204708","2022-11-17 23:00","2022","11","17","23:00","7.3","","-0.8","","56","","0.0","","28","","44","","","","100.45","","","","","","NA"
"-60.01","43.93","SABLE ISLAND","8204708","2022-11-18 00:00","2022","11","18","00:00","7.2","","-0.1","","60","","0.0","","28","","37","","","","100.50","","","","","","NA"
"-60.01","43.93","SABLE ISLAND","8204708","2022-11-18 01:00","2022","11","18","01:00","7.0","","-0.5","","59","","0.0","","28","","49","","","","100.57","","","","","","NA"
"-60.01","43.93","SABLE ISLAND","8204708","2022-11-18 02:00","2022","11","18","02:00","6.3","","-1.8","","56","","0.0","","28","","50","","","","100.68","","","","","","NA"
"-60.01","43.93","SABLE ISLAND","8204708","2022-11-18 03:00","2022","11","18","03:00","6.3","","-1.2","","59","","0.0","","28","","38","","","","100.74","","","","","","NA"
"-60.01","43.93","SABLE ISLAND","8204708","2022-11-18 04:00","2022","11","18","04:00","6.3","","-1.8","","56","","0.0","","27","","38","","","","100.78","","","","","","NA"
"-60.01","43.93","SABLE ISLAND","8204708","2022-11-18 05:00","2022","11","18","05:00","6.6","","-1.1","","58","","0.0","","27","","40","","","","100.87","","","","","","NA"
"-60.01","43.93","SABLE ISLAND","8204708","2022-11-18 06:00","2022","11","18","06:00","6.4","","-0.5","","62","","0.0","","28","","35","","","","100.93","","","","","","NA"
"-60.01","43.93","SABLE ISLAND","8204708","2022-11-18 07:00","2022","11","18","07:00","6.4","","-0.3","","62","","0.0","","28","","33","","","","101.02","","","","","","NA"
"-60.01","43.93","SABLE ISLAND","8204708","2022-11-18 08:00","2022","11","18","08:00","6.6","","-0.1","","62","","0.0","","28","","38","","","","101.12","","","","","","NA"
"-60.01","43.93","SABLE ISLAND","8204708","2022-11-18 09:00","2022","11","18","09:00","7.0","","-0.2","","60","","0.0","","28","","37","","","","101.20","","","","","","NA"
"-60.01","43.93","SABLE ISLAND","8204708","2022-11-18 10:00","2022","11","18","10:00","6.8","","0.4","","64","","0.0","","28","","36","","","","101.27","","","","","","NA"
"-60.01","43.93","SABLE ISLAND","8204708","2022-11-18 11:00","2022","11","18","11:00","7.3","","-0.2","","59","","0.0","","27","","36","","","","101.28","","","","","","NA"
"-60.01","43.93","SABLE ISLAND","8204708","2022-11-18 12:00","2022","11","18","12:00","7.2","","0.1","","61","","0.0","","27","","36","","","","101.30","","","","","","NA"
"-60.01","43.93","SABLE ISLAND","8204708","2022-11-18 13:00","2022","11","18","13:00","7.2","","0.1","","61","","0.0","","27","","33","","","","101.31","","","","","","NA"
"-60.01","43.93","SABLE ISLAND","8204708","2022-11-18 14:00","2022","11","18","14:00","6.9","","0.8","","65","","0.0","","27","","34","","","","101.32","","","","","","NA"
"-60.01","43.93","SABLE ISLAND","8204708","2022-11-18 15:00","2022","11","18","15:00","7.1","","0.5","","63","","0.0","","27","","34","","","","101.37","","","","","","NA"
"-60.01","43.93","SABLE ISLAND","8204708","2022-11-18 16:00","2022","11","18","16:00","6.7","","0.5","","64","","0.0","","27","","33","","","","101.44","","","","","","NA"
"-60.01","43.93","SABLE ISLAND","8204708","2022-11-18 17:00","2022","11","18","17:00","6.4","","1.1","","69","","0.0","","27","","30","","","","101.51","","","","","","NA"
"-60.01","43.93","SABLE ISLAND","8204708","2022-11-18 18:00","2022","11","18","18:00","6.9","","0.2","","62","","0.0","","26","","29","","","","101.56","","","","","","NA"
"-60.01","43.93","SABLE ISLAND","8204708","2022-11-18 19:00","2022","11","18","19:00","6.8","","0.2","","63","","0.0","","26","","27","","","","101.60","","","","","","NA"
"-60.01","43.93","SABLE ISLAND","8204708","2022-11-18 20:00","2022","11","18","20:00","6.4","","1.7","","72","","0.0","","27","","20","","","","101.63","","","","","","NA"
"-60.01","43.93","SABLE ISLAND","8204708","2022-11-18 21:00","2022","11","18","21:00","7.0","","0.2","","62","","0.0","","27","","22","","","","101.65","","","","","","NA"
"-60.01","43.93","SABLE ISLAND","8204708","2022-11-18 22:00","2022","11","18","22:00","7.1","","-0.6","","58","","0.0","","27","","22","","","","101.68","","","","","","NA"
"-60.01","43.93","SABLE ISLAND","8204708","2022-11-18 23:00","2022","11","18","23:00","7.1","","-0.1","","60","","0.0","","27","","18","","","","101.68","","","","","","NA"
"-60.01","43.93","SABLE ISLAND","8204708","2022-11-19 00:00","2022","11","19","00:00","7.3","","-0.3","","59","","0.0","","28","","18","","","","101.67","","","","","","NA"
"-60.01","43.93","SABLE ISLAND","8204708","2022-11-19 01:00","2022","11","19","01:00","6.7","","-0.2","","61","","0.0","","26","","15","","","","101.62","","","","","","NA"
"-60.01","43.93","SABLE ISLAND","8204708","2022-11-19 02:00","2022","11","19","02:00","7.2","","0.5","","62","","0.0","","25","","12","","","","101.57","","","","","","NA"
"-60.01","43.93","SABLE ISLAND","8204708","2022-11-19 03:00","2022","11","19","03:00","7.9","","1.0","","61","","0.0","","23","","15","","","","101.50","","","","","","NA"
"-60.01","43.93","SABLE ISLAND","8204708","2022-11-19 04:00","2022","11","19","04:00","7.8","","2.6","","70","","0.0","","22","","25","","","","101.48","","","","","","NA"
"-60.01","43.93","SABLE ISLAND","8204708","2022-11-19 05:00","2022","11","19","05:00","5.8","","3.4","","85","","0.5","","31","","22","","","","101.53","","","","","","NA"
"-60.01","43.93","SABLE ISLAND","8204708","2022-11-19 06:00","2022","11","19","06:00","5.4","","3.4","","87","","0.4","","32","","20","","","","101.63","","","","","","NA"
"-60.01","43.93","SABLE ISLAND","8204708","2022-11-19 07:00","2022","11","19","07:00","5.2","","3.3","","88","","0.2","","32","","18","","","","101.73","","","","","","NA"
"-60.01","43.93","SABLE ISLAND","8204708","2022-11-19 08:00","2022","11","19","08:00","4.8","","3.0","","88","","0.3","","33","","31","","","","101.83","","","","","","NA"
"-60.01","43.93","SABLE ISLAND","8204708","2022-11-19 09:00","2022","11","19","09:00","6.3","","2.9","","79","","0.4","","30","","16","","","","101.87","","","","","","NA"
"-60.01","43.93","SABLE ISLAND","8204708","2022-11-19 10:00","2022","11","19","10:00","6.7","","0.4","","64","","0.0","","30","","22","","","","101.91","","","","","","NA"
"-60.01","43.93","SABLE ISLAND","8204708","2022-11-19 11:00","2022","11","19","11:00","7.1","","1.2","","66","","0.0","","30","","21","","","","101.96","","","","","","NA"
"-60.01","43.93","SABLE ISLAND","8204708","2022-11-19 12:00","2022","11","19","12:00","7.2","","-0.3","","59","","0.0","","31","","19","","","","102.02","","","","","","NA"
"-60.01","43.93","SABLE ISLAND","8204708","2022-11-19 13:00","2022","11","19","13:00","7.3","","-1.3","","54","","0.0","","30","","16","","","","102.05","","","","","","NA"
"-60.01","43.93","SABLE ISLAND","8204708","2022-11-19 14:00","2022","11","19","14:00","7.0","","-2.0","","53","","0.0","","30","","16","","","","102.11","","","","","","NA"
"-60.01","43.93","SABLE ISLAND","8204708","2022-11-19 15:00","2022","11","19","15:00","6.4","","-3.1","","51","","0.0","","31","","13","","","","102.15","","","","","","NA"
"-60.01","43.93","SABLE ISLAND","8204708","2022-11-19 16:00","2022","11","19","16:00","5.5","","-3.3","","53","","0.0","","29","","11","","","","102.20","","","","","","NA"
"-60.01","43.93","SABLE ISLAND","8204708","2022-11-19 17:00","2022","11","19","17:00","5.0","","-3.2","","55","","0.0","","27","","12","","","","102.25","","","","","","NA"
"-60.01","43.93","SABLE ISLAND","8204708","2022-11-19 18:00","2022","11","19","18:00","3.8","","-3.4","","59","","0.0","","27","","6","","","","102.25","","","","","","NA"
"-60.01","43.93","SABLE ISLAND","8204708","2022-11-19 19:00","2022","11","19","19:00","3.4","","-3.4","","61","","0.0","","28","","6","","","","102.27","","","","","","NA"
"-60.01","43.93","SABLE ISLAND","8204708","2022-11-19 20:00","2022","11","19","20:00","-0.6","","-4.6","","74","","0.0","","7","","5","","","","102.27","","","","-2","","NA"
"-60.01","43.93","SABLE ISLAND","8204708","2022-11-19 21:00","2022","11","19","21:00","4.8","","-0.9","","66","","0.0","","16","","10","","","","102.27","","","","","","NA"
"-60.01","43.93","SABLE ISLAND","8204708","2022-11-19 22:00","2022","11","19","22:00","6.2","","-1.4","","58","","0.0","","18","","13","","","","102.23","","","","","","NA"
"-60.01","43.93","SABLE ISLAND","8204708","2022-11-19 23:00","2022","11","19","23:00","6.6","","-0.5","","61","","0.0","","17","","16","","","","102.22","","","","","","NA"
"-60.01","43.93","SABLE ISLAND","8204708","2022-11-20 00:00","2022","11","20","00:00","6.5","","0.6","","66","","0.0","","19","","21","","","","102.16","","","","","","NA"
"-60.01","43.93","SABLE ISLAND","8204708","2022-11-20 01:00","2022","11","20","01:00","6.1","","2.2","","76","","0.0","","17","","19","","","","102.11","","","","","","NA"
"-60.01","43.93","SABLE ISLAND","8204708","2022-11-20 02:00","2022","11","20","02:00","5.8","","2.6","","80","","0.4","","15","","29","","","","102.00","","","","","","NA"
"-60.01","43.93","SABLE ISLAND","8204708","2022-11-20 03:00","2022","11","20","03:00","6.4","","3.3","","81","","0.0","","13","","35","","","","101.87","","","","","","NA"
"-60.01","43.93","SABLE ISLAND","8204708","2022-11-20 04:00","2022","11","20","04:00","6.9","","3.8","","80","","0.0","","12","","37","","","","101.78","","","","","","NA"
"-60.01","43.93","SABLE ISLAND","8204708","2022-11-20 05:00","2022","11","20","05:00","7.5","","4.9","","84","","0.0","","13","","33","","","","101.70","","","","","","NA"
"-60.01","43.93","SABLE ISLAND","8204708","2022-11-20 06:00","2022","11","20","06:00","9.1","","6.3","","83","","0.0","","13","","35","","","","101.56","","","","","","NA"
"-60.01","43.93","SABLE ISLAND","8204708","2022-11-20 07:00","2022","11","20","07:00","9.6","","6.6","","82","","0.0","","14","","33","","","","101.47","","","","","","NA"
"-60.01","43.93","SABLE ISLAND","8204708","2022-11-20 08:00","2022","11","20","08:00","9.9","","7.6","","85","","0.0","","13","","33","","","","101.37","","","","","","NA"
"-60.01","43.93","SABLE ISLAND","8204708","2022-11-20 09:00","2022","11","20","09:00","10.0","","7.8","","86","","0.0","","13","","42","","","","101.18","","","","","","NA"
"-60.01","43.93","SABLE ISLAND","8204708","2022-11-20 10:00","2022","11","20","10:00","10.3","","8.5","","89","","0.0","","13","","41","","","","101.06","","","","","","NA"
"-60.01","43.93","SABLE ISLAND","8204708","2022-11-20 11:00","2022","11","20","11:00","10.2","","7.7","","85","","0.3","","14","","32","","","","100.91","","","","","","NA"
"-60.01","43.93","SABLE ISLAND","8204708","2022-11-20 12:00","2022","11","20","12:00","10.1","","8.5","","90","","0.7","","14","","32","","","","100.66","","","","","","NA"
"-60.01","43.93","SABLE ISLAND","8204708","2022-11-20 13:00","2022","11","20","13:00","9.9","","8.4","","90","","2.3","","14","","27","","","","100.58","","","","","","NA"
"-60.01","43.93","SABLE ISLAND","8204708","2022-11-20 14:00","2022","11","20","14:00","9.8","","8.7","","93","","4.4","","12","","14","","","","100.31","","","","","","NA"
"-60.01","43.93","SABLE ISLAND","8204708","2022-11-20 15:00","2022","11","20","15:00","8.1","","6.9","","92","","0.0","","32","","34","","","","100.30","","","","","","NA"
"-60.01","43.93","SABLE ISLAND","8204708","2022-11-20 16:00","2022","11","20","16:00","7.4","","5.7","","89","","0.0","","32","","32","","","","100.29","","","","","","NA"
"-60.01","43.93","SABLE ISLAND","8204708","2022-11-20 17:00","2022","11","20","17:00","7.3","","5.7","","89","","0.0","","30","","17","","","","100.28","","","","","","NA"
"-60.01","43.93","SABLE ISLAND","8204708","2022-11-20 18:00","2022","11","20","18:00","7.2","","5.0","","86","","0.0","","26","","11","","","","100.16","","","","","","NA"
"-60.01","43.93","SABLE ISLAND","8204708","2022-11-20 19:00","2022","11","20","19:00","8.3","","5.3","","81","","0.0","","24","","27","","","","100.08","","","","","","NA"
"-60.01","43.93","SABLE ISLAND","8204708","2022-11-20 20:00","2022","11","20","20:00","6.3","","4.3","","87","","0.7","","26","","57","","","","100.13","","","","","","NA"
"-60.01","43.93","SABLE ISLAND","8204708","2022-11-20 21:00","2022","11","20","21:00","5.9","","1.0","","70","","0.0","","27","","56","","","","100.22","","","","","","NA"
"-60.01","43.93","SABLE ISLAND","8204708","2022-11-20 22:00","2022","11","20","22:00","5.1","","-2.8","","57","","0.0","","28","","61","","","","100.29","","","","","","NA"
"-60.01","43.93","SABLE ISLAND","8204708","2022-11-20 23:00","2022","11","20","23:00","4.0","","-2.0","","65","","0.0","","27","","49","","","","100.36","","","","","","NA"
"-60.01","43.93","SABLE ISLAND","8204708","2022-11-21 00:00","2022","11","21","00:00","3.4","","-2.8","","64","","0.0","","28","","45","","","","100.43","","","","","","NA"
"-60.01","43.93","SABLE ISLAND","8204708","2022-11-21 01:00","2022","11","21","01:00","2.6","","-2.6","","68","","0.0","","28","","44","","","","100.51","","","","","","NA"
"-60.01","43.93","SABLE ISLAND","8204708","2022-11-21 02:00","2022","11","21","02:00","1.1","","-0.5","","89","","0.9","","27","","53","","","","100.64","","","","","","NA"
"-60.01","43.93","SABLE ISLAND","8204708","2022-11-21 03:00","2022","11","21","03:00","0.8","","-2.0","","82","","0.3","","27","","54","","","","100.74","","","","","","NA"
"-60.01","43.93","SABLE ISLAND","8204708","2022-11-21 04:00","2022","11","21","04:00","0.2","","-3.0","","79","","0.0","","28","","45","","","","100.85","","","","","","NA"
"-60.01","43.93","SABLE ISLAND","8204708","2022-11-21 05:00","2022","11","21","05:00","1.9","","-7.2","","51","","0.2","","27","","61","","","","100.92","","","","","","NA"
"-60.01","43.93","SABLE ISLAND","8204708","2022-11-21 06:00","2022","11","21","06:00","2.0","","-7.6","","49","","0.0","","27","","55","","","","101.05","","","","","","NA"
"-60.01","43.93","SABLE ISLAND","8204708","2022-11-21 07:00","2022","11","21","07:00","1.4","","-5.4","","60","","0.0","","28","","54","","","","101.20","","","","","","NA"
"-60.01","43.93","SABLE ISLAND","8204708","2022-11-21 08:00","2022","11","21","08:00","1.9","","-5.8","","57","","0.0","","28","","48","","","","101.33","","","","","","NA"
"-60.01","43.93","SABLE ISLAND","8204708","2022-11-21 09:00","2022","11","21","09:00","1.7","","-4.5","","64","","0.0","","29","","50","","","","101.48","","","","","","NA"
"-60.01","43.93","SABLE ISLAND","8204708","2022-11-21 10:00","2022","11","21","10:00","2.6","","-3.5","","64","","0.0","","29","","47","","","","101.65","","","","","","NA"
"-60.01","43.93","SABLE ISLAND","8204708","2022-11-21 11:00","2022","11","21","11:00","2.5","","-4.0","","62","","0.0","","29","","47","","","","101.75","","","","","","NA"
"-60.01","43.93","SABLE ISLAND","8204708","2022-11-21 12:00","2022","11","21","12:00","3.4","","-3.7","","60","","0.0","","29","","43","","","","101.83","","","","","","NA"
"-60.01","43.93","SABLE ISLAND","8204708","2022-11-21 13:00","2022","11","21","13:00","3.6","","-4.9","","54","","0.0","","29","","40","","","","101.92","","","","","","NA"
"-60.01","43.93","SABLE ISLAND","8204708","2022-11-21 14:00","2022","11","21","14:00","3.7","","-3.9","","57","","0.0","","29","","38","","","","101.99","","","","","","NA"
"-60.01","43.93","SABLE ISLAND","8204708","2022-11-21 15:00","2022","11","21","15:00","3.2","","-5.8","","52","","0.0","","29","","34","","","","102.05","","","","","","NA"
"-60.01","43.93","SABLE ISLAND","8204708","2022-11-21 16:00","2022","11","21","16:00","3.1","","-6.5","","49","","0.0","","29","","34","","","","102.12","","","","","","NA"
"-60.01","43.93","SABLE ISLAND","8204708","2022-11-21 17:00","2022","11","21","17:00","2.9","","-5.9","","52","","0.0","","28","","33","","","","102.22","","","","","","NA"
"-60.01","43.93","SABLE ISLAND","8204708","2022-11-21 18:00","2022","11","21","18:00","3.1","","-5.7","","53","","0.0","","29","","30","","","","102.24","","","","","","NA"
"-60.01","43.93","SABLE ISLAND","8204708","2022-11-21 19:00","2022","11","21","19:00","3.0","","-6.0","","52","","0.0","","28","","30","","","","102.31","","","","","","NA"
"-60.01","43.93","SABLE ISLAND","8204708","2022-11-21 20:00","2022","11","21","20:00","3.2","","-5.1","","55","","0.0","","28","","24","","","","102.34","","","","","","NA"
"-60.01","43.93","SABLE ISLAND","8204708","2022-11-21 21:00","2022","11","21","21:00","3.4","","-5.5","","52","","0.0","","27","","26","","","","102.34","","","","","","NA"
"-60.01","43.93","SABLE ISLAND","8204708","2022-11-21 22:00","2022","11","21","22:00","4.1","","-5.4","","50","","0.0","","26","","26","","","","102.31","","","","","","NA"
"-60.01","43.93","SABLE ISLAND","8204708","2022-11-21 23:00","2022","11","21","23:00","4.4","","-4.0","","54","","0.0","","25","","28","","","","102.27","","","","","","NA"
"-60.01","43.93","SABLE ISLAND","8204708","2022-11-22 00:00","2022","11","22","00:00","5.1","","-3.1","","55","","0.0","","24","","32","","","","102.20","","","","","","NA"
"-60.01","43.93","SABLE ISLAND","8204708","2022-11-22 01:00","2022","11","22","01:00","5.8","","-2.0","","57","","0.0","","24","","35","","","","102.10","","","","","","NA"
"-60.01","43.93","SABLE ISLAND","8204708","2022-11-22 02:00","2022","11","22","02:00","6.3","","-0.8","","60","","0.0","","23","","38","","","","102.04","","","","","","NA"
"-60.01","43.93","SABLE ISLAND","8204708","2022-11-22 03:00","2022","11","22","03:00","6.7","","1.4","","69","","0.0","","25","","35","","","","101.95","","","","","","NA"
"-60.01","43.93","SABLE ISLAND","8204708","2022-11-22 04:00","2022","11","22","04:00","6.7","","3.3","","78","","0.0","","23","","39","","","","101.81","","","","","","NA"
"-60.01","43.93","SABLE ISLAND","8204708","2022-11-22 05:00","2022","11","22","05:00","8.2","","3.9","","74","","0.0","","24","","39","","","","101.66","","","","","","NA"
"-60.01","43.93","SABLE ISLAND","8204708","2022-11-22 06:00","2022","11","22","06:00","8.9","","5.5","","79","","0.0","","23","","40","","","","101.50","","","","","","NA"
"-60.01","43.93","SABLE ISLAND","8204708","2022-11-22 07:00","2022","11","22","07:00","9.4","","5.7","","78","","0.0","","22","","41","","","","101.32","","","","","","NA"
"-60.01","43.93","SABLE ISLAND","8204708","2022-11-22 08:00","2022","11","22","08:00","7.6","","5.7","","88","","1.2","","27","","53","","","","101.39","","","","","","NA"
"-60.01","43.93","SABLE ISLAND","8204708","2022-11-22 09:00","2022","11","22","09:00","8.3","","2.5","","67","","0.3","","28","","57","","","","101.46","","","","","","NA"
"-60.01","43.93","SABLE ISLAND","8204708","2022-11-22 10:00","2022","11","22","10:00","7.1","","3.2","","76","","0.3","","29","","48","","","","101.58","","","","","","NA"
"-60.01","43.93","SABLE ISLAND","8204708","2022-11-22 11:00","2022","11","22","11:00","7.1","","1.0","","65","","0.0","","29","","48","","","","101.67","","","","","","NA"
"-60.01","43.93","SABLE ISLAND","8204708","2022-11-22 12:00","2022","11","22","12:00","6.9","","0.1","","62","","0.0","","29","","43","","","","101.72","","","","","","NA"
"-60.01","43.93","SABLE ISLAND","8204708","2022-11-22 13:00","2022","11","22","13:00","6.5","","-1.2","","58","","0.0","","30","","44","","","","101.81","","","","","","NA"
"-60.01","43.93","SABLE ISLAND","8204708","2022-11-22 14:00","2022","11","22","14:00","6.2","","-1.5","","58","","0.0","","30","","42","","","","101.91","","","","","","NA"
"-60.01","43.93","SABLE ISLAND","8204708","2022-11-22 15:00","2022","11","22","15:00","5.2","","-1.7","","61","","0.0","","29","","39","","","","101.99","","","","","","NA"
"-60.01","43.93","SABLE ISLAND","8204708","2022-11-22 16:00","2022","11","22","16:00","4.7","","-3.5","","56","","0.0","","30","","36","","","","102.10","","","","","","NA"
"-60.01","43.93","SABLE ISLAND","8204708","2022-11-22 17:00","2022","11","22","17:00","4.5","","-3.4","","57","","0.0","","30","","30","","","","102.18","","","","","","NA"
"-60.01","43.93","SABLE ISLAND","8204708","2022-11-22 18:00","2022","11","22","18:00","4.7","","-2.6","","59","","0.0","","30","","27","","","","102.28","","","","","","NA"
"-60.01","43.93","SABLE ISLAND","8204708","2022-11-22 19:00","2022","11","22","19:00","4.3","","-3.5","","57","","0.0","","31","","23","","","","102.24","","","","","","NA"
"-60.01","43.93","SABLE ISLAND","8204708","2022-11-22 20:00","2022","11","22","20:00","4.2","","-3.8","","56","","0.0","","30","","19","","","","102.34","","","","","","NA"
"-60.01","43.93","SABLE ISLAND","8204708","2022-11-22 21:00","2022","11","22","21:00","4.0","","-3.4","","59","","0.0","","29","","15","","","","102.34","","","","","","NA"
"-60.01","43.93","SABLE ISLAND","8204708","2022-11-22 22:00","2022","11","22","22:00","3.5","","-3.2","","62","","0.0","","28","","13","","","","102.35","","","","","","NA"
"-60.01","43.93","SABLE ISLAND","8204708","2022-11-22 23:00","2022","11","22","23:00","3.3","","-3.5","","61","","0.0","","27","","10","","","","102.30","","","","","","NA"
"-60.01","43.93","SABLE ISLAND","8204708","2022-11-23 00:00","2022","11","23","00:00","3.9","","-1.9","","66","","0.0","","26","","9","","","","102.24","","","","","","NA"
"-60.01","43.93","SABLE ISLAND","8204708","2022-11-23 01:00","2022","11","23","01:00","5.2","","-1.1","","64","","0.0","","22","","17","","","","102.16","","","","","","NA"
"-60.01","43.93","SABLE ISLAND","8204708","2022-11-23 02:00","2022","11","23","02:00","6.1","","-0.4","","63","","0.0","","21","","27","","","","102.08","","","","","","NA"
"-60.01","43.93","SABLE ISLAND","8204708","2022-11-23 03:00","2022","11","23","03:00","6.6","","0.5","","65","","0.0","","22","","26","","","","101.98","","","","","","NA"
"-60.01","43.93","SABLE ISLAND","8204708","2022-11-23 04:00","2022","11","23","04:00","7.7","","2.3","","69","","0.0","","22","","27","","","","101.89","","","","","","NA"
"-60.01","43.93","SABLE ISLAND","8204708","2022-11-23 05:00","2022","11","23","05:00","8.0","","3.7","","74","","0.0","","18","","25","","","","101.76","","","","","","NA"
"-60.01","43.93","SABLE ISLAND","8204708","2022-11-23 06:00","2022","11","23","06:00","7.5","","4.7","","83","","0.0","","19","","17","","","","101.65","","","","","","NA"
"-60.01","43.93","SABLE ISLAND","8204708","2022-11-23 07:00","2022","11","23","07:00","8.1","","5.3","","82","","0.0","","21","","16","","","","101.57","","","","","","NA"
"-60.01","43.93","SABLE ISLAND","8204708","2022-11-23 08:00","2022","11","23","08:00","8.2","","5.8","","85","","0.4","","21","","14","","","","101.48","","","","","","NA"
"-60.01","43.93","SABLE ISLAND","8204708","2022-11-23 09:00","2022","11","23","09:00","9.1","","6.9","","86","","0.0","","24","","21","","","","101.40","","","","","","NA"
"-60.01","43.93","SABLE ISLAND","8204708","2022-11-23 10:00","2022","11","23","10:00","9.2","","6.9","","85","","0.2","","26","","24","","","","101.34","","","","","","NA"
"-60.01","43.93","SABLE ISLAND","8204708","2022-11-23 11:00","2022","11","23","11:00","9.4","","5.1","","75","","0.0","","28","","35","","","","101.28","","","","","","NA"
"-60.01","43.93","SABLE ISLAND","8204708","2022-11-23 12:00","2022","11","23","12:00","8.4","","4.6","","77","","0.0","","27","","30","","","","101.21","","","","","","NA"
"-60.01","43.93","SABLE ISLAND","8204708","2022-11-23 13:00","2022","11","23","13:00","9.3","","5.6","","78","","0.0","","27","","34","","","","101.13","","","","","","NA"
"-60.01","43.93","SABLE ISLAND","8204708","2022-11-23 14:00","2022","11","23","14:00","6.8","","4.5","","86","","0.3","","31","","37","","","","101.20","","","","","","NA"
"-60.01","43.93","SABLE ISLAND","8204708","2022-11-23 15:00","2022","11","23","15:00","6.0","","3.3","","83","","0.0","","30","","37","","","","101.21","","","","","","NA"
"-60.01","43.93","SABLE ISLAND","8204708","2022-11-23 16:00","2022","11","23","16:00","5.2","","0.1","","70","","0.0","","30","","35","","","","101.29","","","","","","NA"
"-60.01","43.93","SABLE ISLAND","8204708","2022-11-23 17:00","2022","11","23","17:00","4.3","","-1.6","","65","","0.0","","31","","34","","","","101.39","","","","","","NA"
"-60.01","43.93","SABLE ISLAND","8204708","2022-11-23 18:00","2022","11","23","18:00","3.9","","-3.0","","61","","0.0","","33","","38","","","","101.40","","","","","","NA"
"-60.01","43.93","SABLE ISLAND","8204708","2022-11-23 19:00","2022","11","23","19:00","3.8","","-3.2","","60","","0.0","","32","","37","","","","101.43","","","","","","NA"
"-60.01","43.93","SABLE ISLAND","8204708","2022-11-23 20:00","2022","11","23","20:00","3.8","","-4.0","","57","","0.0","","32","","34","","","","101.46","","","","","","NA"
"-60.01","43.93","SABLE ISLAND","8204708","2022-11-23 21:00","2022","11","23","21:00","3.8","","-3.2","","60","","0.0","","32","","40","","","","101.48","","","","","","NA"
"-60.01","43.93","SABLE ISLAND","8204708","2022-11-23 22:00","2022","11","23","22:00","3.9","","-3.5","","59","","0.0","","32","","44","","","","101.48","","","","","","NA"
"-60.01","43.93","SABLE ISLAND","8204708","2022-11-23 23:00","2022","11","23","23:00","2.9","","-2.8","","66","","0.0","","32","","45","","","","101.52","","","","","","NA"
"-60.01","43.93","SABLE ISLAND","8204708","2022-11-24 00:00","2022","11","24","00:00","2.4","","-3.7","","64","","0.0","","32","","45","","","","101.54","","","","","","NA"
"-60.01","43.93","SABLE ISLAND","8204708","2022-11-24 01:00","2022","11","24","01:00","1.5","","-4.9","","63","","0.0","","32","","50","","","","101.60","","","","","","NA"
"-60.01","43.93","SABLE ISLAND","8204708","2022-11-24 02:00","2022","11","24","02:00","1.0","","-6.5","","57","","0.0","","32","","47","","","","101.69","","","","","","NA"
"-60.01","43.93","SABLE ISLAND","8204708","2022-11-24 03:00","2022","11","24","03:00","0.8","","-6.6","","58","","0.0","","32","","45","","","","101.72","","","","","","NA"
"-60.01","43.93","SABLE ISLAND","8204708","2022-11-24 04:00","2022","11","24","04:00","0.1","","-7.7","","56","","0.0","","32","","48","","","","101.76","","","","","","NA"
"-60.01","43.93","SABLE ISLAND","8204708","2022-11-24 05:00","2022","11","24","05:00","0.1","","-7.4","","57","","0.2","","32","","43","","","","101.80","","","","","","NA"
"-60.01","43.93","SABLE ISLAND","8204708","2022-11-24 06:00","2022","11","24","06:00","0.2","","-7.4","","56","","0.0","","32","","43","","","","101.85","","","","","","NA"
"-60.01","43.93","SABLE ISLAND","8204708","2022-11-24 07:00","2022","11","24","07:00","0.1","","-7.0","","59","","0.0","","32","","41","","","","101.92","","","","","","NA"
"-60.01","43.93","SABLE ISLAND","8204708","2022-11-24 08:00","2022","11","24","08:00","0.2","","-6.4","","61","","0.0","","32","","41","","","","101.96","","","","","","NA"
"-60.01","43.93","SABLE ISLAND","8204708","2022-11-24 09:00","2022","11","24","09:00","0.5","","-5.5","","64","","0.0","","31","","39","","","","101.99","","","","","","NA"
"-60.01","43.93","SABLE ISLAND","8204708","2022-11-24 10:00","2022","11","24","10:00","1.4","","-5.4","","61","","0.0","","31","","39","","","","102.00","","","","","","NA"
"-60.01","43.93","SABLE ISLAND","8204708","2022-11-24 11:00","2022","11","24","11:00","1.6","","-4.3","","65","","0.0","","31","","41","","","","101.96","","","","","","NA"
"-60.01","43.93","SABLE ISLAND","8204708","2022-11-24 12:00","2022","11","24","12:00","1.7","","-6.0","","57","","0.0","","31","","43","","","","101.91","","","","","","NA"
"-60.01","43.93","SABLE ISLAND","8204708","2022-11-24 13:00","2022","11","24","13:00","2.1","","-6.2","","54","","0.0","","30","","40","","","","101.84","","","","","","NA"
"-60.01","43.93","SABLE ISLAND","8204708","2022-11-24 14:00","2022","11","24","14:00","2.8","","-5.1","","56","","0.0","","30","","38","","","","101.79","","","","","","NA"
"-60.01","43.93","SABLE ISLAND","8204708","2022-11-24 15:00","2022","11","24","15:00","2.5","","-7.1","","49","","0.0","","30","","37","","","","101.76","","","","","","NA"
"-60.01","43.93","SABLE ISLAND","8204708","2022-11-24 16:00","2022","11","24","16:00","2.5","","-8.4","","45","","0.0","","30","","39","","","","101.75","","","","","","NA"
"-60.01","43.93","SABLE ISLAND","8204708","2022-11-24 17:00","2022","11","24","17:00","2.5","","-7.7","","47","","0.0","","29","","38","","","","101.75","","","","","","NA"
"-60.01","43.93","SABLE ISLAND","8204708","2022-11-24 18:00","2022","11","24","18:00","2.6","","-6.7","","50","","0.0","","29","","38","","","","101.75","","","","","","NA"
"-60.01","43.93","SABLE ISLAND","8204708","2022-11-24 19:00","2022","11","24","19:00","2.9","","-6.3","","51","","0.0","","29","","40","","","","101.77","","","","","","NA"
"-60.01","43.93","SABLE ISLAND","8204708","2022-11-24 20:00","2022","11","24","20:00","3.0","","-6.1","","51","","0.0","","29","","44","","","","101.75","","","","","","NA"
"-60.01","43.93","SABLE ISLAND","8204708","2022-11-24 21:00","2022","11","24","21:00","2.4","","-6.3","","52","","0.0","","31","","50","","","","101.76","","","","","","NA"
"-60.01","43.93","SABLE ISLAND","8204708","2022-11-24 22:00","2022","11","24","22:00","1.9","","-5.2","","59","","0.0","","31","","49","","","","101.79","","","","","","NA"
"-60.01","43.93","SABLE ISLAND","8204708","2022-11-24 23:00","2022","11","24","23:00","1.6","","-4.7","","63","","0.0","","32","","48","","","","101.84","","","","","","NA"
"-60.01","43.93","SABLE ISLAND","8204708","2022-11-25 00:00","2022","11","25","00:00","1.8","","-4.4","","64","","0.0","","32","","42","","","","101.86","","","","","","NA"
"-60.01","43.93","SABLE ISLAND","8204708","2022-11-25 01:00","2022","11","25","01:00","2.1","","-4.1","","64","","0.0","","32","","40","","","","101.87","","","","","","NA"
"-60.01","43.93","SABLE ISLAND","8204708","2022-11-25 02:00","2022","11","25","02:00","2.2","","-3.8","","64","","0.0","","32","","35","","","","101.93","","","","","","NA"
"-60.01","43.93","SABLE ISLAND","8204708","2022-11-25 03:00","2022","11","25","03:00","2.0","","-4.3","","63","","0.0","","32","","32","","","","101.99","","","","","","NA"
"-60.01","43.93","SABLE ISLAND","8204708","2022-11-25 04:00","2022","11","25","04:00","1.9","","-3.9","","65","","0.0","","31","","28","","","","101.97","","","","","","NA"
"-60.01","43.93","SABLE ISLAND","8204708","2022-11-25 05:00","2022","11","25","05:00","2.3","","-3.4","","66","","0.0","","30","","28","","","","102.02","","","","","","NA"
"-60.01","43.93","SABLE ISLAND","8204708","2022-11-25 06:00","2022","11","25","06:00","2.2","","-3.1","","68","","0.0","","31","","26","","","","102.06","","","","","","NA"
"-60.01","43.93","SABLE ISLAND","8204708","2022-11-25 07:00","2022","11","25","07:00","2.1","","-4.9","","60","","0.0","","30","","25","","","","102.13","","","","","","NA"
"-60.01","43.93","SABLE ISLAND","8204708","2022-11-25 08:00","2022","11","25","08:00","2.6","","-3.3","","65","","0.0","","30","","20","","","","102.12","","","","","","NA"
"-60.01","43.93","SABLE ISLAND","8204708","2022-11-25 09:00","2022","11","25","09:00","3.4","","-3.2","","62","","0.0","","28","","18","","","","102.07","","","","","","NA"
"-60.01","43.93","SABLE ISLAND","8204708","2022-11-25 10:00","2022","11","25","10:00","3.8","","-3.4","","59","","0.0","","28","","15","","","","102.03","","","","","","NA"
"-60.01","43.93","SABLE ISLAND","8204708","2022-11-25 11:00","2022","11","25","11:00","3.9","","-4.7","","53","","0.0","","27","","14","","","","101.96","","","","","","NA"
"-60.01","43.93","SABLE ISLAND","8204708","2022-11-25 12:00","2022","11","25","12:00","4.1","","-3.2","","59","","0.0","","25","","14","","","","101.84","","","","","","NA"
"-60.01","43.93","SABLE ISLAND","8204708","2022-11-25 13:00","2022","11","25","13:00","5.0","","-1.5","","63","","0.0","","23","","18","","","","101.77","","","","","","NA"
"-60.01","43.93","SABLE ISLAND","8204708","2022-11-25 14:00","2022","11","25","14:00","5.2","","-0.7","","66","","0.0","","23","","19","","","","101.72","","","","","","NA"
"-60.01","43.93","SABLE ISLAND","8204708","2022-11-25 15:00","2022","11","25","15:00","5.8","","-0.2","","65","","0.0","","22","","17","","","","101.61","","","","","","NA"
"-60.01","43.93","SABLE ISLAND","8204708","2022-11-25 16:00","2022","11","25","16:00","5.6","","0.6","","70","","0.0","","20","","16","","","","101.50","","","","","","NA"
"-60.01","43.93","SABLE ISLAND","8204708","2022-11-25 17:00","2022","11","25","17:00","6.0","","1.2","","71","","0.0","","18","","15","","","","101.41","","","","","","NA"
"-60.01","43.93","SABLE ISLAND","8204708","2022-11-25 18:00","2022","11","25","18:00","6.8","","2.0","","71","","0.0","","17","","23","","","","101.38","","","","","","NA"
"-60.01","43.93","SABLE ISLAND","8204708","2022-11-25 19:00","2022","11","25","19:00","7.4","","3.0","","74","","0.0","","16","","27","","","","101.23","","","","","","NA"
"-60.01","43.93","SABLE ISLAND","8204708","2022-11-25 20:00","2022","11","25","20:00","8.1","","4.3","","77","","0.0","","15","","31","","","","101.06","","","","","","NA"
"-60.01","43.93","SABLE ISLAND","8204708","2022-11-25 21:00","2022","11","25","21:00","8.5","","5.0","","78","","0.0","","14","","37","","","","100.88","","","","","","NA"
"-60.01","43.93","SABLE ISLAND","8204708","2022-11-25 22:00","2022","11","25","22:00","8.8","","5.7","","81","","0.0","","14","","41","","","","100.71","","","","","","NA"
"-60.01","43.93","SABLE ISLAND","8204708","2022-11-25 23:00","2022","11","25","23:00","9.3","","6.6","","83","","0.0","","14","","38","","","","100.49","","","","","","NA"
"-60.01","43.93","SABLE ISLAND","8204708","2022-11-26 00:00","2022","11","26","00:00","9.6","","7.3","","86","","0.0","","14","","43","","","","100.26","","","","","","NA"
"-60.01","43.93","SABLE ISLAND","8204708","2022-11-26 01:00","2022","11","26","01:00","9.7","","7.8","","88","","0.0","","13","","46","","","","100.00","","","","","","NA"
"-60.01","43.93","SABLE ISLAND","8204708","2022-11-26 02:00","2022","11","26","02:00","10.0","","7.9","","87","","0.0","","13","","50","","","","99.71","","","","","","NA"
"-60.01","43.93","SABLE ISLAND","8204708","2022-11-26 03:00","2022","11","26","03:00","10.2","","9.3","","94","","3.3","","13","","53","","","","99.47","","","","","","NA"
"-60.01","43.93","SABLE ISLAND","8204708","2022-11-26 04:00","2022","11","26","04:00","10.5","","9.8","","96","","4.3","","13","","48","","","","99.20","","","","","","NA"
"-60.01","43.93","SABLE ISLAND","8204708","2022-11-26 05:00","2022","11","26","05:00","10.9","","10.3","","96","","5.2","","15","","46","","","","99.01","","","","","","NA"
"-60.01","43.93","SABLE ISLAND","8204708","2022-11-26 06:00","2022","11","26","06:00","10.8","","10.3","","97","","3.6","","14","","37","","","","98.71","","","","","","NA"
"-60.01","43.93","SABLE ISLAND","8204708","2022-11-26 07:00","2022","11","26","07:00","9.8","","9.2","","96","","6.7","","26","","20","","","","98.54","","","","","","NA"
"-60.01","43.93","SABLE ISLAND","8204708","2022-11-26 08:00","2022","11","26","08:00","8.8","","8.1","","96","","4.8","","29","","27","","","","98.52","","","","","","NA"
"-60.01","43.93","SABLE ISLAND","8204708","2022-11-26 09:00","2022","11","26","09:00","8.7","","7.6","","93","","0.0","","29","","26","","","","98.54","","","","","","NA"
"-60.01","43.93","SABLE ISLAND","8204708","2022-11-26 10:00","2022","11","26","10:00","8.2","","6.6","","90","","0.0","","30","","34","","","","98.46","","","","","","NA"
"-60.01","43.93","SABLE ISLAND","8204708","2022-11-26 11:00","2022","11","26","11:00","7.8","","6.2","","89","","0.0","","28","","34","","","","98.39","","","","","","NA"
"-60.01","43.93","SABLE ISLAND","8204708","2022-11-26 12:00","2022","11","26","12:00","7.9","","6.2","","89","","0.0","","29","","31","","","","98.32","","","","","","NA"
"-60.01","43.93","SABLE ISLAND","8204708","2022-11-26 13:00","2022","11","26","13:00","7.5","","6.0","","91","","0.0","","29","","34","","","","98.20","","","","","","NA"
"-60.01","43.93","SABLE ISLAND","8204708","2022-11-26 14:00","2022","11","26","14:00","7.4","","6.6","","95","","0.0","","29","","37","","","","98.08","","","","","","NA"
"-60.01","43.93","SABLE ISLAND","8204708","2022-11-26 15:00","2022","11","26","15:00","8.0","","7.3","","95","","0.0","","30","","46","","","","97.97","","","","","","NA"
"-60.01","43.93","SABLE ISLAND","8204708","2022-11-26 16:00","2022","11","26","16:00","8.4","","7.5","","94","","0.0","","31","","55","","","","97.92","","","","","","NA"
"-60.01","43.93","SABLE ISLAND","8204708","2022-11-26 17:00","2022","11","26","17:00","8.1","","6.8","","91","","0.2","","31","","61","","","","97.84","","","","","","NA"
"-60.01","43.93","SABLE ISLAND","8204708","2022-11-26 18:00","2022","11","26","18:00","7.9","","7.0","","94","","0.3","","31","","67","","","","97.74","","","","","","NA"
"-60.01","43.93","SABLE ISLAND","8204708","2022-11-26 19:00","2022","11","26","19:00","8.7","","7.9","","95","","0.8","","32","","70","","","","97.83","","","","","","NA"
"-60.01","43.93","SABLE ISLAND","8204708","2022-11-26 20:00","2022","11","26","20:00","8.4","","7.7","","95","","1.0","","32","","75","","","","97.95","","","","","","NA"
"-60.01","43.93","SABLE ISLAND","8204708","2022-11-26 21:00","2022","11","26","21:00","8.0","","7.2","","95","","1.0","","33","","78","","","","98.17","","","","","","NA"
"-60.01","43.93","SABLE ISLAND","8204708","2022-11-26 22:00","2022","11","26","22:00","7.9","","6.9","","93","","0.5","","33","","76","","","","98.35","","","","","","NA"
"-60.01","43.93","SABLE ISLAND","8204708","2022-11-26 23:00","2022","11","26","23:00","7.6","","6.7","","94","","0.7","","34","","75","","","","98.54","","","","","","NA"
"-60.01","43.93","SABLE ISLAND","8204708","2022-11-27 00:00","2022","11","27","00:00","7.6","","6.2","","91","","0.2","","33","","72","","","","98.74","","","","","","NA"
"-60.01","43.93","SABLE ISLAND","8204708","2022-11-27 01:00","2022","11","27","01:00","7.7","","6.0","","89","","0.0","","33","","74","","","","98.89","","","","","","NA"
"-60.01","43.93","SABLE ISLAND","8204708","2022-11-27 02:00","2022","11","27","02:00","7.7","","6.1","","89","","0.0","","33","","68","","","","99.16","","","","","","NA"
"-60.01","43.93","SABLE ISLAND","8204708","2022-11-27 03:00","2022","11","27","03:00","7.8","","6.2","","89","","0.0","","34","","66","","","","99.37","","","","","","NA"
"-60.01","43.93","SABLE ISLAND","8204708","2022-11-27 04:00","2022","11","27","04:00","7.3","","6.2","","93","","0.0","","33","","62","","","","99.55","","","","","","NA"
"-60.01","43.93","SABLE ISLAND","8204708","2022-11-27 05:00","2022","11","27","05:00","7.5","","5.8","","89","","0.0","","33","","59","","","","99.69","","","","","","NA"
"-60.01","43.93","SABLE ISLAND","8204708","2022-11-27 06:00","2022","11","27","06:00","7.4","","5.5","","87","","0.0","","33","","56","","","","99.86","","","","","","NA"
"-60.01","43.93","SABLE ISLAND","8204708","2022-11-27 07:00","2022","11","27","07:00","7.3","","5.4","","88","","0.0","","33","","49","","","","100.02","","","","","","NA"
"-60.01","43.93","SABLE ISLAND","8204708","2022-11-27 08:00","2022","11","27","08:00","7.3","","5.5","","88","","0.0","","34","","42","","","","100.14","","","","","","NA"
"-60.01","43.93","SABLE ISLAND","8204708","2022-11-27 09:00","2022","11","27","09:00","7.3","","5.4","","87","","0.0","","32","","43","","","","100.28","","","","","","NA"
"-60.01","43.93","SABLE ISLAND","8204708","2022-11-27 10:00","2022","11","27","10:00","7.5","","5.4","","87","","0.0","","32","","35","","","","100.37","","","","","","NA"
"-60.01","43.93","SABLE ISLAND","8204708","2022-11-27 11:00","2022","11","27","11:00","7.2","","4.9","","85","","0.0","","32","","36","","","","100.45","","","","","","NA"
"-60.01","43.93","SABLE ISLAND","8204708","2022-11-27 12:00","2022","11","27","12:00","7.2","","5.0","","86","","0.0","","31","","33","","","","100.45","","","","","","NA"
"-60.01","43.93","SABLE ISLAND","8204708","2022-11-27 13:00","2022","11","27","13:00","6.9","","4.9","","87","","0.0","","30","","30","","","","100.48","","","","","","NA"
"-60.01","43.93","SABLE ISLAND","8204708","2022-11-27 14:00","2022","11","27","14:00","6.7","","4.7","","87","","0.0","","30","","27","","","","100.52","","","","","","NA"
"-60.01","43.93","SABLE ISLAND","8204708","2022-11-27 15:00","2022","11","27","15:00","6.5","","4.3","","86","","0.0","","29","","25","","","","100.60","","","","","","NA"
"-60.01","43.93","SABLE ISLAND","8204708","2022-11-27 16:00","2022","11","27","16:00","6.1","","3.8","","85","","0.0","","29","","19","","","","100.61","","","","","","NA"
"-60.01","43.93","SABLE ISLAND","8204708","2022-11-27 17:00","2022","11","27","17:00","6.0","","3.6","","85","","0.0","","29","","17","","","","100.63","","","","","","NA"
"-60.01","43.93","SABLE ISLAND","8204708","2022-11-27 18:00","2022","11","27","18:00","5.8","","3.3","","84","","0.0","","28","","16","","","","100.63","","","","","","NA"
"-60.01","43.93","SABLE ISLAND","8204708","2022-11-27 19:00","2022","11","27","19:00","6.1","","3.4","","83","","0.0","","29","","15","","","","100.62","","","","","","NA"
"-60.01","43.93","SABLE ISLAND","8204708","2022-11-27 20:00","2022","11","27","20:00","6.6","","3.8","","83","","0.0","","28","","19","","","","100.66","","","","","","NA"
"-60.01","43.93","SABLE ISLAND","8204708","2022-11-27 21:00","2022","11","27","21:00","7.0","","4.5","","84","","0.0","","27","","14","","","","100.64","","","","","","NA"
"-60.01","43.93","SABLE ISLAND","8204708","2022-11-27 22:00","2022","11","27","22:00","7.6","","5.1","","85","","0.0","","26","","15","","","","100.61","","","","","","NA"
"-60.01","43.93","SABLE ISLAND","8204708","2022-11-27 23:00","2022","11","27","23:00","8.1","","5.6","","85","","0.0","","23","","15","","","","100.55","","","","","","NA"
"-60.01","43.93","SABLE ISLAND","8204708","2022-11-28 00:00","2022","11","28","00:00","8.6","","5.9","","83","","0.0","","20","","18","","","","100.55","","","","","","NA"
"-60.01","43.93","SABLE ISLAND","8204708","2022-11-28 01:00","2022","11","28","01:00","8.9","","6.4","","84","","0.0","","18","","15","","","","100.43","","","","","","NA"
"-60.01","43.93","SABLE ISLAND","8204708","2022-11-28 02:00","2022","11","28","02:00","9.4","","7.3","","87","","0.0","","15","","18","","","","100.30","","","","","","NA"
"-60.01","43.93","SABLE ISLAND","8204708","2022-11-28 03:00","2022","11","28","03:00","9.9","","8.2","","89","","0.0","","17","","23","","","","100.24","","","","","","NA"
"-60.01","43.93","SABLE ISLAND","8204708","2022-11-28 04:00","2022","11","28","04:00","10.5","","9.2","","92","","0.0","","17","","23","","","","100.12","","","","","","NA"
"-60.01","43.93","SABLE ISLAND","8204708","2022-11-28 05:00","2022","11","28","05:00","10.6","","9.8","","95","","0.5","","14","","16","","","","99.83","","","","","","NA"
"-60.01","43.93","SABLE ISLAND","8204708","2022-11-28 06:00","2022","11","28","06:00","10.8","","10.1","","96","","0.0","","16","","26","","","","99.69","","","","","","NA"
"-60.01","43.93","SABLE ISLAND","8204708","2022-11-28 07:00","2022","11","28","07:00","11.1","","10.3","","95","","1.4","","16","","31","","","","99.53","","","","","","NA"
"-60.01","43.93","SABLE ISLAND","8204708","2022-11-28 08:00","2022","11","28","08:00","11.9","","11.2","","95","","0.9","","16","","35","","","","99.22","","","","","","NA"
"-60.01","43.93","SABLE ISLAND","8204708","2022-11-28 09:00","2022","11","28","09:00","12.7","","12.2","","97","","2.0","","17","","51","","","","99.00","","","","","","NA"
"-60.01","43.93","SABLE ISLAND","8204708","2022-11-28 10:00","2022","11","28","10:00","12.9","","12.4","","97","","0.8","","20","","41","","","","98.91","","","","","","NA"
"-60.01","43.93","SABLE ISLAND","8204708","2022-11-28 11:00","2022","11","28","11:00","13.7","","12.8","","94","","0.0","","23","","45","","","","98.92","","","","","","NA"
"-60.01","43.93","SABLE ISLAND","8204708","2022-11-28 12:00","2022","11","28","12:00","12.8","","9.9","","83","","0.0","","24","","51","","","","98.89","","","","","","NA"
"-60.01","43.93","SABLE ISLAND","8204708","2022-11-28 13:00","2022","11","28","13:00","12.1","","9.2","","82","","0.0","","24","","51","","","","98.92","","","","","","NA"
"-60.01","43.93","SABLE ISLAND","8204708","2022-11-28 14:00","2022","11","28","14:00","11.9","","9.2","","84","","0.0","","25","","45","","","","98.94","","","","","","NA"
"-60.01","43.93","SABLE ISLAND","8204708","2022-11-28 15:00","2022","11","28","15:00","11.3","","9.1","","86","","0.0","","25","","48","","","","99.03","","","","","","NA"
"-60.01","43.93","SABLE ISLAND","8204708","2022-11-28 16:00","2022","11","28","16:00","10.8","","9.0","","89","","0.0","","25","","45","","","","99.14","","","","","","NA"
"-60.01","43.93","SABLE ISLAND","8204708","2022-11-28 17:00","2022","11","28","17:00","10.5","","9.6","","94","","0.0","","25","","41","","","","99.27","","","","","","NA"
"-60.01","43.93","SABLE ISLAND","8204708","2022-11-28 18:00","2022","11","28","18:00","9.8","","8.9","","94","","0.0","","27","","34","","","","99.40","","","","","","NA"
"-60.01","43.93","SABLE ISLAND","8204708","2022-11-28 19:00","2022","11","28","19:00","9.6","","8.4","","92","","0.0","","28","","27","","","","99.51","","","","","","NA"
"-60.01","43.93","SABLE ISLAND","8204708","2022-11-28 20:00","2022","11","28","20:00","7.4","","6.1","","91","","0.0","","32","","40","","","","99.66","","","","","","NA"
"-60.01","43.93","SABLE ISLAND","8204708","2022-11-28 21:00","2022","11","28","21:00","7.6","","4.9","","84","","0.0","","32","","41","","","","99.84","","","","","","NA"
"-60.01","43.93","SABLE ISLAND","8204708","2022-11-28 22:00","2022","11","28","22:00","7.2","","4.3","","82","","0.0","","32","","39","","","","100.01","","","","","","NA"
"-60.01","43.93","SABLE ISLAND","8204708","2022-11-28 23:00","2022","11","28","23:00","7.0","","3.1","","76","","0.0","","32","","43","","","","100.20","","","","","","NA"
"-60.01","43.93","SABLE ISLAND","8204708","2022-11-29 00:00","2022","11","29","00:00","6.5","","2.3","","75","","0.0","","33","","41","","","","100.38","","","","","","NA"
"-60.01","43.93","SABLE ISLAND","8204708","2022-11-29 01:00","2022","11","29","01:00","5.8","","1.6","","74","","0.0","","33","","43","","","","100.50","","","","","","NA"
"-60.01","43.93","SABLE ISLAND","8204708","2022-11-29 02:00","2022","11","29","02:00","5.7","","1.3","","73","","0.0","","33","","39","","","","100.64","","","","","","NA"
"-60.01","43.93","SABLE ISLAND","8204708","2022-11-29 03:00","2022","11","29","03:00","5.3","","0.7","","72","","0.0","","33","","38","","","","100.80","","","","","","NA"
"-60.01","43.93","SABLE ISLAND","8204708","2022-11-29 04:00","2022","11","29","04:00","5.0","","0.5","","73","","0.0","","32","","41","","","","100.96","","","","","","NA"
"-60.01","43.93","SABLE ISLAND","8204708","2022-11-29 05:00","2022","11","29","05:00","5.4","","0.0","","68","","0.0","","31","","38","","","","101.07","","","","","","NA"
"-60.01","43.93","SABLE ISLAND","8204708","2022-11-29 06:00","2022","11","29","06:00","4.8","","0.1","","72","","0.0","","31","","35","","","","101.19","","","","","","NA"
"-60.01","43.93","SABLE ISLAND","8204708","2022-11-29 07:00","2022","11","29","07:00","4.9","","0.3","","72","","0.0","","32","","35","","","","101.33","","","","","","NA"
"-60.01","43.93","SABLE ISLAND","8204708","2022-11-29 08:00","2022","11","29","08:00","4.5","","-1.8","","64","","0.0","","33","","38","","","","101.50","","","","","","NA"
"-60.01","43.93","SABLE ISLAND","8204708","2022-11-29 09:00","2022","11","29","09:00","4.6","","-1.4","","65","","0.0","","32","","33","","","","101.62","","","","","","NA"
"-60.01","43.93","SABLE ISLAND","8204708","2022-11-29 10:00","2022","11","29","10:00","4.2","","-2.3","","63","","0.0","","33","","35","","","","101.77","","","","","","NA"
"-60.01","43.93","SABLE ISLAND","8204708","2022-11-29 11:00","2022","11","29","11:00","4.0","","-2.8","","61","","0.0","","33","","30","","","","101.83","","","","","","NA"
"-60.01","43.93","SABLE ISLAND","8204708","2022-11-29 12:00","2022","11","29","12:00","3.7","","-2.2","","65","","0.0","","33","","30","","","","101.88","","","","","","NA"
"-60.01","43.93","SABLE ISLAND","8204708","2022-11-29 13:00","2022","11","29","13:00","3.5","","-2.3","","66","","0.0","","33","","30","","","","101.96","","","","","","NA"
"-60.01","43.93","SABLE ISLAND","8204708","2022-11-29 14:00","2022","11","29","14:00","3.5","","-2.6","","64","","0.0","","33","","27","","","","102.00","","","","","","NA"
"-60.01","43.93","SABLE ISLAND","8204708","2022-11-29 15:00","2022","11","29","15:00","3.6","","-1.7","","68","","0.0","","33","","27","","","","102.06","","","","","","NA"
"-60.01","43.93","SABLE ISLAND","8204708","2022-11-29 16:00","2022","11","29","16:00","3.4","","-2.6","","65","","0.0","","34","","30","","","","102.19","","","","","","NA"
"-60.01","43.93","SABLE ISLAND","8204708","2022-11-29 17:00","2022","11","29","17:00","3.2","","-2.1","","68","","0.0","","33","","27","","","","102.29","","","","","","NA"
"-60.01","43.93","SABLE ISLAND","8204708","2022-11-29 18:00","2022","11","29","18:00","3.0","","-2.7","","66","","0.0","","34","","29","","","","102.40","","","","","","NA"
"-60.01","43.93","SABLE ISLAND","8204708","2022-11-29 19:00","2022","11","29","19:00","3.1","","-2.8","","66","","0.0","","33","","25","","","","102.48","","","","","","NA"
"-60.01","43.93","SABLE ISLAND","8204708","2022-11-29 20:00","2022","11","29","20:00","2.8","","-3.2","","65","","0.0","","34","","23","","","","102.56","","","","","","NA"
"-60.01","43.93","SABLE ISLAND","8204708","2022-11-29 21:00","2022","11","29","21:00","2.7","","-3.1","","66","","0.0","","34","","24","","","","102.61","","","","","","NA"
"-60.01","43.93","SABLE ISLAND","8204708","2022-11-29 22:00","2022","11","29","22:00","2.6","","-3.3","","65","","0.0","","33","","25","","","","102.68","","","","","","NA"
"-60.01","43.93","SABLE ISLAND","8204708","2022-11-29 23:00","2022","11","29","23:00","2.8","","-2.8","","66","","0.0","","35","","24","","","","102.73","","","","","","NA"
"-60.01","43.93","SABLE ISLAND","8204708","2022-11-30 00:00","2022","11","30","00:00","2.5","","-3.3","","65","","0.0","","36","","19","","","","102.80","","","","","","NA"
"-60.01","43.93","SABLE ISLAND","8204708","2022-11-30 01:00","2022","11","30","01:00","2.3","","-3.6","","65","","0.0","","35","","18","","","","102.85","","","","","","NA"
"-60.01","43.93","SABLE ISLAND","8204708","2022-11-30 02:00","2022","11","30","02:00","2.7","","-3.0","","66","","0.0","","35","","12","","","","102.89","","","","","","NA"
"-60.01","43.93","SABLE ISLAND","8204708","2022-11-30 03:00","2022","11","30","03:00","2.5","","-3.3","","66","","0.0","","31","","14","","","","102.94","","","","","","NA"
"-60.01","43.93","SABLE ISLAND","8204708","2022-11-30 04:00","2022","11","30","04:00","2.3","","-3.9","","64","","0.0","","36","","12","","","","103.00","","","","","","NA"
"-60.01","43.93","SABLE ISLAND","8204708","2022-11-30 05:00","2022","11","30","05:00","2.1","","-3.7","","65","","0.0","","35","","13","","","","103.04","","","","","","NA"
"-60.01","43.93","SABLE ISLAND","8204708","2022-11-30 06:00","2022","11","30","06:00","2.3","","-3.4","","66","","0.0","","36","","14","","","","103.12","","","","","","NA"
"-60.01","43.93","SABLE ISLAND","8204708","2022-11-30 07:00","2022","11","30","07:00","2.6","","-2.8","","67","","0.0","","1","","8","","","","103.19","","","","","","NA"
"-60.01","43.93","SABLE ISLAND","8204708","2022-11-30 08:00","2022","11","30","08:00","2.7","","-2.8","","67","","0.0","","31","","3","","","","103.22","","","","","","NA"
"-60.01","43.93","SABLE ISLAND","8204708","2022-11-30 09:00","2022","11","30","09:00","3.7","","-3.5","","59","","0.0","","4","","3","","","","103.25","","","","","","NA"
"-60.01","43.93","SABLE ISLAND","8204708","2022-11-30 10:00","2022","11","30","10:00","4.3","","-2.5","","61","","0.0","","3","","9","","","","103.27","","","","","","NA"
"-60.01","43.93","SABLE ISLAND","8204708","2022-11-30 11:00","2022","11","30","11:00","5.0","","-2.7","","57","","0.0","","9","","10","","","","103.23","","","","","","NA"
"-60.01","43.93","SABLE ISLAND","8204708","2022-11-30 12:00","2022","11","30","12:00","4.6","","-2.7","","59","","0.0","","12","","9","","","","103.30","","","","","","NA"
"-60.01","43.93","SABLE ISLAND","8204708","2022-11-30 13:00","2022","11","30","13:00","5.0","","-2.1","","60","","0.0","","12","","12","","","","103.22","","","","","","NA"
"-60.01","43.93","SABLE ISLAND","8204708","2022-11-30 14:00","2022","11","30","14:00","5.0","","-1.8","","61","","0.0","","16","","11","","","","103.21","","","","","","NA"
"-60.01","43.93","SABLE ISLAND","8204708","2022-11-30 15:00","2022","11","30","15:00","4.6","","-1.5","","64","","0.0","","14","","14","","","","103.23","","","","","","NA"
"-60.01","43.93","SABLE ISLAND","8204708","2022-11-30 16:00","2022","11","30","16:00","4.2","","-0.9","","69","","0.0","","15","","21","","","","103.16","","","","","","NA"
"-60.01","43.93","SABLE ISLAND","8204708","2022-11-30 17:00","2022","11","30","17:00","5.0","","0.3","","71","","0.0","","16","","25","","","","103.17","","","","","","NA"
"-60.01","43.93","SABLE ISLAND","8204708","2022-11-30 18:00","2022","11","30","18:00","5.4","","0.2","","69","","0.0","","16","","30","","","","103.15","","","","","","NA"
"-60.01","43.93","SABLE ISLAND","8204708","2022-11-30 19:00","2022","11","30","19:00","6.3","","1.3","","70","","0.0","","16","","36","","","","103.08","","","","","","NA"
"-60.01","43.93","SABLE ISLAND","8204708","2022-11-30 20:00","2022","11","30","20:00","7.4","","2.1","","69","","0.0","","16","","36","","","","102.99","","","","","","NA"
"-60.01","43.93","SABLE ISLAND","8204708","2022-11-30 21:00","2022","11","30","21:00","8.1","","3.8","","74","","0.0","","14","","35","","","","102.81","","","","","","NA"
"-60.01","43.93","SABLE ISLAND","8204708","2022-11-30 22:00","2022","11","30","22:00","8.3","","4.9","","79","","0.0","","13","","43","","","","102.65","","","","","","NA"
"-60.01","43.93","SABLE ISLAND","8204708","2022-11-30 23:00","2022","11","30","23:00","9.1","","5.8","","80","","0.0","","14","","46","","","","102.46","","","","","","NA"
