"Longitude (x)","Latitude (y)","Station Name","Climate ID","Date/Time (LST)","Year","Month","Day","Time (LST)","Temp (°C)","Temp Flag","Dew Point Temp (°C)","Dew Point Temp Flag","Rel Hum (%)","Rel Hum Flag","Precip. Amount (mm)","Precip. Amount Flag","Wind Dir (10s deg)","Wind Dir Flag","Wind Spd (km/h)","Wind Spd Flag","Visibility (km)","Visibility Flag","Stn Press (kPa)","Stn Press Flag","Hmdx","Hmdx Flag","Wind Chill","Wind Chill Flag","Weather"
"-82.90","42.03","HARROW CDA AUTO","6133362","2023-03-01 00:00","2023","03","01","00:00","1.6","","0.0","","89","","0.0","","18","","8","","","","99.18","","","","","","NA"
"-82.90","42.03","HARROW CDA AUTO","6133362","2023-03-01 01:00","2023","03","01","01:00","1.1","","-0.1","","92","","0.0","","0","","1","","","","99.15","","","","","","NA"
"-82.90","42.03","HARROW CDA AUTO","6133362","2023-03-01 02:00","2023","03","01","02:00","0.4","","-0.4","","94","","0.0","","10","","3","","","","99.06","","","","","","NA"
"-82.90","42.03","HARROW CDA AUTO","6133362","2023-03-01 03:00","2023","03","01","03:00","1.5","","0.1","","91","","0.0","","10","","5","","","","98.92","","","","","","NA"
"-82.90","42.03","HARROW CDA AUTO","6133362","2023-03-01 04:00","2023","03","01","04:00","2.1","","0.1","","87","","0.0","","9","","6","","","","98.71","","","","","","NA"
"-82.90","42.03","HARROW CDA AUTO","6133362","2023-03-01 05:00","2023","03","01","05:00","2.5","","0.1","","84","","0.0","","2","","4","","","","98.93","","","","","","NA"
"-82.90","42.03","HARROW CDA AUTO","6133362","2023-03-01 06:00","2023","03","01","06:00","1.8","","0.1","","88","","0.0","","5","","8","","","","98.83","","","","","","NA"
"-82.90","42.03","HARROW CDA AUTO","6133362","2023-03-01 07:00","2023","03","01","07:00","1.7","","0.0","","89","","0.1","","6","","15","","","","98.70","","","","","","NA"
"-82.90","42.03","HARROW CDA AUTO","6133362","2023-03-01 08:00","2023","03","01","08:00","2.2","","0.1","","86","","0.0","","9","","6","","","","98.61","","","","","","NA"
"-82.90","42.03","HARROW CDA AUTO","6133362","2023-03-01 09:00","2023","03","01","09:00","3.5","","0.7","","82","","0.0","","11","","9","","","","98.58","","","","","","NA"
"-82.90","42.03","HARROW CDA AUTO","6133362","2023-03-01 10:00","2023","03","01","10:00","3.9","","0.7","","80","","0.0","","13","","14","","","","98.57","","","","","","NA"
"-82.90","42.03","HARROW CDA AUTO","6133362","2023-03-01 11:00","2023","03","01","11:00","5.0","","1.3","","77","","0.0","","13","","10","","","","98.49","","","","","","NA"
"-82.90","42.03","HARROW CDA AUTO","6133362","2023-03-01 12:00","2023","03","01","12:00","5.1","","1.6","","78","","0.0","","17","","12","","","","98.55","","","","","","NA"
"-82.90","42.03","HARROW CDA AUTO","6133362","2023-03-01 13:00","2023","03","01","13:00","6.9","","2.3","","72","","0.0","","22","","6","","","","98.50","","","","","","NA"
"-82.90","42.03","HARROW CDA AUTO","6133362","2023-03-01 14:00","2023","03","01","14:00","8.1","","3.1","","71","","0.0","","24","","12","","","","98.48","","","","","","NA"
"-82.90","42.03","HARROW CDA AUTO","6133362","2023-03-01 15:00","2023","03","01","15:00","8.8","","3.5","","69","","0.0","","26","","12","","","","98.44","","","","","","NA"
"-82.90","42.03","HARROW CDA AUTO","6133362","2023-03-01 16:00","2023","03","01","16:00","9.6","","3.4","","65","","0.0","","23","","9","","","","98.38","","","","","","NA"
"-82.90","42.03","HARROW CDA AUTO","6133362","2023-03-01 17:00","2023","03","01","17:00","10.0","","4.0","","67","","0.0","","21","","6","","","","98.33","","","","","","NA"
"-82.90","42.03","HARROW CDA AUTO","6133362","2023-03-01 18:00","2023","03","01","18:00","8.0","","3.7","","74","","0.0","","15","","3","","","","98.36","","","","","","NA"
"-82.90","42.03","HARROW CDA AUTO","6133362","2023-03-01 19:00","2023","03","01","19:00","4.9","","2.9","","87","","0.0","","11","","1","","","","98.38","","","","","","NA"
"-82.90","42.03","HARROW CDA AUTO","6133362","2023-03-01 20:00","2023","03","01","20:00","5.0","","3.6","","91","","0.0","","6","","7","","","","98.37","","","","","","NA"
"-82.90","42.03","HARROW CDA AUTO","6133362","2023-03-01 21:00","2023","03","01","21:00","4.2","","3.0","","92","","0.0","","7","","5","","","","98.32","","","","","","NA"
"-82.90","42.03","HARROW CDA AUTO","6133362","2023-03-01 22:00","2023","03","01","22:00","2.8","","2.0","","95","","0.0","","11","","2","","","","98.42","","","","","","NA"
"-82.90","42.03","HARROW CDA AUTO","6133362","2023-03-01 23:00","2023","03","01","23:00","1.8","","1.1","","95","","0.0","","19","","1","","","","98.42","","","","","","NA"
"-82.90","42.03","HARROW CDA AUTO","6133362","2023-03-02 00:00","2023","03","02","00:00","2.9","","2.1","","94","","0.0","","23","","7","","","","98.48","","","","","","NA"
"-82.90","42.03","HARROW CDA AUTO","6133362","2023-03-02 01:00","2023","03","02","01:00","1.6","","0.8","","94","","0.0","","26","","6","","","","98.48","","","","","","NA"
"-82.90","42.03","HARROW CDA AUTO","6133362","2023-03-02 02:00","2023","03","02","02:00","0.3","","-0.2","","96","","0.0","","24","","4","","","","98.48","","","","","","NA"
"-82.90","42.03","HARROW CDA AUTO","6133362","2023-03-02 03:00","2023","03","02","03:00","-0.2","","-0.8","","96","","0.0","","17","","3","","","","98.46","","","","-1","","NA"
"-82.90","42.03","HARROW CDA AUTO","6133362","2023-03-02 04:00","2023","03","02","04:00","-0.7","","-1.2","","96","","0.0","","19","","8","","","","98.44","","","","-4","","NA"
"-82.90","42.03","HARROW CDA AUTO","6133362","2023-03-02 05:00","2023","03","02","05:00","0.4","","-0.4","","94","","0.0","","23","","5","","","","98.48","","","","","","NA"
"-82.90","42.03","HARROW CDA AUTO","6133362","2023-03-02 06:00","2023","03","02","06:00","1.6","","0.4","","92","","0.0","","25","","10","","","","98.55","","","","","","NA"
"-82.90","42.03","HARROW CDA AUTO","6133362","2023-03-02 07:00","2023","03","02","07:00","2.0","","1.0","","93","","0.0","","26","","11","","","","98.57","","","","","","NA"
"-82.90","42.03","HARROW CDA AUTO","6133362","2023-03-02 08:00","2023","03","02","08:00","2.8","","1.0","","88","","0.0","","27","","13","","","","98.62","","","","","","NA"
"-82.90","42.03","HARROW CDA AUTO","6133362","2023-03-02 09:00","2023","03","02","09:00","2.5","","0.9","","89","","0.0","","30","","13","","","","98.67","","","","","","NA"
"-82.90","42.03","HARROW CDA AUTO","6133362","2023-03-02 10:00","2023","03","02","10:00","3.5","","1.4","","86","","0.0","","30","","12","","","","98.73","","","","","","NA"
"-82.90","42.03","HARROW CDA AUTO","6133362","2023-03-02 11:00","2023","03","02","11:00","4.0","","1.8","","86","","0.0","","32","","11","","","","98.81","","","","","","NA"
"-82.90","42.03","HARROW CDA AUTO","6133362","2023-03-02 12:00","2023","03","02","12:00","4.3","","1.7","","84","","0.0","","32","","9","","","","98.89","","","","","","NA"
"-82.90","42.03","HARROW CDA AUTO","6133362","2023-03-02 13:00","2023","03","02","13:00","5.3","","1.7","","78","","0.0","","31","","8","","","","98.91","","","","","","NA"
"-82.90","42.03","HARROW CDA AUTO","6133362","2023-03-02 14:00","2023","03","02","14:00","5.5","","1.0","","72","","0.0","","32","","8","","","","98.94","","","","","","NA"
"-82.90","42.03","HARROW CDA AUTO","6133362","2023-03-02 15:00","2023","03","02","15:00","5.6","","0.9","","72","","0.0","","30","","11","","","","99.00","","","","","","NA"
"-82.90","42.03","HARROW CDA AUTO","6133362","2023-03-02 16:00","2023","03","02","16:00","5.3","","0.5","","71","","0.0","","30","","11","","","","99.00","","","","","","NA"
"-82.90","42.03","HARROW CDA AUTO","6133362","2023-03-02 17:00","2023","03","02","17:00","4.3","","0.2","","75","","0.0","","35","","11","","","","99.05","","","","","","NA"
"-82.90","42.03","HARROW CDA AUTO","6133362","2023-03-02 18:00","2023","03","02","18:00","3.6","","-0.3","","76","","0.0","","36","","9","","","","99.10","","","","","","NA"
"-82.90","42.03","HARROW CDA AUTO","6133362","2023-03-02 19:00","2023","03","02","19:00","3.4","","-0.7","","74","","0.0","","31","","5","","","","99.20","","","","","","NA"
"-82.90","42.03","HARROW CDA AUTO","6133362","2023-03-02 20:00","2023","03","02","20:00","3.0","","0.1","","81","","0.0","","4","","4","","","","99.21","","","","","","NA"
"-82.90","42.03","HARROW CDA AUTO","6133362","2023-03-02 21:00","2023","03","02","21:00","2.7","","-0.1","","82","","0.0","","5","","6","","","","99.23","","","","","","NA"
"-82.90","42.03","HARROW CDA AUTO","6133362","2023-03-02 22:00","2023","03","02","22:00","2.4","","-0.4","","82","","0.0","","5","","8","","","","99.26","","","","","","NA"
"-82.90","42.03","HARROW CDA AUTO","6133362","2023-03-02 23:00","2023","03","02","23:00","1.4","","-0.3","","88","","0.0","","4","","9","","","","99.26","","","","","","NA"
"-82.90","42.03","HARROW CDA AUTO","6133362","2023-03-03 00:00","2023","03","03","00:00","0.7","","-1.4","","85","","0.0","","5","","9","","","","99.21","","","","","","NA"
"-82.90","42.03","HARROW CDA AUTO","6133362","2023-03-03 01:00","2023","03","03","01:00","0.2","","-1.9","","86","","0.0","","8","","7","","","","99.19","","","","","","NA"
"-82.90","42.03","HARROW CDA AUTO","6133362","2023-03-03 02:00","2023","03","03","02:00","-0.4","","-2.1","","88","","0.0","","7","","6","","","","99.14","","","","-2","","NA"
"-82.90","42.03","HARROW CDA AUTO","6133362","2023-03-03 03:00","2023","03","03","03:00","-1.1","","-2.6","","89","","0.0","","8","","3","","","","99.21","","","","-2","","NA"
"-82.90","42.03","HARROW CDA AUTO","6133362","2023-03-03 04:00","2023","03","03","04:00","-1.2","","-2.3","","92","","0.0","","5","","7","","","","99.11","","","","-4","","NA"
"-82.90","42.03","HARROW CDA AUTO","6133362","2023-03-03 05:00","2023","03","03","05:00","-1.3","","-2.3","","93","","0.0","","6","","10","","","","98.98","","","","-5","","NA"
"-82.90","42.03","HARROW CDA AUTO","6133362","2023-03-03 06:00","2023","03","03","06:00","-1.3","","-2.2","","94","","0.0","","7","","6","","","","98.91","","","","-4","","NA"
"-82.90","42.03","HARROW CDA AUTO","6133362","2023-03-03 07:00","2023","03","03","07:00","-0.6","","-1.4","","94","","0.0","","7","","6","","","","98.96","","","","-3","","NA"
"-82.90","42.03","HARROW CDA AUTO","6133362","2023-03-03 08:00","2023","03","03","08:00","-0.3","","-1.2","","94","","0.0","","6","","10","","","","98.96","","","","-4","","NA"
"-82.90","42.03","HARROW CDA AUTO","6133362","2023-03-03 09:00","2023","03","03","09:00","0.8","","-0.6","","90","","0.0","","7","","8","","","","98.79","","","","","","NA"
"-82.90","42.03","HARROW CDA AUTO","6133362","2023-03-03 10:00","2023","03","03","10:00","1.9","","-0.4","","85","","0.0","","9","","8","","","","98.73","","","","","","NA"
"-82.90","42.03","HARROW CDA AUTO","6133362","2023-03-03 11:00","2023","03","03","11:00","1.9","","-0.6","","83","","0.0","","7","","12","","","","98.63","","","","","","NA"
"-82.90","42.03","HARROW CDA AUTO","6133362","2023-03-03 12:00","2023","03","03","12:00","2.2","","-0.5","","82","","0.0","","8","","15","","","","98.44","","","","","","NA"
"-82.90","42.03","HARROW CDA AUTO","6133362","2023-03-03 13:00","2023","03","03","13:00","2.2","","-0.9","","80","","0.0","","8","","16","","","","98.15","","","","","","NA"
"-82.90","42.03","HARROW CDA AUTO","6133362","2023-03-03 14:00","2023","03","03","14:00","1.7","","-0.3","","86","","0.0","","8","","15","","","","97.85","","","","","","NA"
"-82.90","42.03","HARROW CDA AUTO","6133362","2023-03-03 15:00","2023","03","03","15:00","1.4","","0.1","","91","","1.8","","8","","19","","","","97.59","","","","","","NA"
"-82.90","42.03","HARROW CDA AUTO","6133362","2023-03-03 16:00","2023","03","03","16:00","1.1","","0.2","","94","","3.3","","7","","23","","","","97.34","","","","","","NA"
"-82.90","42.03","HARROW CDA AUTO","6133362","2023-03-03 17:00","2023","03","03","17:00","0.9","","0.1","","94","","2.4","","6","","27","","","","97.19","","","","","","NA"
"-82.90","42.03","HARROW CDA AUTO","6133362","2023-03-03 18:00","2023","03","03","18:00","0.7","","0.2","","97","","5.0","","6","","34","","","","96.71","","","","","","NA"
"-82.90","42.03","HARROW CDA AUTO","6133362","2023-03-03 19:00","2023","03","03","19:00","1.3","","0.7","","95","","4.7","","7","","32","","","","96.57","","","","","","NA"
"-82.90","42.03","HARROW CDA AUTO","6133362","2023-03-03 20:00","2023","03","03","20:00","1.6","","0.7","","94","","1.8","","6","","31","","","","96.45","","","","","","NA"
"-82.90","42.03","HARROW CDA AUTO","6133362","2023-03-03 21:00","2023","03","03","21:00","1.1","","0.3","","95","","3.7","","3","","26","","","","96.55","","","","","","NA"
"-82.90","42.03","HARROW CDA AUTO","6133362","2023-03-03 22:00","2023","03","03","22:00","0.5","","0.0","","96","","2.6","","2","","28","","","","96.58","","","","","","NA"
"-82.90","42.03","HARROW CDA AUTO","6133362","2023-03-03 23:00","2023","03","03","23:00","0.6","","-0.1","","95","","0.0","","1","","31","","","","96.64","","","","","","NA"
"-82.90","42.03","HARROW CDA AUTO","6133362","2023-03-04 00:00","2023","03","04","00:00","0.5","","-0.3","","94","","0.0","","36","","29","","","","96.80","","","","","","NA"
"-82.90","42.03","HARROW CDA AUTO","6133362","2023-03-04 01:00","2023","03","04","01:00","0.5","","-0.5","","93","","0.0","","35","","14","","","","97.10","","","","","","NA"
"-82.90","42.03","HARROW CDA AUTO","6133362","2023-03-04 02:00","2023","03","04","02:00","0.8","","-0.8","","89","","0.1","","32","","16","","","","97.41","","","","","","NA"
"-82.90","42.03","HARROW CDA AUTO","6133362","2023-03-04 03:00","2023","03","04","03:00","0.8","","-0.5","","91","","0.5","","31","","16","","","","97.62","","","","","","NA"
"-82.90","42.03","HARROW CDA AUTO","6133362","2023-03-04 04:00","2023","03","04","04:00","0.9","","-1.0","","87","","0.0","","32","","16","","","","97.90","","","","","","NA"
"-82.90","42.03","HARROW CDA AUTO","6133362","2023-03-04 05:00","2023","03","04","05:00","0.9","","-1.1","","87","","0.0","","31","","14","","","","98.17","","","","","","NA"
"-82.90","42.03","HARROW CDA AUTO","6133362","2023-03-04 06:00","2023","03","04","06:00","0.7","","-1.8","","83","","0.0","","31","","11","","","","98.40","","","","","","NA"
"-82.90","42.03","HARROW CDA AUTO","6133362","2023-03-04 07:00","2023","03","04","07:00","0.3","","-1.8","","86","","0.0","","31","","5","","","","98.51","","","","","","NA"
"-82.90","42.03","HARROW CDA AUTO","6133362","2023-03-04 08:00","2023","03","04","08:00","0.8","","-1.9","","83","","0.0","","29","","6","","","","98.66","","","","","","NA"
"-82.90","42.03","HARROW CDA AUTO","6133362","2023-03-04 09:00","2023","03","04","09:00","1.2","","-2.6","","76","","0.0","","29","","9","","","","98.80","","","","","","NA"
"-82.90","42.03","HARROW CDA AUTO","6133362","2023-03-04 10:00","2023","03","04","10:00","1.8","","-2.5","","73","","0.0","","29","","10","","","","98.93","","","","","","NA"
"-82.90","42.03","HARROW CDA AUTO","6133362","2023-03-04 11:00","2023","03","04","11:00","2.4","","-2.6","","69","","0.0","","29","","10","","","","99.00","","","","","","NA"
"-82.90","42.03","HARROW CDA AUTO","6133362","2023-03-04 12:00","2023","03","04","12:00","4.0","","-1.5","","68","","0.0","","28","","8","","","","99.07","","","","","","NA"
"-82.90","42.03","HARROW CDA AUTO","6133362","2023-03-04 13:00","2023","03","04","13:00","4.5","","-0.4","","71","","0.0","","25","","16","","","","99.13","","","","","","NA"
"-82.90","42.03","HARROW CDA AUTO","6133362","2023-03-04 14:00","2023","03","04","14:00","4.8","","-0.5","","68","","0.0","","24","","14","","","","99.09","","","","","","NA"
"-82.90","42.03","HARROW CDA AUTO","6133362","2023-03-04 15:00","2023","03","04","15:00","4.9","","-0.4","","69","","0.0","","26","","18","","","","99.10","","","","","","NA"
"-82.90","42.03","HARROW CDA AUTO","6133362","2023-03-04 16:00","2023","03","04","16:00","5.2","","0.0","","69","","0.0","","27","","16","","","","99.13","","","","","","NA"
"-82.90","42.03","HARROW CDA AUTO","6133362","2023-03-04 17:00","2023","03","04","17:00","5.7","","0.1","","67","","0.0","","27","","14","","","","99.18","","","","","","NA"
"-82.90","42.03","HARROW CDA AUTO","6133362","2023-03-04 18:00","2023","03","04","18:00","4.7","","-0.5","","69","","0.0","","28","","12","","","","99.21","","","","","","NA"
"-82.90","42.03","HARROW CDA AUTO","6133362","2023-03-04 19:00","2023","03","04","19:00","4.3","","-0.8","","69","","0.0","","26","","11","","","","99.26","","","","","","NA"
"-82.90","42.03","HARROW CDA AUTO","6133362","2023-03-04 20:00","2023","03","04","20:00","4.4","","0.1","","73","","0.0","","27","","15","","","","99.34","","","","","","NA"
"-82.90","42.03","HARROW CDA AUTO","6133362","2023-03-04 21:00","2023","03","04","21:00","4.1","","0.3","","76","","0.0","","25","","14","","","","99.36","","","","","","NA"
"-82.90","42.03","HARROW CDA AUTO","6133362","2023-03-04 22:00","2023","03","04","22:00","4.0","","0.0","","75","","0.0","","26","","9","","","","99.38","","","","","","NA"
"-82.90","42.03","HARROW CDA AUTO","6133362","2023-03-04 23:00","2023","03","04","23:00","3.5","","0.4","","80","","0.0","","24","","4","","","","99.33","","","","","","NA"
"-82.90","42.03","HARROW CDA AUTO","6133362","2023-03-05 00:00","2023","03","05","00:00","3.6","","0.7","","82","","0.0","","26","","6","","","","99.38","","","","","","NA"
"-82.90","42.03","HARROW CDA AUTO","6133362","2023-03-05 01:00","2023","03","05","01:00","4.2","","1.0","","80","","0.1","","27","","11","","","","99.39","","","","","","NA"
"-82.90","42.03","HARROW CDA AUTO","6133362","2023-03-05 02:00","2023","03","05","02:00","3.9","","1.3","","83","","0.0","","26","","11","","","","99.44","","","","","","NA"
"-82.90","42.03","HARROW CDA AUTO","6133362","2023-03-05 03:00","2023","03","05","03:00","3.8","","1.2","","84","","0.0","","26","","11","","","","99.48","","","","","","NA"
"-82.90","42.03","HARROW CDA AUTO","6133362","2023-03-05 04:00","2023","03","05","04:00","3.5","","1.0","","84","","0.0","","28","","15","","","","99.57","","","","","","NA"
"-82.90","42.03","HARROW CDA AUTO","6133362","2023-03-05 05:00","2023","03","05","05:00","2.7","","0.7","","87","","0.0","","28","","11","","","","99.68","","","","","","NA"
"-82.90","42.03","HARROW CDA AUTO","6133362","2023-03-05 06:00","2023","03","05","06:00","2.4","","0.6","","88","","0.0","","29","","13","","","","99.77","","","","","","NA"
"-82.90","42.03","HARROW CDA AUTO","6133362","2023-03-05 07:00","2023","03","05","07:00","2.5","","0.1","","84","","0.0","","29","","10","","","","99.89","","","","","","NA"
"-82.90","42.03","HARROW CDA AUTO","6133362","2023-03-05 08:00","2023","03","05","08:00","2.8","","0.4","","84","","0.0","","27","","11","","","","99.97","","","","","","NA"
"-82.90","42.03","HARROW CDA AUTO","6133362","2023-03-05 09:00","2023","03","05","09:00","4.1","","0.5","","77","","0.0","","28","","11","","","","100.03","","","","","","NA"
"-82.90","42.03","HARROW CDA AUTO","6133362","2023-03-05 10:00","2023","03","05","10:00","5.5","","1.0","","73","","0.0","","33","","7","","","","100.07","","","","","","NA"
"-82.90","42.03","HARROW CDA AUTO","6133362","2023-03-05 11:00","2023","03","05","11:00","5.7","","0.5","","69","","0.0","","31","","6","","","","100.13","","","","","","NA"
"-82.90","42.03","HARROW CDA AUTO","6133362","2023-03-05 12:00","2023","03","05","12:00","7.0","","0.7","","65","","0.0","","32","","5","","","","100.15","","","","","","NA"
"-82.90","42.03","HARROW CDA AUTO","6133362","2023-03-05 13:00","2023","03","05","13:00","8.3","","2.3","","66","","0.0","","25","","13","","","","100.18","","","","","","NA"
"-82.90","42.03","HARROW CDA AUTO","6133362","2023-03-05 14:00","2023","03","05","14:00","8.0","","0.8","","61","","0.0","","24","","12","","","","100.17","","","","","","NA"
"-82.90","42.03","HARROW CDA AUTO","6133362","2023-03-05 15:00","2023","03","05","15:00","8.1","","1.2","","62","","0.0","","22","","13","","","","100.16","","","","","","NA"
"-82.90","42.03","HARROW CDA AUTO","6133362","2023-03-05 16:00","2023","03","05","16:00","8.2","","0.8","","60","","0.0","","24","","12","","","","100.17","","","","","","NA"
"-82.90","42.03","HARROW CDA AUTO","6133362","2023-03-05 17:00","2023","03","05","17:00","8.9","","-1.1","","50","","0.0","","27","","4","","","","100.14","","","","","","NA"
"-82.90","42.03","HARROW CDA AUTO","6133362","2023-03-05 18:00","2023","03","05","18:00","5.5","","0.8","","72","","0.0","","19","","7","","","","100.15","","","","","","NA"
"-82.90","42.03","HARROW CDA AUTO","6133362","2023-03-05 19:00","2023","03","05","19:00","3.1","","0.5","","83","","0.0","","12","","5","","","","100.20","","","","","","NA"
"-82.90","42.03","HARROW CDA AUTO","6133362","2023-03-05 20:00","2023","03","05","20:00","1.9","","0.4","","90","","0.0","","13","","3","","","","100.22","","","","","","NA"
"-82.90","42.03","HARROW CDA AUTO","6133362","2023-03-05 21:00","2023","03","05","21:00","1.7","","0.4","","91","","0.0","","16","","6","","","","100.21","","","","","","NA"
"-82.90","42.03","HARROW CDA AUTO","6133362","2023-03-05 22:00","2023","03","05","22:00","0.8","","-0.1","","94","","0.0","","11","","2","","","","100.19","","","","","","NA"
"-82.90","42.03","HARROW CDA AUTO","6133362","2023-03-05 23:00","2023","03","05","23:00","0.7","","-0.2","","93","","0.0","","11","","4","","","","100.15","","","","","","NA"
"-82.90","42.03","HARROW CDA AUTO","6133362","2023-03-06 00:00","2023","03","06","00:00","1.7","","-0.1","","88","","0.0","","11","","8","","","","100.04","","","","","","NA"
"-82.90","42.03","HARROW CDA AUTO","6133362","2023-03-06 01:00","2023","03","06","01:00","2.0","","0.0","","87","","0.0","","11","","6","","","","100.03","","","","","","NA"
"-82.90","42.03","HARROW CDA AUTO","6133362","2023-03-06 02:00","2023","03","06","02:00","2.5","","0.0","","84","","0.0","","8","","10","","","","100.04","","","","","","NA"
"-82.90","42.03","HARROW CDA AUTO","6133362","2023-03-06 03:00","2023","03","06","03:00","2.1","","-0.1","","85","","0.0","","8","","5","","","","100.22","","","","","","NA"
"-82.90","42.03","HARROW CDA AUTO","6133362","2023-03-06 04:00","2023","03","06","04:00","2.4","","-0.2","","83","","0.0","","8","","7","","","","99.96","","","","","","NA"
"-82.90","42.03","HARROW CDA AUTO","6133362","2023-03-06 05:00","2023","03","06","05:00","2.7","","-0.6","","79","","0.0","","10","","11","","","","99.85","","","","","","NA"
"-82.90","42.03","HARROW CDA AUTO","6133362","2023-03-06 06:00","2023","03","06","06:00","2.2","","-0.3","","83","","0.0","","12","","11","","","","99.94","","","","","","NA"
"-82.90","42.03","HARROW CDA AUTO","6133362","2023-03-06 07:00","2023","03","06","07:00","2.1","","-0.3","","84","","0.0","","11","","7","","","","99.96","","","","","","NA"
"-82.90","42.03","HARROW CDA AUTO","6133362","2023-03-06 08:00","2023","03","06","08:00","2.2","","-0.6","","82","","0.0","","11","","11","","","","99.80","","","","","","NA"
"-82.90","42.03","HARROW CDA AUTO","6133362","2023-03-06 09:00","2023","03","06","09:00","3.1","","-0.2","","79","","0.0","","11","","14","","","","99.67","","","","","","NA"
"-82.90","42.03","HARROW CDA AUTO","6133362","2023-03-06 10:00","2023","03","06","10:00","4.3","","0.2","","75","","0.0","","11","","14","","","","99.59","","","","","","NA"
"-82.90","42.03","HARROW CDA AUTO","6133362","2023-03-06 11:00","2023","03","06","11:00","6.3","","0.1","","65","","0.0","","11","","13","","","","99.41","","","","","","NA"
"-82.90","42.03","HARROW CDA AUTO","6133362","2023-03-06 12:00","2023","03","06","12:00","7.0","","-0.2","","60","","0.0","","9","","12","","","","99.33","","","","","","NA"
"-82.90","42.03","HARROW CDA AUTO","6133362","2023-03-06 13:00","2023","03","06","13:00","5.6","","-0.4","","65","","0.0","","8","","15","","","","99.27","","","","","","NA"
"-82.90","42.03","HARROW CDA AUTO","6133362","2023-03-06 14:00","2023","03","06","14:00","3.9","","-1.1","","70","","0.0","","8","","13","","","","99.12","","","","","","NA"
"-82.90","42.03","HARROW CDA AUTO","6133362","2023-03-06 15:00","2023","03","06","15:00","2.2","","0.0","","85","","2.4","","8","","9","","","","99.16","","","","","","NA"
"-82.90","42.03","HARROW CDA AUTO","6133362","2023-03-06 16:00","2023","03","06","16:00","1.3","","0.3","","93","","2.9","","6","","13","","","","99.13","","","","","","NA"
"-82.90","42.03","HARROW CDA AUTO","6133362","2023-03-06 17:00","2023","03","06","17:00","1.4","","0.7","","95","","3.0","","8","","13","","","","99.10","","","","","","NA"
"-82.90","42.03","HARROW CDA AUTO","6133362","2023-03-06 18:00","2023","03","06","18:00","1.7","","1.1","","95","","3.3","","8","","10","","","","99.09","","","","","","NA"
"-82.90","42.03","HARROW CDA AUTO","6133362","2023-03-06 19:00","2023","03","06","19:00","1.7","","1.0","","96","","1.1","","10","","11","","","","98.97","","","","","","NA"
"-82.90","42.03","HARROW CDA AUTO","6133362","2023-03-06 20:00","2023","03","06","20:00","1.5","","0.7","","95","","0.1","","5","","20","","","","99.17","","","","","","NA"
"-82.90","42.03","HARROW CDA AUTO","6133362","2023-03-06 21:00","2023","03","06","21:00","1.5","","0.5","","94","","0.0","","6","","20","","","","99.21","","","","","","NA"
"-82.90","42.03","HARROW CDA AUTO","6133362","2023-03-06 22:00","2023","03","06","22:00","1.2","","0.3","","93","","0.0","","6","","13","","","","99.22","","","","","","NA"
"-82.90","42.03","HARROW CDA AUTO","6133362","2023-03-06 23:00","2023","03","06","23:00","1.3","","0.0","","91","","0.0","","7","","13","","","","99.20","","","","","","NA"
"-82.90","42.03","HARROW CDA AUTO","6133362","2023-03-07 00:00","2023","03","07","00:00","1.2","","-0.4","","89","","0.0","","7","","14","","","","99.21","","","","","","NA"
"-82.90","42.03","HARROW CDA AUTO","6133362","2023-03-07 01:00","2023","03","07","01:00","0.4","","-0.5","","94","","1.4","","2","","15","","","","99.30","","","","","","NA"
"-82.90","42.03","HARROW CDA AUTO","6133362","2023-03-07 02:00","2023","03","07","02:00","-0.2","","-0.8","","96","","0.4","","2","","19","","","","99.48","","","","-5","","NA"
"-82.90","42.03","HARROW CDA AUTO","6133362","2023-03-07 03:00","2023","03","07","03:00","-0.1","","-0.8","","95","","0.6","","2","","17","","","","99.52","","","","-5","","NA"
"-82.90","42.03","HARROW CDA AUTO","6133362","2023-03-07 04:00","2023","03","07","04:00","0.1","","-1.9","","86","","0.0","","2","","17","","","","99.60","","","","","","NA"
"-82.90","42.03","HARROW CDA AUTO","6133362","2023-03-07 05:00","2023","03","07","05:00","0.4","","-2.3","","82","","0.0","","1","","16","","","","99.71","","","","","","NA"
"-82.90","42.03","HARROW CDA AUTO","6133362","2023-03-07 06:00","2023","03","07","06:00","0.1","","-2.4","","83","","0.0","","36","","13","","","","99.83","","","","","","NA"
"-82.90","42.03","HARROW CDA AUTO","6133362","2023-03-07 07:00","2023","03","07","07:00","-0.3","","-3.4","","80","","0.0","","1","","15","","","","99.96","","","","-5","","NA"
"-82.90","42.03","HARROW CDA AUTO","6133362","2023-03-07 08:00","2023","03","07","08:00","-0.4","","-4.4","","74","","0.0","","36","","14","","","","100.11","","","","-5","","NA"
"-82.90","42.03","HARROW CDA AUTO","6133362","2023-03-07 09:00","2023","03","07","09:00","0.2","","-4.8","","69","","0.0","","1","","22","","","","100.21","","","","","","NA"
"-82.90","42.03","HARROW CDA AUTO","6133362","2023-03-07 10:00","2023","03","07","10:00","0.7","","-4.6","","68","","0.0","","2","","24","","","","100.32","","","","","","NA"
"-82.90","42.03","HARROW CDA AUTO","6133362","2023-03-07 11:00","2023","03","07","11:00","1.7","","-3.4","","69","","0.0","","1","","25","","","","100.42","","","","","","NA"
"-82.90","42.03","HARROW CDA AUTO","6133362","2023-03-07 12:00","2023","03","07","12:00","3.0","","-1.7","","71","","0.0","","3","","26","","","","100.50","","","","","","NA"
"-82.90","42.03","HARROW CDA AUTO","6133362","2023-03-07 13:00","2023","03","07","13:00","3.4","","-3.0","","63","","0.0","","2","","25","","","","100.54","","","","","","NA"
"-82.90","42.03","HARROW CDA AUTO","6133362","2023-03-07 14:00","2023","03","07","14:00","4.3","","-3.1","","59","","0.0","","2","","21","","","","100.58","","","","","","NA"
"-82.90","42.03","HARROW CDA AUTO","6133362","2023-03-07 15:00","2023","03","07","15:00","4.5","","-5.2","","49","","0.0","","2","","21","","","","100.64","","","","","","NA"
"-82.90","42.03","HARROW CDA AUTO","6133362","2023-03-07 16:00","2023","03","07","16:00","4.4","","-7.0","","43","","0.0","","1","","19","","","","100.71","","","","","","NA"
"-82.90","42.03","HARROW CDA AUTO","6133362","2023-03-07 17:00","2023","03","07","17:00","4.3","","-8.6","","39","","0.0","","2","","16","","","","100.74","","","","","","NA"
"-82.90","42.03","HARROW CDA AUTO","6133362","2023-03-07 18:00","2023","03","07","18:00","3.2","","-9.6","","39","","0.0","","2","","15","","","","100.80","","","","","","NA"
"-82.90","42.03","HARROW CDA AUTO","6133362","2023-03-07 19:00","2023","03","07","19:00","1.2","","-6.2","","58","","0.0","","2","","9","","","","100.84","","","","","","NA"
"-82.90","42.03","HARROW CDA AUTO","6133362","2023-03-07 20:00","2023","03","07","20:00","0.9","","-7.8","","52","","0.0","","1","","9","","","","100.91","","","","","","NA"
"-82.90","42.03","HARROW CDA AUTO","6133362","2023-03-07 21:00","2023","03","07","21:00","0.2","","-6.8","","59","","0.0","","2","","15","","","","100.93","","","","","","NA"
"-82.90","42.03","HARROW CDA AUTO","6133362","2023-03-07 22:00","2023","03","07","22:00","-0.7","","-7.9","","58","","0.0","","36","","8","","","","100.98","","","","-4","","NA"
"-82.90","42.03","HARROW CDA AUTO","6133362","2023-03-07 23:00","2023","03","07","23:00","-1.3","","-8.3","","59","","0.0","","32","","3","","","","101.01","","","","-2","","NA"
"-82.90","42.03","HARROW CDA AUTO","6133362","2023-03-08 00:00","2023","03","08","00:00","-1.7","","-7.9","","63","","0.0","","34","","4","","","","101.00","","","","-3","","NA"
"-82.90","42.03","HARROW CDA AUTO","6133362","2023-03-08 01:00","2023","03","08","01:00","-1.7","","-8.3","","61","","0.0","","35","","5","","","","100.97","","","","-4","","NA"
"-82.90","42.03","HARROW CDA AUTO","6133362","2023-03-08 02:00","2023","03","08","02:00","-0.5","","-8.7","","54","","0.0","","2","","12","","","","100.90","","","","-4","","NA"
"-82.90","42.03","HARROW CDA AUTO","6133362","2023-03-08 03:00","2023","03","08","03:00","-0.7","","-8.4","","56","","0.0","","36","","9","","","","100.89","","","","-4","","NA"
"-82.90","42.03","HARROW CDA AUTO","6133362","2023-03-08 04:00","2023","03","08","04:00","-1.9","","-6.9","","68","","0.0","","34","","4","","","","100.91","","","","-3","","NA"
"-82.90","42.03","HARROW CDA AUTO","6133362","2023-03-08 05:00","2023","03","08","05:00","-1.4","","-6.7","","67","","0.0","","36","","10","","","","100.95","","","","-5","","NA"
"-82.90","42.03","HARROW CDA AUTO","6133362","2023-03-08 06:00","2023","03","08","06:00","-1.2","","-6.4","","68","","0.0","","1","","13","","","","100.97","","","","-5","","NA"
"-82.90","42.03","HARROW CDA AUTO","6133362","2023-03-08 07:00","2023","03","08","07:00","-1.0","","-5.4","","72","","0.0","","1","","11","","","","101.01","","","","-5","","NA"
"-82.90","42.03","HARROW CDA AUTO","6133362","2023-03-08 08:00","2023","03","08","08:00","-0.2","","-5.1","","69","","0.0","","1","","13","","","","101.02","","","","-4","","NA"
"-82.90","42.03","HARROW CDA AUTO","6133362","2023-03-08 09:00","2023","03","08","09:00","0.9","","-4.7","","66","","0.0","","2","","18","","","","101.03","","","","","","NA"
"-82.90","42.03","HARROW CDA AUTO","6133362","2023-03-08 10:00","2023","03","08","10:00","1.8","","-4.0","","65","","0.0","","3","","18","","","","101.01","","","","","","NA"
"-82.90","42.03","HARROW CDA AUTO","6133362","2023-03-08 11:00","2023","03","08","11:00","2.8","","-3.4","","64","","0.0","","2","","19","","","","101.05","","","","","","NA"
"-82.90","42.03","HARROW CDA AUTO","6133362","2023-03-08 12:00","2023","03","08","12:00","3.3","","-3.5","","61","","0.0","","2","","22","","","","101.00","","","","","","NA"
"-82.90","42.03","HARROW CDA AUTO","6133362","2023-03-08 13:00","2023","03","08","13:00","4.4","","-3.4","","57","","0.0","","2","","21","","","","101.00","","","","","","NA"
"-82.90","42.03","HARROW CDA AUTO","6133362","2023-03-08 14:00","2023","03","08","14:00","4.8","","-4.3","","52","","0.0","","1","","21","","","","100.93","","","","","","NA"
"-82.90","42.03","HARROW CDA AUTO","6133362","2023-03-08 15:00","2023","03","08","15:00","5.5","","-4.1","","50","","0.0","","2","","21","","","","100.90","","","","","","NA"
"-82.90","42.03","HARROW CDA AUTO","6133362","2023-03-08 16:00","2023","03","08","16:00","4.7","","-4.5","","51","","0.0","","2","","22","","","","100.88","","","","","","NA"
"-82.90","42.03","HARROW CDA AUTO","6133362","2023-03-08 17:00","2023","03","08","17:00","4.3","","-4.4","","53","","0.0","","2","","19","","","","100.86","","","","","","NA"
"-82.90","42.03","HARROW CDA AUTO","6133362","2023-03-08 18:00","2023","03","08","18:00","3.0","","-4.8","","56","","0.0","","2","","14","","","","100.85","","","","","","NA"
"-82.90","42.03","HARROW CDA AUTO","6133362","2023-03-08 19:00","2023","03","08","19:00","1.2","","-4.7","","65","","0.0","","2","","15","","","","100.88","","","","","","NA"
"-82.90","42.03","HARROW CDA AUTO","6133362","2023-03-08 20:00","2023","03","08","20:00","0.4","","-4.5","","70","","0.0","","2","","13","","","","100.88","","","","","","NA"
"-82.90","42.03","HARROW CDA AUTO","6133362","2023-03-08 21:00","2023","03","08","21:00","-0.3","","-4.5","","73","","0.0","","3","","14","","","","100.84","","","","-5","","NA"
"-82.90","42.03","HARROW CDA AUTO","6133362","2023-03-08 22:00","2023","03","08","22:00","-1.0","","-4.9","","75","","0.0","","3","","11","","","","100.84","","","","-5","","NA"
"-82.90","42.03","HARROW CDA AUTO","6133362","2023-03-08 23:00","2023","03","08","23:00","-1.4","","-4.9","","77","","0.0","","3","","10","","","","100.82","","","","-5","","NA"
"-82.90","42.03","HARROW CDA AUTO","6133362","2023-03-09 00:00","2023","03","09","00:00","-2.2","","-4.6","","84","","0.0","","3","","7","","","","100.81","","","","-5","","NA"
"-82.90","42.03","HARROW CDA AUTO","6133362","2023-03-09 01:00","2023","03","09","01:00","-2.2","","-4.2","","86","","0.0","","36","","5","","","","100.80","","","","-4","","NA"
"-82.90","42.03","HARROW CDA AUTO","6133362","2023-03-09 02:00","2023","03","09","02:00","-2.4","","-4.1","","88","","0.0","","1","","7","","","","100.74","","","","-5","","NA"
"-82.90","42.03","HARROW CDA AUTO","6133362","2023-03-09 03:00","2023","03","09","03:00","-2.5","","-4.2","","88","","0.0","","2","","6","","","","100.68","","","","-5","","NA"
"-82.90","42.03","HARROW CDA AUTO","6133362","2023-03-09 04:00","2023","03","09","04:00","-2.3","","-3.8","","90","","0.0","","35","","4","","","","100.68","","","","-4","","NA"
"-82.90","42.03","HARROW CDA AUTO","6133362","2023-03-09 05:00","2023","03","09","05:00","-2.4","","-3.6","","91","","0.0","","2","","4","","","","100.65","","","","-4","","NA"
"-82.90","42.03","HARROW CDA AUTO","6133362","2023-03-09 06:00","2023","03","09","06:00","-2.8","","-3.9","","92","","0.0","","2","","3","","","","100.64","","","","-4","","NA"
"-82.90","42.03","HARROW CDA AUTO","6133362","2023-03-09 07:00","2023","03","09","07:00","-3.4","","-4.0","","95","","0.0","","26","","3","","","","100.68","","","","-5","","NA"
"-82.90","42.03","HARROW CDA AUTO","6133362","2023-03-09 08:00","2023","03","09","08:00","-0.9","","-2.0","","92","","0.0","","2","","7","","","","100.66","","","","-3","","NA"
"-82.90","42.03","HARROW CDA AUTO","6133362","2023-03-09 09:00","2023","03","09","09:00","0.6","","-2.5","","80","","0.0","","4","","13","","","","100.67","","","","","","NA"
"-82.90","42.03","HARROW CDA AUTO","6133362","2023-03-09 10:00","2023","03","09","10:00","1.5","","-6.1","","57","","0.0","","5","","14","","","","100.68","","","","","","NA"
"-82.90","42.03","HARROW CDA AUTO","6133362","2023-03-09 11:00","2023","03","09","11:00","2.4","","-4.7","","59","","0.0","","4","","12","","","","100.63","","","","","","NA"
"-82.90","42.03","HARROW CDA AUTO","6133362","2023-03-09 12:00","2023","03","09","12:00","3.3","","-4.5","","57","","0.0","","4","","16","","","","100.56","","","","","","NA"
"-82.90","42.03","HARROW CDA AUTO","6133362","2023-03-09 13:00","2023","03","09","13:00","3.6","","-4.0","","57","","0.0","","6","","16","","","","100.51","","","","","","NA"
"-82.90","42.03","HARROW CDA AUTO","6133362","2023-03-09 14:00","2023","03","09","14:00","4.3","","-3.0","","59","","0.0","","5","","15","","","","100.42","","","","","","NA"
"-82.90","42.03","HARROW CDA AUTO","6133362","2023-03-09 15:00","2023","03","09","15:00","5.0","","-1.8","","61","","0.0","","6","","18","","","","100.33","","","","","","NA"
"-82.90","42.03","HARROW CDA AUTO","6133362","2023-03-09 16:00","2023","03","09","16:00","5.0","","-1.5","","63","","0.0","","5","","16","","","","100.26","","","","","","NA"
"-82.90","42.03","HARROW CDA AUTO","6133362","2023-03-09 17:00","2023","03","09","17:00","4.4","","-1.4","","66","","0.0","","4","","17","","","","100.19","","","","","","NA"
"-82.90","42.03","HARROW CDA AUTO","6133362","2023-03-09 18:00","2023","03","09","18:00","2.9","","-1.3","","74","","0.0","","5","","16","","","","100.16","","","","","","NA"
"-82.90","42.03","HARROW CDA AUTO","6133362","2023-03-09 19:00","2023","03","09","19:00","1.7","","-1.5","","79","","0.0","","5","","15","","","","100.08","","","","","","NA"
"-82.90","42.03","HARROW CDA AUTO","6133362","2023-03-09 20:00","2023","03","09","20:00","0.6","","-1.7","","84","","0.0","","5","","15","","","","99.98","","","","","","NA"
"-82.90","42.03","HARROW CDA AUTO","6133362","2023-03-09 21:00","2023","03","09","21:00","0.1","","-2.0","","86","","0.0","","6","","12","","","","99.91","","","","","","NA"
"-82.90","42.03","HARROW CDA AUTO","6133362","2023-03-09 22:00","2023","03","09","22:00","-0.1","","-2.2","","86","","0.0","","5","","11","","","","99.83","","","","-4","","NA"
"-82.90","42.03","HARROW CDA AUTO","6133362","2023-03-09 23:00","2023","03","09","23:00","-0.1","","-2.2","","86","","0.0","","3","","9","","","","99.86","","","","-3","","NA"
"-82.90","42.03","HARROW CDA AUTO","6133362","2023-03-10 00:00","2023","03","10","00:00","-0.1","","-2.1","","86","","0.0","","4","","10","","","","99.76","","","","-3","","NA"
"-82.90","42.03","HARROW CDA AUTO","6133362","2023-03-10 01:00","2023","03","10","01:00","0.0","","-2.0","","86","","0.0","","4","","12","","","","99.66","","","","-4","","NA"
"-82.90","42.03","HARROW CDA AUTO","6133362","2023-03-10 02:00","2023","03","10","02:00","-0.1","","-2.1","","86","","0.0","","5","","12","","","","99.54","","","","-4","","NA"
"-82.90","42.03","HARROW CDA AUTO","6133362","2023-03-10 03:00","2023","03","10","03:00","-0.8","","-1.4","","96","","0.5","","5","","16","","","","99.32","","","","-6","","NA"
"-82.90","42.03","HARROW CDA AUTO","6133362","2023-03-10 04:00","2023","03","10","04:00","-0.9","","-1.4","","96","","0.6","","6","","16","","","","99.17","","","","-6","","NA"
"-82.90","42.03","HARROW CDA AUTO","6133362","2023-03-10 05:00","2023","03","10","05:00","-0.8","","-1.3","","96","","0.8","","6","","17","","","","99.10","","","","-6","","NA"
"-82.90","42.03","HARROW CDA AUTO","6133362","2023-03-10 06:00","2023","03","10","06:00","-0.8","","-1.2","","97","","1.4","","5","","13","","","","99.01","","","","-5","","NA"
"-82.90","42.03","HARROW CDA AUTO","6133362","2023-03-10 07:00","2023","03","10","07:00","-1.2","","-1.5","","97","","1.6","","4","","14","","","","98.90","","","","-6","","NA"
"-82.90","42.03","HARROW CDA AUTO","6133362","2023-03-10 08:00","2023","03","10","08:00","-1.0","","-1.3","","97","","1.1","","4","","17","","","","98.81","","","","-6","","NA"
"-82.90","42.03","HARROW CDA AUTO","6133362","2023-03-10 09:00","2023","03","10","09:00","-0.5","","-0.9","","97","","0.5","","5","","15","","","","98.74","","","","-5","","NA"
"-82.90","42.03","HARROW CDA AUTO","6133362","2023-03-10 10:00","2023","03","10","10:00","-0.4","","-0.9","","96","","0.9","","4","","16","","","","98.67","","","","-5","","NA"
"-82.90","42.03","HARROW CDA AUTO","6133362","2023-03-10 11:00","2023","03","10","11:00","-0.2","","-0.9","","95","","0.3","","3","","15","","","","98.67","","","","-5","","NA"
"-82.90","42.03","HARROW CDA AUTO","6133362","2023-03-10 12:00","2023","03","10","12:00","-0.1","","-0.9","","95","","0.4","","1","","18","","","","98.65","","","","-5","","NA"
"-82.90","42.03","HARROW CDA AUTO","6133362","2023-03-10 13:00","2023","03","10","13:00","0.3","","-0.6","","94","","0.5","","1","","17","","","","98.67","","","","","","NA"
"-82.90","42.03","HARROW CDA AUTO","6133362","2023-03-10 14:00","2023","03","10","14:00","0.6","","-0.4","","93","","0.5","","36","","15","","","","98.70","","","","","","NA"
"-82.90","42.03","HARROW CDA AUTO","6133362","2023-03-10 15:00","2023","03","10","15:00","0.8","","-0.8","","89","","0.0","","1","","20","","","","98.76","","","","","","NA"
"-82.90","42.03","HARROW CDA AUTO","6133362","2023-03-10 16:00","2023","03","10","16:00","0.7","","-1.2","","87","","0.0","","1","","19","","","","98.86","","","","","","NA"
"-82.90","42.03","HARROW CDA AUTO","6133362","2023-03-10 17:00","2023","03","10","17:00","0.6","","-1.5","","86","","0.0","","1","","15","","","","98.93","","","","","","NA"
"-82.90","42.03","HARROW CDA AUTO","6133362","2023-03-10 18:00","2023","03","10","18:00","0.5","","-1.7","","85","","0.0","","36","","12","","","","99.04","","","","","","NA"
"-82.90","42.03","HARROW CDA AUTO","6133362","2023-03-10 19:00","2023","03","10","19:00","0.6","","-1.9","","84","","0.0","","36","","14","","","","99.12","","","","","","NA"
"-82.90","42.03","HARROW CDA AUTO","6133362","2023-03-10 20:00","2023","03","10","20:00","0.2","","-2.5","","82","","0.0","","36","","15","","","","99.18","","","","","","NA"
"-82.90","42.03","HARROW CDA AUTO","6133362","2023-03-10 21:00","2023","03","10","21:00","-0.3","","-3.4","","80","","0.0","","36","","20","","","","99.27","","","","-6","","NA"
"-82.90","42.03","HARROW CDA AUTO","6133362","2023-03-10 22:00","2023","03","10","22:00","-0.6","","-4.0","","78","","0.0","","35","","10","","","","99.31","","","","-4","","NA"
"-82.90","42.03","HARROW CDA AUTO","6133362","2023-03-10 23:00","2023","03","10","23:00","-0.6","","-4.2","","77","","0.0","","36","","14","","","","99.31","","","","-5","","NA"
"-82.90","42.03","HARROW CDA AUTO","6133362","2023-03-11 00:00","2023","03","11","00:00","-0.8","","-4.2","","78","","0.0","","36","","13","","","","99.32","","","","-5","","NA"
"-82.90","42.03","HARROW CDA AUTO","6133362","2023-03-11 01:00","2023","03","11","01:00","-0.6","","-3.7","","80","","0.0","","34","","6","","","","99.32","","","","-3","","NA"
"-82.90","42.03","HARROW CDA AUTO","6133362","2023-03-11 02:00","2023","03","11","02:00","-0.7","","-3.6","","80","","0.0","","35","","8","","","","99.32","","","","-4","","NA"
"-82.90","42.03","HARROW CDA AUTO","6133362","2023-03-11 03:00","2023","03","11","03:00","-0.7","","-3.6","","80","","0.0","","34","","5","","","","99.37","","","","-2","","NA"
"-82.90","42.03","HARROW CDA AUTO","6133362","2023-03-11 04:00","2023","03","11","04:00","-0.6","","-3.9","","78","","0.0","","32","","8","","","","99.43","","","","-3","","NA"
"-82.90","42.03","HARROW CDA AUTO","6133362","2023-03-11 05:00","2023","03","11","05:00","-0.7","","-4.3","","76","","0.0","","36","","12","","","","99.42","","","","-5","","NA"
"-82.90","42.03","HARROW CDA AUTO","6133362","2023-03-11 06:00","2023","03","11","06:00","-0.9","","-4.8","","75","","0.0","","36","","11","","","","99.43","","","","-5","","NA"
"-82.90","42.03","HARROW CDA AUTO","6133362","2023-03-11 07:00","2023","03","11","07:00","-1.4","","-5.5","","74","","0.0","","35","","6","","","","99.51","","","","-4","","NA"
"-82.90","42.03","HARROW CDA AUTO","6133362","2023-03-11 08:00","2023","03","11","08:00","-1.0","","-5.6","","71","","0.0","","36","","11","","","","99.58","","","","-5","","NA"
"-82.90","42.03","HARROW CDA AUTO","6133362","2023-03-11 09:00","2023","03","11","09:00","-0.9","","-6.1","","68","","0.0","","36","","10","","","","99.64","","","","-4","","NA"
"-82.90","42.03","HARROW CDA AUTO","6133362","2023-03-11 10:00","2023","03","11","10:00","-0.6","","-6.3","","65","","0.0","","3","","13","","","","99.65","","","","-5","","NA"
"-82.90","42.03","HARROW CDA AUTO","6133362","2023-03-11 11:00","2023","03","11","11:00","-0.3","","-5.8","","66","","0.0","","4","","15","","","","99.65","","","","-5","","NA"
"-82.90","42.03","HARROW CDA AUTO","6133362","2023-03-11 12:00","2023","03","11","12:00","0.1","","-6.2","","63","","0.0","","4","","12","","","","99.62","","","","","","NA"
"-82.90","42.03","HARROW CDA AUTO","6133362","2023-03-11 13:00","2023","03","11","13:00","0.9","","-5.7","","61","","0.0","","5","","7","","","","99.56","","","","","","NA"
"-82.90","42.03","HARROW CDA AUTO","6133362","2023-03-11 14:00","2023","03","11","14:00","1.3","","-5.1","","62","","0.0","","3","","10","","","","99.49","","","","","","NA"
"-82.90","42.03","HARROW CDA AUTO","6133362","2023-03-11 15:00","2023","03","11","15:00","2.1","","-3.9","","65","","0.0","","1","","11","","","","99.48","","","","","","NA"
"-82.90","42.03","HARROW CDA AUTO","6133362","2023-03-11 16:00","2023","03","11","16:00","1.9","","-4.8","","61","","0.0","","4","","6","","","","99.50","","","","","","NA"
"-82.90","42.03","HARROW CDA AUTO","6133362","2023-03-11 17:00","2023","03","11","17:00","1.6","","-5.0","","62","","0.0","","6","","3","","","","99.48","","","","","","NA"
"-82.90","42.03","HARROW CDA AUTO","6133362","2023-03-11 18:00","2023","03","11","18:00","0.8","","-3.4","","74","","0.0","","16","","9","","","","99.50","","","","","","NA"
"-82.90","42.03","HARROW CDA AUTO","6133362","2023-03-11 19:00","2023","03","11","19:00","0.3","","-3.8","","74","","0.0","","14","","6","","","","99.50","","","","","","NA"
"-82.90","42.03","HARROW CDA AUTO","6133362","2023-03-11 20:00","2023","03","11","20:00","-0.7","","-3.8","","80","","0.0","","8","","9","","","","99.56","","","","-4","","NA"
"-82.90","42.03","HARROW CDA AUTO","6133362","2023-03-11 21:00","2023","03","11","21:00","-1.6","","-4.3","","82","","0.0","","7","","11","","","","99.54","","","","-5","","NA"
"-82.90","42.03","HARROW CDA AUTO","6133362","2023-03-11 22:00","2023","03","11","22:00","-2.2","","-4.7","","83","","0.0","","7","","12","","","","99.50","","","","-6","","NA"
"-82.90","42.03","HARROW CDA AUTO","6133362","2023-03-11 23:00","2023","03","11","23:00","-2.2","","-4.8","","82","","0.0","","7","","9","","","","99.52","","","","-6","","NA"
"-82.90","42.03","HARROW CDA AUTO","6133362","2023-03-12 00:00","2023","03","12","00:00","-2.4","","-5.0","","83","","0.0","","6","","11","","","","99.50","","","","-6","","NA"
"-82.90","42.03","HARROW CDA AUTO","6133362","2023-03-12 01:00","2023","03","12","01:00","-2.6","","-5.1","","83","","0.0","","7","","9","","","","99.45","","","","-6","","NA"
"-82.90","42.03","HARROW CDA AUTO","6133362","2023-03-12 02:00","2023","03","12","02:00","-2.7","","-5.2","","83","","0.0","","6","","11","","","","99.42","","","","-7","","NA"
"-82.90","42.03","HARROW CDA AUTO","6133362","2023-03-12 03:00","2023","03","12","03:00","-2.9","","-5.2","","84","","0.0","","6","","9","","","","99.39","","","","-6","","NA"
"-82.90","42.03","HARROW CDA AUTO","6133362","2023-03-12 04:00","2023","03","12","04:00","-2.9","","-5.1","","85","","0.0","","4","","11","","","","99.33","","","","-7","","NA"
"-82.90","42.03","HARROW CDA AUTO","6133362","2023-03-12 05:00","2023","03","12","05:00","-3.1","","-5.1","","86","","0.0","","4","","10","","","","99.34","","","","-7","","NA"
"-82.90","42.03","HARROW CDA AUTO","6133362","2023-03-12 06:00","2023","03","12","06:00","-3.1","","-5.2","","86","","0.0","","5","","14","","","","99.25","","","","-8","","NA"
"-82.90","42.03","HARROW CDA AUTO","6133362","2023-03-12 07:00","2023","03","12","07:00","-3.2","","-5.0","","88","","0.0","","6","","15","","","","99.21","","","","-8","","NA"
"-82.90","42.03","HARROW CDA AUTO","6133362","2023-03-12 08:00","2023","03","12","08:00","-3.2","","-4.8","","89","","0.1","","7","","13","","","","99.18","","","","-8","","NA"
"-82.90","42.03","HARROW CDA AUTO","6133362","2023-03-12 09:00","2023","03","12","09:00","-3.3","","-5.1","","88","","0.0","","5","","14","","","","99.13","","","","-8","","NA"
"-82.90","42.03","HARROW CDA AUTO","6133362","2023-03-12 10:00","2023","03","12","10:00","-3.2","","-5.3","","85","","0.1","","6","","13","","","","99.09","","","","-8","","NA"
"-82.90","42.03","HARROW CDA AUTO","6133362","2023-03-12 11:00","2023","03","12","11:00","-2.7","","-5.4","","82","","0.0","","6","","7","","","","99.10","","","","-6","","NA"
"-82.90","42.03","HARROW CDA AUTO","6133362","2023-03-12 12:00","2023","03","12","12:00","-1.8","","-5.4","","76","","0.0","","4","","5","","","","99.04","","","","-4","","NA"
"-82.90","42.03","HARROW CDA AUTO","6133362","2023-03-12 13:00","2023","03","12","13:00","-1.3","","-4.2","","81","","0.0","","2","","6","","","","99.02","","","","-4","","NA"
"-82.90","42.03","HARROW CDA AUTO","6133362","2023-03-12 14:00","2023","03","12","14:00","-0.8","","-3.4","","83","","0.0","","1","","8","","","","98.96","","","","-4","","NA"
"-82.90","42.03","HARROW CDA AUTO","6133362","2023-03-12 15:00","2023","03","12","15:00","-0.3","","-2.8","","84","","0.0","","2","","8","","","","98.92","","","","-3","","NA"
"-82.90","42.03","HARROW CDA AUTO","6133362","2023-03-12 16:00","2023","03","12","16:00","-0.2","","-2.7","","83","","0.0","","2","","9","","","","98.91","","","","-3","","NA"
"-82.90","42.03","HARROW CDA AUTO","6133362","2023-03-12 17:00","2023","03","12","17:00","-0.5","","-2.7","","85","","0.0","","2","","12","","","","98.92","","","","-4","","NA"
"-82.90","42.03","HARROW CDA AUTO","6133362","2023-03-12 18:00","2023","03","12","18:00","-0.5","","-2.8","","84","","0.0","","4","","10","","","","98.96","","","","-4","","NA"
"-82.90","42.03","HARROW CDA AUTO","6133362","2023-03-12 19:00","2023","03","12","19:00","-0.5","","-2.9","","84","","0.0","","4","","9","","","","98.96","","","","-4","","NA"
"-82.90","42.03","HARROW CDA AUTO","6133362","2023-03-12 20:00","2023","03","12","20:00","-0.6","","-3.2","","83","","0.0","","4","","6","","","","98.99","","","","-3","","NA"
"-82.90","42.03","HARROW CDA AUTO","6133362","2023-03-12 21:00","2023","03","12","21:00","-0.7","","-3.4","","82","","0.0","","1","","2","","","","99.04","","","","-1","","NA"
"-82.90","42.03","HARROW CDA AUTO","6133362","2023-03-12 22:00","2023","03","12","22:00","-1.0","","-3.4","","83","","0.0","","1","","3","","","","99.02","","","","-2","","NA"
"-82.90","42.03","HARROW CDA AUTO","6133362","2023-03-12 23:00","2023","03","12","23:00","-1.1","","-2.7","","89","","0.0","","36","","3","","","","99.00","","","","-2","","NA"
"-82.90","42.03","HARROW CDA AUTO","6133362","2023-03-13 00:00","2023","03","13","00:00","-1.2","","-2.3","","92","","0.0","","33","","2","","","","98.99","","","","-2","","NA"
"-82.90","42.03","HARROW CDA AUTO","6133362","2023-03-13 01:00","2023","03","13","01:00","-1.3","","-2.3","","93","","0.0","","1","","1","","","","98.97","","","","-2","","NA"
"-82.90","42.03","HARROW CDA AUTO","6133362","2023-03-13 02:00","2023","03","13","02:00","-1.4","","-2.3","","93","","0.0","","","","0","","","","98.96","","","","","","NA"
"-82.90","42.03","HARROW CDA AUTO","6133362","2023-03-13 03:00","2023","03","13","03:00","-1.2","","-2.3","","93","","0.0","","1","","1","","","","98.95","","","","-2","","NA"
"-82.90","42.03","HARROW CDA AUTO","6133362","2023-03-13 04:00","2023","03","13","04:00","-1.2","","-2.4","","92","","0.0","","36","","1","","","","98.92","","","","-2","","NA"
"-82.90","42.03","HARROW CDA AUTO","6133362","2023-03-13 05:00","2023","03","13","05:00","-1.4","","-2.5","","92","","0.0","","0","","1","","","","98.93","","","","-2","","NA"
"-82.90","42.03","HARROW CDA AUTO","6133362","2023-03-13 06:00","2023","03","13","06:00","-1.4","","-2.4","","93","","0.1","","","","0","","","","98.94","","","","","","NA"
"-82.90","42.03","HARROW CDA AUTO","6133362","2023-03-13 07:00","2023","03","13","07:00","-1.4","","-2.3","","94","","0.0","","","","0","","","","98.97","","","","","","NA"
"-82.90","42.03","HARROW CDA AUTO","6133362","2023-03-13 08:00","2023","03","13","08:00","-1.1","","-2.1","","93","","0.0","","12","","2","","","","98.99","","","","-2","","NA"
"-82.90","42.03","HARROW CDA AUTO","6133362","2023-03-13 09:00","2023","03","13","09:00","-0.7","","-2.0","","91","","0.0","","11","","2","","","","98.99","","","","-1","","NA"
"-82.90","42.03","HARROW CDA AUTO","6133362","2023-03-13 10:00","2023","03","13","10:00","-0.1","","-1.5","","90","","0.2","","9","","2","","","","98.98","","","","-1","","NA"
"-82.90","42.03","HARROW CDA AUTO","6133362","2023-03-13 11:00","2023","03","13","11:00","-0.7","","-1.8","","92","","0.4","","4","","4","","","","98.99","","","","-2","","NA"
"-82.90","42.03","HARROW CDA AUTO","6133362","2023-03-13 12:00","2023","03","13","12:00","-0.4","","-1.7","","91","","0.5","","19","","3","","","","98.98","","","","-1","","NA"
"-82.90","42.03","HARROW CDA AUTO","6133362","2023-03-13 13:00","2023","03","13","13:00","0.3","","-1.1","","90","","0.3","","28","","15","","","","98.96","","","","","","NA"
"-82.90","42.03","HARROW CDA AUTO","6133362","2023-03-13 14:00","2023","03","13","14:00","-0.8","","-1.8","","93","","0.0","","36","","11","","","","98.97","","","","-5","","NA"
"-82.90","42.03","HARROW CDA AUTO","6133362","2023-03-13 15:00","2023","03","13","15:00","-0.6","","-2.1","","90","","0.4","","1","","10","","","","98.98","","","","-4","","NA"
"-82.90","42.03","HARROW CDA AUTO","6133362","2023-03-13 16:00","2023","03","13","16:00","-0.5","","-1.6","","92","","0.2","","36","","10","","","","99.02","","","","-4","","NA"
"-82.90","42.03","HARROW CDA AUTO","6133362","2023-03-13 17:00","2023","03","13","17:00","-1.0","","-2.5","","90","","0.3","","36","","15","","","","99.08","","","","-6","","NA"
"-82.90","42.03","HARROW CDA AUTO","6133362","2023-03-13 18:00","2023","03","13","18:00","-1.4","","-2.4","","93","","0.2","","36","","12","","","","99.15","","","","-5","","NA"
"-82.90","42.03","HARROW CDA AUTO","6133362","2023-03-13 19:00","2023","03","13","19:00","-1.7","","-3.1","","90","","0.2","","36","","12","","","","99.23","","","","-6","","NA"
"-82.90","42.03","HARROW CDA AUTO","6133362","2023-03-13 20:00","2023","03","13","20:00","-2.0","","-3.7","","89","","0.3","","1","","12","","","","99.31","","","","-6","","NA"
"-82.90","42.03","HARROW CDA AUTO","6133362","2023-03-13 21:00","2023","03","13","21:00","-2.4","","-5.3","","80","","0.1","","35","","6","","","","99.37","","","","-5","","NA"
"-82.90","42.03","HARROW CDA AUTO","6133362","2023-03-13 22:00","2023","03","13","22:00","-2.5","","-5.7","","79","","0.0","","33","","7","","","","99.41","","","","-5","","NA"
"-82.90","42.03","HARROW CDA AUTO","6133362","2023-03-13 23:00","2023","03","13","23:00","-3.2","","-5.8","","82","","0.1","","32","","10","","","","99.44","","","","-7","","NA"
"-82.90","42.03","HARROW CDA AUTO","6133362","2023-03-14 00:00","2023","03","14","00:00","-3.7","","-6.3","","83","","0.0","","33","","8","","","","99.47","","","","-7","","NA"
"-82.90","42.03","HARROW CDA AUTO","6133362","2023-03-14 01:00","2023","03","14","01:00","-4.4","","-6.4","","86","","0.1","","1","","10","","","","99.49","","","","-9","","NA"
"-82.90","42.03","HARROW CDA AUTO","6133362","2023-03-14 02:00","2023","03","14","02:00","-4.6","","-6.1","","89","","0.1","","36","","7","","","","99.54","","","","-8","","NA"
"-82.90","42.03","HARROW CDA AUTO","6133362","2023-03-14 03:00","2023","03","14","03:00","-4.7","","-7.2","","83","","0.1","","32","","8","","","","99.54","","","","-8","","NA"
"-82.90","42.03","HARROW CDA AUTO","6133362","2023-03-14 04:00","2023","03","14","04:00","-4.8","","-8.4","","76","","0.0","","32","","12","","","","99.56","","","","-10","","NA"
"-82.90","42.03","HARROW CDA AUTO","6133362","2023-03-14 05:00","2023","03","14","05:00","-5.2","","-8.7","","76","","0.0","","32","","10","","","","99.61","","","","-10","","NA"
"-82.90","42.03","HARROW CDA AUTO","6133362","2023-03-14 06:00","2023","03","14","06:00","-5.4","","-8.5","","79","","0.0","","31","","11","","","","99.66","","","","-10","","NA"
"-82.90","42.03","HARROW CDA AUTO","6133362","2023-03-14 07:00","2023","03","14","07:00","-6.2","","-9.3","","78","","0.0","","30","","11","","","","99.73","","","","-11","","NA"
"-82.90","42.03","HARROW CDA AUTO","6133362","2023-03-14 08:00","2023","03","14","08:00","-5.9","","-9.1","","78","","0.0","","31","","10","","","","99.81","","","","-10","","NA"
"-82.90","42.03","HARROW CDA AUTO","6133362","2023-03-14 09:00","2023","03","14","09:00","-5.0","","-9.4","","72","","0.0","","31","","12","","","","99.87","","","","-10","","NA"
"-82.90","42.03","HARROW CDA AUTO","6133362","2023-03-14 10:00","2023","03","14","10:00","-4.1","","-9.1","","68","","0.0","","31","","13","","","","99.92","","","","-9","","NA"
"-82.90","42.03","HARROW CDA AUTO","6133362","2023-03-14 11:00","2023","03","14","11:00","-3.2","","-9.1","","63","","0.0","","34","","11","","","","99.97","","","","-7","","NA"
"-82.90","42.03","HARROW CDA AUTO","6133362","2023-03-14 12:00","2023","03","14","12:00","-2.1","","-8.2","","63","","0.0","","33","","13","","","","99.97","","","","-7","","NA"
"-82.90","42.03","HARROW CDA AUTO","6133362","2023-03-14 13:00","2023","03","14","13:00","-1.5","","-8.3","","60","","0.0","","34","","11","","","","99.95","","","","-5","","NA"
"-82.90","42.03","HARROW CDA AUTO","6133362","2023-03-14 14:00","2023","03","14","14:00","0.0","","-7.2","","58","","0.0","","32","","11","","","","99.91","","","","-4","","NA"
"-82.90","42.03","HARROW CDA AUTO","6133362","2023-03-14 15:00","2023","03","14","15:00","0.5","","-7.8","","54","","0.0","","33","","11","","","","99.92","","","","","","NA"
"-82.90","42.03","HARROW CDA AUTO","6133362","2023-03-14 16:00","2023","03","14","16:00","1.0","","-7.8","","52","","0.0","","32","","13","","","","99.93","","","","","","NA"
"-82.90","42.03","HARROW CDA AUTO","6133362","2023-03-14 17:00","2023","03","14","17:00","1.2","","-8.2","","49","","0.0","","31","","14","","","","99.97","","","","","","NA"
"-82.90","42.03","HARROW CDA AUTO","6133362","2023-03-14 18:00","2023","03","14","18:00","0.7","","-8.2","","51","","0.0","","32","","10","","","","100.01","","","","","","NA"
"-82.90","42.03","HARROW CDA AUTO","6133362","2023-03-14 19:00","2023","03","14","19:00","-0.4","","-7.6","","58","","0.0","","31","","6","","","","100.05","","","","-2","","NA"
"-82.90","42.03","HARROW CDA AUTO","6133362","2023-03-14 20:00","2023","03","14","20:00","-0.6","","-7.7","","59","","0.0","","30","","9","","","","100.08","","","","-4","","NA"
"-82.90","42.03","HARROW CDA AUTO","6133362","2023-03-14 21:00","2023","03","14","21:00","-1.2","","-8.1","","59","","0.0","","29","","7","","","","100.10","","","","-4","","NA"
"-82.90","42.03","HARROW CDA AUTO","6133362","2023-03-14 22:00","2023","03","14","22:00","-1.4","","-8.2","","60","","0.0","","29","","9","","","","100.10","","","","-5","","NA"
"-82.90","42.03","HARROW CDA AUTO","6133362","2023-03-14 23:00","2023","03","14","23:00","-1.5","","-8.5","","59","","0.0","","29","","11","","","","100.10","","","","-5","","NA"
"-82.90","42.03","HARROW CDA AUTO","6133362","2023-03-15 00:00","2023","03","15","00:00","-2.2","","-9.2","","59","","0.0","","30","","7","","","","100.09","","","","-5","","NA"
"-82.90","42.03","HARROW CDA AUTO","6133362","2023-03-15 01:00","2023","03","15","01:00","-2.9","","-8.9","","63","","0.0","","33","","5","","","","100.10","","","","-5","","NA"
"-82.90","42.03","HARROW CDA AUTO","6133362","2023-03-15 02:00","2023","03","15","02:00","-3.7","","-8.4","","70","","0.0","","31","","4","","","","100.15","","","","-5","","NA"
"-82.90","42.03","HARROW CDA AUTO","6133362","2023-03-15 03:00","2023","03","15","03:00","-4.1","","-8.6","","71","","0.0","","30","","5","","","","100.13","","","","-6","","NA"
"-82.90","42.03","HARROW CDA AUTO","6133362","2023-03-15 04:00","2023","03","15","04:00","-4.2","","-9.0","","69","","0.0","","31","","5","","","","100.16","","","","-6","","NA"
"-82.90","42.03","HARROW CDA AUTO","6133362","2023-03-15 05:00","2023","03","15","05:00","-4.5","","-8.9","","71","","0.0","","31","","5","","","","100.21","","","","-7","","NA"
"-82.90","42.03","HARROW CDA AUTO","6133362","2023-03-15 06:00","2023","03","15","06:00","-4.2","","-9.2","","68","","0.0","","29","","6","","","","100.24","","","","-7","","NA"
"-82.90","42.03","HARROW CDA AUTO","6133362","2023-03-15 07:00","2023","03","15","07:00","-4.5","","-9.4","","69","","0.0","","30","","7","","","","100.29","","","","-8","","NA"
"-82.90","42.03","HARROW CDA AUTO","6133362","2023-03-15 08:00","2023","03","15","08:00","-3.1","","-8.6","","66","","0.0","","29","","8","","","","100.30","","","","-6","","NA"
"-82.90","42.03","HARROW CDA AUTO","6133362","2023-03-15 09:00","2023","03","15","09:00","-1.5","","-8.5","","59","","0.0","","29","","7","","","","100.33","","","","-4","","NA"
"-82.90","42.03","HARROW CDA AUTO","6133362","2023-03-15 10:00","2023","03","15","10:00","0.2","","-7.8","","55","","0.0","","27","","9","","","","100.31","","","","","","NA"
"-82.90","42.03","HARROW CDA AUTO","6133362","2023-03-15 11:00","2023","03","15","11:00","0.8","","-9.2","","47","","0.0","","24","","10","","","","100.28","","","","","","NA"
"-82.90","42.03","HARROW CDA AUTO","6133362","2023-03-15 12:00","2023","03","15","12:00","1.4","","-8.0","","50","","0.0","","22","","12","","","","100.24","","","","","","NA"
"-82.90","42.03","HARROW CDA AUTO","6133362","2023-03-15 13:00","2023","03","15","13:00","2.5","","-5.4","","56","","0.0","","22","","14","","","","100.20","","","","","","NA"
"-82.90","42.03","HARROW CDA AUTO","6133362","2023-03-15 14:00","2023","03","15","14:00","3.4","","-6.5","","48","","0.0","","23","","18","","","","100.06","","","","","","NA"
"-82.90","42.03","HARROW CDA AUTO","6133362","2023-03-15 15:00","2023","03","15","15:00","4.8","","-4.2","","52","","0.0","","22","","16","","","","100.03","","","","","","NA"
"-82.90","42.03","HARROW CDA AUTO","6133362","2023-03-15 16:00","2023","03","15","16:00","4.9","","-4.6","","50","","0.0","","21","","15","","","","99.97","","","","","","NA"
"-82.90","42.03","HARROW CDA AUTO","6133362","2023-03-15 17:00","2023","03","15","17:00","4.5","","-4.3","","53","","0.0","","19","","14","","","","99.87","","","","","","NA"
"-82.90","42.03","HARROW CDA AUTO","6133362","2023-03-15 18:00","2023","03","15","18:00","3.5","","-3.3","","61","","0.0","","19","","12","","","","99.83","","","","","","NA"
"-82.90","42.03","HARROW CDA AUTO","6133362","2023-03-15 19:00","2023","03","15","19:00","2.3","","-2.8","","69","","0.0","","20","","11","","","","99.81","","","","","","NA"
"-82.90","42.03","HARROW CDA AUTO","6133362","2023-03-15 20:00","2023","03","15","20:00","3.8","","-4.2","","56","","0.0","","22","","11","","","","99.81","","","","","","NA"
"-82.90","42.03","HARROW CDA AUTO","6133362","2023-03-15 21:00","2023","03","15","21:00","3.9","","-5.2","","52","","0.0","","22","","10","","","","99.77","","","","","","NA"
"-82.90","42.03","HARROW CDA AUTO","6133362","2023-03-15 22:00","2023","03","15","22:00","3.7","","-4.6","","55","","0.0","","21","","12","","","","99.77","","","","","","NA"
"-82.90","42.03","HARROW CDA AUTO","6133362","2023-03-15 23:00","2023","03","15","23:00","3.6","","-5.3","","52","","0.0","","21","","10","","","","99.70","","","","","","NA"
"-82.90","42.03","HARROW CDA AUTO","6133362","2023-03-16 00:00","2023","03","16","00:00","3.7","","-3.9","","58","","0.0","","22","","11","","","","99.68","","","","","","NA"
"-82.90","42.03","HARROW CDA AUTO","6133362","2023-03-16 01:00","2023","03","16","01:00","3.3","","-4.1","","59","","0.0","","21","","13","","","","99.63","","","","","","NA"
"-82.90","42.03","HARROW CDA AUTO","6133362","2023-03-16 02:00","2023","03","16","02:00","3.0","","-3.7","","61","","0.0","","22","","13","","","","99.59","","","","","","NA"
"-82.90","42.03","HARROW CDA AUTO","6133362","2023-03-16 03:00","2023","03","16","03:00","2.5","","-3.4","","65","","0.0","","21","","11","","","","99.48","","","","","","NA"
"-82.90","42.03","HARROW CDA AUTO","6133362","2023-03-16 04:00","2023","03","16","04:00","2.5","","-3.8","","63","","0.0","","20","","12","","","","99.39","","","","","","NA"
"-82.90","42.03","HARROW CDA AUTO","6133362","2023-03-16 05:00","2023","03","16","05:00","2.5","","-3.8","","63","","0.0","","23","","14","","","","99.45","","","","","","NA"
"-82.90","42.03","HARROW CDA AUTO","6133362","2023-03-16 06:00","2023","03","16","06:00","2.5","","-4.4","","60","","0.0","","22","","12","","","","99.44","","","","","","NA"
"-82.90","42.03","HARROW CDA AUTO","6133362","2023-03-16 07:00","2023","03","16","07:00","2.4","","-4.3","","61","","0.0","","20","","12","","","","99.44","","","","","","NA"
"-82.90","42.03","HARROW CDA AUTO","6133362","2023-03-16 08:00","2023","03","16","08:00","3.3","","-3.4","","62","","0.0","","20","","14","","","","99.38","","","","","","NA"
"-82.90","42.03","HARROW CDA AUTO","6133362","2023-03-16 09:00","2023","03","16","09:00","4.8","","-3.0","","57","","0.0","","20","","16","","","","99.33","","","","","","NA"
"-82.90","42.03","HARROW CDA AUTO","6133362","2023-03-16 10:00","2023","03","16","10:00","6.7","","-2.8","","51","","0.0","","21","","17","","","","99.29","","","","","","NA"
"-82.90","42.03","HARROW CDA AUTO","6133362","2023-03-16 11:00","2023","03","16","11:00","6.9","","-3.2","","48","","0.0","","21","","22","","","","99.18","","","","","","NA"
"-82.90","42.03","HARROW CDA AUTO","6133362","2023-03-16 12:00","2023","03","16","12:00","8.9","","-1.9","","46","","0.0","","20","","21","","","","99.09","","","","","","NA"
"-82.90","42.03","HARROW CDA AUTO","6133362","2023-03-16 13:00","2023","03","16","13:00","9.5","","-1.0","","48","","0.0","","20","","22","","","","98.99","","","","","","NA"
"-82.90","42.03","HARROW CDA AUTO","6133362","2023-03-16 14:00","2023","03","16","14:00","9.3","","-0.2","","52","","0.0","","19","","16","","","","98.85","","","","","","NA"
"-82.90","42.03","HARROW CDA AUTO","6133362","2023-03-16 15:00","2023","03","16","15:00","9.8","","-0.2","","50","","0.0","","19","","19","","","","98.71","","","","","","NA"
"-82.90","42.03","HARROW CDA AUTO","6133362","2023-03-16 16:00","2023","03","16","16:00","10.5","","-0.6","","46","","0.0","","19","","19","","","","98.61","","","","","","NA"
"-82.90","42.03","HARROW CDA AUTO","6133362","2023-03-16 17:00","2023","03","16","17:00","9.1","","0.0","","53","","0.0","","19","","13","","","","98.51","","","","","","NA"
"-82.90","42.03","HARROW CDA AUTO","6133362","2023-03-16 18:00","2023","03","16","18:00","10.6","","-1.2","","44","","0.0","","20","","20","","","","98.48","","","","","","NA"
"-82.90","42.03","HARROW CDA AUTO","6133362","2023-03-16 19:00","2023","03","16","19:00","8.4","","1.4","","61","","0.0","","19","","22","","","","98.41","","","","","","NA"
"-82.90","42.03","HARROW CDA AUTO","6133362","2023-03-16 20:00","2023","03","16","20:00","8.0","","2.5","","69","","0.0","","20","","19","","","","98.37","","","","","","NA"
"-82.90","42.03","HARROW CDA AUTO","6133362","2023-03-16 21:00","2023","03","16","21:00","6.5","","3.1","","79","","0.0","","18","","13","","","","98.28","","","","","","NA"
"-82.90","42.03","HARROW CDA AUTO","6133362","2023-03-16 22:00","2023","03","16","22:00","8.0","","2.7","","69","","0.1","","20","","20","","","","98.15","","","","","","NA"
"-82.90","42.03","HARROW CDA AUTO","6133362","2023-03-16 23:00","2023","03","16","23:00","9.0","","2.7","","64","","0.0","","22","","19","","","","98.03","","","","","","NA"
"-82.90","42.03","HARROW CDA AUTO","6133362","2023-03-17 00:00","2023","03","17","00:00","8.6","","3.5","","70","","0.0","","21","","18","","","","97.97","","","","","","NA"
"-82.90","42.03","HARROW CDA AUTO","6133362","2023-03-17 01:00","2023","03","17","01:00","9.0","","4.5","","73","","0.0","","21","","19","","","","97.84","","","","","","NA"
"-82.90","42.03","HARROW CDA AUTO","6133362","2023-03-17 02:00","2023","03","17","02:00","7.2","","4.9","","86","","0.0","","19","","15","","","","97.69","","","","","","NA"
"-82.90","42.03","HARROW CDA AUTO","6133362","2023-03-17 03:00","2023","03","17","03:00","9.6","","4.0","","68","","0.0","","21","","25","","","","97.55","","","","","","NA"
"-82.90","42.03","HARROW CDA AUTO","6133362","2023-03-17 04:00","2023","03","17","04:00","9.5","","4.8","","72","","0.0","","23","","25","","","","97.45","","","","","","NA"
"-82.90","42.03","HARROW CDA AUTO","6133362","2023-03-17 05:00","2023","03","17","05:00","7.9","","5.1","","82","","0.6","","20","","23","","","","97.39","","","","","","NA"
"-82.90","42.03","HARROW CDA AUTO","6133362","2023-03-17 06:00","2023","03","17","06:00","8.2","","6.9","","92","","1.0","","21","","24","","","","97.33","","","","","","NA"
"-82.90","42.03","HARROW CDA AUTO","6133362","2023-03-17 07:00","2023","03","17","07:00","8.2","","7.3","","94","","0.7","","21","","25","","","","97.30","","","","","","NA"
"-82.90","42.03","HARROW CDA AUTO","6133362","2023-03-17 08:00","2023","03","17","08:00","7.9","","7.1","","95","","0.0","","22","","23","","","","97.26","","","","","","NA"
"-82.90","42.03","HARROW CDA AUTO","6133362","2023-03-17 09:00","2023","03","17","09:00","8.3","","7.0","","91","","0.0","","24","","29","","","","97.28","","","","","","NA"
"-82.90","42.03","HARROW CDA AUTO","6133362","2023-03-17 10:00","2023","03","17","10:00","6.2","","5.2","","93","","0.0","","25","","29","","","","97.42","","","","","","NA"
"-82.90","42.03","HARROW CDA AUTO","6133362","2023-03-17 11:00","2023","03","17","11:00","5.4","","3.0","","85","","0.0","","26","","28","","","","97.51","","","","","","NA"
"-82.90","42.03","HARROW CDA AUTO","6133362","2023-03-17 12:00","2023","03","17","12:00","5.0","","0.8","","74","","0.0","","27","","28","","","","97.64","","","","","","NA"
"-82.90","42.03","HARROW CDA AUTO","6133362","2023-03-17 13:00","2023","03","17","13:00","5.4","","0.6","","71","","0.0","","27","","31","","","","97.74","","","","","","NA"
"-82.90","42.03","HARROW CDA AUTO","6133362","2023-03-17 14:00","2023","03","17","14:00","3.9","","-0.7","","72","","0.0","","28","","26","","","","97.84","","","","","","NA"
"-82.90","42.03","HARROW CDA AUTO","6133362","2023-03-17 15:00","2023","03","17","15:00","3.5","","-2.1","","67","","0.0","","28","","26","","","","97.93","","","","","","NA"
"-82.90","42.03","HARROW CDA AUTO","6133362","2023-03-17 16:00","2023","03","17","16:00","3.2","","-2.5","","66","","0.0","","27","","28","","","","98.10","","","","","","NA"
"-82.90","42.03","HARROW CDA AUTO","6133362","2023-03-17 17:00","2023","03","17","17:00","2.6","","-2.9","","67","","0.0","","27","","26","","","","98.19","","","","","","NA"
"-82.90","42.03","HARROW CDA AUTO","6133362","2023-03-17 18:00","2023","03","17","18:00","2.1","","-4.1","","64","","0.0","","28","","15","","","","98.30","","","","","","NA"
"-82.90","42.03","HARROW CDA AUTO","6133362","2023-03-17 19:00","2023","03","17","19:00","1.9","","-4.7","","62","","0.0","","28","","13","","","","98.39","","","","","","NA"
"-82.90","42.03","HARROW CDA AUTO","6133362","2023-03-17 20:00","2023","03","17","20:00","1.7","","-5.5","","59","","0.0","","28","","19","","","","98.50","","","","","","NA"
"-82.90","42.03","HARROW CDA AUTO","6133362","2023-03-17 21:00","2023","03","17","21:00","1.2","","-5.8","","59","","0.0","","27","","18","","","","98.60","","","","","","NA"
"-82.90","42.03","HARROW CDA AUTO","6133362","2023-03-17 22:00","2023","03","17","22:00","0.6","","-6.9","","57","","0.0","","27","","27","","","","98.66","","","","","","NA"
"-82.90","42.03","HARROW CDA AUTO","6133362","2023-03-17 23:00","2023","03","17","23:00","0.4","","-6.4","","60","","0.0","","28","","17","","","","98.65","","","","","","NA"
"-82.90","42.03","HARROW CDA AUTO","6133362","2023-03-18 00:00","2023","03","18","00:00","0.5","","-6.2","","61","","0.0","","25","","16","","","","98.63","","","","","","NA"
"-82.90","42.03","HARROW CDA AUTO","6133362","2023-03-18 01:00","2023","03","18","01:00","0.7","","-6.0","","61","","0.0","","25","","25","","","","98.59","","","","","","NA"
"-82.90","42.03","HARROW CDA AUTO","6133362","2023-03-18 02:00","2023","03","18","02:00","0.3","","-4.6","","70","","0.0","","24","","26","","","","98.58","","","","","","NA"
"-82.90","42.03","HARROW CDA AUTO","6133362","2023-03-18 03:00","2023","03","18","03:00","-0.3","","-7.5","","58","","0.0","","26","","25","","","","98.55","","","","-6","","NA"
"-82.90","42.03","HARROW CDA AUTO","6133362","2023-03-18 04:00","2023","03","18","04:00","-1.1","","-9.1","","55","","0.0","","26","","24","","","","98.53","","","","-7","","NA"
"-82.90","42.03","HARROW CDA AUTO","6133362","2023-03-18 05:00","2023","03","18","05:00","-1.9","","-7.6","","65","","0.0","","25","","29","","","","98.57","","","","-9","","NA"
"-82.90","42.03","HARROW CDA AUTO","6133362","2023-03-18 06:00","2023","03","18","06:00","-2.5","","-8.6","","63","","0.0","","26","","23","","","","98.57","","","","-9","","NA"
"-82.90","42.03","HARROW CDA AUTO","6133362","2023-03-18 07:00","2023","03","18","07:00","-2.8","","-8.2","","66","","0.0","","25","","26","","","","98.60","","","","-10","","NA"
"-82.90","42.03","HARROW CDA AUTO","6133362","2023-03-18 08:00","2023","03","18","08:00","-3.0","","-11.2","","53","","0.0","","26","","32","","","","98.63","","","","-11","","NA"
"-82.90","42.03","HARROW CDA AUTO","6133362","2023-03-18 09:00","2023","03","18","09:00","-3.7","","-8.8","","68","","0.0","","27","","22","","","","98.66","","","","-10","","NA"
"-82.90","42.03","HARROW CDA AUTO","6133362","2023-03-18 10:00","2023","03","18","10:00","-3.8","","-9.4","","65","","0.0","","28","","22","","","","98.68","","","","-10","","NA"
"-82.90","42.03","HARROW CDA AUTO","6133362","2023-03-18 11:00","2023","03","18","11:00","-3.6","","-9.3","","64","","0.0","","25","","26","","","","98.69","","","","-11","","NA"
"-82.90","42.03","HARROW CDA AUTO","6133362","2023-03-18 12:00","2023","03","18","12:00","-4.2","","-10.1","","64","","0.0","","27","","32","","","","98.74","","","","-12","","NA"
"-82.90","42.03","HARROW CDA AUTO","6133362","2023-03-18 13:00","2023","03","18","13:00","-4.5","","-13.2","","51","","0.0","","28","","33","","","","98.77","","","","-13","","NA"
"-82.90","42.03","HARROW CDA AUTO","6133362","2023-03-18 14:00","2023","03","18","14:00","-4.6","","-12.3","","55","","0.0","","28","","24","","","","98.81","","","","-12","","NA"
"-82.90","42.03","HARROW CDA AUTO","6133362","2023-03-18 15:00","2023","03","18","15:00","-5.6","","-10.9","","66","","0.0","","27","","35","","","","98.87","","","","-14","","NA"
"-82.90","42.03","HARROW CDA AUTO","6133362","2023-03-18 16:00","2023","03","18","16:00","-5.6","","-10.8","","67","","0.0","","28","","26","","","","98.96","","","","-13","","NA"
"-82.90","42.03","HARROW CDA AUTO","6133362","2023-03-18 17:00","2023","03","18","17:00","-5.7","","-10.4","","69","","0.0","","27","","31","","","","99.04","","","","-14","","NA"
"-82.90","42.03","HARROW CDA AUTO","6133362","2023-03-18 18:00","2023","03","18","18:00","-4.6","","-12.0","","56","","0.0","","28","","24","","","","99.13","","","","-12","","NA"
"-82.90","42.03","HARROW CDA AUTO","6133362","2023-03-18 19:00","2023","03","18","19:00","-5.1","","-13.3","","52","","0.0","","27","","29","","","","99.22","","","","-13","","NA"
"-82.90","42.03","HARROW CDA AUTO","6133362","2023-03-18 20:00","2023","03","18","20:00","-5.4","","-12.4","","58","","0.0","","27","","27","","","","99.33","","","","-13","","NA"
"-82.90","42.03","HARROW CDA AUTO","6133362","2023-03-18 21:00","2023","03","18","21:00","-5.6","","-11.3","","64","","0.0","","27","","26","","","","99.39","","","","-13","","NA"
"-82.90","42.03","HARROW CDA AUTO","6133362","2023-03-18 22:00","2023","03","18","22:00","-5.6","","-10.8","","67","","0.0","","27","","26","","","","99.43","","","","-13","","NA"
"-82.90","42.03","HARROW CDA AUTO","6133362","2023-03-18 23:00","2023","03","18","23:00","-5.4","","-10.6","","67","","0.0","","27","","30","","","","99.46","","","","-14","","NA"
"-82.90","42.03","HARROW CDA AUTO","6133362","2023-03-19 00:00","2023","03","19","00:00","-5.5","","-10.0","","71","","0.0","","27","","26","","","","99.50","","","","-13","","NA"
"-82.90","42.03","HARROW CDA AUTO","6133362","2023-03-19 01:00","2023","03","19","01:00","-5.6","","-9.6","","74","","0.0","","27","","23","","","","99.52","","","","-13","","NA"
"-82.90","42.03","HARROW CDA AUTO","6133362","2023-03-19 02:00","2023","03","19","02:00","-5.7","","-9.0","","77","","0.0","","27","","24","","","","99.56","","","","-13","","NA"
"-82.90","42.03","HARROW CDA AUTO","6133362","2023-03-19 03:00","2023","03","19","03:00","-5.5","","-8.8","","78","","0.0","","27","","23","","","","99.58","","","","-13","","NA"
"-82.90","42.03","HARROW CDA AUTO","6133362","2023-03-19 04:00","2023","03","19","04:00","-5.2","","-8.7","","76","","0.0","","27","","21","","","","99.57","","","","-12","","NA"
"-82.90","42.03","HARROW CDA AUTO","6133362","2023-03-19 05:00","2023","03","19","05:00","-5.5","","-8.6","","79","","0.0","","28","","18","","","","99.62","","","","-12","","NA"
"-82.90","42.03","HARROW CDA AUTO","6133362","2023-03-19 06:00","2023","03","19","06:00","-5.7","","-8.6","","80","","0.0","","28","","17","","","","99.68","","","","-12","","NA"
"-82.90","42.03","HARROW CDA AUTO","6133362","2023-03-19 07:00","2023","03","19","07:00","-5.7","","-9.0","","78","","0.0","","28","","16","","","","99.75","","","","-12","","NA"
"-82.90","42.03","HARROW CDA AUTO","6133362","2023-03-19 08:00","2023","03","19","08:00","-4.3","","-9.4","","68","","0.0","","28","","15","","","","99.81","","","","-10","","NA"
"-82.90","42.03","HARROW CDA AUTO","6133362","2023-03-19 09:00","2023","03","19","09:00","-2.9","","-11.6","","51","","0.0","","29","","22","","","","99.87","","","","-9","","NA"
"-82.90","42.03","HARROW CDA AUTO","6133362","2023-03-19 10:00","2023","03","19","10:00","-2.2","","-11.9","","47","","0.0","","29","","22","","","","99.90","","","","-8","","NA"
"-82.90","42.03","HARROW CDA AUTO","6133362","2023-03-19 11:00","2023","03","19","11:00","-1.5","","-10.6","","50","","0.0","","28","","20","","","","99.92","","","","-7","","NA"
"-82.90","42.03","HARROW CDA AUTO","6133362","2023-03-19 12:00","2023","03","19","12:00","-0.7","","-10.1","","49","","0.0","","26","","24","","","","99.92","","","","-7","","NA"
"-82.90","42.03","HARROW CDA AUTO","6133362","2023-03-19 13:00","2023","03","19","13:00","0.2","","-9.4","","48","","0.0","","26","","29","","","","99.89","","","","","","NA"
"-82.90","42.03","HARROW CDA AUTO","6133362","2023-03-19 14:00","2023","03","19","14:00","1.5","","-8.6","","47","","0.0","","26","","26","","","","99.84","","","","","","NA"
"-82.90","42.03","HARROW CDA AUTO","6133362","2023-03-19 15:00","2023","03","19","15:00","2.5","","-9.2","","42","","0.0","","27","","24","","","","99.80","","","","","","NA"
"-82.90","42.03","HARROW CDA AUTO","6133362","2023-03-19 16:00","2023","03","19","16:00","3.0","","-7.7","","45","","0.0","","25","","27","","","","99.80","","","","","","NA"
"-82.90","42.03","HARROW CDA AUTO","6133362","2023-03-19 17:00","2023","03","19","17:00","2.9","","-6.3","","51","","0.0","","25","","26","","","","99.80","","","","","","NA"
"-82.90","42.03","HARROW CDA AUTO","6133362","2023-03-19 18:00","2023","03","19","18:00","2.2","","-6.6","","52","","0.0","","25","","23","","","","99.80","","","","","","NA"
"-82.90","42.03","HARROW CDA AUTO","6133362","2023-03-19 19:00","2023","03","19","19:00","1.3","","-7.1","","54","","0.0","","25","","22","","","","99.84","","","","","","NA"
"-82.90","42.03","HARROW CDA AUTO","6133362","2023-03-19 20:00","2023","03","19","20:00","1.1","","-6.4","","57","","0.0","","25","","21","","","","99.88","","","","","","NA"
"-82.90","42.03","HARROW CDA AUTO","6133362","2023-03-19 21:00","2023","03","19","21:00","0.8","","-7.7","","53","","0.0","","25","","22","","","","99.90","","","","","","NA"
"-82.90","42.03","HARROW CDA AUTO","6133362","2023-03-19 22:00","2023","03","19","22:00","0.7","","-7.9","","53","","0.0","","24","","22","","","","99.88","","","","","","NA"
"-82.90","42.03","HARROW CDA AUTO","6133362","2023-03-19 23:00","2023","03","19","23:00","0.1","","-6.7","","60","","0.0","","25","","26","","","","99.89","","","","","","NA"
"-82.90","42.03","HARROW CDA AUTO","6133362","2023-03-20 00:00","2023","03","20","00:00","-0.1","","-6.2","","64","","0.0","","25","","29","","","","99.87","","","","-6","","NA"
"-82.90","42.03","HARROW CDA AUTO","6133362","2023-03-20 01:00","2023","03","20","01:00","-0.3","","-6.2","","64","","0.0","","25","","28","","","","99.88","","","","-7","","NA"
"-82.90","42.03","HARROW CDA AUTO","6133362","2023-03-20 02:00","2023","03","20","02:00","-0.4","","-6.5","","63","","0.0","","25","","28","","","","99.90","","","","-7","","NA"
"-82.90","42.03","HARROW CDA AUTO","6133362","2023-03-20 03:00","2023","03","20","03:00","-0.6","","-6.7","","63","","0.0","","25","","26","","","","99.88","","","","-7","","NA"
"-82.90","42.03","HARROW CDA AUTO","6133362","2023-03-20 04:00","2023","03","20","04:00","-0.7","","-6.9","","63","","0.0","","25","","27","","","","99.87","","","","-7","","NA"
"-82.90","42.03","HARROW CDA AUTO","6133362","2023-03-20 05:00","2023","03","20","05:00","-1.0","","-7.1","","63","","0.0","","25","","27","","","","99.90","","","","-7","","NA"
"-82.90","42.03","HARROW CDA AUTO","6133362","2023-03-20 06:00","2023","03","20","06:00","-1.1","","-7.0","","64","","0.0","","25","","24","","","","99.90","","","","-7","","NA"
"-82.90","42.03","HARROW CDA AUTO","6133362","2023-03-20 07:00","2023","03","20","07:00","-1.3","","-6.6","","67","","0.0","","24","","24","","","","99.91","","","","-7","","NA"
"-82.90","42.03","HARROW CDA AUTO","6133362","2023-03-20 08:00","2023","03","20","08:00","-0.5","","-6.7","","63","","0.0","","24","","26","","","","99.93","","","","-7","","NA"
"-82.90","42.03","HARROW CDA AUTO","6133362","2023-03-20 09:00","2023","03","20","09:00","0.3","","-5.8","","63","","0.0","","23","","25","","","","99.96","","","","","","NA"
"-82.90","42.03","HARROW CDA AUTO","6133362","2023-03-20 10:00","2023","03","20","10:00","1.4","","-5.6","","59","","0.0","","23","","28","","","","99.98","","","","","","NA"
"-82.90","42.03","HARROW CDA AUTO","6133362","2023-03-20 11:00","2023","03","20","11:00","2.5","","-6.5","","51","","0.0","","23","","28","","","","99.98","","","","","","NA"
"-82.90","42.03","HARROW CDA AUTO","6133362","2023-03-20 12:00","2023","03","20","12:00","4.4","","-5.9","","47","","0.0","","23","","27","","","","99.93","","","","","","NA"
"-82.90","42.03","HARROW CDA AUTO","6133362","2023-03-20 13:00","2023","03","20","13:00","5.3","","-6.2","","43","","0.0","","22","","26","","","","99.91","","","","","","NA"
"-82.90","42.03","HARROW CDA AUTO","6133362","2023-03-20 14:00","2023","03","20","14:00","7.1","","-4.6","","43","","0.0","","23","","26","","","","99.85","","","","","","NA"
"-82.90","42.03","HARROW CDA AUTO","6133362","2023-03-20 15:00","2023","03","20","15:00","7.8","","-5.4","","39","","0.0","","22","","25","","","","99.77","","","","","","NA"
"-82.90","42.03","HARROW CDA AUTO","6133362","2023-03-20 16:00","2023","03","20","16:00","7.4","","-6.1","","38","","0.0","","23","","23","","","","99.70","","","","","","NA"
"-82.90","42.03","HARROW CDA AUTO","6133362","2023-03-20 17:00","2023","03","20","17:00","6.9","","-5.6","","40","","0.0","","23","","23","","","","99.66","","","","","","NA"
"-82.90","42.03","HARROW CDA AUTO","6133362","2023-03-20 18:00","2023","03","20","18:00","6.9","","-5.5","","41","","0.0","","23","","23","","","","99.65","","","","","","NA"
"-82.90","42.03","HARROW CDA AUTO","6133362","2023-03-20 19:00","2023","03","20","19:00","6.4","","-6.1","","41","","0.0","","23","","23","","","","99.68","","","","","","NA"
"-82.90","42.03","HARROW CDA AUTO","6133362","2023-03-20 20:00","2023","03","20","20:00","6.1","","-5.1","","44","","0.0","","22","","19","","","","99.68","","","","","","NA"
"-82.90","42.03","HARROW CDA AUTO","6133362","2023-03-20 21:00","2023","03","20","21:00","5.2","","-3.8","","52","","0.0","","23","","14","","","","99.78","","","","","","NA"
"-82.90","42.03","HARROW CDA AUTO","6133362","2023-03-20 22:00","2023","03","20","22:00","4.7","","-4.2","","53","","0.0","","23","","13","","","","99.83","","","","","","NA"
"-82.90","42.03","HARROW CDA AUTO","6133362","2023-03-20 23:00","2023","03","20","23:00","4.3","","-4.1","","55","","0.0","","22","","14","","","","99.87","","","","","","NA"
"-82.90","42.03","HARROW CDA AUTO","6133362","2023-03-21 00:00","2023","03","21","00:00","4.5","","-5.1","","50","","0.0","","22","","17","","","","99.88","","","","","","NA"
"-82.90","42.03","HARROW CDA AUTO","6133362","2023-03-21 01:00","2023","03","21","01:00","3.5","","-4.7","","55","","0.0","","23","","16","","","","99.96","","","","","","NA"
"-82.90","42.03","HARROW CDA AUTO","6133362","2023-03-21 02:00","2023","03","21","02:00","3.2","","-4.8","","56","","0.0","","23","","16","","","","99.98","","","","","","NA"
"-82.90","42.03","HARROW CDA AUTO","6133362","2023-03-21 03:00","2023","03","21","03:00","2.5","","-4.2","","61","","0.0","","22","","13","","","","100.00","","","","","","NA"
"-82.90","42.03","HARROW CDA AUTO","6133362","2023-03-21 04:00","2023","03","21","04:00","2.2","","-4.1","","63","","0.0","","22","","14","","","","100.02","","","","","","NA"
"-82.90","42.03","HARROW CDA AUTO","6133362","2023-03-21 05:00","2023","03","21","05:00","1.3","","-4.3","","66","","0.0","","22","","9","","","","100.10","","","","","","NA"
"-82.90","42.03","HARROW CDA AUTO","6133362","2023-03-21 06:00","2023","03","21","06:00","1.8","","-4.5","","63","","0.0","","23","","11","","","","100.15","","","","","","NA"
"-82.90","42.03","HARROW CDA AUTO","6133362","2023-03-21 07:00","2023","03","21","07:00","1.3","","-4.2","","67","","0.0","","22","","10","","","","100.18","","","","","","NA"
"-82.90","42.03","HARROW CDA AUTO","6133362","2023-03-21 08:00","2023","03","21","08:00","2.9","","-4.4","","59","","0.0","","22","","14","","","","100.21","","","","","","NA"
"-82.90","42.03","HARROW CDA AUTO","6133362","2023-03-21 09:00","2023","03","21","09:00","3.8","","-4.4","","55","","0.0","","22","","17","","","","100.25","","","","","","NA"
"-82.90","42.03","HARROW CDA AUTO","6133362","2023-03-21 10:00","2023","03","21","10:00","5.1","","-4.5","","50","","0.0","","22","","17","","","","100.28","","","","","","NA"
"-82.90","42.03","HARROW CDA AUTO","6133362","2023-03-21 11:00","2023","03","21","11:00","6.4","","-5.0","","44","","0.0","","22","","18","","","","100.28","","","","","","NA"
"-82.90","42.03","HARROW CDA AUTO","6133362","2023-03-21 12:00","2023","03","21","12:00","8.2","","-5.2","","38","","0.0","","22","","16","","","","100.27","","","","","","NA"
"-82.90","42.03","HARROW CDA AUTO","6133362","2023-03-21 13:00","2023","03","21","13:00","9.5","","-5.5","","34","","0.0","","23","","18","","","","100.23","","","","","","NA"
"-82.90","42.03","HARROW CDA AUTO","6133362","2023-03-21 14:00","2023","03","21","14:00","10.6","","-4.7","","34","","0.0","","20","","14","","","","100.15","","","","","","NA"
"-82.90","42.03","HARROW CDA AUTO","6133362","2023-03-21 15:00","2023","03","21","15:00","9.6","","-6.3","","32","","0.0","","17","","13","","","","100.11","","","","","","NA"
"-82.90","42.03","HARROW CDA AUTO","6133362","2023-03-21 16:00","2023","03","21","16:00","10.8","","-5.6","","31","","0.0","","16","","13","","","","100.04","","","","","","NA"
"-82.90","42.03","HARROW CDA AUTO","6133362","2023-03-21 17:00","2023","03","21","17:00","11.1","","-5.0","","32","","0.0","","15","","8","","","","99.99","","","","","","NA"
"-82.90","42.03","HARROW CDA AUTO","6133362","2023-03-21 18:00","2023","03","21","18:00","8.5","","-3.0","","44","","0.0","","11","","5","","","","99.94","","","","","","NA"
"-82.90","42.03","HARROW CDA AUTO","6133362","2023-03-21 19:00","2023","03","21","19:00","6.1","","-1.1","","60","","0.0","","13","","4","","","","99.97","","","","","","NA"
"-82.90","42.03","HARROW CDA AUTO","6133362","2023-03-21 20:00","2023","03","21","20:00","5.9","","-0.9","","62","","0.0","","13","","5","","","","99.99","","","","","","NA"
"-82.90","42.03","HARROW CDA AUTO","6133362","2023-03-21 21:00","2023","03","21","21:00","5.6","","-1.3","","61","","0.0","","16","","7","","","","100.03","","","","","","NA"
"-82.90","42.03","HARROW CDA AUTO","6133362","2023-03-21 22:00","2023","03","21","22:00","5.4","","-1.7","","60","","0.0","","14","","5","","","","100.00","","","","","","NA"
"-82.90","42.03","HARROW CDA AUTO","6133362","2023-03-21 23:00","2023","03","21","23:00","5.0","","-1.2","","64","","0.0","","19","","3","","","","99.97","","","","","","NA"
"-82.90","42.03","HARROW CDA AUTO","6133362","2023-03-22 00:00","2023","03","22","00:00","8.1","","-1.8","","50","","0.0","","19","","12","","","","99.98","","","","","","NA"
"-82.90","42.03","HARROW CDA AUTO","6133362","2023-03-22 01:00","2023","03","22","01:00","6.8","","1.2","","67","","0.0","","24","","26","","","","100.10","","","","","","NA"
"-82.90","42.03","HARROW CDA AUTO","6133362","2023-03-22 02:00","2023","03","22","02:00","5.2","","2.7","","84","","0.0","","24","","17","","","","100.11","","","","","","NA"
"-82.90","42.03","HARROW CDA AUTO","6133362","2023-03-22 03:00","2023","03","22","03:00","5.0","","2.9","","86","","0.0","","23","","10","","","","100.06","","","","","","NA"
"-82.90","42.03","HARROW CDA AUTO","6133362","2023-03-22 04:00","2023","03","22","04:00","4.9","","3.1","","88","","0.0","","21","","8","","","","100.00","","","","","","NA"
"-82.90","42.03","HARROW CDA AUTO","6133362","2023-03-22 05:00","2023","03","22","05:00","4.1","","3.0","","93","","0.0","","16","","8","","","","99.93","","","","","","NA"
"-82.90","42.03","HARROW CDA AUTO","6133362","2023-03-22 06:00","2023","03","22","06:00","4.1","","3.1","","93","","0.0","","17","","9","","","","99.90","","","","","","NA"
"-82.90","42.03","HARROW CDA AUTO","6133362","2023-03-22 07:00","2023","03","22","07:00","4.6","","3.3","","91","","0.0","","17","","15","","","","99.87","","","","","","NA"
"-82.90","42.03","HARROW CDA AUTO","6133362","2023-03-22 08:00","2023","03","22","08:00","4.9","","3.4","","90","","0.0","","16","","16","","","","99.83","","","","","","NA"
"-82.90","42.03","HARROW CDA AUTO","6133362","2023-03-22 09:00","2023","03","22","09:00","5.8","","3.5","","85","","0.0","","17","","19","","","","99.77","","","","","","NA"
"-82.90","42.03","HARROW CDA AUTO","6133362","2023-03-22 10:00","2023","03","22","10:00","5.6","","3.7","","87","","0.0","","17","","15","","","","99.72","","","","","","NA"
"-82.90","42.03","HARROW CDA AUTO","6133362","2023-03-22 11:00","2023","03","22","11:00","6.5","","4.3","","86","","0.0","","18","","17","","","","99.68","","","","","","NA"
"-82.90","42.03","HARROW CDA AUTO","6133362","2023-03-22 12:00","2023","03","22","12:00","7.1","","5.1","","88","","0.0","","20","","17","","","","99.62","","","","","","NA"
"-82.90","42.03","HARROW CDA AUTO","6133362","2023-03-22 13:00","2023","03","22","13:00","7.6","","5.5","","86","","0.0","","21","","20","","","","99.56","","","","","","NA"
"-82.90","42.03","HARROW CDA AUTO","6133362","2023-03-22 14:00","2023","03","22","14:00","8.0","","5.7","","85","","0.0","","21","","19","","","","99.44","","","","","","NA"
"-82.90","42.03","HARROW CDA AUTO","6133362","2023-03-22 15:00","2023","03","22","15:00","7.9","","5.6","","85","","0.0","","20","","20","","","","99.36","","","","","","NA"
"-82.90","42.03","HARROW CDA AUTO","6133362","2023-03-22 16:00","2023","03","22","16:00","8.1","","5.8","","85","","0.0","","21","","20","","","","99.36","","","","","","NA"
"-82.90","42.03","HARROW CDA AUTO","6133362","2023-03-22 17:00","2023","03","22","17:00","8.1","","5.9","","86","","0.0","","21","","18","","","","99.31","","","","","","NA"
"-82.90","42.03","HARROW CDA AUTO","6133362","2023-03-22 18:00","2023","03","22","18:00","8.0","","6.3","","89","","0.0","","20","","15","","","","99.30","","","","","","NA"
"-82.90","42.03","HARROW CDA AUTO","6133362","2023-03-22 19:00","2023","03","22","19:00","6.9","","6.0","","94","","0.0","","19","","15","","","","99.25","","","","","","NA"
"-82.90","42.03","HARROW CDA AUTO","6133362","2023-03-22 20:00","2023","03","22","20:00","7.1","","6.5","","96","","0.0","","20","","13","","","","99.28","","","","","","NA"
"-82.90","42.03","HARROW CDA AUTO","6133362","2023-03-22 21:00","2023","03","22","21:00","7.4","","6.8","","97","","0.5","","19","","13","","","","99.24","","","","","","NA"
"-82.90","42.03","HARROW CDA AUTO","6133362","2023-03-22 22:00","2023","03","22","22:00","6.9","","6.5","","97","","1.1","","19","","11","","","","99.17","","","","","","NA"
"-82.90","42.03","HARROW CDA AUTO","6133362","2023-03-22 23:00","2023","03","22","23:00","7.8","","7.4","","97","","0.6","","20","","13","","","","99.14","","","","","","NA"
"-82.90","42.03","HARROW CDA AUTO","6133362","2023-03-23 00:00","2023","03","23","00:00","7.9","","7.5","","97","","0.4","","20","","16","","","","99.09","","","","","","NA"
"-82.90","42.03","HARROW CDA AUTO","6133362","2023-03-23 01:00","2023","03","23","01:00","7.8","","7.4","","98","","0.4","","20","","18","","","","99.01","","","","","","NA"
"-82.90","42.03","HARROW CDA AUTO","6133362","2023-03-23 02:00","2023","03","23","02:00","7.9","","7.6","","98","","0.3","","20","","16","","","","98.91","","","","","","NA"
"-82.90","42.03","HARROW CDA AUTO","6133362","2023-03-23 03:00","2023","03","23","03:00","8.2","","8.0","","98","","0.1","","21","","15","","","","98.79","","","","","","NA"
"-82.90","42.03","HARROW CDA AUTO","6133362","2023-03-23 04:00","2023","03","23","04:00","8.6","","8.3","","98","","0.2","","22","","16","","","","98.76","","","","","","NA"
"-82.90","42.03","HARROW CDA AUTO","6133362","2023-03-23 05:00","2023","03","23","05:00","9.1","","8.9","","99","","0.2","","22","","12","","","","98.71","","","","","","NA"
"-82.90","42.03","HARROW CDA AUTO","6133362","2023-03-23 06:00","2023","03","23","06:00","9.1","","8.9","","99","","0.2","","22","","11","","","","98.63","","","","","","NA"
"-82.90","42.03","HARROW CDA AUTO","6133362","2023-03-23 07:00","2023","03","23","07:00","9.6","","9.4","","99","","0.5","","22","","12","","","","98.63","","","","","","NA"
"-82.90","42.03","HARROW CDA AUTO","6133362","2023-03-23 08:00","2023","03","23","08:00","9.9","","9.7","","99","","2.2","","25","","12","","","","98.68","","","","","","NA"
"-82.90","42.03","HARROW CDA AUTO","6133362","2023-03-23 09:00","2023","03","23","09:00","9.8","","9.5","","98","","0.5","","31","","8","","","","98.73","","","","","","NA"
"-82.90","42.03","HARROW CDA AUTO","6133362","2023-03-23 10:00","2023","03","23","10:00","9.4","","8.0","","91","","0.2","","1","","14","","","","98.78","","","","","","NA"
"-82.90","42.03","HARROW CDA AUTO","6133362","2023-03-23 11:00","2023","03","23","11:00","9.4","","7.5","","88","","0.0","","2","","11","","","","98.82","","","","","","NA"
"-82.90","42.03","HARROW CDA AUTO","6133362","2023-03-23 12:00","2023","03","23","12:00","9.2","","7.1","","87","","0.0","","3","","7","","","","98.84","","","","","","NA"
"-82.90","42.03","HARROW CDA AUTO","6133362","2023-03-23 13:00","2023","03","23","13:00","9.3","","7.1","","86","","0.0","","1","","10","","","","98.91","","","","","","NA"
"-82.90","42.03","HARROW CDA AUTO","6133362","2023-03-23 14:00","2023","03","23","14:00","9.2","","7.0","","86","","0.0","","2","","8","","","","98.87","","","","","","NA"
"-82.90","42.03","HARROW CDA AUTO","6133362","2023-03-23 15:00","2023","03","23","15:00","9.1","","6.5","","83","","0.0","","36","","10","","","","98.94","","","","","","NA"
"-82.90","42.03","HARROW CDA AUTO","6133362","2023-03-23 16:00","2023","03","23","16:00","4.1","","3.1","","93","","0.0","","4","","15","","","","99.04","","","","","","NA"
"-82.90","42.03","HARROW CDA AUTO","6133362","2023-03-23 17:00","2023","03","23","17:00","4.3","","3.0","","91","","0.0","","4","","13","","","","99.10","","","","","","NA"
"-82.90","42.03","HARROW CDA AUTO","6133362","2023-03-23 18:00","2023","03","23","18:00","3.7","","2.3","","91","","0.0","","4","","12","","","","99.20","","","","","","NA"
"-82.90","42.03","HARROW CDA AUTO","6133362","2023-03-23 19:00","2023","03","23","19:00","3.6","","2.3","","91","","0.0","","4","","9","","","","99.25","","","","","","NA"
"-82.90","42.03","HARROW CDA AUTO","6133362","2023-03-23 20:00","2023","03","23","20:00","2.9","","1.3","","89","","0.0","","6","","7","","","","99.36","","","","","","NA"
"-82.90","42.03","HARROW CDA AUTO","6133362","2023-03-23 21:00","2023","03","23","21:00","2.6","","1.3","","91","","0.0","","7","","6","","","","99.41","","","","","","NA"
"-82.90","42.03","HARROW CDA AUTO","6133362","2023-03-23 22:00","2023","03","23","22:00","2.1","","0.7","","90","","0.0","","6","","7","","","","99.39","","","","","","NA"
"-82.90","42.03","HARROW CDA AUTO","6133362","2023-03-23 23:00","2023","03","23","23:00","1.8","","0.2","","89","","0.0","","6","","7","","","","99.36","","","","","","NA"
"-82.90","42.03","HARROW CDA AUTO","6133362","2023-03-24 00:00","2023","03","24","00:00","1.4","","-0.5","","87","","0.0","","7","","5","","","","99.44","","","","","","NA"
"-82.90","42.03","HARROW CDA AUTO","6133362","2023-03-24 01:00","2023","03","24","01:00","1.0","","-0.9","","87","","0.0","","7","","4","","","","99.47","","","","","","NA"
"-82.90","42.03","HARROW CDA AUTO","6133362","2023-03-24 02:00","2023","03","24","02:00","0.7","","-0.7","","90","","0.0","","5","","4","","","","99.50","","","","","","NA"
"-82.90","42.03","HARROW CDA AUTO","6133362","2023-03-24 03:00","2023","03","24","03:00","0.5","","-0.6","","92","","0.0","","3","","5","","","","99.41","","","","","","NA"
"-82.90","42.03","HARROW CDA AUTO","6133362","2023-03-24 04:00","2023","03","24","04:00","0.5","","-1.0","","89","","0.0","","3","","4","","","","99.45","","","","","","NA"
"-82.90","42.03","HARROW CDA AUTO","6133362","2023-03-24 05:00","2023","03","24","05:00","0.3","","-1.3","","89","","0.0","","4","","5","","","","99.44","","","","","","NA"
"-82.90","42.03","HARROW CDA AUTO","6133362","2023-03-24 06:00","2023","03","24","06:00","0.1","","-1.7","","88","","0.0","","4","","5","","","","99.48","","","","","","NA"
"-82.90","42.03","HARROW CDA AUTO","6133362","2023-03-24 07:00","2023","03","24","07:00","0.0","","-1.5","","89","","0.0","","4","","5","","","","99.51","","","","-2","","NA"
"-82.90","42.03","HARROW CDA AUTO","6133362","2023-03-24 08:00","2023","03","24","08:00","0.9","","-1.1","","87","","0.0","","4","","12","","","","99.52","","","","","","NA"
"-82.90","42.03","HARROW CDA AUTO","6133362","2023-03-24 09:00","2023","03","24","09:00","1.4","","-1.3","","82","","0.0","","6","","16","","","","99.53","","","","","","NA"
"-82.90","42.03","HARROW CDA AUTO","6133362","2023-03-24 10:00","2023","03","24","10:00","2.1","","-1.2","","79","","0.0","","5","","17","","","","99.56","","","","","","NA"
"-82.90","42.03","HARROW CDA AUTO","6133362","2023-03-24 11:00","2023","03","24","11:00","2.6","","-1.0","","77","","0.0","","5","","16","","","","99.51","","","","","","NA"
"-82.90","42.03","HARROW CDA AUTO","6133362","2023-03-24 12:00","2023","03","24","12:00","3.9","","-0.3","","74","","0.0","","5","","14","","","","99.58","","","","","","NA"
"-82.90","42.03","HARROW CDA AUTO","6133362","2023-03-24 13:00","2023","03","24","13:00","4.9","","0.2","","72","","0.0","","4","","12","","","","99.57","","","","","","NA"
"-82.90","42.03","HARROW CDA AUTO","6133362","2023-03-24 14:00","2023","03","24","14:00","5.0","","-1.1","","65","","0.0","","4","","16","","","","99.43","","","","","","NA"
"-82.90","42.03","HARROW CDA AUTO","6133362","2023-03-24 15:00","2023","03","24","15:00","4.7","","-1.0","","67","","0.0","","4","","15","","","","99.42","","","","","","NA"
"-82.90","42.03","HARROW CDA AUTO","6133362","2023-03-24 16:00","2023","03","24","16:00","5.4","","-0.4","","66","","0.0","","5","","15","","","","99.35","","","","","","NA"
"-82.90","42.03","HARROW CDA AUTO","6133362","2023-03-24 17:00","2023","03","24","17:00","3.6","","-0.3","","76","","0.0","","10","","9","","","","99.32","","","","","","NA"
"-82.90","42.03","HARROW CDA AUTO","6133362","2023-03-24 18:00","2023","03","24","18:00","2.9","","-0.8","","77","","0.0","","10","","8","","","","99.26","","","","","","NA"
"-82.90","42.03","HARROW CDA AUTO","6133362","2023-03-24 19:00","2023","03","24","19:00","2.6","","-1.0","","77","","0.0","","10","","4","","","","99.19","","","","","","NA"
"-82.90","42.03","HARROW CDA AUTO","6133362","2023-03-24 20:00","2023","03","24","20:00","2.7","","-1.3","","75","","0.0","","9","","6","","","","99.20","","","","","","NA"
"-82.90","42.03","HARROW CDA AUTO","6133362","2023-03-24 21:00","2023","03","24","21:00","2.4","","-1.4","","76","","0.0","","7","","12","","","","99.16","","","","","","NA"
"-82.90","42.03","HARROW CDA AUTO","6133362","2023-03-24 22:00","2023","03","24","22:00","2.5","","-1.9","","73","","0.0","","8","","13","","","","98.97","","","","","","NA"
"-82.90","42.03","HARROW CDA AUTO","6133362","2023-03-24 23:00","2023","03","24","23:00","2.6","","-2.2","","71","","0.0","","8","","14","","","","98.87","","","","","","NA"
"-82.90","42.03","HARROW CDA AUTO","6133362","2023-03-25 00:00","2023","03","25","00:00","2.9","","-1.7","","72","","0.0","","9","","9","","","","98.77","","","","","","NA"
"-82.90","42.03","HARROW CDA AUTO","6133362","2023-03-25 01:00","2023","03","25","01:00","2.6","","-1.0","","77","","0.0","","8","","14","","","","98.62","","","","","","NA"
"-82.90","42.03","HARROW CDA AUTO","6133362","2023-03-25 02:00","2023","03","25","02:00","2.0","","-0.3","","84","","0.5","","8","","12","","","","98.42","","","","","","NA"
"-82.90","42.03","HARROW CDA AUTO","6133362","2023-03-25 03:00","2023","03","25","03:00","1.8","","0.2","","89","","0.9","","8","","12","","","","98.16","","","","","","NA"
"-82.90","42.03","HARROW CDA AUTO","6133362","2023-03-25 04:00","2023","03","25","04:00","2.1","","1.2","","94","","2.9","","8","","14","","","","97.87","","","","","","NA"
"-82.90","42.03","HARROW CDA AUTO","6133362","2023-03-25 05:00","2023","03","25","05:00","2.6","","1.8","","95","","1.7","","9","","14","","","","97.57","","","","","","NA"
"-82.90","42.03","HARROW CDA AUTO","6133362","2023-03-25 06:00","2023","03","25","06:00","3.2","","2.6","","96","","0.2","","9","","12","","","","97.45","","","","","","NA"
"-82.90","42.03","HARROW CDA AUTO","6133362","2023-03-25 07:00","2023","03","25","07:00","4.1","","3.5","","96","","2.1","","10","","12","","","","97.21","","","","","","NA"
"-82.90","42.03","HARROW CDA AUTO","6133362","2023-03-25 08:00","2023","03","25","08:00","4.1","","3.6","","96","","2.4","","11","","15","","","","97.10","","","","","","NA"
"-82.90","42.03","HARROW CDA AUTO","6133362","2023-03-25 09:00","2023","03","25","09:00","4.9","","4.5","","97","","0.7","","13","","12","","","","97.00","","","","","","NA"
"-82.90","42.03","HARROW CDA AUTO","6133362","2023-03-25 10:00","2023","03","25","10:00","7.5","","7.2","","98","","0.0","","20","","19","","","","96.97","","","","","","NA"
"-82.90","42.03","HARROW CDA AUTO","6133362","2023-03-25 11:00","2023","03","25","11:00","8.1","","7.5","","96","","0.0","","23","","28","","","","97.02","","","","","","NA"
"-82.90","42.03","HARROW CDA AUTO","6133362","2023-03-25 12:00","2023","03","25","12:00","10.5","","8.8","","89","","0.0","","22","","23","","","","97.00","","","","","","NA"
"-82.90","42.03","HARROW CDA AUTO","6133362","2023-03-25 13:00","2023","03","25","13:00","10.0","","6.8","","80","","0.0","","24","","36","","","","97.02","","","","","","NA"
"-82.90","42.03","HARROW CDA AUTO","6133362","2023-03-25 14:00","2023","03","25","14:00","8.0","","5.2","","82","","0.0","","23","","35","","","","97.11","","","","","","NA"
"-82.90","42.03","HARROW CDA AUTO","6133362","2023-03-25 15:00","2023","03","25","15:00","6.1","","1.7","","74","","0.0","","24","","39","","","","97.25","","","","","","NA"
"-82.90","42.03","HARROW CDA AUTO","6133362","2023-03-25 16:00","2023","03","25","16:00","5.0","","0.5","","73","","0.0","","25","","43","","","","97.42","","","","","","NA"
"-82.90","42.03","HARROW CDA AUTO","6133362","2023-03-25 17:00","2023","03","25","17:00","4.8","","-0.5","","69","","0.0","","25","","50","","","","97.59","","","","","","NA"
"-82.90","42.03","HARROW CDA AUTO","6133362","2023-03-25 18:00","2023","03","25","18:00","4.1","","-0.9","","70","","0.0","","25","","40","","","","97.78","","","","","","NA"
"-82.90","42.03","HARROW CDA AUTO","6133362","2023-03-25 19:00","2023","03","25","19:00","3.6","","-0.9","","72","","0.0","","26","","38","","","","98.00","","","","","","NA"
"-82.90","42.03","HARROW CDA AUTO","6133362","2023-03-25 20:00","2023","03","25","20:00","2.5","","0.0","","84","","0.0","","27","","31","","","","98.21","","","","","","NA"
"-82.90","42.03","HARROW CDA AUTO","6133362","2023-03-25 21:00","2023","03","25","21:00","3.0","","-0.7","","77","","0.0","","27","","32","","","","98.39","","","","","","NA"
"-82.90","42.03","HARROW CDA AUTO","6133362","2023-03-25 22:00","2023","03","25","22:00","3.2","","-0.6","","76","","0.0","","27","","28","","","","98.53","","","","","","NA"
"-82.90","42.03","HARROW CDA AUTO","6133362","2023-03-25 23:00","2023","03","25","23:00","3.1","","-0.2","","79","","0.0","","27","","25","","","","98.66","","","","","","NA"
"-82.90","42.03","HARROW CDA AUTO","6133362","2023-03-26 00:00","2023","03","26","00:00","2.7","","-0.7","","78","","0.0","","27","","21","","","","98.74","","","","","","NA"
"-82.90","42.03","HARROW CDA AUTO","6133362","2023-03-26 01:00","2023","03","26","01:00","2.5","","-1.1","","77","","0.0","","25","","20","","","","98.82","","","","","","NA"
"-82.90","42.03","HARROW CDA AUTO","6133362","2023-03-26 02:00","2023","03","26","02:00","2.5","","-1.6","","74","","0.0","","25","","21","","","","98.90","","","","","","NA"
"-82.90","42.03","HARROW CDA AUTO","6133362","2023-03-26 03:00","2023","03","26","03:00","2.5","","-1.1","","77","","0.0","","25","","18","","","","98.96","","","","","","NA"
"-82.90","42.03","HARROW CDA AUTO","6133362","2023-03-26 04:00","2023","03","26","04:00","2.2","","-1.4","","77","","0.0","","25","","15","","","","99.00","","","","","","NA"
"-82.90","42.03","HARROW CDA AUTO","6133362","2023-03-26 05:00","2023","03","26","05:00","1.8","","-1.3","","80","","0.0","","25","","13","","","","99.04","","","","","","NA"
"-82.90","42.03","HARROW CDA AUTO","6133362","2023-03-26 06:00","2023","03","26","06:00","1.5","","-1.6","","80","","0.0","","25","","11","","","","99.07","","","","","","NA"
"-82.90","42.03","HARROW CDA AUTO","6133362","2023-03-26 07:00","2023","03","26","07:00","2.1","","-1.2","","79","","0.0","","25","","17","","","","99.17","","","","","","NA"
"-82.90","42.03","HARROW CDA AUTO","6133362","2023-03-26 08:00","2023","03","26","08:00","3.5","","-0.2","","77","","0.0","","25","","16","","","","99.28","","","","","","NA"
"-82.90","42.03","HARROW CDA AUTO","6133362","2023-03-26 09:00","2023","03","26","09:00","4.5","","-0.1","","72","","0.0","","26","","13","","","","99.29","","","","","","NA"
"-82.90","42.03","HARROW CDA AUTO","6133362","2023-03-26 10:00","2023","03","26","10:00","5.5","","0.8","","72","","0.0","","23","","13","","","","99.30","","","","","","NA"
"-82.90","42.03","HARROW CDA AUTO","6133362","2023-03-26 11:00","2023","03","26","11:00","6.8","","0.2","","63","","0.0","","26","","11","","","","99.29","","","","","","NA"
"-82.90","42.03","HARROW CDA AUTO","6133362","2023-03-26 12:00","2023","03","26","12:00","7.7","","0.1","","59","","0.0","","24","","13","","","","99.26","","","","","","NA"
"-82.90","42.03","HARROW CDA AUTO","6133362","2023-03-26 13:00","2023","03","26","13:00","9.0","","-0.2","","52","","0.0","","22","","14","","","","99.28","","","","","","NA"
"-82.90","42.03","HARROW CDA AUTO","6133362","2023-03-26 14:00","2023","03","26","14:00","10.6","","0.8","","50","","0.0","","23","","16","","","","99.25","","","","","","NA"
"-82.90","42.03","HARROW CDA AUTO","6133362","2023-03-26 15:00","2023","03","26","15:00","11.2","","0.4","","47","","0.0","","20","","15","","","","99.24","","","","","","NA"
"-82.90","42.03","HARROW CDA AUTO","6133362","2023-03-26 16:00","2023","03","26","16:00","10.8","","0.9","","50","","0.0","","22","","12","","","","99.27","","","","","","NA"
"-82.90","42.03","HARROW CDA AUTO","6133362","2023-03-26 17:00","2023","03","26","17:00","9.8","","1.8","","58","","0.0","","22","","8","","","","99.28","","","","","","NA"
"-82.90","42.03","HARROW CDA AUTO","6133362","2023-03-26 18:00","2023","03","26","18:00","10.5","","1.7","","55","","0.0","","26","","2","","","","99.24","","","","","","NA"
"-82.90","42.03","HARROW CDA AUTO","6133362","2023-03-26 19:00","2023","03","26","19:00","6.8","","2.4","","74","","0.0","","14","","4","","","","99.17","","","","","","NA"
"-82.90","42.03","HARROW CDA AUTO","6133362","2023-03-26 20:00","2023","03","26","20:00","6.1","","1.7","","73","","0.0","","13","","5","","","","99.14","","","","","","NA"
"-82.90","42.03","HARROW CDA AUTO","6133362","2023-03-26 21:00","2023","03","26","21:00","4.7","","1.6","","80","","0.0","","11","","5","","","","99.16","","","","","","NA"
"-82.90","42.03","HARROW CDA AUTO","6133362","2023-03-26 22:00","2023","03","26","22:00","4.8","","1.6","","80","","0.0","","12","","5","","","","99.12","","","","","","NA"
"-82.90","42.03","HARROW CDA AUTO","6133362","2023-03-26 23:00","2023","03","26","23:00","4.4","","2.0","","85","","0.0","","4","","7","","","","99.10","","","","","","NA"
"-82.90","42.03","HARROW CDA AUTO","6133362","2023-03-27 00:00","2023","03","27","00:00","6.1","","2.6","","78","","0.0","","36","","10","","","","99.14","","","","","","NA"
"-82.90","42.03","HARROW CDA AUTO","6133362","2023-03-27 01:00","2023","03","27","01:00","6.3","","3.2","","81","","0.0","","2","","11","","","","99.12","","","","","","NA"
"-82.90","42.03","HARROW CDA AUTO","6133362","2023-03-27 02:00","2023","03","27","02:00","5.9","","4.1","","89","","0.2","","5","","13","","","","99.04","","","","","","NA"
"-82.90","42.03","HARROW CDA AUTO","6133362","2023-03-27 03:00","2023","03","27","03:00","5.8","","4.7","","93","","0.9","","6","","16","","","","98.93","","","","","","NA"
"-82.90","42.03","HARROW CDA AUTO","6133362","2023-03-27 04:00","2023","03","27","04:00","6.0","","5.1","","94","","1.5","","9","","8","","","","98.89","","","","","","NA"
"-82.90","42.03","HARROW CDA AUTO","6133362","2023-03-27 05:00","2023","03","27","05:00","5.7","","4.8","","94","","0.1","","8","","4","","","","98.96","","","","","","NA"
"-82.90","42.03","HARROW CDA AUTO","6133362","2023-03-27 06:00","2023","03","27","06:00","5.6","","4.8","","95","","0.0","","36","","7","","","","98.99","","","","","","NA"
"-82.90","42.03","HARROW CDA AUTO","6133362","2023-03-27 07:00","2023","03","27","07:00","5.0","","4.4","","96","","0.0","","2","","13","","","","99.05","","","","","","NA"
"-82.90","42.03","HARROW CDA AUTO","6133362","2023-03-27 08:00","2023","03","27","08:00","4.2","","3.5","","95","","0.0","","2","","15","","","","99.11","","","","","","NA"
"-82.90","42.03","HARROW CDA AUTO","6133362","2023-03-27 09:00","2023","03","27","09:00","4.0","","3.0","","93","","0.0","","3","","16","","","","99.12","","","","","","NA"
"-82.90","42.03","HARROW CDA AUTO","6133362","2023-03-27 10:00","2023","03","27","10:00","4.0","","2.8","","92","","0.0","","2","","21","","","","99.16","","","","","","NA"
"-82.90","42.03","HARROW CDA AUTO","6133362","2023-03-27 11:00","2023","03","27","11:00","4.0","","2.4","","90","","0.0","","2","","18","","","","99.24","","","","","","NA"
"-82.90","42.03","HARROW CDA AUTO","6133362","2023-03-27 12:00","2023","03","27","12:00","4.0","","2.2","","88","","0.0","","2","","20","","","","99.28","","","","","","NA"
"-82.90","42.03","HARROW CDA AUTO","6133362","2023-03-27 13:00","2023","03","27","13:00","5.1","","3.4","","88","","0.0","","2","","20","","","","99.34","","","","","","NA"
"-82.90","42.03","HARROW CDA AUTO","6133362","2023-03-27 14:00","2023","03","27","14:00","4.5","","2.6","","88","","0.0","","1","","20","","","","99.36","","","","","","NA"
"-82.90","42.03","HARROW CDA AUTO","6133362","2023-03-27 15:00","2023","03","27","15:00","5.1","","2.3","","83","","0.0","","2","","17","","","","99.44","","","","","","NA"
"-82.90","42.03","HARROW CDA AUTO","6133362","2023-03-27 16:00","2023","03","27","16:00","5.1","","2.2","","81","","0.0","","1","","19","","","","99.53","","","","","","NA"
"-82.90","42.03","HARROW CDA AUTO","6133362","2023-03-27 17:00","2023","03","27","17:00","5.4","","2.5","","82","","0.0","","2","","13","","","","99.60","","","","","","NA"
"-82.90","42.03","HARROW CDA AUTO","6133362","2023-03-27 18:00","2023","03","27","18:00","5.6","","1.0","","73","","0.0","","4","","11","","","","99.67","","","","","","NA"
"-82.90","42.03","HARROW CDA AUTO","6133362","2023-03-27 19:00","2023","03","27","19:00","3.2","","0.5","","82","","0.0","","5","","8","","","","99.73","","","","","","NA"
"-82.90","42.03","HARROW CDA AUTO","6133362","2023-03-27 20:00","2023","03","27","20:00","1.6","","0.0","","89","","0.0","","7","","2","","","","99.81","","","","","","NA"
"-82.90","42.03","HARROW CDA AUTO","6133362","2023-03-27 21:00","2023","03","27","21:00","1.7","","0.4","","91","","0.0","","6","","3","","","","99.88","","","","","","NA"
"-82.90","42.03","HARROW CDA AUTO","6133362","2023-03-27 22:00","2023","03","27","22:00","-0.3","","-1.3","","93","","0.0","","34","","1","","","","99.91","","","","-1","","NA"
"-82.90","42.03","HARROW CDA AUTO","6133362","2023-03-27 23:00","2023","03","27","23:00","-1.1","","-1.6","","96","","0.0","","33","","2","","","","99.91","","","","-2","","NA"
"-82.90","42.03","HARROW CDA AUTO","6133362","2023-03-28 00:00","2023","03","28","00:00","-1.3","","-1.8","","96","","0.0","","36","","4","","","","99.93","","","","-3","","NA"
"-82.90","42.03","HARROW CDA AUTO","6133362","2023-03-28 01:00","2023","03","28","01:00","-0.5","","-1.8","","91","","0.0","","2","","5","","","","99.93","","","","-2","","NA"
"-82.90","42.03","HARROW CDA AUTO","6133362","2023-03-28 02:00","2023","03","28","02:00","-1.4","","-2.6","","92","","0.0","","35","","5","","","","99.93","","","","-3","","NA"
"-82.90","42.03","HARROW CDA AUTO","6133362","2023-03-28 03:00","2023","03","28","03:00","-1.7","","-2.6","","94","","0.0","","36","","5","","","","99.96","","","","-4","","NA"
"-82.90","42.03","HARROW CDA AUTO","6133362","2023-03-28 04:00","2023","03","28","04:00","-1.8","","-2.5","","95","","0.0","","34","","3","","","","99.98","","","","-3","","NA"
"-82.90","42.03","HARROW CDA AUTO","6133362","2023-03-28 05:00","2023","03","28","05:00","-2.2","","-2.9","","95","","0.0","","32","","4","","","","100.02","","","","-4","","NA"
"-82.90","42.03","HARROW CDA AUTO","6133362","2023-03-28 06:00","2023","03","28","06:00","-2.6","","-3.5","","94","","0.0","","1","","4","","","","100.02","","","","-4","","NA"
"-82.90","42.03","HARROW CDA AUTO","6133362","2023-03-28 07:00","2023","03","28","07:00","-2.2","","-2.9","","95","","0.0","","2","","4","","","","100.04","","","","-4","","NA"
"-82.90","42.03","HARROW CDA AUTO","6133362","2023-03-28 08:00","2023","03","28","08:00","1.1","","-1.7","","82","","0.0","","2","","7","","","","100.03","","","","","","NA"
"-82.90","42.03","HARROW CDA AUTO","6133362","2023-03-28 09:00","2023","03","28","09:00","2.7","","-2.4","","69","","0.0","","1","","9","","","","100.07","","","","","","NA"
"-82.90","42.03","HARROW CDA AUTO","6133362","2023-03-28 10:00","2023","03","28","10:00","4.9","","-1.7","","62","","0.0","","2","","8","","","","100.06","","","","","","NA"
"-82.90","42.03","HARROW CDA AUTO","6133362","2023-03-28 11:00","2023","03","28","11:00","6.5","","-2.4","","53","","0.0","","36","","6","","","","100.09","","","","","","NA"
"-82.90","42.03","HARROW CDA AUTO","6133362","2023-03-28 12:00","2023","03","28","12:00","7.3","","-3.8","","45","","0.0","","33","","8","","","","100.11","","","","","","NA"
"-82.90","42.03","HARROW CDA AUTO","6133362","2023-03-28 13:00","2023","03","28","13:00","7.4","","-3.3","","46","","0.0","","32","","9","","","","100.05","","","","","","NA"
"-82.90","42.03","HARROW CDA AUTO","6133362","2023-03-28 14:00","2023","03","28","14:00","6.6","","-1.5","","56","","0.0","","20","","16","","","","100.00","","","","","","NA"
"-82.90","42.03","HARROW CDA AUTO","6133362","2023-03-28 15:00","2023","03","28","15:00","6.9","","-1.5","","55","","0.0","","21","","13","","","","99.96","","","","","","NA"
"-82.90","42.03","HARROW CDA AUTO","6133362","2023-03-28 16:00","2023","03","28","16:00","6.9","","-0.9","","58","","0.0","","20","","15","","","","99.95","","","","","","NA"
"-82.90","42.03","HARROW CDA AUTO","6133362","2023-03-28 17:00","2023","03","28","17:00","7.1","","-1.1","","56","","0.0","","21","","10","","","","99.92","","","","","","NA"
"-82.90","42.03","HARROW CDA AUTO","6133362","2023-03-28 18:00","2023","03","28","18:00","5.4","","-0.6","","65","","0.0","","18","","12","","","","99.93","","","","","","NA"
"-82.90","42.03","HARROW CDA AUTO","6133362","2023-03-28 19:00","2023","03","28","19:00","3.7","","-0.7","","73","","0.0","","19","","12","","","","99.93","","","","","","NA"
"-82.90","42.03","HARROW CDA AUTO","6133362","2023-03-28 20:00","2023","03","28","20:00","3.9","","-0.8","","71","","0.0","","20","","12","","","","99.94","","","","","","NA"
"-82.90","42.03","HARROW CDA AUTO","6133362","2023-03-28 21:00","2023","03","28","21:00","4.1","","-0.4","","73","","0.0","","21","","11","","","","99.94","","","","","","NA"
"-82.90","42.03","HARROW CDA AUTO","6133362","2023-03-28 22:00","2023","03","28","22:00","3.9","","-0.7","","72","","0.0","","22","","10","","","","99.91","","","","","","NA"
"-82.90","42.03","HARROW CDA AUTO","6133362","2023-03-28 23:00","2023","03","28","23:00","4.2","","0.2","","75","","0.0","","25","","14","","","","99.87","","","","","","NA"
"-82.90","42.03","HARROW CDA AUTO","6133362","2023-03-29 00:00","2023","03","29","00:00","3.6","","-0.8","","73","","0.0","","26","","11","","","","99.84","","","","","","NA"
"-82.90","42.03","HARROW CDA AUTO","6133362","2023-03-29 01:00","2023","03","29","01:00","2.2","","-1.5","","77","","0.0","","25","","8","","","","99.81","","","","","","NA"
"-82.90","42.03","HARROW CDA AUTO","6133362","2023-03-29 02:00","2023","03","29","02:00","2.2","","-0.8","","81","","0.0","","25","","9","","","","99.83","","","","","","NA"
"-82.90","42.03","HARROW CDA AUTO","6133362","2023-03-29 03:00","2023","03","29","03:00","1.8","","-1.2","","80","","0.0","","23","","9","","","","99.78","","","","","","NA"
"-82.90","42.03","HARROW CDA AUTO","6133362","2023-03-29 04:00","2023","03","29","04:00","2.7","","-0.8","","78","","0.0","","24","","12","","","","99.75","","","","","","NA"
"-82.90","42.03","HARROW CDA AUTO","6133362","2023-03-29 05:00","2023","03","29","05:00","2.8","","-0.9","","76","","0.0","","24","","12","","","","99.75","","","","","","NA"
"-82.90","42.03","HARROW CDA AUTO","6133362","2023-03-29 06:00","2023","03","29","06:00","3.2","","-0.4","","77","","0.0","","24","","13","","","","99.74","","","","","","NA"
"-82.90","42.03","HARROW CDA AUTO","6133362","2023-03-29 07:00","2023","03","29","07:00","3.1","","-0.7","","76","","0.0","","24","","13","","","","99.73","","","","","","NA"
"-82.90","42.03","HARROW CDA AUTO","6133362","2023-03-29 08:00","2023","03","29","08:00","3.6","","0.0","","77","","0.0","","23","","15","","","","99.70","","","","","","NA"
"-82.90","42.03","HARROW CDA AUTO","6133362","2023-03-29 09:00","2023","03","29","09:00","4.2","","0.2","","75","","0.0","","23","","19","","","","99.62","","","","","","NA"
"-82.90","42.03","HARROW CDA AUTO","6133362","2023-03-29 10:00","2023","03","29","10:00","5.0","","-0.3","","69","","0.0","","22","","21","","","","99.56","","","","","","NA"
"-82.90","42.03","HARROW CDA AUTO","6133362","2023-03-29 11:00","2023","03","29","11:00","7.1","","-0.9","","57","","0.0","","23","","24","","","","99.51","","","","","","NA"
"-82.90","42.03","HARROW CDA AUTO","6133362","2023-03-29 12:00","2023","03","29","12:00","8.2","","-2.7","","46","","0.0","","26","","31","","","","99.47","","","","","","NA"
"-82.90","42.03","HARROW CDA AUTO","6133362","2023-03-29 13:00","2023","03","29","13:00","5.9","","-0.3","","65","","0.0","","28","","35","","","","99.52","","","","","","NA"
"-82.90","42.03","HARROW CDA AUTO","6133362","2023-03-29 14:00","2023","03","29","14:00","2.6","","0.6","","86","","0.0","","30","","20","","","","99.66","","","","","","NA"
"-82.90","42.03","HARROW CDA AUTO","6133362","2023-03-29 15:00","2023","03","29","15:00","1.0","","-0.6","","89","","0.0","","33","","20","","","","99.74","","","","","","NA"
"-82.90","42.03","HARROW CDA AUTO","6133362","2023-03-29 16:00","2023","03","29","16:00","4.4","","-4.7","","52","","0.0","","31","","18","","","","99.73","","","","","","NA"
"-82.90","42.03","HARROW CDA AUTO","6133362","2023-03-29 17:00","2023","03","29","17:00","4.7","","-8.2","","39","","0.0","","30","","17","","","","99.78","","","","","","NA"
"-82.90","42.03","HARROW CDA AUTO","6133362","2023-03-29 18:00","2023","03","29","18:00","3.6","","-10.8","","34","","0.0","","31","","13","","","","99.88","","","","","","NA"
"-82.90","42.03","HARROW CDA AUTO","6133362","2023-03-29 19:00","2023","03","29","19:00","1.8","","-10.3","","40","","0.0","","31","","9","","","","99.96","","","","","","NA"
"-82.90","42.03","HARROW CDA AUTO","6133362","2023-03-29 20:00","2023","03","29","20:00","0.4","","-10.2","","45","","0.0","","31","","6","","","","100.05","","","","","","NA"
"-82.90","42.03","HARROW CDA AUTO","6133362","2023-03-29 21:00","2023","03","29","21:00","-0.8","","-9.4","","52","","0.0","","30","","4","","","","100.13","","","","-2","","NA"
"-82.90","42.03","HARROW CDA AUTO","6133362","2023-03-29 22:00","2023","03","29","22:00","-2.3","","-8.9","","61","","0.0","","33","","2","","","","100.21","","","","-3","","NA"
"-82.90","42.03","HARROW CDA AUTO","6133362","2023-03-29 23:00","2023","03","29","23:00","-2.8","","-9.1","","62","","0.0","","35","","4","","","","100.26","","","","-4","","NA"
"-82.90","42.03","HARROW CDA AUTO","6133362","2023-03-30 00:00","2023","03","30","00:00","-2.1","","-9.2","","58","","0.0","","1","","7","","","","100.29","","","","-5","","NA"
"-82.90","42.03","HARROW CDA AUTO","6133362","2023-03-30 01:00","2023","03","30","01:00","-2.7","","-10.8","","54","","0.0","","1","","8","","","","100.31","","","","-6","","NA"
"-82.90","42.03","HARROW CDA AUTO","6133362","2023-03-30 02:00","2023","03","30","02:00","-3.7","","-11.2","","56","","0.0","","1","","5","","","","100.35","","","","-6","","NA"
"-82.90","42.03","HARROW CDA AUTO","6133362","2023-03-30 03:00","2023","03","30","03:00","-4.2","","-10.9","","60","","0.0","","36","","4","","","","100.41","","","","-6","","NA"
"-82.90","42.03","HARROW CDA AUTO","6133362","2023-03-30 04:00","2023","03","30","04:00","-5.9","","-10.1","","72","","0.0","","7","","1","","","","100.42","","","","-6","","NA"
"-82.90","42.03","HARROW CDA AUTO","6133362","2023-03-30 05:00","2023","03","30","05:00","-6.7","","-10.7","","73","","0.0","","","","0","","","","100.44","","","","","","NA"
"-82.90","42.03","HARROW CDA AUTO","6133362","2023-03-30 06:00","2023","03","30","06:00","-6.9","","-9.3","","83","","0.0","","","","0","","","","100.48","","","","","","NA"
"-82.90","42.03","HARROW CDA AUTO","6133362","2023-03-30 07:00","2023","03","30","07:00","-5.3","","-8.6","","78","","0.0","","7","","4","","","","100.54","","","","-7","","NA"
"-82.90","42.03","HARROW CDA AUTO","6133362","2023-03-30 08:00","2023","03","30","08:00","-1.4","","-9.0","","56","","0.0","","8","","6","","","","100.54","","","","-4","","NA"
"-82.90","42.03","HARROW CDA AUTO","6133362","2023-03-30 09:00","2023","03","30","09:00","0.4","","-7.7","","55","","0.0","","12","","8","","","","100.53","","","","","","NA"
"-82.90","42.03","HARROW CDA AUTO","6133362","2023-03-30 10:00","2023","03","30","10:00","0.7","","-8.2","","51","","0.0","","15","","11","","","","100.53","","","","","","NA"
"-82.90","42.03","HARROW CDA AUTO","6133362","2023-03-30 11:00","2023","03","30","11:00","1.5","","-7.2","","52","","0.0","","17","","13","","","","100.52","","","","","","NA"
"-82.90","42.03","HARROW CDA AUTO","6133362","2023-03-30 12:00","2023","03","30","12:00","2.3","","-5.2","","57","","0.0","","18","","17","","","","100.47","","","","","","NA"
"-82.90","42.03","HARROW CDA AUTO","6133362","2023-03-30 13:00","2023","03","30","13:00","2.4","","-5.9","","54","","0.0","","18","","13","","","","100.42","","","","","","NA"
"-82.90","42.03","HARROW CDA AUTO","6133362","2023-03-30 14:00","2023","03","30","14:00","2.8","","-6.3","","51","","0.0","","16","","10","","","","100.33","","","","","","NA"
"-82.90","42.03","HARROW CDA AUTO","6133362","2023-03-30 15:00","2023","03","30","15:00","4.1","","-5.1","","51","","0.0","","15","","11","","","","100.18","","","","","","NA"
"-82.90","42.03","HARROW CDA AUTO","6133362","2023-03-30 16:00","2023","03","30","16:00","4.2","","-4.6","","53","","0.0","","15","","12","","","","100.15","","","","","","NA"
"-82.90","42.03","HARROW CDA AUTO","6133362","2023-03-30 17:00","2023","03","30","17:00","4.1","","-3.6","","58","","0.0","","12","","8","","","","100.09","","","","","","NA"
"-82.90","42.03","HARROW CDA AUTO","6133362","2023-03-30 18:00","2023","03","30","18:00","3.0","","-3.4","","63","","0.0","","13","","9","","","","100.05","","","","","","NA"
"-82.90","42.03","HARROW CDA AUTO","6133362","2023-03-30 19:00","2023","03","30","19:00","2.0","","-2.6","","72","","0.0","","14","","8","","","","100.01","","","","","","NA"
"-82.90","42.03","HARROW CDA AUTO","6133362","2023-03-30 20:00","2023","03","30","20:00","2.1","","-1.9","","75","","0.0","","13","","9","","","","100.00","","","","","","NA"
"-82.90","42.03","HARROW CDA AUTO","6133362","2023-03-30 21:00","2023","03","30","21:00","2.0","","-0.8","","82","","0.0","","12","","7","","","","99.97","","","","","","NA"
"-82.90","42.03","HARROW CDA AUTO","6133362","2023-03-30 22:00","2023","03","30","22:00","2.3","","-0.6","","81","","0.0","","11","","8","","","","99.84","","","","","","NA"
"-82.90","42.03","HARROW CDA AUTO","6133362","2023-03-30 23:00","2023","03","30","23:00","2.1","","-0.4","","83","","0.0","","12","","7","","","","99.75","","","","","","NA"
"-82.90","42.03","HARROW CDA AUTO","6133362","2023-03-31 00:00","2023","03","31","00:00","3.3","","0.0","","79","","0.0","","13","","9","","","","99.63","","","","","","NA"
"-82.90","42.03","HARROW CDA AUTO","6133362","2023-03-31 01:00","2023","03","31","01:00","5.1","","-0.3","","68","","0.0","","14","","10","","","","99.44","","","","","","NA"
"-82.90","42.03","HARROW CDA AUTO","6133362","2023-03-31 02:00","2023","03","31","02:00","5.1","","0.4","","71","","0.0","","12","","8","","","","99.35","","","","","","NA"
"-82.90","42.03","HARROW CDA AUTO","6133362","2023-03-31 03:00","2023","03","31","03:00","5.3","","0.6","","72","","0.0","","10","","4","","","","99.29","","","","","","NA"
"-82.90","42.03","HARROW CDA AUTO","6133362","2023-03-31 04:00","2023","03","31","04:00","5.1","","0.9","","74","","0.1","","5","","12","","","","99.32","","","","","","NA"
"-82.90","42.03","HARROW CDA AUTO","6133362","2023-03-31 05:00","2023","03","31","05:00","3.9","","1.8","","86","","0.5","","8","","8","","","","99.29","","","","","","NA"
"-82.90","42.03","HARROW CDA AUTO","6133362","2023-03-31 06:00","2023","03","31","06:00","4.7","","1.9","","83","","0.9","","11","","9","","","","99.19","","","","","","NA"
"-82.90","42.03","HARROW CDA AUTO","6133362","2023-03-31 07:00","2023","03","31","07:00","4.5","","2.3","","85","","0.9","","13","","13","","","","99.09","","","","","","NA"
"-82.90","42.03","HARROW CDA AUTO","6133362","2023-03-31 08:00","2023","03","31","08:00","5.7","","1.7","","75","","0.0","","14","","18","","","","98.91","","","","","","NA"
"-82.90","42.03","HARROW CDA AUTO","6133362","2023-03-31 09:00","2023","03","31","09:00","5.7","","3.7","","86","","0.3","","16","","24","","","","98.75","","","","","","NA"
"-82.90","42.03","HARROW CDA AUTO","6133362","2023-03-31 10:00","2023","03","31","10:00","5.8","","4.7","","93","","1.0","","17","","18","","","","98.74","","","","","","NA"
"-82.90","42.03","HARROW CDA AUTO","6133362","2023-03-31 11:00","2023","03","31","11:00","6.4","","5.9","","96","","3.6","","18","","15","","","","98.65","","","","","","NA"
"-82.90","42.03","HARROW CDA AUTO","6133362","2023-03-31 12:00","2023","03","31","12:00","7.7","","7.3","","97","","1.5","","19","","15","","","","98.54","","","","","","NA"
"-82.90","42.03","HARROW CDA AUTO","6133362","2023-03-31 13:00","2023","03","31","13:00","9.0","","8.4","","96","","0.0","","20","","17","","","","98.44","","","","","","NA"
"-82.90","42.03","HARROW CDA AUTO","6133362","2023-03-31 14:00","2023","03","31","14:00","10.3","","8.7","","90","","0.0","","21","","20","","","","98.35","","","","","","NA"
"-82.90","42.03","HARROW CDA AUTO","6133362","2023-03-31 15:00","2023","03","31","15:00","9.5","","8.3","","92","","0.0","","20","","17","","","","98.29","","","","","","NA"
"-82.90","42.03","HARROW CDA AUTO","6133362","2023-03-31 16:00","2023","03","31","16:00","9.6","","8.5","","93","","0.0","","19","","20","","","","98.18","","","","","","NA"
"-82.90","42.03","HARROW CDA AUTO","6133362","2023-03-31 17:00","2023","03","31","17:00","10.0","","8.7","","92","","0.0","","20","","18","","","","98.15","","","","","","NA"
"-82.90","42.03","HARROW CDA AUTO","6133362","2023-03-31 18:00","2023","03","31","18:00","11.3","","9.7","","90","","0.0","","21","","19","","","","98.12","","","","","","NA"
"-82.90","42.03","HARROW CDA AUTO","6133362","2023-03-31 19:00","2023","03","31","19:00","11.0","","9.7","","92","","0.0","","20","","23","","","","98.07","","","","","","NA"
"-82.90","42.03","HARROW CDA AUTO","6133362","2023-03-31 20:00","2023","03","31","20:00","10.7","","9.5","","92","","0.0","","20","","21","","","","97.98","","","","","","NA"
"-82.90","42.03","HARROW CDA AUTO","6133362","2023-03-31 21:00","2023","03","31","21:00","11.0","","10.5","","97","","5.5","","18","","28","","","","97.85","","","","","","NA"
"-82.90","42.03","HARROW CDA AUTO","6133362","2023-03-31 22:00","2023","03","31","22:00","10.6","","10.0","","96","","1.2","","16","","19","","","","97.59","","","","","","NA"
"-82.90","42.03","HARROW CDA AUTO","6133362","2023-03-31 23:00","2023","03","31","23:00","10.7","","9.9","","95","","1.9","","18","","28","","","","97.32","","","","","","NA"
