"Longitude (x)","Latitude (y)","Station Name","Climate ID","Date/Time (LST)","Year","Month","Day","Time (LST)","Temp (°C)","Temp Flag","Dew Point Temp (°C)","Dew Point Temp Flag","Rel Hum (%)","Rel Hum Flag","Precip. Amount (mm)","Precip. Amount Flag","Wind Dir (10s deg)","Wind Dir Flag","Wind Spd (km/h)","Wind Spd Flag","Visibility (km)","Visibility Flag","Stn Press (kPa)","Stn Press Flag","Hmdx","Hmdx Flag","Wind Chill","Wind Chill Flag","Weather"
"-123.30","49.11","SANDHEADS CS","1107010","2022-01-01 00:00","2022","01","01","00:00","-4.8","","-11.2","","61","","","","10","","26","","","","","","","","-12","","NA"
"-123.30","49.11","SANDHEADS CS","1107010","2022-01-01 01:00","2022","01","01","01:00","-4.5","","-9.5","","68","","","","10","","25","","","","","","","","-12","","NA"
"-123.30","49.11","SANDHEADS CS","1107010","2022-01-01 02:00","2022","01","01","02:00","-4.1","","-10.1","","63","","","","10","","28","","","","","","","","-12","","NA"
"-123.30","49.11","SANDHEADS CS","1107010","2022-01-01 03:00","2022","01","01","03:00","-4.1","","-9.4","","66","","","","11","","26","","","","","","","","-11","","NA"
"-123.30","49.11","SANDHEADS CS","1107010","2022-01-01 04:00","2022","01","01","04:00","-3.8","","-9.1","","67","","","","10","","24","","","","","","","","-11","","NA"
"-123.30","49.11","SANDHEADS CS","1107010","2022-01-01 05:00","2022","01","01","05:00","-3.5","","-9.5","","63","","","","10","","28","","","","","","","","-11","","NA"
"-123.30","49.11","SANDHEADS CS","1107010","2022-01-01 06:00","2022","01","01","06:00","-3.1","","-9.4","","62","","","","10","","28","","","","","","","","-10","","NA"
"-123.30","49.11","SANDHEADS CS","1107010","2022-01-01 07:00","2022","01","01","07:00","-2.9","","-9.1","","62","","","","10","","28","","","","","","","","-10","","NA"
"-123.30","49.11","SANDHEADS CS","1107010","2022-01-01 08:00","2022","01","01","08:00","-2.6","","-7.2","","71","","","","10","","26","","","","","","","","-9","","NA"
"-123.30","49.11","SANDHEADS CS","1107010","2022-01-01 09:00","2022","01","01","09:00","-2.4","","-7.6","","67","","","","9","","27","","","","","","","","-9","","NA"
"-123.30","49.11","SANDHEADS CS","1107010","2022-01-01 10:00","2022","01","01","10:00","-2.0","","-7.3","","67","","","","9","","27","","","","","","","","-9","","NA"
"-123.30","49.11","SANDHEADS CS","1107010","2022-01-01 11:00","2022","01","01","11:00","-1.7","","-6.2","","71","","","","10","","26","","","","","","","","-8","","NA"
"-123.30","49.11","SANDHEADS CS","1107010","2022-01-01 12:00","2022","01","01","12:00","-1.5","","-6.4","","69","","","","9","","24","","","","","","","","-8","","NA"
"-123.30","49.11","SANDHEADS CS","1107010","2022-01-01 13:00","2022","01","01","13:00","-0.8","","-6.5","","66","","","","8","","27","","","","","","","","-7","","NA"
"-123.30","49.11","SANDHEADS CS","1107010","2022-01-01 14:00","2022","01","01","14:00","-0.2","","-6.7","","62","","","","9","","28","","","","","","","","-7","","NA"
"-123.30","49.11","SANDHEADS CS","1107010","2022-01-01 15:00","2022","01","01","15:00","0.2","","-6.4","","61","","","","9","","29","","","","","","","","","","NA"
"-123.30","49.11","SANDHEADS CS","1107010","2022-01-01 16:00","2022","01","01","16:00","0.4","","-6.0","","62","","","","9","","34","","","","","","","","","","NA"
"-123.30","49.11","SANDHEADS CS","1107010","2022-01-01 17:00","2022","01","01","17:00","0.9","","-6.0","","60","","","","9","","31","","","","","","","","","","NA"
"-123.30","49.11","SANDHEADS CS","1107010","2022-01-01 18:00","2022","01","01","18:00","0.8","","-5.4","","63","","","","10","","35","","","","","","","","","","NA"
"-123.30","49.11","SANDHEADS CS","1107010","2022-01-01 19:00","2022","01","01","19:00","0.8","","-4.7","","67","","","","10","","38","","","","","","","","","","NA"
"-123.30","49.11","SANDHEADS CS","1107010","2022-01-01 20:00","2022","01","01","20:00","1.0","","-5.0","","64","","","","10","","44","","","","","","","","","","NA"
"-123.30","49.11","SANDHEADS CS","1107010","2022-01-01 21:00","2022","01","01","21:00","1.5","","-4.6","","64","","","","11","","41","","","","","","","","","","NA"
"-123.30","49.11","SANDHEADS CS","1107010","2022-01-01 22:00","2022","01","01","22:00","3.2","","-2.0","","69","","","","14","","49","","","","","","","","","","NA"
"-123.30","49.11","SANDHEADS CS","1107010","2022-01-01 23:00","2022","01","01","23:00","4.0","","-0.7","","71","","","","15","","50","","","","","","","","","","NA"
"-123.30","49.11","SANDHEADS CS","1107010","2022-01-02 00:00","2022","01","02","00:00","4.1","","-0.5","","72","","","","14","","58","","","","","","","","","","NA"
"-123.30","49.11","SANDHEADS CS","1107010","2022-01-02 01:00","2022","01","02","01:00","4.6","","0.4","","74","","","","15","","47","","","","","","","","","","NA"
"-123.30","49.11","SANDHEADS CS","1107010","2022-01-02 02:00","2022","01","02","02:00","4.6","","1.1","","78","","","","13","","29","","","","","","","","","","NA"
"-123.30","49.11","SANDHEADS CS","1107010","2022-01-02 03:00","2022","01","02","03:00","3.0","","1.3","","88","","","","5","","32","","","","","","","","","","NA"
"-123.30","49.11","SANDHEADS CS","1107010","2022-01-02 04:00","2022","01","02","04:00","2.0","","1.5","","97","","","","7","","38","","","","","","","","","","NA"
"-123.30","49.11","SANDHEADS CS","1107010","2022-01-02 05:00","2022","01","02","05:00","2.5","","1.2","","92","","","","8","","39","","","","","","","","","","NA"
"-123.30","49.11","SANDHEADS CS","1107010","2022-01-02 06:00","2022","01","02","06:00","3.4","","0.5","","81","","","","9","","42","","","","","","","","","","NA"
"-123.30","49.11","SANDHEADS CS","1107010","2022-01-02 07:00","2022","01","02","07:00","5.1","","0.4","","71","","","","12","","40","","","","","","","","","","NA"
"-123.30","49.11","SANDHEADS CS","1107010","2022-01-02 08:00","2022","01","02","08:00","5.5","","0.5","","70","","","","14","","51","","","","","","","","","","NA"
"-123.30","49.11","SANDHEADS CS","1107010","2022-01-02 09:00","2022","01","02","09:00","5.5","","0.9","","72","","","","13","","48","","","","","","","","","","NA"
"-123.30","49.11","SANDHEADS CS","1107010","2022-01-02 10:00","2022","01","02","10:00","5.7","","1.4","","74","","","","14","","40","","","","","","","","","","NA"
"-123.30","49.11","SANDHEADS CS","1107010","2022-01-02 11:00","2022","01","02","11:00","6.0","","1.6","","73","","","","14","","44","","","","","","","","","","NA"
"-123.30","49.11","SANDHEADS CS","1107010","2022-01-02 12:00","2022","01","02","12:00","5.9","","2.3","","78","","","","15","","45","","","","","","","","","","NA"
"-123.30","49.11","SANDHEADS CS","1107010","2022-01-02 13:00","2022","01","02","13:00","6.1","","3.0","","80","","","","12","","27","","","","","","","","","","NA"
"-123.30","49.11","SANDHEADS CS","1107010","2022-01-02 14:00","2022","01","02","14:00","5.8","","2.6","","80","","","","15","","59","","","","","","","","","","NA"
"-123.30","49.11","SANDHEADS CS","1107010","2022-01-02 15:00","2022","01","02","15:00","5.9","","2.4","","78","","","","15","","71","","","","","","","","","","NA"
"-123.30","49.11","SANDHEADS CS","1107010","2022-01-02 16:00","2022","01","02","16:00","5.8","","3.3","","84","","","","16","","65","","","","","","","","","","NA"
"-123.30","49.11","SANDHEADS CS","1107010","2022-01-02 17:00","2022","01","02","17:00","5.4","","3.1","","85","","","","16","","60","","","","","","","","","","NA"
"-123.30","49.11","SANDHEADS CS","1107010","2022-01-02 18:00","2022","01","02","18:00","5.6","","3.4","","86","","","","15","","58","","","","","","","","","","NA"
"-123.30","49.11","SANDHEADS CS","1107010","2022-01-02 19:00","2022","01","02","19:00","5.9","","3.2","","83","","","","15","","58","","","","","","","","","","NA"
"-123.30","49.11","SANDHEADS CS","1107010","2022-01-02 20:00","2022","01","02","20:00","6.2","","2.9","","79","","","","16","","53","","","","","","","","","","NA"
"-123.30","49.11","SANDHEADS CS","1107010","2022-01-02 21:00","2022","01","02","21:00","6.0","","2.6","","79","","","","16","","54","","","","","","","","","","NA"
"-123.30","49.11","SANDHEADS CS","1107010","2022-01-02 22:00","2022","01","02","22:00","5.6","","2.9","","83","","","","16","","56","","","","","","","","","","NA"
"-123.30","49.11","SANDHEADS CS","1107010","2022-01-02 23:00","2022","01","02","23:00","5.0","","1.7","","80","","","","16","","63","","","","","","","","","","NA"
"-123.30","49.11","SANDHEADS CS","1107010","2022-01-03 00:00","2022","01","03","00:00","4.4","","2.5","","88","","","","15","","54","","","","","","","","","","NA"
"-123.30","49.11","SANDHEADS CS","1107010","2022-01-03 01:00","2022","01","03","01:00","5.6","","2.9","","83","","","","17","","57","","","","","","","","","","NA"
"-123.30","49.11","SANDHEADS CS","1107010","2022-01-03 02:00","2022","01","03","02:00","4.7","","2.2","","84","","","","16","","62","","","","","","","","","","NA"
"-123.30","49.11","SANDHEADS CS","1107010","2022-01-03 03:00","2022","01","03","03:00","4.7","","2.8","","87","","","","16","","50","","","","","","","","","","NA"
"-123.30","49.11","SANDHEADS CS","1107010","2022-01-03 04:00","2022","01","03","04:00","4.9","","2.6","","85","","","","16","","48","","","","","","","","","","NA"
"-123.30","49.11","SANDHEADS CS","1107010","2022-01-03 05:00","2022","01","03","05:00","5.6","","3.4","","86","","","","17","","41","","","","","","","","","","NA"
"-123.30","49.11","SANDHEADS CS","1107010","2022-01-03 06:00","2022","01","03","06:00","5.4","","2.8","","84","","","","16","","32","","","","","","","","","","NA"
"-123.30","49.11","SANDHEADS CS","1107010","2022-01-03 07:00","2022","01","03","07:00","4.2","","1.9","","85","","","","17","","35","","","","","","","","","","NA"
"-123.30","49.11","SANDHEADS CS","1107010","2022-01-03 08:00","2022","01","03","08:00","4.4","","2.2","","86","","","","15","","27","","","","","","","","","","NA"
"-123.30","49.11","SANDHEADS CS","1107010","2022-01-03 09:00","2022","01","03","09:00","5.4","","2.9","","84","","","","17","","44","","","","","","","","","","NA"
"-123.30","49.11","SANDHEADS CS","1107010","2022-01-03 10:00","2022","01","03","10:00","5.6","","2.6","","81","","","","16","","35","","","","","","","","","","NA"
"-123.30","49.11","SANDHEADS CS","1107010","2022-01-03 11:00","2022","01","03","11:00","4.7","","2.2","","84","","","","17","","32","","","","","","","","","","NA"
"-123.30","49.11","SANDHEADS CS","1107010","2022-01-03 12:00","2022","01","03","12:00","4.5","","0.8","","77","","","","19","","48","","","","","","","","","","NA"
"-123.30","49.11","SANDHEADS CS","1107010","2022-01-03 13:00","2022","01","03","13:00","5.2","","1.1","","75","","","","18","","40","","","","","","","","","","NA"
"-123.30","49.11","SANDHEADS CS","1107010","2022-01-03 14:00","2022","01","03","14:00","5.2","","-0.6","","66","","","","21","","32","","","","","","","","","","NA"
"-123.30","49.11","SANDHEADS CS","1107010","2022-01-03 15:00","2022","01","03","15:00","4.1","","-1.0","","69","","","","19","","27","","","","","","","","","","NA"
"-123.30","49.11","SANDHEADS CS","1107010","2022-01-03 16:00","2022","01","03","16:00","3.3","","-1.2","","72","","","","21","","42","","","","","","","","","","NA"
"-123.30","49.11","SANDHEADS CS","1107010","2022-01-03 17:00","2022","01","03","17:00","4.0","","-0.4","","73","","","","19","","27","","","","","","","","","","NA"
"-123.30","49.11","SANDHEADS CS","1107010","2022-01-03 18:00","2022","01","03","18:00","3.9","","0.1","","76","","","","18","","35","","","","","","","","","","NA"
"-123.30","49.11","SANDHEADS CS","1107010","2022-01-03 19:00","2022","01","03","19:00","4.1","","0.3","","77","","","","20","","34","","","","","","","","","","NA"
"-123.30","49.11","SANDHEADS CS","1107010","2022-01-03 20:00","2022","01","03","20:00","4.6","","-0.3","","70","","","","18","","25","","","","","","","","","","NA"
"-123.30","49.11","SANDHEADS CS","1107010","2022-01-03 21:00","2022","01","03","21:00","4.6","","0.6","","75","","","","16","","24","","","","","","","","","","NA"
"-123.30","49.11","SANDHEADS CS","1107010","2022-01-03 22:00","2022","01","03","22:00","4.0","","1.4","","83","","","","15","","26","","","","","","","","","","NA"
"-123.30","49.11","SANDHEADS CS","1107010","2022-01-03 23:00","2022","01","03","23:00","4.4","","1.5","","81","","","","15","","30","","","","","","","","","","NA"
"-123.30","49.11","SANDHEADS CS","1107010","2022-01-04 00:00","2022","01","04","00:00","4.2","","1.2","","81","","","","14","","30","","","","","","","","","","NA"
"-123.30","49.11","SANDHEADS CS","1107010","2022-01-04 01:00","2022","01","04","01:00","4.1","","0.8","","79","","","","16","","38","","","","","","","","","","NA"
"-123.30","49.11","SANDHEADS CS","1107010","2022-01-04 02:00","2022","01","04","02:00","3.1","","0.6","","84","","","","16","","39","","","","","","","","","","NA"
"-123.30","49.11","SANDHEADS CS","1107010","2022-01-04 03:00","2022","01","04","03:00","4.0","","1.4","","83","","","","14","","42","","","","","","","","","","NA"
"-123.30","49.11","SANDHEADS CS","1107010","2022-01-04 04:00","2022","01","04","04:00","4.3","","1.1","","80","","","","15","","51","","","","","","","","","","NA"
"-123.30","49.11","SANDHEADS CS","1107010","2022-01-04 05:00","2022","01","04","05:00","3.9","","1.4","","84","","","","16","","50","","","","","","","","","","NA"
"-123.30","49.11","SANDHEADS CS","1107010","2022-01-04 06:00","2022","01","04","06:00","4.3","","1.2","","80","","","","17","","51","","","","","","","","","","NA"
"-123.30","49.11","SANDHEADS CS","1107010","2022-01-04 07:00","2022","01","04","07:00","4.5","","1.8","","83","","","","19","","45","","","","","","","","","","NA"
"-123.30","49.11","SANDHEADS CS","1107010","2022-01-04 08:00","2022","01","04","08:00","4.9","","0.4","","73","","","","21","","42","","","","","","","","","","NA"
"-123.30","49.11","SANDHEADS CS","1107010","2022-01-04 09:00","2022","01","04","09:00","4.9","","-0.4","","68","","","","20","","30","","","","","","","","","","NA"
"-123.30","49.11","SANDHEADS CS","1107010","2022-01-04 10:00","2022","01","04","10:00","5.1","","-0.9","","65","","","","20","","24","","","","","","","","","","NA"
"-123.30","49.11","SANDHEADS CS","1107010","2022-01-04 11:00","2022","01","04","11:00","5.4","","-1.6","","61","","","","18","","19","","","","","","","","","","NA"
"-123.30","49.11","SANDHEADS CS","1107010","2022-01-04 12:00","2022","01","04","12:00","5.7","","-1.0","","62","","","","18","","27","","","","","","","","","","NA"
"-123.30","49.11","SANDHEADS CS","1107010","2022-01-04 13:00","2022","01","04","13:00","5.0","","0.3","","71","","","","16","","31","","","","","","","","","","NA"
"-123.30","49.11","SANDHEADS CS","1107010","2022-01-04 14:00","2022","01","04","14:00","3.7","","0.3","","78","","","","15","","22","","","","","","","","","","NA"
"-123.30","49.11","SANDHEADS CS","1107010","2022-01-04 15:00","2022","01","04","15:00","3.8","","0.4","","78","","","","16","","30","","","","","","","","","","NA"
"-123.30","49.11","SANDHEADS CS","1107010","2022-01-04 16:00","2022","01","04","16:00","4.4","","0.9","","78","","","","14","","21","","","","","","","","","","NA"
"-123.30","49.11","SANDHEADS CS","1107010","2022-01-04 17:00","2022","01","04","17:00","1.3","","0.6","","95","","","","9","","29","","","","","","","","","","NA"
"-123.30","49.11","SANDHEADS CS","1107010","2022-01-04 18:00","2022","01","04","18:00","1.0","","0.5","","96","","","","9","","24","","","","","","","","","","NA"
"-123.30","49.11","SANDHEADS CS","1107010","2022-01-04 19:00","2022","01","04","19:00","1.1","","0.6","","96","","","","9","","20","","","","","","","","","","NA"
"-123.30","49.11","SANDHEADS CS","1107010","2022-01-04 20:00","2022","01","04","20:00","1.0","","0.4","","96","","","","7","","19","","","","","","","","","","NA"
"-123.30","49.11","SANDHEADS CS","1107010","2022-01-04 21:00","2022","01","04","21:00","1.3","","0.7","","95","","","","4","","18","","","","","","","","","","NA"
"-123.30","49.11","SANDHEADS CS","1107010","2022-01-04 22:00","2022","01","04","22:00","1.5","","0.8","","95","","","","5","","13","","","","","","","","","","NA"
"-123.30","49.11","SANDHEADS CS","1107010","2022-01-04 23:00","2022","01","04","23:00","2.2","","1.2","","93","","","","35","","8","","","","","","","","","","NA"
"-123.30","49.11","SANDHEADS CS","1107010","2022-01-05 00:00","2022","01","05","00:00","2.6","","0.4","","85","","","","32","","11","","","","","","","","","","NA"
"-123.30","49.11","SANDHEADS CS","1107010","2022-01-05 01:00","2022","01","05","01:00","2.6","","1.4","","91","","","","33","","24","","","","","","","","","","NA"
"-123.30","49.11","SANDHEADS CS","1107010","2022-01-05 02:00","2022","01","05","02:00","2.8","","1.4","","90","","","","30","","36","","","","","","","","","","NA"
"-123.30","49.11","SANDHEADS CS","1107010","2022-01-05 03:00","2022","01","05","03:00","2.7","","0.2","","83","","","","31","","34","","","","","","","","","","NA"
"-123.30","49.11","SANDHEADS CS","1107010","2022-01-05 04:00","2022","01","05","04:00","2.3","","-0.3","","83","","","","31","","32","","","","","","","","","","NA"
"-123.30","49.11","SANDHEADS CS","1107010","2022-01-05 05:00","2022","01","05","05:00","2.0","","-0.4","","84","","","","34","","15","","","","","","","","","","NA"
"-123.30","49.11","SANDHEADS CS","1107010","2022-01-05 06:00","2022","01","05","06:00","0.9","","0.0","","94","","","","11","","15","","","","","","","","","","NA"
"-123.30","49.11","SANDHEADS CS","1107010","2022-01-05 07:00","2022","01","05","07:00","-0.5","","-1.0","","97","","","","11","","19","","","","","","","","-6","","NA"
"-123.30","49.11","SANDHEADS CS","1107010","2022-01-05 08:00","2022","01","05","08:00","-1.3","","-2.2","","94","","","","10","","19","","","","","","","","-7","","NA"
"-123.30","49.11","SANDHEADS CS","1107010","2022-01-05 09:00","2022","01","05","09:00","-1.7","","-3.7","","86","","","","10","","22","","","","","","","","-8","","NA"
"-123.30","49.11","SANDHEADS CS","1107010","2022-01-05 10:00","2022","01","05","10:00","-1.6","","-4.6","","81","","","","10","","20","","","","","","","","-7","","NA"
"-123.30","49.11","SANDHEADS CS","1107010","2022-01-05 11:00","2022","01","05","11:00","-2.0","","-5.4","","77","","","","11","","27","","","","","","","","-9","","NA"
"-123.30","49.11","SANDHEADS CS","1107010","2022-01-05 12:00","2022","01","05","12:00","-1.5","","-4.4","","80","","","","11","","22","","","","","","","","-7","","NA"
"-123.30","49.11","SANDHEADS CS","1107010","2022-01-05 13:00","2022","01","05","13:00","-1.6","","-4.6","","80","","","","10","","21","","","","","","","","-7","","NA"
"-123.30","49.11","SANDHEADS CS","1107010","2022-01-05 14:00","2022","01","05","14:00","-1.6","","-4.2","","83","","","","12","","17","","","","","","","","-7","","NA"
"-123.30","49.11","SANDHEADS CS","1107010","2022-01-05 15:00","2022","01","05","15:00","-1.6","","-4.3","","81","","","","9","","15","","","","","","","","-6","","NA"
"-123.30","49.11","SANDHEADS CS","1107010","2022-01-05 16:00","2022","01","05","16:00","-1.7","","-5.8","","74","","","","10","","18","","","","","","","","-7","","NA"
"-123.30","49.11","SANDHEADS CS","1107010","2022-01-05 17:00","2022","01","05","17:00","-1.9","","-6.0","","73","","","","11","","16","","","","","","","","-7","","NA"
"-123.30","49.11","SANDHEADS CS","1107010","2022-01-05 18:00","2022","01","05","18:00","-2.1","","-7.1","","68","","","","9","","22","","","","","","","","-8","","NA"
"-123.30","49.11","SANDHEADS CS","1107010","2022-01-05 19:00","2022","01","05","19:00","-2.0","","-6.3","","72","","","","9","","20","","","","","","","","-8","","NA"
"-123.30","49.11","SANDHEADS CS","1107010","2022-01-05 20:00","2022","01","05","20:00","-2.7","","-5.4","","82","","","","8","","19","","","","","","","","-8","","NA"
"-123.30","49.11","SANDHEADS CS","1107010","2022-01-05 21:00","2022","01","05","21:00","-2.8","","-4.1","","90","","","","10","","23","","","","","","","","-9","","NA"
"-123.30","49.11","SANDHEADS CS","1107010","2022-01-05 22:00","2022","01","05","22:00","-3.1","","-4.1","","92","","","","10","","29","","","","","","","","-10","","NA"
"-123.30","49.11","SANDHEADS CS","1107010","2022-01-05 23:00","2022","01","05","23:00","-3.2","","-3.9","","94","","","","9","","30","","","","","","","","-11","","NA"
"-123.30","49.11","SANDHEADS CS","1107010","2022-01-06 00:00","2022","01","06","00:00","-2.5","","-3.0","","97","","","","9","","28","","","","","","","","-10","","NA"
"-123.30","49.11","SANDHEADS CS","1107010","2022-01-06 01:00","2022","01","06","01:00","-2.4","","-2.8","","97","","","","10","","20","","","","","","","","-8","","NA"
"-123.30","49.11","SANDHEADS CS","1107010","2022-01-06 02:00","2022","01","06","02:00","-2.3","","-2.7","","97","","","","10","","5","","","","","","","","-4","","NA"
"-123.30","49.11","SANDHEADS CS","1107010","2022-01-06 03:00","2022","01","06","03:00","-2.8","","-3.3","","96","","","","16","","11","","","","","","","","-7","","NA"
"-123.30","49.11","SANDHEADS CS","1107010","2022-01-06 04:00","2022","01","06","04:00","-2.8","","-3.6","","94","","","","10","","25","","","","","","","","-10","","NA"
"-123.30","49.11","SANDHEADS CS","1107010","2022-01-06 05:00","2022","01","06","05:00","-2.6","","-3.2","","95","","","","11","","22","","","","","","","","-9","","NA"
"-123.30","49.11","SANDHEADS CS","1107010","2022-01-06 06:00","2022","01","06","06:00","-2.3","","-2.7","","97","","","","9","","14","","","","","","","","-7","","NA"
"-123.30","49.11","SANDHEADS CS","1107010","2022-01-06 07:00","2022","01","06","07:00","-1.1","","-1.4","","98","","","","10","","25","","","","","","","","-7","","NA"
"-123.30","49.11","SANDHEADS CS","1107010","2022-01-06 08:00","2022","01","06","08:00","-1.4","","-1.8","","97","","","","10","","18","","","","","","","","-7","","NA"
"-123.30","49.11","SANDHEADS CS","1107010","2022-01-06 09:00","2022","01","06","09:00","-0.8","","-1.2","","97","","","","11","","11","","","","","","","","-5","","NA"
"-123.30","49.11","SANDHEADS CS","1107010","2022-01-06 10:00","2022","01","06","10:00","0.0","","-0.4","","97","","","","9","","8","","","","","","","","-3","","NA"
"-123.30","49.11","SANDHEADS CS","1107010","2022-01-06 11:00","2022","01","06","11:00","0.8","","0.3","","97","","","","7","","31","","","","","","","","","","NA"
"-123.30","49.11","SANDHEADS CS","1107010","2022-01-06 12:00","2022","01","06","12:00","1.7","","1.1","","96","","","","8","","27","","","","","","","","","","NA"
"-123.30","49.11","SANDHEADS CS","1107010","2022-01-06 13:00","2022","01","06","13:00","2.1","","1.5","","96","","","","9","","26","","","","","","","","","","NA"
"-123.30","49.11","SANDHEADS CS","1107010","2022-01-06 14:00","2022","01","06","14:00","2.3","","1.7","","96","","","","9","","28","","","","","","","","","","NA"
"-123.30","49.11","SANDHEADS CS","1107010","2022-01-06 15:00","2022","01","06","15:00","2.3","","1.8","","96","","","","10","","32","","","","","","","","","","NA"
"-123.30","49.11","SANDHEADS CS","1107010","2022-01-06 16:00","2022","01","06","16:00","2.4","","2.0","","97","","","","11","","36","","","","","","","","","","NA"
"-123.30","49.11","SANDHEADS CS","1107010","2022-01-06 17:00","2022","01","06","17:00","3.1","","2.6","","97","","","","11","","35","","","","","","","","","","NA"
"-123.30","49.11","SANDHEADS CS","1107010","2022-01-06 18:00","2022","01","06","18:00","3.4","","2.9","","96","","","","11","","34","","","","","","","","","","NA"
"-123.30","49.11","SANDHEADS CS","1107010","2022-01-06 19:00","2022","01","06","19:00","5.2","","5.0","","98","","","","13","","32","","","","","","","","","","NA"
"-123.30","49.11","SANDHEADS CS","1107010","2022-01-06 20:00","2022","01","06","20:00","4.8","","4.6","","99","","","","11","","25","","","","","","","","","","NA"
"-123.30","49.11","SANDHEADS CS","1107010","2022-01-06 21:00","2022","01","06","21:00","3.8","","3.7","","99","","","","9","","27","","","","","","","","","","NA"
"-123.30","49.11","SANDHEADS CS","1107010","2022-01-06 22:00","2022","01","06","22:00","3.0","","2.9","","99","","","","8","","22","","","","","","","","","","NA"
"-123.30","49.11","SANDHEADS CS","1107010","2022-01-06 23:00","2022","01","06","23:00","3.8","","3.7","","99","","","","9","","26","","","","","","","","","","NA"
"-123.30","49.11","SANDHEADS CS","1107010","2022-01-07 00:00","2022","01","07","00:00","4.0","","3.8","","99","","","","8","","23","","","","","","","","","","NA"
"-123.30","49.11","SANDHEADS CS","1107010","2022-01-07 01:00","2022","01","07","01:00","4.8","","4.6","","98","","","","3","","16","","","","","","","","","","NA"
"-123.30","49.11","SANDHEADS CS","1107010","2022-01-07 02:00","2022","01","07","02:00","4.9","","4.5","","98","","","","6","","16","","","","","","","","","","NA"
"-123.30","49.11","SANDHEADS CS","1107010","2022-01-07 03:00","2022","01","07","03:00","4.6","","4.3","","98","","","","5","","14","","","","","","","","","","NA"
"-123.30","49.11","SANDHEADS CS","1107010","2022-01-07 04:00","2022","01","07","04:00","4.3","","4.0","","98","","","","9","","11","","","","","","","","","","NA"
"-123.30","49.11","SANDHEADS CS","1107010","2022-01-07 05:00","2022","01","07","05:00","4.5","","4.2","","98","","","","33","","21","","","","","","","","","","NA"
"-123.30","49.11","SANDHEADS CS","1107010","2022-01-07 06:00","2022","01","07","06:00","4.4","","3.8","","96","","","","31","","29","","","","","","","","","","NA"
"-123.30","49.11","SANDHEADS CS","1107010","2022-01-07 07:00","2022","01","07","07:00","4.2","","3.4","","94","","","","30","","47","","","","","","","","","","NA"
"-123.30","49.11","SANDHEADS CS","1107010","2022-01-07 08:00","2022","01","07","08:00","4.0","","2.3","","89","","","","30","","53","","","","","","","","","","NA"
"-123.30","49.11","SANDHEADS CS","1107010","2022-01-07 09:00","2022","01","07","09:00","4.1","","-1.4","","67","","","","30","","68","","","","","","","","","","NA"
"-123.30","49.11","SANDHEADS CS","1107010","2022-01-07 10:00","2022","01","07","10:00","3.7","","-2.8","","63","","","","30","","68","","","","","","","","","","NA"
"-123.30","49.11","SANDHEADS CS","1107010","2022-01-07 11:00","2022","01","07","11:00","3.6","","-4.2","","56","","","","30","","74","","","","","","","","","","NA"
"-123.30","49.11","SANDHEADS CS","1107010","2022-01-07 12:00","2022","01","07","12:00","3.1","","-3.6","","61","","","","30","","69","","","","","","","","","","NA"
"-123.30","49.11","SANDHEADS CS","1107010","2022-01-07 13:00","2022","01","07","13:00","3.1","","-3.6","","61","","","","31","","55","","","","","","","","","","NA"
"-123.30","49.11","SANDHEADS CS","1107010","2022-01-07 14:00","2022","01","07","14:00","3.0","","-3.6","","62","","","","31","","53","","","","","","","","","","NA"
"-123.30","49.11","SANDHEADS CS","1107010","2022-01-07 15:00","2022","01","07","15:00","3.5","","-3.0","","63","","","","31","","58","","","","","","","","","","NA"
"-123.30","49.11","SANDHEADS CS","1107010","2022-01-07 16:00","2022","01","07","16:00","3.3","","-4.0","","59","","","","31","","52","","","","","","","","","","NA"
"-123.30","49.11","SANDHEADS CS","1107010","2022-01-07 17:00","2022","01","07","17:00","3.6","","-4.7","","54","","","","31","","44","","","","","","","","","","NA"
"-123.30","49.11","SANDHEADS CS","1107010","2022-01-07 18:00","2022","01","07","18:00","3.6","","-5.0","","53","","","","31","","39","","","","","","","","","","NA"
"-123.30","49.11","SANDHEADS CS","1107010","2022-01-07 19:00","2022","01","07","19:00","3.7","","-4.8","","54","","","","31","","32","","","","","","","","","","NA"
"-123.30","49.11","SANDHEADS CS","1107010","2022-01-07 20:00","2022","01","07","20:00","3.7","","-4.4","","56","","","","29","","33","","","","","","","","","","NA"
"-123.30","49.11","SANDHEADS CS","1107010","2022-01-07 21:00","2022","01","07","21:00","3.6","","-2.5","","64","","","","29","","21","","","","","","","","","","NA"
"-123.30","49.11","SANDHEADS CS","1107010","2022-01-07 22:00","2022","01","07","22:00","3.2","","-2.3","","67","","","","30","","19","","","","","","","","","","NA"
"-123.30","49.11","SANDHEADS CS","1107010","2022-01-07 23:00","2022","01","07","23:00","3.4","","-4.1","","58","","","","29","","21","","","","","","","","","","NA"
"-123.30","49.11","SANDHEADS CS","1107010","2022-01-08 00:00","2022","01","08","00:00","3.5","","-5.0","","54","","","","30","","22","","","","","","","","","","NA"
"-123.30","49.11","SANDHEADS CS","1107010","2022-01-08 01:00","2022","01","08","01:00","3.3","","-2.6","","65","","","","29","","18","","","","","","","","","","NA"
"-123.30","49.11","SANDHEADS CS","1107010","2022-01-08 02:00","2022","01","08","02:00","3.3","","-2.6","","65","","","","31","","16","","","","","","","","","","NA"
"-123.30","49.11","SANDHEADS CS","1107010","2022-01-08 03:00","2022","01","08","03:00","3.3","","-2.9","","64","","","","30","","11","","","","","","","","","","NA"
"-123.30","49.11","SANDHEADS CS","1107010","2022-01-08 04:00","2022","01","08","04:00","3.0","","-2.5","","67","","","","24","","7","","","","","","","","","","NA"
"-123.30","49.11","SANDHEADS CS","1107010","2022-01-08 05:00","2022","01","08","05:00","2.5","","-1.5","","75","","","","25","","10","","","","","","","","","","NA"
"-123.30","49.11","SANDHEADS CS","1107010","2022-01-08 06:00","2022","01","08","06:00","2.6","","-2.2","","71","","","","27","","3","","","","","","","","","","NA"
"-123.30","49.11","SANDHEADS CS","1107010","2022-01-08 07:00","2022","01","08","07:00","0.9","","-1.7","","83","","","","10","","12","","","","","","","","","","NA"
"-123.30","49.11","SANDHEADS CS","1107010","2022-01-08 08:00","2022","01","08","08:00","1.0","","-1.6","","83","","","","9","","17","","","","","","","","","","NA"
"-123.30","49.11","SANDHEADS CS","1107010","2022-01-08 09:00","2022","01","08","09:00","1.3","","-1.6","","81","","","","9","","17","","","","","","","","","","NA"
"-123.30","49.11","SANDHEADS CS","1107010","2022-01-08 10:00","2022","01","08","10:00","1.5","","-1.6","","80","","","","9","","22","","","","","","","","","","NA"
"-123.30","49.11","SANDHEADS CS","1107010","2022-01-08 11:00","2022","01","08","11:00","1.5","","-0.6","","86","","","","9","","33","","","","","","","","","","NA"
"-123.30","49.11","SANDHEADS CS","1107010","2022-01-08 12:00","2022","01","08","12:00","1.3","","0.4","","93","","","","9","","30","","","","","","","","","","NA"
"-123.30","49.11","SANDHEADS CS","1107010","2022-01-08 13:00","2022","01","08","13:00","1.7","","0.8","","94","","","","8","","27","","","","","","","","","","NA"
"-123.30","49.11","SANDHEADS CS","1107010","2022-01-08 14:00","2022","01","08","14:00","1.9","","1.0","","93","","","","9","","31","","","","","","","","","","NA"
"-123.30","49.11","SANDHEADS CS","1107010","2022-01-08 15:00","2022","01","08","15:00","2.2","","1.3","","94","","","","9","","32","","","","","","","","","","NA"
"-123.30","49.11","SANDHEADS CS","1107010","2022-01-08 16:00","2022","01","08","16:00","2.2","","1.4","","94","","","","8","","29","","","","","","","","","","NA"
"-123.30","49.11","SANDHEADS CS","1107010","2022-01-08 17:00","2022","01","08","17:00","2.3","","1.4","","94","","","","8","","30","","","","","","","","","","NA"
"-123.30","49.11","SANDHEADS CS","1107010","2022-01-08 18:00","2022","01","08","18:00","2.2","","1.3","","94","","","","8","","28","","","","","","","","","","NA"
"-123.30","49.11","SANDHEADS CS","1107010","2022-01-08 19:00","2022","01","08","19:00","2.7","","1.5","","92","","","","8","","26","","","","","","","","","","NA"
"-123.30","49.11","SANDHEADS CS","1107010","2022-01-08 20:00","2022","01","08","20:00","2.9","","1.8","","92","","","","9","","28","","","","","","","","","","NA"
"-123.30","49.11","SANDHEADS CS","1107010","2022-01-08 21:00","2022","01","08","21:00","2.9","","1.8","","93","","","","9","","29","","","","","","","","","","NA"
"-123.30","49.11","SANDHEADS CS","1107010","2022-01-08 22:00","2022","01","08","22:00","2.9","","1.8","","93","","","","8","","24","","","","","","","","","","NA"
"-123.30","49.11","SANDHEADS CS","1107010","2022-01-08 23:00","2022","01","08","23:00","3.2","","2.0","","91","","","","8","","23","","","","","","","","","","NA"
"-123.30","49.11","SANDHEADS CS","1107010","2022-01-09 00:00","2022","01","09","00:00","3.6","","2.0","","89","","","","8","","21","","","","","","","","","","NA"
"-123.30","49.11","SANDHEADS CS","1107010","2022-01-09 01:00","2022","01","09","01:00","3.2","","2.1","","93","","","","7","","15","","","","","","","","","","NA"
"-123.30","49.11","SANDHEADS CS","1107010","2022-01-09 02:00","2022","01","09","02:00","2.7","","1.8","","94","","","","10","","18","","","","","","","","","","NA"
"-123.30","49.11","SANDHEADS CS","1107010","2022-01-09 03:00","2022","01","09","03:00","2.7","","1.9","","95","","","","10","","20","","","","","","","","","","NA"
"-123.30","49.11","SANDHEADS CS","1107010","2022-01-09 04:00","2022","01","09","04:00","2.7","","1.8","","94","","","","9","","17","","","","","","","","","","NA"
"-123.30","49.11","SANDHEADS CS","1107010","2022-01-09 05:00","2022","01","09","05:00","2.4","","1.6","","94","","","","14","","6","","","","","","","","","","NA"
"-123.30","49.11","SANDHEADS CS","1107010","2022-01-09 06:00","2022","01","09","06:00","2.0","","1.4","","96","","","","23","","4","","","","","","","","","","NA"
"-123.30","49.11","SANDHEADS CS","1107010","2022-01-09 07:00","2022","01","09","07:00","2.5","","1.7","","95","","","","8","","1","","","","","","","","","","NA"
"-123.30","49.11","SANDHEADS CS","1107010","2022-01-09 08:00","2022","01","09","08:00","2.9","","1.7","","92","","","","35","","8","","","","","","","","","","NA"
"-123.30","49.11","SANDHEADS CS","1107010","2022-01-09 09:00","2022","01","09","09:00","2.9","","1.8","","92","","","","21","","3","","","","","","","","","","NA"
"-123.30","49.11","SANDHEADS CS","1107010","2022-01-09 10:00","2022","01","09","10:00","3.3","","1.8","","90","","","","24","","5","","","","","","","","","","NA"
"-123.30","49.11","SANDHEADS CS","1107010","2022-01-09 11:00","2022","01","09","11:00","3.7","","1.7","","87","","","","22","","5","","","","","","","","","","NA"
"-123.30","49.11","SANDHEADS CS","1107010","2022-01-09 12:00","2022","01","09","12:00","3.7","","1.5","","85","","","","","","0","","","","","","","","","","NA"
"-123.30","49.11","SANDHEADS CS","1107010","2022-01-09 13:00","2022","01","09","13:00","4.4","","1.6","","82","","","","26","","5","","","","","","","","","","NA"
"-123.30","49.11","SANDHEADS CS","1107010","2022-01-09 14:00","2022","01","09","14:00","4.4","","2.2","","86","","","","26","","11","","","","","","","","","","NA"
"-123.30","49.11","SANDHEADS CS","1107010","2022-01-09 15:00","2022","01","09","15:00","5.1","","2.2","","82","","","","27","","13","","","","","","","","","","NA"
"-123.30","49.11","SANDHEADS CS","1107010","2022-01-09 16:00","2022","01","09","16:00","5.5","","1.6","","76","","","","26","","8","","","","","","","","","","NA"
"-123.30","49.11","SANDHEADS CS","1107010","2022-01-09 17:00","2022","01","09","17:00","5.4","","2.2","","80","","","","25","","6","","","","","","","","","","NA"
"-123.30","49.11","SANDHEADS CS","1107010","2022-01-09 18:00","2022","01","09","18:00","4.4","","2.4","","87","","","","5","","11","","","","","","","","","","NA"
"-123.30","49.11","SANDHEADS CS","1107010","2022-01-09 19:00","2022","01","09","19:00","4.8","","2.3","","84","","","","8","","13","","","","","","","","","","NA"
"-123.30","49.11","SANDHEADS CS","1107010","2022-01-09 20:00","2022","01","09","20:00","4.1","","2.4","","89","","","","15","","11","","","","","","","","","","NA"
"-123.30","49.11","SANDHEADS CS","1107010","2022-01-09 21:00","2022","01","09","21:00","4.2","","2.3","","88","","","","12","","15","","","","","","","","","","NA"
"-123.30","49.11","SANDHEADS CS","1107010","2022-01-09 22:00","2022","01","09","22:00","3.2","","2.2","","93","","","","8","","13","","","","","","","","","","NA"
"-123.30","49.11","SANDHEADS CS","1107010","2022-01-09 23:00","2022","01","09","23:00","3.6","","2.5","","93","","","","10","","5","","","","","","","","","","NA"
"-123.30","49.11","SANDHEADS CS","1107010","2022-01-10 00:00","2022","01","10","00:00","2.9","","1.9","","93","","","","13","","13","","","","","","","","","","NA"
"-123.30","49.11","SANDHEADS CS","1107010","2022-01-10 01:00","2022","01","10","01:00","2.7","","1.7","","93","","","","13","","10","","","","","","","","","","NA"
"-123.30","49.11","SANDHEADS CS","1107010","2022-01-10 02:00","2022","01","10","02:00","3.1","","1.7","","91","","","","10","","17","","","","","","","","","","NA"
"-123.30","49.11","SANDHEADS CS","1107010","2022-01-10 03:00","2022","01","10","03:00","3.6","","2.0","","89","","","","10","","19","","","","","","","","","","NA"
"-123.30","49.11","SANDHEADS CS","1107010","2022-01-10 04:00","2022","01","10","04:00","2.5","","1.6","","94","","","","11","","14","","","","","","","","","","NA"
"-123.30","49.11","SANDHEADS CS","1107010","2022-01-10 05:00","2022","01","10","05:00","3.2","","1.9","","91","","","","15","","21","","","","","","","","","","NA"
"-123.30","49.11","SANDHEADS CS","1107010","2022-01-10 06:00","2022","01","10","06:00","3.3","","1.6","","89","","","","13","","20","","","","","","","","","","NA"
"-123.30","49.11","SANDHEADS CS","1107010","2022-01-10 07:00","2022","01","10","07:00","3.3","","1.7","","89","","","","15","","14","","","","","","","","","","NA"
"-123.30","49.11","SANDHEADS CS","1107010","2022-01-10 08:00","2022","01","10","08:00","4.9","","3.1","","88","","","","17","","12","","","","","","","","","","NA"
"-123.30","49.11","SANDHEADS CS","1107010","2022-01-10 09:00","2022","01","10","09:00","3.4","","1.9","","90","","","","9","","17","","","","","","","","","","NA"
"-123.30","49.11","SANDHEADS CS","1107010","2022-01-10 10:00","2022","01","10","10:00","4.6","","1.7","","82","","","","10","","34","","","","","","","","","","NA"
"-123.30","49.11","SANDHEADS CS","1107010","2022-01-10 11:00","2022","01","10","11:00","4.3","","3.3","","93","","","","8","","33","","","","","","","","","","NA"
"-123.30","49.11","SANDHEADS CS","1107010","2022-01-10 12:00","2022","01","10","12:00","5.3","","4.2","","92","","","","9","","30","","","","","","","","","","NA"
"-123.30","49.11","SANDHEADS CS","1107010","2022-01-10 13:00","2022","01","10","13:00","7.6","","4.9","","83","","","","11","","32","","","","","","","","","","NA"
"-123.30","49.11","SANDHEADS CS","1107010","2022-01-10 14:00","2022","01","10","14:00","6.1","","4.7","","90","","","","9","","27","","","","","","","","","","NA"
"-123.30","49.11","SANDHEADS CS","1107010","2022-01-10 15:00","2022","01","10","15:00","6.2","","4.9","","91","","","","9","","33","","","","","","","","","","NA"
"-123.30","49.11","SANDHEADS CS","1107010","2022-01-10 16:00","2022","01","10","16:00","6.7","","5.4","","92","","","","8","","25","","","","","","","","","","NA"
"-123.30","49.11","SANDHEADS CS","1107010","2022-01-10 17:00","2022","01","10","17:00","6.2","","5.0","","92","","","","9","","29","","","","","","","","","","NA"
"-123.30","49.11","SANDHEADS CS","1107010","2022-01-10 18:00","2022","01","10","18:00","6.5","","5.1","","91","","","","9","","29","","","","","","","","","","NA"
"-123.30","49.11","SANDHEADS CS","1107010","2022-01-10 19:00","2022","01","10","19:00","6.3","","5.3","","93","","","","9","","18","","","","","","","","","","NA"
"-123.30","49.11","SANDHEADS CS","1107010","2022-01-10 20:00","2022","01","10","20:00","6.2","","5.0","","92","","","","9","","25","","","","","","","","","","NA"
"-123.30","49.11","SANDHEADS CS","1107010","2022-01-10 21:00","2022","01","10","21:00","6.5","","5.0","","90","","","","11","","24","","","","","","","","","","NA"
"-123.30","49.11","SANDHEADS CS","1107010","2022-01-10 22:00","2022","01","10","22:00","6.9","","5.0","","87","","","","11","","24","","","","","","","","","","NA"
"-123.30","49.11","SANDHEADS CS","1107010","2022-01-10 23:00","2022","01","10","23:00","6.8","","5.8","","93","","","","11","","27","","","","","","","","","","NA"
"-123.30","49.11","SANDHEADS CS","1107010","2022-01-11 00:00","2022","01","11","00:00","6.7","","5.8","","94","","","","12","","37","","","","","","","","","","NA"
"-123.30","49.11","SANDHEADS CS","1107010","2022-01-11 01:00","2022","01","11","01:00","7.1","","5.7","","91","","","","10","","31","","","","","","","","","","NA"
"-123.30","49.11","SANDHEADS CS","1107010","2022-01-11 02:00","2022","01","11","02:00","8.0","","6.6","","91","","","","13","","35","","","","","","","","","","NA"
"-123.30","49.11","SANDHEADS CS","1107010","2022-01-11 03:00","2022","01","11","03:00","8.4","","7.1","","92","","","","10","","26","","","","","","","","","","NA"
"-123.30","49.11","SANDHEADS CS","1107010","2022-01-11 04:00","2022","01","11","04:00","8.3","","6.7","","90","","","","13","","38","","","","","","","","","","NA"
"-123.30","49.11","SANDHEADS CS","1107010","2022-01-11 05:00","2022","01","11","05:00","8.3","","6.6","","89","","","","14","","39","","","","","","","","","","NA"
"-123.30","49.11","SANDHEADS CS","1107010","2022-01-11 06:00","2022","01","11","06:00","8.2","","6.7","","91","","","","15","","43","","","","","","","","","","NA"
"-123.30","49.11","SANDHEADS CS","1107010","2022-01-11 07:00","2022","01","11","07:00","7.4","","6.4","","93","","","","14","","34","","","","","","","","","","NA"
"-123.30","49.11","SANDHEADS CS","1107010","2022-01-11 08:00","2022","01","11","08:00","8.1","","7.0","","92","","","","15","","42","","","","","","","","","","NA"
"-123.30","49.11","SANDHEADS CS","1107010","2022-01-11 09:00","2022","01","11","09:00","8.5","","7.3","","92","","","","15","","37","","","","","","","","","","NA"
"-123.30","49.11","SANDHEADS CS","1107010","2022-01-11 10:00","2022","01","11","10:00","8.4","","7.1","","92","","","","15","","32","","","","","","","","","","NA"
"-123.30","49.11","SANDHEADS CS","1107010","2022-01-11 11:00","2022","01","11","11:00","8.5","","7.4","","93","","","","15","","31","","","","","","","","","","NA"
"-123.30","49.11","SANDHEADS CS","1107010","2022-01-11 12:00","2022","01","11","12:00","8.1","","7.2","","94","","","","15","","18","","","","","","","","","","NA"
"-123.30","49.11","SANDHEADS CS","1107010","2022-01-11 13:00","2022","01","11","13:00","9.0","","8.3","","95","","","","12","","21","","","","","","","","","","NA"
"-123.30","49.11","SANDHEADS CS","1107010","2022-01-11 14:00","2022","01","11","14:00","8.7","","8.3","","97","","","","11","","23","","","","","","","","","","NA"
"-123.30","49.11","SANDHEADS CS","1107010","2022-01-11 15:00","2022","01","11","15:00","8.4","","8.1","","98","","","","10","","22","","","","","","","","","","NA"
"-123.30","49.11","SANDHEADS CS","1107010","2022-01-11 16:00","2022","01","11","16:00","8.5","","8.3","","99","","","","13","","27","","","","","","","","","","NA"
"-123.30","49.11","SANDHEADS CS","1107010","2022-01-11 17:00","2022","01","11","17:00","8.4","","8.2","","99","","","","11","","31","","","","","","","","","","NA"
"-123.30","49.11","SANDHEADS CS","1107010","2022-01-11 18:00","2022","01","11","18:00","8.6","","8.3","","98","","","","12","","33","","","","","","","","","","NA"
"-123.30","49.11","SANDHEADS CS","1107010","2022-01-11 19:00","2022","01","11","19:00","8.4","","8.1","","98","","","","12","","37","","","","","","","","","","NA"
"-123.30","49.11","SANDHEADS CS","1107010","2022-01-11 20:00","2022","01","11","20:00","8.6","","8.3","","98","","","","13","","29","","","","","","","","","","NA"
"-123.30","49.11","SANDHEADS CS","1107010","2022-01-11 21:00","2022","01","11","21:00","8.3","","7.8","","97","","","","14","","30","","","","","","","","","","NA"
"-123.30","49.11","SANDHEADS CS","1107010","2022-01-11 22:00","2022","01","11","22:00","8.3","","7.8","","97","","","","14","","29","","","","","","","","","","NA"
"-123.30","49.11","SANDHEADS CS","1107010","2022-01-11 23:00","2022","01","11","23:00","8.3","","7.8","","96","","","","15","","32","","","","","","","","","","NA"
"-123.30","49.11","SANDHEADS CS","1107010","2022-01-12 00:00","2022","01","12","00:00","8.5","","8.0","","97","","","","15","","32","","","","","","","","","","NA"
"-123.30","49.11","SANDHEADS CS","1107010","2022-01-12 01:00","2022","01","12","01:00","8.5","","8.0","","97","","","","15","","33","","","","","","","","","","NA"
"-123.30","49.11","SANDHEADS CS","1107010","2022-01-12 02:00","2022","01","12","02:00","8.8","","8.4","","97","","","","14","","27","","","","","","","","","","NA"
"-123.30","49.11","SANDHEADS CS","1107010","2022-01-12 03:00","2022","01","12","03:00","7.9","","7.6","","98","","","","13","","29","","","","","","","","","","NA"
"-123.30","49.11","SANDHEADS CS","1107010","2022-01-12 04:00","2022","01","12","04:00","8.4","","8.2","","99","","","","12","","29","","","","","","","","","","NA"
"-123.30","49.11","SANDHEADS CS","1107010","2022-01-12 05:00","2022","01","12","05:00","8.0","","7.8","","99","","","","10","","23","","","","","","","","","","NA"
"-123.30","49.11","SANDHEADS CS","1107010","2022-01-12 06:00","2022","01","12","06:00","8.6","","8.4","","99","","","","11","","25","","","","","","","","","","NA"
"-123.30","49.11","SANDHEADS CS","1107010","2022-01-12 07:00","2022","01","12","07:00","8.5","","8.4","","99","","","","10","","23","","","","","","","","","","NA"
"-123.30","49.11","SANDHEADS CS","1107010","2022-01-12 08:00","2022","01","12","08:00","8.2","","8.0","","99","","","","8","","27","","","","","","","","","","NA"
"-123.30","49.11","SANDHEADS CS","1107010","2022-01-12 09:00","2022","01","12","09:00","8.6","","8.5","","99","","","","8","","25","","","","","","","","","","NA"
"-123.30","49.11","SANDHEADS CS","1107010","2022-01-12 10:00","2022","01","12","10:00","9.0","","8.9","","99","","","","9","","20","","","","","","","","","","NA"
"-123.30","49.11","SANDHEADS CS","1107010","2022-01-12 11:00","2022","01","12","11:00","8.2","","8.1","","99","","","","9","","29","","","","","","","","","","NA"
"-123.30","49.11","SANDHEADS CS","1107010","2022-01-12 12:00","2022","01","12","12:00","8.1","","7.9","","99","","","","9","","32","","","","","","","","","","NA"
"-123.30","49.11","SANDHEADS CS","1107010","2022-01-12 13:00","2022","01","12","13:00","8.5","","8.4","","99","","","","10","","35","","","","","","","","","","NA"
"-123.30","49.11","SANDHEADS CS","1107010","2022-01-12 14:00","2022","01","12","14:00","8.6","","8.5","","99","","","","10","","33","","","","","","","","","","NA"
"-123.30","49.11","SANDHEADS CS","1107010","2022-01-12 15:00","2022","01","12","15:00","8.8","","8.7","","99","","","","11","","33","","","","","","","","","","NA"
"-123.30","49.11","SANDHEADS CS","1107010","2022-01-12 16:00","2022","01","12","16:00","8.6","","8.5","","99","","","","10","","29","","","","","","","","","","NA"
"-123.30","49.11","SANDHEADS CS","1107010","2022-01-12 17:00","2022","01","12","17:00","10.6","","9.4","","92","","","","10","","33","","","","","","","","","","NA"
"-123.30","49.11","SANDHEADS CS","1107010","2022-01-12 18:00","2022","01","12","18:00","10.6","","8.9","","90","","","","9","","26","","","","","","","","","","NA"
"-123.30","49.11","SANDHEADS CS","1107010","2022-01-12 19:00","2022","01","12","19:00","10.1","","8.7","","91","","","","9","","21","","","","","","","","","","NA"
"-123.30","49.11","SANDHEADS CS","1107010","2022-01-12 20:00","2022","01","12","20:00","11.0","","9.2","","89","","","","7","","19","","","","","","","","","","NA"
"-123.30","49.11","SANDHEADS CS","1107010","2022-01-12 21:00","2022","01","12","21:00","10.6","","9.1","","90","","","","6","","16","","","","","","","","","","NA"
"-123.30","49.11","SANDHEADS CS","1107010","2022-01-12 22:00","2022","01","12","22:00","8.5","","7.5","","93","","","","11","","15","","","","","","","","","","NA"
"-123.30","49.11","SANDHEADS CS","1107010","2022-01-12 23:00","2022","01","12","23:00","7.4","","6.9","","96","","","","24","","11","","","","","","","","","","NA"
"-123.30","49.11","SANDHEADS CS","1107010","2022-01-13 00:00","2022","01","13","00:00","8.5","","7.6","","94","","","","12","","17","","","","","","","","","","NA"
"-123.30","49.11","SANDHEADS CS","1107010","2022-01-13 01:00","2022","01","13","01:00","8.1","","7.1","","94","","","","10","","24","","","","","","","","","","NA"
"-123.30","49.11","SANDHEADS CS","1107010","2022-01-13 02:00","2022","01","13","02:00","8.3","","7.2","","93","","","","10","","19","","","","","","","","","","NA"
"-123.30","49.11","SANDHEADS CS","1107010","2022-01-13 03:00","2022","01","13","03:00","8.7","","6.9","","89","","","","11","","28","","","","","","","","","","NA"
"-123.30","49.11","SANDHEADS CS","1107010","2022-01-13 04:00","2022","01","13","04:00","8.2","","6.8","","91","","","","10","","22","","","","","","","","","","NA"
"-123.30","49.11","SANDHEADS CS","1107010","2022-01-13 05:00","2022","01","13","05:00","7.7","","6.3","","91","","","","8","","22","","","","","","","","","","NA"
"-123.30","49.11","SANDHEADS CS","1107010","2022-01-13 06:00","2022","01","13","06:00","8.5","","6.6","","88","","","","11","","11","","","","","","","","","","NA"
"-123.30","49.11","SANDHEADS CS","1107010","2022-01-13 07:00","2022","01","13","07:00","7.2","","6.2","","93","","","","28","","15","","","","","","","","","","NA"
"-123.30","49.11","SANDHEADS CS","1107010","2022-01-13 08:00","2022","01","13","08:00","7.2","","6.0","","92","","","","36","","21","","","","","","","","","","NA"
"-123.30","49.11","SANDHEADS CS","1107010","2022-01-13 09:00","2022","01","13","09:00","7.4","","6.1","","91","","","","1","","23","","","","","","","","","","NA"
"-123.30","49.11","SANDHEADS CS","1107010","2022-01-13 10:00","2022","01","13","10:00","7.5","","6.2","","92","","","","17","","18","","","","","","","","","","NA"
"-123.30","49.11","SANDHEADS CS","1107010","2022-01-13 11:00","2022","01","13","11:00","8.5","","6.8","","89","","","","5","","2","","","","","","","","","","NA"
"-123.30","49.11","SANDHEADS CS","1107010","2022-01-13 12:00","2022","01","13","12:00","8.1","","6.5","","90","","","","36","","6","","","","","","","","","","NA"
"-123.30","49.11","SANDHEADS CS","1107010","2022-01-13 13:00","2022","01","13","13:00","7.2","","6.2","","94","","","","36","","15","","","","","","","","","","NA"
"-123.30","49.11","SANDHEADS CS","1107010","2022-01-13 14:00","2022","01","13","14:00","7.6","","6.8","","95","","","","33","","21","","","","","","","","","","NA"
"-123.30","49.11","SANDHEADS CS","1107010","2022-01-13 15:00","2022","01","13","15:00","7.4","","6.6","","94","","","","32","","18","","","","","","","","","","NA"
"-123.30","49.11","SANDHEADS CS","1107010","2022-01-13 16:00","2022","01","13","16:00","7.5","","6.8","","95","","","","31","","14","","","","","","","","","","NA"
"-123.30","49.11","SANDHEADS CS","1107010","2022-01-13 17:00","2022","01","13","17:00","7.2","","7.0","","98","","","","31","","22","","","","","","","","","","NA"
"-123.30","49.11","SANDHEADS CS","1107010","2022-01-13 18:00","2022","01","13","18:00","6.9","","6.6","","98","","","","34","","17","","","","","","","","","","NA"
"-123.30","49.11","SANDHEADS CS","1107010","2022-01-13 19:00","2022","01","13","19:00","6.7","","6.4","","98","","","","35","","13","","","","","","","","","","NA"
"-123.30","49.11","SANDHEADS CS","1107010","2022-01-13 20:00","2022","01","13","20:00","7.3","","6.9","","97","","","","4","","10","","","","","","","","","","NA"
"-123.30","49.11","SANDHEADS CS","1107010","2022-01-13 21:00","2022","01","13","21:00","5.8","","5.2","","95","","","","15","","9","","","","","","","","","","NA"
"-123.30","49.11","SANDHEADS CS","1107010","2022-01-13 22:00","2022","01","13","22:00","6.1","","5.5","","96","","","","","","0","","","","","","","","","","NA"
"-123.30","49.11","SANDHEADS CS","1107010","2022-01-13 23:00","2022","01","13","23:00","6.4","","6.0","","97","","","","6","","7","","","","","","","","","","NA"
"-123.30","49.11","SANDHEADS CS","1107010","2022-01-14 00:00","2022","01","14","00:00","7.6","","6.8","","94","","","","10","","6","","","","","","","","","","NA"
"-123.30","49.11","SANDHEADS CS","1107010","2022-01-14 01:00","2022","01","14","01:00","7.4","","6.5","","94","","","","10","","8","","","","","","","","","","NA"
"-123.30","49.11","SANDHEADS CS","1107010","2022-01-14 02:00","2022","01","14","02:00","5.6","","5.1","","97","","","","0","","1","","","","","","","","","","NA"
"-123.30","49.11","SANDHEADS CS","1107010","2022-01-14 03:00","2022","01","14","03:00","5.8","","5.4","","97","","","","10","","5","","","","","","","","","","NA"
"-123.30","49.11","SANDHEADS CS","1107010","2022-01-14 04:00","2022","01","14","04:00","6.2","","5.9","","98","","","","12","","13","","","","","","","","","","NA"
"-123.30","49.11","SANDHEADS CS","1107010","2022-01-14 05:00","2022","01","14","05:00","6.0","","5.7","","98","","","","15","","11","","","","","","","","","","NA"
"-123.30","49.11","SANDHEADS CS","1107010","2022-01-14 06:00","2022","01","14","06:00","5.5","","5.0","","96","","","","11","","19","","","","","","","","","","NA"
"-123.30","49.11","SANDHEADS CS","1107010","2022-01-14 07:00","2022","01","14","07:00","6.1","","5.6","","97","","","","12","","13","","","","","","","","","","NA"
"-123.30","49.11","SANDHEADS CS","1107010","2022-01-14 08:00","2022","01","14","08:00","6.1","","5.5","","96","","","","12","","21","","","","","","","","","","NA"
"-123.30","49.11","SANDHEADS CS","1107010","2022-01-14 09:00","2022","01","14","09:00","6.8","","6.0","","94","","","","11","","17","","","","","","","","","","NA"
"-123.30","49.11","SANDHEADS CS","1107010","2022-01-14 10:00","2022","01","14","10:00","6.7","","5.8","","94","","","","9","","12","","","","","","","","","","NA"
"-123.30","49.11","SANDHEADS CS","1107010","2022-01-14 11:00","2022","01","14","11:00","7.0","","5.8","","92","","","","12","","8","","","","","","","","","","NA"
"-123.30","49.11","SANDHEADS CS","1107010","2022-01-14 12:00","2022","01","14","12:00","6.1","","5.5","","96","","","","20","","7","","","","","","","","","","NA"
"-123.30","49.11","SANDHEADS CS","1107010","2022-01-14 13:00","2022","01","14","13:00","6.8","","6.1","","96","","","","24","","9","","","","","","","","","","NA"
"-123.30","49.11","SANDHEADS CS","1107010","2022-01-14 14:00","2022","01","14","14:00","6.2","","5.4","","95","","","","8","","9","","","","","","","","","","NA"
"-123.30","49.11","SANDHEADS CS","1107010","2022-01-14 15:00","2022","01","14","15:00","5.0","","4.2","","94","","","","22","","7","","","","","","","","","","NA"
"-123.30","49.11","SANDHEADS CS","1107010","2022-01-14 16:00","2022","01","14","16:00","6.9","","6.1","","94","","","","21","","10","","","","","","","","","","NA"
"-123.30","49.11","SANDHEADS CS","1107010","2022-01-14 17:00","2022","01","14","17:00","7.8","","5.5","","86","","","","15","","15","","","","","","","","","","NA"
"-123.30","49.11","SANDHEADS CS","1107010","2022-01-14 18:00","2022","01","14","18:00","6.4","","5.0","","91","","","","10","","15","","","","","","","","","","NA"
"-123.30","49.11","SANDHEADS CS","1107010","2022-01-14 19:00","2022","01","14","19:00","7.2","","5.5","","89","","","","9","","11","","","","","","","","","","NA"
"-123.30","49.11","SANDHEADS CS","1107010","2022-01-14 20:00","2022","01","14","20:00","7.1","","5.6","","90","","","","15","","7","","","","","","","","","","NA"
"-123.30","49.11","SANDHEADS CS","1107010","2022-01-14 21:00","2022","01","14","21:00","7.2","","5.7","","90","","","","19","","8","","","","","","","","","","NA"
"-123.30","49.11","SANDHEADS CS","1107010","2022-01-14 22:00","2022","01","14","22:00","6.6","","5.5","","93","","","","9","","4","","","","","","","","","","NA"
"-123.30","49.11","SANDHEADS CS","1107010","2022-01-14 23:00","2022","01","14","23:00","6.5","","5.7","","95","","","","9","","16","","","","","","","","","","NA"
"-123.30","49.11","SANDHEADS CS","1107010","2022-01-15 00:00","2022","01","15","00:00","6.4","","5.6","","95","","","","12","","7","","","","","","","","","","NA"
"-123.30","49.11","SANDHEADS CS","1107010","2022-01-15 01:00","2022","01","15","01:00","5.9","","5.2","","95","","","","16","","9","","","","","","","","","","NA"
"-123.30","49.11","SANDHEADS CS","1107010","2022-01-15 02:00","2022","01","15","02:00","5.8","","5.3","","97","","","","17","","10","","","","","","","","","","NA"
"-123.30","49.11","SANDHEADS CS","1107010","2022-01-15 03:00","2022","01","15","03:00","6.1","","5.7","","97","","","","13","","7","","","","","","","","","","NA"
"-123.30","49.11","SANDHEADS CS","1107010","2022-01-15 04:00","2022","01","15","04:00","5.6","","5.3","","98","","","","10","","15","","","","","","","","","","NA"
"-123.30","49.11","SANDHEADS CS","1107010","2022-01-15 05:00","2022","01","15","05:00","5.5","","5.2","","98","","","","11","","14","","","","","","","","","","NA"
"-123.30","49.11","SANDHEADS CS","1107010","2022-01-15 06:00","2022","01","15","06:00","5.9","","5.6","","98","","","","12","","13","","","","","","","","","","NA"
"-123.30","49.11","SANDHEADS CS","1107010","2022-01-15 07:00","2022","01","15","07:00","6.1","","5.8","","98","","","","10","","15","","","","","","","","","","NA"
"-123.30","49.11","SANDHEADS CS","1107010","2022-01-15 08:00","2022","01","15","08:00","5.7","","5.5","","99","","","","9","","13","","","","","","","","","","NA"
"-123.30","49.11","SANDHEADS CS","1107010","2022-01-15 09:00","2022","01","15","09:00","5.6","","5.4","","99","","","","14","","12","","","","","","","","","","NA"
"-123.30","49.11","SANDHEADS CS","1107010","2022-01-15 10:00","2022","01","15","10:00","5.6","","5.4","","99","","","","16","","11","","","","","","","","","","NA"
"-123.30","49.11","SANDHEADS CS","1107010","2022-01-15 11:00","2022","01","15","11:00","6.1","","5.9","","99","","","","17","","4","","","","","","","","","","NA"
"-123.30","49.11","SANDHEADS CS","1107010","2022-01-15 12:00","2022","01","15","12:00","5.6","","5.4","","99","","","","3","","1","","","","","","","","","","NA"
"-123.30","49.11","SANDHEADS CS","1107010","2022-01-15 13:00","2022","01","15","13:00","5.6","","5.5","","99","","","","34","","7","","","","","","","","","","NA"
"-123.30","49.11","SANDHEADS CS","1107010","2022-01-15 14:00","2022","01","15","14:00","5.7","","5.6","","99","","","","33","","4","","","","","","","","","","NA"
"-123.30","49.11","SANDHEADS CS","1107010","2022-01-15 15:00","2022","01","15","15:00","5.5","","5.4","","99","","","","30","","4","","","","","","","","","","NA"
"-123.30","49.11","SANDHEADS CS","1107010","2022-01-15 16:00","2022","01","15","16:00","5.4","","5.3","","99","","","","31","","4","","","","","","","","","","NA"
"-123.30","49.11","SANDHEADS CS","1107010","2022-01-15 17:00","2022","01","15","17:00","5.5","","5.4","","99","","","","30","","6","","","","","","","","","","NA"
"-123.30","49.11","SANDHEADS CS","1107010","2022-01-15 18:00","2022","01","15","18:00","5.6","","5.5","","100","","","","30","","7","","","","","","","","","","NA"
"-123.30","49.11","SANDHEADS CS","1107010","2022-01-15 19:00","2022","01","15","19:00","5.8","","5.7","","100","","","","33","","12","","","","","","","","","","NA"
"-123.30","49.11","SANDHEADS CS","1107010","2022-01-15 20:00","2022","01","15","20:00","5.6","","5.6","","100","","","","31","","4","","","","","","","","","","NA"
"-123.30","49.11","SANDHEADS CS","1107010","2022-01-15 21:00","2022","01","15","21:00","5.5","","5.5","","100","","","","29","","5","","","","","","","","","","NA"
"-123.30","49.11","SANDHEADS CS","1107010","2022-01-15 22:00","2022","01","15","22:00","5.3","","5.2","","100","","","","30","","2","","","","","","","","","","NA"
"-123.30","49.11","SANDHEADS CS","1107010","2022-01-15 23:00","2022","01","15","23:00","5.3","","5.2","","100","","","","30","","3","","","","","","","","","","NA"
"-123.30","49.11","SANDHEADS CS","1107010","2022-01-16 00:00","2022","01","16","00:00","5.4","","5.3","","100","","","","34","","4","","","","","","","","","","NA"
"-123.30","49.11","SANDHEADS CS","1107010","2022-01-16 01:00","2022","01","16","01:00","5.4","","5.3","","100","","","","33","","11","","","","","","","","","","NA"
"-123.30","49.11","SANDHEADS CS","1107010","2022-01-16 02:00","2022","01","16","02:00","5.1","","5.0","","99","","","","7","","5","","","","","","","","","","NA"
"-123.30","49.11","SANDHEADS CS","1107010","2022-01-16 03:00","2022","01","16","03:00","5.1","","5.0","","99","","","","11","","3","","","","","","","","","","NA"
"-123.30","49.11","SANDHEADS CS","1107010","2022-01-16 04:00","2022","01","16","04:00","5.1","","5.0","","99","","","","","","0","","","","","","","","","","NA"
"-123.30","49.11","SANDHEADS CS","1107010","2022-01-16 05:00","2022","01","16","05:00","5.4","","5.3","","99","","","","16","","4","","","","","","","","","","NA"
"-123.30","49.11","SANDHEADS CS","1107010","2022-01-16 06:00","2022","01","16","06:00","5.4","","5.3","","99","","","","17","","5","","","","","","","","","","NA"
"-123.30","49.11","SANDHEADS CS","1107010","2022-01-16 07:00","2022","01","16","07:00","5.3","","5.3","","99","","","","19","","6","","","","","","","","","","NA"
"-123.30","49.11","SANDHEADS CS","1107010","2022-01-16 08:00","2022","01","16","08:00","5.4","","5.3","","99","","","","18","","6","","","","","","","","","","NA"
"-123.30","49.11","SANDHEADS CS","1107010","2022-01-16 09:00","2022","01","16","09:00","5.4","","5.3","","99","","","","19","","5","","","","","","","","","","NA"
"-123.30","49.11","SANDHEADS CS","1107010","2022-01-16 10:00","2022","01","16","10:00","5.2","","5.1","","99","","","","12","","4","","","","","","","","","","NA"
"-123.30","49.11","SANDHEADS CS","1107010","2022-01-16 11:00","2022","01","16","11:00","5.1","","5.0","","99","","","","14","","9","","","","","","","","","","NA"
"-123.30","49.11","SANDHEADS CS","1107010","2022-01-16 12:00","2022","01","16","12:00","5.2","","5.1","","99","","","","15","","8","","","","","","","","","","NA"
"-123.30","49.11","SANDHEADS CS","1107010","2022-01-16 13:00","2022","01","16","13:00","5.3","","5.2","","99","","","","14","","11","","","","","","","","","","NA"
"-123.30","49.11","SANDHEADS CS","1107010","2022-01-16 14:00","2022","01","16","14:00","5.3","","5.2","","99","","","","15","","6","","","","","","","","","","NA"
"-123.30","49.11","SANDHEADS CS","1107010","2022-01-16 15:00","2022","01","16","15:00","5.2","","5.0","","99","","","","14","","6","","","","","","","","","","NA"
"-123.30","49.11","SANDHEADS CS","1107010","2022-01-16 16:00","2022","01","16","16:00","5.0","","4.8","","99","","","","16","","5","","","","","","","","","","NA"
"-123.30","49.11","SANDHEADS CS","1107010","2022-01-16 17:00","2022","01","16","17:00","5.0","","4.8","","99","","","","17","","9","","","","","","","","","","NA"
"-123.30","49.11","SANDHEADS CS","1107010","2022-01-16 18:00","2022","01","16","18:00","5.0","","4.7","","98","","","","8","","1","","","","","","","","","","NA"
"-123.30","49.11","SANDHEADS CS","1107010","2022-01-16 19:00","2022","01","16","19:00","4.9","","4.6","","98","","","","8","","5","","","","","","","","","","NA"
"-123.30","49.11","SANDHEADS CS","1107010","2022-01-16 20:00","2022","01","16","20:00","4.9","","4.6","","98","","","","8","","6","","","","","","","","","","NA"
"-123.30","49.11","SANDHEADS CS","1107010","2022-01-16 21:00","2022","01","16","21:00","5.3","","4.8","","97","","","","8","","8","","","","","","","","","","NA"
"-123.30","49.11","SANDHEADS CS","1107010","2022-01-16 22:00","2022","01","16","22:00","5.2","","4.7","","97","","","","9","","9","","","","","","","","","","NA"
"-123.30","49.11","SANDHEADS CS","1107010","2022-01-16 23:00","2022","01","16","23:00","5.4","","4.9","","96","","","","10","","15","","","","","","","","","","NA"
"-123.30","49.11","SANDHEADS CS","1107010","2022-01-17 00:00","2022","01","17","00:00","5.2","","4.8","","97","","","","12","","13","","","","","","","","","","NA"
"-123.30","49.11","SANDHEADS CS","1107010","2022-01-17 01:00","2022","01","17","01:00","5.1","","4.8","","98","","","","10","","15","","","","","","","","","","NA"
"-123.30","49.11","SANDHEADS CS","1107010","2022-01-17 02:00","2022","01","17","02:00","5.0","","4.6","","98","","","","14","","14","","","","","","","","","","NA"
"-123.30","49.11","SANDHEADS CS","1107010","2022-01-17 03:00","2022","01","17","03:00","4.9","","4.7","","98","","","","14","","13","","","","","","","","","","NA"
"-123.30","49.11","SANDHEADS CS","1107010","2022-01-17 04:00","2022","01","17","04:00","4.8","","4.6","","99","","","","11","","14","","","","","","","","","","NA"
"-123.30","49.11","SANDHEADS CS","1107010","2022-01-17 05:00","2022","01","17","05:00","4.8","","4.6","","99","","","","11","","18","","","","","","","","","","NA"
"-123.30","49.11","SANDHEADS CS","1107010","2022-01-17 06:00","2022","01","17","06:00","5.1","","4.8","","98","","","","8","","17","","","","","","","","","","NA"
"-123.30","49.11","SANDHEADS CS","1107010","2022-01-17 07:00","2022","01","17","07:00","4.9","","4.5","","98","","","","10","","17","","","","","","","","","","NA"
"-123.30","49.11","SANDHEADS CS","1107010","2022-01-17 08:00","2022","01","17","08:00","5.3","","5.0","","98","","","","12","","18","","","","","","","","","","NA"
"-123.30","49.11","SANDHEADS CS","1107010","2022-01-17 09:00","2022","01","17","09:00","5.4","","5.0","","97","","","","11","","17","","","","","","","","","","NA"
"-123.30","49.11","SANDHEADS CS","1107010","2022-01-17 10:00","2022","01","17","10:00","5.5","","4.8","","96","","","","13","","22","","","","","","","","","","NA"
"-123.30","49.11","SANDHEADS CS","1107010","2022-01-17 11:00","2022","01","17","11:00","5.4","","4.5","","94","","","","12","","21","","","","","","","","","","NA"
"-123.30","49.11","SANDHEADS CS","1107010","2022-01-17 12:00","2022","01","17","12:00","5.9","","4.9","","93","","","","11","","19","","","","","","","","","","NA"
"-123.30","49.11","SANDHEADS CS","1107010","2022-01-17 13:00","2022","01","17","13:00","6.0","","4.9","","92","","","","11","","19","","","","","","","","","","NA"
"-123.30","49.11","SANDHEADS CS","1107010","2022-01-17 14:00","2022","01","17","14:00","6.0","","4.3","","89","","","","10","","19","","","","","","","","","","NA"
"-123.30","49.11","SANDHEADS CS","1107010","2022-01-17 15:00","2022","01","17","15:00","6.1","","4.4","","89","","","","14","","20","","","","","","","","","","NA"
"-123.30","49.11","SANDHEADS CS","1107010","2022-01-17 16:00","2022","01","17","16:00","6.2","","4.8","","91","","","","11","","16","","","","","","","","","","NA"
"-123.30","49.11","SANDHEADS CS","1107010","2022-01-17 17:00","2022","01","17","17:00","5.8","","5.1","","95","","","","10","","21","","","","","","","","","","NA"
"-123.30","49.11","SANDHEADS CS","1107010","2022-01-17 18:00","2022","01","17","18:00","5.7","","5.2","","96","","","","10","","22","","","","","","","","","","NA"
"-123.30","49.11","SANDHEADS CS","1107010","2022-01-17 19:00","2022","01","17","19:00","5.5","","5.2","","98","","","","10","","14","","","","","","","","","","NA"
"-123.30","49.11","SANDHEADS CS","1107010","2022-01-17 20:00","2022","01","17","20:00","5.5","","5.3","","98","","","","10","","17","","","","","","","","","","NA"
"-123.30","49.11","SANDHEADS CS","1107010","2022-01-17 21:00","2022","01","17","21:00","5.7","","5.4","","98","","","","9","","16","","","","","","","","","","NA"
"-123.30","49.11","SANDHEADS CS","1107010","2022-01-17 22:00","2022","01","17","22:00","5.6","","5.4","","99","","","","10","","15","","","","","","","","","","NA"
"-123.30","49.11","SANDHEADS CS","1107010","2022-01-17 23:00","2022","01","17","23:00","5.8","","5.7","","99","","","","7","","12","","","","","","","","","","NA"
"-123.30","49.11","SANDHEADS CS","1107010","2022-01-18 00:00","2022","01","18","00:00","5.8","","5.6","","99","","","","11","","9","","","","","","","","","","NA"
"-123.30","49.11","SANDHEADS CS","1107010","2022-01-18 01:00","2022","01","18","01:00","5.7","","5.6","","99","","","","9","","8","","","","","","","","","","NA"
"-123.30","49.11","SANDHEADS CS","1107010","2022-01-18 02:00","2022","01","18","02:00","5.8","","5.7","","99","","","","11","","9","","","","","","","","","","NA"
"-123.30","49.11","SANDHEADS CS","1107010","2022-01-18 03:00","2022","01","18","03:00","5.7","","5.6","","99","","","","13","","8","","","","","","","","","","NA"
"-123.30","49.11","SANDHEADS CS","1107010","2022-01-18 04:00","2022","01","18","04:00","5.6","","5.5","","99","","","","14","","6","","","","","","","","","","NA"
"-123.30","49.11","SANDHEADS CS","1107010","2022-01-18 05:00","2022","01","18","05:00","5.6","","5.5","","99","","","","30","","3","","","","","","","","","","NA"
"-123.30","49.11","SANDHEADS CS","1107010","2022-01-18 06:00","2022","01","18","06:00","5.5","","5.5","","99","","","","35","","7","","","","","","","","","","NA"
"-123.30","49.11","SANDHEADS CS","1107010","2022-01-18 07:00","2022","01","18","07:00","5.6","","5.5","","99","","","","1","","5","","","","","","","","","","NA"
"-123.30","49.11","SANDHEADS CS","1107010","2022-01-18 08:00","2022","01","18","08:00","5.5","","5.4","","99","","","","35","","5","","","","","","","","","","NA"
"-123.30","49.11","SANDHEADS CS","1107010","2022-01-18 09:00","2022","01","18","09:00","5.5","","5.4","","99","","","","2","","7","","","","","","","","","","NA"
"-123.30","49.11","SANDHEADS CS","1107010","2022-01-18 10:00","2022","01","18","10:00","5.6","","5.4","","99","","","","2","","8","","","","","","","","","","NA"
"-123.30","49.11","SANDHEADS CS","1107010","2022-01-18 11:00","2022","01","18","11:00","5.5","","5.4","","99","","","","35","","4","","","","","","","","","","NA"
"-123.30","49.11","SANDHEADS CS","1107010","2022-01-18 12:00","2022","01","18","12:00","5.7","","5.5","","99","","","","32","","4","","","","","","","","","","NA"
"-123.30","49.11","SANDHEADS CS","1107010","2022-01-18 13:00","2022","01","18","13:00","5.8","","5.7","","99","","","","34","","3","","","","","","","","","","NA"
"-123.30","49.11","SANDHEADS CS","1107010","2022-01-18 14:00","2022","01","18","14:00","5.9","","5.8","","99","","","","31","","6","","","","","","","","","","NA"
"-123.30","49.11","SANDHEADS CS","1107010","2022-01-18 15:00","2022","01","18","15:00","5.9","","5.8","","99","","","","29","","4","","","","","","","","","","NA"
"-123.30","49.11","SANDHEADS CS","1107010","2022-01-18 16:00","2022","01","18","16:00","5.9","","5.8","","99","","","","33","","2","","","","","","","","","","NA"
"-123.30","49.11","SANDHEADS CS","1107010","2022-01-18 17:00","2022","01","18","17:00","5.8","","5.8","","99","","","","29","","1","","","","","","","","","","NA"
"-123.30","49.11","SANDHEADS CS","1107010","2022-01-18 18:00","2022","01","18","18:00","5.9","","5.8","","99","","","","36","","2","","","","","","","","","","NA"
"-123.30","49.11","SANDHEADS CS","1107010","2022-01-18 19:00","2022","01","18","19:00","6.0","","5.9","","99","","","","6","","5","","","","","","","","","","NA"
"-123.30","49.11","SANDHEADS CS","1107010","2022-01-18 20:00","2022","01","18","20:00","5.8","","5.7","","99","","","","6","","8","","","","","","","","","","NA"
"-123.30","49.11","SANDHEADS CS","1107010","2022-01-18 21:00","2022","01","18","21:00","6.3","","6.2","","99","","","","8","","8","","","","","","","","","","NA"
"-123.30","49.11","SANDHEADS CS","1107010","2022-01-18 22:00","2022","01","18","22:00","6.3","","6.2","","100","","","","10","","10","","","","","","","","","","NA"
"-123.30","49.11","SANDHEADS CS","1107010","2022-01-18 23:00","2022","01","18","23:00","6.5","","6.5","","100","","","","11","","14","","","","","","","","","","NA"
"-123.30","49.11","SANDHEADS CS","1107010","2022-01-19 00:00","2022","01","19","00:00","6.7","","6.6","","100","","","","9","","13","","","","","","","","","","NA"
"-123.30","49.11","SANDHEADS CS","1107010","2022-01-19 01:00","2022","01","19","01:00","6.9","","6.8","","100","","","","8","","12","","","","","","","","","","NA"
"-123.30","49.11","SANDHEADS CS","1107010","2022-01-19 02:00","2022","01","19","02:00","6.6","","6.5","","99","","","","9","","15","","","","","","","","","","NA"
"-123.30","49.11","SANDHEADS CS","1107010","2022-01-19 03:00","2022","01","19","03:00","6.3","","6.3","","99","","","","10","","11","","","","","","","","","","NA"
"-123.30","49.11","SANDHEADS CS","1107010","2022-01-19 04:00","2022","01","19","04:00","6.6","","6.5","","99","","","","9","","13","","","","","","","","","","NA"
"-123.30","49.11","SANDHEADS CS","1107010","2022-01-19 05:00","2022","01","19","05:00","6.2","","6.0","","99","","","","11","","10","","","","","","","","","","NA"
"-123.30","49.11","SANDHEADS CS","1107010","2022-01-19 06:00","2022","01","19","06:00","6.4","","6.3","","99","","","","10","","13","","","","","","","","","","NA"
"-123.30","49.11","SANDHEADS CS","1107010","2022-01-19 07:00","2022","01","19","07:00","6.3","","6.2","","99","","","","10","","12","","","","","","","","","","NA"
"-123.30","49.11","SANDHEADS CS","1107010","2022-01-19 08:00","2022","01","19","08:00","6.2","","6.1","","99","","","","11","","12","","","","","","","","","","NA"
"-123.30","49.11","SANDHEADS CS","1107010","2022-01-19 09:00","2022","01","19","09:00","6.3","","6.1","","99","","","","9","","17","","","","","","","","","","NA"
"-123.30","49.11","SANDHEADS CS","1107010","2022-01-19 10:00","2022","01","19","10:00","6.7","","6.3","","97","","","","9","","16","","","","","","","","","","NA"
"-123.30","49.11","SANDHEADS CS","1107010","2022-01-19 11:00","2022","01","19","11:00","7.0","","6.5","","97","","","","10","","14","","","","","","","","","","NA"
"-123.30","49.11","SANDHEADS CS","1107010","2022-01-19 12:00","2022","01","19","12:00","7.0","","6.2","","95","","","","10","","19","","","","","","","","","","NA"
"-123.30","49.11","SANDHEADS CS","1107010","2022-01-19 13:00","2022","01","19","13:00","7.9","","6.9","","94","","","","11","","17","","","","","","","","","","NA"
"-123.30","49.11","SANDHEADS CS","1107010","2022-01-19 14:00","2022","01","19","14:00","7.3","","6.5","","95","","","","12","","14","","","","","","","","","","NA"
"-123.30","49.11","SANDHEADS CS","1107010","2022-01-19 15:00","2022","01","19","15:00","8.4","","7.0","","91","","","","10","","8","","","","","","","","","","NA"
"-123.30","49.11","SANDHEADS CS","1107010","2022-01-19 16:00","2022","01","19","16:00","8.2","","6.7","","90","","","","8","","7","","","","","","","","","","NA"
"-123.30","49.11","SANDHEADS CS","1107010","2022-01-19 17:00","2022","01","19","17:00","7.3","","6.3","","94","","","","5","","9","","","","","","","","","","NA"
"-123.30","49.11","SANDHEADS CS","1107010","2022-01-19 18:00","2022","01","19","18:00","7.1","","6.5","","96","","","","11","","18","","","","","","","","","","NA"
"-123.30","49.11","SANDHEADS CS","1107010","2022-01-19 19:00","2022","01","19","19:00","7.4","","6.8","","96","","","","8","","23","","","","","","","","","","NA"
"-123.30","49.11","SANDHEADS CS","1107010","2022-01-19 20:00","2022","01","19","20:00","7.3","","6.9","","97","","","","8","","21","","","","","","","","","","NA"
"-123.30","49.11","SANDHEADS CS","1107010","2022-01-19 21:00","2022","01","19","21:00","7.2","","6.8","","98","","","","8","","21","","","","","","","","","","NA"
"-123.30","49.11","SANDHEADS CS","1107010","2022-01-19 22:00","2022","01","19","22:00","6.7","","6.3","","98","","","","9","","21","","","","","","","","","","NA"
"-123.30","49.11","SANDHEADS CS","1107010","2022-01-19 23:00","2022","01","19","23:00","6.8","","6.4","","97","","","","10","","20","","","","","","","","","","NA"
"-123.30","49.11","SANDHEADS CS","1107010","2022-01-20 00:00","2022","01","20","00:00","6.5","","6.2","","97","","","","10","","23","","","","","","","","","","NA"
"-123.30","49.11","SANDHEADS CS","1107010","2022-01-20 01:00","2022","01","20","01:00","6.5","","6.1","","97","","","","9","","25","","","","","","","","","","NA"
"-123.30","49.11","SANDHEADS CS","1107010","2022-01-20 02:00","2022","01","20","02:00","6.5","","6.1","","98","","","","10","","24","","","","","","","","","","NA"
"-123.30","49.11","SANDHEADS CS","1107010","2022-01-20 03:00","2022","01","20","03:00","6.6","","6.3","","98","","","","9","","25","","","","","","","","","","NA"
"-123.30","49.11","SANDHEADS CS","1107010","2022-01-20 04:00","2022","01","20","04:00","6.8","","6.5","","98","","","","11","","17","","","","","","","","","","NA"
"-123.30","49.11","SANDHEADS CS","1107010","2022-01-20 05:00","2022","01","20","05:00","7.4","","7.2","","99","","","","13","","17","","","","","","","","","","NA"
"-123.30","49.11","SANDHEADS CS","1107010","2022-01-20 06:00","2022","01","20","06:00","8.5","","7.6","","94","","","","17","","35","","","","","","","","","","NA"
"-123.30","49.11","SANDHEADS CS","1107010","2022-01-20 07:00","2022","01","20","07:00","7.4","","6.5","","94","","","","13","","8","","","","","","","","","","NA"
"-123.30","49.11","SANDHEADS CS","1107010","2022-01-20 08:00","2022","01","20","08:00","8.5","","7.3","","92","","","","27","","8","","","","","","","","","","NA"
"-123.30","49.11","SANDHEADS CS","1107010","2022-01-20 09:00","2022","01","20","09:00","8.3","","7.0","","91","","","","32","","4","","","","","","","","","","NA"
"-123.30","49.11","SANDHEADS CS","1107010","2022-01-20 10:00","2022","01","20","10:00","8.4","","7.3","","93","","","","20","","3","","","","","","","","","","NA"
"-123.30","49.11","SANDHEADS CS","1107010","2022-01-20 11:00","2022","01","20","11:00","8.4","","7.2","","92","","","","23","","4","","","","","","","","","","NA"
"-123.30","49.11","SANDHEADS CS","1107010","2022-01-20 12:00","2022","01","20","12:00","7.6","","6.5","","93","","","","31","","5","","","","","","","","","","NA"
"-123.30","49.11","SANDHEADS CS","1107010","2022-01-20 13:00","2022","01","20","13:00","7.2","","6.5","","96","","","","27","","8","","","","","","","","","","NA"
"-123.30","49.11","SANDHEADS CS","1107010","2022-01-20 14:00","2022","01","20","14:00","6.8","","6.3","","97","","","","34","","12","","","","","","","","","","NA"
"-123.30","49.11","SANDHEADS CS","1107010","2022-01-20 15:00","2022","01","20","15:00","8.2","","6.8","","91","","","","29","","20","","","","","","","","","","NA"
"-123.30","49.11","SANDHEADS CS","1107010","2022-01-20 16:00","2022","01","20","16:00","7.6","","5.9","","89","","","","28","","30","","","","","","","","","","NA"
"-123.30","49.11","SANDHEADS CS","1107010","2022-01-20 17:00","2022","01","20","17:00","7.3","","6.1","","92","","","","28","","28","","","","","","","","","","NA"
"-123.30","49.11","SANDHEADS CS","1107010","2022-01-20 18:00","2022","01","20","18:00","7.8","","5.7","","87","","","","28","","27","","","","","","","","","","NA"
"-123.30","49.11","SANDHEADS CS","1107010","2022-01-20 19:00","2022","01","20","19:00","7.8","","5.4","","84","","","","28","","34","","","","","","","","","","NA"
"-123.30","49.11","SANDHEADS CS","1107010","2022-01-20 20:00","2022","01","20","20:00","8.2","","4.7","","78","","","","29","","43","","","","","","","","","","NA"
"-123.30","49.11","SANDHEADS CS","1107010","2022-01-20 21:00","2022","01","20","21:00","7.7","","5.1","","84","","","","28","","36","","","","","","","","","","NA"
"-123.30","49.11","SANDHEADS CS","1107010","2022-01-20 22:00","2022","01","20","22:00","7.5","","4.7","","82","","","","26","","28","","","","","","","","","","NA"
"-123.30","49.11","SANDHEADS CS","1107010","2022-01-20 23:00","2022","01","20","23:00","7.6","","4.5","","81","","","","28","","31","","","","","","","","","","NA"
"-123.30","49.11","SANDHEADS CS","1107010","2022-01-21 00:00","2022","01","21","00:00","7.0","","4.5","","84","","","","27","","17","","","","","","","","","","NA"
"-123.30","49.11","SANDHEADS CS","1107010","2022-01-21 01:00","2022","01","21","01:00","7.1","","4.8","","85","","","","31","","21","","","","","","","","","","NA"
"-123.30","49.11","SANDHEADS CS","1107010","2022-01-21 02:00","2022","01","21","02:00","6.9","","4.7","","86","","","","31","","25","","","","","","","","","","NA"
"-123.30","49.11","SANDHEADS CS","1107010","2022-01-21 03:00","2022","01","21","03:00","6.8","","4.7","","87","","","","31","","21","","","","","","","","","","NA"
"-123.30","49.11","SANDHEADS CS","1107010","2022-01-21 04:00","2022","01","21","04:00","6.7","","4.3","","85","","","","30","","22","","","","","","","","","","NA"
"-123.30","49.11","SANDHEADS CS","1107010","2022-01-21 05:00","2022","01","21","05:00","6.5","","4.6","","88","","","","33","","13","","","","","","","","","","NA"
"-123.30","49.11","SANDHEADS CS","1107010","2022-01-21 06:00","2022","01","21","06:00","6.0","","4.7","","91","","","","2","","5","","","","","","","","","","NA"
"-123.30","49.11","SANDHEADS CS","1107010","2022-01-21 07:00","2022","01","21","07:00","5.8","","4.7","","92","","","","28","","7","","","","","","","","","","NA"
"-123.30","49.11","SANDHEADS CS","1107010","2022-01-21 08:00","2022","01","21","08:00","5.5","","4.0","","90","","","","25","","10","","","","","","","","","","NA"
"-123.30","49.11","SANDHEADS CS","1107010","2022-01-21 09:00","2022","01","21","09:00","5.3","","4.0","","91","","","","28","","10","","","","","","","","","","NA"
"-123.30","49.11","SANDHEADS CS","1107010","2022-01-21 10:00","2022","01","21","10:00","5.9","","4.3","","90","","","","30","","12","","","","","","","","","","NA"
"-123.30","49.11","SANDHEADS CS","1107010","2022-01-21 11:00","2022","01","21","11:00","5.8","","4.2","","90","","","","28","","6","","","","","","","","","","NA"
"-123.30","49.11","SANDHEADS CS","1107010","2022-01-21 12:00","2022","01","21","12:00","5.7","","4.4","","91","","","","31","","1","","","","","","","","","","NA"
"-123.30","49.11","SANDHEADS CS","1107010","2022-01-21 13:00","2022","01","21","13:00","6.1","","4.3","","88","","","","1","","3","","","","","","","","","","NA"
"-123.30","49.11","SANDHEADS CS","1107010","2022-01-21 14:00","2022","01","21","14:00","7.0","","5.0","","87","","","","8","","2","","","","","","","","","","NA"
"-123.30","49.11","SANDHEADS CS","1107010","2022-01-21 15:00","2022","01","21","15:00","6.6","","4.6","","87","","","","31","","2","","","","","","","","","","NA"
"-123.30","49.11","SANDHEADS CS","1107010","2022-01-21 16:00","2022","01","21","16:00","5.4","","4.5","","94","","","","24","","3","","","","","","","","","","NA"
"-123.30","49.11","SANDHEADS CS","1107010","2022-01-21 17:00","2022","01","21","17:00","5.6","","4.8","","95","","","","26","","3","","","","","","","","","","NA"
"-123.30","49.11","SANDHEADS CS","1107010","2022-01-21 18:00","2022","01","21","18:00","5.5","","4.6","","94","","","","32","","3","","","","","","","","","","NA"
"-123.30","49.11","SANDHEADS CS","1107010","2022-01-21 19:00","2022","01","21","19:00","5.9","","4.3","","90","","","","27","","1","","","","","","","","","","NA"
"-123.30","49.11","SANDHEADS CS","1107010","2022-01-21 20:00","2022","01","21","20:00","5.5","","3.9","","89","","","","7","","4","","","","","","","","","","NA"
"-123.30","49.11","SANDHEADS CS","1107010","2022-01-21 21:00","2022","01","21","21:00","5.7","","4.1","","89","","","","2","","8","","","","","","","","","","NA"
"-123.30","49.11","SANDHEADS CS","1107010","2022-01-21 22:00","2022","01","21","22:00","5.7","","4.6","","92","","","","34","","13","","","","","","","","","","NA"
"-123.30","49.11","SANDHEADS CS","1107010","2022-01-21 23:00","2022","01","21","23:00","5.4","","4.8","","96","","","","35","","11","","","","","","","","","","NA"
"-123.30","49.11","SANDHEADS CS","1107010","2022-01-22 00:00","2022","01","22","00:00","5.5","","4.8","","95","","","","34","","10","","","","","","","","","","NA"
"-123.30","49.11","SANDHEADS CS","1107010","2022-01-22 01:00","2022","01","22","01:00","5.3","","4.8","","97","","","","34","","10","","","","","","","","","","NA"
"-123.30","49.11","SANDHEADS CS","1107010","2022-01-22 02:00","2022","01","22","02:00","5.3","","4.8","","96","","","","33","","10","","","","","","","","","","NA"
"-123.30","49.11","SANDHEADS CS","1107010","2022-01-22 03:00","2022","01","22","03:00","5.4","","4.9","","97","","","","31","","8","","","","","","","","","","NA"
"-123.30","49.11","SANDHEADS CS","1107010","2022-01-22 04:00","2022","01","22","04:00","5.4","","4.9","","96","","","","31","","12","","","","","","","","","","NA"
"-123.30","49.11","SANDHEADS CS","1107010","2022-01-22 05:00","2022","01","22","05:00","5.6","","4.8","","94","","","","32","","11","","","","","","","","","","NA"
"-123.30","49.11","SANDHEADS CS","1107010","2022-01-22 06:00","2022","01","22","06:00","5.2","","4.5","","95","","","","30","","13","","","","","","","","","","NA"
"-123.30","49.11","SANDHEADS CS","1107010","2022-01-22 07:00","2022","01","22","07:00","5.4","","4.5","","94","","","","31","","13","","","","","","","","","","NA"
"-123.30","49.11","SANDHEADS CS","1107010","2022-01-22 08:00","2022","01","22","08:00","5.2","","4.4","","95","","","","33","","14","","","","","","","","","","NA"
"-123.30","49.11","SANDHEADS CS","1107010","2022-01-22 09:00","2022","01","22","09:00","5.5","","4.1","","90","","","","35","","11","","","","","","","","","","NA"
"-123.30","49.11","SANDHEADS CS","1107010","2022-01-22 10:00","2022","01","22","10:00","5.5","","3.7","","88","","","","35","","7","","","","","","","","","","NA"
"-123.30","49.11","SANDHEADS CS","1107010","2022-01-22 11:00","2022","01","22","11:00","5.3","","4.2","","92","","","","36","","4","","","","","","","","","","NA"
"-123.30","49.11","SANDHEADS CS","1107010","2022-01-22 12:00","2022","01","22","12:00","4.9","","4.0","","93","","","","33","","8","","","","","","","","","","NA"
"-123.30","49.11","SANDHEADS CS","1107010","2022-01-22 13:00","2022","01","22","13:00","5.4","","3.7","","89","","","","32","","14","","","","","","","","","","NA"
"-123.30","49.11","SANDHEADS CS","1107010","2022-01-22 14:00","2022","01","22","14:00","6.0","","3.9","","87","","","","31","","16","","","","","","","","","","NA"
"-123.30","49.11","SANDHEADS CS","1107010","2022-01-22 15:00","2022","01","22","15:00","6.1","","3.6","","84","","","","32","","20","","","","","","","","","","NA"
"-123.30","49.11","SANDHEADS CS","1107010","2022-01-22 16:00","2022","01","22","16:00","5.9","","3.4","","84","","","","31","","23","","","","","","","","","","NA"
"-123.30","49.11","SANDHEADS CS","1107010","2022-01-22 17:00","2022","01","22","17:00","5.7","","3.9","","88","","","","31","","25","","","","","","","","","","NA"
"-123.30","49.11","SANDHEADS CS","1107010","2022-01-22 18:00","2022","01","22","18:00","5.6","","3.6","","87","","","","31","","26","","","","","","","","","","NA"
"-123.30","49.11","SANDHEADS CS","1107010","2022-01-22 19:00","2022","01","22","19:00","5.5","","3.8","","89","","","","31","","23","","","","","","","","","","NA"
"-123.30","49.11","SANDHEADS CS","1107010","2022-01-22 20:00","2022","01","22","20:00","5.5","","4.0","","90","","","","31","","23","","","","","","","","","","NA"
"-123.30","49.11","SANDHEADS CS","1107010","2022-01-22 21:00","2022","01","22","21:00","5.4","","4.1","","91","","","","31","","24","","","","","","","","","","NA"
"-123.30","49.11","SANDHEADS CS","1107010","2022-01-22 22:00","2022","01","22","22:00","5.4","","4.1","","91","","","","32","","22","","","","","","","","","","NA"
"-123.30","49.11","SANDHEADS CS","1107010","2022-01-22 23:00","2022","01","22","23:00","5.2","","3.8","","91","","","","31","","22","","","","","","","","","","NA"
"-123.30","49.11","SANDHEADS CS","1107010","2022-01-23 00:00","2022","01","23","00:00","5.0","","3.8","","92","","","","31","","21","","","","","","","","","","NA"
"-123.30","49.11","SANDHEADS CS","1107010","2022-01-23 01:00","2022","01","23","01:00","4.5","","3.4","","93","","","","30","","21","","","","","","","","","","NA"
"-123.30","49.11","SANDHEADS CS","1107010","2022-01-23 02:00","2022","01","23","02:00","4.5","","3.4","","92","","","","30","","16","","","","","","","","","","NA"
"-123.30","49.11","SANDHEADS CS","1107010","2022-01-23 03:00","2022","01","23","03:00","4.5","","3.1","","91","","","","30","","8","","","","","","","","","","NA"
"-123.30","49.11","SANDHEADS CS","1107010","2022-01-23 04:00","2022","01","23","04:00","4.1","","3.1","","93","","","","31","","10","","","","","","","","","","NA"
"-123.30","49.11","SANDHEADS CS","1107010","2022-01-23 05:00","2022","01","23","05:00","3.9","","2.9","","93","","","","29","","10","","","","","","","","","","NA"
"-123.30","49.11","SANDHEADS CS","1107010","2022-01-23 06:00","2022","01","23","06:00","3.9","","2.9","","93","","","","31","","8","","","","","","","","","","NA"
"-123.30","49.11","SANDHEADS CS","1107010","2022-01-23 07:00","2022","01","23","07:00","4.2","","3.0","","92","","","","31","","4","","","","","","","","","","NA"
"-123.30","49.11","SANDHEADS CS","1107010","2022-01-23 08:00","2022","01","23","08:00","4.1","","3.1","","93","","","","29","","3","","","","","","","","","","NA"
"-123.30","49.11","SANDHEADS CS","1107010","2022-01-23 09:00","2022","01","23","09:00","3.8","","3.0","","95","","","","33","","5","","","","","","","","","","NA"
"-123.30","49.11","SANDHEADS CS","1107010","2022-01-23 10:00","2022","01","23","10:00","3.6","","2.9","","95","","","","32","","4","","","","","","","","","","NA"
"-123.30","49.11","SANDHEADS CS","1107010","2022-01-23 11:00","2022","01","23","11:00","3.5","","2.9","","96","","","","32","","5","","","","","","","","","","NA"
"-123.30","49.11","SANDHEADS CS","1107010","2022-01-23 12:00","2022","01","23","12:00","3.4","","2.9","","96","","","","5","","6","","","","","","","","","","NA"
"-123.30","49.11","SANDHEADS CS","1107010","2022-01-23 13:00","2022","01","23","13:00","3.2","","2.8","","98","","","","6","","9","","","","","","","","","","NA"
"-123.30","49.11","SANDHEADS CS","1107010","2022-01-23 14:00","2022","01","23","14:00","3.2","","3.0","","98","","","","36","","3","","","","","","","","","","NA"
"-123.30","49.11","SANDHEADS CS","1107010","2022-01-23 15:00","2022","01","23","15:00","3.4","","3.1","","98","","","","33","","9","","","","","","","","","","NA"
"-123.30","49.11","SANDHEADS CS","1107010","2022-01-23 16:00","2022","01","23","16:00","4.0","","3.2","","95","","","","30","","19","","","","","","","","","","NA"
"-123.30","49.11","SANDHEADS CS","1107010","2022-01-23 17:00","2022","01","23","17:00","4.1","","3.1","","93","","","","34","","16","","","","","","","","","","NA"
"-123.30","49.11","SANDHEADS CS","1107010","2022-01-23 18:00","2022","01","23","18:00","4.2","","3.2","","93","","","","35","","9","","","","","","","","","","NA"
"-123.30","49.11","SANDHEADS CS","1107010","2022-01-23 19:00","2022","01","23","19:00","4.1","","3.3","","94","","","","28","","11","","","","","","","","","","NA"
"-123.30","49.11","SANDHEADS CS","1107010","2022-01-23 20:00","2022","01","23","20:00","4.5","","3.6","","94","","","","30","","12","","","","","","","","","","NA"
"-123.30","49.11","SANDHEADS CS","1107010","2022-01-23 21:00","2022","01","23","21:00","4.9","","3.6","","91","","","","31","","11","","","","","","","","","","NA"
"-123.30","49.11","SANDHEADS CS","1107010","2022-01-23 22:00","2022","01","23","22:00","4.8","","3.5","","91","","","","31","","8","","","","","","","","","","NA"
"-123.30","49.11","SANDHEADS CS","1107010","2022-01-23 23:00","2022","01","23","23:00","4.3","","3.0","","91","","","","33","","14","","","","","","","","","","NA"
"-123.30","49.11","SANDHEADS CS","1107010","2022-01-24 00:00","2022","01","24","00:00","4.4","","3.2","","92","","","","34","","9","","","","","","","","","","NA"
"-123.30","49.11","SANDHEADS CS","1107010","2022-01-24 01:00","2022","01","24","01:00","3.9","","2.9","","93","","","","6","","3","","","","","","","","","","NA"
"-123.30","49.11","SANDHEADS CS","1107010","2022-01-24 02:00","2022","01","24","02:00","3.6","","2.9","","95","","","","8","","3","","","","","","","","","","NA"
"-123.30","49.11","SANDHEADS CS","1107010","2022-01-24 03:00","2022","01","24","03:00","2.9","","2.5","","97","","","","6","","8","","","","","","","","","","NA"
"-123.30","49.11","SANDHEADS CS","1107010","2022-01-24 04:00","2022","01","24","04:00","2.8","","2.5","","98","","","","8","","4","","","","","","","","","","NA"
"-123.30","49.11","SANDHEADS CS","1107010","2022-01-24 05:00","2022","01","24","05:00","2.8","","2.5","","97","","","","24","","3","","","","","","","","","","NA"
"-123.30","49.11","SANDHEADS CS","1107010","2022-01-24 06:00","2022","01","24","06:00","3.0","","2.6","","97","","","","4","","9","","","","","","","","","","NA"
"-123.30","49.11","SANDHEADS CS","1107010","2022-01-24 07:00","2022","01","24","07:00","2.8","","2.4","","97","","","","5","","7","","","","","","","","","","NA"
"-123.30","49.11","SANDHEADS CS","1107010","2022-01-24 08:00","2022","01","24","08:00","2.7","","2.5","","98","","","","1","","7","","","","","","","","","","NA"
"-123.30","49.11","SANDHEADS CS","1107010","2022-01-24 09:00","2022","01","24","09:00","2.5","","2.2","","98","","","","5","","6","","","","","","","","","","NA"
"-123.30","49.11","SANDHEADS CS","1107010","2022-01-24 10:00","2022","01","24","10:00","2.7","","2.3","","97","","","","2","","3","","","","","","","","","","NA"
"-123.30","49.11","SANDHEADS CS","1107010","2022-01-24 11:00","2022","01","24","11:00","2.7","","2.2","","97","","","","6","","6","","","","","","","","","","NA"
"-123.30","49.11","SANDHEADS CS","1107010","2022-01-24 12:00","2022","01","24","12:00","2.7","","2.2","","96","","","","35","","5","","","","","","","","","","NA"
"-123.30","49.11","SANDHEADS CS","1107010","2022-01-24 13:00","2022","01","24","13:00","3.0","","2.5","","97","","","","35","","5","","","","","","","","","","NA"
"-123.30","49.11","SANDHEADS CS","1107010","2022-01-24 14:00","2022","01","24","14:00","2.9","","2.4","","96","","","","33","","11","","","","","","","","","","NA"
"-123.30","49.11","SANDHEADS CS","1107010","2022-01-24 15:00","2022","01","24","15:00","2.6","","1.8","","95","","","","32","","12","","","","","","","","","","NA"
"-123.30","49.11","SANDHEADS CS","1107010","2022-01-24 16:00","2022","01","24","16:00","3.6","","2.6","","93","","","","32","","13","","","","","","","","","","NA"
"-123.30","49.11","SANDHEADS CS","1107010","2022-01-24 17:00","2022","01","24","17:00","3.8","","2.7","","93","","","","32","","15","","","","","","","","","","NA"
"-123.30","49.11","SANDHEADS CS","1107010","2022-01-24 18:00","2022","01","24","18:00","3.9","","2.7","","92","","","","32","","16","","","","","","","","","","NA"
"-123.30","49.11","SANDHEADS CS","1107010","2022-01-24 19:00","2022","01","24","19:00","4.1","","3.0","","93","","","","32","","21","","","","","","","","","","NA"
"-123.30","49.11","SANDHEADS CS","1107010","2022-01-24 20:00","2022","01","24","20:00","3.4","","2.8","","96","","","","34","","15","","","","","","","","","","NA"
"-123.30","49.11","SANDHEADS CS","1107010","2022-01-24 21:00","2022","01","24","21:00","3.5","","2.7","","95","","","","33","","15","","","","","","","","","","NA"
"-123.30","49.11","SANDHEADS CS","1107010","2022-01-24 22:00","2022","01","24","22:00","3.3","","2.5","","95","","","","33","","16","","","","","","","","","","NA"
"-123.30","49.11","SANDHEADS CS","1107010","2022-01-24 23:00","2022","01","24","23:00","3.4","","2.6","","94","","","","33","","13","","","","","","","","","","NA"
"-123.30","49.11","SANDHEADS CS","1107010","2022-01-25 00:00","2022","01","25","00:00","3.3","","2.5","","94","","","","31","","13","","","","","","","","","","NA"
"-123.30","49.11","SANDHEADS CS","1107010","2022-01-25 01:00","2022","01","25","01:00","3.5","","2.6","","94","","","","31","","12","","","","","","","","","","NA"
"-123.30","49.11","SANDHEADS CS","1107010","2022-01-25 02:00","2022","01","25","02:00","3.2","","2.3","","94","","","","32","","14","","","","","","","","","","NA"
"-123.30","49.11","SANDHEADS CS","1107010","2022-01-25 03:00","2022","01","25","03:00","3.4","","2.4","","94","","","","35","","6","","","","","","","","","","NA"
"-123.30","49.11","SANDHEADS CS","1107010","2022-01-25 04:00","2022","01","25","04:00","3.2","","1.8","","90","","","","35","","9","","","","","","","","","","NA"
"-123.30","49.11","SANDHEADS CS","1107010","2022-01-25 05:00","2022","01","25","05:00","2.8","","1.8","","93","","","","3","","9","","","","","","","","","","NA"
"-123.30","49.11","SANDHEADS CS","1107010","2022-01-25 06:00","2022","01","25","06:00","2.7","","1.8","","94","","","","8","","8","","","","","","","","","","NA"
"-123.30","49.11","SANDHEADS CS","1107010","2022-01-25 07:00","2022","01","25","07:00","2.9","","1.8","","92","","","","36","","7","","","","","","","","","","NA"
"-123.30","49.11","SANDHEADS CS","1107010","2022-01-25 08:00","2022","01","25","08:00","2.7","","1.7","","93","","","","7","","5","","","","","","","","","","NA"
"-123.30","49.11","SANDHEADS CS","1107010","2022-01-25 09:00","2022","01","25","09:00","2.7","","1.5","","92","","","","10","","2","","","","","","","","","","NA"
"-123.30","49.11","SANDHEADS CS","1107010","2022-01-25 10:00","2022","01","25","10:00","2.8","","1.4","","90","","","","9","","2","","","","","","","","","","NA"
"-123.30","49.11","SANDHEADS CS","1107010","2022-01-25 11:00","2022","01","25","11:00","2.7","","1.3","","90","","","","26","","2","","","","","","","","","","NA"
"-123.30","49.11","SANDHEADS CS","1107010","2022-01-25 12:00","2022","01","25","12:00","2.7","","1.1","","89","","","","33","","7","","","","","","","","","","NA"
"-123.30","49.11","SANDHEADS CS","1107010","2022-01-25 13:00","2022","01","25","13:00","2.6","","1.0","","89","","","","3","","4","","","","","","","","","","NA"
"-123.30","49.11","SANDHEADS CS","1107010","2022-01-25 14:00","2022","01","25","14:00","2.7","","1.2","","90","","","","29","","3","","","","","","","","","","NA"
"-123.30","49.11","SANDHEADS CS","1107010","2022-01-25 15:00","2022","01","25","15:00","2.7","","1.3","","90","","","","31","","7","","","","","","","","","","NA"
"-123.30","49.11","SANDHEADS CS","1107010","2022-01-25 16:00","2022","01","25","16:00","2.9","","1.4","","90","","","","33","","10","","","","","","","","","","NA"
"-123.30","49.11","SANDHEADS CS","1107010","2022-01-25 17:00","2022","01","25","17:00","3.0","","1.4","","89","","","","33","","14","","","","","","","","","","NA"
"-123.30","49.11","SANDHEADS CS","1107010","2022-01-25 18:00","2022","01","25","18:00","3.3","","1.8","","90","","","","31","","15","","","","","","","","","","NA"
"-123.30","49.11","SANDHEADS CS","1107010","2022-01-25 19:00","2022","01","25","19:00","3.1","","1.5","","89","","","","31","","17","","","","","","","","","","NA"
"-123.30","49.11","SANDHEADS CS","1107010","2022-01-25 20:00","2022","01","25","20:00","3.5","","2.1","","90","","","","30","","18","","","","","","","","","","NA"
"-123.30","49.11","SANDHEADS CS","1107010","2022-01-25 21:00","2022","01","25","21:00","3.8","","2.2","","89","","","","32","","14","","","","","","","","","","NA"
"-123.30","49.11","SANDHEADS CS","1107010","2022-01-25 22:00","2022","01","25","22:00","3.8","","2.2","","89","","","","31","","12","","","","","","","","","","NA"
"-123.30","49.11","SANDHEADS CS","1107010","2022-01-25 23:00","2022","01","25","23:00","3.6","","2.3","","91","","","","32","","15","","","","","","","","","","NA"
"-123.30","49.11","SANDHEADS CS","1107010","2022-01-26 00:00","2022","01","26","00:00","3.8","","2.5","","91","","","","33","","18","","","","","","","","","","NA"
"-123.30","49.11","SANDHEADS CS","1107010","2022-01-26 01:00","2022","01","26","01:00","3.8","","2.5","","91","","","","34","","15","","","","","","","","","","NA"
"-123.30","49.11","SANDHEADS CS","1107010","2022-01-26 02:00","2022","01","26","02:00","3.6","","2.1","","90","","","","33","","13","","","","","","","","","","NA"
"-123.30","49.11","SANDHEADS CS","1107010","2022-01-26 03:00","2022","01","26","03:00","3.0","","1.9","","93","","","","35","","8","","","","","","","","","","NA"
"-123.30","49.11","SANDHEADS CS","1107010","2022-01-26 04:00","2022","01","26","04:00","3.3","","2.2","","92","","","","34","","7","","","","","","","","","","NA"
"-123.30","49.11","SANDHEADS CS","1107010","2022-01-26 05:00","2022","01","26","05:00","2.7","","1.7","","93","","","","32","","15","","","","","","","","","","NA"
"-123.30","49.11","SANDHEADS CS","1107010","2022-01-26 06:00","2022","01","26","06:00","2.3","","1.7","","96","","","","32","","19","","","","","","","","","","NA"
"-123.30","49.11","SANDHEADS CS","1107010","2022-01-26 07:00","2022","01","26","07:00","2.9","","1.7","","92","","","","33","","12","","","","","","","","","","NA"
"-123.30","49.11","SANDHEADS CS","1107010","2022-01-26 08:00","2022","01","26","08:00","2.8","","1.7","","93","","","","31","","12","","","","","","","","","","NA"
"-123.30","49.11","SANDHEADS CS","1107010","2022-01-26 09:00","2022","01","26","09:00","2.3","","1.4","","94","","","","32","","12","","","","","","","","","","NA"
"-123.30","49.11","SANDHEADS CS","1107010","2022-01-26 10:00","2022","01","26","10:00","2.0","","1.3","","95","","","","32","","14","","","","","","","","","","NA"
"-123.30","49.11","SANDHEADS CS","1107010","2022-01-26 11:00","2022","01","26","11:00","2.8","","1.8","","93","","","","33","","15","","","","","","","","","","NA"
"-123.30","49.11","SANDHEADS CS","1107010","2022-01-26 12:00","2022","01","26","12:00","2.8","","1.7","","93","","","","32","","17","","","","","","","","","","NA"
"-123.30","49.11","SANDHEADS CS","1107010","2022-01-26 13:00","2022","01","26","13:00","2.8","","1.7","","92","","","","32","","16","","","","","","","","","","NA"
"-123.30","49.11","SANDHEADS CS","1107010","2022-01-26 14:00","2022","01","26","14:00","2.8","","1.8","","93","","","","33","","9","","","","","","","","","","NA"
"-123.30","49.11","SANDHEADS CS","1107010","2022-01-26 15:00","2022","01","26","15:00","2.5","","1.7","","94","","","","31","","11","","","","","","","","","","NA"
"-123.30","49.11","SANDHEADS CS","1107010","2022-01-26 16:00","2022","01","26","16:00","2.4","","1.7","","95","","","","34","","8","","","","","","","","","","NA"
"-123.30","49.11","SANDHEADS CS","1107010","2022-01-26 17:00","2022","01","26","17:00","2.3","","1.8","","96","","","","34","","8","","","","","","","","","","NA"
"-123.30","49.11","SANDHEADS CS","1107010","2022-01-26 18:00","2022","01","26","18:00","2.9","","2.2","","95","","","","31","","11","","","","","","","","","","NA"
"-123.30","49.11","SANDHEADS CS","1107010","2022-01-26 19:00","2022","01","26","19:00","3.1","","2.3","","95","","","","31","","14","","","","","","","","","","NA"
"-123.30","49.11","SANDHEADS CS","1107010","2022-01-26 20:00","2022","01","26","20:00","3.0","","2.3","","95","","","","33","","12","","","","","","","","","","NA"
"-123.30","49.11","SANDHEADS CS","1107010","2022-01-26 21:00","2022","01","26","21:00","3.0","","2.2","","94","","","","31","","15","","","","","","","","","","NA"
"-123.30","49.11","SANDHEADS CS","1107010","2022-01-26 22:00","2022","01","26","22:00","2.9","","2.1","","95","","","","31","","11","","","","","","","","","","NA"
"-123.30","49.11","SANDHEADS CS","1107010","2022-01-26 23:00","2022","01","26","23:00","2.5","","1.8","","95","","","","36","","8","","","","","","","","","","NA"
"-123.30","49.11","SANDHEADS CS","1107010","2022-01-27 00:00","2022","01","27","00:00","2.5","","2.0","","97","","","","35","","8","","","","","","","","","","NA"
"-123.30","49.11","SANDHEADS CS","1107010","2022-01-27 01:00","2022","01","27","01:00","2.5","","2.1","","98","","","","33","","10","","","","","","","","","","NA"
"-123.30","49.11","SANDHEADS CS","1107010","2022-01-27 02:00","2022","01","27","02:00","2.3","","1.9","","97","","","","32","","9","","","","","","","","","","NA"
"-123.30","49.11","SANDHEADS CS","1107010","2022-01-27 03:00","2022","01","27","03:00","2.4","","1.9","","97","","","","30","","9","","","","","","","","","","NA"
"-123.30","49.11","SANDHEADS CS","1107010","2022-01-27 04:00","2022","01","27","04:00","2.4","","1.9","","97","","","","32","","6","","","","","","","","","","NA"
"-123.30","49.11","SANDHEADS CS","1107010","2022-01-27 05:00","2022","01","27","05:00","2.5","","1.7","","95","","","","32","","7","","","","","","","","","","NA"
"-123.30","49.11","SANDHEADS CS","1107010","2022-01-27 06:00","2022","01","27","06:00","2.7","","1.8","","94","","","","32","","6","","","","","","","","","","NA"
"-123.30","49.11","SANDHEADS CS","1107010","2022-01-27 07:00","2022","01","27","07:00","2.5","","1.3","","92","","","","33","","12","","","","","","","","","","NA"
"-123.30","49.11","SANDHEADS CS","1107010","2022-01-27 08:00","2022","01","27","08:00","2.4","","1.3","","93","","","","31","","10","","","","","","","","","","NA"
"-123.30","49.11","SANDHEADS CS","1107010","2022-01-27 09:00","2022","01","27","09:00","2.3","","1.3","","93","","","","33","","8","","","","","","","","","","NA"
"-123.30","49.11","SANDHEADS CS","1107010","2022-01-27 10:00","2022","01","27","10:00","2.4","","1.2","","92","","","","36","","8","","","","","","","","","","NA"
"-123.30","49.11","SANDHEADS CS","1107010","2022-01-27 11:00","2022","01","27","11:00","2.6","","1.3","","91","","","","30","","6","","","","","","","","","","NA"
"-123.30","49.11","SANDHEADS CS","1107010","2022-01-27 12:00","2022","01","27","12:00","2.4","","1.2","","92","","","","30","","7","","","","","","","","","","NA"
"-123.30","49.11","SANDHEADS CS","1107010","2022-01-27 13:00","2022","01","27","13:00","3.0","","1.6","","91","","","","30","","7","","","","","","","","","","NA"
"-123.30","49.11","SANDHEADS CS","1107010","2022-01-27 14:00","2022","01","27","14:00","3.4","","1.7","","89","","","","29","","6","","","","","","","","","","NA"
"-123.30","49.11","SANDHEADS CS","1107010","2022-01-27 15:00","2022","01","27","15:00","3.4","","2.0","","90","","","","30","","7","","","","","","","","","","NA"
"-123.30","49.11","SANDHEADS CS","1107010","2022-01-27 16:00","2022","01","27","16:00","3.5","","2.3","","92","","","","35","","7","","","","","","","","","","NA"
"-123.30","49.11","SANDHEADS CS","1107010","2022-01-27 17:00","2022","01","27","17:00","1.8","","1.5","","98","","","","28","","6","","","","","","","","","","NA"
"-123.30","49.11","SANDHEADS CS","1107010","2022-01-27 18:00","2022","01","27","18:00","1.8","","1.6","","99","","","","30","","11","","","","","","","","","","NA"
"-123.30","49.11","SANDHEADS CS","1107010","2022-01-27 19:00","2022","01","27","19:00","2.2","","2.1","","99","","","","28","","10","","","","","","","","","","NA"
"-123.30","49.11","SANDHEADS CS","1107010","2022-01-27 20:00","2022","01","27","20:00","2.4","","2.2","","99","","","","31","","13","","","","","","","","","","NA"
"-123.30","49.11","SANDHEADS CS","1107010","2022-01-27 21:00","2022","01","27","21:00","2.5","","2.3","","99","","","","31","","12","","","","","","","","","","NA"
"-123.30","49.11","SANDHEADS CS","1107010","2022-01-27 22:00","2022","01","27","22:00","1.8","","1.7","","99","","","","30","","10","","","","","","","","","","NA"
"-123.30","49.11","SANDHEADS CS","1107010","2022-01-27 23:00","2022","01","27","23:00","2.7","","2.6","","99","","","","33","","4","","","","","","","","","","NA"
"-123.30","49.11","SANDHEADS CS","1107010","2022-01-28 00:00","2022","01","28","00:00","2.5","","2.4","","99","","","","11","","2","","","","","","","","","","NA"
"-123.30","49.11","SANDHEADS CS","1107010","2022-01-28 01:00","2022","01","28","01:00","1.6","","1.5","","99","","","","17","","6","","","","","","","","","","NA"
"-123.30","49.11","SANDHEADS CS","1107010","2022-01-28 02:00","2022","01","28","02:00","0.8","","0.7","","99","","","","12","","8","","","","","","","","","","NA"
"-123.30","49.11","SANDHEADS CS","1107010","2022-01-28 03:00","2022","01","28","03:00","1.3","","1.2","","99","","","","16","","7","","","","","","","","","","NA"
"-123.30","49.11","SANDHEADS CS","1107010","2022-01-28 04:00","2022","01","28","04:00","0.4","","0.3","","99","","","","7","","8","","","","","","","","","","NA"
"-123.30","49.11","SANDHEADS CS","1107010","2022-01-28 05:00","2022","01","28","05:00","0.4","","0.3","","100","","","","8","","3","","","","","","","","","","NA"
"-123.30","49.11","SANDHEADS CS","1107010","2022-01-28 06:00","2022","01","28","06:00","1.6","","1.5","","100","","","","14","","10","","","","","","","","","","NA"
"-123.30","49.11","SANDHEADS CS","1107010","2022-01-28 07:00","2022","01","28","07:00","1.8","","1.6","","99","","","","13","","13","","","","","","","","","","NA"
"-123.30","49.11","SANDHEADS CS","1107010","2022-01-28 08:00","2022","01","28","08:00","1.8","","1.1","","95","","","","9","","10","","","","","","","","","","NA"
"-123.30","49.11","SANDHEADS CS","1107010","2022-01-28 09:00","2022","01","28","09:00","2.2","","0.6","","89","","","","7","","13","","","","","","","","","","NA"
"-123.30","49.11","SANDHEADS CS","1107010","2022-01-28 10:00","2022","01","28","10:00","3.2","","0.3","","81","","","","10","","6","","","","","","","","","","NA"
"-123.30","49.11","SANDHEADS CS","1107010","2022-01-28 11:00","2022","01","28","11:00","3.1","","0.8","","85","","","","7","","8","","","","","","","","","","NA"
"-123.30","49.11","SANDHEADS CS","1107010","2022-01-28 12:00","2022","01","28","12:00","3.6","","1.1","","84","","","","12","","7","","","","","","","","","","NA"
"-123.30","49.11","SANDHEADS CS","1107010","2022-01-28 13:00","2022","01","28","13:00","4.5","","0.8","","77","","","","14","","7","","","","","","","","","","NA"
"-123.30","49.11","SANDHEADS CS","1107010","2022-01-28 14:00","2022","01","28","14:00","4.9","","1.0","","76","","","","11","","14","","","","","","","","","","NA"
"-123.30","49.11","SANDHEADS CS","1107010","2022-01-28 15:00","2022","01","28","15:00","5.3","","1.7","","78","","","","14","","11","","","","","","","","","","NA"
"-123.30","49.11","SANDHEADS CS","1107010","2022-01-28 16:00","2022","01","28","16:00","5.3","","2.1","","80","","","","14","","9","","","","","","","","","","NA"
"-123.30","49.11","SANDHEADS CS","1107010","2022-01-28 17:00","2022","01","28","17:00","5.1","","1.9","","80","","","","12","","12","","","","","","","","","","NA"
"-123.30","49.11","SANDHEADS CS","1107010","2022-01-28 18:00","2022","01","28","18:00","5.1","","2.1","","81","","","","11","","11","","","","","","","","","","NA"
"-123.30","49.11","SANDHEADS CS","1107010","2022-01-28 19:00","2022","01","28","19:00","5.1","","2.4","","83","","","","11","","16","","","","","","","","","","NA"
"-123.30","49.11","SANDHEADS CS","1107010","2022-01-28 20:00","2022","01","28","20:00","5.0","","1.9","","80","","","","14","","13","","","","","","","","","","NA"
"-123.30","49.11","SANDHEADS CS","1107010","2022-01-28 21:00","2022","01","28","21:00","5.0","","0.0","","70","","","","12","","28","","","","","","","","","","NA"
"-123.30","49.11","SANDHEADS CS","1107010","2022-01-28 22:00","2022","01","28","22:00","4.1","","2.3","","88","","","","13","","21","","","","","","","","","","NA"
"-123.30","49.11","SANDHEADS CS","1107010","2022-01-28 23:00","2022","01","28","23:00","3.7","","2.4","","91","","","","13","","20","","","","","","","","","","NA"
"-123.30","49.11","SANDHEADS CS","1107010","2022-01-29 00:00","2022","01","29","00:00","3.3","","0.3","","81","","","","11","","15","","","","","","","","","","NA"
"-123.30","49.11","SANDHEADS CS","1107010","2022-01-29 01:00","2022","01","29","01:00","3.7","","0.5","","80","","","","13","","13","","","","","","","","","","NA"
"-123.30","49.11","SANDHEADS CS","1107010","2022-01-29 02:00","2022","01","29","02:00","4.5","","1.7","","82","","","","15","","12","","","","","","","","","","NA"
"-123.30","49.11","SANDHEADS CS","1107010","2022-01-29 03:00","2022","01","29","03:00","5.0","","1.5","","78","","","","15","","10","","","","","","","","","","NA"
"-123.30","49.11","SANDHEADS CS","1107010","2022-01-29 04:00","2022","01","29","04:00","3.8","","2.0","","89","","","","10","","10","","","","","","","","","","NA"
"-123.30","49.11","SANDHEADS CS","1107010","2022-01-29 05:00","2022","01","29","05:00","3.5","","1.6","","87","","","","10","","11","","","","","","","","","","NA"
"-123.30","49.11","SANDHEADS CS","1107010","2022-01-29 06:00","2022","01","29","06:00","3.4","","0.9","","84","","","","12","","17","","","","","","","","","","NA"
"-123.30","49.11","SANDHEADS CS","1107010","2022-01-29 07:00","2022","01","29","07:00","3.8","","1.5","","85","","","","12","","12","","","","","","","","","","NA"
"-123.30","49.11","SANDHEADS CS","1107010","2022-01-29 08:00","2022","01","29","08:00","3.4","","0.8","","83","","","","12","","19","","","","","","","","","","NA"
"-123.30","49.11","SANDHEADS CS","1107010","2022-01-29 09:00","2022","01","29","09:00","3.2","","0.4","","82","","","","11","","17","","","","","","","","","","NA"
"-123.30","49.11","SANDHEADS CS","1107010","2022-01-29 10:00","2022","01","29","10:00","3.5","","0.2","","79","","","","11","","17","","","","","","","","","","NA"
"-123.30","49.11","SANDHEADS CS","1107010","2022-01-29 11:00","2022","01","29","11:00","3.6","","0.6","","80","","","","10","","14","","","","","","","","","","NA"
"-123.30","49.11","SANDHEADS CS","1107010","2022-01-29 12:00","2022","01","29","12:00","4.3","","1.2","","80","","","","9","","14","","","","","","","","","","NA"
"-123.30","49.11","SANDHEADS CS","1107010","2022-01-29 13:00","2022","01","29","13:00","4.8","","0.2","","72","","","","9","","14","","","","","","","","","","NA"
"-123.30","49.11","SANDHEADS CS","1107010","2022-01-29 14:00","2022","01","29","14:00","5.0","","1.3","","77","","","","13","","16","","","","","","","","","","NA"
"-123.30","49.11","SANDHEADS CS","1107010","2022-01-29 15:00","2022","01","29","15:00","5.2","","2.3","","81","","","","11","","10","","","","","","","","","","NA"
"-123.30","49.11","SANDHEADS CS","1107010","2022-01-29 16:00","2022","01","29","16:00","5.4","","1.9","","78","","","","2","","6","","","","","","","","","","NA"
"-123.30","49.11","SANDHEADS CS","1107010","2022-01-29 17:00","2022","01","29","17:00","5.3","","2.2","","80","","","","34","","8","","","","","","","","","","NA"
"-123.30","49.11","SANDHEADS CS","1107010","2022-01-29 18:00","2022","01","29","18:00","5.1","","1.8","","79","","","","30","","2","","","","","","","","","","NA"
"-123.30","49.11","SANDHEADS CS","1107010","2022-01-29 19:00","2022","01","29","19:00","4.6","","2.5","","87","","","","10","","7","","","","","","","","","","NA"
"-123.30","49.11","SANDHEADS CS","1107010","2022-01-29 20:00","2022","01","29","20:00","4.5","","3.3","","92","","","","10","","13","","","","","","","","","","NA"
"-123.30","49.11","SANDHEADS CS","1107010","2022-01-29 21:00","2022","01","29","21:00","5.2","","4.0","","92","","","","9","","22","","","","","","","","","","NA"
"-123.30","49.11","SANDHEADS CS","1107010","2022-01-29 22:00","2022","01","29","22:00","5.1","","4.2","","94","","","","9","","22","","","","","","","","","","NA"
"-123.30","49.11","SANDHEADS CS","1107010","2022-01-29 23:00","2022","01","29","23:00","5.3","","4.1","","92","","","","9","","24","","","","","","","","","","NA"
"-123.30","49.11","SANDHEADS CS","1107010","2022-01-30 00:00","2022","01","30","00:00","5.1","","4.0","","93","","","","8","","21","","","","","","","","","","NA"
"-123.30","49.11","SANDHEADS CS","1107010","2022-01-30 01:00","2022","01","30","01:00","4.8","","3.9","","94","","","","11","","16","","","","","","","","","","NA"
"-123.30","49.11","SANDHEADS CS","1107010","2022-01-30 02:00","2022","01","30","02:00","5.0","","3.9","","93","","","","10","","21","","","","","","","","","","NA"
"-123.30","49.11","SANDHEADS CS","1107010","2022-01-30 03:00","2022","01","30","03:00","4.9","","3.7","","92","","","","9","","25","","","","","","","","","","NA"
"-123.30","49.11","SANDHEADS CS","1107010","2022-01-30 04:00","2022","01","30","04:00","5.5","","4.1","","91","","","","8","","22","","","","","","","","","","NA"
"-123.30","49.11","SANDHEADS CS","1107010","2022-01-30 05:00","2022","01","30","05:00","5.7","","4.0","","89","","","","9","","25","","","","","","","","","","NA"
"-123.30","49.11","SANDHEADS CS","1107010","2022-01-30 06:00","2022","01","30","06:00","5.4","","4.0","","91","","","","8","","24","","","","","","","","","","NA"
"-123.30","49.11","SANDHEADS CS","1107010","2022-01-30 07:00","2022","01","30","07:00","5.2","","3.7","","90","","","","10","","27","","","","","","","","","","NA"
"-123.30","49.11","SANDHEADS CS","1107010","2022-01-30 08:00","2022","01","30","08:00","5.4","","3.8","","89","","","","9","","25","","","","","","","","","","NA"
"-123.30","49.11","SANDHEADS CS","1107010","2022-01-30 09:00","2022","01","30","09:00","6.0","","4.2","","89","","","","10","","29","","","","","","","","","","NA"
"-123.30","49.11","SANDHEADS CS","1107010","2022-01-30 10:00","2022","01","30","10:00","5.8","","4.4","","90","","","","10","","28","","","","","","","","","","NA"
"-123.30","49.11","SANDHEADS CS","1107010","2022-01-30 11:00","2022","01","30","11:00","5.6","","4.8","","94","","","","10","","29","","","","","","","","","","NA"
"-123.30","49.11","SANDHEADS CS","1107010","2022-01-30 12:00","2022","01","30","12:00","6.4","","5.4","","93","","","","11","","28","","","","","","","","","","NA"
"-123.30","49.11","SANDHEADS CS","1107010","2022-01-30 13:00","2022","01","30","13:00","7.2","","6.0","","92","","","","13","","35","","","","","","","","","","NA"
"-123.30","49.11","SANDHEADS CS","1107010","2022-01-30 14:00","2022","01","30","14:00","7.2","","6.0","","92","","","","15","","44","","","","","","","","","","NA"
"-123.30","49.11","SANDHEADS CS","1107010","2022-01-30 15:00","2022","01","30","15:00","7.3","","6.0","","91","","","","16","","44","","","","","","","","","","NA"
"-123.30","49.11","SANDHEADS CS","1107010","2022-01-30 16:00","2022","01","30","16:00","7.4","","6.5","","94","","","","17","","44","","","","","","","","","","NA"
"-123.30","49.11","SANDHEADS CS","1107010","2022-01-30 17:00","2022","01","30","17:00","8.2","","4.4","","76","","","","21","","34","","","","","","","","","","NA"
"-123.30","49.11","SANDHEADS CS","1107010","2022-01-30 18:00","2022","01","30","18:00","6.4","","4.4","","87","","","","29","","42","","","","","","","","","","NA"
"-123.30","49.11","SANDHEADS CS","1107010","2022-01-30 19:00","2022","01","30","19:00","6.1","","3.6","","84","","","","29","","46","","","","","","","","","","NA"
"-123.30","49.11","SANDHEADS CS","1107010","2022-01-30 20:00","2022","01","30","20:00","5.5","","2.5","","81","","","","30","","50","","","","","","","","","","NA"
"-123.30","49.11","SANDHEADS CS","1107010","2022-01-30 21:00","2022","01","30","21:00","4.7","","2.4","","85","","","","30","","39","","","","","","","","","","NA"
"-123.30","49.11","SANDHEADS CS","1107010","2022-01-30 22:00","2022","01","30","22:00","5.6","","1.9","","77","","","","28","","44","","","","","","","","","","NA"
"-123.30","49.11","SANDHEADS CS","1107010","2022-01-30 23:00","2022","01","30","23:00","6.1","","0.8","","69","","","","31","","37","","","","","","","","","","NA"
"-123.30","49.11","SANDHEADS CS","1107010","2022-01-31 00:00","2022","01","31","00:00","5.1","","1.4","","77","","","","29","","37","","","","","","","","","","NA"
"-123.30","49.11","SANDHEADS CS","1107010","2022-01-31 01:00","2022","01","31","01:00","5.7","","1.2","","73","","","","30","","26","","","","","","","","","","NA"
"-123.30","49.11","SANDHEADS CS","1107010","2022-01-31 02:00","2022","01","31","02:00","5.9","","1.7","","74","","","","30","","32","","","","","","","","","","NA"
"-123.30","49.11","SANDHEADS CS","1107010","2022-01-31 03:00","2022","01","31","03:00","5.8","","0.9","","71","","","","29","","34","","","","","","","","","","NA"
"-123.30","49.11","SANDHEADS CS","1107010","2022-01-31 04:00","2022","01","31","04:00","5.8","","1.3","","73","","","","29","","35","","","","","","","","","","NA"
"-123.30","49.11","SANDHEADS CS","1107010","2022-01-31 05:00","2022","01","31","05:00","5.2","","2.1","","80","","","","25","","16","","","","","","","","","","NA"
"-123.30","49.11","SANDHEADS CS","1107010","2022-01-31 06:00","2022","01","31","06:00","5.3","","1.4","","76","","","","24","","16","","","","","","","","","","NA"
"-123.30","49.11","SANDHEADS CS","1107010","2022-01-31 07:00","2022","01","31","07:00","5.4","","1.2","","74","","","","21","","17","","","","","","","","","","NA"
"-123.30","49.11","SANDHEADS CS","1107010","2022-01-31 08:00","2022","01","31","08:00","5.6","","1.1","","72","","","","20","","12","","","","","","","","","","NA"
"-123.30","49.11","SANDHEADS CS","1107010","2022-01-31 09:00","2022","01","31","09:00","5.7","","0.5","","69","","","","22","","13","","","","","","","","","","NA"
"-123.30","49.11","SANDHEADS CS","1107010","2022-01-31 10:00","2022","01","31","10:00","5.9","","1.3","","72","","","","23","","6","","","","","","","","","","NA"
"-123.30","49.11","SANDHEADS CS","1107010","2022-01-31 11:00","2022","01","31","11:00","5.9","","0.4","","68","","","","28","","11","","","","","","","","","","NA"
"-123.30","49.11","SANDHEADS CS","1107010","2022-01-31 12:00","2022","01","31","12:00","5.8","","1.5","","74","","","","30","","21","","","","","","","","","","NA"
"-123.30","49.11","SANDHEADS CS","1107010","2022-01-31 13:00","2022","01","31","13:00","5.9","","1.2","","72","","","","29","","28","","","","","","","","","","NA"
"-123.30","49.11","SANDHEADS CS","1107010","2022-01-31 14:00","2022","01","31","14:00","5.9","","2.6","","79","","","","30","","31","","","","","","","","","","NA"
"-123.30","49.11","SANDHEADS CS","1107010","2022-01-31 15:00","2022","01","31","15:00","6.2","","2.5","","77","","","","29","","31","","","","","","","","","","NA"
"-123.30","49.11","SANDHEADS CS","1107010","2022-01-31 16:00","2022","01","31","16:00","6.4","","0.9","","68","","","","30","","34","","","","","","","","","","NA"
"-123.30","49.11","SANDHEADS CS","1107010","2022-01-31 17:00","2022","01","31","17:00","6.2","","1.4","","72","","","","30","","33","","","","","","","","","","NA"
"-123.30","49.11","SANDHEADS CS","1107010","2022-01-31 18:00","2022","01","31","18:00","6.2","","2.3","","76","","","","28","","30","","","","","","","","","","NA"
"-123.30","49.11","SANDHEADS CS","1107010","2022-01-31 19:00","2022","01","31","19:00","6.1","","1.8","","73","","","","29","","26","","","","","","","","","","NA"
"-123.30","49.11","SANDHEADS CS","1107010","2022-01-31 20:00","2022","01","31","20:00","5.7","","1.5","","74","","","","28","","25","","","","","","","","","","NA"
"-123.30","49.11","SANDHEADS CS","1107010","2022-01-31 21:00","2022","01","31","21:00","5.5","","1.4","","75","","","","27","","26","","","","","","","","","","NA"
"-123.30","49.11","SANDHEADS CS","1107010","2022-01-31 22:00","2022","01","31","22:00","5.8","","1.2","","72","","","","27","","20","","","","","","","","","","NA"
"-123.30","49.11","SANDHEADS CS","1107010","2022-01-31 23:00","2022","01","31","23:00","5.7","","1.1","","72","","","","27","","26","","","","","","","","","","NA"
