"Longitude (x)","Latitude (y)","Station Name","Climate ID","Date/Time (LST)","Year","Month","Day","Time (LST)","Temp (°C)","Temp Flag","Dew Point Temp (°C)","Dew Point Temp Flag","Rel Hum (%)","Rel Hum Flag","Precip. Amount (mm)","Precip. Amount Flag","Wind Dir (10s deg)","Wind Dir Flag","Wind Spd (km/h)","Wind Spd Flag","Visibility (km)","Visibility Flag","Stn Press (kPa)","Stn Press Flag","Hmdx","Hmdx Flag","Wind Chill","Wind Chill Flag","Weather"
"-79.63","43.68","TORONTO INTL A","6158731","2023-04-01 00:00","2023","04","01","00:00","4.1","","4.1","","100","","","","11","","10","","3.2","","98.02","","","","","","Rain,Fog"
"-79.63","43.68","TORONTO INTL A","6158731","2023-04-01 01:00","2023","04","01","01:00","4.7","","4.7","","100","","","","7","","11","","6.4","","97.81","","","","","","Thunderstorms,Moderate Rain,Fog"
"-79.63","43.68","TORONTO INTL A","6158731","2023-04-01 02:00","2023","04","01","02:00","4.8","","4.8","","100","","","","10","","13","","8.1","","97.61","","","","","","Moderate Rain,Fog"
"-79.63","43.68","TORONTO INTL A","6158731","2023-04-01 03:00","2023","04","01","03:00","5.7","","5.7","","100","","","","9","","11","","6.4","","97.30","","","","","","Moderate Rain,Fog"
"-79.63","43.68","TORONTO INTL A","6158731","2023-04-01 04:00","2023","04","01","04:00","6.6","","6.6","","100","","","","9","","10","","24.1","","97.09","","","","","","Rain,Fog"
"-79.63","43.68","TORONTO INTL A","6158731","2023-04-01 05:00","2023","04","01","05:00","7.5","","7.5","","100","","","","18","","8","","1.6","","97.11","","","","","","Fog"
"-79.63","43.68","TORONTO INTL A","6158731","2023-04-01 06:00","2023","04","01","06:00","7.0","","7.0","","100","","","","20","","12","","0.8","","97.11","","","","","","Fog"
"-79.63","43.68","TORONTO INTL A","6158731","2023-04-01 07:00","2023","04","01","07:00","8.1","","8.1","","100","","","","22","","17","","24.1","","97.13","","","","","","Clear"
"-79.63","43.68","TORONTO INTL A","6158731","2023-04-01 08:00","2023","04","01","08:00","11.2","","8.7","","84","","","","23","","31","","24.1","","97.11","","","","","","NA"
"-79.63","43.68","TORONTO INTL A","6158731","2023-04-01 09:00","2023","04","01","09:00","13.0","","7.2","","68","","","","24","","31","","24.1","","97.15","","","","","","NA"
"-79.63","43.68","TORONTO INTL A","6158731","2023-04-01 10:00","2023","04","01","10:00","13.9","","4.1","","51","","","","25","","42","","24.1","","97.17","","","","","","Mainly Clear"
"-79.63","43.68","TORONTO INTL A","6158731","2023-04-01 11:00","2023","04","01","11:00","13.6","","3.3","","50","","","","26","","31","","24.1","","97.18","","","","","","NA"
"-79.63","43.68","TORONTO INTL A","6158731","2023-04-01 12:00","2023","04","01","12:00","12.6","","1.7","","47","","","","29","","38","","24.1","","97.12","","","","","","NA"
"-79.63","43.68","TORONTO INTL A","6158731","2023-04-01 13:00","2023","04","01","13:00","12.8","","3.6","","53","","","","28","","24","","24.1","","97.10","","","","","","Mostly Cloudy"
"-79.63","43.68","TORONTO INTL A","6158731","2023-04-01 14:00","2023","04","01","14:00","11.8","","1.9","","51","","","","30","","29","","24.1","","97.14","","","","","","NA"
"-79.63","43.68","TORONTO INTL A","6158731","2023-04-01 15:00","2023","04","01","15:00","10.5","","2.7","","58","","","","29","","26","","24.1","","97.15","","","","","","NA"
"-79.63","43.68","TORONTO INTL A","6158731","2023-04-01 16:00","2023","04","01","16:00","8.3","","2.8","","68","","","","30","","38","","19.3","","97.36","","","","","","Rain"
"-79.63","43.68","TORONTO INTL A","6158731","2023-04-01 17:00","2023","04","01","17:00","4.1","","1.8","","85","","","","33","","45","","24.1","","97.70","","","","","","NA"
"-79.63","43.68","TORONTO INTL A","6158731","2023-04-01 18:00","2023","04","01","18:00","2.0","","0.4","","89","","","","33","","38","","24.1","","97.96","","","","","","NA"
"-79.63","43.68","TORONTO INTL A","6158731","2023-04-01 19:00","2023","04","01","19:00","0.7","","-3.3","","75","","","","32","","50","","24.1","","98.22","","","","","","Cloudy"
"-79.63","43.68","TORONTO INTL A","6158731","2023-04-01 20:00","2023","04","01","20:00","0.4","","-4.6","","69","","","","33","","46","","24.1","","98.46","","","","","","NA"
"-79.63","43.68","TORONTO INTL A","6158731","2023-04-01 21:00","2023","04","01","21:00","0.3","","-5.3","","66","","","","34","","48","","24.1","","98.65","","","","","","NA"
"-79.63","43.68","TORONTO INTL A","6158731","2023-04-01 22:00","2023","04","01","22:00","-0.7","","-7.6","","60","","","","34","","39","","24.1","","98.85","","","","-8","","Clear"
"-79.63","43.68","TORONTO INTL A","6158731","2023-04-01 23:00","2023","04","01","23:00","-1.0","","-10.7","","48","","","","34","","37","","24.1","","99.05","","","","-8","","NA"
"-79.63","43.68","TORONTO INTL A","6158731","2023-04-02 00:00","2023","04","02","00:00","-1.5","","-10.4","","51","","","","33","","24","","24.1","","99.25","","","","-8","","NA"
"-79.63","43.68","TORONTO INTL A","6158731","2023-04-02 01:00","2023","04","02","01:00","-2.0","","-11.4","","49","","","","34","","25","","24.1","","99.41","","","","-8","","Clear"
"-79.63","43.68","TORONTO INTL A","6158731","2023-04-02 02:00","2023","04","02","02:00","-2.7","","-14.5","","40","","","","34","","26","","24.1","","99.58","","","","-10","","NA"
"-79.63","43.68","TORONTO INTL A","6158731","2023-04-02 03:00","2023","04","02","03:00","-3.3","","-14.3","","43","","","","35","","22","","24.1","","99.64","","","","-10","","NA"
"-79.63","43.68","TORONTO INTL A","6158731","2023-04-02 04:00","2023","04","02","04:00","-3.8","","-13.9","","46","","","","34","","18","","24.1","","99.74","","","","-10","","Clear"
"-79.63","43.68","TORONTO INTL A","6158731","2023-04-02 05:00","2023","04","02","05:00","-4.4","","-14.7","","45","","","","35","","20","","24.1","","99.80","","","","-11","","NA"
"-79.63","43.68","TORONTO INTL A","6158731","2023-04-02 06:00","2023","04","02","06:00","-4.8","","-15.2","","45","","","","36","","16","","24.1","","99.91","","","","-11","","NA"
"-79.63","43.68","TORONTO INTL A","6158731","2023-04-02 07:00","2023","04","02","07:00","-3.6","","-14.4","","43","","","","34","","10","","24.1","","100.01","","","","-8","","Clear"
"-79.63","43.68","TORONTO INTL A","6158731","2023-04-02 08:00","2023","04","02","08:00","-2.7","","-15.0","","38","","","","3","","9","","24.1","","100.09","","","","-6","","NA"
"-79.63","43.68","TORONTO INTL A","6158731","2023-04-02 09:00","2023","04","02","09:00","-1.5","","-14.2","","38","","","","7","","4","","24.1","","100.11","","","","-3","","NA"
"-79.63","43.68","TORONTO INTL A","6158731","2023-04-02 10:00","2023","04","02","10:00","-0.2","","-12.2","","40","","","","3","","5","","24.1","","100.12","","","","-2","","Clear"
"-79.63","43.68","TORONTO INTL A","6158731","2023-04-02 11:00","2023","04","02","11:00","0.8","","-12.2","","37","","","","30","","8","","24.1","","100.07","","","","","","NA"
"-79.63","43.68","TORONTO INTL A","6158731","2023-04-02 12:00","2023","04","02","12:00","1.4","","-9.4","","45","","","","15","","17","","24.1","","100.03","","","","","","NA"
"-79.63","43.68","TORONTO INTL A","6158731","2023-04-02 13:00","2023","04","02","13:00","2.0","","-9.0","","44","","","","14","","14","","24.1","","99.98","","","","","","Clear"
"-79.63","43.68","TORONTO INTL A","6158731","2023-04-02 14:00","2023","04","02","14:00","3.0","","-8.0","","44","","","","16","","16","","24.1","","99.90","","","","","","NA"
"-79.63","43.68","TORONTO INTL A","6158731","2023-04-02 15:00","2023","04","02","15:00","2.3","","-12.2","","34","","","","15","","15","","24.1","","99.83","","","","","","NA"
"-79.63","43.68","TORONTO INTL A","6158731","2023-04-02 16:00","2023","04","02","16:00","2.3","","-12.8","","32","","","","16","","11","","24.1","","99.83","","","","","","Mainly Clear"
"-79.63","43.68","TORONTO INTL A","6158731","2023-04-02 17:00","2023","04","02","17:00","2.3","","-12.9","","32","","","","15","","14","","24.1","","99.75","","","","","","NA"
"-79.63","43.68","TORONTO INTL A","6158731","2023-04-02 18:00","2023","04","02","18:00","1.3","","-10.2","","42","","","","16","","11","","24.1","","99.71","","","","","","NA"
"-79.63","43.68","TORONTO INTL A","6158731","2023-04-02 19:00","2023","04","02","19:00","0.7","","-8.6","","50","","","","14","","15","","24.1","","99.71","","","","","","Mostly Cloudy"
"-79.63","43.68","TORONTO INTL A","6158731","2023-04-02 20:00","2023","04","02","20:00","0.8","","-6.4","","58","","","","15","","10","","24.1","","99.70","","","","","","NA"
"-79.63","43.68","TORONTO INTL A","6158731","2023-04-02 21:00","2023","04","02","21:00","1.2","","-5.0","","63","","","","15","","12","","24.1","","99.62","","","","","","NA"
"-79.63","43.68","TORONTO INTL A","6158731","2023-04-02 22:00","2023","04","02","22:00","1.2","","-4.6","","65","","","","15","","14","","24.1","","99.56","","","","","","Cloudy"
"-79.63","43.68","TORONTO INTL A","6158731","2023-04-02 23:00","2023","04","02","23:00","1.2","","-4.4","","66","","","","15","","15","","24.1","","99.46","","","","","","NA"
"-79.63","43.68","TORONTO INTL A","6158731","2023-04-03 00:00","2023","04","03","00:00","1.4","","-4.6","","64","","","","13","","11","","24.1","","99.35","","","","","","NA"
"-79.63","43.68","TORONTO INTL A","6158731","2023-04-03 01:00","2023","04","03","01:00","1.4","","-5.4","","60","","","","16","","6","","24.1","","99.33","","","","","","Mostly Cloudy"
"-79.63","43.68","TORONTO INTL A","6158731","2023-04-03 02:00","2023","04","03","02:00","1.3","","-5.6","","60","","","","13","","9","","24.1","","99.18","","","","","","NA"
"-79.63","43.68","TORONTO INTL A","6158731","2023-04-03 03:00","2023","04","03","03:00","0.9","","-5.4","","63","","","","15","","9","","24.1","","99.10","","","","","","NA"
"-79.63","43.68","TORONTO INTL A","6158731","2023-04-03 04:00","2023","04","03","04:00","0.8","","-5.5","","63","","","","14","","10","","24.1","","99.06","","","","","","Clear"
"-79.63","43.68","TORONTO INTL A","6158731","2023-04-03 05:00","2023","04","03","05:00","0.8","","-5.2","","64","","","","15","","8","","24.1","","99.00","","","","","","NA"
"-79.63","43.68","TORONTO INTL A","6158731","2023-04-03 06:00","2023","04","03","06:00","1.1","","-3.5","","71","","","","14","","10","","24.1","","98.94","","","","","","NA"
"-79.63","43.68","TORONTO INTL A","6158731","2023-04-03 07:00","2023","04","03","07:00","2.6","","-1.7","","74","","","","16","","11","","24.1","","98.84","","","","","","Mainly Clear"
"-79.63","43.68","TORONTO INTL A","6158731","2023-04-03 08:00","2023","04","03","08:00","6.1","","-0.4","","63","","","","20","","18","","24.1","","98.81","","","","","","NA"
"-79.63","43.68","TORONTO INTL A","6158731","2023-04-03 09:00","2023","04","03","09:00","8.0","","1.0","","61","","","","22","","21","","24.1","","98.80","","","","","","NA"
"-79.63","43.68","TORONTO INTL A","6158731","2023-04-03 10:00","2023","04","03","10:00","10.3","","2.8","","59","","","","23","","27","","24.1","","98.69","","","","","","Mostly Cloudy"
"-79.63","43.68","TORONTO INTL A","6158731","2023-04-03 11:00","2023","04","03","11:00","12.5","","3.4","","54","","","","24","","29","","24.1","","98.73","","","","","","NA"
"-79.63","43.68","TORONTO INTL A","6158731","2023-04-03 12:00","2023","04","03","12:00","11.9","","-0.8","","41","","","","26","","40","","24.1","","98.77","","","","","","NA"
"-79.63","43.68","TORONTO INTL A","6158731","2023-04-03 13:00","2023","04","03","13:00","13.7","","-1.7","","34","","","","29","","30","","24.1","","98.84","","","","","","Cloudy"
"-79.63","43.68","TORONTO INTL A","6158731","2023-04-03 14:00","2023","04","03","14:00","12.7","","-3.7","","32","","","","29","","30","","24.1","","98.91","","","","","","NA"
"-79.63","43.68","TORONTO INTL A","6158731","2023-04-03 15:00","2023","04","03","15:00","12.8","","-2.8","","34","","","","28","","24","","24.1","","98.98","","","","","","NA"
"-79.63","43.68","TORONTO INTL A","6158731","2023-04-03 16:00","2023","04","03","16:00","12.1","","-3.1","","34","","","","31","","19","","24.1","","99.08","","","","","","Cloudy"
"-79.63","43.68","TORONTO INTL A","6158731","2023-04-03 17:00","2023","04","03","17:00","11.7","","-1.8","","39","","","","27","","15","","24.1","","99.13","","","","","","NA"
"-79.63","43.68","TORONTO INTL A","6158731","2023-04-03 18:00","2023","04","03","18:00","11.3","","-2.9","","37","","","","32","","12","","24.1","","99.12","","","","","","NA"
"-79.63","43.68","TORONTO INTL A","6158731","2023-04-03 19:00","2023","04","03","19:00","10.8","","-3.3","","37","","","","36","","2","","24.1","","99.15","","","","","","Mostly Cloudy"
"-79.63","43.68","TORONTO INTL A","6158731","2023-04-03 20:00","2023","04","03","20:00","10.9","","-2.8","","38","","","","12","","5","","24.1","","99.16","","","","","","NA"
"-79.63","43.68","TORONTO INTL A","6158731","2023-04-03 21:00","2023","04","03","21:00","10.6","","-2.2","","41","","","","11","","5","","24.1","","99.17","","","","","","NA"
"-79.63","43.68","TORONTO INTL A","6158731","2023-04-03 22:00","2023","04","03","22:00","9.3","","-2.1","","45","","","","13","","3","","24.1","","99.23","","","","","","Mostly Cloudy"
"-79.63","43.68","TORONTO INTL A","6158731","2023-04-03 23:00","2023","04","03","23:00","9.2","","-1.1","","48","","","","9","","7","","24.1","","99.22","","","","","","NA"
"-79.63","43.68","TORONTO INTL A","6158731","2023-04-04 00:00","2023","04","04","00:00","8.2","","0.1","","57","","","","11","","8","","24.1","","99.27","","","","","","NA"
"-79.63","43.68","TORONTO INTL A","6158731","2023-04-04 01:00","2023","04","04","01:00","7.6","","2.0","","68","","","","12","","11","","24.1","","99.28","","","","","","Cloudy"
"-79.63","43.68","TORONTO INTL A","6158731","2023-04-04 02:00","2023","04","04","02:00","6.5","","6.5","","100","","","","13","","16","","24.1","","99.23","","","","","","NA"
"-79.63","43.68","TORONTO INTL A","6158731","2023-04-04 03:00","2023","04","04","03:00","6.7","","6.7","","100","","","","14","","9","","16.1","","99.25","","","","","","NA"
"-79.63","43.68","TORONTO INTL A","6158731","2023-04-04 04:00","2023","04","04","04:00","6.9","","6.9","","100","","","","10","","6","","9.7","","99.34","","","","","","Rain,Fog"
"-79.63","43.68","TORONTO INTL A","6158731","2023-04-04 05:00","2023","04","04","05:00","7.1","","7.1","","100","","","","14","","5","","6.4","","99.39","","","","","","Rain,Fog"
"-79.63","43.68","TORONTO INTL A","6158731","2023-04-04 06:00","2023","04","04","06:00","7.1","","7.1","","100","","","","15","","7","","4.8","","99.44","","","","","","Rain,Fog"
"-79.63","43.68","TORONTO INTL A","6158731","2023-04-04 07:00","2023","04","04","07:00","7.3","","7.3","","100","","","","36","","2","","4.0","","99.49","","","","","","Fog"
"-79.63","43.68","TORONTO INTL A","6158731","2023-04-04 08:00","2023","04","04","08:00","7.8","","7.8","","100","","","","7","","7","","4.8","","99.48","","","","","","Drizzle,Fog"
"-79.63","43.68","TORONTO INTL A","6158731","2023-04-04 09:00","2023","04","04","09:00","8.6","","8.6","","100","","","","8","","8","","6.4","","99.51","","","","","","Fog"
"-79.63","43.68","TORONTO INTL A","6158731","2023-04-04 10:00","2023","04","04","10:00","9.2","","9.2","","100","","","","10","","11","","8.1","","99.55","","","","","","Fog"
"-79.63","43.68","TORONTO INTL A","6158731","2023-04-04 11:00","2023","04","04","11:00","8.6","","8.3","","98","","","","6","","14","","24.1","","99.62","","","","","","NA"
"-79.63","43.68","TORONTO INTL A","6158731","2023-04-04 12:00","2023","04","04","12:00","9.6","","6.3","","80","","","","7","","16","","24.1","","99.67","","","","","","NA"
"-79.63","43.68","TORONTO INTL A","6158731","2023-04-04 13:00","2023","04","04","13:00","9.8","","5.6","","75","","","","9","","19","","24.1","","99.71","","","","","","Cloudy"
"-79.63","43.68","TORONTO INTL A","6158731","2023-04-04 14:00","2023","04","04","14:00","9.7","","5.4","","74","","","","9","","18","","24.1","","99.76","","","","","","NA"
"-79.63","43.68","TORONTO INTL A","6158731","2023-04-04 15:00","2023","04","04","15:00","10.1","","4.2","","66","","","","7","","17","","24.1","","99.78","","","","","","NA"
"-79.63","43.68","TORONTO INTL A","6158731","2023-04-04 16:00","2023","04","04","16:00","10.7","","3.3","","60","","","","10","","21","","24.1","","99.79","","","","","","Cloudy"
"-79.63","43.68","TORONTO INTL A","6158731","2023-04-04 17:00","2023","04","04","17:00","10.2","","3.3","","62","","","","10","","21","","24.1","","99.83","","","","","","NA"
"-79.63","43.68","TORONTO INTL A","6158731","2023-04-04 18:00","2023","04","04","18:00","9.4","","2.2","","61","","","","10","","23","","24.1","","99.95","","","","","","NA"
"-79.63","43.68","TORONTO INTL A","6158731","2023-04-04 19:00","2023","04","04","19:00","8.6","","1.5","","61","","","","9","","20","","24.1","","99.97","","","","","","Mostly Cloudy"
"-79.63","43.68","TORONTO INTL A","6158731","2023-04-04 20:00","2023","04","04","20:00","8.3","","0.6","","58","","","","11","","19","","24.1","","100.04","","","","","","NA"
"-79.63","43.68","TORONTO INTL A","6158731","2023-04-04 21:00","2023","04","04","21:00","8.4","","0.6","","58","","","","10","","24","","24.1","","99.97","","","","","","NA"
"-79.63","43.68","TORONTO INTL A","6158731","2023-04-04 22:00","2023","04","04","22:00","7.2","","0.4","","62","","","","9","","24","","24.1","","99.90","","","","","","Mostly Cloudy"
"-79.63","43.68","TORONTO INTL A","6158731","2023-04-04 23:00","2023","04","04","23:00","7.1","","-0.8","","57","","","","10","","39","","24.1","","99.90","","","","","","NA"
"-79.63","43.68","TORONTO INTL A","6158731","2023-04-05 00:00","2023","04","05","00:00","6.0","","-1.0","","61","","","","9","","26","","24.1","","99.89","","","","","","NA"
"-79.63","43.68","TORONTO INTL A","6158731","2023-04-05 01:00","2023","04","05","01:00","5.5","","-1.8","","59","","","","8","","27","","24.1","","99.84","","","","","","Mostly Cloudy"
"-79.63","43.68","TORONTO INTL A","6158731","2023-04-05 02:00","2023","04","05","02:00","5.3","","-2.0","","59","","","","9","","36","","24.1","","99.71","","","","","","NA"
"-79.63","43.68","TORONTO INTL A","6158731","2023-04-05 03:00","2023","04","05","03:00","5.6","","-1.9","","58","","","","9","","25","","24.1","","99.61","","","","","","NA"
"-79.63","43.68","TORONTO INTL A","6158731","2023-04-05 04:00","2023","04","05","04:00","5.3","","-1.9","","60","","","","10","","29","","24.1","","99.48","","","","","","Mostly Cloudy"
"-79.63","43.68","TORONTO INTL A","6158731","2023-04-05 05:00","2023","04","05","05:00","5.0","","-0.4","","68","","","","10","","32","","24.1","","99.43","","","","","","Thunderstorms,Rain Showers"
"-79.63","43.68","TORONTO INTL A","6158731","2023-04-05 06:00","2023","04","05","06:00","3.2","","3.2","","100","","","","10","","37","","2.0","","99.35","","","","","","Thunderstorms,Heavy Rain Showers,Fog"
"-79.63","43.68","TORONTO INTL A","6158731","2023-04-05 07:00","2023","04","05","07:00","3.6","","2.3","","91","","","","10","","26","","24.1","","99.18","","","","","","Cloudy"
"-79.63","43.68","TORONTO INTL A","6158731","2023-04-05 08:00","2023","04","05","08:00","4.2","","2.0","","86","","","","10","","14","","24.1","","99.29","","","","","","NA"
"-79.63","43.68","TORONTO INTL A","6158731","2023-04-05 09:00","2023","04","05","09:00","5.2","","3.0","","86","","","","10","","16","","24.1","","99.17","","","","","","NA"
"-79.63","43.68","TORONTO INTL A","6158731","2023-04-05 10:00","2023","04","05","10:00","5.4","","1.8","","78","","","","10","","19","","24.1","","99.03","","","","","","Cloudy"
"-79.63","43.68","TORONTO INTL A","6158731","2023-04-05 11:00","2023","04","05","11:00","3.9","","3.9","","100","","","","8","","14","","16.1","","99.01","","","","","","Thunderstorms,Rain Showers"
"-79.63","43.68","TORONTO INTL A","6158731","2023-04-05 12:00","2023","04","05","12:00","4.7","","4.7","","100","","","","6","","5","","9.7","","99.02","","","","","","Thunderstorms,Rain Showers,Fog"
"-79.63","43.68","TORONTO INTL A","6158731","2023-04-05 13:00","2023","04","05","13:00","4.7","","4.7","","100","","","","3","","12","","16.1","","99.00","","","","","","Rain Showers"
"-79.63","43.68","TORONTO INTL A","6158731","2023-04-05 14:00","2023","04","05","14:00","6.1","","6.1","","100","","","","4","","14","","19.3","","98.94","","","","","","NA"
"-79.63","43.68","TORONTO INTL A","6158731","2023-04-05 15:00","2023","04","05","15:00","5.5","","5.5","","100","","","","27","","10","","6.4","","99.15","","","","","","Moderate Rain Showers,Fog"
"-79.63","43.68","TORONTO INTL A","6158731","2023-04-05 16:00","2023","04","05","16:00","6.7","","6.7","","100","","","","11","","11","","19.3","","98.91","","","","","","Cloudy"
"-79.63","43.68","TORONTO INTL A","6158731","2023-04-05 17:00","2023","04","05","17:00","6.3","","6.3","","100","","","","17","","18","","12.9","","99.07","","","","","","Rain Showers"
"-79.63","43.68","TORONTO INTL A","6158731","2023-04-05 18:00","2023","04","05","18:00","5.0","","5.0","","100","","","","13","","18","","4.8","","98.95","","","","","","Fog"
"-79.63","43.68","TORONTO INTL A","6158731","2023-04-05 19:00","2023","04","05","19:00","4.0","","4.0","","100","","","","10","","3","","3.2","","99.11","","","","","","Fog"
"-79.63","43.68","TORONTO INTL A","6158731","2023-04-05 20:00","2023","04","05","20:00","4.8","","4.8","","100","","","","11","","3","","6.4","","99.13","","","","","","Fog"
"-79.63","43.68","TORONTO INTL A","6158731","2023-04-05 21:00","2023","04","05","21:00","5.7","","5.7","","100","","","","29","","6","","6.4","","99.16","","","","","","Fog"
"-79.63","43.68","TORONTO INTL A","6158731","2023-04-05 22:00","2023","04","05","22:00","6.7","","6.7","","100","","","","18","","3","","6.4","","99.07","","","","","","Fog"
"-79.63","43.68","TORONTO INTL A","6158731","2023-04-05 23:00","2023","04","05","23:00","9.4","","9.4","","100","","","","17","","13","","8.1","","99.05","","","","","","Fog"
"-79.63","43.68","TORONTO INTL A","6158731","2023-04-06 00:00","2023","04","06","00:00","12.7","","12.7","","100","","","","20","","15","","24.1","","99.05","","","","","","NA"
"-79.63","43.68","TORONTO INTL A","6158731","2023-04-06 01:00","2023","04","06","01:00","14.5","","14.5","","100","","","","23","","21","","24.1","","99.11","","","","","","Clear"
"-79.63","43.68","TORONTO INTL A","6158731","2023-04-06 02:00","2023","04","06","02:00","12.1","","3.3","","55","","","","28","","26","","24.1","","99.25","","","","","","NA"
"-79.63","43.68","TORONTO INTL A","6158731","2023-04-06 03:00","2023","04","06","03:00","9.7","","3.0","","63","","","","30","","29","","24.1","","99.38","","","","","","NA"
"-79.63","43.68","TORONTO INTL A","6158731","2023-04-06 04:00","2023","04","06","04:00","7.7","","2.2","","68","","","","27","","28","","24.1","","99.57","","","","","","Mostly Cloudy"
"-79.63","43.68","TORONTO INTL A","6158731","2023-04-06 05:00","2023","04","06","05:00","5.4","","2.7","","82","","","","26","","13","","24.1","","99.68","","","","","","NA"
"-79.63","43.68","TORONTO INTL A","6158731","2023-04-06 06:00","2023","04","06","06:00","6.1","","4.0","","86","","","","26","","17","","24.1","","99.80","","","","","","NA"
"-79.63","43.68","TORONTO INTL A","6158731","2023-04-06 07:00","2023","04","06","07:00","5.8","","3.4","","84","","","","25","","20","","24.1","","99.90","","","","","","Mostly Cloudy"
"-79.63","43.68","TORONTO INTL A","6158731","2023-04-06 08:00","2023","04","06","08:00","6.8","","2.6","","74","","","","26","","31","","24.1","","99.93","","","","","","NA"
"-79.63","43.68","TORONTO INTL A","6158731","2023-04-06 09:00","2023","04","06","09:00","8.0","","3.4","","72","","","","26","","26","","24.1","","99.98","","","","","","NA"
"-79.63","43.68","TORONTO INTL A","6158731","2023-04-06 10:00","2023","04","06","10:00","7.9","","1.5","","64","","","","25","","27","","24.1","","100.01","","","","","","Mostly Cloudy"
"-79.63","43.68","TORONTO INTL A","6158731","2023-04-06 11:00","2023","04","06","11:00","7.7","","1.0","","63","","","","25","","23","","24.1","","100.09","","","","","","NA"
"-79.63","43.68","TORONTO INTL A","6158731","2023-04-06 12:00","2023","04","06","12:00","9.1","","0.9","","56","","","","26","","25","","24.1","","100.08","","","","","","NA"
"-79.63","43.68","TORONTO INTL A","6158731","2023-04-06 13:00","2023","04","06","13:00","10.8","","0.4","","48","","","","25","","32","","24.1","","100.06","","","","","","Mostly Cloudy"
"-79.63","43.68","TORONTO INTL A","6158731","2023-04-06 14:00","2023","04","06","14:00","10.7","","0.6","","50","","","","26","","30","","24.1","","100.09","","","","","","NA"
"-79.63","43.68","TORONTO INTL A","6158731","2023-04-06 15:00","2023","04","06","15:00","11.3","","0.4","","47","","","","25","","25","","24.1","","100.07","","","","","","NA"
"-79.63","43.68","TORONTO INTL A","6158731","2023-04-06 16:00","2023","04","06","16:00","10.7","","-2.4","","40","","","","25","","43","","24.1","","100.09","","","","","","Mostly Cloudy"
"-79.63","43.68","TORONTO INTL A","6158731","2023-04-06 17:00","2023","04","06","17:00","10.1","","-4.5","","36","","","","28","","36","","24.1","","100.14","","","","","","NA"
"-79.63","43.68","TORONTO INTL A","6158731","2023-04-06 18:00","2023","04","06","18:00","8.7","","-4.5","","39","","","","27","","37","","24.1","","100.22","","","","","","NA"
"-79.63","43.68","TORONTO INTL A","6158731","2023-04-06 19:00","2023","04","06","19:00","7.8","","-3.5","","45","","","","26","","23","","24.1","","100.26","","","","","","Mostly Cloudy"
"-79.63","43.68","TORONTO INTL A","6158731","2023-04-06 20:00","2023","04","06","20:00","7.4","","-3.0","","48","","","","26","","28","","24.1","","100.32","","","","","","NA"
"-79.63","43.68","TORONTO INTL A","6158731","2023-04-06 21:00","2023","04","06","21:00","6.1","","-2.8","","53","","","","26","","19","","24.1","","100.40","","","","","","NA"
"-79.63","43.68","TORONTO INTL A","6158731","2023-04-06 22:00","2023","04","06","22:00","5.6","","-3.4","","52","","","","25","","25","","24.1","","100.44","","","","","","Clear"
"-79.63","43.68","TORONTO INTL A","6158731","2023-04-06 23:00","2023","04","06","23:00","5.4","","-3.5","","52","","","","26","","23","","24.1","","100.47","","","","","","NA"
"-79.63","43.68","TORONTO INTL A","6158731","2023-04-07 00:00","2023","04","07","00:00","4.6","","-3.4","","56","","","","27","","26","","24.1","","100.49","","","","","","NA"
"-79.63","43.68","TORONTO INTL A","6158731","2023-04-07 01:00","2023","04","07","01:00","3.6","","-3.4","","60","","","","27","","22","","24.1","","100.55","","","","","","Clear"
"-79.63","43.68","TORONTO INTL A","6158731","2023-04-07 02:00","2023","04","07","02:00","2.7","","-3.3","","65","","","","27","","19","","24.1","","100.58","","","","","","NA"
"-79.63","43.68","TORONTO INTL A","6158731","2023-04-07 03:00","2023","04","07","03:00","2.7","","-3.7","","63","","","","32","","23","","24.1","","100.69","","","","","","NA"
"-79.63","43.68","TORONTO INTL A","6158731","2023-04-07 04:00","2023","04","07","04:00","0.3","","-2.1","","84","","","","33","","21","","24.1","","100.80","","","","","","Clear"
"-79.63","43.68","TORONTO INTL A","6158731","2023-04-07 05:00","2023","04","07","05:00","0.0","","-5.8","","65","","","","30","","23","","24.1","","100.88","","","","-6","","NA"
"-79.63","43.68","TORONTO INTL A","6158731","2023-04-07 06:00","2023","04","07","06:00","-0.1","","-7.1","","59","","","","30","","24","","24.1","","100.94","","","","-6","","NA"
"-79.63","43.68","TORONTO INTL A","6158731","2023-04-07 07:00","2023","04","07","07:00","0.4","","-8.5","","51","","","","31","","30","","24.1","","101.05","","","","","","Clear"
"-79.63","43.68","TORONTO INTL A","6158731","2023-04-07 08:00","2023","04","07","08:00","1.1","","-8.8","","48","","","","30","","36","","24.1","","101.11","","","","","","NA"
"-79.63","43.68","TORONTO INTL A","6158731","2023-04-07 09:00","2023","04","07","09:00","1.8","","-8.3","","47","","","","30","","38","","24.1","","101.18","","","","","","NA"
"-79.63","43.68","TORONTO INTL A","6158731","2023-04-07 10:00","2023","04","07","10:00","2.8","","-7.8","","46","","","","32","","30","","24.1","","101.22","","","","","","Mainly Clear"
"-79.63","43.68","TORONTO INTL A","6158731","2023-04-07 11:00","2023","04","07","11:00","3.4","","-8.4","","42","","","","30","","32","","24.1","","101.20","","","","","","NA"
"-79.63","43.68","TORONTO INTL A","6158731","2023-04-07 12:00","2023","04","07","12:00","4.3","","-8.0","","40","","","","32","","16","","24.1","","101.19","","","","","","NA"
"-79.63","43.68","TORONTO INTL A","6158731","2023-04-07 13:00","2023","04","07","13:00","4.9","","-6.9","","42","","","","30","","14","","24.1","","101.18","","","","","","Mainly Clear"
"-79.63","43.68","TORONTO INTL A","6158731","2023-04-07 14:00","2023","04","07","14:00","5.6","","-7.8","","38","","","","32","","24","","24.1","","101.15","","","","","","NA"
"-79.63","43.68","TORONTO INTL A","6158731","2023-04-07 15:00","2023","04","07","15:00","5.4","","-7.8","","38","","","","28","","18","","24.1","","101.08","","","","","","NA"
"-79.63","43.68","TORONTO INTL A","6158731","2023-04-07 16:00","2023","04","07","16:00","5.9","","-7.6","","37","","","","32","","22","","24.1","","101.02","","","","","","Mainly Clear"
"-79.63","43.68","TORONTO INTL A","6158731","2023-04-07 17:00","2023","04","07","17:00","5.5","","-7.5","","39","","","","30","","21","","24.1","","101.03","","","","","","NA"
"-79.63","43.68","TORONTO INTL A","6158731","2023-04-07 18:00","2023","04","07","18:00","4.6","","-8.3","","39","","","","29","","26","","24.1","","101.07","","","","","","NA"
"-79.63","43.68","TORONTO INTL A","6158731","2023-04-07 19:00","2023","04","07","19:00","2.2","","-6.2","","54","","","","36","","18","","24.1","","101.08","","","","","","Clear"
"-79.63","43.68","TORONTO INTL A","6158731","2023-04-07 20:00","2023","04","07","20:00","0.8","","-6.8","","57","","","","36","","20","","24.1","","101.15","","","","","","NA"
"-79.63","43.68","TORONTO INTL A","6158731","2023-04-07 21:00","2023","04","07","21:00","0.0","","-6.6","","61","","","","36","","22","","24.1","","101.22","","","","-6","","NA"
"-79.63","43.68","TORONTO INTL A","6158731","2023-04-07 22:00","2023","04","07","22:00","-0.9","","-7.0","","63","","","","35","","20","","24.1","","101.25","","","","-6","","Clear"
"-79.63","43.68","TORONTO INTL A","6158731","2023-04-07 23:00","2023","04","07","23:00","-0.9","","-7.2","","63","","","","34","","23","","24.1","","101.26","","","","-7","","NA"
"-79.63","43.68","TORONTO INTL A","6158731","2023-04-08 00:00","2023","04","08","00:00","-1.4","","-6.8","","67","","","","35","","24","","24.1","","101.27","","","","-8","","NA"
"-79.63","43.68","TORONTO INTL A","6158731","2023-04-08 01:00","2023","04","08","01:00","-1.8","","-6.7","","69","","","","34","","19","","24.1","","101.28","","","","-7","","Clear"
"-79.63","43.68","TORONTO INTL A","6158731","2023-04-08 02:00","2023","04","08","02:00","-2.3","","-7.0","","70","","","","33","","12","","24.1","","101.31","","","","-7","","NA"
"-79.63","43.68","TORONTO INTL A","6158731","2023-04-08 03:00","2023","04","08","03:00","-3.2","","-7.4","","73","","","","32","","9","","24.1","","101.32","","","","-7","","NA"
"-79.63","43.68","TORONTO INTL A","6158731","2023-04-08 04:00","2023","04","08","04:00","-3.2","","-7.8","","71","","","","35","","10","","24.1","","101.35","","","","-7","","Clear"
"-79.63","43.68","TORONTO INTL A","6158731","2023-04-08 05:00","2023","04","08","05:00","-3.9","","-7.8","","74","","","","32","","10","","24.1","","101.39","","","","-8","","NA"
"-79.63","43.68","TORONTO INTL A","6158731","2023-04-08 06:00","2023","04","08","06:00","-3.3","","-7.7","","72","","","","36","","9","","24.1","","101.40","","","","-7","","NA"
"-79.63","43.68","TORONTO INTL A","6158731","2023-04-08 07:00","2023","04","08","07:00","-1.6","","-7.1","","66","","","","36","","9","","24.1","","101.47","","","","-5","","Clear"
"-79.63","43.68","TORONTO INTL A","6158731","2023-04-08 08:00","2023","04","08","08:00","0.1","","-6.7","","60","","","","1","","3","","24.1","","101.49","","","","","","NA"
"-79.63","43.68","TORONTO INTL A","6158731","2023-04-08 09:00","2023","04","08","09:00","1.8","","-8.7","","45","","","","13","","9","","24.1","","101.46","","","","","","NA"
"-79.63","43.68","TORONTO INTL A","6158731","2023-04-08 10:00","2023","04","08","10:00","2.6","","-9.1","","42","","","","14","","12","","24.1","","101.42","","","","","","Mainly Clear"
"-79.63","43.68","TORONTO INTL A","6158731","2023-04-08 11:00","2023","04","08","11:00","3.6","","-7.7","","43","","","","12","","13","","24.1","","101.39","","","","","","NA"
"-79.63","43.68","TORONTO INTL A","6158731","2023-04-08 12:00","2023","04","08","12:00","3.3","","-8.8","","41","","","","11","","11","","24.1","","101.34","","","","","","NA"
"-79.63","43.68","TORONTO INTL A","6158731","2023-04-08 13:00","2023","04","08","13:00","4.4","","-6.5","","45","","","","18","","13","","24.1","","101.25","","","","","","Cloudy"
"-79.63","43.68","TORONTO INTL A","6158731","2023-04-08 14:00","2023","04","08","14:00","4.3","","-8.4","","39","","","","20","","5","","24.1","","101.21","","","","","","NA"
"-79.63","43.68","TORONTO INTL A","6158731","2023-04-08 15:00","2023","04","08","15:00","4.9","","-9.7","","34","","","","14","","11","","24.1","","101.12","","","","","","NA"
"-79.63","43.68","TORONTO INTL A","6158731","2023-04-08 16:00","2023","04","08","16:00","6.1","","-8.8","","34","","","","14","","13","","24.1","","101.06","","","","","","Mostly Cloudy"
"-79.63","43.68","TORONTO INTL A","6158731","2023-04-08 17:00","2023","04","08","17:00","4.7","","-7.0","","42","","","","15","","9","","24.1","","101.05","","","","","","NA"
"-79.63","43.68","TORONTO INTL A","6158731","2023-04-08 18:00","2023","04","08","18:00","4.5","","-9.3","","36","","","","17","","10","","24.1","","101.00","","","","","","NA"
"-79.63","43.68","TORONTO INTL A","6158731","2023-04-08 19:00","2023","04","08","19:00","4.2","","-8.8","","38","","","","11","","5","","24.1","","100.99","","","","","","Mostly Cloudy"
"-79.63","43.68","TORONTO INTL A","6158731","2023-04-08 20:00","2023","04","08","20:00","4.5","","-10.3","","33","","","","24","","5","","24.1","","101.01","","","","","","NA"
"-79.63","43.68","TORONTO INTL A","6158731","2023-04-08 21:00","2023","04","08","21:00","4.9","","-10.8","","31","","","","36","","2","","22.5","","101.05","","","","","","NA"
"-79.63","43.68","TORONTO INTL A","6158731","2023-04-08 22:00","2023","04","08","22:00","4.4","","-5.9","","47","","","","13","","4","","24.1","","101.09","","","","","","Mostly Cloudy"
"-79.63","43.68","TORONTO INTL A","6158731","2023-04-08 23:00","2023","04","08","23:00","3.4","","-2.0","","67","","","","16","","8","","24.1","","101.09","","","","","","NA"
"-79.63","43.68","TORONTO INTL A","6158731","2023-04-09 00:00","2023","04","09","00:00","3.8","","-3.0","","61","","","","8","","3","","24.1","","101.12","","","","","","NA"
"-79.63","43.68","TORONTO INTL A","6158731","2023-04-09 01:00","2023","04","09","01:00","3.5","","-2.5","","65","","","","2","","11","","24.1","","101.13","","","","","","Mostly Cloudy"
"-79.63","43.68","TORONTO INTL A","6158731","2023-04-09 02:00","2023","04","09","02:00","1.8","","-2.3","","74","","","","1","","12","","24.1","","101.16","","","","","","NA"
"-79.63","43.68","TORONTO INTL A","6158731","2023-04-09 03:00","2023","04","09","03:00","0.6","","-0.9","","90","","","","36","","11","","24.1","","101.17","","","","","","NA"
"-79.63","43.68","TORONTO INTL A","6158731","2023-04-09 04:00","2023","04","09","04:00","0.2","","-0.3","","96","","","","34","","10","","24.1","","101.20","","","","","","Clear"
"-79.63","43.68","TORONTO INTL A","6158731","2023-04-09 05:00","2023","04","09","05:00","-0.4","","-0.6","","99","","","","35","","11","","24.1","","101.25","","","","-4","","NA"
"-79.63","43.68","TORONTO INTL A","6158731","2023-04-09 06:00","2023","04","09","06:00","-0.5","","-0.9","","97","","","","1","","9","","24.1","","101.33","","","","-4","","NA"
"-79.63","43.68","TORONTO INTL A","6158731","2023-04-09 07:00","2023","04","09","07:00","1.0","","-0.3","","91","","","","36","","1","","24.1","","101.40","","","","","","Clear"
"-79.63","43.68","TORONTO INTL A","6158731","2023-04-09 08:00","2023","04","09","08:00","2.6","","-1.1","","77","","","","30","","4","","24.1","","101.44","","","","","","NA"
"-79.63","43.68","TORONTO INTL A","6158731","2023-04-09 09:00","2023","04","09","09:00","4.1","","-1.5","","67","","","","7","","4","","24.1","","101.43","","","","","","NA"
"-79.63","43.68","TORONTO INTL A","6158731","2023-04-09 10:00","2023","04","09","10:00","6.2","","-2.0","","56","","","","14","","9","","24.1","","101.41","","","","","","Mainly Clear"
"-79.63","43.68","TORONTO INTL A","6158731","2023-04-09 11:00","2023","04","09","11:00","7.0","","-1.9","","53","","","","11","","10","","24.1","","101.40","","","","","","NA"
"-79.63","43.68","TORONTO INTL A","6158731","2023-04-09 12:00","2023","04","09","12:00","7.4","","-2.2","","50","","","","16","","9","","24.1","","101.36","","","","","","NA"
"-79.63","43.68","TORONTO INTL A","6158731","2023-04-09 13:00","2023","04","09","13:00","7.7","","-4.1","","43","","","","14","","13","","24.1","","101.33","","","","","","Clear"
"-79.63","43.68","TORONTO INTL A","6158731","2023-04-09 14:00","2023","04","09","14:00","9.0","","-3.7","","41","","","","13","","11","","24.1","","101.27","","","","","","NA"
"-79.63","43.68","TORONTO INTL A","6158731","2023-04-09 15:00","2023","04","09","15:00","9.8","","-4.9","","35","","","","14","","10","","24.1","","101.21","","","","","","NA"
"-79.63","43.68","TORONTO INTL A","6158731","2023-04-09 16:00","2023","04","09","16:00","9.4","","-7.5","","29","","","","15","","16","","24.1","","101.13","","","","","","Clear"
"-79.63","43.68","TORONTO INTL A","6158731","2023-04-09 17:00","2023","04","09","17:00","9.2","","-8.5","","28","","","","13","","16","","24.1","","101.09","","","","","","NA"
"-79.63","43.68","TORONTO INTL A","6158731","2023-04-09 18:00","2023","04","09","18:00","8.1","","-6.3","","35","","","","17","","15","","24.1","","101.05","","","","","","NA"
"-79.63","43.68","TORONTO INTL A","6158731","2023-04-09 19:00","2023","04","09","19:00","5.5","","-4.1","","50","","","","17","","10","","24.1","","101.00","","","","","","Clear"
"-79.63","43.68","TORONTO INTL A","6158731","2023-04-09 20:00","2023","04","09","20:00","4.8","","-2.6","","58","","","","16","","4","","24.1","","101.01","","","","","","NA"
"-79.63","43.68","TORONTO INTL A","6158731","2023-04-09 21:00","2023","04","09","21:00","5.1","","-3.3","","55","","","","20","","3","","24.1","","101.02","","","","","","NA"
"-79.63","43.68","TORONTO INTL A","6158731","2023-04-09 22:00","2023","04","09","22:00","5.2","","-3.0","","56","","","","36","","2","","24.1","","100.98","","","","","","Clear"
"-79.63","43.68","TORONTO INTL A","6158731","2023-04-09 23:00","2023","04","09","23:00","5.0","","-2.9","","56","","","","19","","4","","24.1","","100.96","","","","","","NA"
"-79.63","43.68","TORONTO INTL A","6158731","2023-04-10 00:00","2023","04","10","00:00","4.9","","-2.5","","59","","","","19","","4","","24.1","","100.93","","","","","","NA"
"-79.63","43.68","TORONTO INTL A","6158731","2023-04-10 01:00","2023","04","10","01:00","5.0","","-1.8","","61","","","","24","","5","","24.1","","100.90","","","","","","Clear"
"-79.63","43.68","TORONTO INTL A","6158731","2023-04-10 02:00","2023","04","10","02:00","4.7","","-1.5","","64","","","","19","","4","","24.1","","100.87","","","","","","NA"
"-79.63","43.68","TORONTO INTL A","6158731","2023-04-10 03:00","2023","04","10","03:00","4.0","","-1.3","","68","","","","20","","7","","24.1","","100.87","","","","","","NA"
"-79.63","43.68","TORONTO INTL A","6158731","2023-04-10 04:00","2023","04","10","04:00","3.3","","-1.0","","73","","","","24","","4","","24.1","","100.88","","","","","","Clear"
"-79.63","43.68","TORONTO INTL A","6158731","2023-04-10 05:00","2023","04","10","05:00","2.6","","-1.9","","72","","","","24","","8","","24.1","","100.88","","","","","","NA"
"-79.63","43.68","TORONTO INTL A","6158731","2023-04-10 06:00","2023","04","10","06:00","2.7","","-1.7","","73","","","","25","","8","","24.1","","100.92","","","","","","NA"
"-79.63","43.68","TORONTO INTL A","6158731","2023-04-10 07:00","2023","04","10","07:00","6.5","","-0.8","","60","","","","21","","10","","24.1","","100.95","","","","","","Clear"
"-79.63","43.68","TORONTO INTL A","6158731","2023-04-10 08:00","2023","04","10","08:00","8.9","","0.4","","55","","","","23","","11","","24.1","","100.96","","","","","","NA"
"-79.63","43.68","TORONTO INTL A","6158731","2023-04-10 09:00","2023","04","10","09:00","11.2","","1.0","","49","","","","22","","15","","24.1","","100.92","","","","","","NA"
"-79.63","43.68","TORONTO INTL A","6158731","2023-04-10 10:00","2023","04","10","10:00","13.5","","0.9","","42","","","","23","","16","","24.1","","100.88","","","","","","Mainly Clear"
"-79.63","43.68","TORONTO INTL A","6158731","2023-04-10 11:00","2023","04","10","11:00","16.1","","1.7","","37","","","","24","","11","","24.1","","100.84","","","","","","NA"
"-79.63","43.68","TORONTO INTL A","6158731","2023-04-10 12:00","2023","04","10","12:00","17.8","","1.1","","32","","","","26","","17","","24.1","","100.75","","","","","","NA"
"-79.63","43.68","TORONTO INTL A","6158731","2023-04-10 13:00","2023","04","10","13:00","18.9","","0.5","","29","","","","23","","18","","24.1","","100.64","","","","","","Mainly Clear"
"-79.63","43.68","TORONTO INTL A","6158731","2023-04-10 14:00","2023","04","10","14:00","19.4","","1.8","","31","","","","25","","13","","24.1","","100.58","","","","","","NA"
"-79.63","43.68","TORONTO INTL A","6158731","2023-04-10 15:00","2023","04","10","15:00","19.8","","1.6","","29","","","","28","","20","","24.1","","100.51","","","","","","NA"
"-79.63","43.68","TORONTO INTL A","6158731","2023-04-10 16:00","2023","04","10","16:00","19.1","","1.6","","31","","","","27","","23","","24.1","","100.46","","","","","","Mostly Cloudy"
"-79.63","43.68","TORONTO INTL A","6158731","2023-04-10 17:00","2023","04","10","17:00","18.6","","1.1","","31","","","","23","","18","","24.1","","100.41","","","","","","NA"
"-79.63","43.68","TORONTO INTL A","6158731","2023-04-10 18:00","2023","04","10","18:00","17.5","","2.0","","35","","","","25","","22","","24.1","","100.38","","","","","","NA"
"-79.63","43.68","TORONTO INTL A","6158731","2023-04-10 19:00","2023","04","10","19:00","15.2","","1.2","","38","","","","22","","13","","24.1","","100.38","","","","","","Clear"
"-79.63","43.68","TORONTO INTL A","6158731","2023-04-10 20:00","2023","04","10","20:00","14.3","","1.3","","41","","","","24","","18","","24.1","","100.42","","","","","","NA"
"-79.63","43.68","TORONTO INTL A","6158731","2023-04-10 21:00","2023","04","10","21:00","13.0","","1.3","","45","","","","24","","18","","24.1","","100.42","","","","","","NA"
"-79.63","43.68","TORONTO INTL A","6158731","2023-04-10 22:00","2023","04","10","22:00","12.1","","0.5","","45","","","","23","","14","","24.1","","100.36","","","","","","Clear"
"-79.63","43.68","TORONTO INTL A","6158731","2023-04-10 23:00","2023","04","10","23:00","11.2","","-0.5","","44","","","","23","","11","","24.1","","100.27","","","","","","NA"
"-79.63","43.68","TORONTO INTL A","6158731","2023-04-11 00:00","2023","04","11","00:00","10.9","","-1.4","","42","","","","23","","9","","24.1","","100.21","","","","","","NA"
"-79.63","43.68","TORONTO INTL A","6158731","2023-04-11 01:00","2023","04","11","01:00","9.4","","-1.1","","48","","","","23","","9","","24.1","","100.18","","","","","","Clear"
"-79.63","43.68","TORONTO INTL A","6158731","2023-04-11 02:00","2023","04","11","02:00","9.5","","-2.3","","43","","","","23","","7","","24.1","","100.10","","","","","","NA"
"-79.63","43.68","TORONTO INTL A","6158731","2023-04-11 03:00","2023","04","11","03:00","8.0","","-1.3","","52","","","","25","","13","","24.1","","100.02","","","","","","NA"
"-79.63","43.68","TORONTO INTL A","6158731","2023-04-11 04:00","2023","04","11","04:00","8.2","","-1.6","","50","","","","25","","17","","24.1","","99.99","","","","","","Mainly Clear"
"-79.63","43.68","TORONTO INTL A","6158731","2023-04-11 05:00","2023","04","11","05:00","8.4","","-1.9","","48","","","","26","","20","","24.1","","99.96","","","","","","NA"
"-79.63","43.68","TORONTO INTL A","6158731","2023-04-11 06:00","2023","04","11","06:00","8.6","","-1.5","","49","","","","25","","20","","24.1","","99.95","","","","","","NA"
"-79.63","43.68","TORONTO INTL A","6158731","2023-04-11 07:00","2023","04","11","07:00","9.7","","-1.2","","46","","","","26","","23","","24.1","","99.92","","","","","","Mostly Cloudy"
"-79.63","43.68","TORONTO INTL A","6158731","2023-04-11 08:00","2023","04","11","08:00","11.2","","-0.4","","45","","","","25","","27","","24.1","","99.86","","","","","","NA"
"-79.63","43.68","TORONTO INTL A","6158731","2023-04-11 09:00","2023","04","11","09:00","15.0","","0.8","","38","","","","26","","29","","24.1","","99.78","","","","","","NA"
"-79.63","43.68","TORONTO INTL A","6158731","2023-04-11 10:00","2023","04","11","10:00","18.3","","3.5","","37","","","","27","","29","","24.1","","99.69","","","","","","Mostly Cloudy"
"-79.63","43.68","TORONTO INTL A","6158731","2023-04-11 11:00","2023","04","11","11:00","21.1","","4.8","","34","","","","26","","35","","24.1","","99.62","","","","","","NA"
"-79.63","43.68","TORONTO INTL A","6158731","2023-04-11 12:00","2023","04","11","12:00","23.0","","6.0","","33","","","","26","","49","","19.3","","99.54","","","","","","NA"
"-79.63","43.68","TORONTO INTL A","6158731","2023-04-11 13:00","2023","04","11","13:00","23.5","","6.9","","34","","","","27","","40","","19.3","","99.47","","","","","","Mostly Cloudy"
"-79.63","43.68","TORONTO INTL A","6158731","2023-04-11 14:00","2023","04","11","14:00","21.9","","4.8","","32","","","","29","","42","","24.1","","99.42","","","","","","NA"
"-79.63","43.68","TORONTO INTL A","6158731","2023-04-11 15:00","2023","04","11","15:00","21.0","","5.4","","36","","","","28","","34","","24.1","","99.38","","","","","","NA"
"-79.63","43.68","TORONTO INTL A","6158731","2023-04-11 16:00","2023","04","11","16:00","21.0","","4.5","","33","","","","27","","41","","24.1","","99.36","","","","","","Cloudy"
"-79.63","43.68","TORONTO INTL A","6158731","2023-04-11 17:00","2023","04","11","17:00","20.9","","5.0","","35","","","","28","","38","","24.1","","99.32","","","","","","NA"
"-79.63","43.68","TORONTO INTL A","6158731","2023-04-11 18:00","2023","04","11","18:00","20.8","","5.7","","37","","","","27","","39","","24.1","","99.32","","","","","","NA"
"-79.63","43.68","TORONTO INTL A","6158731","2023-04-11 19:00","2023","04","11","19:00","19.9","","6.3","","41","","","","26","","30","","24.1","","99.28","","","","","","Mostly Cloudy"
"-79.63","43.68","TORONTO INTL A","6158731","2023-04-11 20:00","2023","04","11","20:00","19.1","","6.2","","43","","","","26","","32","","24.1","","99.31","","","","","","NA"
"-79.63","43.68","TORONTO INTL A","6158731","2023-04-11 21:00","2023","04","11","21:00","18.7","","5.2","","41","","","","27","","31","","24.1","","99.32","","","","","","NA"
"-79.63","43.68","TORONTO INTL A","6158731","2023-04-11 22:00","2023","04","11","22:00","18.2","","4.8","","41","","","","28","","32","","24.1","","99.35","","","","","","Mostly Cloudy"
"-79.63","43.68","TORONTO INTL A","6158731","2023-04-11 23:00","2023","04","11","23:00","17.1","","5.2","","45","","","","29","","14","","24.1","","99.37","","","","","","NA"
"-79.63","43.68","TORONTO INTL A","6158731","2023-04-12 00:00","2023","04","12","00:00","15.3","","5.5","","52","","","","29","","14","","24.1","","99.34","","","","","","NA"
"-79.63","43.68","TORONTO INTL A","6158731","2023-04-12 01:00","2023","04","12","01:00","14.3","","5.8","","56","","","","28","","17","","24.1","","99.34","","","","","","Mostly Cloudy"
"-79.63","43.68","TORONTO INTL A","6158731","2023-04-12 02:00","2023","04","12","02:00","13.6","","5.7","","58","","","","31","","16","","24.1","","99.28","","","","","","NA"
"-79.63","43.68","TORONTO INTL A","6158731","2023-04-12 03:00","2023","04","12","03:00","13.2","","5.4","","59","","","","30","","8","","24.1","","99.24","","","","","","NA"
"-79.63","43.68","TORONTO INTL A","6158731","2023-04-12 04:00","2023","04","12","04:00","13.2","","5.4","","59","","","","30","","9","","24.1","","99.24","","","","","","Mostly Cloudy"
"-79.63","43.68","TORONTO INTL A","6158731","2023-04-12 05:00","2023","04","12","05:00","13.0","","5.3","","59","","","","22","","6","","24.1","","99.24","","","","","","NA"
"-79.63","43.68","TORONTO INTL A","6158731","2023-04-12 06:00","2023","04","12","06:00","13.3","","5.9","","61","","","","23","","13","","24.1","","99.22","","","","","","NA"
"-79.63","43.68","TORONTO INTL A","6158731","2023-04-12 07:00","2023","04","12","07:00","13.7","","7.0","","63","","","","25","","10","","24.1","","99.22","","","","","","Mostly Cloudy"
"-79.63","43.68","TORONTO INTL A","6158731","2023-04-12 08:00","2023","04","12","08:00","16.1","","7.2","","55","","","","24","","10","","24.1","","99.21","","","","","","NA"
"-79.63","43.68","TORONTO INTL A","6158731","2023-04-12 09:00","2023","04","12","09:00","19.0","","7.5","","47","","","","28","","16","","24.1","","99.12","","","","","","NA"
"-79.63","43.68","TORONTO INTL A","6158731","2023-04-12 10:00","2023","04","12","10:00","21.5","","8.9","","44","","","","26","","19","","24.1","","99.10","","","","","","Mainly Clear"
"-79.63","43.68","TORONTO INTL A","6158731","2023-04-12 11:00","2023","04","12","11:00","23.7","","9.3","","40","","","","24","","26","","24.1","","99.06","","25","","","","NA"
"-79.63","43.68","TORONTO INTL A","6158731","2023-04-12 12:00","2023","04","12","12:00","25.0","","9.9","","38","","","","25","","26","","24.1","","99.01","","26","","","","NA"
"-79.63","43.68","TORONTO INTL A","6158731","2023-04-12 13:00","2023","04","12","13:00","26.0","","9.7","","35","","","","27","","33","","24.1","","98.91","","27","","","","Mainly Clear"
"-79.63","43.68","TORONTO INTL A","6158731","2023-04-12 14:00","2023","04","12","14:00","26.0","","10.0","","36","","","","25","","36","","24.1","","98.86","","27","","","","NA"
"-79.63","43.68","TORONTO INTL A","6158731","2023-04-12 15:00","2023","04","12","15:00","26.3","","8.6","","32","","","","26","","43","","24.1","","98.83","","27","","","","NA"
"-79.63","43.68","TORONTO INTL A","6158731","2023-04-12 16:00","2023","04","12","16:00","26.2","","8.3","","32","","","","26","","41","","24.1","","98.79","","27","","","","Clear"
"-79.63","43.68","TORONTO INTL A","6158731","2023-04-12 17:00","2023","04","12","17:00","25.8","","8.1","","32","","","","27","","39","","24.1","","98.75","","26","","","","NA"
"-79.63","43.68","TORONTO INTL A","6158731","2023-04-12 18:00","2023","04","12","18:00","24.9","","7.5","","33","","","","25","","32","","24.1","","98.72","","25","","","","NA"
"-79.63","43.68","TORONTO INTL A","6158731","2023-04-12 19:00","2023","04","12","19:00","22.8","","8.7","","40","","","","21","","23","","24.1","","98.74","","","","","","Clear"
"-79.63","43.68","TORONTO INTL A","6158731","2023-04-12 20:00","2023","04","12","20:00","21.4","","8.7","","44","","","","21","","16","","24.1","","98.79","","","","","","NA"
"-79.63","43.68","TORONTO INTL A","6158731","2023-04-12 21:00","2023","04","12","21:00","19.9","","8.7","","48","","","","22","","10","","24.1","","98.84","","","","","","NA"
"-79.63","43.68","TORONTO INTL A","6158731","2023-04-12 22:00","2023","04","12","22:00","18.9","","8.8","","51","","","","22","","14","","24.1","","98.86","","","","","","Clear"
"-79.63","43.68","TORONTO INTL A","6158731","2023-04-12 23:00","2023","04","12","23:00","18.1","","8.8","","54","","","","23","","17","","24.1","","98.84","","","","","","NA"
"-79.63","43.68","TORONTO INTL A","6158731","2023-04-13 00:00","2023","04","13","00:00","17.6","","8.6","","55","","","","22","","14","","24.1","","98.85","","","","","","NA"
"-79.63","43.68","TORONTO INTL A","6158731","2023-04-13 01:00","2023","04","13","01:00","15.7","","8.3","","61","","","","25","","11","","24.1","","98.87","","","","","","Clear"
"-79.63","43.68","TORONTO INTL A","6158731","2023-04-13 02:00","2023","04","13","02:00","15.3","","7.7","","60","","","","25","","9","","24.1","","98.88","","","","","","NA"
"-79.63","43.68","TORONTO INTL A","6158731","2023-04-13 03:00","2023","04","13","03:00","14.9","","7.8","","62","","","","24","","13","","24.1","","98.87","","","","","","NA"
"-79.63","43.68","TORONTO INTL A","6158731","2023-04-13 04:00","2023","04","13","04:00","13.4","","7.8","","69","","","","25","","16","","24.1","","98.85","","","","","","Clear"
"-79.63","43.68","TORONTO INTL A","6158731","2023-04-13 05:00","2023","04","13","05:00","14.1","","7.8","","66","","","","24","","13","","24.1","","98.88","","","","","","NA"
"-79.63","43.68","TORONTO INTL A","6158731","2023-04-13 06:00","2023","04","13","06:00","14.8","","7.6","","62","","","","26","","7","","24.1","","98.94","","","","","","NA"
"-79.63","43.68","TORONTO INTL A","6158731","2023-04-13 07:00","2023","04","13","07:00","16.8","","7.6","","54","","","","27","","22","","24.1","","98.95","","","","","","Clear"
"-79.63","43.68","TORONTO INTL A","6158731","2023-04-13 08:00","2023","04","13","08:00","19.9","","7.6","","45","","","","26","","24","","24.1","","98.98","","","","","","NA"
"-79.63","43.68","TORONTO INTL A","6158731","2023-04-13 09:00","2023","04","13","09:00","21.9","","8.3","","41","","","","28","","31","","24.1","","98.98","","","","","","NA"
"-79.63","43.68","TORONTO INTL A","6158731","2023-04-13 10:00","2023","04","13","10:00","24.1","","9.0","","38","","","","27","","20","","24.1","","98.98","","25","","","","Clear"
"-79.63","43.68","TORONTO INTL A","6158731","2023-04-13 11:00","2023","04","13","11:00","25.6","","9.9","","37","","","","28","","24","","24.1","","98.96","","27","","","","NA"
"-79.63","43.68","TORONTO INTL A","6158731","2023-04-13 12:00","2023","04","13","12:00","26.8","","10.7","","36","","","","22","","20","","24.1","","98.93","","28","","","","NA"
"-79.63","43.68","TORONTO INTL A","6158731","2023-04-13 13:00","2023","04","13","13:00","28.0","","12.2","","37","","","","25","","17","","24.1","","98.91","","30","","","","Clear"
"-79.63","43.68","TORONTO INTL A","6158731","2023-04-13 14:00","2023","04","13","14:00","28.6","","10.1","","31","","","","23","","27","","24.1","","98.85","","30","","","","NA"
"-79.63","43.68","TORONTO INTL A","6158731","2023-04-13 15:00","2023","04","13","15:00","29.0","","9.4","","29","","","","24","","31","","24.1","","98.81","","30","","","","NA"
"-79.63","43.68","TORONTO INTL A","6158731","2023-04-13 16:00","2023","04","13","16:00","28.9","","9.0","","28","","","","24","","27","","24.1","","98.77","","30","","","","Clear"
"-79.63","43.68","TORONTO INTL A","6158731","2023-04-13 17:00","2023","04","13","17:00","28.4","","9.2","","30","","","","26","","28","","24.1","","98.76","","29","","","","NA"
"-79.63","43.68","TORONTO INTL A","6158731","2023-04-13 18:00","2023","04","13","18:00","26.7","","6.8","","28","","","","24","","24","","24.1","","98.78","","27","","","","NA"
"-79.63","43.68","TORONTO INTL A","6158731","2023-04-13 19:00","2023","04","13","19:00","23.8","","8.1","","36","","","","23","","22","","24.1","","98.84","","","","","","Mainly Clear"
"-79.63","43.68","TORONTO INTL A","6158731","2023-04-13 20:00","2023","04","13","20:00","22.1","","8.0","","40","","","","23","","16","","24.1","","98.93","","","","","","NA"
"-79.63","43.68","TORONTO INTL A","6158731","2023-04-13 21:00","2023","04","13","21:00","19.9","","8.0","","46","","","","24","","17","","24.1","","99.00","","","","","","NA"
"-79.63","43.68","TORONTO INTL A","6158731","2023-04-13 22:00","2023","04","13","22:00","18.1","","8.0","","51","","","","25","","16","","24.1","","99.03","","","","","","Clear"
"-79.63","43.68","TORONTO INTL A","6158731","2023-04-13 23:00","2023","04","13","23:00","16.9","","7.6","","54","","","","26","","10","","24.1","","99.04","","","","","","NA"
"-79.63","43.68","TORONTO INTL A","6158731","2023-04-14 00:00","2023","04","14","00:00","15.7","","7.3","","57","","","","27","","8","","24.1","","99.06","","","","","","NA"
"-79.63","43.68","TORONTO INTL A","6158731","2023-04-14 01:00","2023","04","14","01:00","16.0","","7.4","","56","","","","28","","7","","24.1","","99.05","","","","","","Clear"
"-79.63","43.68","TORONTO INTL A","6158731","2023-04-14 02:00","2023","04","14","02:00","14.9","","6.8","","58","","","","29","","8","","24.1","","99.02","","","","","","NA"
"-79.63","43.68","TORONTO INTL A","6158731","2023-04-14 03:00","2023","04","14","03:00","14.4","","6.8","","60","","","","28","","9","","24.1","","99.02","","","","","","NA"
"-79.63","43.68","TORONTO INTL A","6158731","2023-04-14 04:00","2023","04","14","04:00","14.8","","6.4","","57","","","","29","","9","","24.1","","99.04","","","","","","Clear"
"-79.63","43.68","TORONTO INTL A","6158731","2023-04-14 05:00","2023","04","14","05:00","15.0","","6.0","","55","","","","31","","7","","24.1","","99.06","","","","","","NA"
"-79.63","43.68","TORONTO INTL A","6158731","2023-04-14 06:00","2023","04","14","06:00","15.3","","5.5","","52","","","","27","","4","","24.1","","99.09","","","","","","NA"
"-79.63","43.68","TORONTO INTL A","6158731","2023-04-14 07:00","2023","04","14","07:00","17.2","","7.5","","52","","","","34","","6","","24.1","","99.14","","","","","","Clear"
"-79.63","43.68","TORONTO INTL A","6158731","2023-04-14 08:00","2023","04","14","08:00","18.9","","6.3","","43","","","","29","","7","","24.1","","99.16","","","","","","NA"
"-79.63","43.68","TORONTO INTL A","6158731","2023-04-14 09:00","2023","04","14","09:00","22.3","","5.9","","34","","","","35","","5","","24.1","","99.13","","","","","","NA"
"-79.63","43.68","TORONTO INTL A","6158731","2023-04-14 10:00","2023","04","14","10:00","25.0","","5.2","","28","","","","31","","7","","24.1","","99.11","","","","","","Clear"
"-79.63","43.68","TORONTO INTL A","6158731","2023-04-14 11:00","2023","04","14","11:00","25.5","","8.5","","34","","","","15","","14","","24.1","","99.10","","26","","","","NA"
"-79.63","43.68","TORONTO INTL A","6158731","2023-04-14 12:00","2023","04","14","12:00","25.0","","6.2","","29","","","","16","","19","","24.1","","99.05","","25","","","","NA"
"-79.63","43.68","TORONTO INTL A","6158731","2023-04-14 13:00","2023","04","14","13:00","26.6","","6.5","","27","","","","16","","19","","24.1","","99.01","","26","","","","Clear"
"-79.63","43.68","TORONTO INTL A","6158731","2023-04-14 14:00","2023","04","14","14:00","26.5","","6.8","","28","","","","15","","16","","24.1","","98.99","","26","","","","NA"
"-79.63","43.68","TORONTO INTL A","6158731","2023-04-14 15:00","2023","04","14","15:00","26.6","","5.6","","26","","","","16","","20","","24.1","","98.96","","26","","","","NA"
"-79.63","43.68","TORONTO INTL A","6158731","2023-04-14 16:00","2023","04","14","16:00","26.4","","6.2","","27","","","","14","","20","","24.1","","98.92","","26","","","","Mainly Clear"
"-79.63","43.68","TORONTO INTL A","6158731","2023-04-14 17:00","2023","04","14","17:00","25.8","","5.5","","27","","","","15","","18","","24.1","","98.90","","25","","","","NA"
"-79.63","43.68","TORONTO INTL A","6158731","2023-04-14 18:00","2023","04","14","18:00","23.6","","5.8","","31","","","","15","","13","","24.1","","98.89","","","","","","NA"
"-79.63","43.68","TORONTO INTL A","6158731","2023-04-14 19:00","2023","04","14","19:00","20.5","","6.2","","39","","","","14","","9","","24.1","","98.88","","","","","","Mostly Cloudy"
"-79.63","43.68","TORONTO INTL A","6158731","2023-04-14 20:00","2023","04","14","20:00","18.8","","5.5","","41","","","","15","","5","","24.1","","98.92","","","","","","NA"
"-79.63","43.68","TORONTO INTL A","6158731","2023-04-14 21:00","2023","04","14","21:00","18.1","","5.5","","43","","","","27","","3","","24.1","","98.94","","","","","","NA"
"-79.63","43.68","TORONTO INTL A","6158731","2023-04-14 22:00","2023","04","14","22:00","17.8","","6.4","","47","","","","15","","7","","24.1","","98.94","","","","","","Mainly Clear"
"-79.63","43.68","TORONTO INTL A","6158731","2023-04-14 23:00","2023","04","14","23:00","15.6","","6.1","","53","","","","36","","1","","24.1","","98.97","","","","","","NA"
"-79.63","43.68","TORONTO INTL A","6158731","2023-04-15 00:00","2023","04","15","00:00","15.1","","6.2","","55","","","","31","","7","","24.1","","98.98","","","","","","NA"
"-79.63","43.68","TORONTO INTL A","6158731","2023-04-15 01:00","2023","04","15","01:00","16.2","","6.3","","52","","","","2","","7","","24.1","","98.97","","","","","","Mainly Clear"
"-79.63","43.68","TORONTO INTL A","6158731","2023-04-15 02:00","2023","04","15","02:00","15.3","","6.5","","55","","","","2","","10","","24.1","","98.95","","","","","","NA"
"-79.63","43.68","TORONTO INTL A","6158731","2023-04-15 03:00","2023","04","15","03:00","13.5","","6.5","","63","","","","2","","13","","24.1","","98.95","","","","","","NA"
"-79.63","43.68","TORONTO INTL A","6158731","2023-04-15 04:00","2023","04","15","04:00","14.3","","5.6","","56","","","","4","","9","","24.1","","98.93","","","","","","Mostly Cloudy"
"-79.63","43.68","TORONTO INTL A","6158731","2023-04-15 05:00","2023","04","15","05:00","13.4","","5.5","","59","","","","36","","10","","24.1","","98.90","","","","","","NA"
"-79.63","43.68","TORONTO INTL A","6158731","2023-04-15 06:00","2023","04","15","06:00","13.9","","5.6","","57","","","","36","","5","","24.1","","98.96","","","","","","NA"
"-79.63","43.68","TORONTO INTL A","6158731","2023-04-15 07:00","2023","04","15","07:00","16.4","","6.6","","52","","","","2","","4","","24.1","","99.00","","","","","","Mainly Clear"
"-79.63","43.68","TORONTO INTL A","6158731","2023-04-15 08:00","2023","04","15","08:00","17.4","","6.4","","48","","","","36","","1","","24.1","","99.05","","","","","","NA"
"-79.63","43.68","TORONTO INTL A","6158731","2023-04-15 09:00","2023","04","15","09:00","19.1","","7.9","","48","","","","5","","3","","24.1","","99.04","","","","","","NA"
"-79.63","43.68","TORONTO INTL A","6158731","2023-04-15 10:00","2023","04","15","10:00","20.5","","7.6","","43","","","","18","","8","","24.1","","99.00","","","","","","Mainly Clear"
"-79.63","43.68","TORONTO INTL A","6158731","2023-04-15 11:00","2023","04","15","11:00","21.2","","7.4","","40","","","","14","","16","","24.1","","99.00","","","","","","NA"
"-79.63","43.68","TORONTO INTL A","6158731","2023-04-15 12:00","2023","04","15","12:00","22.0","","7.6","","39","","","","20","","6","","24.1","","98.95","","","","","","NA"
"-79.63","43.68","TORONTO INTL A","6158731","2023-04-15 13:00","2023","04","15","13:00","22.7","","8.5","","40","","","","16","","12","","24.1","","98.89","","","","","","Mostly Cloudy"
"-79.63","43.68","TORONTO INTL A","6158731","2023-04-15 14:00","2023","04","15","14:00","21.7","","7.2","","39","","","","17","","16","","24.1","","98.89","","","","","","NA"
"-79.63","43.68","TORONTO INTL A","6158731","2023-04-15 15:00","2023","04","15","15:00","21.2","","6.4","","38","","","","15","","11","","24.1","","98.84","","","","","","NA"
"-79.63","43.68","TORONTO INTL A","6158731","2023-04-15 16:00","2023","04","15","16:00","23.1","","6.5","","34","","","","14","","7","","24.1","","98.80","","","","","","Mainly Clear"
"-79.63","43.68","TORONTO INTL A","6158731","2023-04-15 17:00","2023","04","15","17:00","24.1","","4.6","","28","","","","16","","10","","24.1","","98.81","","","","","","NA"
"-79.63","43.68","TORONTO INTL A","6158731","2023-04-15 18:00","2023","04","15","18:00","23.1","","6.4","","33","","","","16","","8","","24.1","","98.83","","","","","","NA"
"-79.63","43.68","TORONTO INTL A","6158731","2023-04-15 19:00","2023","04","15","19:00","21.2","","6.2","","37","","","","14","","4","","24.1","","98.84","","","","","","Mostly Cloudy"
"-79.63","43.68","TORONTO INTL A","6158731","2023-04-15 20:00","2023","04","15","20:00","19.6","","6.2","","41","","","","15","","9","","24.1","","98.85","","","","","","NA"
"-79.63","43.68","TORONTO INTL A","6158731","2023-04-15 21:00","2023","04","15","21:00","18.9","","5.7","","41","","","","12","","4","","24.1","","98.77","","","","","","NA"
"-79.63","43.68","TORONTO INTL A","6158731","2023-04-15 22:00","2023","04","15","22:00","17.9","","5.9","","45","","","","18","","6","","24.1","","98.71","","","","","","Clear"
"-79.63","43.68","TORONTO INTL A","6158731","2023-04-15 23:00","2023","04","15","23:00","15.9","","6.4","","53","","","","24","","9","","24.1","","98.90","","","","","","NA"
"-79.63","43.68","TORONTO INTL A","6158731","2023-04-16 00:00","2023","04","16","00:00","17.6","","5.9","","46","","","","30","","5","","24.1","","98.87","","","","","","NA"
"-79.63","43.68","TORONTO INTL A","6158731","2023-04-16 01:00","2023","04","16","01:00","16.9","","5.8","","48","","","","36","","7","","24.1","","98.80","","","","","","Mainly Clear"
"-79.63","43.68","TORONTO INTL A","6158731","2023-04-16 02:00","2023","04","16","02:00","16.2","","6.1","","51","","","","2","","4","","24.1","","98.73","","","","","","NA"
"-79.63","43.68","TORONTO INTL A","6158731","2023-04-16 03:00","2023","04","16","03:00","12.9","","6.8","","66","","","","24","","3","","24.1","","98.73","","","","","","NA"
"-79.63","43.68","TORONTO INTL A","6158731","2023-04-16 04:00","2023","04","16","04:00","13.0","","5.8","","62","","","","13","","9","","24.1","","98.70","","","","","","Mainly Clear"
"-79.63","43.68","TORONTO INTL A","6158731","2023-04-16 05:00","2023","04","16","05:00","12.3","","6.8","","69","","","","16","","12","","24.1","","98.81","","","","","","NA"
"-79.63","43.68","TORONTO INTL A","6158731","2023-04-16 06:00","2023","04","16","06:00","12.3","","7.1","","71","","","","28","","8","","24.1","","98.77","","","","","","NA"
"-79.63","43.68","TORONTO INTL A","6158731","2023-04-16 07:00","2023","04","16","07:00","14.7","","9.0","","68","","","","4","","10","","24.1","","98.71","","","","","","Clear"
"-79.63","43.68","TORONTO INTL A","6158731","2023-04-16 08:00","2023","04","16","08:00","17.5","","8.4","","55","","","","8","","6","","24.1","","98.67","","","","","","NA"
"-79.63","43.68","TORONTO INTL A","6158731","2023-04-16 09:00","2023","04","16","09:00","14.8","","8.0","","64","","","","14","","10","","24.1","","98.66","","","","","","NA"
"-79.63","43.68","TORONTO INTL A","6158731","2023-04-16 10:00","2023","04","16","10:00","17.9","","9.2","","56","","","","13","","9","","24.1","","98.63","","","","","","Clear"
"-79.63","43.68","TORONTO INTL A","6158731","2023-04-16 11:00","2023","04","16","11:00","20.7","","7.8","","43","","","","17","","14","","24.1","","98.58","","","","","","NA"
"-79.63","43.68","TORONTO INTL A","6158731","2023-04-16 12:00","2023","04","16","12:00","20.8","","9.3","","47","","","","12","","14","","24.1","","98.50","","","","","","NA"
"-79.63","43.68","TORONTO INTL A","6158731","2023-04-16 13:00","2023","04","16","13:00","21.6","","11.0","","50","","","","12","","14","","24.1","","98.42","","","","","","Mainly Clear"
"-79.63","43.68","TORONTO INTL A","6158731","2023-04-16 14:00","2023","04","16","14:00","22.7","","12.9","","54","","","","13","","13","","24.1","","98.36","","25","","","","NA"
"-79.63","43.68","TORONTO INTL A","6158731","2023-04-16 15:00","2023","04","16","15:00","23.3","","11.5","","47","","","","12","","14","","24.1","","98.21","","25","","","","NA"
"-79.63","43.68","TORONTO INTL A","6158731","2023-04-16 16:00","2023","04","16","16:00","23.6","","10.4","","43","","","","10","","18","","24.1","","98.07","","25","","","","Mainly Clear"
"-79.63","43.68","TORONTO INTL A","6158731","2023-04-16 17:00","2023","04","16","17:00","22.0","","9.8","","45","","","","8","","23","","24.1","","97.97","","","","","","NA"
"-79.63","43.68","TORONTO INTL A","6158731","2023-04-16 18:00","2023","04","16","18:00","21.6","","11.7","","53","","","","9","","22","","24.1","","97.85","","","","","","NA"
"-79.63","43.68","TORONTO INTL A","6158731","2023-04-16 19:00","2023","04","16","19:00","19.4","","10.6","","56","","","","14","","15","","24.1","","97.80","","","","","","Mostly Cloudy"
"-79.63","43.68","TORONTO INTL A","6158731","2023-04-16 20:00","2023","04","16","20:00","15.4","","15.4","","100","","","","24","","20","","24.1","","97.95","","","","","","Rain Showers"
"-79.63","43.68","TORONTO INTL A","6158731","2023-04-16 21:00","2023","04","16","21:00","13.6","","13.6","","100","","","","25","","30","","19.3","","98.06","","","","","","Rain Showers"
"-79.63","43.68","TORONTO INTL A","6158731","2023-04-16 22:00","2023","04","16","22:00","13.2","","13.2","","100","","","","22","","27","","19.3","","98.15","","","","","","Rain Showers"
"-79.63","43.68","TORONTO INTL A","6158731","2023-04-16 23:00","2023","04","16","23:00","11.8","","10.3","","90","","","","24","","25","","19.3","","98.18","","","","","","Rain Showers"
"-79.63","43.68","TORONTO INTL A","6158731","2023-04-17 00:00","2023","04","17","00:00","11.1","","9.6","","90","","","","22","","20","","24.1","","98.15","","","","","","Rain Showers"
"-79.63","43.68","TORONTO INTL A","6158731","2023-04-17 01:00","2023","04","17","01:00","9.4","","5.7","","78","","","","24","","34","","24.1","","98.25","","","","","","Cloudy"
"-79.63","43.68","TORONTO INTL A","6158731","2023-04-17 02:00","2023","04","17","02:00","8.7","","3.8","","71","","","","23","","30","","24.1","","98.21","","","","","","NA"
"-79.63","43.68","TORONTO INTL A","6158731","2023-04-17 03:00","2023","04","17","03:00","7.9","","1.5","","64","","","","25","","35","","24.1","","98.18","","","","","","NA"
"-79.63","43.68","TORONTO INTL A","6158731","2023-04-17 04:00","2023","04","17","04:00","6.7","","1.9","","71","","","","24","","17","","24.1","","98.16","","","","","","Mainly Clear"
"-79.63","43.68","TORONTO INTL A","6158731","2023-04-17 05:00","2023","04","17","05:00","6.8","","2.0","","71","","","","24","","14","","24.1","","98.10","","","","","","NA"
"-79.63","43.68","TORONTO INTL A","6158731","2023-04-17 06:00","2023","04","17","06:00","7.1","","2.2","","71","","","","22","","18","","24.1","","98.09","","","","","","NA"
"-79.63","43.68","TORONTO INTL A","6158731","2023-04-17 07:00","2023","04","17","07:00","7.7","","2.0","","67","","","","21","","16","","24.1","","98.09","","","","","","Mostly Cloudy"
"-79.63","43.68","TORONTO INTL A","6158731","2023-04-17 08:00","2023","04","17","08:00","8.1","","1.4","","62","","","","21","","18","","24.1","","98.12","","","","","","NA"
"-79.63","43.68","TORONTO INTL A","6158731","2023-04-17 09:00","2023","04","17","09:00","8.4","","1.4","","61","","","","19","","19","","24.1","","98.08","","","","","","NA"
"-79.63","43.68","TORONTO INTL A","6158731","2023-04-17 10:00","2023","04","17","10:00","8.0","","3.2","","72","","","","17","","19","","24.1","","98.02","","","","","","Cloudy"
"-79.63","43.68","TORONTO INTL A","6158731","2023-04-17 11:00","2023","04","17","11:00","7.9","","3.4","","73","","","","16","","24","","24.1","","97.97","","","","","","NA"
"-79.63","43.68","TORONTO INTL A","6158731","2023-04-17 12:00","2023","04","17","12:00","7.6","","2.9","","72","","","","19","","22","","24.1","","97.95","","","","","","NA"
"-79.63","43.68","TORONTO INTL A","6158731","2023-04-17 13:00","2023","04","17","13:00","6.5","","4.6","","88","","","","21","","26","","24.1","","97.95","","","","","","Cloudy"
"-79.63","43.68","TORONTO INTL A","6158731","2023-04-17 14:00","2023","04","17","14:00","6.7","","0.0","","62","","","","22","","33","","24.1","","97.94","","","","","","NA"
"-79.63","43.68","TORONTO INTL A","6158731","2023-04-17 15:00","2023","04","17","15:00","4.3","","2.9","","91","","","","23","","28","","16.1","","97.97","","","","","","Rain"
"-79.63","43.68","TORONTO INTL A","6158731","2023-04-17 16:00","2023","04","17","16:00","4.5","","3.6","","93","","","","22","","27","","24.1","","97.98","","","","","","Cloudy"
"-79.63","43.68","TORONTO INTL A","6158731","2023-04-17 17:00","2023","04","17","17:00","4.3","","0.7","","78","","","","21","","30","","24.1","","97.96","","","","","","Rain"
"-79.63","43.68","TORONTO INTL A","6158731","2023-04-17 18:00","2023","04","17","18:00","3.2","","3.2","","100","","","","22","","24","","16.1","","98.02","","","","","","Rain"
"-79.63","43.68","TORONTO INTL A","6158731","2023-04-17 19:00","2023","04","17","19:00","3.4","","1.8","","89","","","","22","","25","","24.1","","98.04","","","","","","Mostly Cloudy"
"-79.63","43.68","TORONTO INTL A","6158731","2023-04-17 20:00","2023","04","17","20:00","3.5","","1.6","","87","","","","22","","16","","24.1","","98.08","","","","","","NA"
"-79.63","43.68","TORONTO INTL A","6158731","2023-04-17 21:00","2023","04","17","21:00","3.6","","1.8","","88","","","","26","","23","","24.1","","98.10","","","","","","NA"
"-79.63","43.68","TORONTO INTL A","6158731","2023-04-17 22:00","2023","04","17","22:00","3.2","","0.6","","83","","","","24","","21","","24.1","","98.10","","","","","","Mostly Cloudy"
"-79.63","43.68","TORONTO INTL A","6158731","2023-04-17 23:00","2023","04","17","23:00","3.1","","0.8","","85","","","","22","","16","","24.1","","98.09","","","","","","NA"
"-79.63","43.68","TORONTO INTL A","6158731","2023-04-18 00:00","2023","04","18","00:00","2.6","","-0.8","","79","","","","24","","22","","24.1","","98.07","","","","","","NA"
"-79.63","43.68","TORONTO INTL A","6158731","2023-04-18 01:00","2023","04","18","01:00","2.8","","-1.1","","76","","","","23","","27","","24.1","","98.05","","","","","","Mostly Cloudy"
"-79.63","43.68","TORONTO INTL A","6158731","2023-04-18 02:00","2023","04","18","02:00","2.6","","-0.9","","77","","","","23","","34","","24.1","","97.99","","","","","","NA"
"-79.63","43.68","TORONTO INTL A","6158731","2023-04-18 03:00","2023","04","18","03:00","2.4","","0.1","","85","","","","24","","30","","24.1","","98.02","","","","","","NA"
"-79.63","43.68","TORONTO INTL A","6158731","2023-04-18 04:00","2023","04","18","04:00","2.5","","0.4","","86","","","","25","","25","","24.1","","98.04","","","","","","Mostly Cloudy"
"-79.63","43.68","TORONTO INTL A","6158731","2023-04-18 05:00","2023","04","18","05:00","2.5","","0.2","","85","","","","25","","28","","24.1","","98.06","","","","","","NA"
"-79.63","43.68","TORONTO INTL A","6158731","2023-04-18 06:00","2023","04","18","06:00","2.4","","-1.0","","78","","","","26","","26","","24.1","","98.16","","","","","","NA"
"-79.63","43.68","TORONTO INTL A","6158731","2023-04-18 07:00","2023","04","18","07:00","2.9","","-1.6","","72","","","","27","","20","","24.1","","98.26","","","","","","Mostly Cloudy"
"-79.63","43.68","TORONTO INTL A","6158731","2023-04-18 08:00","2023","04","18","08:00","3.2","","-2.2","","67","","","","27","","35","","24.1","","98.31","","","","","","NA"
"-79.63","43.68","TORONTO INTL A","6158731","2023-04-18 09:00","2023","04","18","09:00","3.2","","-2.2","","68","","","","28","","34","","24.1","","98.32","","","","","","NA"
"-79.63","43.68","TORONTO INTL A","6158731","2023-04-18 10:00","2023","04","18","10:00","3.9","","-2.3","","64","","","","27","","34","","24.1","","98.42","","","","","","Cloudy"
"-79.63","43.68","TORONTO INTL A","6158731","2023-04-18 11:00","2023","04","18","11:00","4.1","","-2.2","","63","","","","28","","32","","24.1","","98.47","","","","","","NA"
"-79.63","43.68","TORONTO INTL A","6158731","2023-04-18 12:00","2023","04","18","12:00","3.7","","-2.8","","63","","","","27","","28","","24.1","","98.54","","","","","","NA"
"-79.63","43.68","TORONTO INTL A","6158731","2023-04-18 13:00","2023","04","18","13:00","2.9","","-1.9","","71","","","","29","","31","","24.1","","98.63","","","","","","Rain Showers"
"-79.63","43.68","TORONTO INTL A","6158731","2023-04-18 14:00","2023","04","18","14:00","4.1","","0.0","","74","","","","25","","37","","24.1","","98.67","","","","","","NA"
"-79.63","43.68","TORONTO INTL A","6158731","2023-04-18 15:00","2023","04","18","15:00","4.4","","-1.0","","68","","","","28","","30","","24.1","","98.73","","","","","","NA"
"-79.63","43.68","TORONTO INTL A","6158731","2023-04-18 16:00","2023","04","18","16:00","3.2","","1.1","","86","","","","27","","23","","19.3","","98.79","","","","","","Mostly Cloudy"
"-79.63","43.68","TORONTO INTL A","6158731","2023-04-18 17:00","2023","04","18","17:00","3.8","","-2.6","","63","","","","28","","32","","24.1","","98.82","","","","","","Snow Showers"
"-79.63","43.68","TORONTO INTL A","6158731","2023-04-18 18:00","2023","04","18","18:00","2.5","","-1.8","","73","","","","26","","35","","24.1","","98.94","","","","","","NA"
"-79.63","43.68","TORONTO INTL A","6158731","2023-04-18 19:00","2023","04","18","19:00","2.4","","-2.9","","68","","","","27","","27","","24.1","","99.01","","","","","","Cloudy"
"-79.63","43.68","TORONTO INTL A","6158731","2023-04-18 20:00","2023","04","18","20:00","2.2","","-1.9","","74","","","","27","","24","","24.1","","99.10","","","","","","Snow Showers"
"-79.63","43.68","TORONTO INTL A","6158731","2023-04-18 21:00","2023","04","18","21:00","2.3","","-2.8","","69","","","","27","","20","","24.1","","99.17","","","","","","NA"
"-79.63","43.68","TORONTO INTL A","6158731","2023-04-18 22:00","2023","04","18","22:00","2.2","","-1.8","","75","","","","28","","16","","24.1","","99.21","","","","","","Cloudy"
"-79.63","43.68","TORONTO INTL A","6158731","2023-04-18 23:00","2023","04","18","23:00","2.1","","-2.8","","70","","","","28","","22","","24.1","","99.22","","","","","","NA"
"-79.63","43.68","TORONTO INTL A","6158731","2023-04-19 00:00","2023","04","19","00:00","2.3","","-2.8","","69","","","","29","","26","","24.1","","99.28","","","","","","NA"
"-79.63","43.68","TORONTO INTL A","6158731","2023-04-19 01:00","2023","04","19","01:00","2.0","","-1.5","","78","","","","31","","23","","24.1","","99.33","","","","","","Cloudy"
"-79.63","43.68","TORONTO INTL A","6158731","2023-04-19 02:00","2023","04","19","02:00","1.6","","-2.1","","76","","","","29","","22","","24.1","","99.36","","","","","","NA"
"-79.63","43.68","TORONTO INTL A","6158731","2023-04-19 03:00","2023","04","19","03:00","1.4","","-1.8","","80","","","","28","","22","","24.1","","99.37","","","","","","NA"
"-79.63","43.68","TORONTO INTL A","6158731","2023-04-19 04:00","2023","04","19","04:00","1.6","","-2.9","","72","","","","29","","28","","24.1","","99.43","","","","","","Cloudy"
"-79.63","43.68","TORONTO INTL A","6158731","2023-04-19 05:00","2023","04","19","05:00","0.9","","-3.7","","71","","","","29","","34","","24.1","","99.51","","","","","","NA"
"-79.63","43.68","TORONTO INTL A","6158731","2023-04-19 06:00","2023","04","19","06:00","1.0","","-4.2","","69","","","","30","","23","","24.1","","99.58","","","","","","NA"
"-79.63","43.68","TORONTO INTL A","6158731","2023-04-19 07:00","2023","04","19","07:00","1.0","","-5.7","","61","","","","31","","32","","24.1","","99.75","","","","","","Cloudy"
"-79.63","43.68","TORONTO INTL A","6158731","2023-04-19 08:00","2023","04","19","08:00","2.0","","-5.6","","57","","","","32","","30","","24.1","","99.83","","","","","","NA"
"-79.63","43.68","TORONTO INTL A","6158731","2023-04-19 09:00","2023","04","19","09:00","1.7","","-6.1","","56","","","","30","","26","","24.1","","99.91","","","","","","NA"
"-79.63","43.68","TORONTO INTL A","6158731","2023-04-19 10:00","2023","04","19","10:00","2.7","","-5.2","","56","","","","29","","21","","24.1","","99.96","","","","","","Mostly Cloudy"
"-79.63","43.68","TORONTO INTL A","6158731","2023-04-19 11:00","2023","04","19","11:00","3.5","","-4.0","","58","","","","28","","25","","24.1","","99.98","","","","","","NA"
"-79.63","43.68","TORONTO INTL A","6158731","2023-04-19 12:00","2023","04","19","12:00","5.0","","-2.2","","60","","","","29","","14","","24.1","","99.98","","","","","","NA"
"-79.63","43.68","TORONTO INTL A","6158731","2023-04-19 13:00","2023","04","19","13:00","5.7","","-2.7","","55","","","","27","","16","","24.1","","99.97","","","","","","Mostly Cloudy"
"-79.63","43.68","TORONTO INTL A","6158731","2023-04-19 14:00","2023","04","19","14:00","7.0","","-1.9","","53","","","","29","","15","","24.1","","99.95","","","","","","NA"
"-79.63","43.68","TORONTO INTL A","6158731","2023-04-19 15:00","2023","04","19","15:00","8.3","","-2.2","","47","","","","30","","21","","24.1","","99.92","","","","","","NA"
"-79.63","43.68","TORONTO INTL A","6158731","2023-04-19 16:00","2023","04","19","16:00","8.7","","-2.0","","47","","","","30","","17","","24.1","","99.88","","","","","","Mostly Cloudy"
"-79.63","43.68","TORONTO INTL A","6158731","2023-04-19 17:00","2023","04","19","17:00","8.8","","-0.9","","51","","","","27","","23","","24.1","","99.93","","","","","","NA"
"-79.63","43.68","TORONTO INTL A","6158731","2023-04-19 18:00","2023","04","19","18:00","8.2","","-0.9","","53","","","","29","","17","","24.1","","99.92","","","","","","NA"
"-79.63","43.68","TORONTO INTL A","6158731","2023-04-19 19:00","2023","04","19","19:00","8.1","","-0.7","","54","","","","29","","12","","24.1","","99.93","","","","","","Mostly Cloudy"
"-79.63","43.68","TORONTO INTL A","6158731","2023-04-19 20:00","2023","04","19","20:00","8.2","","-0.6","","54","","","","28","","6","","24.1","","99.92","","","","","","NA"
"-79.63","43.68","TORONTO INTL A","6158731","2023-04-19 21:00","2023","04","19","21:00","7.5","","-0.3","","58","","","","36","","12","","24.1","","100.04","","","","","","NA"
"-79.63","43.68","TORONTO INTL A","6158731","2023-04-19 22:00","2023","04","19","22:00","6.2","","-0.3","","63","","","","36","","14","","24.1","","100.11","","","","","","Cloudy"
"-79.63","43.68","TORONTO INTL A","6158731","2023-04-19 23:00","2023","04","19","23:00","5.6","","-0.5","","65","","","","36","","18","","24.1","","100.22","","","","","","NA"
"-79.63","43.68","TORONTO INTL A","6158731","2023-04-20 00:00","2023","04","20","00:00","4.7","","-0.8","","67","","","","1","","21","","24.1","","100.23","","","","","","NA"
"-79.63","43.68","TORONTO INTL A","6158731","2023-04-20 01:00","2023","04","20","01:00","4.7","","0.0","","72","","","","4","","18","","24.1","","100.20","","","","","","Rain"
"-79.63","43.68","TORONTO INTL A","6158731","2023-04-20 02:00","2023","04","20","02:00","4.3","","0.8","","78","","","","4","","11","","24.1","","100.21","","","","","","NA"
"-79.63","43.68","TORONTO INTL A","6158731","2023-04-20 03:00","2023","04","20","03:00","3.9","","0.7","","80","","","","5","","12","","24.1","","100.21","","","","","","Rain"
"-79.63","43.68","TORONTO INTL A","6158731","2023-04-20 04:00","2023","04","20","04:00","3.3","","2.7","","96","","","","4","","14","","19.3","","100.28","","","","","","Rain"
"-79.63","43.68","TORONTO INTL A","6158731","2023-04-20 05:00","2023","04","20","05:00","3.5","","2.6","","93","","","","7","","12","","24.1","","100.29","","","","","","NA"
"-79.63","43.68","TORONTO INTL A","6158731","2023-04-20 06:00","2023","04","20","06:00","3.6","","2.2","","91","","","","8","","10","","24.1","","100.35","","","","","","NA"
"-79.63","43.68","TORONTO INTL A","6158731","2023-04-20 07:00","2023","04","20","07:00","3.8","","0.2","","77","","","","8","","18","","24.1","","100.35","","","","","","Cloudy"
"-79.63","43.68","TORONTO INTL A","6158731","2023-04-20 08:00","2023","04","20","08:00","4.4","","0.4","","75","","","","9","","15","","24.1","","100.38","","","","","","NA"
"-79.63","43.68","TORONTO INTL A","6158731","2023-04-20 09:00","2023","04","20","09:00","6.2","","-0.3","","63","","","","11","","21","","24.1","","100.36","","","","","","NA"
"-79.63","43.68","TORONTO INTL A","6158731","2023-04-20 10:00","2023","04","20","10:00","7.3","","-1.8","","52","","","","11","","25","","24.1","","100.28","","","","","","Mainly Clear"
"-79.63","43.68","TORONTO INTL A","6158731","2023-04-20 11:00","2023","04","20","11:00","7.9","","-2.4","","48","","","","8","","24","","24.1","","100.25","","","","","","NA"
"-79.63","43.68","TORONTO INTL A","6158731","2023-04-20 12:00","2023","04","20","12:00","8.6","","-2.0","","47","","","","7","","22","","24.1","","100.16","","","","","","NA"
"-79.63","43.68","TORONTO INTL A","6158731","2023-04-20 13:00","2023","04","20","13:00","9.2","","-2.1","","45","","","","9","","17","","24.1","","100.09","","","","","","Mostly Cloudy"
"-79.63","43.68","TORONTO INTL A","6158731","2023-04-20 14:00","2023","04","20","14:00","9.3","","-2.4","","44","","","","8","","19","","24.1","","100.05","","","","","","NA"
"-79.63","43.68","TORONTO INTL A","6158731","2023-04-20 15:00","2023","04","20","15:00","10.0","","-1.5","","45","","","","10","","17","","24.1","","99.93","","","","","","NA"
"-79.63","43.68","TORONTO INTL A","6158731","2023-04-20 16:00","2023","04","20","16:00","9.7","","-2.5","","42","","","","7","","24","","24.1","","99.87","","","","","","Mainly Clear"
"-79.63","43.68","TORONTO INTL A","6158731","2023-04-20 17:00","2023","04","20","17:00","9.5","","-1.2","","47","","","","10","","23","","24.1","","99.88","","","","","","NA"
"-79.63","43.68","TORONTO INTL A","6158731","2023-04-20 18:00","2023","04","20","18:00","9.0","","-1.1","","49","","","","8","","19","","24.1","","99.82","","","","","","NA"
"-79.63","43.68","TORONTO INTL A","6158731","2023-04-20 19:00","2023","04","20","19:00","7.8","","-3.1","","46","","","","9","","21","","24.1","","99.74","","","","","","Mostly Cloudy"
"-79.63","43.68","TORONTO INTL A","6158731","2023-04-20 20:00","2023","04","20","20:00","8.2","","-1.5","","50","","","","10","","19","","24.1","","99.60","","","","","","NA"
"-79.63","43.68","TORONTO INTL A","6158731","2023-04-20 21:00","2023","04","20","21:00","8.4","","-2.4","","46","","","","9","","13","","24.1","","99.65","","","","","","NA"
"-79.63","43.68","TORONTO INTL A","6158731","2023-04-20 22:00","2023","04","20","22:00","7.6","","-1.3","","53","","","","8","","16","","24.1","","99.64","","","","","","Mostly Cloudy"
"-79.63","43.68","TORONTO INTL A","6158731","2023-04-20 23:00","2023","04","20","23:00","9.0","","-1.9","","46","","","","8","","17","","24.1","","99.61","","","","","","Rain Showers"
"-79.63","43.68","TORONTO INTL A","6158731","2023-04-21 00:00","2023","04","21","00:00","9.6","","-2.2","","44","","","","8","","15","","24.1","","99.67","","","","","","NA"
"-79.63","43.68","TORONTO INTL A","6158731","2023-04-21 01:00","2023","04","21","01:00","9.6","","-1.5","","46","","","","10","","17","","24.1","","99.54","","","","","","Mostly Cloudy"
"-79.63","43.68","TORONTO INTL A","6158731","2023-04-21 02:00","2023","04","21","02:00","9.9","","-1.3","","45","","","","12","","15","","24.1","","99.47","","","","","","NA"
"-79.63","43.68","TORONTO INTL A","6158731","2023-04-21 03:00","2023","04","21","03:00","9.6","","-0.8","","48","","","","11","","18","","24.1","","99.40","","","","","","NA"
"-79.63","43.68","TORONTO INTL A","6158731","2023-04-21 04:00","2023","04","21","04:00","8.5","","-0.2","","54","","","","11","","15","","24.1","","99.38","","","","","","Mostly Cloudy"
"-79.63","43.68","TORONTO INTL A","6158731","2023-04-21 05:00","2023","04","21","05:00","7.8","","-0.1","","57","","","","10","","14","","24.1","","99.31","","","","","","NA"
"-79.63","43.68","TORONTO INTL A","6158731","2023-04-21 06:00","2023","04","21","06:00","7.6","","0.5","","60","","","","9","","11","","24.1","","99.30","","","","","","NA"
"-79.63","43.68","TORONTO INTL A","6158731","2023-04-21 07:00","2023","04","21","07:00","7.8","","1.1","","62","","","","10","","14","","24.1","","99.29","","","","","","Mostly Cloudy"
"-79.63","43.68","TORONTO INTL A","6158731","2023-04-21 08:00","2023","04","21","08:00","9.2","","1.6","","59","","","","7","","10","","24.1","","99.28","","","","","","NA"
"-79.63","43.68","TORONTO INTL A","6158731","2023-04-21 09:00","2023","04","21","09:00","10.2","","2.7","","60","","","","8","","7","","24.1","","99.23","","","","","","NA"
"-79.63","43.68","TORONTO INTL A","6158731","2023-04-21 10:00","2023","04","21","10:00","12.3","","3.4","","54","","","","11","","9","","24.1","","99.16","","","","","","Mostly Cloudy"
"-79.63","43.68","TORONTO INTL A","6158731","2023-04-21 11:00","2023","04","21","11:00","13.1","","3.5","","52","","","","15","","11","","24.1","","99.14","","","","","","NA"
"-79.63","43.68","TORONTO INTL A","6158731","2023-04-21 12:00","2023","04","21","12:00","13.7","","4.4","","53","","","","13","","7","","24.1","","99.09","","","","","","NA"
"-79.63","43.68","TORONTO INTL A","6158731","2023-04-21 13:00","2023","04","21","13:00","16.3","","5.2","","48","","","","14","","12","","24.1","","99.04","","","","","","Mainly Clear"
"-79.63","43.68","TORONTO INTL A","6158731","2023-04-21 14:00","2023","04","21","14:00","18.8","","8.6","","51","","","","16","","10","","24.1","","98.95","","","","","","NA"
"-79.63","43.68","TORONTO INTL A","6158731","2023-04-21 15:00","2023","04","21","15:00","14.6","","5.6","","54","","","","16","","16","","22.5","","98.96","","","","","","NA"
"-79.63","43.68","TORONTO INTL A","6158731","2023-04-21 16:00","2023","04","21","16:00","19.3","","11.9","","62","","","","27","","27","","24.1","","99.01","","","","","","Mostly Cloudy"
"-79.63","43.68","TORONTO INTL A","6158731","2023-04-21 17:00","2023","04","21","17:00","17.2","","11.0","","67","","","","32","","26","","24.1","","99.04","","","","","","NA"
"-79.63","43.68","TORONTO INTL A","6158731","2023-04-21 18:00","2023","04","21","18:00","14.6","","10.3","","75","","","","1","","21","","24.1","","99.11","","","","","","NA"
"-79.63","43.68","TORONTO INTL A","6158731","2023-04-21 19:00","2023","04","21","19:00","12.0","","11.7","","98","","","","35","","25","","24.1","","99.12","","","","","","Cloudy"
"-79.63","43.68","TORONTO INTL A","6158731","2023-04-21 20:00","2023","04","21","20:00","10.8","","9.5","","91","","","","1","","20","","24.1","","99.13","","","","","","Thunderstorms"
"-79.63","43.68","TORONTO INTL A","6158731","2023-04-21 21:00","2023","04","21","21:00","9.6","","9.6","","100","","","","36","","10","","19.3","","99.30","","","","","","Rain"
"-79.63","43.68","TORONTO INTL A","6158731","2023-04-21 22:00","2023","04","21","22:00","9.1","","9.1","","100","","","","35","","14","","24.1","","99.23","","","","","","Rain"
"-79.63","43.68","TORONTO INTL A","6158731","2023-04-21 23:00","2023","04","21","23:00","9.0","","9.0","","100","","","","33","","11","","16.1","","99.23","","","","","","Rain"
"-79.63","43.68","TORONTO INTL A","6158731","2023-04-22 00:00","2023","04","22","00:00","9.0","","9.0","","100","","","","3","","9","","24.1","","99.19","","","","","","NA"
"-79.63","43.68","TORONTO INTL A","6158731","2023-04-22 01:00","2023","04","22","01:00","8.5","","8.5","","100","","","","3","","9","","24.1","","99.01","","","","","","Rain"
"-79.63","43.68","TORONTO INTL A","6158731","2023-04-22 02:00","2023","04","22","02:00","7.9","","7.9","","100","","","","5","","5","","19.3","","98.90","","","","","","Rain"
"-79.63","43.68","TORONTO INTL A","6158731","2023-04-22 03:00","2023","04","22","03:00","8.2","","8.2","","100","","","","8","","7","","9.7","","98.78","","","","","","Rain"
"-79.63","43.68","TORONTO INTL A","6158731","2023-04-22 04:00","2023","04","22","04:00","8.6","","8.6","","100","","","","36","","2","","6.4","","98.80","","","","","","Rain,Fog"
"-79.63","43.68","TORONTO INTL A","6158731","2023-04-22 05:00","2023","04","22","05:00","8.5","","8.5","","100","","","","33","","6","","6.4","","98.75","","","","","","Rain,Fog"
"-79.63","43.68","TORONTO INTL A","6158731","2023-04-22 06:00","2023","04","22","06:00","8.2","","8.2","","100","","","","36","","27","","6.4","","98.50","","","","","","Rain,Fog"
"-79.63","43.68","TORONTO INTL A","6158731","2023-04-22 07:00","2023","04","22","07:00","8.7","","8.7","","100","","","","2","","12","","6.4","","98.53","","","","","","Rain,Fog"
"-79.63","43.68","TORONTO INTL A","6158731","2023-04-22 08:00","2023","04","22","08:00","8.5","","8.5","","100","","","","29","","22","","12.9","","98.56","","","","","","NA"
"-79.63","43.68","TORONTO INTL A","6158731","2023-04-22 09:00","2023","04","22","09:00","8.2","","8.2","","100","","","","34","","17","","16.1","","98.37","","","","","","NA"
"-79.63","43.68","TORONTO INTL A","6158731","2023-04-22 10:00","2023","04","22","10:00","8.8","","8.8","","100","","","","35","","14","","6.4","","98.26","","","","","","Moderate Rain,Fog"
"-79.63","43.68","TORONTO INTL A","6158731","2023-04-22 11:00","2023","04","22","11:00","8.6","","8.6","","100","","","","32","","18","","8.1","","98.21","","","","","","Moderate Rain,Fog"
"-79.63","43.68","TORONTO INTL A","6158731","2023-04-22 12:00","2023","04","22","12:00","9.2","","9.2","","100","","","","36","","18","","16.1","","98.15","","","","","","NA"
"-79.63","43.68","TORONTO INTL A","6158731","2023-04-22 13:00","2023","04","22","13:00","10.1","","10.1","","100","","","","28","","19","","16.1","","98.28","","","","","","Cloudy"
"-79.63","43.68","TORONTO INTL A","6158731","2023-04-22 14:00","2023","04","22","14:00","10.2","","10.2","","100","","","","25","","22","","9.7","","98.40","","","","","","Drizzle"
"-79.63","43.68","TORONTO INTL A","6158731","2023-04-22 15:00","2023","04","22","15:00","10.9","","9.2","","89","","","","26","","22","","24.1","","98.48","","","","","","NA"
"-79.63","43.68","TORONTO INTL A","6158731","2023-04-22 16:00","2023","04","22","16:00","10.5","","7.2","","80","","","","29","","27","","24.1","","98.52","","","","","","Cloudy"
"-79.63","43.68","TORONTO INTL A","6158731","2023-04-22 17:00","2023","04","22","17:00","10.2","","6.8","","79","","","","28","","22","","24.1","","98.61","","","","","","NA"
"-79.63","43.68","TORONTO INTL A","6158731","2023-04-22 18:00","2023","04","22","18:00","10.2","","7.0","","80","","","","25","","11","","24.1","","98.72","","","","","","NA"
"-79.63","43.68","TORONTO INTL A","6158731","2023-04-22 19:00","2023","04","22","19:00","9.0","","6.3","","83","","","","25","","7","","24.1","","98.75","","","","","","Mostly Cloudy"
"-79.63","43.68","TORONTO INTL A","6158731","2023-04-22 20:00","2023","04","22","20:00","10.2","","6.1","","76","","","","22","","15","","24.1","","98.80","","","","","","Rain"
"-79.63","43.68","TORONTO INTL A","6158731","2023-04-22 21:00","2023","04","22","21:00","8.8","","7.1","","89","","","","22","","16","","24.1","","98.86","","","","","","NA"
"-79.63","43.68","TORONTO INTL A","6158731","2023-04-22 22:00","2023","04","22","22:00","8.2","","7.3","","94","","","","21","","18","","24.1","","98.89","","","","","","Mostly Cloudy"
"-79.63","43.68","TORONTO INTL A","6158731","2023-04-22 23:00","2023","04","22","23:00","7.5","","7.5","","100","","","","24","","18","","24.1","","98.91","","","","","","NA"
"-79.63","43.68","TORONTO INTL A","6158731","2023-04-23 00:00","2023","04","23","00:00","7.0","","7.0","","100","","","","22","","15","","24.1","","98.94","","","","","","NA"
"-79.63","43.68","TORONTO INTL A","6158731","2023-04-23 01:00","2023","04","23","01:00","6.5","","6.5","","100","","","","23","","13","","24.1","","98.95","","","","","","Mostly Cloudy"
"-79.63","43.68","TORONTO INTL A","6158731","2023-04-23 02:00","2023","04","23","02:00","5.9","","5.9","","100","","","","25","","11","","24.1","","98.92","","","","","","NA"
"-79.63","43.68","TORONTO INTL A","6158731","2023-04-23 03:00","2023","04","23","03:00","6.0","","5.9","","99","","","","24","","12","","24.1","","98.95","","","","","","NA"
"-79.63","43.68","TORONTO INTL A","6158731","2023-04-23 04:00","2023","04","23","04:00","6.3","","6.3","","100","","","","23","","13","","24.1","","99.00","","","","","","Mostly Cloudy"
"-79.63","43.68","TORONTO INTL A","6158731","2023-04-23 05:00","2023","04","23","05:00","4.2","","3.8","","97","","","","24","","12","","24.1","","99.05","","","","","","NA"
"-79.63","43.68","TORONTO INTL A","6158731","2023-04-23 06:00","2023","04","23","06:00","4.2","","4.0","","99","","","","25","","15","","24.1","","99.13","","","","","","NA"
"-79.63","43.68","TORONTO INTL A","6158731","2023-04-23 07:00","2023","04","23","07:00","5.1","","2.1","","81","","","","24","","14","","24.1","","99.22","","","","","","Mostly Cloudy"
"-79.63","43.68","TORONTO INTL A","6158731","2023-04-23 08:00","2023","04","23","08:00","6.9","","2.4","","73","","","","25","","18","","24.1","","99.24","","","","","","NA"
"-79.63","43.68","TORONTO INTL A","6158731","2023-04-23 09:00","2023","04","23","09:00","8.0","","2.6","","69","","","","24","","16","","24.1","","99.26","","","","","","NA"
"-79.63","43.68","TORONTO INTL A","6158731","2023-04-23 10:00","2023","04","23","10:00","7.1","","-1.7","","54","","","","27","","20","","24.1","","99.30","","","","","","Mostly Cloudy"
"-79.63","43.68","TORONTO INTL A","6158731","2023-04-23 11:00","2023","04","23","11:00","7.7","","-1.6","","52","","","","28","","7","","24.1","","99.30","","","","","","NA"
"-79.63","43.68","TORONTO INTL A","6158731","2023-04-23 12:00","2023","04","23","12:00","7.4","","-1.9","","51","","","","28","","14","","24.1","","99.33","","","","","","NA"
"-79.63","43.68","TORONTO INTL A","6158731","2023-04-23 13:00","2023","04","23","13:00","7.3","","-0.6","","57","","","","27","","20","","24.1","","99.36","","","","","","Cloudy"
"-79.63","43.68","TORONTO INTL A","6158731","2023-04-23 14:00","2023","04","23","14:00","7.3","","0.4","","62","","","","26","","10","","24.1","","99.42","","","","","","NA"
"-79.63","43.68","TORONTO INTL A","6158731","2023-04-23 15:00","2023","04","23","15:00","7.5","","0.1","","60","","","","26","","16","","24.1","","99.44","","","","","","NA"
"-79.63","43.68","TORONTO INTL A","6158731","2023-04-23 16:00","2023","04","23","16:00","7.8","","-0.9","","54","","","","28","","15","","24.1","","99.47","","","","","","Cloudy"
"-79.63","43.68","TORONTO INTL A","6158731","2023-04-23 17:00","2023","04","23","17:00","7.2","","-0.7","","57","","","","25","","18","","24.1","","99.52","","","","","","NA"
"-79.63","43.68","TORONTO INTL A","6158731","2023-04-23 18:00","2023","04","23","18:00","7.1","","-1.0","","57","","","","26","","18","","24.1","","99.55","","","","","","NA"
"-79.63","43.68","TORONTO INTL A","6158731","2023-04-23 19:00","2023","04","23","19:00","6.7","","1.7","","71","","","","26","","14","","24.1","","99.59","","","","","","Cloudy"
"-79.63","43.68","TORONTO INTL A","6158731","2023-04-23 20:00","2023","04","23","20:00","5.6","","1.1","","73","","","","28","","19","","24.1","","99.66","","","","","","NA"
"-79.63","43.68","TORONTO INTL A","6158731","2023-04-23 21:00","2023","04","23","21:00","5.2","","1.7","","78","","","","28","","14","","24.1","","99.68","","","","","","NA"
"-79.63","43.68","TORONTO INTL A","6158731","2023-04-23 22:00","2023","04","23","22:00","4.9","","2.2","","82","","","","29","","11","","24.1","","99.67","","","","","","Cloudy"
"-79.63","43.68","TORONTO INTL A","6158731","2023-04-23 23:00","2023","04","23","23:00","5.0","","2.4","","83","","","","28","","8","","24.1","","99.68","","","","","","NA"
"-79.63","43.68","TORONTO INTL A","6158731","2023-04-24 00:00","2023","04","24","00:00","4.7","","2.5","","85","","","","31","","9","","24.1","","99.68","","","","","","Rain"
"-79.63","43.68","TORONTO INTL A","6158731","2023-04-24 01:00","2023","04","24","01:00","4.6","","2.1","","84","","","","29","","10","","24.1","","99.65","","","","","","Cloudy"
"-79.63","43.68","TORONTO INTL A","6158731","2023-04-24 02:00","2023","04","24","02:00","4.4","","2.7","","88","","","","34","","11","","24.1","","99.63","","","","","","NA"
"-79.63","43.68","TORONTO INTL A","6158731","2023-04-24 03:00","2023","04","24","03:00","4.0","","2.3","","88","","","","1","","13","","24.1","","99.62","","","","","","NA"
"-79.63","43.68","TORONTO INTL A","6158731","2023-04-24 04:00","2023","04","24","04:00","3.8","","2.8","","93","","","","1","","8","","24.1","","99.62","","","","","","Cloudy"
"-79.63","43.68","TORONTO INTL A","6158731","2023-04-24 05:00","2023","04","24","05:00","3.7","","3.7","","100","","","","36","","9","","16.1","","99.65","","","","","","Rain"
"-79.63","43.68","TORONTO INTL A","6158731","2023-04-24 06:00","2023","04","24","06:00","3.7","","3.7","","100","","","","33","","11","","24.1","","99.70","","","","","","NA"
"-79.63","43.68","TORONTO INTL A","6158731","2023-04-24 07:00","2023","04","24","07:00","4.2","","4.2","","100","","","","31","","8","","24.1","","99.73","","","","","","Mostly Cloudy"
"-79.63","43.68","TORONTO INTL A","6158731","2023-04-24 08:00","2023","04","24","08:00","4.7","","2.9","","88","","","","30","","4","","24.1","","99.74","","","","","","NA"
"-79.63","43.68","TORONTO INTL A","6158731","2023-04-24 09:00","2023","04","24","09:00","5.8","","1.6","","75","","","","27","","4","","24.1","","99.73","","","","","","NA"
"-79.63","43.68","TORONTO INTL A","6158731","2023-04-24 10:00","2023","04","24","10:00","5.5","","3.9","","89","","","","32","","10","","24.1","","99.75","","","","","","Mostly Cloudy"
"-79.63","43.68","TORONTO INTL A","6158731","2023-04-24 11:00","2023","04","24","11:00","7.6","","-0.4","","57","","","","30","","19","","24.1","","99.76","","","","","","NA"
"-79.63","43.68","TORONTO INTL A","6158731","2023-04-24 12:00","2023","04","24","12:00","9.1","","-1.1","","49","","","","30","","26","","24.1","","99.74","","","","","","NA"
"-79.63","43.68","TORONTO INTL A","6158731","2023-04-24 13:00","2023","04","24","13:00","8.4","","-2.9","","45","","","","30","","21","","24.1","","99.74","","","","","","Mostly Cloudy"
"-79.63","43.68","TORONTO INTL A","6158731","2023-04-24 14:00","2023","04","24","14:00","8.2","","-3.0","","45","","","","32","","21","","24.1","","99.77","","","","","","NA"
"-79.63","43.68","TORONTO INTL A","6158731","2023-04-24 15:00","2023","04","24","15:00","7.0","","-0.5","","59","","","","32","","10","","24.1","","99.79","","","","","","Rain Showers"
"-79.63","43.68","TORONTO INTL A","6158731","2023-04-24 16:00","2023","04","24","16:00","7.7","","-1.6","","52","","","","29","","26","","24.1","","99.80","","","","","","Mostly Cloudy"
"-79.63","43.68","TORONTO INTL A","6158731","2023-04-24 17:00","2023","04","24","17:00","8.4","","-1.2","","51","","","","29","","21","","24.1","","99.83","","","","","","NA"
"-79.63","43.68","TORONTO INTL A","6158731","2023-04-24 18:00","2023","04","24","18:00","6.5","","-3.3","","49","","","","27","","25","","24.1","","99.87","","","","","","NA"
"-79.63","43.68","TORONTO INTL A","6158731","2023-04-24 19:00","2023","04","24","19:00","5.8","","-3.2","","52","","","","30","","20","","24.1","","99.91","","","","","","Mostly Cloudy"
"-79.63","43.68","TORONTO INTL A","6158731","2023-04-24 20:00","2023","04","24","20:00","4.2","","-3.0","","59","","","","28","","12","","24.1","","99.96","","","","","","NA"
"-79.63","43.68","TORONTO INTL A","6158731","2023-04-24 21:00","2023","04","24","21:00","3.2","","-2.1","","68","","","","28","","12","","24.1","","99.99","","","","","","NA"
"-79.63","43.68","TORONTO INTL A","6158731","2023-04-24 22:00","2023","04","24","22:00","3.2","","-1.5","","71","","","","28","","8","","24.1","","99.99","","","","","","Mostly Cloudy"
"-79.63","43.68","TORONTO INTL A","6158731","2023-04-24 23:00","2023","04","24","23:00","3.8","","-1.0","","71","","","","28","","7","","24.1","","99.98","","","","","","NA"
"-79.63","43.68","TORONTO INTL A","6158731","2023-04-25 00:00","2023","04","25","00:00","3.8","","-0.6","","73","","","","27","","5","","24.1","","99.97","","","","","","NA"
"-79.63","43.68","TORONTO INTL A","6158731","2023-04-25 01:00","2023","04","25","01:00","4.0","","-1.1","","69","","","","25","","12","","24.1","","99.94","","","","","","Cloudy"
"-79.63","43.68","TORONTO INTL A","6158731","2023-04-25 02:00","2023","04","25","02:00","4.0","","-1.2","","69","","","","25","","12","","24.1","","99.91","","","","","","NA"
"-79.63","43.68","TORONTO INTL A","6158731","2023-04-25 03:00","2023","04","25","03:00","3.3","","-1.0","","74","","","","25","","8","","24.1","","99.92","","","","","","NA"
"-79.63","43.68","TORONTO INTL A","6158731","2023-04-25 04:00","2023","04","25","04:00","3.0","","-0.8","","76","","","","24","","9","","24.1","","99.93","","","","","","Mostly Cloudy"
"-79.63","43.68","TORONTO INTL A","6158731","2023-04-25 05:00","2023","04","25","05:00","2.4","","-0.4","","82","","","","24","","12","","24.1","","99.94","","","","","","NA"
"-79.63","43.68","TORONTO INTL A","6158731","2023-04-25 06:00","2023","04","25","06:00","1.7","","0.1","","89","","","","26","","8","","24.1","","99.96","","","","","","NA"
"-79.63","43.68","TORONTO INTL A","6158731","2023-04-25 07:00","2023","04","25","07:00","4.2","","-0.4","","72","","","","28","","18","","24.1","","99.98","","","","","","Mainly Clear"
"-79.63","43.68","TORONTO INTL A","6158731","2023-04-25 08:00","2023","04","25","08:00","7.0","","0.1","","61","","","","24","","11","","24.1","","99.98","","","","","","NA"
"-79.63","43.68","TORONTO INTL A","6158731","2023-04-25 09:00","2023","04","25","09:00","8.9","","-2.5","","45","","","","25","","22","","24.1","","99.97","","","","","","NA"
"-79.63","43.68","TORONTO INTL A","6158731","2023-04-25 10:00","2023","04","25","10:00","10.0","","-3.4","","39","","","","25","","25","","24.1","","99.96","","","","","","Mostly Cloudy"
"-79.63","43.68","TORONTO INTL A","6158731","2023-04-25 11:00","2023","04","25","11:00","9.1","","-4.7","","37","","","","27","","34","","24.1","","99.96","","","","","","NA"
"-79.63","43.68","TORONTO INTL A","6158731","2023-04-25 12:00","2023","04","25","12:00","9.5","","-4.1","","38","","","","27","","33","","24.1","","99.95","","","","","","NA"
"-79.63","43.68","TORONTO INTL A","6158731","2023-04-25 13:00","2023","04","25","13:00","9.0","","-4.5","","38","","","","28","","32","","24.1","","99.95","","","","","","Mostly Cloudy"
"-79.63","43.68","TORONTO INTL A","6158731","2023-04-25 14:00","2023","04","25","14:00","9.4","","-3.1","","41","","","","26","","20","","24.1","","99.95","","","","","","NA"
"-79.63","43.68","TORONTO INTL A","6158731","2023-04-25 15:00","2023","04","25","15:00","10.1","","-2.3","","42","","","","26","","18","","24.1","","99.96","","","","","","NA"
"-79.63","43.68","TORONTO INTL A","6158731","2023-04-25 16:00","2023","04","25","16:00","10.3","","-0.6","","46","","","","24","","25","","24.1","","99.96","","","","","","Mostly Cloudy"
"-79.63","43.68","TORONTO INTL A","6158731","2023-04-25 17:00","2023","04","25","17:00","9.0","","0.8","","56","","","","20","","23","","24.1","","99.97","","","","","","NA"
"-79.63","43.68","TORONTO INTL A","6158731","2023-04-25 18:00","2023","04","25","18:00","7.6","","-0.4","","57","","","","22","","17","","24.1","","99.99","","","","","","NA"
"-79.63","43.68","TORONTO INTL A","6158731","2023-04-25 19:00","2023","04","25","19:00","7.0","","1.4","","67","","","","21","","12","","24.1","","99.99","","","","","","Mostly Cloudy"
"-79.63","43.68","TORONTO INTL A","6158731","2023-04-25 20:00","2023","04","25","20:00","5.9","","2.3","","77","","","","21","","15","","24.1","","100.04","","","","","","NA"
"-79.63","43.68","TORONTO INTL A","6158731","2023-04-25 21:00","2023","04","25","21:00","5.2","","3.5","","89","","","","21","","11","","24.1","","100.07","","","","","","NA"
"-79.63","43.68","TORONTO INTL A","6158731","2023-04-25 22:00","2023","04","25","22:00","4.6","","3.6","","93","","","","29","","11","","24.1","","100.09","","","","","","Mostly Cloudy"
"-79.63","43.68","TORONTO INTL A","6158731","2023-04-25 23:00","2023","04","25","23:00","3.8","","3.6","","99","","","","25","","10","","24.1","","100.07","","","","","","NA"
"-79.63","43.68","TORONTO INTL A","6158731","2023-04-26 00:00","2023","04","26","00:00","3.6","","1.5","","86","","","","32","","11","","24.1","","100.09","","","","","","NA"
"-79.63","43.68","TORONTO INTL A","6158731","2023-04-26 01:00","2023","04","26","01:00","2.8","","1.9","","93","","","","32","","17","","24.1","","100.07","","","","","","Mainly Clear"
"-79.63","43.68","TORONTO INTL A","6158731","2023-04-26 02:00","2023","04","26","02:00","2.4","","1.8","","96","","","","33","","13","","24.1","","100.06","","","","","","NA"
"-79.63","43.68","TORONTO INTL A","6158731","2023-04-26 03:00","2023","04","26","03:00","1.8","","1.8","","100","","","","33","","16","","24.1","","100.08","","","","","","NA"
"-79.63","43.68","TORONTO INTL A","6158731","2023-04-26 04:00","2023","04","26","04:00","1.4","","1.4","","100","","","","34","","12","","24.1","","100.10","","","","","","Mostly Cloudy"
"-79.63","43.68","TORONTO INTL A","6158731","2023-04-26 05:00","2023","04","26","05:00","0.7","","0.7","","100","","","","35","","8","","24.1","","100.13","","","","","","NA"
"-79.63","43.68","TORONTO INTL A","6158731","2023-04-26 06:00","2023","04","26","06:00","1.0","","1.0","","100","","","","1","","10","","24.1","","100.19","","","","","","NA"
"-79.63","43.68","TORONTO INTL A","6158731","2023-04-26 07:00","2023","04","26","07:00","2.9","","1.5","","90","","","","35","","11","","24.1","","100.21","","","","","","Clear"
"-79.63","43.68","TORONTO INTL A","6158731","2023-04-26 08:00","2023","04","26","08:00","4.3","","1.5","","81","","","","4","","10","","24.1","","100.20","","","","","","NA"
"-79.63","43.68","TORONTO INTL A","6158731","2023-04-26 09:00","2023","04","26","09:00","5.8","","0.6","","69","","","","31","","11","","24.1","","100.19","","","","","","NA"
"-79.63","43.68","TORONTO INTL A","6158731","2023-04-26 10:00","2023","04","26","10:00","7.6","","0.1","","59","","","","32","","7","","24.1","","100.17","","","","","","Mainly Clear"
"-79.63","43.68","TORONTO INTL A","6158731","2023-04-26 11:00","2023","04","26","11:00","8.0","","-1.4","","51","","","","2","","3","","24.1","","100.14","","","","","","NA"
"-79.63","43.68","TORONTO INTL A","6158731","2023-04-26 12:00","2023","04","26","12:00","7.0","","0.7","","64","","","","18","","13","","24.1","","100.14","","","","","","Rain"
"-79.63","43.68","TORONTO INTL A","6158731","2023-04-26 13:00","2023","04","26","13:00","7.6","","1.1","","63","","","","14","","14","","24.1","","100.14","","","","","","Cloudy"
"-79.63","43.68","TORONTO INTL A","6158731","2023-04-26 14:00","2023","04","26","14:00","7.7","","0.1","","58","","","","15","","11","","24.1","","100.13","","","","","","NA"
"-79.63","43.68","TORONTO INTL A","6158731","2023-04-26 15:00","2023","04","26","15:00","7.6","","0.1","","59","","","","13","","10","","24.1","","100.11","","","","","","NA"
"-79.63","43.68","TORONTO INTL A","6158731","2023-04-26 16:00","2023","04","26","16:00","7.7","","0.7","","61","","","","15","","10","","24.1","","100.10","","","","","","Mostly Cloudy"
"-79.63","43.68","TORONTO INTL A","6158731","2023-04-26 17:00","2023","04","26","17:00","8.1","","0.0","","57","","","","13","","9","","24.1","","100.12","","","","","","NA"
"-79.63","43.68","TORONTO INTL A","6158731","2023-04-26 18:00","2023","04","26","18:00","7.5","","-1.2","","54","","","","11","","4","","24.1","","100.13","","","","","","NA"
"-79.63","43.68","TORONTO INTL A","6158731","2023-04-26 19:00","2023","04","26","19:00","7.6","","-1.3","","53","","","","36","","2","","24.1","","100.12","","","","","","Mostly Cloudy"
"-79.63","43.68","TORONTO INTL A","6158731","2023-04-26 20:00","2023","04","26","20:00","7.4","","-1.2","","54","","","","1","","4","","24.1","","100.18","","","","","","NA"
"-79.63","43.68","TORONTO INTL A","6158731","2023-04-26 21:00","2023","04","26","21:00","6.0","","0.3","","67","","","","36","","14","","24.1","","100.20","","","","","","NA"
"-79.63","43.68","TORONTO INTL A","6158731","2023-04-26 22:00","2023","04","26","22:00","4.4","","-0.1","","73","","","","35","","14","","24.1","","100.22","","","","","","Mainly Clear"
"-79.63","43.68","TORONTO INTL A","6158731","2023-04-26 23:00","2023","04","26","23:00","3.1","","0.6","","84","","","","1","","12","","24.1","","100.22","","","","","","NA"
"-79.63","43.68","TORONTO INTL A","6158731","2023-04-27 00:00","2023","04","27","00:00","2.5","","0.8","","89","","","","36","","11","","24.1","","100.20","","","","","","NA"
"-79.63","43.68","TORONTO INTL A","6158731","2023-04-27 01:00","2023","04","27","01:00","2.3","","0.7","","89","","","","33","","4","","24.1","","100.17","","","","","","Clear"
"-79.63","43.68","TORONTO INTL A","6158731","2023-04-27 02:00","2023","04","27","02:00","1.3","","1.3","","100","","","","34","","10","","24.1","","100.17","","","","","","NA"
"-79.63","43.68","TORONTO INTL A","6158731","2023-04-27 03:00","2023","04","27","03:00","0.9","","0.6","","98","","","","31","","9","","24.1","","100.19","","","","","","NA"
"-79.63","43.68","TORONTO INTL A","6158731","2023-04-27 04:00","2023","04","27","04:00","1.0","","0.2","","94","","","","33","","12","","24.1","","100.24","","","","","","Mainly Clear"
"-79.63","43.68","TORONTO INTL A","6158731","2023-04-27 05:00","2023","04","27","05:00","0.9","","-0.3","","92","","","","35","","5","","24.1","","100.23","","","","","","NA"
"-79.63","43.68","TORONTO INTL A","6158731","2023-04-27 06:00","2023","04","27","06:00","1.3","","0.0","","91","","","","33","","7","","24.1","","100.26","","","","","","NA"
"-79.63","43.68","TORONTO INTL A","6158731","2023-04-27 07:00","2023","04","27","07:00","4.1","","0.4","","77","","","","3","","5","","24.1","","100.30","","","","","","Mainly Clear"
"-79.63","43.68","TORONTO INTL A","6158731","2023-04-27 08:00","2023","04","27","08:00","6.0","","-0.7","","62","","","","35","","4","","24.1","","100.28","","","","","","NA"
"-79.63","43.68","TORONTO INTL A","6158731","2023-04-27 09:00","2023","04","27","09:00","7.9","","-0.4","","56","","","","10","","7","","24.1","","100.25","","","","","","NA"
"-79.63","43.68","TORONTO INTL A","6158731","2023-04-27 10:00","2023","04","27","10:00","9.0","","1.0","","57","","","","13","","13","","24.1","","100.23","","","","","","Mainly Clear"
"-79.63","43.68","TORONTO INTL A","6158731","2023-04-27 11:00","2023","04","27","11:00","9.5","","1.0","","55","","","","11","","13","","24.1","","100.19","","","","","","NA"
"-79.63","43.68","TORONTO INTL A","6158731","2023-04-27 12:00","2023","04","27","12:00","10.1","","0.4","","51","","","","16","","15","","24.1","","100.13","","","","","","NA"
"-79.63","43.68","TORONTO INTL A","6158731","2023-04-27 13:00","2023","04","27","13:00","10.6","","-0.1","","47","","","","15","","14","","24.1","","100.11","","","","","","Clear"
"-79.63","43.68","TORONTO INTL A","6158731","2023-04-27 14:00","2023","04","27","14:00","10.9","","-1.7","","41","","","","15","","17","","24.1","","100.05","","","","","","NA"
"-79.63","43.68","TORONTO INTL A","6158731","2023-04-27 15:00","2023","04","27","15:00","11.6","","-2.2","","38","","","","14","","14","","24.1","","100.01","","","","","","NA"
"-79.63","43.68","TORONTO INTL A","6158731","2023-04-27 16:00","2023","04","27","16:00","11.4","","-1.2","","41","","","","14","","14","","24.1","","99.95","","","","","","Mainly Clear"
"-79.63","43.68","TORONTO INTL A","6158731","2023-04-27 17:00","2023","04","27","17:00","11.2","","-1.2","","42","","","","14","","16","","24.1","","99.90","","","","","","NA"
"-79.63","43.68","TORONTO INTL A","6158731","2023-04-27 18:00","2023","04","27","18:00","10.4","","-0.8","","46","","","","11","","14","","24.1","","99.87","","","","","","NA"
"-79.63","43.68","TORONTO INTL A","6158731","2023-04-27 19:00","2023","04","27","19:00","8.9","","-2.1","","46","","","","9","","14","","24.1","","99.82","","","","","","Clear"
"-79.63","43.68","TORONTO INTL A","6158731","2023-04-27 20:00","2023","04","27","20:00","7.6","","-3.1","","46","","","","11","","12","","24.1","","99.82","","","","","","NA"
"-79.63","43.68","TORONTO INTL A","6158731","2023-04-27 21:00","2023","04","27","21:00","7.5","","-2.0","","51","","","","8","","9","","24.1","","99.84","","","","","","NA"
"-79.63","43.68","TORONTO INTL A","6158731","2023-04-27 22:00","2023","04","27","22:00","6.9","","-1.7","","54","","","","7","","9","","24.1","","99.82","","","","","","Mainly Clear"
"-79.63","43.68","TORONTO INTL A","6158731","2023-04-27 23:00","2023","04","27","23:00","7.3","","-1.8","","53","","","","8","","9","","24.1","","99.78","","","","","","NA"
"-79.63","43.68","TORONTO INTL A","6158731","2023-04-28 00:00","2023","04","28","00:00","7.0","","-2.1","","52","","","","7","","10","","24.1","","99.75","","","","","","NA"
"-79.63","43.68","TORONTO INTL A","6158731","2023-04-28 01:00","2023","04","28","01:00","7.3","","-3.2","","47","","","","8","","13","","24.1","","99.71","","","","","","Clear"
"-79.63","43.68","TORONTO INTL A","6158731","2023-04-28 02:00","2023","04","28","02:00","7.9","","-2.4","","48","","","","8","","18","","24.1","","99.63","","","","","","NA"
"-79.63","43.68","TORONTO INTL A","6158731","2023-04-28 03:00","2023","04","28","03:00","7.8","","-0.8","","54","","","","8","","14","","24.1","","99.58","","","","","","NA"
"-79.63","43.68","TORONTO INTL A","6158731","2023-04-28 04:00","2023","04","28","04:00","6.9","","-0.4","","59","","","","6","","7","","24.1","","99.55","","","","","","Mainly Clear"
"-79.63","43.68","TORONTO INTL A","6158731","2023-04-28 05:00","2023","04","28","05:00","7.0","","1.0","","66","","","","8","","11","","24.1","","99.55","","","","","","NA"
"-79.63","43.68","TORONTO INTL A","6158731","2023-04-28 06:00","2023","04","28","06:00","7.4","","2.0","","69","","","","9","","9","","24.1","","99.53","","","","","","NA"
"-79.63","43.68","TORONTO INTL A","6158731","2023-04-28 07:00","2023","04","28","07:00","8.8","","3.0","","67","","","","6","","9","","24.1","","99.53","","","","","","Mostly Cloudy"
"-79.63","43.68","TORONTO INTL A","6158731","2023-04-28 08:00","2023","04","28","08:00","10.3","","4.0","","65","","","","7","","21","","24.1","","99.52","","","","","","NA"
"-79.63","43.68","TORONTO INTL A","6158731","2023-04-28 09:00","2023","04","28","09:00","10.7","","5.2","","69","","","","8","","21","","24.1","","99.48","","","","","","NA"
"-79.63","43.68","TORONTO INTL A","6158731","2023-04-28 10:00","2023","04","28","10:00","12.0","","6.5","","69","","","","7","","20","","19.3","","99.46","","","","","","Cloudy"
"-79.63","43.68","TORONTO INTL A","6158731","2023-04-28 11:00","2023","04","28","11:00","11.5","","6.6","","71","","","","10","","22","","19.3","","99.52","","","","","","NA"
"-79.63","43.68","TORONTO INTL A","6158731","2023-04-28 12:00","2023","04","28","12:00","11.5","","7.0","","74","","","","8","","19","","24.1","","99.50","","","","","","NA"
"-79.63","43.68","TORONTO INTL A","6158731","2023-04-28 13:00","2023","04","28","13:00","12.0","","7.4","","73","","","","8","","18","","19.3","","99.47","","","","","","Cloudy"
"-79.63","43.68","TORONTO INTL A","6158731","2023-04-28 14:00","2023","04","28","14:00","12.4","","7.3","","71","","","","8","","17","","19.3","","99.43","","","","","","NA"
"-79.63","43.68","TORONTO INTL A","6158731","2023-04-28 15:00","2023","04","28","15:00","10.8","","10.8","","100","","","","9","","13","","9.7","","99.39","","","","","","Rain,Fog"
"-79.63","43.68","TORONTO INTL A","6158731","2023-04-28 16:00","2023","04","28","16:00","10.4","","10.4","","100","","","","8","","16","","19.3","","99.35","","","","","","Rain"
"-79.63","43.68","TORONTO INTL A","6158731","2023-04-28 17:00","2023","04","28","17:00","11.2","","11.2","","100","","","","7","","9","","19.3","","99.31","","","","","","Rain"
"-79.63","43.68","TORONTO INTL A","6158731","2023-04-28 18:00","2023","04","28","18:00","10.4","","10.4","","100","","","","9","","9","","12.9","","99.33","","","","","","Rain"
"-79.63","43.68","TORONTO INTL A","6158731","2023-04-28 19:00","2023","04","28","19:00","10.1","","10.1","","100","","","","9","","9","","6.4","","99.32","","","","","","Rain,Fog"
"-79.63","43.68","TORONTO INTL A","6158731","2023-04-28 20:00","2023","04","28","20:00","10.0","","10.0","","100","","","","11","","23","","9.7","","99.33","","","","","","Rain,Fog"
"-79.63","43.68","TORONTO INTL A","6158731","2023-04-28 21:00","2023","04","28","21:00","9.3","","9.3","","100","","","","11","","22","","9.7","","99.32","","","","","","Rain,Fog"
"-79.63","43.68","TORONTO INTL A","6158731","2023-04-28 22:00","2023","04","28","22:00","8.9","","8.9","","100","","","","11","","39","","6.4","","99.24","","","","","","Rain,Fog"
"-79.63","43.68","TORONTO INTL A","6158731","2023-04-28 23:00","2023","04","28","23:00","8.3","","8.3","","100","","","","9","","21","","9.7","","99.16","","","","","","Rain,Fog"
"-79.63","43.68","TORONTO INTL A","6158731","2023-04-29 00:00","2023","04","29","00:00","8.0","","8.0","","100","","","","9","","23","","24.1","","99.08","","","","","","NA"
"-79.63","43.68","TORONTO INTL A","6158731","2023-04-29 01:00","2023","04","29","01:00","7.7","","7.7","","100","","","","9","","21","","24.1","","98.98","","","","","","Cloudy"
"-79.63","43.68","TORONTO INTL A","6158731","2023-04-29 02:00","2023","04","29","02:00","7.3","","7.3","","100","","","","8","","24","","24.1","","98.89","","","","","","NA"
"-79.63","43.68","TORONTO INTL A","6158731","2023-04-29 03:00","2023","04","29","03:00","6.9","","6.9","","100","","","","8","","22","","24.1","","98.86","","","","","","NA"
"-79.63","43.68","TORONTO INTL A","6158731","2023-04-29 04:00","2023","04","29","04:00","6.7","","6.7","","100","","","","9","","22","","24.1","","98.81","","","","","","Cloudy"
"-79.63","43.68","TORONTO INTL A","6158731","2023-04-29 05:00","2023","04","29","05:00","6.5","","6.5","","100","","","","8","","23","","24.1","","98.77","","","","","","NA"
"-79.63","43.68","TORONTO INTL A","6158731","2023-04-29 06:00","2023","04","29","06:00","6.5","","6.5","","100","","","","9","","19","","6.4","","98.76","","","","","","Drizzle,Fog"
"-79.63","43.68","TORONTO INTL A","6158731","2023-04-29 07:00","2023","04","29","07:00","6.4","","6.4","","100","","","","9","","22","","4.8","","98.73","","","","","","Rain,Fog"
"-79.63","43.68","TORONTO INTL A","6158731","2023-04-29 08:00","2023","04","29","08:00","6.5","","6.5","","100","","","","9","","19","","4.8","","98.68","","","","","","Rain,Fog"
"-79.63","43.68","TORONTO INTL A","6158731","2023-04-29 09:00","2023","04","29","09:00","7.0","","7.0","","100","","","","9","","21","","2.8","","98.60","","","","","","Drizzle,Fog"
"-79.63","43.68","TORONTO INTL A","6158731","2023-04-29 10:00","2023","04","29","10:00","7.2","","7.2","","100","","","","10","","21","","2.8","","98.58","","","","","","Drizzle,Fog"
"-79.63","43.68","TORONTO INTL A","6158731","2023-04-29 11:00","2023","04","29","11:00","8.1","","8.1","","100","","","","11","","18","","4.8","","98.54","","","","","","Drizzle,Fog"
"-79.63","43.68","TORONTO INTL A","6158731","2023-04-29 12:00","2023","04","29","12:00","8.1","","8.1","","100","","","","10","","12","","4.0","","98.48","","","","","","Drizzle,Fog"
"-79.63","43.68","TORONTO INTL A","6158731","2023-04-29 13:00","2023","04","29","13:00","7.7","","7.7","","100","","","","9","","14","","2.4","","98.42","","","","","","Drizzle,Fog"
"-79.63","43.68","TORONTO INTL A","6158731","2023-04-29 14:00","2023","04","29","14:00","8.7","","8.7","","100","","","","10","","18","","3.2","","98.34","","","","","","Drizzle"
"-79.63","43.68","TORONTO INTL A","6158731","2023-04-29 15:00","2023","04","29","15:00","9.6","","9.6","","100","","","","12","","10","","2.4","","98.30","","","","","","Drizzle,Fog"
"-79.63","43.68","TORONTO INTL A","6158731","2023-04-29 16:00","2023","04","29","16:00","10.0","","10.0","","100","","","","12","","14","","4.8","","98.27","","","","","","Fog"
"-79.63","43.68","TORONTO INTL A","6158731","2023-04-29 17:00","2023","04","29","17:00","10.2","","10.2","","100","","","","14","","12","","4.8","","98.28","","","","","","Fog"
"-79.63","43.68","TORONTO INTL A","6158731","2023-04-29 18:00","2023","04","29","18:00","9.5","","9.5","","100","","","","13","","11","","6.4","","98.27","","","","","","Fog"
"-79.63","43.68","TORONTO INTL A","6158731","2023-04-29 19:00","2023","04","29","19:00","9.0","","9.0","","100","","","","11","","13","","16.1","","98.27","","","","","","Cloudy"
"-79.63","43.68","TORONTO INTL A","6158731","2023-04-29 20:00","2023","04","29","20:00","8.9","","8.9","","100","","","","14","","9","","24.1","","98.26","","","","","","NA"
"-79.63","43.68","TORONTO INTL A","6158731","2023-04-29 21:00","2023","04","29","21:00","8.7","","8.7","","100","","","","15","","8","","24.1","","98.27","","","","","","NA"
"-79.63","43.68","TORONTO INTL A","6158731","2023-04-29 22:00","2023","04","29","22:00","8.6","","8.6","","100","","","","14","","12","","24.1","","98.24","","","","","","Cloudy"
"-79.63","43.68","TORONTO INTL A","6158731","2023-04-29 23:00","2023","04","29","23:00","8.3","","8.3","","100","","","","14","","11","","24.1","","98.19","","","","","","NA"
"-79.63","43.68","TORONTO INTL A","6158731","2023-04-30 00:00","2023","04","30","00:00","7.9","","7.9","","100","","","","14","","13","","24.1","","98.16","","","","","","NA"
"-79.63","43.68","TORONTO INTL A","6158731","2023-04-30 01:00","2023","04","30","01:00","8.7","","8.7","","100","","","","12","","15","","9.7","","98.05","","","","","","Fog"
"-79.63","43.68","TORONTO INTL A","6158731","2023-04-30 02:00","2023","04","30","02:00","8.9","","8.9","","100","","","","14","","15","","9.7","","97.99","","","","","","Fog"
"-79.63","43.68","TORONTO INTL A","6158731","2023-04-30 03:00","2023","04","30","03:00","8.5","","8.5","","100","","","","12","","12","","12.9","","97.93","","","","","","NA"
"-79.63","43.68","TORONTO INTL A","6158731","2023-04-30 04:00","2023","04","30","04:00","8.5","","8.5","","100","","","","10","","13","","19.3","","97.82","","","","","","Mostly Cloudy"
"-79.63","43.68","TORONTO INTL A","6158731","2023-04-30 05:00","2023","04","30","05:00","8.2","","8.2","","100","","","","12","","9","","19.3","","97.83","","","","","","NA"
"-79.63","43.68","TORONTO INTL A","6158731","2023-04-30 06:00","2023","04","30","06:00","8.5","","8.5","","100","","","","8","","10","","16.1","","97.74","","","","","","NA"
"-79.63","43.68","TORONTO INTL A","6158731","2023-04-30 07:00","2023","04","30","07:00","9.5","","9.5","","100","","","","11","","9","","16.1","","97.74","","","","","","Mostly Cloudy"
"-79.63","43.68","TORONTO INTL A","6158731","2023-04-30 08:00","2023","04","30","08:00","10.0","","10.0","","100","","","","11","","10","","19.3","","97.65","","","","","","NA"
"-79.63","43.68","TORONTO INTL A","6158731","2023-04-30 09:00","2023","04","30","09:00","10.5","","10.5","","100","","","","9","","9","","19.3","","97.55","","","","","","Rain"
"-79.63","43.68","TORONTO INTL A","6158731","2023-04-30 10:00","2023","04","30","10:00","10.1","","10.1","","100","","","","8","","11","","16.1","","97.48","","","","","","Rain"
"-79.63","43.68","TORONTO INTL A","6158731","2023-04-30 11:00","2023","04","30","11:00","9.9","","9.9","","100","","","","9","","15","","16.1","","97.43","","","","","","Rain"
"-79.63","43.68","TORONTO INTL A","6158731","2023-04-30 12:00","2023","04","30","12:00","10.1","","10.1","","100","","","","9","","13","","9.7","","97.33","","","","","","Rain,Fog"
"-79.63","43.68","TORONTO INTL A","6158731","2023-04-30 13:00","2023","04","30","13:00","10.2","","10.2","","100","","","","8","","17","","6.4","","97.23","","","","","","Rain,Fog"
"-79.63","43.68","TORONTO INTL A","6158731","2023-04-30 14:00","2023","04","30","14:00","10.5","","10.5","","100","","","","36","","2","","4.8","","97.24","","","","","","Rain,Fog"
"-79.63","43.68","TORONTO INTL A","6158731","2023-04-30 15:00","2023","04","30","15:00","10.9","","10.9","","100","","","","1","","3","","9.7","","97.20","","","","","","Rain,Fog"
"-79.63","43.68","TORONTO INTL A","6158731","2023-04-30 16:00","2023","04","30","16:00","9.2","","9.2","","100","","","","29","","21","","24.1","","97.20","","","","","","Rain"
"-79.63","43.68","TORONTO INTL A","6158731","2023-04-30 17:00","2023","04","30","17:00","9.3","","7.8","","90","","","","30","","18","","24.1","","97.25","","","","","","Rain"
"-79.63","43.68","TORONTO INTL A","6158731","2023-04-30 18:00","2023","04","30","18:00","9.5","","8.2","","92","","","","28","","16","","24.1","","97.30","","","","","","NA"
"-79.63","43.68","TORONTO INTL A","6158731","2023-04-30 19:00","2023","04","30","19:00","9.1","","7.0","","87","","","","29","","23","","24.1","","97.32","","","","","","Cloudy"
"-79.63","43.68","TORONTO INTL A","6158731","2023-04-30 20:00","2023","04","30","20:00","8.6","","6.3","","85","","","","30","","19","","24.1","","97.29","","","","","","NA"
"-79.63","43.68","TORONTO INTL A","6158731","2023-04-30 21:00","2023","04","30","21:00","8.1","","6.5","","89","","","","28","","15","","24.1","","97.26","","","","","","NA"
"-79.63","43.68","TORONTO INTL A","6158731","2023-04-30 22:00","2023","04","30","22:00","7.6","","6.6","","93","","","","29","","14","","24.1","","97.18","","","","","","Mostly Cloudy"
"-79.63","43.68","TORONTO INTL A","6158731","2023-04-30 23:00","2023","04","30","23:00","7.2","","6.0","","92","","","","26","","16","","24.1","","97.14","","","","","","NA"
