"Longitude (x)","Latitude (y)","Station Name","Climate ID","Date/Time (LST)","Year","Month","Day","Time (LST)","Temp (°C)","Temp Flag","Dew Point Temp (°C)","Dew Point Temp Flag","Rel Hum (%)","Rel Hum Flag","Precip. Amount (mm)","Precip. Amount Flag","Wind Dir (10s deg)","Wind Dir Flag","Wind Spd (km/h)","Wind Spd Flag","Visibility (km)","Visibility Flag","Stn Press (kPa)","Stn Press Flag","Hmdx","Hmdx Flag","Wind Chill","Wind Chill Flag","Weather"
"-111.10","52.83","WAINWRIGHT CFB AIRFIELD 21","301S001","2018-03-01 00:00","2018","03","01","00:00","-10.6","","-13.0","","82","","0.0","","11","","2","","","","93.27","","","","-12","","NA"
"-111.10","52.83","WAINWRIGHT CFB AIRFIELD 21","301S001","2018-03-01 01:00","2018","03","01","01:00","-9.7","","-12.8","","78","","0.0","","11","","7","","","","93.28","","","","-14","","NA"
"-111.10","52.83","WAINWRIGHT CFB AIRFIELD 21","301S001","2018-03-01 02:00","2018","03","01","02:00","-10.7","","-13.1","","83","","0.0","","9","","7","","","","93.32","","","","-15","","NA"
"-111.10","52.83","WAINWRIGHT CFB AIRFIELD 21","301S001","2018-03-01 03:00","2018","03","01","03:00","-12.9","","-15.0","","84","","0.0","","9","","3","","","","93.35","","","","-15","","NA"
"-111.10","52.83","WAINWRIGHT CFB AIRFIELD 21","301S001","2018-03-01 04:00","2018","03","01","04:00","-12.6","","-14.8","","84","","0.0","","7","","6","","","","93.41","","","","-17","","NA"
"-111.10","52.83","WAINWRIGHT CFB AIRFIELD 21","301S001","2018-03-01 05:00","2018","03","01","05:00","-14.6","","-16.6","","85","","0.0","","6","","6","","","","93.45","","","","-19","","NA"
"-111.10","52.83","WAINWRIGHT CFB AIRFIELD 21","301S001","2018-03-01 06:00","2018","03","01","06:00","-13.2","","-15.1","","86","","0.0","","6","","9","","","","93.46","","","","-19","","NA"
"-111.10","52.83","WAINWRIGHT CFB AIRFIELD 21","301S001","2018-03-01 07:00","2018","03","01","07:00","-13.0","","-15.1","","85","","0.0","","5","","6","","","","93.54","","","","-17","","NA"
"-111.10","52.83","WAINWRIGHT CFB AIRFIELD 21","301S001","2018-03-01 08:00","2018","03","01","08:00","-11.2","","-13.3","","84","","0.0","","7","","14","","","","93.63","","","","-18","","NA"
"-111.10","52.83","WAINWRIGHT CFB AIRFIELD 21","301S001","2018-03-01 09:00","2018","03","01","09:00","-9.4","","-12.4","","79","","0.0","","8","","17","","","","93.68","","","","-16","","NA"
"-111.10","52.83","WAINWRIGHT CFB AIRFIELD 21","301S001","2018-03-01 10:00","2018","03","01","10:00","-7.2","","-12.3","","66","","0.0","","7","","15","","","","93.76","","","","-13","","NA"
"-111.10","52.83","WAINWRIGHT CFB AIRFIELD 21","301S001","2018-03-01 11:00","2018","03","01","11:00","-6.9","","-12.4","","65","","0.0","","8","","19","","","","93.82","","","","-14","","NA"
"-111.10","52.83","WAINWRIGHT CFB AIRFIELD 21","301S001","2018-03-01 12:00","2018","03","01","12:00","-6.2","","-13.8","","55","","0.0","","8","","25","","","","93.83","","","","-14","","NA"
"-111.10","52.83","WAINWRIGHT CFB AIRFIELD 21","301S001","2018-03-01 13:00","2018","03","01","13:00","-5.7","","-14.3","","51","","0.0","","7","","21","","","","93.83","","","","-13","","NA"
"-111.10","52.83","WAINWRIGHT CFB AIRFIELD 21","301S001","2018-03-01 14:00","2018","03","01","14:00","-6.0","","-13.8","","54","","0.0","","7","","20","","","","93.85","","","","-13","","NA"
"-111.10","52.83","WAINWRIGHT CFB AIRFIELD 21","301S001","2018-03-01 15:00","2018","03","01","15:00","-6.0","","-14.4","","52","","0.0","","7","","21","","","","93.86","","","","-13","","NA"
"-111.10","52.83","WAINWRIGHT CFB AIRFIELD 21","301S001","2018-03-01 16:00","2018","03","01","16:00","-6.7","","-14.2","","56","","0.0","","6","","16","","","","93.91","","","","-13","","NA"
"-111.10","52.83","WAINWRIGHT CFB AIRFIELD 21","301S001","2018-03-01 17:00","2018","03","01","17:00","-8.0","","-14.9","","57","","0.0","","7","","25","","","","93.92","","","","-16","","NA"
"-111.10","52.83","WAINWRIGHT CFB AIRFIELD 21","301S001","2018-03-01 18:00","2018","03","01","18:00","-9.1","","-14.8","","63","","0.0","","7","","19","","","","93.93","","","","-17","","NA"
"-111.10","52.83","WAINWRIGHT CFB AIRFIELD 21","301S001","2018-03-01 19:00","2018","03","01","19:00","-9.4","","-15.4","","62","","0.0","","7","","16","","","","93.96","","","","-16","","NA"
"-111.10","52.83","WAINWRIGHT CFB AIRFIELD 21","301S001","2018-03-01 20:00","2018","03","01","20:00","-9.4","","-16.0","","59","","0.0","","6","","17","","","","94.02","","","","-16","","NA"
"-111.10","52.83","WAINWRIGHT CFB AIRFIELD 21","301S001","2018-03-01 21:00","2018","03","01","21:00","-10.4","","-16.3","","62","","0.0","","7","","17","","","","94.03","","","","-18","","NA"
"-111.10","52.83","WAINWRIGHT CFB AIRFIELD 21","301S001","2018-03-01 22:00","2018","03","01","22:00","-11.4","","-17.5","","61","","0.0","","7","","19","","","","94.08","","","","-19","","NA"
"-111.10","52.83","WAINWRIGHT CFB AIRFIELD 21","301S001","2018-03-01 23:00","2018","03","01","23:00","-12.4","","-18.0","","63","","0.0","","7","","15","","","","94.06","","","","-20","","NA"
"-111.10","52.83","WAINWRIGHT CFB AIRFIELD 21","301S001","2018-03-02 00:00","2018","03","02","00:00","-12.6","","-18.2","","63","","0.0","","7","","15","","","","94.09","","","","-20","","NA"
"-111.10","52.83","WAINWRIGHT CFB AIRFIELD 21","301S001","2018-03-02 01:00","2018","03","02","01:00","-13.2","","-19.0","","62","","0.0","","7","","19","","","","94.05","","","","-22","","NA"
"-111.10","52.83","WAINWRIGHT CFB AIRFIELD 21","301S001","2018-03-02 02:00","2018","03","02","02:00","-13.8","","-19.5","","62","","0.0","","6","","19","","","","93.99","","","","-22","","NA"
"-111.10","52.83","WAINWRIGHT CFB AIRFIELD 21","301S001","2018-03-02 03:00","2018","03","02","03:00","-13.4","","-19.3","","61","","0.0","","6","","18","","","","93.95","","","","-22","","NA"
"-111.10","52.83","WAINWRIGHT CFB AIRFIELD 21","301S001","2018-03-02 04:00","2018","03","02","04:00","-13.1","","-19.3","","60","","0.0","","8","","23","","","","93.96","","","","-22","","NA"
"-111.10","52.83","WAINWRIGHT CFB AIRFIELD 21","301S001","2018-03-02 05:00","2018","03","02","05:00","-13.4","","-19.1","","62","","0.0","","8","","25","","","","93.94","","","","-23","","NA"
"-111.10","52.83","WAINWRIGHT CFB AIRFIELD 21","301S001","2018-03-02 06:00","2018","03","02","06:00","-13.4","","-18.8","","64","","0.0","","8","","30","","","","93.89","","","","-24","","NA"
"-111.10","52.83","WAINWRIGHT CFB AIRFIELD 21","301S001","2018-03-02 07:00","2018","03","02","07:00","-13.3","","-18.3","","66","","0.0","","8","","27","","","","93.92","","","","-23","","NA"
"-111.10","52.83","WAINWRIGHT CFB AIRFIELD 21","301S001","2018-03-02 08:00","2018","03","02","08:00","-12.8","","-18.1","","64","","0.0","","8","","32","","","","93.89","","","","-23","","NA"
"-111.10","52.83","WAINWRIGHT CFB AIRFIELD 21","301S001","2018-03-02 09:00","2018","03","02","09:00","-12.5","","-17.7","","65","","0.0","","9","","29","","","","93.96","","","","-23","","NA"
"-111.10","52.83","WAINWRIGHT CFB AIRFIELD 21","301S001","2018-03-02 10:00","2018","03","02","10:00","-11.9","","-17.3","","64","","0.0","","9","","27","","","","93.96","","","","-22","","NA"
"-111.10","52.83","WAINWRIGHT CFB AIRFIELD 21","301S001","2018-03-02 11:00","2018","03","02","11:00","-11.0","","-16.7","","63","","0.0","","8","","32","","","","93.93","","","","-21","","NA"
"-111.10","52.83","WAINWRIGHT CFB AIRFIELD 21","301S001","2018-03-02 12:00","2018","03","02","12:00","-9.9","","-16.1","","61","","0.0","","9","","22","","","","93.94","","","","-18","","NA"
"-111.10","52.83","WAINWRIGHT CFB AIRFIELD 21","301S001","2018-03-02 13:00","2018","03","02","13:00","-10.1","","-15.8","","63","","0.0","","8","","30","","","","93.93","","","","-20","","NA"
"-111.10","52.83","WAINWRIGHT CFB AIRFIELD 21","301S001","2018-03-02 14:00","2018","03","02","14:00","-9.9","","-15.5","","63","","0.0","","8","","28","","","","93.91","","","","-19","","NA"
"-111.10","52.83","WAINWRIGHT CFB AIRFIELD 21","301S001","2018-03-02 15:00","2018","03","02","15:00","-9.4","","-15.9","","59","","0.0","","8","","29","","","","93.87","","","","-19","","NA"
"-111.10","52.83","WAINWRIGHT CFB AIRFIELD 21","301S001","2018-03-02 16:00","2018","03","02","16:00","-9.2","","-15.8","","59","","0.0","","8","","30","","","","93.87","","","","-18","","NA"
"-111.10","52.83","WAINWRIGHT CFB AIRFIELD 21","301S001","2018-03-02 17:00","2018","03","02","17:00","-9.6","","-14.9","","65","","0.0","","7","","27","","","","93.84","","","","-19","","NA"
"-111.10","52.83","WAINWRIGHT CFB AIRFIELD 21","301S001","2018-03-02 18:00","2018","03","02","18:00","-9.8","","-14.0","","71","","0.0","","8","","30","","","","93.91","","","","-19","","NA"
"-111.10","52.83","WAINWRIGHT CFB AIRFIELD 21","301S001","2018-03-02 19:00","2018","03","02","19:00","-10.5","","-13.9","","76","","0.0","","8","","33","","","","93.93","","","","-21","","NA"
"-111.10","52.83","WAINWRIGHT CFB AIRFIELD 21","301S001","2018-03-02 20:00","2018","03","02","20:00","-11.0","","-14.4","","76","","0.0","","8","","36","","","","93.92","","","","-22","","NA"
"-111.10","52.83","WAINWRIGHT CFB AIRFIELD 21","301S001","2018-03-02 21:00","2018","03","02","21:00","-11.3","","-14.4","","78","","0.0","","8","","28","","","","93.87","","","","-21","","NA"
"-111.10","52.83","WAINWRIGHT CFB AIRFIELD 21","301S001","2018-03-02 22:00","2018","03","02","22:00","-11.3","","-14.0","","80","","0.0","","8","","26","","","","93.83","","","","-21","","NA"
"-111.10","52.83","WAINWRIGHT CFB AIRFIELD 21","301S001","2018-03-02 23:00","2018","03","02","23:00","-11.1","","-13.6","","81","","0.0","","8","","29","","","","93.87","","","","-21","","NA"
"-111.10","52.83","WAINWRIGHT CFB AIRFIELD 21","301S001","2018-03-03 00:00","2018","03","03","00:00","-10.7","","-12.9","","84","","0.0","","8","","23","","","","93.85","","","","-19","","NA"
"-111.10","52.83","WAINWRIGHT CFB AIRFIELD 21","301S001","2018-03-03 01:00","2018","03","03","01:00","-10.5","","-12.8","","84","","0.0","","8","","29","","","","93.76","","","","-20","","NA"
"-111.10","52.83","WAINWRIGHT CFB AIRFIELD 21","301S001","2018-03-03 02:00","2018","03","03","02:00","-10.7","","-12.8","","84","","0.0","","8","","30","","","","93.69","","","","-20","","NA"
"-111.10","52.83","WAINWRIGHT CFB AIRFIELD 21","301S001","2018-03-03 03:00","2018","03","03","03:00","-10.7","","-13.0","","83","","0.2","","8","","33","","","","93.67","","","","-21","","NA"
"-111.10","52.83","WAINWRIGHT CFB AIRFIELD 21","301S001","2018-03-03 04:00","2018","03","03","04:00","-11.3","","-13.3","","85","","0.2","","8","","28","","","","93.58","","","","-21","","NA"
"-111.10","52.83","WAINWRIGHT CFB AIRFIELD 21","301S001","2018-03-03 05:00","2018","03","03","05:00","-11.3","","-13.4","","85","","0.2","","8","","29","","","","93.58","","","","-21","","NA"
"-111.10","52.83","WAINWRIGHT CFB AIRFIELD 21","301S001","2018-03-03 06:00","2018","03","03","06:00","-11.1","","-13.1","","85","","0.5","","7","","25","","","","93.54","","","","-20","","NA"
"-111.10","52.83","WAINWRIGHT CFB AIRFIELD 21","301S001","2018-03-03 07:00","2018","03","03","07:00","-10.8","","-12.8","","86","","0.3","","8","","22","","","","93.50","","","","-19","","NA"
"-111.10","52.83","WAINWRIGHT CFB AIRFIELD 21","301S001","2018-03-03 08:00","2018","03","03","08:00","-10.2","","-12.1","","86","","0.3","","8","","23","","","","93.50","","","","-19","","NA"
"-111.10","52.83","WAINWRIGHT CFB AIRFIELD 21","301S001","2018-03-03 09:00","2018","03","03","09:00","-8.8","","-10.6","","87","","0.0","","9","","25","","","","93.47","","","","-17","","NA"
"-111.10","52.83","WAINWRIGHT CFB AIRFIELD 21","301S001","2018-03-03 10:00","2018","03","03","10:00","-8.0","","-9.8","","87","","0.0","","10","","24","","","","93.50","","","","-16","","NA"
"-111.10","52.83","WAINWRIGHT CFB AIRFIELD 21","301S001","2018-03-03 11:00","2018","03","03","11:00","-7.4","","-9.4","","86","","0.0","","10","","28","","","","93.48","","","","-16","","NA"
"-111.10","52.83","WAINWRIGHT CFB AIRFIELD 21","301S001","2018-03-03 12:00","2018","03","03","12:00","-6.8","","-8.9","","86","","0.0","","10","","31","","","","93.46","","","","-15","","NA"
"-111.10","52.83","WAINWRIGHT CFB AIRFIELD 21","301S001","2018-03-03 13:00","2018","03","03","13:00","-6.1","","-8.2","","85","","0.0","","11","","29","","","","93.46","","","","-14","","NA"
"-111.10","52.83","WAINWRIGHT CFB AIRFIELD 21","301S001","2018-03-03 14:00","2018","03","03","14:00","-5.5","","-8.0","","83","","0.0","","11","","24","","","","93.45","","","","-13","","NA"
"-111.10","52.83","WAINWRIGHT CFB AIRFIELD 21","301S001","2018-03-03 15:00","2018","03","03","15:00","-5.5","","-8.0","","83","","0.0","","11","","22","","","","93.50","","","","-13","","NA"
"-111.10","52.83","WAINWRIGHT CFB AIRFIELD 21","301S001","2018-03-03 16:00","2018","03","03","16:00","-5.7","","-8.4","","81","","0.0","","11","","21","","","","93.54","","","","-13","","NA"
"-111.10","52.83","WAINWRIGHT CFB AIRFIELD 21","301S001","2018-03-03 17:00","2018","03","03","17:00","-5.9","","-8.5","","82","","0.0","","11","","18","","","","93.63","","","","-12","","NA"
"-111.10","52.83","WAINWRIGHT CFB AIRFIELD 21","301S001","2018-03-03 18:00","2018","03","03","18:00","-6.2","","-9.0","","81","","0.0","","16","","14","","","","93.69","","","","-12","","NA"
"-111.10","52.83","WAINWRIGHT CFB AIRFIELD 21","301S001","2018-03-03 19:00","2018","03","03","19:00","-7.8","","-11.0","","78","","0.0","","17","","14","","","","93.78","","","","-14","","NA"
"-111.10","52.83","WAINWRIGHT CFB AIRFIELD 21","301S001","2018-03-03 20:00","2018","03","03","20:00","-8.8","","-11.2","","83","","0.0","","18","","12","","","","93.82","","","","-14","","NA"
"-111.10","52.83","WAINWRIGHT CFB AIRFIELD 21","301S001","2018-03-03 21:00","2018","03","03","21:00","-9.8","","-12.2","","82","","0.0","","18","","13","","","","93.85","","","","-16","","NA"
"-111.10","52.83","WAINWRIGHT CFB AIRFIELD 21","301S001","2018-03-03 22:00","2018","03","03","22:00","-11.2","","-13.3","","84","","0.0","","16","","12","","","","93.88","","","","-17","","NA"
"-111.10","52.83","WAINWRIGHT CFB AIRFIELD 21","301S001","2018-03-03 23:00","2018","03","03","23:00","-11.0","","-13.3","","84","","0.0","","17","","11","","","","93.92","","","","-17","","NA"
"-111.10","52.83","WAINWRIGHT CFB AIRFIELD 21","301S001","2018-03-04 00:00","2018","03","04","00:00","-11.5","","-13.6","","84","","0.0","","21","","8","","","","93.93","","","","-16","","NA"
"-111.10","52.83","WAINWRIGHT CFB AIRFIELD 21","301S001","2018-03-04 01:00","2018","03","04","01:00","-11.3","","-13.3","","85","","0.0","","20","","5","","","","93.91","","","","-14","","NA"
"-111.10","52.83","WAINWRIGHT CFB AIRFIELD 21","301S001","2018-03-04 02:00","2018","03","04","02:00","-11.4","","-13.4","","85","","0.0","","13","","2","","","","93.93","","","","-13","","NA"
"-111.10","52.83","WAINWRIGHT CFB AIRFIELD 21","301S001","2018-03-04 03:00","2018","03","04","03:00","-11.3","","-13.4","","84","","0.0","","22","","2","","","","93.96","","","","-13","","NA"
"-111.10","52.83","WAINWRIGHT CFB AIRFIELD 21","301S001","2018-03-04 04:00","2018","03","04","04:00","-11.3","","-13.4","","84","","0.0","","22","","6","","","","93.97","","","","-15","","NA"
"-111.10","52.83","WAINWRIGHT CFB AIRFIELD 21","301S001","2018-03-04 05:00","2018","03","04","05:00","-11.3","","-13.4","","85","","0.0","","21","","1","","","","93.99","","","","-12","","NA"
"-111.10","52.83","WAINWRIGHT CFB AIRFIELD 21","301S001","2018-03-04 06:00","2018","03","04","06:00","-11.5","","-13.6","","85","","0.0","","21","","3","","","","94.00","","","","-13","","NA"
"-111.10","52.83","WAINWRIGHT CFB AIRFIELD 21","301S001","2018-03-04 07:00","2018","03","04","07:00","-11.6","","-13.7","","85","","0.0","","21","","4","","","","94.01","","","","-14","","NA"
"-111.10","52.83","WAINWRIGHT CFB AIRFIELD 21","301S001","2018-03-04 08:00","2018","03","04","08:00","-11.6","","-13.8","","84","","0.0","","24","","4","","","","94.05","","","","-14","","NA"
"-111.10","52.83","WAINWRIGHT CFB AIRFIELD 21","301S001","2018-03-04 09:00","2018","03","04","09:00","-11.1","","-13.5","","82","","0.0","","21","","3","","","","94.09","","","","-13","","NA"
"-111.10","52.83","WAINWRIGHT CFB AIRFIELD 21","301S001","2018-03-04 10:00","2018","03","04","10:00","-10.7","","-13.5","","80","","0.0","","24","","3","","","","94.14","","","","-13","","NA"
"-111.10","52.83","WAINWRIGHT CFB AIRFIELD 21","301S001","2018-03-04 11:00","2018","03","04","11:00","-9.7","","-13.5","","74","","0.0","","25","","4","","","","94.16","","","","-12","","NA"
"-111.10","52.83","WAINWRIGHT CFB AIRFIELD 21","301S001","2018-03-04 12:00","2018","03","04","12:00","-9.4","","-13.8","","70","","0.0","","28","","5","","","","94.18","","","","-12","","NA"
"-111.10","52.83","WAINWRIGHT CFB AIRFIELD 21","301S001","2018-03-04 13:00","2018","03","04","13:00","-8.9","","-13.6","","69","","0.0","","31","","5","","","","94.18","","","","-12","","NA"
"-111.10","52.83","WAINWRIGHT CFB AIRFIELD 21","301S001","2018-03-04 14:00","2018","03","04","14:00","-8.3","","-13.5","","66","","0.0","","31","","5","","","","94.14","","","","-11","","NA"
"-111.10","52.83","WAINWRIGHT CFB AIRFIELD 21","301S001","2018-03-04 15:00","2018","03","04","15:00","-8.3","","-13.4","","67","","0.0","","30","","5","","","","94.14","","","","-11","","NA"
"-111.10","52.83","WAINWRIGHT CFB AIRFIELD 21","301S001","2018-03-04 16:00","2018","03","04","16:00","-8.3","","-12.7","","71","","0.0","","32","","7","","","","94.11","","","","-12","","NA"
"-111.10","52.83","WAINWRIGHT CFB AIRFIELD 21","301S001","2018-03-04 17:00","2018","03","04","17:00","-8.3","","-12.4","","72","","0.0","","34","","5","","","","94.14","","","","-11","","NA"
"-111.10","52.83","WAINWRIGHT CFB AIRFIELD 21","301S001","2018-03-04 18:00","2018","03","04","18:00","-8.4","","-12.2","","74","","0.0","","1","","3","","","","94.20","","","","-10","","NA"
"-111.10","52.83","WAINWRIGHT CFB AIRFIELD 21","301S001","2018-03-04 19:00","2018","03","04","19:00","-8.9","","-11.9","","79","","0.0","","29","","11","","","","94.14","","","","-14","","NA"
"-111.10","52.83","WAINWRIGHT CFB AIRFIELD 21","301S001","2018-03-04 20:00","2018","03","04","20:00","-9.3","","-12.0","","80","","0.0","","34","","5","","","","94.11","","","","-12","","NA"
"-111.10","52.83","WAINWRIGHT CFB AIRFIELD 21","301S001","2018-03-04 21:00","2018","03","04","21:00","-9.0","","-11.8","","80","","0.0","","1","","6","","","","94.16","","","","-12","","NA"
"-111.10","52.83","WAINWRIGHT CFB AIRFIELD 21","301S001","2018-03-04 22:00","2018","03","04","22:00","-9.2","","-12.0","","81","","0.0","","33","","12","","","","94.13","","","","-15","","NA"
"-111.10","52.83","WAINWRIGHT CFB AIRFIELD 21","301S001","2018-03-04 23:00","2018","03","04","23:00","-9.9","","-12.8","","79","","0.0","","33","","12","","","","94.07","","","","-16","","NA"
"-111.10","52.83","WAINWRIGHT CFB AIRFIELD 21","301S001","2018-03-05 00:00","2018","03","05","00:00","-10.0","","-12.9","","79","","0.0","","36","","5","","","","94.07","","","","-13","","NA"
"-111.10","52.83","WAINWRIGHT CFB AIRFIELD 21","301S001","2018-03-05 01:00","2018","03","05","01:00","-10.7","","-13.7","","79","","0.0","","31","","10","","","","93.99","","","","-16","","NA"
"-111.10","52.83","WAINWRIGHT CFB AIRFIELD 21","301S001","2018-03-05 02:00","2018","03","05","02:00","-11.0","","-14.0","","78","","0.0","","1","","3","","","","93.96","","","","-13","","NA"
"-111.10","52.83","WAINWRIGHT CFB AIRFIELD 21","301S001","2018-03-05 03:00","2018","03","05","03:00","-10.4","","-13.3","","79","","0.0","","32","","7","","","","93.96","","","","-14","","NA"
"-111.10","52.83","WAINWRIGHT CFB AIRFIELD 21","301S001","2018-03-05 04:00","2018","03","05","04:00","-10.4","","-13.0","","81","","0.0","","31","","15","","","","93.90","","","","-17","","NA"
"-111.10","52.83","WAINWRIGHT CFB AIRFIELD 21","301S001","2018-03-05 05:00","2018","03","05","05:00","-10.4","","-12.9","","82","","0.0","","31","","13","","","","93.87","","","","-17","","NA"
"-111.10","52.83","WAINWRIGHT CFB AIRFIELD 21","301S001","2018-03-05 06:00","2018","03","05","06:00","-10.2","","-12.6","","83","","0.0","","33","","12","","","","93.88","","","","-16","","NA"
"-111.10","52.83","WAINWRIGHT CFB AIRFIELD 21","301S001","2018-03-05 07:00","2018","03","05","07:00","-10.6","","-12.4","","87","","0.0","","30","","20","","","","93.86","","","","-19","","NA"
"-111.10","52.83","WAINWRIGHT CFB AIRFIELD 21","301S001","2018-03-05 08:00","2018","03","05","08:00","-10.4","","-12.6","","84","","0.0","","31","","16","","","","93.86","","","","-17","","NA"
"-111.10","52.83","WAINWRIGHT CFB AIRFIELD 21","301S001","2018-03-05 09:00","2018","03","05","09:00","-10.0","","-13.0","","79","","0.0","","31","","15","","","","93.84","","","","-17","","NA"
"-111.10","52.83","WAINWRIGHT CFB AIRFIELD 21","301S001","2018-03-05 10:00","2018","03","05","10:00","-10.0","","-13.6","","75","","0.0","","28","","15","","","","93.87","","","","-17","","NA"
"-111.10","52.83","WAINWRIGHT CFB AIRFIELD 21","301S001","2018-03-05 11:00","2018","03","05","11:00","-9.9","","-13.7","","74","","0.0","","30","","18","","","","93.88","","","","-17","","NA"
"-111.10","52.83","WAINWRIGHT CFB AIRFIELD 21","301S001","2018-03-05 12:00","2018","03","05","12:00","-9.7","","-14.0","","71","","0.0","","29","","18","","","","93.91","","","","-17","","NA"
"-111.10","52.83","WAINWRIGHT CFB AIRFIELD 21","301S001","2018-03-05 13:00","2018","03","05","13:00","-8.3","","-14.0","","63","","0.0","","31","","15","","","","93.89","","","","-15","","NA"
"-111.10","52.83","WAINWRIGHT CFB AIRFIELD 21","301S001","2018-03-05 14:00","2018","03","05","14:00","-8.3","","-13.3","","67","","0.0","","30","","18","","","","93.91","","","","-15","","NA"
"-111.10","52.83","WAINWRIGHT CFB AIRFIELD 21","301S001","2018-03-05 15:00","2018","03","05","15:00","-8.4","","-13.9","","64","","0.0","","30","","17","","","","93.93","","","","-15","","NA"
"-111.10","52.83","WAINWRIGHT CFB AIRFIELD 21","301S001","2018-03-05 16:00","2018","03","05","16:00","-8.4","","-13.8","","65","","0.0","","30","","18","","","","93.93","","","","-15","","NA"
"-111.10","52.83","WAINWRIGHT CFB AIRFIELD 21","301S001","2018-03-05 17:00","2018","03","05","17:00","-8.9","","-14.4","","64","","0.0","","27","","17","","","","93.96","","","","-16","","NA"
"-111.10","52.83","WAINWRIGHT CFB AIRFIELD 21","301S001","2018-03-05 18:00","2018","03","05","18:00","-11.6","","-15.5","","73","","0.0","","25","","16","","","","93.99","","","","-19","","NA"
"-111.10","52.83","WAINWRIGHT CFB AIRFIELD 21","301S001","2018-03-05 19:00","2018","03","05","19:00","-12.3","","-15.8","","75","","0.0","","25","","15","","","","94.01","","","","-20","","NA"
"-111.10","52.83","WAINWRIGHT CFB AIRFIELD 21","301S001","2018-03-05 20:00","2018","03","05","20:00","-13.6","","-16.8","","77","","0.0","","24","","13","","","","94.03","","","","-21","","NA"
"-111.10","52.83","WAINWRIGHT CFB AIRFIELD 21","301S001","2018-03-05 21:00","2018","03","05","21:00","-15.0","","-17.3","","83","","0.0","","23","","12","","","","94.09","","","","-22","","NA"
"-111.10","52.83","WAINWRIGHT CFB AIRFIELD 21","301S001","2018-03-05 22:00","2018","03","05","22:00","-15.3","","-18.0","","80","","0.0","","24","","13","","","","94.12","","","","-23","","NA"
"-111.10","52.83","WAINWRIGHT CFB AIRFIELD 21","301S001","2018-03-05 23:00","2018","03","05","23:00","-16.1","","-18.7","","80","","0.0","","24","","12","","","","94.18","","","","-23","","NA"
"-111.10","52.83","WAINWRIGHT CFB AIRFIELD 21","301S001","2018-03-06 00:00","2018","03","06","00:00","-16.2","","-18.6","","82","","0.0","","24","","10","","","","94.23","","","","-23","","NA"
"-111.10","52.83","WAINWRIGHT CFB AIRFIELD 21","301S001","2018-03-06 01:00","2018","03","06","01:00","-17.0","","-19.3","","82","","0.0","","23","","14","","","","94.27","","","","-25","","NA"
"-111.10","52.83","WAINWRIGHT CFB AIRFIELD 21","301S001","2018-03-06 02:00","2018","03","06","02:00","-17.4","","-19.7","","82","","0.0","","24","","14","","","","94.28","","","","-26","","NA"
"-111.10","52.83","WAINWRIGHT CFB AIRFIELD 21","301S001","2018-03-06 03:00","2018","03","06","03:00","-18.7","","-21.0","","82","","0.0","","23","","12","","","","94.31","","","","-26","","NA"
"-111.10","52.83","WAINWRIGHT CFB AIRFIELD 21","301S001","2018-03-06 04:00","2018","03","06","04:00","-19.0","","-21.4","","81","","0.0","","23","","13","","","","94.36","","","","-27","","NA"
"-111.10","52.83","WAINWRIGHT CFB AIRFIELD 21","301S001","2018-03-06 05:00","2018","03","06","05:00","-20.1","","-22.4","","82","","0.2","","22","","11","","","","94.42","","","","-28","","NA"
"-111.10","52.83","WAINWRIGHT CFB AIRFIELD 21","301S001","2018-03-06 06:00","2018","03","06","06:00","-20.5","","-22.8","","82","","0.0","","23","","13","","","","94.47","","","","-29","","NA"
"-111.10","52.83","WAINWRIGHT CFB AIRFIELD 21","301S001","2018-03-06 07:00","2018","03","06","07:00","-20.2","","-22.4","","82","","0.0","","23","","13","","","","94.52","","","","-29","","NA"
"-111.10","52.83","WAINWRIGHT CFB AIRFIELD 21","301S001","2018-03-06 08:00","2018","03","06","08:00","-19.9","","-22.5","","80","","0.0","","24","","13","","","","94.53","","","","-28","","NA"
"-111.10","52.83","WAINWRIGHT CFB AIRFIELD 21","301S001","2018-03-06 09:00","2018","03","06","09:00","-17.9","","-21.3","","75","","0.0","","23","","7","","","","94.56","","","","-23","","NA"
"-111.10","52.83","WAINWRIGHT CFB AIRFIELD 21","301S001","2018-03-06 10:00","2018","03","06","10:00","-15.3","","-19.5","","70","","0.0","","24","","7","","","","94.58","","","","-20","","NA"
"-111.10","52.83","WAINWRIGHT CFB AIRFIELD 21","301S001","2018-03-06 11:00","2018","03","06","11:00","-12.1","","-17.5","","64","","0.0","","25","","11","","","","94.59","","","","-18","","NA"
"-111.10","52.83","WAINWRIGHT CFB AIRFIELD 21","301S001","2018-03-06 12:00","2018","03","06","12:00","-10.7","","-16.8","","61","","0.0","","26","","11","","","","94.58","","","","-16","","NA"
"-111.10","52.83","WAINWRIGHT CFB AIRFIELD 21","301S001","2018-03-06 13:00","2018","03","06","13:00","-9.6","","-16.0","","59","","0.0","","29","","11","","","","94.55","","","","-15","","NA"
"-111.10","52.83","WAINWRIGHT CFB AIRFIELD 21","301S001","2018-03-06 14:00","2018","03","06","14:00","-8.3","","-15.9","","54","","0.0","","29","","8","","","","94.49","","","","-12","","NA"
"-111.10","52.83","WAINWRIGHT CFB AIRFIELD 21","301S001","2018-03-06 15:00","2018","03","06","15:00","-6.6","","-16.7","","44","","0.0","","32","","1","","","","94.48","","","","-7","","NA"
"-111.10","52.83","WAINWRIGHT CFB AIRFIELD 21","301S001","2018-03-06 16:00","2018","03","06","16:00","-6.0","","-16.6","","43","","0.0","","20","","1","","","","94.47","","","","-6","","NA"
"-111.10","52.83","WAINWRIGHT CFB AIRFIELD 21","301S001","2018-03-06 17:00","2018","03","06","17:00","-8.3","","-15.4","","56","","0.0","","25","","5","","","","94.45","","","","-11","","NA"
"-111.10","52.83","WAINWRIGHT CFB AIRFIELD 21","301S001","2018-03-06 18:00","2018","03","06","18:00","-11.3","","-15.8","","70","","0.0","","22","","6","","","","94.43","","","","-15","","NA"
"-111.10","52.83","WAINWRIGHT CFB AIRFIELD 21","301S001","2018-03-06 19:00","2018","03","06","19:00","-11.5","","-15.6","","71","","0.0","","25","","6","","","","94.41","","","","-15","","NA"
"-111.10","52.83","WAINWRIGHT CFB AIRFIELD 21","301S001","2018-03-06 20:00","2018","03","06","20:00","-11.7","","-15.8","","72","","0.0","","22","","6","","","","94.35","","","","-15","","NA"
"-111.10","52.83","WAINWRIGHT CFB AIRFIELD 21","301S001","2018-03-06 21:00","2018","03","06","21:00","-13.9","","-17.0","","78","","0.0","","21","","5","","","","94.34","","","","-17","","NA"
"-111.10","52.83","WAINWRIGHT CFB AIRFIELD 21","301S001","2018-03-06 22:00","2018","03","06","22:00","-14.3","","-17.0","","80","","0.0","","20","","9","","","","94.29","","","","-20","","NA"
"-111.10","52.83","WAINWRIGHT CFB AIRFIELD 21","301S001","2018-03-06 23:00","2018","03","06","23:00","-15.1","","-17.3","","83","","0.0","","20","","6","","","","94.26","","","","-19","","NA"
"-111.10","52.83","WAINWRIGHT CFB AIRFIELD 21","301S001","2018-03-07 00:00","2018","03","07","00:00","-16.1","","-18.1","","85","","0.0","","20","","3","","","","94.26","","","","-18","","NA"
"-111.10","52.83","WAINWRIGHT CFB AIRFIELD 21","301S001","2018-03-07 01:00","2018","03","07","01:00","-16.0","","-18.4","","82","","0.0","","21","","10","","","","94.22","","","","-22","","NA"
"-111.10","52.83","WAINWRIGHT CFB AIRFIELD 21","301S001","2018-03-07 02:00","2018","03","07","02:00","-17.5","","-19.6","","84","","0.0","","21","","10","","","","94.18","","","","-24","","NA"
"-111.10","52.83","WAINWRIGHT CFB AIRFIELD 21","301S001","2018-03-07 03:00","2018","03","07","03:00","-16.7","","-18.8","","84","","0.0","","22","","9","","","","94.14","","","","-23","","NA"
"-111.10","52.83","WAINWRIGHT CFB AIRFIELD 21","301S001","2018-03-07 04:00","2018","03","07","04:00","-17.2","","-19.5","","83","","0.0","","31","","3","","","","94.16","","","","-20","","NA"
"-111.10","52.83","WAINWRIGHT CFB AIRFIELD 21","301S001","2018-03-07 05:00","2018","03","07","05:00","-18.1","","-20.6","","81","","0.0","","2","","1","","","","94.14","","","","-19","","NA"
"-111.10","52.83","WAINWRIGHT CFB AIRFIELD 21","301S001","2018-03-07 06:00","2018","03","07","06:00","-19.5","","-21.7","","83","","0.0","","","","0","","","","94.13","","","","","","NA"
"-111.10","52.83","WAINWRIGHT CFB AIRFIELD 21","301S001","2018-03-07 07:00","2018","03","07","07:00","-19.9","","-22.2","","82","","0.0","","21","","6","","","","94.11","","","","-25","","NA"
"-111.10","52.83","WAINWRIGHT CFB AIRFIELD 21","301S001","2018-03-07 08:00","2018","03","07","08:00","-21.0","","-23.8","","79","","0.0","","22","","6","","","","94.06","","","","-26","","NA"
"-111.10","52.83","WAINWRIGHT CFB AIRFIELD 21","301S001","2018-03-07 09:00","2018","03","07","09:00","-18.1","","-21.2","","77","","0.0","","22","","4","","","","94.05","","","","-21","","NA"
"-111.10","52.83","WAINWRIGHT CFB AIRFIELD 21","301S001","2018-03-07 10:00","2018","03","07","10:00","-15.4","","-19.6","","70","","0.0","","24","","5","","","","94.03","","","","-19","","NA"
"-111.10","52.83","WAINWRIGHT CFB AIRFIELD 21","301S001","2018-03-07 11:00","2018","03","07","11:00","-12.3","","-19.3","","56","","0.0","","20","","4","","","","93.98","","","","-15","","NA"
"-111.10","52.83","WAINWRIGHT CFB AIRFIELD 21","301S001","2018-03-07 12:00","2018","03","07","12:00","-9.8","","-19.5","","45","","0.0","","24","","4","","","","93.96","","","","-12","","NA"
"-111.10","52.83","WAINWRIGHT CFB AIRFIELD 21","301S001","2018-03-07 13:00","2018","03","07","13:00","-9.1","","-18.0","","49","","0.0","","21","","7","","","","93.89","","","","-13","","NA"
"-111.10","52.83","WAINWRIGHT CFB AIRFIELD 21","301S001","2018-03-07 14:00","2018","03","07","14:00","-7.8","","-17.3","","46","","0.0","","22","","6","","","","93.83","","","","-11","","NA"
"-111.10","52.83","WAINWRIGHT CFB AIRFIELD 21","301S001","2018-03-07 15:00","2018","03","07","15:00","-5.2","","-18.6","","34","","0.0","","23","","2","","","","93.80","","","","-6","","NA"
"-111.10","52.83","WAINWRIGHT CFB AIRFIELD 21","301S001","2018-03-07 16:00","2018","03","07","16:00","-6.8","","-17.2","","43","","0.0","","25","","7","","","","93.78","","","","-10","","NA"
"-111.10","52.83","WAINWRIGHT CFB AIRFIELD 21","301S001","2018-03-07 17:00","2018","03","07","17:00","-7.8","","-16.8","","48","","0.0","","26","","7","","","","93.75","","","","-11","","NA"
"-111.10","52.83","WAINWRIGHT CFB AIRFIELD 21","301S001","2018-03-07 18:00","2018","03","07","18:00","-10.3","","-17.2","","57","","0.0","","26","","6","","","","93.74","","","","-14","","NA"
"-111.10","52.83","WAINWRIGHT CFB AIRFIELD 21","301S001","2018-03-07 19:00","2018","03","07","19:00","-12.9","","-17.6","","68","","0.0","","25","","5","","","","93.73","","","","-16","","NA"
"-111.10","52.83","WAINWRIGHT CFB AIRFIELD 21","301S001","2018-03-07 20:00","2018","03","07","20:00","-14.5","","-18.3","","73","","0.0","","21","","8","","","","93.70","","","","-20","","NA"
"-111.10","52.83","WAINWRIGHT CFB AIRFIELD 21","301S001","2018-03-07 21:00","2018","03","07","21:00","-15.2","","-18.1","","79","","0.0","","21","","7","","","","93.69","","","","-20","","NA"
"-111.10","52.83","WAINWRIGHT CFB AIRFIELD 21","301S001","2018-03-07 22:00","2018","03","07","22:00","-15.8","","-18.6","","79","","0.0","","23","","12","","","","93.70","","","","-23","","NA"
"-111.10","52.83","WAINWRIGHT CFB AIRFIELD 21","301S001","2018-03-07 23:00","2018","03","07","23:00","-16.2","","-18.9","","80","","0.0","","23","","15","","","","93.70","","","","-24","","NA"
"-111.10","52.83","WAINWRIGHT CFB AIRFIELD 21","301S001","2018-03-08 00:00","2018","03","08","00:00","-16.9","","-19.4","","81","","0.0","","23","","16","","","","93.69","","","","-26","","NA"
"-111.10","52.83","WAINWRIGHT CFB AIRFIELD 21","301S001","2018-03-08 01:00","2018","03","08","01:00","-16.8","","-19.4","","80","","0.0","","23","","18","","","","93.67","","","","-26","","NA"
"-111.10","52.83","WAINWRIGHT CFB AIRFIELD 21","301S001","2018-03-08 02:00","2018","03","08","02:00","-17.6","","-20.2","","80","","0.0","","22","","18","","","","93.64","","","","-27","","NA"
"-111.10","52.83","WAINWRIGHT CFB AIRFIELD 21","301S001","2018-03-08 03:00","2018","03","08","03:00","-18.0","","-20.8","","78","","0.0","","23","","8","","","","93.59","","","","-24","","NA"
"-111.10","52.83","WAINWRIGHT CFB AIRFIELD 21","301S001","2018-03-08 04:00","2018","03","08","04:00","-18.2","","-20.5","","82","","0.0","","22","","4","","","","93.55","","","","-21","","NA"
"-111.10","52.83","WAINWRIGHT CFB AIRFIELD 21","301S001","2018-03-08 05:00","2018","03","08","05:00","-19.8","","-22.2","","82","","0.0","","23","","5","","","","93.53","","","","-24","","NA"
"-111.10","52.83","WAINWRIGHT CFB AIRFIELD 21","301S001","2018-03-08 06:00","2018","03","08","06:00","-21.1","","-23.8","","79","","0.0","","22","","5","","","","93.51","","","","-26","","NA"
"-111.10","52.83","WAINWRIGHT CFB AIRFIELD 21","301S001","2018-03-08 07:00","2018","03","08","07:00","-22.7","","-25.5","","78","","0.0","","0","","1","","","","93.45","","","","-24","","NA"
"-111.10","52.83","WAINWRIGHT CFB AIRFIELD 21","301S001","2018-03-08 08:00","2018","03","08","08:00","-19.7","","-22.0","","82","","0.0","","14","","4","","","","93.38","","","","-23","","NA"
"-111.10","52.83","WAINWRIGHT CFB AIRFIELD 21","301S001","2018-03-08 09:00","2018","03","08","09:00","-16.1","","-19.5","","75","","0.0","","18","","5","","","","93.36","","","","-20","","NA"
"-111.10","52.83","WAINWRIGHT CFB AIRFIELD 21","301S001","2018-03-08 10:00","2018","03","08","10:00","-10.1","","-16.8","","58","","0.0","","15","","5","","","","93.29","","","","-13","","NA"
"-111.10","52.83","WAINWRIGHT CFB AIRFIELD 21","301S001","2018-03-08 11:00","2018","03","08","11:00","-6.9","","-15.5","","50","","0.0","","16","","13","","","","93.23","","","","-12","","NA"
"-111.10","52.83","WAINWRIGHT CFB AIRFIELD 21","301S001","2018-03-08 12:00","2018","03","08","12:00","-5.5","","-15.7","","44","","0.0","","15","","12","","","","93.17","","","","-10","","NA"
"-111.10","52.83","WAINWRIGHT CFB AIRFIELD 21","301S001","2018-03-08 13:00","2018","03","08","13:00","-4.3","","-14.4","","45","","0.0","","16","","14","","","","93.07","","","","-9","","NA"
"-111.10","52.83","WAINWRIGHT CFB AIRFIELD 21","301S001","2018-03-08 14:00","2018","03","08","14:00","-4.7","","-12.7","","53","","0.0","","16","","24","","","","92.99","","","","-12","","NA"
"-111.10","52.83","WAINWRIGHT CFB AIRFIELD 21","301S001","2018-03-08 15:00","2018","03","08","15:00","-4.5","","-13.1","","51","","0.0","","17","","22","","","","92.91","","","","-11","","NA"
"-111.10","52.83","WAINWRIGHT CFB AIRFIELD 21","301S001","2018-03-08 16:00","2018","03","08","16:00","-4.9","","-13.5","","51","","0.0","","16","","22","","","","92.83","","","","-12","","NA"
"-111.10","52.83","WAINWRIGHT CFB AIRFIELD 21","301S001","2018-03-08 17:00","2018","03","08","17:00","-5.4","","-14.3","","50","","0.0","","15","","21","","","","92.75","","","","-12","","NA"
"-111.10","52.83","WAINWRIGHT CFB AIRFIELD 21","301S001","2018-03-08 18:00","2018","03","08","18:00","-5.6","","-13.3","","54","","0.0","","11","","13","","","","92.66","","","","-11","","NA"
"-111.10","52.83","WAINWRIGHT CFB AIRFIELD 21","301S001","2018-03-08 19:00","2018","03","08","19:00","-7.7","","-13.5","","63","","0.0","","13","","6","","","","92.60","","","","-11","","NA"
"-111.10","52.83","WAINWRIGHT CFB AIRFIELD 21","301S001","2018-03-08 20:00","2018","03","08","20:00","-8.6","","-13.6","","67","","0.0","","15","","6","","","","92.49","","","","-12","","NA"
"-111.10","52.83","WAINWRIGHT CFB AIRFIELD 21","301S001","2018-03-08 21:00","2018","03","08","21:00","-8.5","","-12.3","","74","","0.0","","13","","4","","","","92.43","","","","-11","","NA"
"-111.10","52.83","WAINWRIGHT CFB AIRFIELD 21","301S001","2018-03-08 22:00","2018","03","08","22:00","-8.8","","-11.6","","80","","0.0","","11","","12","","","","92.33","","","","-14","","NA"
"-111.10","52.83","WAINWRIGHT CFB AIRFIELD 21","301S001","2018-03-08 23:00","2018","03","08","23:00","-8.9","","-11.5","","81","","0.0","","13","","7","","","","92.22","","","","-13","","NA"
"-111.10","52.83","WAINWRIGHT CFB AIRFIELD 21","301S001","2018-03-09 00:00","2018","03","09","00:00","-8.5","","-11.1","","81","","0.0","","13","","5","","","","92.18","","","","-11","","NA"
"-111.10","52.83","WAINWRIGHT CFB AIRFIELD 21","301S001","2018-03-09 01:00","2018","03","09","01:00","-8.4","","-10.9","","82","","0.0","","13","","6","","","","92.11","","","","-12","","NA"
"-111.10","52.83","WAINWRIGHT CFB AIRFIELD 21","301S001","2018-03-09 02:00","2018","03","09","02:00","-8.3","","-10.5","","84","","0.0","","11","","6","","","","92.04","","","","-12","","NA"
"-111.10","52.83","WAINWRIGHT CFB AIRFIELD 21","301S001","2018-03-09 03:00","2018","03","09","03:00","-8.1","","-10.2","","85","","0.0","","12","","5","","","","92.00","","","","-11","","NA"
"-111.10","52.83","WAINWRIGHT CFB AIRFIELD 21","301S001","2018-03-09 04:00","2018","03","09","04:00","-8.1","","-10.0","","86","","0.0","","11","","12","","","","91.89","","","","-14","","NA"
"-111.10","52.83","WAINWRIGHT CFB AIRFIELD 21","301S001","2018-03-09 05:00","2018","03","09","05:00","-8.4","","-10.5","","84","","0.0","","12","","7","","","","91.87","","","","-12","","NA"
"-111.10","52.83","WAINWRIGHT CFB AIRFIELD 21","301S001","2018-03-09 06:00","2018","03","09","06:00","-9.0","","-11.1","","85","","0.0","","11","","18","","","","91.83","","","","-16","","NA"
"-111.10","52.83","WAINWRIGHT CFB AIRFIELD 21","301S001","2018-03-09 07:00","2018","03","09","07:00","-10.3","","-12.2","","86","","0.0","","11","","10","","","","91.82","","","","-16","","NA"
"-111.10","52.83","WAINWRIGHT CFB AIRFIELD 21","301S001","2018-03-09 08:00","2018","03","09","08:00","-11.0","","-12.9","","85","","0.0","","12","","6","","","","91.78","","","","-15","","NA"
"-111.10","52.83","WAINWRIGHT CFB AIRFIELD 21","301S001","2018-03-09 09:00","2018","03","09","09:00","-9.7","","-13.2","","76","","0.0","","11","","12","","","","91.82","","","","-16","","NA"
"-111.10","52.83","WAINWRIGHT CFB AIRFIELD 21","301S001","2018-03-09 10:00","2018","03","09","10:00","-7.7","","-13.2","","65","","0.0","","16","","2","","","","91.86","","","","-9","","NA"
"-111.10","52.83","WAINWRIGHT CFB AIRFIELD 21","301S001","2018-03-09 11:00","2018","03","09","11:00"
"-111.10","52.83","WAINWRIGHT CFB AIRFIELD 21","301S001","2018-03-09 12:00","2018","03","09","12:00"
"-111.10","52.83","WAINWRIGHT CFB AIRFIELD 21","301S001","2018-03-09 13:00","2018","03","09","13:00","-6.7","","-11.5","","68","","0.0","","34","","14","","","","92.12","","","","-12","","NA"
"-111.10","52.83","WAINWRIGHT CFB AIRFIELD 21","301S001","2018-03-09 14:00","2018","03","09","14:00","-6.5","","-10.6","","72","","0.0","","35","","13","","","","92.20","","","","-12","","NA"
"-111.10","52.83","WAINWRIGHT CFB AIRFIELD 21","301S001","2018-03-09 15:00","2018","03","09","15:00","-6.4","","-10.1","","75","","0.0","","35","","17","","","","92.28","","","","-13","","NA"
"-111.10","52.83","WAINWRIGHT CFB AIRFIELD 21","301S001","2018-03-09 16:00","2018","03","09","16:00","-6.5","","-9.2","","81","","0.0","","33","","16","","","","92.41","","","","-13","","NA"
"-111.10","52.83","WAINWRIGHT CFB AIRFIELD 21","301S001","2018-03-09 17:00","2018","03","09","17:00","-6.5","","-9.5","","80","","0.0","","34","","20","","","","92.53","","","","-13","","NA"
"-111.10","52.83","WAINWRIGHT CFB AIRFIELD 21","301S001","2018-03-09 18:00","2018","03","09","18:00","-6.3","","-9.2","","80","","0.0","","33","","17","","","","92.62","","","","-13","","NA"
"-111.10","52.83","WAINWRIGHT CFB AIRFIELD 21","301S001","2018-03-09 19:00","2018","03","09","19:00","-6.5","","-9.4","","80","","0.0","","34","","15","","","","92.75","","","","-12","","NA"
"-111.10","52.83","WAINWRIGHT CFB AIRFIELD 21","301S001","2018-03-09 20:00","2018","03","09","20:00","-8.2","","-10.5","","84","","0.0","","30","","5","","","","92.80","","","","-11","","NA"
"-111.10","52.83","WAINWRIGHT CFB AIRFIELD 21","301S001","2018-03-09 21:00","2018","03","09","21:00","-9.1","","-10.9","","86","","0.0","","26","","9","","","","92.89","","","","-14","","NA"
"-111.10","52.83","WAINWRIGHT CFB AIRFIELD 21","301S001","2018-03-09 22:00","2018","03","09","22:00","-8.6","","-11.0","","83","","0.0","","27","","12","","","","92.95","","","","-14","","NA"
"-111.10","52.83","WAINWRIGHT CFB AIRFIELD 21","301S001","2018-03-09 23:00","2018","03","09","23:00","-11.9","","-13.8","","86","","0.0","","24","","14","","","","93.01","","","","-19","","NA"
"-111.10","52.83","WAINWRIGHT CFB AIRFIELD 21","301S001","2018-03-10 00:00","2018","03","10","00:00","-11.4","","-12.9","","88","","0.0","","25","","13","","","","93.10","","","","-18","","NA"
"-111.10","52.83","WAINWRIGHT CFB AIRFIELD 21","301S001","2018-03-10 01:00","2018","03","10","01:00","-13.7","","-15.6","","86","","0.0","","23","","15","","","","93.18","","","","-21","","NA"
"-111.10","52.83","WAINWRIGHT CFB AIRFIELD 21","301S001","2018-03-10 02:00","2018","03","10","02:00","-14.8","","-16.7","","85","","0.0","","24","","11","","","","93.28","","","","-21","","NA"
"-111.10","52.83","WAINWRIGHT CFB AIRFIELD 21","301S001","2018-03-10 03:00","2018","03","10","03:00","-14.5","","-16.5","","85","","0.0","","24","","14","","","","93.35","","","","-22","","NA"
"-111.10","52.83","WAINWRIGHT CFB AIRFIELD 21","301S001","2018-03-10 04:00","2018","03","10","04:00","-15.1","","-17.2","","85","","0.0","","23","","11","","","","93.42","","","","-22","","NA"
"-111.10","52.83","WAINWRIGHT CFB AIRFIELD 21","301S001","2018-03-10 05:00","2018","03","10","05:00","-15.1","","-17.3","","83","","0.0","","22","","10","","","","93.47","","","","-21","","NA"
"-111.10","52.83","WAINWRIGHT CFB AIRFIELD 21","301S001","2018-03-10 06:00","2018","03","10","06:00","-13.9","","-15.9","","84","","0.0","","22","","16","","","","93.52","","","","-22","","NA"
"-111.10","52.83","WAINWRIGHT CFB AIRFIELD 21","301S001","2018-03-10 07:00","2018","03","10","07:00","-14.0","","-16.1","","84","","0.0","","23","","14","","","","93.57","","","","-21","","NA"
"-111.10","52.83","WAINWRIGHT CFB AIRFIELD 21","301S001","2018-03-10 08:00","2018","03","10","08:00","-13.0","","-15.1","","84","","0.0","","22","","15","","","","93.61","","","","-20","","NA"
"-111.10","52.83","WAINWRIGHT CFB AIRFIELD 21","301S001","2018-03-10 09:00","2018","03","10","09:00","-11.1","","-13.6","","82","","0.0","","22","","11","","","","93.68","","","","-17","","NA"
"-111.10","52.83","WAINWRIGHT CFB AIRFIELD 21","301S001","2018-03-10 10:00","2018","03","10","10:00","-9.7","","-13.0","","77","","0.0","","22","","13","","","","93.71","","","","-16","","NA"
"-111.10","52.83","WAINWRIGHT CFB AIRFIELD 21","301S001","2018-03-10 11:00","2018","03","10","11:00","-6.4","","-11.8","","66","","0.0","","23","","13","","","","93.78","","","","-12","","NA"
"-111.10","52.83","WAINWRIGHT CFB AIRFIELD 21","301S001","2018-03-10 12:00","2018","03","10","12:00","-3.8","","-11.5","","55","","0.0","","23","","13","","","","93.80","","","","-9","","NA"
"-111.10","52.83","WAINWRIGHT CFB AIRFIELD 21","301S001","2018-03-10 13:00","2018","03","10","13:00","-1.2","","-12.1","","43","","0.0","","19","","7","","","","93.83","","","","-4","","NA"
"-111.10","52.83","WAINWRIGHT CFB AIRFIELD 21","301S001","2018-03-10 14:00","2018","03","10","14:00","-0.4","","-10.6","","46","","0.0","","24","","14","","","","93.81","","","","-5","","NA"
"-111.10","52.83","WAINWRIGHT CFB AIRFIELD 21","301S001","2018-03-10 15:00","2018","03","10","15:00","0.5","","-10.1","","45","","0.0","","26","","13","","","","93.84","","","","","","NA"
"-111.10","52.83","WAINWRIGHT CFB AIRFIELD 21","301S001","2018-03-10 16:00","2018","03","10","16:00","0.8","","-9.6","","46","","0.0","","25","","13","","","","93.85","","","","","","NA"
"-111.10","52.83","WAINWRIGHT CFB AIRFIELD 21","301S001","2018-03-10 17:00","2018","03","10","17:00","0.3","","-8.8","","50","","0.0","","25","","14","","","","93.87","","","","","","NA"
"-111.10","52.83","WAINWRIGHT CFB AIRFIELD 21","301S001","2018-03-10 18:00","2018","03","10","18:00","-0.6","","-8.4","","56","","0.0","","23","","14","","","","93.89","","","","-5","","NA"
"-111.10","52.83","WAINWRIGHT CFB AIRFIELD 21","301S001","2018-03-10 19:00","2018","03","10","19:00","-2.2","","-8.1","","64","","0.0","","22","","17","","","","93.90","","","","-8","","NA"
"-111.10","52.83","WAINWRIGHT CFB AIRFIELD 21","301S001","2018-03-10 20:00","2018","03","10","20:00","-2.8","","-8.4","","65","","0.0","","22","","14","","","","93.94","","","","-8","","NA"
"-111.10","52.83","WAINWRIGHT CFB AIRFIELD 21","301S001","2018-03-10 21:00","2018","03","10","21:00","-3.6","","-9.5","","64","","0.0","","24","","15","","","","93.97","","","","-9","","NA"
"-111.10","52.83","WAINWRIGHT CFB AIRFIELD 21","301S001","2018-03-10 22:00","2018","03","10","22:00","-4.8","","-10.7","","63","","0.0","","23","","11","","","","94.01","","","","-9","","NA"
"-111.10","52.83","WAINWRIGHT CFB AIRFIELD 21","301S001","2018-03-10 23:00","2018","03","10","23:00","-5.2","","-10.6","","65","","0.0","","23","","12","","","","94.04","","","","-10","","NA"
"-111.10","52.83","WAINWRIGHT CFB AIRFIELD 21","301S001","2018-03-11 00:00","2018","03","11","00:00","-6.3","","-11.1","","69","","0.0","","26","","9","","","","94.06","","","","-11","","NA"
"-111.10","52.83","WAINWRIGHT CFB AIRFIELD 21","301S001","2018-03-11 01:00","2018","03","11","01:00","-6.1","","-11.2","","68","","0.0","","25","","13","","","","94.08","","","","-11","","NA"
"-111.10","52.83","WAINWRIGHT CFB AIRFIELD 21","301S001","2018-03-11 02:00","2018","03","11","02:00","-8.0","","-11.6","","75","","0.0","","22","","5","","","","94.12","","","","-11","","NA"
"-111.10","52.83","WAINWRIGHT CFB AIRFIELD 21","301S001","2018-03-11 03:00","2018","03","11","03:00","-9.6","","-12.6","","79","","0.0","","21","","6","","","","94.13","","","","-13","","NA"
"-111.10","52.83","WAINWRIGHT CFB AIRFIELD 21","301S001","2018-03-11 04:00","2018","03","11","04:00","-10.1","","-12.3","","84","","0.0","","20","","5","","","","94.15","","","","-13","","NA"
"-111.10","52.83","WAINWRIGHT CFB AIRFIELD 21","301S001","2018-03-11 05:00","2018","03","11","05:00","-11.1","","-13.2","","84","","0.0","","20","","6","","","","94.19","","","","-15","","NA"
"-111.10","52.83","WAINWRIGHT CFB AIRFIELD 21","301S001","2018-03-11 06:00","2018","03","11","06:00","-12.0","","-13.9","","86","","0.0","","18","","3","","","","94.25","","","","-14","","NA"
"-111.10","52.83","WAINWRIGHT CFB AIRFIELD 21","301S001","2018-03-11 07:00","2018","03","11","07:00","-12.2","","-13.7","","88","","0.0","","21","","5","","","","94.27","","","","-15","","NA"
"-111.10","52.83","WAINWRIGHT CFB AIRFIELD 21","301S001","2018-03-11 08:00","2018","03","11","08:00","-11.6","","-13.4","","86","","0.0","","17","","3","","","","94.29","","","","-13","","NA"
"-111.10","52.83","WAINWRIGHT CFB AIRFIELD 21","301S001","2018-03-11 09:00","2018","03","11","09:00","-7.6","","-12.9","","66","","0.0","","","","0","","","","94.34","","","","","","NA"
"-111.10","52.83","WAINWRIGHT CFB AIRFIELD 21","301S001","2018-03-11 10:00","2018","03","11","10:00","-4.2","","-12.2","","54","","0.0","","20","","2","","","","94.37","","","","-5","","NA"
"-111.10","52.83","WAINWRIGHT CFB AIRFIELD 21","301S001","2018-03-11 11:00","2018","03","11","11:00","-2.7","","-12.8","","46","","0.0","","25","","2","","","","94.42","","","","-3","","NA"
"-111.10","52.83","WAINWRIGHT CFB AIRFIELD 21","301S001","2018-03-11 12:00","2018","03","11","12:00","-0.5","","-9.6","","50","","0.0","","22","","5","","","","94.46","","","","-2","","NA"
"-111.10","52.83","WAINWRIGHT CFB AIRFIELD 21","301S001","2018-03-11 13:00","2018","03","11","13:00","0.3","","-9.2","","49","","0.0","","22","","9","","","","94.49","","","","","","NA"
"-111.10","52.83","WAINWRIGHT CFB AIRFIELD 21","301S001","2018-03-11 14:00","2018","03","11","14:00","3.2","","-8.5","","42","","0.0","","16","","8","","","","94.47","","","","","","NA"
"-111.10","52.83","WAINWRIGHT CFB AIRFIELD 21","301S001","2018-03-11 15:00","2018","03","11","15:00","3.5","","-7.4","","45","","0.0","","16","","9","","","","94.49","","","","","","NA"
"-111.10","52.83","WAINWRIGHT CFB AIRFIELD 21","301S001","2018-03-11 16:00","2018","03","11","16:00","3.2","","-6.8","","48","","0.0","","16","","9","","","","94.48","","","","","","NA"
"-111.10","52.83","WAINWRIGHT CFB AIRFIELD 21","301S001","2018-03-11 17:00","2018","03","11","17:00","1.4","","-6.8","","55","","0.0","","21","","7","","","","94.47","","","","","","NA"
"-111.10","52.83","WAINWRIGHT CFB AIRFIELD 21","301S001","2018-03-11 18:00","2018","03","11","18:00","1.1","","-6.9","","55","","0.0","","","","0","","","","94.47","","","","","","NA"
"-111.10","52.83","WAINWRIGHT CFB AIRFIELD 21","301S001","2018-03-11 19:00","2018","03","11","19:00","-1.3","","-5.8","","71","","0.0","","14","","6","","","","94.50","","","","-4","","NA"
"-111.10","52.83","WAINWRIGHT CFB AIRFIELD 21","301S001","2018-03-11 20:00","2018","03","11","20:00","-2.5","","-6.4","","74","","0.0","","15","","7","","","","94.52","","","","-5","","NA"
"-111.10","52.83","WAINWRIGHT CFB AIRFIELD 21","301S001","2018-03-11 21:00","2018","03","11","21:00","-4.3","","-7.1","","81","","0.0","","20","","4","","","","94.54","","","","-6","","NA"
"-111.10","52.83","WAINWRIGHT CFB AIRFIELD 21","301S001","2018-03-11 22:00","2018","03","11","22:00","-4.6","","-7.1","","83","","0.0","","20","","5","","","","94.57","","","","-7","","NA"
"-111.10","52.83","WAINWRIGHT CFB AIRFIELD 21","301S001","2018-03-11 23:00","2018","03","11","23:00","-5.5","","-7.3","","87","","0.0","","15","","10","","","","94.55","","","","-10","","NA"
"-111.10","52.83","WAINWRIGHT CFB AIRFIELD 21","301S001","2018-03-12 00:00","2018","03","12","00:00","-7.3","","-9.2","","86","","0.0","","19","","5","","","","94.56","","","","-10","","NA"
"-111.10","52.83","WAINWRIGHT CFB AIRFIELD 21","301S001","2018-03-12 01:00","2018","03","12","01:00","-8.5","","-10.0","","89","","0.0","","23","","3","","","","94.58","","","","-10","","NA"
"-111.10","52.83","WAINWRIGHT CFB AIRFIELD 21","301S001","2018-03-12 02:00","2018","03","12","02:00","-9.4","","-10.9","","89","","0.0","","19","","2","","","","94.55","","","","-11","","NA"
"-111.10","52.83","WAINWRIGHT CFB AIRFIELD 21","301S001","2018-03-12 03:00","2018","03","12","03:00","-10.0","","-11.6","","88","","0.0","","18","","4","","","","94.51","","","","-12","","NA"
"-111.10","52.83","WAINWRIGHT CFB AIRFIELD 21","301S001","2018-03-12 04:00","2018","03","12","04:00","-12.4","","-14.3","","85","","0.0","","8","","4","","","","94.51","","","","-15","","NA"
"-111.10","52.83","WAINWRIGHT CFB AIRFIELD 21","301S001","2018-03-12 05:00","2018","03","12","05:00","-13.5","","-15.6","","84","","0.0","","7","","2","","","","94.52","","","","-15","","NA"
"-111.10","52.83","WAINWRIGHT CFB AIRFIELD 21","301S001","2018-03-12 06:00","2018","03","12","06:00","-13.6","","-15.6","","85","","0.0","","13","","3","","","","94.50","","","","-16","","NA"
"-111.10","52.83","WAINWRIGHT CFB AIRFIELD 21","301S001","2018-03-12 07:00","2018","03","12","07:00","-15.6","","-17.9","","82","","0.0","","","","0","","","","94.53","","","","","","NA"
"-111.10","52.83","WAINWRIGHT CFB AIRFIELD 21","301S001","2018-03-12 08:00","2018","03","12","08:00","-15.0","","-17.0","","84","","0.0","","17","","2","","","","94.53","","","","-16","","NA"
"-111.10","52.83","WAINWRIGHT CFB AIRFIELD 21","301S001","2018-03-12 09:00","2018","03","12","09:00","-12.3","","-14.1","","86","","0.0","","","","0","","","","94.52","","","","","","NA"
"-111.10","52.83","WAINWRIGHT CFB AIRFIELD 21","301S001","2018-03-12 10:00","2018","03","12","10:00","-8.7","","-10.5","","87","","0.0","","23","","1","","","","94.53","","","","-9","","NA"
"-111.10","52.83","WAINWRIGHT CFB AIRFIELD 21","301S001","2018-03-12 11:00","2018","03","12","11:00","-5.4","","-10.8","","66","","0.0","","21","","3","","","","94.53","","","","-7","","NA"
"-111.10","52.83","WAINWRIGHT CFB AIRFIELD 21","301S001","2018-03-12 12:00","2018","03","12","12:00","-1.2","","-9.7","","52","","0.0","","22","","4","","","","94.50","","","","-3","","NA"
"-111.10","52.83","WAINWRIGHT CFB AIRFIELD 21","301S001","2018-03-12 13:00","2018","03","12","13:00","1.7","","-6.7","","53","","0.0","","18","","10","","","","94.47","","","","","","NA"
"-111.10","52.83","WAINWRIGHT CFB AIRFIELD 21","301S001","2018-03-12 14:00","2018","03","12","14:00","2.5","","-7.6","","47","","0.0","","17","","14","","","","94.43","","","","","","NA"
"-111.10","52.83","WAINWRIGHT CFB AIRFIELD 21","301S001","2018-03-12 15:00","2018","03","12","15:00","3.3","","-7.1","","46","","0.0","","16","","10","","","","94.43","","","","","","NA"
"-111.10","52.83","WAINWRIGHT CFB AIRFIELD 21","301S001","2018-03-12 16:00","2018","03","12","16:00","3.1","","-6.8","","48","","0.0","","16","","11","","","","94.38","","","","","","NA"
"-111.10","52.83","WAINWRIGHT CFB AIRFIELD 21","301S001","2018-03-12 17:00","2018","03","12","17:00","2.0","","-7.1","","51","","0.0","","16","","13","","","","94.32","","","","","","NA"
"-111.10","52.83","WAINWRIGHT CFB AIRFIELD 21","301S001","2018-03-12 18:00","2018","03","12","18:00","0.0","","-7.5","","57","","0.0","","17","","13","","","","94.30","","","","-4","","NA"
"-111.10","52.83","WAINWRIGHT CFB AIRFIELD 21","301S001","2018-03-12 19:00","2018","03","12","19:00","-1.2","","-7.5","","62","","0.0","","17","","11","","","","94.26","","","","-5","","NA"
"-111.10","52.83","WAINWRIGHT CFB AIRFIELD 21","301S001","2018-03-12 20:00","2018","03","12","20:00","-2.3","","-7.6","","67","","0.0","","16","","14","","","","94.21","","","","-7","","NA"
"-111.10","52.83","WAINWRIGHT CFB AIRFIELD 21","301S001","2018-03-12 21:00","2018","03","12","21:00","-6.1","","-9.3","","78","","0.0","","20","","8","","","","94.19","","","","-10","","NA"
"-111.10","52.83","WAINWRIGHT CFB AIRFIELD 21","301S001","2018-03-12 22:00","2018","03","12","22:00","-8.0","","-11.1","","79","","0.0","","19","","10","","","","94.15","","","","-13","","NA"
"-111.10","52.83","WAINWRIGHT CFB AIRFIELD 21","301S001","2018-03-12 23:00","2018","03","12","23:00","-8.5","","-10.6","","85","","0.0","","18","","12","","","","94.12","","","","-14","","NA"
"-111.10","52.83","WAINWRIGHT CFB AIRFIELD 21","301S001","2018-03-13 00:00","2018","03","13","00:00","-10.4","","-11.9","","88","","0.0","","19","","9","","","","94.08","","","","-15","","NA"
"-111.10","52.83","WAINWRIGHT CFB AIRFIELD 21","301S001","2018-03-13 01:00","2018","03","13","01:00","-11.2","","-12.9","","88","","0.0","","20","","9","","","","94.04","","","","-16","","NA"
"-111.10","52.83","WAINWRIGHT CFB AIRFIELD 21","301S001","2018-03-13 02:00","2018","03","13","02:00","-11.5","","-13.2","","87","","0.0","","19","","13","","","","94.00","","","","-18","","NA"
"-111.10","52.83","WAINWRIGHT CFB AIRFIELD 21","301S001","2018-03-13 03:00","2018","03","13","03:00","-13.0","","-14.8","","86","","0.0","","19","","10","","","","93.92","","","","-19","","NA"
"-111.10","52.83","WAINWRIGHT CFB AIRFIELD 21","301S001","2018-03-13 04:00","2018","03","13","04:00","-12.6","","-14.1","","88","","0.0","","18","","9","","","","93.89","","","","-18","","NA"
"-111.10","52.83","WAINWRIGHT CFB AIRFIELD 21","301S001","2018-03-13 05:00","2018","03","13","05:00","-12.8","","-14.7","","85","","0.0","","17","","8","","","","93.84","","","","-18","","NA"
"-111.10","52.83","WAINWRIGHT CFB AIRFIELD 21","301S001","2018-03-13 06:00","2018","03","13","06:00","-14.0","","-16.1","","84","","0.0","","19","","4","","","","93.79","","","","-17","","NA"
"-111.10","52.83","WAINWRIGHT CFB AIRFIELD 21","301S001","2018-03-13 07:00","2018","03","13","07:00","-13.6","","-15.6","","85","","0.0","","19","","9","","","","93.72","","","","-19","","NA"
"-111.10","52.83","WAINWRIGHT CFB AIRFIELD 21","301S001","2018-03-13 08:00","2018","03","13","08:00","-12.7","","-14.7","","85","","0.0","","17","","7","","","","93.71","","","","-17","","NA"
"-111.10","52.83","WAINWRIGHT CFB AIRFIELD 21","301S001","2018-03-13 09:00","2018","03","13","09:00","-9.7","","-12.7","","78","","0.0","","21","","6","","","","93.71","","","","-13","","NA"
"-111.10","52.83","WAINWRIGHT CFB AIRFIELD 21","301S001","2018-03-13 10:00","2018","03","13","10:00","-7.0","","-11.7","","69","","0.0","","23","","6","","","","93.67","","","","-10","","NA"
"-111.10","52.83","WAINWRIGHT CFB AIRFIELD 21","301S001","2018-03-13 11:00","2018","03","13","11:00","-2.2","","-11.1","","51","","0.0","","17","","5","","","","93.65","","","","-4","","NA"
"-111.10","52.83","WAINWRIGHT CFB AIRFIELD 21","301S001","2018-03-13 12:00","2018","03","13","12:00","-1.0","","-9.4","","53","","0.0","","18","","12","","","","93.61","","","","-5","","NA"
"-111.10","52.83","WAINWRIGHT CFB AIRFIELD 21","301S001","2018-03-13 13:00","2018","03","13","13:00","0.9","","-8.3","","50","","0.0","","17","","12","","","","93.55","","","","","","NA"
"-111.10","52.83","WAINWRIGHT CFB AIRFIELD 21","301S001","2018-03-13 14:00","2018","03","13","14:00","2.2","","-8.1","","46","","0.0","","17","","11","","","","93.51","","","","","","NA"
"-111.10","52.83","WAINWRIGHT CFB AIRFIELD 21","301S001","2018-03-13 15:00","2018","03","13","15:00","3.0","","-8.1","","44","","0.0","","16","","7","","","","93.51","","","","","","NA"
"-111.10","52.83","WAINWRIGHT CFB AIRFIELD 21","301S001","2018-03-13 16:00","2018","03","13","16:00","2.3","","-7.6","","48","","0.0","","16","","13","","","","93.46","","","","","","NA"
"-111.10","52.83","WAINWRIGHT CFB AIRFIELD 21","301S001","2018-03-13 17:00","2018","03","13","17:00","1.1","","-6.8","","56","","0.0","","17","","13","","","","93.43","","","","","","NA"
"-111.10","52.83","WAINWRIGHT CFB AIRFIELD 21","301S001","2018-03-13 18:00","2018","03","13","18:00","0.3","","-6.9","","58","","0.0","","13","","5","","","","93.41","","","","","","NA"
"-111.10","52.83","WAINWRIGHT CFB AIRFIELD 21","301S001","2018-03-13 19:00","2018","03","13","19:00","-1.4","","-6.2","","70","","0.0","","11","","13","","","","93.38","","","","-6","","NA"
"-111.10","52.83","WAINWRIGHT CFB AIRFIELD 21","301S001","2018-03-13 20:00","2018","03","13","20:00","-2.9","","-7.1","","73","","0.0","","13","","4","","","","93.39","","","","-4","","NA"
"-111.10","52.83","WAINWRIGHT CFB AIRFIELD 21","301S001","2018-03-13 21:00","2018","03","13","21:00","-4.6","","-8.1","","77","","0.0","","15","","12","","","","93.37","","","","-9","","NA"
"-111.10","52.83","WAINWRIGHT CFB AIRFIELD 21","301S001","2018-03-13 22:00","2018","03","13","22:00","-5.6","","-8.4","","81","","0.0","","14","","7","","","","93.36","","","","-9","","NA"
"-111.10","52.83","WAINWRIGHT CFB AIRFIELD 21","301S001","2018-03-13 23:00","2018","03","13","23:00","-6.2","","-8.2","","86","","0.0","","11","","7","","","","93.35","","","","-10","","NA"
"-111.10","52.83","WAINWRIGHT CFB AIRFIELD 21","301S001","2018-03-14 00:00","2018","03","14","00:00","-6.7","","-8.7","","85","","0.0","","14","","2","","","","93.34","","","","-8","","NA"
"-111.10","52.83","WAINWRIGHT CFB AIRFIELD 21","301S001","2018-03-14 01:00","2018","03","14","01:00","-7.0","","-9.0","","86","","0.0","","16","","3","","","","93.31","","","","-9","","NA"
"-111.10","52.83","WAINWRIGHT CFB AIRFIELD 21","301S001","2018-03-14 02:00","2018","03","14","02:00","-7.2","","-9.4","","84","","0.0","","10","","10","","","","93.27","","","","-12","","NA"
"-111.10","52.83","WAINWRIGHT CFB AIRFIELD 21","301S001","2018-03-14 03:00","2018","03","14","03:00","-7.7","","-10.6","","80","","0.0","","11","","10","","","","93.21","","","","-13","","NA"
"-111.10","52.83","WAINWRIGHT CFB AIRFIELD 21","301S001","2018-03-14 04:00","2018","03","14","04:00","-7.1","","-11.2","","73","","0.0","","10","","7","","","","93.20","","","","-11","","NA"
"-111.10","52.83","WAINWRIGHT CFB AIRFIELD 21","301S001","2018-03-14 05:00","2018","03","14","05:00","-8.8","","-12.2","","76","","0.0","","8","","8","","","","93.17","","","","-13","","NA"
"-111.10","52.83","WAINWRIGHT CFB AIRFIELD 21","301S001","2018-03-14 06:00","2018","03","14","06:00","-10.5","","-13.2","","81","","0.0","","5","","6","","","","93.13","","","","-14","","NA"
"-111.10","52.83","WAINWRIGHT CFB AIRFIELD 21","301S001","2018-03-14 07:00","2018","03","14","07:00","-11.2","","-13.9","","81","","0.0","","6","","8","","","","93.10","","","","-16","","NA"
"-111.10","52.83","WAINWRIGHT CFB AIRFIELD 21","301S001","2018-03-14 08:00","2018","03","14","08:00","-8.2","","-12.0","","74","","0.0","","7","","11","","","","93.06","","","","-13","","NA"
"-111.10","52.83","WAINWRIGHT CFB AIRFIELD 21","301S001","2018-03-14 09:00","2018","03","14","09:00","-4.0","","-11.5","","56","","0.0","","10","","19","","","","93.04","","","","-10","","NA"
"-111.10","52.83","WAINWRIGHT CFB AIRFIELD 21","301S001","2018-03-14 10:00","2018","03","14","10:00","-1.2","","-10.5","","49","","0.0","","11","","23","","","","93.02","","","","-7","","NA"
"-111.10","52.83","WAINWRIGHT CFB AIRFIELD 21","301S001","2018-03-14 11:00","2018","03","14","11:00","0.1","","-10.1","","46","","0.0","","12","","21","","","","92.99","","","","","","NA"
"-111.10","52.83","WAINWRIGHT CFB AIRFIELD 21","301S001","2018-03-14 12:00","2018","03","14","12:00","0.8","","-10.2","","44","","0.0","","11","","25","","","","93.01","","","","","","NA"
"-111.10","52.83","WAINWRIGHT CFB AIRFIELD 21","301S001","2018-03-14 13:00","2018","03","14","13:00","1.4","","-8.4","","48","","0.0","","10","","25","","","","92.95","","","","","","NA"
"-111.10","52.83","WAINWRIGHT CFB AIRFIELD 21","301S001","2018-03-14 14:00","2018","03","14","14:00","2.0","","-7.4","","50","","0.0","","10","","21","","","","92.93","","","","","","NA"
"-111.10","52.83","WAINWRIGHT CFB AIRFIELD 21","301S001","2018-03-14 15:00","2018","03","14","15:00","2.6","","-7.2","","48","","0.0","","9","","20","","","","92.88","","","","","","NA"
"-111.10","52.83","WAINWRIGHT CFB AIRFIELD 21","301S001","2018-03-14 16:00","2018","03","14","16:00","2.1","","-7.4","","49","","0.0","","9","","22","","","","92.84","","","","","","NA"
"-111.10","52.83","WAINWRIGHT CFB AIRFIELD 21","301S001","2018-03-14 17:00","2018","03","14","17:00","0.7","","-7.0","","56","","0.0","","11","","21","","","","92.83","","","","","","NA"
"-111.10","52.83","WAINWRIGHT CFB AIRFIELD 21","301S001","2018-03-14 18:00","2018","03","14","18:00","-1.4","","-7.3","","64","","0.0","","10","","17","","","","92.80","","","","-7","","NA"
"-111.10","52.83","WAINWRIGHT CFB AIRFIELD 21","301S001","2018-03-14 19:00","2018","03","14","19:00","-2.4","","-7.4","","69","","0.0","","10","","11","","","","92.77","","","","-6","","NA"
"-111.10","52.83","WAINWRIGHT CFB AIRFIELD 21","301S001","2018-03-14 20:00","2018","03","14","20:00","-3.1","","-7.4","","72","","0.0","","9","","11","","","","92.76","","","","-7","","NA"
"-111.10","52.83","WAINWRIGHT CFB AIRFIELD 21","301S001","2018-03-14 21:00","2018","03","14","21:00","-3.4","","-7.4","","74","","0.0","","10","","16","","","","92.74","","","","-9","","NA"
"-111.10","52.83","WAINWRIGHT CFB AIRFIELD 21","301S001","2018-03-14 22:00","2018","03","14","22:00","-3.9","","-7.7","","75","","0.0","","10","","15","","","","92.72","","","","-9","","NA"
"-111.10","52.83","WAINWRIGHT CFB AIRFIELD 21","301S001","2018-03-14 23:00","2018","03","14","23:00","-4.1","","-7.9","","75","","0.0","","11","","24","","","","92.71","","","","-11","","NA"
"-111.10","52.83","WAINWRIGHT CFB AIRFIELD 21","301S001","2018-03-15 00:00","2018","03","15","00:00","-4.4","","-8.0","","76","","0.0","","10","","24","","","","92.68","","","","-11","","NA"
"-111.10","52.83","WAINWRIGHT CFB AIRFIELD 21","301S001","2018-03-15 01:00","2018","03","15","01:00","-4.9","","-8.5","","76","","0.0","","9","","18","","","","92.66","","","","-11","","NA"
"-111.10","52.83","WAINWRIGHT CFB AIRFIELD 21","301S001","2018-03-15 02:00","2018","03","15","02:00","-5.4","","-8.8","","77","","0.0","","10","","17","","","","92.66","","","","-11","","NA"
"-111.10","52.83","WAINWRIGHT CFB AIRFIELD 21","301S001","2018-03-15 03:00","2018","03","15","03:00","-5.8","","-8.7","","80","","0.0","","11","","19","","","","92.66","","","","-12","","NA"
"-111.10","52.83","WAINWRIGHT CFB AIRFIELD 21","301S001","2018-03-15 04:00","2018","03","15","04:00","-6.3","","-9.0","","81","","0.0","","11","","21","","","","92.62","","","","-13","","NA"
"-111.10","52.83","WAINWRIGHT CFB AIRFIELD 21","301S001","2018-03-15 05:00","2018","03","15","05:00","-6.7","","-9.3","","82","","0.0","","11","","13","","","","92.64","","","","-12","","NA"
"-111.10","52.83","WAINWRIGHT CFB AIRFIELD 21","301S001","2018-03-15 06:00","2018","03","15","06:00","-7.3","","-9.6","","83","","0.0","","8","","10","","","","92.68","","","","-12","","NA"
"-111.10","52.83","WAINWRIGHT CFB AIRFIELD 21","301S001","2018-03-15 07:00","2018","03","15","07:00","-8.3","","-10.4","","85","","0.0","","5","","6","","","","92.66","","","","-12","","NA"
"-111.10","52.83","WAINWRIGHT CFB AIRFIELD 21","301S001","2018-03-15 08:00","2018","03","15","08:00","-7.5","","-10.3","","81","","0.0","","8","","12","","","","92.66","","","","-13","","NA"
"-111.10","52.83","WAINWRIGHT CFB AIRFIELD 21","301S001","2018-03-15 09:00","2018","03","15","09:00","-6.5","","-10.1","","76","","0.0","","11","","16","","","","92.68","","","","-13","","NA"
"-111.10","52.83","WAINWRIGHT CFB AIRFIELD 21","301S001","2018-03-15 10:00","2018","03","15","10:00","-5.0","","-10.1","","68","","0.0","","10","","13","","","","92.69","","","","-10","","NA"
"-111.10","52.83","WAINWRIGHT CFB AIRFIELD 21","301S001","2018-03-15 11:00","2018","03","15","11:00","-3.8","","-10.1","","62","","0.0","","8","","14","","","","92.69","","","","-9","","NA"
"-111.10","52.83","WAINWRIGHT CFB AIRFIELD 21","301S001","2018-03-15 12:00","2018","03","15","12:00","-2.5","","-9.8","","57","","0.0","","8","","14","","","","92.71","","","","-7","","NA"
"-111.10","52.83","WAINWRIGHT CFB AIRFIELD 21","301S001","2018-03-15 13:00","2018","03","15","13:00","-2.0","","-9.6","","56","","0.0","","9","","17","","","","92.71","","","","-7","","NA"
"-111.10","52.83","WAINWRIGHT CFB AIRFIELD 21","301S001","2018-03-15 14:00","2018","03","15","14:00","-1.6","","-9.5","","55","","0.0","","9","","21","","","","92.69","","","","-7","","NA"
"-111.10","52.83","WAINWRIGHT CFB AIRFIELD 21","301S001","2018-03-15 15:00","2018","03","15","15:00","-1.6","","-9.8","","54","","0.0","","8","","18","","","","92.68","","","","-7","","NA"
"-111.10","52.83","WAINWRIGHT CFB AIRFIELD 21","301S001","2018-03-15 16:00","2018","03","15","16:00","-2.1","","-9.4","","57","","0.0","","8","","20","","","","92.66","","","","-8","","NA"
"-111.10","52.83","WAINWRIGHT CFB AIRFIELD 21","301S001","2018-03-15 17:00","2018","03","15","17:00","-2.3","","-9.3","","58","","0.0","","9","","19","","","","92.69","","","","-8","","NA"
"-111.10","52.83","WAINWRIGHT CFB AIRFIELD 21","301S001","2018-03-15 18:00","2018","03","15","18:00","-3.7","","-10.9","","57","","0.0","","13","","13","","","","92.74","","","","-9","","NA"
"-111.10","52.83","WAINWRIGHT CFB AIRFIELD 21","301S001","2018-03-15 19:00","2018","03","15","19:00","-4.8","","-9.6","","69","","0.0","","11","","18","","","","92.76","","","","-11","","NA"
"-111.10","52.83","WAINWRIGHT CFB AIRFIELD 21","301S001","2018-03-15 20:00","2018","03","15","20:00","-5.0","","-8.3","","78","","0.0","","11","","14","","","","92.78","","","","-10","","NA"
"-111.10","52.83","WAINWRIGHT CFB AIRFIELD 21","301S001","2018-03-15 21:00","2018","03","15","21:00","-5.2","","-7.9","","81","","0.5","","11","","19","","","","92.79","","","","-12","","NA"
"-111.10","52.83","WAINWRIGHT CFB AIRFIELD 21","301S001","2018-03-15 22:00","2018","03","15","22:00","-5.2","","-7.9","","82","","0.0","","10","","19","","","","92.75","","","","-12","","NA"
"-111.10","52.83","WAINWRIGHT CFB AIRFIELD 21","301S001","2018-03-15 23:00","2018","03","15","23:00","-5.4","","-8.1","","81","","0.0","","10","","14","","","","92.80","","","","-11","","NA"
"-111.10","52.83","WAINWRIGHT CFB AIRFIELD 21","301S001","2018-03-16 00:00","2018","03","16","00:00","-5.7","","-8.2","","83","","0.0","","10","","10","","","","92.81","","","","-10","","NA"
"-111.10","52.83","WAINWRIGHT CFB AIRFIELD 21","301S001","2018-03-16 01:00","2018","03","16","01:00","-5.9","","-8.0","","85","","0.0","","10","","13","","","","92.79","","","","-11","","NA"
"-111.10","52.83","WAINWRIGHT CFB AIRFIELD 21","301S001","2018-03-16 02:00","2018","03","16","02:00","-5.9","","-8.1","","84","","0.0","","10","","11","","","","92.82","","","","-11","","NA"
"-111.10","52.83","WAINWRIGHT CFB AIRFIELD 21","301S001","2018-03-16 03:00","2018","03","16","03:00","-5.9","","-8.1","","84","","0.0","","10","","9","","","","92.86","","","","-10","","NA"
"-111.10","52.83","WAINWRIGHT CFB AIRFIELD 21","301S001","2018-03-16 04:00","2018","03","16","04:00","-5.9","","-8.1","","85","","0.0","","9","","7","","","","92.89","","","","-9","","NA"
"-111.10","52.83","WAINWRIGHT CFB AIRFIELD 21","301S001","2018-03-16 05:00","2018","03","16","05:00","-5.9","","-7.9","","86","","0.0","","10","","3","","","","92.93","","","","-7","","NA"
"-111.10","52.83","WAINWRIGHT CFB AIRFIELD 21","301S001","2018-03-16 06:00","2018","03","16","06:00","-5.8","","-7.8","","86","","0.0","","11","","4","","","","92.95","","","","-8","","NA"
"-111.10","52.83","WAINWRIGHT CFB AIRFIELD 21","301S001","2018-03-16 07:00","2018","03","16","07:00","-5.7","","-7.7","","86","","0.0","","14","","3","","","","92.96","","","","-7","","NA"
"-111.10","52.83","WAINWRIGHT CFB AIRFIELD 21","301S001","2018-03-16 08:00","2018","03","16","08:00","-5.2","","-7.6","","84","","0.0","","10","","6","","","","92.99","","","","-8","","NA"
"-111.10","52.83","WAINWRIGHT CFB AIRFIELD 21","301S001","2018-03-16 09:00","2018","03","16","09:00","-4.4","","-7.1","","82","","0.0","","16","","7","","","","93.04","","","","-8","","NA"
"-111.10","52.83","WAINWRIGHT CFB AIRFIELD 21","301S001","2018-03-16 10:00","2018","03","16","10:00","-3.5","","-6.4","","80","","0.0","","17","","11","","","","93.10","","","","-8","","NA"
"-111.10","52.83","WAINWRIGHT CFB AIRFIELD 21","301S001","2018-03-16 11:00","2018","03","16","11:00","-1.4","","-5.6","","73","","0.0","","22","","15","","","","93.11","","","","-6","","NA"
"-111.10","52.83","WAINWRIGHT CFB AIRFIELD 21","301S001","2018-03-16 12:00","2018","03","16","12:00","-0.6","","-6.7","","63","","0.0","","23","","18","","","","93.13","","","","-6","","NA"
"-111.10","52.83","WAINWRIGHT CFB AIRFIELD 21","301S001","2018-03-16 13:00","2018","03","16","13:00","-0.3","","-7.3","","59","","0.0","","25","","16","","","","93.17","","","","-5","","NA"
"-111.10","52.83","WAINWRIGHT CFB AIRFIELD 21","301S001","2018-03-16 14:00","2018","03","16","14:00","0.3","","-7.3","","57","","0.0","","25","","10","","","","93.15","","","","","","NA"
"-111.10","52.83","WAINWRIGHT CFB AIRFIELD 21","301S001","2018-03-16 15:00","2018","03","16","15:00","0.8","","-7.0","","56","","0.0","","26","","10","","","","93.17","","","","","","NA"
"-111.10","52.83","WAINWRIGHT CFB AIRFIELD 21","301S001","2018-03-16 16:00","2018","03","16","16:00","1.0","","-6.5","","57","","0.0","","24","","8","","","","93.20","","","","","","NA"
"-111.10","52.83","WAINWRIGHT CFB AIRFIELD 21","301S001","2018-03-16 17:00","2018","03","16","17:00","0.6","","-4.9","","67","","0.0","","24","","8","","","","93.20","","","","","","NA"
"-111.10","52.83","WAINWRIGHT CFB AIRFIELD 21","301S001","2018-03-16 18:00","2018","03","16","18:00","-0.5","","-4.5","","75","","0.0","","22","","5","","","","93.18","","","","-2","","NA"
"-111.10","52.83","WAINWRIGHT CFB AIRFIELD 21","301S001","2018-03-16 19:00","2018","03","16","19:00","-1.2","","-4.4","","79","","0.0","","20","","5","","","","93.16","","","","-3","","NA"
"-111.10","52.83","WAINWRIGHT CFB AIRFIELD 21","301S001","2018-03-16 20:00","2018","03","16","20:00","-2.2","","-4.9","","82","","0.0","","21","","6","","","","93.17","","","","-5","","NA"
"-111.10","52.83","WAINWRIGHT CFB AIRFIELD 21","301S001","2018-03-16 21:00","2018","03","16","21:00","-2.4","","-4.8","","83","","0.0","","22","","9","","","","93.19","","","","-6","","NA"
"-111.10","52.83","WAINWRIGHT CFB AIRFIELD 21","301S001","2018-03-16 22:00","2018","03","16","22:00","-4.3","","-6.4","","85","","0.0","","23","","8","","","","93.18","","","","-8","","NA"
"-111.10","52.83","WAINWRIGHT CFB AIRFIELD 21","301S001","2018-03-16 23:00","2018","03","16","23:00","-4.4","","-6.2","","88","","0.0","","22","","6","","","","93.17","","","","-7","","NA"
"-111.10","52.83","WAINWRIGHT CFB AIRFIELD 21","301S001","2018-03-17 00:00","2018","03","17","00:00","-4.1","","-5.6","","89","","0.0","","22","","9","","","","93.15","","","","-8","","NA"
"-111.10","52.83","WAINWRIGHT CFB AIRFIELD 21","301S001","2018-03-17 01:00","2018","03","17","01:00","-4.3","","-5.8","","89","","0.0","","23","","11","","","","93.13","","","","-9","","NA"
"-111.10","52.83","WAINWRIGHT CFB AIRFIELD 21","301S001","2018-03-17 02:00","2018","03","17","02:00","-4.6","","-6.1","","89","","0.0","","23","","9","","","","93.13","","","","-8","","NA"
"-111.10","52.83","WAINWRIGHT CFB AIRFIELD 21","301S001","2018-03-17 03:00","2018","03","17","03:00","-5.9","","-7.4","","89","","0.0","","4","","4","","","","93.10","","","","-8","","NA"
"-111.10","52.83","WAINWRIGHT CFB AIRFIELD 21","301S001","2018-03-17 04:00","2018","03","17","04:00","-6.3","","-7.5","","91","","0.0","","7","","2","","","","93.08","","","","-7","","NA"
"-111.10","52.83","WAINWRIGHT CFB AIRFIELD 21","301S001","2018-03-17 05:00","2018","03","17","05:00","-6.2","","-7.5","","91","","0.0","","23","","2","","","","93.06","","","","-7","","NA"
"-111.10","52.83","WAINWRIGHT CFB AIRFIELD 21","301S001","2018-03-17 06:00","2018","03","17","06:00","-6.1","","-7.4","","91","","0.0","","3","","2","","","","93.06","","","","-7","","NA"
"-111.10","52.83","WAINWRIGHT CFB AIRFIELD 21","301S001","2018-03-17 07:00","2018","03","17","07:00","-6.1","","-7.4","","91","","0.0","","4","","5","","","","93.05","","","","-9","","NA"
"-111.10","52.83","WAINWRIGHT CFB AIRFIELD 21","301S001","2018-03-17 08:00","2018","03","17","08:00","-5.5","","-6.8","","90","","0.0","","4","","4","","","","93.05","","","","-7","","NA"
"-111.10","52.83","WAINWRIGHT CFB AIRFIELD 21","301S001","2018-03-17 09:00","2018","03","17","09:00","-4.2","","-6.3","","85","","0.0","","4","","7","","","","93.06","","","","-7","","NA"
"-111.10","52.83","WAINWRIGHT CFB AIRFIELD 21","301S001","2018-03-17 10:00","2018","03","17","10:00","-2.9","","-5.9","","80","","0.0","","5","","7","","","","93.06","","","","-6","","NA"
"-111.10","52.83","WAINWRIGHT CFB AIRFIELD 21","301S001","2018-03-17 11:00","2018","03","17","11:00","-2.4","","-5.7","","78","","0.0","","3","","6","","","","93.08","","","","-5","","NA"
"-111.10","52.83","WAINWRIGHT CFB AIRFIELD 21","301S001","2018-03-17 12:00","2018","03","17","12:00","-2.3","","-5.5","","79","","0.0","","2","","4","","","","93.09","","","","-4","","NA"
"-111.10","52.83","WAINWRIGHT CFB AIRFIELD 21","301S001","2018-03-17 13:00","2018","03","17","13:00","-2.4","","-5.4","","80","","0.6","","36","","5","","","","93.11","","","","-4","","NA"
"-111.10","52.83","WAINWRIGHT CFB AIRFIELD 21","301S001","2018-03-17 14:00","2018","03","17","14:00","-2.3","","-5.1","","81","","0.4","","36","","7","","","","93.11","","","","-5","","NA"
"-111.10","52.83","WAINWRIGHT CFB AIRFIELD 21","301S001","2018-03-17 15:00","2018","03","17","15:00","-2.2","","-4.9","","82","","0.5","","36","","6","","","","93.13","","","","-5","","NA"
"-111.10","52.83","WAINWRIGHT CFB AIRFIELD 21","301S001","2018-03-17 16:00","2018","03","17","16:00","-2.5","","-5.0","","83","","0.3","","1","","6","","","","93.15","","","","-5","","NA"
"-111.10","52.83","WAINWRIGHT CFB AIRFIELD 21","301S001","2018-03-17 17:00","2018","03","17","17:00","-2.8","","-5.0","","85","","0.2","","1","","6","","","","93.16","","","","-5","","NA"
"-111.10","52.83","WAINWRIGHT CFB AIRFIELD 21","301S001","2018-03-17 18:00","2018","03","17","18:00","-3.1","","-4.9","","87","","0.5","","36","","7","","","","93.18","","","","-6","","NA"
"-111.10","52.83","WAINWRIGHT CFB AIRFIELD 21","301S001","2018-03-17 19:00","2018","03","17","19:00","-3.5","","-5.0","","89","","0.2","","1","","4","","","","93.20","","","","-5","","NA"
"-111.10","52.83","WAINWRIGHT CFB AIRFIELD 21","301S001","2018-03-17 20:00","2018","03","17","20:00","-3.7","","-5.2","","90","","0.0","","1","","3","","","","93.22","","","","-5","","NA"
"-111.10","52.83","WAINWRIGHT CFB AIRFIELD 21","301S001","2018-03-17 21:00","2018","03","17","21:00","-4.1","","-5.5","","90","","0.2","","36","","3","","","","93.24","","","","-5","","NA"
"-111.10","52.83","WAINWRIGHT CFB AIRFIELD 21","301S001","2018-03-17 22:00","2018","03","17","22:00","-4.6","","-5.9","","91","","0.0","","3","","3","","","","93.27","","","","-6","","NA"
"-111.10","52.83","WAINWRIGHT CFB AIRFIELD 21","301S001","2018-03-17 23:00","2018","03","17","23:00","-4.4","","-5.6","","91","","0.2","","4","","2","","","","93.29","","","","-5","","NA"
"-111.10","52.83","WAINWRIGHT CFB AIRFIELD 21","301S001","2018-03-18 00:00","2018","03","18","00:00","-4.9","","-6.2","","91","","0.3","","","","0","","","","93.29","","","","","","NA"
"-111.10","52.83","WAINWRIGHT CFB AIRFIELD 21","301S001","2018-03-18 01:00","2018","03","18","01:00","-4.4","","-5.6","","91","","0.0","","5","","3","","","","93.31","","","","-6","","NA"
"-111.10","52.83","WAINWRIGHT CFB AIRFIELD 21","301S001","2018-03-18 02:00","2018","03","18","02:00","-4.2","","-5.4","","91","","0.2","","3","","3","","","","93.33","","","","-5","","NA"
"-111.10","52.83","WAINWRIGHT CFB AIRFIELD 21","301S001","2018-03-18 03:00","2018","03","18","03:00","-4.1","","-5.3","","92","","0.0","","4","","4","","","","93.32","","","","-6","","NA"
"-111.10","52.83","WAINWRIGHT CFB AIRFIELD 21","301S001","2018-03-18 04:00","2018","03","18","04:00","-4.0","","-5.2","","92","","0.2","","4","","5","","","","93.33","","","","-6","","NA"
"-111.10","52.83","WAINWRIGHT CFB AIRFIELD 21","301S001","2018-03-18 05:00","2018","03","18","05:00","-4.1","","-5.2","","92","","0.4","","4","","4","","","","93.37","","","","-6","","NA"
"-111.10","52.83","WAINWRIGHT CFB AIRFIELD 21","301S001","2018-03-18 06:00","2018","03","18","06:00","-4.1","","-5.3","","91","","0.3","","3","","3","","","","93.40","","","","-5","","NA"
"-111.10","52.83","WAINWRIGHT CFB AIRFIELD 21","301S001","2018-03-18 07:00","2018","03","18","07:00","-4.2","","-5.4","","91","","0.0","","3","","2","","","","93.41","","","","-5","","NA"
"-111.10","52.83","WAINWRIGHT CFB AIRFIELD 21","301S001","2018-03-18 08:00","2018","03","18","08:00","-3.4","","-4.9","","89","","0.2","","7","","4","","","","93.44","","","","-5","","NA"
"-111.10","52.83","WAINWRIGHT CFB AIRFIELD 21","301S001","2018-03-18 09:00","2018","03","18","09:00","-2.9","","-5.3","","84","","0.0","","5","","5","","","","93.49","","","","-5","","NA"
"-111.10","52.83","WAINWRIGHT CFB AIRFIELD 21","301S001","2018-03-18 10:00","2018","03","18","10:00","-2.1","","-5.5","","77","","0.0","","4","","8","","","","93.55","","","","-5","","NA"
"-111.10","52.83","WAINWRIGHT CFB AIRFIELD 21","301S001","2018-03-18 11:00","2018","03","18","11:00","-1.6","","-5.3","","76","","0.0","","4","","9","","","","93.61","","","","-5","","NA"
"-111.10","52.83","WAINWRIGHT CFB AIRFIELD 21","301S001","2018-03-18 12:00","2018","03","18","12:00","-1.6","","-5.5","","75","","0.2","","5","","8","","","","93.64","","","","-5","","NA"
"-111.10","52.83","WAINWRIGHT CFB AIRFIELD 21","301S001","2018-03-18 13:00","2018","03","18","13:00","-1.6","","-4.9","","78","","0.0","","5","","9","","","","93.67","","","","-5","","NA"
"-111.10","52.83","WAINWRIGHT CFB AIRFIELD 21","301S001","2018-03-18 14:00","2018","03","18","14:00","-1.6","","-4.5","","81","","0.2","","5","","9","","","","93.68","","","","-5","","NA"
"-111.10","52.83","WAINWRIGHT CFB AIRFIELD 21","301S001","2018-03-18 15:00","2018","03","18","15:00","-1.2","","-4.4","","79","","0.4","","4","","7","","","","93.68","","","","-4","","NA"
"-111.10","52.83","WAINWRIGHT CFB AIRFIELD 21","301S001","2018-03-18 16:00","2018","03","18","16:00","-1.9","","-4.4","","83","","0.0","","3","","13","","","","93.70","","","","-6","","NA"
"-111.10","52.83","WAINWRIGHT CFB AIRFIELD 21","301S001","2018-03-18 17:00","2018","03","18","17:00","-2.6","","-4.8","","85","","0.0","","3","","9","","","","93.74","","","","-6","","NA"
"-111.10","52.83","WAINWRIGHT CFB AIRFIELD 21","301S001","2018-03-18 18:00","2018","03","18","18:00","-3.2","","-5.1","","87","","0.0","","5","","9","","","","93.78","","","","-7","","NA"
"-111.10","52.83","WAINWRIGHT CFB AIRFIELD 21","301S001","2018-03-18 19:00","2018","03","18","19:00","-3.7","","-5.4","","88","","0.2","","4","","10","","","","93.80","","","","-8","","NA"
"-111.10","52.83","WAINWRIGHT CFB AIRFIELD 21","301S001","2018-03-18 20:00","2018","03","18","20:00","-3.8","","-5.4","","89","","0.0","","5","","7","","","","93.82","","","","-7","","NA"
"-111.10","52.83","WAINWRIGHT CFB AIRFIELD 21","301S001","2018-03-18 21:00","2018","03","18","21:00","-3.8","","-5.1","","91","","0.0","","3","","9","","","","93.84","","","","-8","","NA"
"-111.10","52.83","WAINWRIGHT CFB AIRFIELD 21","301S001","2018-03-18 22:00","2018","03","18","22:00","-3.7","","-5.0","","91","","0.0","","5","","9","","","","93.84","","","","-7","","NA"
"-111.10","52.83","WAINWRIGHT CFB AIRFIELD 21","301S001","2018-03-18 23:00","2018","03","18","23:00","-3.8","","-5.1","","91","","0.0","","4","","4","","","","93.83","","","","-5","","NA"
"-111.10","52.83","WAINWRIGHT CFB AIRFIELD 21","301S001","2018-03-19 00:00","2018","03","19","00:00","-3.7","","-5.0","","91","","0.0","","10","","10","","","","93.82","","","","-8","","NA"
"-111.10","52.83","WAINWRIGHT CFB AIRFIELD 21","301S001","2018-03-19 01:00","2018","03","19","01:00","-3.6","","-4.9","","91","","0.0","","15","","4","","","","93.83","","","","-5","","NA"
"-111.10","52.83","WAINWRIGHT CFB AIRFIELD 21","301S001","2018-03-19 02:00","2018","03","19","02:00","-3.5","","-4.7","","91","","0.0","","15","","7","","","","93.83","","","","-6","","NA"
"-111.10","52.83","WAINWRIGHT CFB AIRFIELD 21","301S001","2018-03-19 03:00","2018","03","19","03:00","-3.8","","-4.9","","92","","0.0","","19","","8","","","","93.80","","","","-7","","NA"
"-111.10","52.83","WAINWRIGHT CFB AIRFIELD 21","301S001","2018-03-19 04:00","2018","03","19","04:00","-4.0","","-5.1","","92","","0.0","","22","","8","","","","93.79","","","","-7","","NA"
"-111.10","52.83","WAINWRIGHT CFB AIRFIELD 21","301S001","2018-03-19 05:00","2018","03","19","05:00","-4.2","","-5.4","","92","","0.0","","23","","8","","","","93.77","","","","-8","","NA"
"-111.10","52.83","WAINWRIGHT CFB AIRFIELD 21","301S001","2018-03-19 06:00","2018","03","19","06:00","-4.6","","-5.8","","91","","0.0","","21","","9","","","","93.76","","","","-8","","NA"
"-111.10","52.83","WAINWRIGHT CFB AIRFIELD 21","301S001","2018-03-19 07:00","2018","03","19","07:00","-5.1","","-6.4","","91","","0.0","","22","","6","","","","93.76","","","","-8","","NA"
"-111.10","52.83","WAINWRIGHT CFB AIRFIELD 21","301S001","2018-03-19 08:00","2018","03","19","08:00","-5.1","","-6.6","","90","","0.0","","23","","11","","","","93.74","","","","-10","","NA"
"-111.10","52.83","WAINWRIGHT CFB AIRFIELD 21","301S001","2018-03-19 09:00","2018","03","19","09:00","-4.8","","-6.7","","87","","0.0","","21","","8","","","","93.73","","","","-8","","NA"
"-111.10","52.83","WAINWRIGHT CFB AIRFIELD 21","301S001","2018-03-19 10:00","2018","03","19","10:00","-4.1","","-6.8","","82","","0.0","","21","","8","","","","93.72","","","","-8","","NA"
"-111.10","52.83","WAINWRIGHT CFB AIRFIELD 21","301S001","2018-03-19 11:00","2018","03","19","11:00","-3.2","","-6.6","","77","","0.0","","21","","7","","","","93.70","","","","-6","","NA"
"-111.10","52.83","WAINWRIGHT CFB AIRFIELD 21","301S001","2018-03-19 12:00","2018","03","19","12:00","-2.0","","-7.3","","67","","0.0","","23","","13","","","","93.68","","","","-6","","NA"
"-111.10","52.83","WAINWRIGHT CFB AIRFIELD 21","301S001","2018-03-19 13:00","2018","03","19","13:00","-1.5","","-8.0","","61","","0.0","","22","","9","","","","93.61","","","","-5","","NA"
"-111.10","52.83","WAINWRIGHT CFB AIRFIELD 21","301S001","2018-03-19 14:00","2018","03","19","14:00","-1.4","","-7.9","","61","","0.0","","21","","11","","","","93.55","","","","-5","","NA"
"-111.10","52.83","WAINWRIGHT CFB AIRFIELD 21","301S001","2018-03-19 15:00","2018","03","19","15:00","-1.5","","-7.7","","62","","0.0","","18","","16","","","","93.49","","","","-6","","NA"
"-111.10","52.83","WAINWRIGHT CFB AIRFIELD 21","301S001","2018-03-19 16:00","2018","03","19","16:00","-1.7","","-7.7","","63","","0.0","","18","","15","","","","93.44","","","","-7","","NA"
"-111.10","52.83","WAINWRIGHT CFB AIRFIELD 21","301S001","2018-03-19 17:00","2018","03","19","17:00","-1.7","","-7.8","","63","","0.0","","19","","8","","","","93.40","","","","-5","","NA"
"-111.10","52.83","WAINWRIGHT CFB AIRFIELD 21","301S001","2018-03-19 18:00","2018","03","19","18:00","-3.1","","-8.2","","68","","0.0","","18","","10","","","","93.37","","","","-7","","NA"
"-111.10","52.83","WAINWRIGHT CFB AIRFIELD 21","301S001","2018-03-19 19:00","2018","03","19","19:00","-3.9","","-8.0","","73","","0.0","","18","","10","","","","93.34","","","","-8","","NA"
"-111.10","52.83","WAINWRIGHT CFB AIRFIELD 21","301S001","2018-03-19 20:00","2018","03","19","20:00","-6.5","","-9.2","","82","","0.0","","19","","10","","","","93.33","","","","-11","","NA"
"-111.10","52.83","WAINWRIGHT CFB AIRFIELD 21","301S001","2018-03-19 21:00","2018","03","19","21:00","-4.4","","-6.1","","88","","0.0","","19","","15","","","","93.29","","","","-10","","NA"
"-111.10","52.83","WAINWRIGHT CFB AIRFIELD 21","301S001","2018-03-19 22:00","2018","03","19","22:00","-4.0","","-5.4","","90","","0.0","","19","","12","","","","93.25","","","","-9","","NA"
"-111.10","52.83","WAINWRIGHT CFB AIRFIELD 21","301S001","2018-03-19 23:00","2018","03","19","23:00","-4.6","","-5.9","","91","","0.0","","20","","16","","","","93.22","","","","-10","","NA"
"-111.10","52.83","WAINWRIGHT CFB AIRFIELD 21","301S001","2018-03-20 00:00","2018","03","20","00:00","-5.4","","-6.5","","92","","0.0","","22","","13","","","","93.21","","","","-11","","NA"
"-111.10","52.83","WAINWRIGHT CFB AIRFIELD 21","301S001","2018-03-20 01:00","2018","03","20","01:00","-5.5","","-6.7","","91","","0.0","","21","","12","","","","93.15","","","","-10","","NA"
"-111.10","52.83","WAINWRIGHT CFB AIRFIELD 21","301S001","2018-03-20 02:00","2018","03","20","02:00","-5.0","","-6.2","","91","","0.0","","23","","13","","","","93.10","","","","-10","","NA"
"-111.10","52.83","WAINWRIGHT CFB AIRFIELD 21","301S001","2018-03-20 03:00","2018","03","20","03:00","-5.4","","-6.7","","91","","0.0","","23","","5","","","","93.06","","","","-8","","NA"
"-111.10","52.83","WAINWRIGHT CFB AIRFIELD 21","301S001","2018-03-20 04:00","2018","03","20","04:00","-5.4","","-6.7","","91","","0.0","","20","","5","","","","92.99","","","","-8","","NA"
"-111.10","52.83","WAINWRIGHT CFB AIRFIELD 21","301S001","2018-03-20 05:00","2018","03","20","05:00","-5.1","","-6.3","","91","","0.0","","20","","8","","","","92.96","","","","-9","","NA"
"-111.10","52.83","WAINWRIGHT CFB AIRFIELD 21","301S001","2018-03-20 06:00","2018","03","20","06:00","-5.3","","-6.6","","91","","0.0","","19","","7","","","","92.94","","","","-9","","NA"
"-111.10","52.83","WAINWRIGHT CFB AIRFIELD 21","301S001","2018-03-20 07:00","2018","03","20","07:00","-5.6","","-6.9","","90","","0.0","","24","","4","","","","92.95","","","","-7","","NA"
"-111.10","52.83","WAINWRIGHT CFB AIRFIELD 21","301S001","2018-03-20 08:00","2018","03","20","08:00","-6.2","","-7.5","","90","","0.0","","22","","8","","","","92.93","","","","-10","","NA"
"-111.10","52.83","WAINWRIGHT CFB AIRFIELD 21","301S001","2018-03-20 09:00","2018","03","20","09:00","-4.9","","-6.2","","90","","0.0","","21","","6","","","","92.93","","","","-8","","NA"
"-111.10","52.83","WAINWRIGHT CFB AIRFIELD 21","301S001","2018-03-20 10:00","2018","03","20","10:00","-2.9","","-6.0","","79","","0.0","","24","","10","","","","92.95","","","","-7","","NA"
"-111.10","52.83","WAINWRIGHT CFB AIRFIELD 21","301S001","2018-03-20 11:00","2018","03","20","11:00","-0.1","","-5.9","","65","","0.0","","24","","10","","","","92.96","","","","-3","","NA"
"-111.10","52.83","WAINWRIGHT CFB AIRFIELD 21","301S001","2018-03-20 12:00","2018","03","20","12:00","2.0","","-6.1","","55","","0.0","","29","","10","","","","92.94","","","","","","NA"
"-111.10","52.83","WAINWRIGHT CFB AIRFIELD 21","301S001","2018-03-20 13:00","2018","03","20","13:00","3.1","","-5.9","","52","","0.0","","27","","11","","","","92.92","","","","","","NA"
"-111.10","52.83","WAINWRIGHT CFB AIRFIELD 21","301S001","2018-03-20 14:00","2018","03","20","14:00","3.6","","-5.9","","50","","0.0","","27","","10","","","","92.91","","","","","","NA"
"-111.10","52.83","WAINWRIGHT CFB AIRFIELD 21","301S001","2018-03-20 15:00","2018","03","20","15:00","3.3","","-5.2","","54","","0.0","","22","","13","","","","92.90","","","","","","NA"
"-111.10","52.83","WAINWRIGHT CFB AIRFIELD 21","301S001","2018-03-20 16:00","2018","03","20","16:00","4.1","","-5.6","","49","","0.0","","24","","8","","","","92.89","","","","","","NA"
"-111.10","52.83","WAINWRIGHT CFB AIRFIELD 21","301S001","2018-03-20 17:00","2018","03","20","17:00","3.4","","-5.4","","53","","0.0","","23","","9","","","","92.90","","","","","","NA"
"-111.10","52.83","WAINWRIGHT CFB AIRFIELD 21","301S001","2018-03-20 18:00","2018","03","20","18:00","2.9","","-4.9","","57","","0.0","","22","","8","","","","92.90","","","","","","NA"
"-111.10","52.83","WAINWRIGHT CFB AIRFIELD 21","301S001","2018-03-20 19:00","2018","03","20","19:00","1.7","","-4.1","","65","","0.0","","20","","4","","","","92.89","","","","","","NA"
"-111.10","52.83","WAINWRIGHT CFB AIRFIELD 21","301S001","2018-03-20 20:00","2018","03","20","20:00","0.3","","-4.7","","69","","0.0","","17","","8","","","","92.91","","","","","","NA"
"-111.10","52.83","WAINWRIGHT CFB AIRFIELD 21","301S001","2018-03-20 21:00","2018","03","20","21:00","-1.2","","-5.3","","74","","0.0","","18","","7","","","","92.92","","","","-4","","NA"
"-111.10","52.83","WAINWRIGHT CFB AIRFIELD 21","301S001","2018-03-20 22:00","2018","03","20","22:00","-3.6","","-7.0","","77","","0.0","","19","","8","","","","92.92","","","","-7","","NA"
"-111.10","52.83","WAINWRIGHT CFB AIRFIELD 21","301S001","2018-03-20 23:00","2018","03","20","23:00","-5.2","","-7.3","","86","","0.0","","21","","10","","","","92.92","","","","-10","","NA"
"-111.10","52.83","WAINWRIGHT CFB AIRFIELD 21","301S001","2018-03-21 00:00","2018","03","21","00:00","-4.7","","-6.6","","86","","0.0","","22","","12","","","","92.94","","","","-9","","NA"
"-111.10","52.83","WAINWRIGHT CFB AIRFIELD 21","301S001","2018-03-21 01:00","2018","03","21","01:00","-4.6","","-6.2","","89","","0.0","","21","","7","","","","92.95","","","","-8","","NA"
"-111.10","52.83","WAINWRIGHT CFB AIRFIELD 21","301S001","2018-03-21 02:00","2018","03","21","02:00","-4.3","","-5.5","","91","","0.0","","17","","7","","","","92.94","","","","-7","","NA"
"-111.10","52.83","WAINWRIGHT CFB AIRFIELD 21","301S001","2018-03-21 03:00","2018","03","21","03:00","-4.3","","-5.5","","91","","0.0","","18","","4","","","","92.95","","","","-6","","NA"
"-111.10","52.83","WAINWRIGHT CFB AIRFIELD 21","301S001","2018-03-21 04:00","2018","03","21","04:00","-5.2","","-6.6","","90","","0.0","","18","","7","","","","92.98","","","","-8","","NA"
"-111.10","52.83","WAINWRIGHT CFB AIRFIELD 21","301S001","2018-03-21 05:00","2018","03","21","05:00","-5.0","","-6.3","","90","","0.0","","16","","3","","","","93.00","","","","-6","","NA"
"-111.10","52.83","WAINWRIGHT CFB AIRFIELD 21","301S001","2018-03-21 06:00","2018","03","21","06:00","-5.2","","-6.5","","91","","0.0","","12","","3","","","","93.02","","","","-7","","NA"
"-111.10","52.83","WAINWRIGHT CFB AIRFIELD 21","301S001","2018-03-21 07:00","2018","03","21","07:00","-4.7","","-6.1","","90","","0.0","","11","","3","","","","93.06","","","","-6","","NA"
"-111.10","52.83","WAINWRIGHT CFB AIRFIELD 21","301S001","2018-03-21 08:00","2018","03","21","08:00","-4.0","","-6.1","","85","","0.0","","0","","1","","","","93.08","","","","-4","","NA"
"-111.10","52.83","WAINWRIGHT CFB AIRFIELD 21","301S001","2018-03-21 09:00","2018","03","21","09:00","-2.0","","-5.3","","78","","0.0","","10","","2","","","","93.12","","","","-3","","NA"
"-111.10","52.83","WAINWRIGHT CFB AIRFIELD 21","301S001","2018-03-21 10:00","2018","03","21","10:00","0.2","","-5.3","","67","","0.0","","15","","5","","","","93.14","","","","","","NA"
"-111.10","52.83","WAINWRIGHT CFB AIRFIELD 21","301S001","2018-03-21 11:00","2018","03","21","11:00","1.4","","-4.5","","65","","0.0","","18","","10","","","","93.21","","","","","","NA"
"-111.10","52.83","WAINWRIGHT CFB AIRFIELD 21","301S001","2018-03-21 12:00","2018","03","21","12:00","3.1","","-3.8","","61","","0.0","","15","","9","","","","93.24","","","","","","NA"
"-111.10","52.83","WAINWRIGHT CFB AIRFIELD 21","301S001","2018-03-21 13:00","2018","03","21","13:00","3.7","","-3.7","","58","","0.0","","15","","9","","","","93.28","","","","","","NA"
"-111.10","52.83","WAINWRIGHT CFB AIRFIELD 21","301S001","2018-03-21 14:00","2018","03","21","14:00","5.1","","-4.1","","51","","0.0","","12","","5","","","","93.29","","","","","","NA"
"-111.10","52.83","WAINWRIGHT CFB AIRFIELD 21","301S001","2018-03-21 15:00","2018","03","21","15:00","5.3","","-3.8","","52","","0.0","","10","","11","","","","93.32","","","","","","NA"
"-111.10","52.83","WAINWRIGHT CFB AIRFIELD 21","301S001","2018-03-21 16:00","2018","03","21","16:00","5.1","","-4.6","","50","","0.0","","10","","14","","","","93.35","","","","","","NA"
"-111.10","52.83","WAINWRIGHT CFB AIRFIELD 21","301S001","2018-03-21 17:00","2018","03","21","17:00","4.5","","-3.8","","55","","0.0","","9","","13","","","","93.39","","","","","","NA"
"-111.10","52.83","WAINWRIGHT CFB AIRFIELD 21","301S001","2018-03-21 18:00","2018","03","21","18:00","2.9","","-3.2","","64","","0.0","","6","","7","","","","93.45","","","","","","NA"
"-111.10","52.83","WAINWRIGHT CFB AIRFIELD 21","301S001","2018-03-21 19:00","2018","03","21","19:00","0.7","","-3.8","","72","","0.0","","6","","7","","","","93.50","","","","","","NA"
"-111.10","52.83","WAINWRIGHT CFB AIRFIELD 21","301S001","2018-03-21 20:00","2018","03","21","20:00","-1.4","","-4.4","","80","","0.0","","4","","7","","","","93.58","","","","-4","","NA"
"-111.10","52.83","WAINWRIGHT CFB AIRFIELD 21","301S001","2018-03-21 21:00","2018","03","21","21:00","-2.2","","-4.8","","82","","0.0","","5","","6","","","","93.64","","","","-5","","NA"
"-111.10","52.83","WAINWRIGHT CFB AIRFIELD 21","301S001","2018-03-21 22:00","2018","03","21","22:00","-2.3","","-4.9","","83","","0.0","","5","","6","","","","93.68","","","","-5","","NA"
"-111.10","52.83","WAINWRIGHT CFB AIRFIELD 21","301S001","2018-03-21 23:00","2018","03","21","23:00","-2.8","","-5.3","","83","","0.0","","6","","8","","","","93.69","","","","-6","","NA"
"-111.10","52.83","WAINWRIGHT CFB AIRFIELD 21","301S001","2018-03-22 00:00","2018","03","22","00:00","-4.0","","-6.2","","84","","0.0","","4","","9","","","","93.73","","","","-8","","NA"
"-111.10","52.83","WAINWRIGHT CFB AIRFIELD 21","301S001","2018-03-22 01:00","2018","03","22","01:00","-4.4","","-6.4","","86","","0.0","","6","","10","","","","93.78","","","","-9","","NA"
"-111.10","52.83","WAINWRIGHT CFB AIRFIELD 21","301S001","2018-03-22 02:00","2018","03","22","02:00","-4.8","","-6.6","","87","","0.0","","6","","11","","","","93.82","","","","-9","","NA"
"-111.10","52.83","WAINWRIGHT CFB AIRFIELD 21","301S001","2018-03-22 03:00","2018","03","22","03:00","-5.6","","-7.2","","88","","0.0","","5","","10","","","","93.86","","","","-10","","NA"
"-111.10","52.83","WAINWRIGHT CFB AIRFIELD 21","301S001","2018-03-22 04:00","2018","03","22","04:00","-5.9","","-7.6","","88","","0.0","","6","","13","","","","93.87","","","","-11","","NA"
"-111.10","52.83","WAINWRIGHT CFB AIRFIELD 21","301S001","2018-03-22 05:00","2018","03","22","05:00","-6.1","","-7.5","","90","","0.0","","6","","12","","","","93.88","","","","-11","","NA"
"-111.10","52.83","WAINWRIGHT CFB AIRFIELD 21","301S001","2018-03-22 06:00","2018","03","22","06:00","-6.0","","-7.2","","91","","0.0","","6","","13","","","","93.89","","","","-11","","NA"
"-111.10","52.83","WAINWRIGHT CFB AIRFIELD 21","301S001","2018-03-22 07:00","2018","03","22","07:00","-5.5","","-6.7","","91","","0.0","","8","","19","","","","93.92","","","","-12","","NA"
"-111.10","52.83","WAINWRIGHT CFB AIRFIELD 21","301S001","2018-03-22 08:00","2018","03","22","08:00","-5.0","","-6.2","","91","","0.0","","8","","14","","","","93.91","","","","-10","","NA"
"-111.10","52.83","WAINWRIGHT CFB AIRFIELD 21","301S001","2018-03-22 09:00","2018","03","22","09:00","-3.9","","-5.6","","88","","0.0","","8","","20","","","","93.92","","","","-10","","NA"
"-111.10","52.83","WAINWRIGHT CFB AIRFIELD 21","301S001","2018-03-22 10:00","2018","03","22","10:00","-2.1","","-6.2","","74","","0.0","","8","","25","","","","93.88","","","","-9","","NA"
"-111.10","52.83","WAINWRIGHT CFB AIRFIELD 21","301S001","2018-03-22 11:00","2018","03","22","11:00","-1.1","","-5.9","","69","","0.0","","9","","25","","","","93.81","","","","-7","","NA"
"-111.10","52.83","WAINWRIGHT CFB AIRFIELD 21","301S001","2018-03-22 12:00","2018","03","22","12:00","0.5","","-5.0","","67","","0.0","","9","","23","","","","93.76","","","","","","NA"
"-111.10","52.83","WAINWRIGHT CFB AIRFIELD 21","301S001","2018-03-22 13:00","2018","03","22","13:00","1.9","","-4.1","","65","","0.0","","11","","25","","","","93.74","","","","","","NA"
"-111.10","52.83","WAINWRIGHT CFB AIRFIELD 21","301S001","2018-03-22 14:00","2018","03","22","14:00","2.2","","-4.5","","61","","0.0","","9","","26","","","","93.65","","","","","","NA"
"-111.10","52.83","WAINWRIGHT CFB AIRFIELD 21","301S001","2018-03-22 15:00","2018","03","22","15:00","1.9","","-3.7","","67","","0.0","","8","","29","","","","93.60","","","","","","NA"
"-111.10","52.83","WAINWRIGHT CFB AIRFIELD 21","301S001","2018-03-22 16:00","2018","03","22","16:00","2.2","","-3.3","","67","","0.0","","9","","28","","","","93.55","","","","","","NA"
"-111.10","52.83","WAINWRIGHT CFB AIRFIELD 21","301S001","2018-03-22 17:00","2018","03","22","17:00","0.4","","-3.8","","73","","0.0","","10","","28","","","","93.51","","","","","","NA"
"-111.10","52.83","WAINWRIGHT CFB AIRFIELD 21","301S001","2018-03-22 18:00","2018","03","22","18:00","-1.0","","-3.7","","82","","0.0","","10","","32","","","","93.44","","","","-8","","NA"
"-111.10","52.83","WAINWRIGHT CFB AIRFIELD 21","301S001","2018-03-22 19:00","2018","03","22","19:00","-1.3","","-4.0","","82","","0.0","","11","","35","","","","93.37","","","","-9","","NA"
"-111.10","52.83","WAINWRIGHT CFB AIRFIELD 21","301S001","2018-03-22 20:00","2018","03","22","20:00","-1.6","","-4.1","","83","","0.0","","11","","38","","","","93.36","","","","-9","","NA"
"-111.10","52.83","WAINWRIGHT CFB AIRFIELD 21","301S001","2018-03-22 21:00","2018","03","22","21:00","-1.5","","-3.8","","84","","0.0","","11","","36","","","","93.33","","","","-9","","NA"
"-111.10","52.83","WAINWRIGHT CFB AIRFIELD 21","301S001","2018-03-22 22:00","2018","03","22","22:00","-1.8","","-4.2","","83","","0.0","","11","","35","","","","93.25","","","","-9","","NA"
"-111.10","52.83","WAINWRIGHT CFB AIRFIELD 21","301S001","2018-03-22 23:00","2018","03","22","23:00","-1.8","","-4.2","","84","","0.0","","10","","41","","","","93.11","","","","-10","","NA"
"-111.10","52.83","WAINWRIGHT CFB AIRFIELD 21","301S001","2018-03-23 00:00","2018","03","23","00:00","-1.9","","-4.2","","84","","0.0","","11","","37","","","","93.04","","","","-10","","NA"
"-111.10","52.83","WAINWRIGHT CFB AIRFIELD 21","301S001","2018-03-23 01:00","2018","03","23","01:00","-2.0","","-4.2","","85","","0.0","","11","","32","","","","92.99","","","","-9","","NA"
"-111.10","52.83","WAINWRIGHT CFB AIRFIELD 21","301S001","2018-03-23 02:00","2018","03","23","02:00","-2.0","","-4.2","","85","","0.0","","11","","35","","","","92.92","","","","-10","","NA"
"-111.10","52.83","WAINWRIGHT CFB AIRFIELD 21","301S001","2018-03-23 03:00","2018","03","23","03:00","-2.1","","-3.9","","88","","0.6","","11","","30","","","","92.83","","","","-9","","NA"
"-111.10","52.83","WAINWRIGHT CFB AIRFIELD 21","301S001","2018-03-23 04:00","2018","03","23","04:00","-2.4","","-3.7","","91","","2.2","","12","","24","","","","92.79","","","","-9","","NA"
"-111.10","52.83","WAINWRIGHT CFB AIRFIELD 21","301S001","2018-03-23 05:00","2018","03","23","05:00","-2.6","","-3.8","","92","","2.7","","11","","28","","","","92.68","","","","-10","","NA"
"-111.10","52.83","WAINWRIGHT CFB AIRFIELD 21","301S001","2018-03-23 06:00","2018","03","23","06:00","-2.8","","-4.0","","92","","1.7","","13","","17","","","","92.69","","","","-8","","NA"
"-111.10","52.83","WAINWRIGHT CFB AIRFIELD 21","301S001","2018-03-23 07:00","2018","03","23","07:00","-2.9","","-4.0","","92","","1.2","","13","","13","","","","92.67","","","","-8","","NA"
"-111.10","52.83","WAINWRIGHT CFB AIRFIELD 21","301S001","2018-03-23 08:00","2018","03","23","08:00","-2.6","","-3.8","","91","","0.0","","14","","15","","","","92.59","","","","-8","","NA"
"-111.10","52.83","WAINWRIGHT CFB AIRFIELD 21","301S001","2018-03-23 09:00","2018","03","23","09:00","-2.3","","-3.5","","91","","0.0","","14","","31","","","","92.60","","","","-10","","NA"
"-111.10","52.83","WAINWRIGHT CFB AIRFIELD 21","301S001","2018-03-23 10:00","2018","03","23","10:00","-1.1","","-2.9","","88","","0.0","","15","","32","","","","92.62","","","","-8","","NA"
"-111.10","52.83","WAINWRIGHT CFB AIRFIELD 21","301S001","2018-03-23 11:00","2018","03","23","11:00","-0.2","","-3.1","","81","","0.0","","16","","36","","","","92.59","","","","-7","","NA"
"-111.10","52.83","WAINWRIGHT CFB AIRFIELD 21","301S001","2018-03-23 12:00","2018","03","23","12:00","0.8","","-3.1","","75","","0.0","","16","","31","","","","92.61","","","","","","NA"
"-111.10","52.83","WAINWRIGHT CFB AIRFIELD 21","301S001","2018-03-23 13:00","2018","03","23","13:00","1.6","","-2.5","","74","","0.0","","17","","20","","","","92.63","","","","","","NA"
"-111.10","52.83","WAINWRIGHT CFB AIRFIELD 21","301S001","2018-03-23 14:00","2018","03","23","14:00","4.6","","-4.3","","52","","0.0","","30","","9","","","","92.62","","","","","","NA"
"-111.10","52.83","WAINWRIGHT CFB AIRFIELD 21","301S001","2018-03-23 15:00","2018","03","23","15:00","3.3","","-3.3","","62","","0.0","","25","","20","","","","92.72","","","","","","NA"
"-111.10","52.83","WAINWRIGHT CFB AIRFIELD 21","301S001","2018-03-23 16:00","2018","03","23","16:00","3.5","","-3.7","","59","","0.0","","27","","15","","","","92.79","","","","","","NA"
"-111.10","52.83","WAINWRIGHT CFB AIRFIELD 21","301S001","2018-03-23 17:00","2018","03","23","17:00","3.9","","-3.4","","59","","0.0","","29","","6","","","","92.80","","","","","","NA"
"-111.10","52.83","WAINWRIGHT CFB AIRFIELD 21","301S001","2018-03-23 18:00","2018","03","23","18:00","3.0","","-3.0","","65","","0.0","","23","","8","","","","92.85","","","","","","NA"
"-111.10","52.83","WAINWRIGHT CFB AIRFIELD 21","301S001","2018-03-23 19:00","2018","03","23","19:00","0.6","","-3.0","","77","","0.0","","20","","11","","","","92.86","","","","","","NA"
"-111.10","52.83","WAINWRIGHT CFB AIRFIELD 21","301S001","2018-03-23 20:00","2018","03","23","20:00","0.8","","-3.0","","76","","0.0","","17","","9","","","","92.80","","","","","","NA"
"-111.10","52.83","WAINWRIGHT CFB AIRFIELD 21","301S001","2018-03-23 21:00","2018","03","23","21:00","-0.6","","-3.8","","79","","0.0","","17","","15","","","","92.84","","","","-5","","NA"
"-111.10","52.83","WAINWRIGHT CFB AIRFIELD 21","301S001","2018-03-23 22:00","2018","03","23","22:00","-1.5","","-4.4","","81","","0.0","","17","","14","","","","92.76","","","","-6","","NA"
"-111.10","52.83","WAINWRIGHT CFB AIRFIELD 21","301S001","2018-03-23 23:00","2018","03","23","23:00","-1.2","","-4.8","","77","","0.0","","15","","16","","","","92.67","","","","-6","","NA"
"-111.10","52.83","WAINWRIGHT CFB AIRFIELD 21","301S001","2018-03-24 00:00","2018","03","24","00:00","-1.8","","-5.7","","74","","0.0","","15","","15","","","","92.60","","","","-7","","NA"
"-111.10","52.83","WAINWRIGHT CFB AIRFIELD 21","301S001","2018-03-24 01:00","2018","03","24","01:00","-2.0","","-6.7","","70","","0.0","","15","","16","","","","92.55","","","","-7","","NA"
"-111.10","52.83","WAINWRIGHT CFB AIRFIELD 21","301S001","2018-03-24 02:00","2018","03","24","02:00","-2.9","","-7.7","","69","","0.0","","17","","17","","","","92.53","","","","-8","","NA"
"-111.10","52.83","WAINWRIGHT CFB AIRFIELD 21","301S001","2018-03-24 03:00","2018","03","24","03:00","-1.1","","-6.6","","67","","0.0","","20","","20","","","","92.49","","","","-7","","NA"
"-111.10","52.83","WAINWRIGHT CFB AIRFIELD 21","301S001","2018-03-24 04:00","2018","03","24","04:00","-1.2","","-6.1","","69","","0.0","","20","","23","","","","92.46","","","","-7","","NA"
"-111.10","52.83","WAINWRIGHT CFB AIRFIELD 21","301S001","2018-03-24 05:00","2018","03","24","05:00","-1.6","","-6.7","","68","","0.0","","22","","14","","","","92.47","","","","-6","","NA"
"-111.10","52.83","WAINWRIGHT CFB AIRFIELD 21","301S001","2018-03-24 06:00","2018","03","24","06:00","-3.2","","-7.2","","74","","0.0","","21","","12","","","","92.48","","","","-8","","NA"
"-111.10","52.83","WAINWRIGHT CFB AIRFIELD 21","301S001","2018-03-24 07:00","2018","03","24","07:00","-3.1","","-7.5","","72","","0.0","","21","","9","","","","92.46","","","","-7","","NA"
"-111.10","52.83","WAINWRIGHT CFB AIRFIELD 21","301S001","2018-03-24 08:00","2018","03","24","08:00","-2.1","","-7.9","","64","","0.0","","21","","14","","","","92.44","","","","-7","","NA"
"-111.10","52.83","WAINWRIGHT CFB AIRFIELD 21","301S001","2018-03-24 09:00","2018","03","24","09:00","-0.5","","-8.4","","55","","0.0","","24","","17","","","","92.48","","","","-5","","NA"
"-111.10","52.83","WAINWRIGHT CFB AIRFIELD 21","301S001","2018-03-24 10:00","2018","03","24","10:00","-0.1","","-8.5","","53","","0.0","","25","","12","","","","92.51","","","","-4","","NA"
"-111.10","52.83","WAINWRIGHT CFB AIRFIELD 21","301S001","2018-03-24 11:00","2018","03","24","11:00","0.7","","-7.7","","53","","0.0","","30","","6","","","","92.50","","","","","","NA"
"-111.10","52.83","WAINWRIGHT CFB AIRFIELD 21","301S001","2018-03-24 12:00","2018","03","24","12:00","1.1","","-6.3","","57","","0.0","","32","","8","","","","92.49","","","","","","NA"
"-111.10","52.83","WAINWRIGHT CFB AIRFIELD 21","301S001","2018-03-24 13:00","2018","03","24","13:00","1.6","","-5.1","","61","","0.0","","34","","9","","","","92.48","","","","","","NA"
"-111.10","52.83","WAINWRIGHT CFB AIRFIELD 21","301S001","2018-03-24 14:00","2018","03","24","14:00","1.3","","-5.1","","62","","0.0","","1","","12","","","","92.43","","","","","","NA"
"-111.10","52.83","WAINWRIGHT CFB AIRFIELD 21","301S001","2018-03-24 15:00","2018","03","24","15:00","1.8","","-5.2","","60","","0.0","","1","","9","","","","92.45","","","","","","NA"
"-111.10","52.83","WAINWRIGHT CFB AIRFIELD 21","301S001","2018-03-24 16:00","2018","03","24","16:00","1.9","","-4.9","","60","","0.0","","1","","8","","","","92.52","","","","","","NA"
"-111.10","52.83","WAINWRIGHT CFB AIRFIELD 21","301S001","2018-03-24 17:00","2018","03","24","17:00","1.6","","-4.4","","64","","0.0","","2","","7","","","","92.51","","","","","","NA"
"-111.10","52.83","WAINWRIGHT CFB AIRFIELD 21","301S001","2018-03-24 18:00","2018","03","24","18:00","1.5","","-4.3","","65","","0.0","","4","","7","","","","92.51","","","","","","NA"
"-111.10","52.83","WAINWRIGHT CFB AIRFIELD 21","301S001","2018-03-24 19:00","2018","03","24","19:00","-0.5","","-4.2","","76","","0.0","","36","","8","","","","92.53","","","","-3","","NA"
"-111.10","52.83","WAINWRIGHT CFB AIRFIELD 21","301S001","2018-03-24 20:00","2018","03","24","20:00","-2.1","","-4.8","","81","","0.0","","2","","12","","","","92.55","","","","-6","","NA"
"-111.10","52.83","WAINWRIGHT CFB AIRFIELD 21","301S001","2018-03-24 21:00","2018","03","24","21:00","-3.0","","-5.5","","83","","0.0","","2","","12","","","","92.54","","","","-7","","NA"
"-111.10","52.83","WAINWRIGHT CFB AIRFIELD 21","301S001","2018-03-24 22:00","2018","03","24","22:00","-3.9","","-6.0","","85","","0.0","","3","","11","","","","92.52","","","","-8","","NA"
"-111.10","52.83","WAINWRIGHT CFB AIRFIELD 21","301S001","2018-03-24 23:00","2018","03","24","23:00","-4.1","","-6.4","","84","","0.0","","3","","11","","","","92.51","","","","-9","","NA"
"-111.10","52.83","WAINWRIGHT CFB AIRFIELD 21","301S001","2018-03-25 00:00","2018","03","25","00:00","-4.3","","-6.8","","83","","0.0","","2","","15","","","","92.55","","","","-10","","NA"
"-111.10","52.83","WAINWRIGHT CFB AIRFIELD 21","301S001","2018-03-25 01:00","2018","03","25","01:00","-5.3","","-7.4","","85","","0.0","","2","","9","","","","92.60","","","","-9","","NA"
"-111.10","52.83","WAINWRIGHT CFB AIRFIELD 21","301S001","2018-03-25 02:00","2018","03","25","02:00","-5.8","","-7.7","","86","","0.0","","2","","6","","","","92.62","","","","-9","","NA"
"-111.10","52.83","WAINWRIGHT CFB AIRFIELD 21","301S001","2018-03-25 03:00","2018","03","25","03:00","-6.2","","-8.2","","86","","0.0","","2","","6","","","","92.67","","","","-9","","NA"
"-111.10","52.83","WAINWRIGHT CFB AIRFIELD 21","301S001","2018-03-25 04:00","2018","03","25","04:00","-6.8","","-8.5","","88","","0.0","","1","","7","","","","92.69","","","","-10","","NA"
"-111.10","52.83","WAINWRIGHT CFB AIRFIELD 21","301S001","2018-03-25 05:00","2018","03","25","05:00","-7.4","","-9.0","","88","","0.0","","35","","7","","","","92.73","","","","-11","","NA"
"-111.10","52.83","WAINWRIGHT CFB AIRFIELD 21","301S001","2018-03-25 06:00","2018","03","25","06:00","-8.5","","-10.2","","88","","0.0","","5","","1","","","","92.77","","","","-9","","NA"
"-111.10","52.83","WAINWRIGHT CFB AIRFIELD 21","301S001","2018-03-25 07:00","2018","03","25","07:00","-8.9","","-10.2","","90","","0.0","","33","","6","","","","92.86","","","","-12","","NA"
"-111.10","52.83","WAINWRIGHT CFB AIRFIELD 21","301S001","2018-03-25 08:00","2018","03","25","08:00","-6.5","","-8.6","","85","","0.0","","5","","1","","","","92.87","","","","-7","","NA"
"-111.10","52.83","WAINWRIGHT CFB AIRFIELD 21","301S001","2018-03-25 09:00","2018","03","25","09:00","-5.6","","-9.3","","75","","0.0","","20","","5","","","","92.91","","","","-8","","NA"
"-111.10","52.83","WAINWRIGHT CFB AIRFIELD 21","301S001","2018-03-25 10:00","2018","03","25","10:00","-4.4","","-8.4","","73","","0.0","","21","","12","","","","92.93","","","","-9","","NA"
"-111.10","52.83","WAINWRIGHT CFB AIRFIELD 21","301S001","2018-03-25 11:00","2018","03","25","11:00","-2.7","","-8.0","","67","","0.0","","22","","10","","","","92.94","","","","-7","","NA"
"-111.10","52.83","WAINWRIGHT CFB AIRFIELD 21","301S001","2018-03-25 12:00","2018","03","25","12:00","-0.5","","-6.6","","63","","0.0","","20","","13","","","","92.91","","","","-5","","NA"
"-111.10","52.83","WAINWRIGHT CFB AIRFIELD 21","301S001","2018-03-25 13:00","2018","03","25","13:00","0.9","","-5.9","","60","","0.0","","21","","16","","","","92.88","","","","","","NA"
"-111.10","52.83","WAINWRIGHT CFB AIRFIELD 21","301S001","2018-03-25 14:00","2018","03","25","14:00","0.5","","-6.0","","62","","0.0","","21","","22","","","","92.88","","","","","","NA"
"-111.10","52.83","WAINWRIGHT CFB AIRFIELD 21","301S001","2018-03-25 15:00","2018","03","25","15:00","1.1","","-6.2","","58","","0.0","","22","","18","","","","92.90","","","","","","NA"
"-111.10","52.83","WAINWRIGHT CFB AIRFIELD 21","301S001","2018-03-25 16:00","2018","03","25","16:00","1.3","","-6.2","","57","","0.0","","22","","16","","","","92.90","","","","","","NA"
"-111.10","52.83","WAINWRIGHT CFB AIRFIELD 21","301S001","2018-03-25 17:00","2018","03","25","17:00","1.1","","-6.3","","58","","0.0","","21","","13","","","","92.90","","","","","","NA"
"-111.10","52.83","WAINWRIGHT CFB AIRFIELD 21","301S001","2018-03-25 18:00","2018","03","25","18:00","-0.5","","-5.0","","72","","0.0","","19","","16","","","","92.90","","","","-5","","NA"
"-111.10","52.83","WAINWRIGHT CFB AIRFIELD 21","301S001","2018-03-25 19:00","2018","03","25","19:00","-2.4","","-5.2","","81","","0.0","","18","","15","","","","92.90","","","","-7","","NA"
"-111.10","52.83","WAINWRIGHT CFB AIRFIELD 21","301S001","2018-03-25 20:00","2018","03","25","20:00","-3.4","","-6.4","","80","","0.0","","19","","6","","","","92.93","","","","-6","","NA"
"-111.10","52.83","WAINWRIGHT CFB AIRFIELD 21","301S001","2018-03-25 21:00","2018","03","25","21:00","-4.4","","-6.8","","83","","0.0","","19","","16","","","","92.93","","","","-10","","NA"
"-111.10","52.83","WAINWRIGHT CFB AIRFIELD 21","301S001","2018-03-25 22:00","2018","03","25","22:00","-5.6","","-7.1","","89","","0.0","","18","","9","","","","92.88","","","","-10","","NA"
"-111.10","52.83","WAINWRIGHT CFB AIRFIELD 21","301S001","2018-03-25 23:00","2018","03","25","23:00","-5.9","","-7.2","","90","","0.0","","18","","8","","","","92.84","","","","-10","","NA"
"-111.10","52.83","WAINWRIGHT CFB AIRFIELD 21","301S001","2018-03-26 00:00","2018","03","26","00:00","-5.0","","-6.3","","91","","0.0","","17","","11","","","","92.78","","","","-10","","NA"
"-111.10","52.83","WAINWRIGHT CFB AIRFIELD 21","301S001","2018-03-26 01:00","2018","03","26","01:00","-4.6","","-5.8","","92","","0.0","","19","","9","","","","92.73","","","","-8","","NA"
"-111.10","52.83","WAINWRIGHT CFB AIRFIELD 21","301S001","2018-03-26 02:00","2018","03","26","02:00","-4.1","","-5.3","","92","","0.0","","20","","11","","","","92.69","","","","-9","","NA"
"-111.10","52.83","WAINWRIGHT CFB AIRFIELD 21","301S001","2018-03-26 03:00","2018","03","26","03:00","-4.5","","-5.7","","91","","0.0","","22","","11","","","","92.66","","","","-9","","NA"
"-111.10","52.83","WAINWRIGHT CFB AIRFIELD 21","301S001","2018-03-26 04:00","2018","03","26","04:00","-5.0","","-6.2","","91","","0.0","","22","","11","","","","92.64","","","","-10","","NA"
"-111.10","52.83","WAINWRIGHT CFB AIRFIELD 21","301S001","2018-03-26 05:00","2018","03","26","05:00","-6.2","","-7.5","","91","","0.0","","22","","11","","","","92.65","","","","-11","","NA"
"-111.10","52.83","WAINWRIGHT CFB AIRFIELD 21","301S001","2018-03-26 06:00","2018","03","26","06:00","-7.3","","-8.7","","90","","0.0","","23","","12","","","","92.65","","","","-13","","NA"
"-111.10","52.83","WAINWRIGHT CFB AIRFIELD 21","301S001","2018-03-26 07:00","2018","03","26","07:00","-8.1","","-9.7","","89","","0.0","","22","","11","","","","92.66","","","","-13","","NA"
"-111.10","52.83","WAINWRIGHT CFB AIRFIELD 21","301S001","2018-03-26 08:00","2018","03","26","08:00","-7.4","","-9.4","","86","","0.0","","21","","16","","","","92.65","","","","-14","","NA"
"-111.10","52.83","WAINWRIGHT CFB AIRFIELD 21","301S001","2018-03-26 09:00","2018","03","26","09:00","-3.7","","-10.6","","59","","0.0","","23","","17","","","","92.66","","","","-9","","NA"
"-111.10","52.83","WAINWRIGHT CFB AIRFIELD 21","301S001","2018-03-26 10:00","2018","03","26","10:00","-1.0","","-10.1","","50","","0.0","","22","","13","","","","92.66","","","","-5","","NA"
"-111.10","52.83","WAINWRIGHT CFB AIRFIELD 21","301S001","2018-03-26 11:00","2018","03","26","11:00","1.3","","-10.2","","42","","0.0","","21","","13","","","","92.64","","","","","","NA"
"-111.10","52.83","WAINWRIGHT CFB AIRFIELD 21","301S001","2018-03-26 12:00","2018","03","26","12:00","2.9","","-10.1","","38","","0.0","","21","","14","","","","92.61","","","","","","NA"
"-111.10","52.83","WAINWRIGHT CFB AIRFIELD 21","301S001","2018-03-26 13:00","2018","03","26","13:00","3.6","","-10.7","","34","","0.0","","25","","18","","","","92.60","","","","","","NA"
"-111.10","52.83","WAINWRIGHT CFB AIRFIELD 21","301S001","2018-03-26 14:00","2018","03","26","14:00","4.0","","-8.9","","38","","0.0","","24","","19","","","","92.60","","","","","","NA"
"-111.10","52.83","WAINWRIGHT CFB AIRFIELD 21","301S001","2018-03-26 15:00","2018","03","26","15:00","4.3","","-8.3","","39","","0.0","","26","","17","","","","92.64","","","","","","NA"
"-111.10","52.83","WAINWRIGHT CFB AIRFIELD 21","301S001","2018-03-26 16:00","2018","03","26","16:00","4.4","","-8.2","","39","","0.0","","25","","14","","","","92.65","","","","","","NA"
"-111.10","52.83","WAINWRIGHT CFB AIRFIELD 21","301S001","2018-03-26 17:00","2018","03","26","17:00","4.2","","-7.7","","42","","0.0","","25","","15","","","","92.66","","","","","","NA"
"-111.10","52.83","WAINWRIGHT CFB AIRFIELD 21","301S001","2018-03-26 18:00","2018","03","26","18:00","3.7","","-7.4","","44","","0.0","","24","","6","","","","92.70","","","","","","NA"
"-111.10","52.83","WAINWRIGHT CFB AIRFIELD 21","301S001","2018-03-26 19:00","2018","03","26","19:00","2.0","","-6.6","","53","","0.0","","23","","7","","","","92.71","","","","","","NA"
"-111.10","52.83","WAINWRIGHT CFB AIRFIELD 21","301S001","2018-03-26 20:00","2018","03","26","20:00","-0.3","","-6.2","","64","","0.0","","6","","4","","","","92.71","","","","-2","","NA"
"-111.10","52.83","WAINWRIGHT CFB AIRFIELD 21","301S001","2018-03-26 21:00","2018","03","26","21:00","-0.9","","-6.4","","67","","0.0","","3","","8","","","","92.79","","","","-4","","NA"
"-111.10","52.83","WAINWRIGHT CFB AIRFIELD 21","301S001","2018-03-26 22:00","2018","03","26","22:00","-2.3","","-5.5","","78","","0.0","","3","","12","","","","92.85","","","","-7","","NA"
"-111.10","52.83","WAINWRIGHT CFB AIRFIELD 21","301S001","2018-03-26 23:00","2018","03","26","23:00","-2.6","","-4.5","","86","","0.0","","4","","16","","","","92.86","","","","-8","","NA"
"-111.10","52.83","WAINWRIGHT CFB AIRFIELD 21","301S001","2018-03-27 00:00","2018","03","27","00:00","-4.7","","-7.3","","82","","0.0","","3","","18","","","","92.88","","","","-11","","NA"
"-111.10","52.83","WAINWRIGHT CFB AIRFIELD 21","301S001","2018-03-27 01:00","2018","03","27","01:00","-5.4","","-7.1","","88","","0.0","","4","","13","","","","92.88","","","","-11","","NA"
"-111.10","52.83","WAINWRIGHT CFB AIRFIELD 21","301S001","2018-03-27 02:00","2018","03","27","02:00","-5.3","","-6.7","","90","","0.0","","6","","10","","","","92.88","","","","-10","","NA"
"-111.10","52.83","WAINWRIGHT CFB AIRFIELD 21","301S001","2018-03-27 03:00","2018","03","27","03:00","-4.9","","-6.4","","90","","0.0","","7","","12","","","","92.79","","","","-10","","NA"
"-111.10","52.83","WAINWRIGHT CFB AIRFIELD 21","301S001","2018-03-27 04:00","2018","03","27","04:00","-5.3","","-7.0","","88","","0.0","","9","","16","","","","92.77","","","","-11","","NA"
"-111.10","52.83","WAINWRIGHT CFB AIRFIELD 21","301S001","2018-03-27 05:00","2018","03","27","05:00","-6.8","","-8.3","","89","","0.0","","7","","12","","","","92.72","","","","-12","","NA"
"-111.10","52.83","WAINWRIGHT CFB AIRFIELD 21","301S001","2018-03-27 06:00","2018","03","27","06:00","-7.3","","-9.1","","87","","0.0","","10","","19","","","","92.60","","","","-14","","NA"
"-111.10","52.83","WAINWRIGHT CFB AIRFIELD 21","301S001","2018-03-27 07:00","2018","03","27","07:00","-7.0","","-8.3","","90","","0.0","","11","","13","","","","92.54","","","","-13","","NA"
"-111.10","52.83","WAINWRIGHT CFB AIRFIELD 21","301S001","2018-03-27 08:00","2018","03","27","08:00","-7.1","","-9.3","","85","","0.0","","8","","13","","","","92.46","","","","-13","","NA"
"-111.10","52.83","WAINWRIGHT CFB AIRFIELD 21","301S001","2018-03-27 09:00","2018","03","27","09:00","-6.5","","-9.0","","83","","0.0","","8","","7","","","","92.51","","","","-10","","NA"
"-111.10","52.83","WAINWRIGHT CFB AIRFIELD 21","301S001","2018-03-27 10:00","2018","03","27","10:00","-6.2","","-8.4","","84","","0.0","","11","","5","","","","92.33","","","","-9","","NA"
"-111.10","52.83","WAINWRIGHT CFB AIRFIELD 21","301S001","2018-03-27 11:00","2018","03","27","11:00","-6.4","","-8.6","","84","","0.9","","11","","8","","","","92.27","","","","-10","","NA"
"-111.10","52.83","WAINWRIGHT CFB AIRFIELD 21","301S001","2018-03-27 12:00","2018","03","27","12:00","-5.6","","-8.0","","84","","0.9","","16","","6","","","","92.28","","","","-8","","NA"
"-111.10","52.83","WAINWRIGHT CFB AIRFIELD 21","301S001","2018-03-27 13:00","2018","03","27","13:00","-4.9","","-7.7","","80","","0.8","","4","","7","","","","92.29","","","","-8","","NA"
"-111.10","52.83","WAINWRIGHT CFB AIRFIELD 21","301S001","2018-03-27 14:00","2018","03","27","14:00","-4.1","","-8.2","","73","","0.0","","4","","8","","","","92.29","","","","-8","","NA"
"-111.10","52.83","WAINWRIGHT CFB AIRFIELD 21","301S001","2018-03-27 15:00","2018","03","27","15:00","-3.7","","-8.8","","68","","0.0","","5","","8","","","","92.35","","","","-7","","NA"
"-111.10","52.83","WAINWRIGHT CFB AIRFIELD 21","301S001","2018-03-27 16:00","2018","03","27","16:00","-4.5","","-8.9","","72","","0.0","","3","","8","","","","92.52","","","","-8","","NA"
"-111.10","52.83","WAINWRIGHT CFB AIRFIELD 21","301S001","2018-03-27 17:00","2018","03","27","17:00","-5.5","","-9.6","","72","","0.0","","2","","7","","","","92.62","","","","-9","","NA"
"-111.10","52.83","WAINWRIGHT CFB AIRFIELD 21","301S001","2018-03-27 18:00","2018","03","27","18:00","-6.0","","-10.2","","72","","0.0","","1","","8","","","","92.78","","","","-10","","NA"
"-111.10","52.83","WAINWRIGHT CFB AIRFIELD 21","301S001","2018-03-27 19:00","2018","03","27","19:00","-7.0","","-10.4","","77","","0.0","","35","","13","","","","92.93","","","","-13","","NA"
"-111.10","52.83","WAINWRIGHT CFB AIRFIELD 21","301S001","2018-03-27 20:00","2018","03","27","20:00","-8.1","","-11.2","","78","","0.0","","35","","8","","","","93.10","","","","-12","","NA"
"-111.10","52.83","WAINWRIGHT CFB AIRFIELD 21","301S001","2018-03-27 21:00","2018","03","27","21:00","-9.2","","-11.9","","81","","0.2","","31","","8","","","","93.19","","","","-14","","NA"
"-111.10","52.83","WAINWRIGHT CFB AIRFIELD 21","301S001","2018-03-27 22:00","2018","03","27","22:00","-9.8","","-12.5","","80","","0.0","","33","","9","","","","93.28","","","","-15","","NA"
"-111.10","52.83","WAINWRIGHT CFB AIRFIELD 21","301S001","2018-03-27 23:00","2018","03","27","23:00","-11.0","","-13.2","","84","","0.0","","30","","5","","","","93.36","","","","-14","","NA"
"-111.10","52.83","WAINWRIGHT CFB AIRFIELD 21","301S001","2018-03-28 00:00","2018","03","28","00:00","-13.4","","-15.5","","85","","0.0","","30","","10","","","","93.40","","","","-19","","NA"
"-111.10","52.83","WAINWRIGHT CFB AIRFIELD 21","301S001","2018-03-28 01:00","2018","03","28","01:00","-12.5","","-14.1","","88","","0.0","","31","","8","","","","93.42","","","","-17","","NA"
"-111.10","52.83","WAINWRIGHT CFB AIRFIELD 21","301S001","2018-03-28 02:00","2018","03","28","02:00","-11.4","","-13.1","","87","","0.0","","36","","4","","","","93.47","","","","-14","","NA"
"-111.10","52.83","WAINWRIGHT CFB AIRFIELD 21","301S001","2018-03-28 03:00","2018","03","28","03:00","-11.2","","-13.0","","86","","0.0","","24","","7","","","","93.51","","","","-15","","NA"
"-111.10","52.83","WAINWRIGHT CFB AIRFIELD 21","301S001","2018-03-28 04:00","2018","03","28","04:00","-10.8","","-12.8","","85","","0.0","","24","","8","","","","93.53","","","","-15","","NA"
"-111.10","52.83","WAINWRIGHT CFB AIRFIELD 21","301S001","2018-03-28 05:00","2018","03","28","05:00","-10.2","","-12.2","","85","","0.0","","21","","6","","","","93.55","","","","-14","","NA"
"-111.10","52.83","WAINWRIGHT CFB AIRFIELD 21","301S001","2018-03-28 06:00","2018","03","28","06:00","-9.7","","-11.7","","85","","0.0","","22","","6","","","","93.57","","","","-13","","NA"
"-111.10","52.83","WAINWRIGHT CFB AIRFIELD 21","301S001","2018-03-28 07:00","2018","03","28","07:00","-9.3","","-11.3","","86","","0.0","","21","","8","","","","93.57","","","","-14","","NA"
"-111.10","52.83","WAINWRIGHT CFB AIRFIELD 21","301S001","2018-03-28 08:00","2018","03","28","08:00","-8.1","","-11.0","","80","","0.0","","22","","13","","","","93.56","","","","-14","","NA"
"-111.10","52.83","WAINWRIGHT CFB AIRFIELD 21","301S001","2018-03-28 09:00","2018","03","28","09:00","-6.8","","-10.6","","75","","0.0","","22","","10","","","","93.55","","","","-11","","NA"
"-111.10","52.83","WAINWRIGHT CFB AIRFIELD 21","301S001","2018-03-28 10:00","2018","03","28","10:00","-5.4","","-10.1","","69","","0.0","","24","","12","","","","93.55","","","","-10","","NA"
"-111.10","52.83","WAINWRIGHT CFB AIRFIELD 21","301S001","2018-03-28 11:00","2018","03","28","11:00","-4.2","","-9.4","","67","","0.0","","25","","12","","","","93.55","","","","-9","","NA"
"-111.10","52.83","WAINWRIGHT CFB AIRFIELD 21","301S001","2018-03-28 12:00","2018","03","28","12:00","-3.1","","-9.3","","62","","0.0","","26","","13","","","","93.49","","","","-8","","NA"
"-111.10","52.83","WAINWRIGHT CFB AIRFIELD 21","301S001","2018-03-28 13:00","2018","03","28","13:00","-2.1","","-9.2","","58","","0.0","","29","","15","","","","93.48","","","","-7","","NA"
"-111.10","52.83","WAINWRIGHT CFB AIRFIELD 21","301S001","2018-03-28 14:00","2018","03","28","14:00","-1.2","","-8.7","","57","","0.0","","29","","13","","","","93.45","","","","-5","","NA"
"-111.10","52.83","WAINWRIGHT CFB AIRFIELD 21","301S001","2018-03-28 15:00","2018","03","28","15:00","-1.0","","-8.5","","57","","0.0","","27","","14","","","","93.42","","","","-5","","NA"
"-111.10","52.83","WAINWRIGHT CFB AIRFIELD 21","301S001","2018-03-28 16:00","2018","03","28","16:00","-0.4","","-7.1","","60","","0.0","","31","","13","","","","93.44","","","","-5","","NA"
"-111.10","52.83","WAINWRIGHT CFB AIRFIELD 21","301S001","2018-03-28 17:00","2018","03","28","17:00","-1.3","","-7.6","","62","","0.0","","36","","14","","","","93.47","","","","-6","","NA"
"-111.10","52.83","WAINWRIGHT CFB AIRFIELD 21","301S001","2018-03-28 18:00","2018","03","28","18:00","-3.0","","-5.9","","80","","0.0","","34","","11","","","","93.54","","","","-7","","NA"
"-111.10","52.83","WAINWRIGHT CFB AIRFIELD 21","301S001","2018-03-28 19:00","2018","03","28","19:00","-3.9","","-6.5","","82","","0.0","","32","","12","","","","93.60","","","","-9","","NA"
"-111.10","52.83","WAINWRIGHT CFB AIRFIELD 21","301S001","2018-03-28 20:00","2018","03","28","20:00","-5.4","","-7.7","","84","","0.0","","29","","12","","","","93.64","","","","-10","","NA"
"-111.10","52.83","WAINWRIGHT CFB AIRFIELD 21","301S001","2018-03-28 21:00","2018","03","28","21:00","-6.8","","-8.8","","86","","0.0","","29","","9","","","","93.66","","","","-11","","NA"
"-111.10","52.83","WAINWRIGHT CFB AIRFIELD 21","301S001","2018-03-28 22:00","2018","03","28","22:00","-7.6","","-9.5","","86","","0.0","","30","","9","","","","93.71","","","","-12","","NA"
"-111.10","52.83","WAINWRIGHT CFB AIRFIELD 21","301S001","2018-03-28 23:00","2018","03","28","23:00","-7.6","","-9.4","","87","","0.0","","31","","7","","","","93.72","","","","-11","","NA"
"-111.10","52.83","WAINWRIGHT CFB AIRFIELD 21","301S001","2018-03-29 00:00","2018","03","29","00:00","-6.5","","-8.8","","84","","0.0","","33","","8","","","","93.78","","","","-10","","NA"
"-111.10","52.83","WAINWRIGHT CFB AIRFIELD 21","301S001","2018-03-29 01:00","2018","03","29","01:00","-6.5","","-8.7","","85","","0.0","","31","","9","","","","93.79","","","","-11","","NA"
"-111.10","52.83","WAINWRIGHT CFB AIRFIELD 21","301S001","2018-03-29 02:00","2018","03","29","02:00","-6.9","","-9.3","","83","","0.0","","7","","5","","","","93.84","","","","-9","","NA"
"-111.10","52.83","WAINWRIGHT CFB AIRFIELD 21","301S001","2018-03-29 03:00","2018","03","29","03:00","-10.6","","-13.7","","78","","0.0","","7","","18","","","","93.87","","","","-18","","NA"
"-111.10","52.83","WAINWRIGHT CFB AIRFIELD 21","301S001","2018-03-29 04:00","2018","03","29","04:00","-13.3","","-16.4","","77","","0.0","","7","","19","","","","94.01","","","","-22","","NA"
"-111.10","52.83","WAINWRIGHT CFB AIRFIELD 21","301S001","2018-03-29 05:00","2018","03","29","05:00","-14.5","","-17.5","","78","","0.0","","8","","21","","","","94.10","","","","-24","","NA"
"-111.10","52.83","WAINWRIGHT CFB AIRFIELD 21","301S001","2018-03-29 06:00","2018","03","29","06:00","-15.7","","-19.0","","76","","0.0","","7","","12","","","","94.18","","","","-23","","NA"
"-111.10","52.83","WAINWRIGHT CFB AIRFIELD 21","301S001","2018-03-29 07:00","2018","03","29","07:00","-16.1","","-20.0","","72","","0.2","","7","","12","","","","94.26","","","","-23","","NA"
"-111.10","52.83","WAINWRIGHT CFB AIRFIELD 21","301S001","2018-03-29 08:00","2018","03","29","08:00","-14.8","","-20.7","","61","","0.0","","6","","12","","","","94.34","","","","-22","","NA"
"-111.10","52.83","WAINWRIGHT CFB AIRFIELD 21","301S001","2018-03-29 09:00","2018","03","29","09:00","-13.9","","-21.0","","55","","0.0","","7","","11","","","","94.39","","","","-20","","NA"
"-111.10","52.83","WAINWRIGHT CFB AIRFIELD 21","301S001","2018-03-29 10:00","2018","03","29","10:00","-13.4","","-21.2","","52","","0.0","","7","","12","","","","94.43","","","","-20","","NA"
"-111.10","52.83","WAINWRIGHT CFB AIRFIELD 21","301S001","2018-03-29 11:00","2018","03","29","11:00","-13.1","","-22.8","","44","","0.0","","7","","11","","","","94.47","","","","-19","","NA"
"-111.10","52.83","WAINWRIGHT CFB AIRFIELD 21","301S001","2018-03-29 12:00","2018","03","29","12:00","-12.1","","-22.8","","41","","0.0","","6","","10","","","","94.48","","","","-18","","NA"
"-111.10","52.83","WAINWRIGHT CFB AIRFIELD 21","301S001","2018-03-29 13:00","2018","03","29","13:00","-11.8","","-22.3","","41","","0.0","","7","","9","","","","94.48","","","","-17","","NA"
"-111.10","52.83","WAINWRIGHT CFB AIRFIELD 21","301S001","2018-03-29 14:00","2018","03","29","14:00","-11.1","","-21.8","","41","","0.0","","8","","8","","","","94.46","","","","-16","","NA"
"-111.10","52.83","WAINWRIGHT CFB AIRFIELD 21","301S001","2018-03-29 15:00","2018","03","29","15:00","-10.8","","-21.2","","42","","0.0","","5","","11","","","","94.42","","","","-17","","NA"
"-111.10","52.83","WAINWRIGHT CFB AIRFIELD 21","301S001","2018-03-29 16:00","2018","03","29","16:00","-11.2","","-21.3","","43","","0.0","","9","","13","","","","94.39","","","","-18","","NA"
"-111.10","52.83","WAINWRIGHT CFB AIRFIELD 21","301S001","2018-03-29 17:00","2018","03","29","17:00","-11.5","","-21.2","","44","","0.0","","11","","12","","","","94.35","","","","-18","","NA"
"-111.10","52.83","WAINWRIGHT CFB AIRFIELD 21","301S001","2018-03-29 18:00","2018","03","29","18:00","-12.2","","-21.2","","47","","0.0","","10","","12","","","","94.32","","","","-19","","NA"
"-111.10","52.83","WAINWRIGHT CFB AIRFIELD 21","301S001","2018-03-29 19:00","2018","03","29","19:00","-14.1","","-21.4","","54","","0.0","","10","","11","","","","94.31","","","","-21","","NA"
"-111.10","52.83","WAINWRIGHT CFB AIRFIELD 21","301S001","2018-03-29 20:00","2018","03","29","20:00","-15.5","","-21.2","","62","","0.0","","9","","9","","","","94.30","","","","-21","","NA"
"-111.10","52.83","WAINWRIGHT CFB AIRFIELD 21","301S001","2018-03-29 21:00","2018","03","29","21:00","-15.9","","-20.3","","69","","0.0","","11","","5","","","","94.22","","","","-20","","NA"
"-111.10","52.83","WAINWRIGHT CFB AIRFIELD 21","301S001","2018-03-29 22:00","2018","03","29","22:00","-16.1","","-20.4","","70","","0.0","","14","","6","","","","94.15","","","","-21","","NA"
"-111.10","52.83","WAINWRIGHT CFB AIRFIELD 21","301S001","2018-03-29 23:00","2018","03","29","23:00","-16.3","","-20.5","","70","","0.0","","14","","8","","","","94.12","","","","-22","","NA"
"-111.10","52.83","WAINWRIGHT CFB AIRFIELD 21","301S001","2018-03-30 00:00","2018","03","30","00:00","-16.0","","-20.1","","70","","0.0","","14","","9","","","","94.04","","","","-22","","NA"
"-111.10","52.83","WAINWRIGHT CFB AIRFIELD 21","301S001","2018-03-30 01:00","2018","03","30","01:00","-15.7","","-19.5","","72","","0.0","","12","","3","","","","93.94","","","","-18","","NA"
"-111.10","52.83","WAINWRIGHT CFB AIRFIELD 21","301S001","2018-03-30 02:00","2018","03","30","02:00","-15.5","","-19.2","","73","","0.0","","11","","7","","","","93.90","","","","-20","","NA"
"-111.10","52.83","WAINWRIGHT CFB AIRFIELD 21","301S001","2018-03-30 03:00","2018","03","30","03:00","-15.2","","-19.7","","69","","0.0","","9","","11","","","","93.80","","","","-22","","NA"
"-111.10","52.83","WAINWRIGHT CFB AIRFIELD 21","301S001","2018-03-30 04:00","2018","03","30","04:00","-14.9","","-20.4","","63","","0.0","","10","","12","","","","93.76","","","","-22","","NA"
"-111.10","52.83","WAINWRIGHT CFB AIRFIELD 21","301S001","2018-03-30 05:00","2018","03","30","05:00","-15.1","","-20.2","","65","","0.0","","10","","13","","","","93.74","","","","-22","","NA"
"-111.10","52.83","WAINWRIGHT CFB AIRFIELD 21","301S001","2018-03-30 06:00","2018","03","30","06:00","-15.6","","-19.3","","74","","0.0","","7","","10","","","","93.72","","","","-22","","NA"
"-111.10","52.83","WAINWRIGHT CFB AIRFIELD 21","301S001","2018-03-30 07:00","2018","03","30","07:00","-16.0","","-19.5","","74","","0.0","","6","","10","","","","93.78","","","","-22","","NA"
"-111.10","52.83","WAINWRIGHT CFB AIRFIELD 21","301S001","2018-03-30 08:00","2018","03","30","08:00","-15.9","","-19.6","","73","","0.2","","5","","10","","","","93.86","","","","-22","","NA"
"-111.10","52.83","WAINWRIGHT CFB AIRFIELD 21","301S001","2018-03-30 09:00","2018","03","30","09:00","-15.4","","-20.0","","67","","0.0","","5","","10","","","","93.92","","","","-22","","NA"
"-111.10","52.83","WAINWRIGHT CFB AIRFIELD 21","301S001","2018-03-30 10:00","2018","03","30","10:00","-13.7","","-21.4","","53","","0.0","","2","","10","","","","94.02","","","","-20","","NA"
"-111.10","52.83","WAINWRIGHT CFB AIRFIELD 21","301S001","2018-03-30 11:00","2018","03","30","11:00","-13.0","","-22.8","","44","","0.0","","2","","12","","","","94.12","","","","-20","","NA"
"-111.10","52.83","WAINWRIGHT CFB AIRFIELD 21","301S001","2018-03-30 12:00","2018","03","30","12:00","-12.2","","-21.3","","47","","0.0","","36","","15","","","","94.21","","","","-19","","NA"
"-111.10","52.83","WAINWRIGHT CFB AIRFIELD 21","301S001","2018-03-30 13:00","2018","03","30","13:00","-11.2","","-20.9","","44","","0.0","","35","","14","","","","94.28","","","","-18","","NA"
"-111.10","52.83","WAINWRIGHT CFB AIRFIELD 21","301S001","2018-03-30 14:00","2018","03","30","14:00","-10.7","","-19.2","","49","","0.0","","34","","15","","","","94.33","","","","-18","","NA"
"-111.10","52.83","WAINWRIGHT CFB AIRFIELD 21","301S001","2018-03-30 15:00","2018","03","30","15:00","-10.7","","-18.3","","53","","0.0","","34","","19","","","","94.38","","","","-19","","NA"
"-111.10","52.83","WAINWRIGHT CFB AIRFIELD 21","301S001","2018-03-30 16:00","2018","03","30","16:00","-11.3","","-18.5","","55","","0.0","","31","","21","","","","94.45","","","","-20","","NA"
"-111.10","52.83","WAINWRIGHT CFB AIRFIELD 21","301S001","2018-03-30 17:00","2018","03","30","17:00","-12.0","","-21.4","","46","","0.0","","33","","22","","","","94.49","","","","-21","","NA"
"-111.10","52.83","WAINWRIGHT CFB AIRFIELD 21","301S001","2018-03-30 18:00","2018","03","30","18:00","-13.0","","-21.7","","48","","0.0","","32","","21","","","","94.56","","","","-22","","NA"
"-111.10","52.83","WAINWRIGHT CFB AIRFIELD 21","301S001","2018-03-30 19:00","2018","03","30","19:00","-14.3","","-22.2","","51","","0.0","","32","","19","","","","94.62","","","","-23","","NA"
"-111.10","52.83","WAINWRIGHT CFB AIRFIELD 21","301S001","2018-03-30 20:00","2018","03","30","20:00","-14.5","","-22.8","","49","","0.0","","32","","16","","","","94.67","","","","-23","","NA"
"-111.10","52.83","WAINWRIGHT CFB AIRFIELD 21","301S001","2018-03-30 21:00","2018","03","30","21:00","-15.1","","-23.5","","49","","0.0","","32","","16","","","","94.73","","","","-23","","NA"
"-111.10","52.83","WAINWRIGHT CFB AIRFIELD 21","301S001","2018-03-30 22:00","2018","03","30","22:00","-15.7","","-23.4","","52","","0.0","","31","","13","","","","94.76","","","","-23","","NA"
"-111.10","52.83","WAINWRIGHT CFB AIRFIELD 21","301S001","2018-03-30 23:00","2018","03","30","23:00","-17.0","","-23.3","","58","","0.0","","30","","11","","","","94.80","","","","-24","","NA"
"-111.10","52.83","WAINWRIGHT CFB AIRFIELD 21","301S001","2018-03-31 00:00","2018","03","31","00:00","-16.9","","-23.6","","56","","0.0","","31","","14","","","","94.84","","","","-25","","NA"
"-111.10","52.83","WAINWRIGHT CFB AIRFIELD 21","301S001","2018-03-31 01:00","2018","03","31","01:00","-17.4","","-23.7","","58","","0.0","","31","","16","","","","94.88","","","","-26","","NA"
"-111.10","52.83","WAINWRIGHT CFB AIRFIELD 21","301S001","2018-03-31 02:00","2018","03","31","02:00","-18.1","","-24.0","","60","","0.0","","29","","16","","","","94.91","","","","-27","","NA"
"-111.10","52.83","WAINWRIGHT CFB AIRFIELD 21","301S001","2018-03-31 03:00","2018","03","31","03:00","-18.3","","-24.4","","59","","0.0","","30","","16","","","","94.93","","","","-27","","NA"
"-111.10","52.83","WAINWRIGHT CFB AIRFIELD 21","301S001","2018-03-31 04:00","2018","03","31","04:00","-18.8","","-24.7","","60","","0.0","","30","","17","","","","94.95","","","","-28","","NA"
"-111.10","52.83","WAINWRIGHT CFB AIRFIELD 21","301S001","2018-03-31 05:00","2018","03","31","05:00","-19.3","","-24.7","","62","","0.0","","30","","17","","","","94.98","","","","-29","","NA"
"-111.10","52.83","WAINWRIGHT CFB AIRFIELD 21","301S001","2018-03-31 06:00","2018","03","31","06:00","-19.6","","-25.0","","62","","0.0","","27","","16","","","","95.01","","","","-29","","NA"
"-111.10","52.83","WAINWRIGHT CFB AIRFIELD 21","301S001","2018-03-31 07:00","2018","03","31","07:00","-19.5","","-24.9","","62","","0.0","","29","","18","","","","95.02","","","","-29","","NA"
"-111.10","52.83","WAINWRIGHT CFB AIRFIELD 21","301S001","2018-03-31 08:00","2018","03","31","08:00","-18.1","","-25.0","","54","","0.0","","28","","17","","","","95.01","","","","-27","","NA"
"-111.10","52.83","WAINWRIGHT CFB AIRFIELD 21","301S001","2018-03-31 09:00","2018","03","31","09:00","-16.2","","-24.1","","51","","0.0","","29","","19","","","","94.99","","","","-25","","NA"
"-111.10","52.83","WAINWRIGHT CFB AIRFIELD 21","301S001","2018-03-31 10:00","2018","03","31","10:00","-15.0","","-24.1","","46","","0.0","","28","","17","","","","94.97","","","","-23","","NA"
"-111.10","52.83","WAINWRIGHT CFB AIRFIELD 21","301S001","2018-03-31 11:00","2018","03","31","11:00","-13.4","","-22.4","","47","","0.0","","26","","18","","","","94.94","","","","-22","","NA"
"-111.10","52.83","WAINWRIGHT CFB AIRFIELD 21","301S001","2018-03-31 12:00","2018","03","31","12:00","-12.9","","-21.3","","49","","0.0","","27","","22","","","","94.87","","","","-22","","NA"
"-111.10","52.83","WAINWRIGHT CFB AIRFIELD 21","301S001","2018-03-31 13:00","2018","03","31","13:00","-12.0","","-21.2","","46","","0.0","","26","","24","","","","94.84","","","","-21","","NA"
"-111.10","52.83","WAINWRIGHT CFB AIRFIELD 21","301S001","2018-03-31 14:00","2018","03","31","14:00","-11.2","","-20.2","","48","","0.0","","27","","23","","","","94.78","","","","-20","","NA"
"-111.10","52.83","WAINWRIGHT CFB AIRFIELD 21","301S001","2018-03-31 15:00","2018","03","31","15:00","-11.1","","-20.3","","46","","0.0","","26","","24","","","","94.70","","","","-20","","NA"
"-111.10","52.83","WAINWRIGHT CFB AIRFIELD 21","301S001","2018-03-31 16:00","2018","03","31","16:00","-10.8","","-20.5","","45","","0.0","","26","","19","","","","94.63","","","","-19","","NA"
"-111.10","52.83","WAINWRIGHT CFB AIRFIELD 21","301S001","2018-03-31 17:00","2018","03","31","17:00","-10.8","","-19.4","","49","","0.0","","26","","22","","","","94.56","","","","-19","","NA"
"-111.10","52.83","WAINWRIGHT CFB AIRFIELD 21","301S001","2018-03-31 18:00","2018","03","31","18:00","-11.3","","-19.8","","50","","0.0","","24","","21","","","","94.46","","","","-20","","NA"
"-111.10","52.83","WAINWRIGHT CFB AIRFIELD 21","301S001","2018-03-31 19:00","2018","03","31","19:00","-12.7","","-19.8","","56","","0.0","","23","","14","","","","94.37","","","","-20","","NA"
"-111.10","52.83","WAINWRIGHT CFB AIRFIELD 21","301S001","2018-03-31 20:00","2018","03","31","20:00","-14.1","","-20.2","","60","","0.0","","23","","14","","","","94.29","","","","-22","","NA"
"-111.10","52.83","WAINWRIGHT CFB AIRFIELD 21","301S001","2018-03-31 21:00","2018","03","31","21:00","-15.0","","-20.2","","64","","0.0","","23","","15","","","","94.24","","","","-23","","NA"
"-111.10","52.83","WAINWRIGHT CFB AIRFIELD 21","301S001","2018-03-31 22:00","2018","03","31","22:00","-15.1","","-20.0","","66","","0.0","","24","","19","","","","94.18","","","","-24","","NA"
"-111.10","52.83","WAINWRIGHT CFB AIRFIELD 21","301S001","2018-03-31 23:00","2018","03","31","23:00","-15.6","","-19.9","","69","","0.0","","23","","19","","","","94.11","","","","-25","","NA"
