"Longitude (x)","Latitude (y)","Station Name","Climate ID","Date/Time (LST)","Year","Month","Day","Time (LST)","Temp (°C)","Temp Flag","Dew Point Temp (°C)","Dew Point Temp Flag","Rel Hum (%)","Rel Hum Flag","Precip. Amount (mm)","Precip. Amount Flag","Wind Dir (10s deg)","Wind Dir Flag","Wind Spd (km/h)","Wind Spd Flag","Visibility (km)","Visibility Flag","Stn Press (kPa)","Stn Press Flag","Hmdx","Hmdx Flag","Wind Chill","Wind Chill Flag","Weather"
"-82.52","41.95","POINT PELEE CS","613P001","2019-02-01 00:00","2019","02","01","00:00","-15.6","","-23.1","","52","","","M","","M","","M","","","100.72","","","","","","NA"
"-82.52","41.95","POINT PELEE CS","613P001","2019-02-01 01:00","2019","02","01","01:00","-15.3","","-22.2","","56","","","M","","M","","M","","","100.65","","","","","","NA"
"-82.52","41.95","POINT PELEE CS","613P001","2019-02-01 02:00","2019","02","01","02:00","-15.2","","-21.3","","59","","","M","","M","","M","","","100.63","","","","","","NA"
"-82.52","41.95","POINT PELEE CS","613P001","2019-02-01 03:00","2019","02","01","03:00","-15.6","","-21.5","","61","","","M","","M","","M","","","100.66","","","","","","NA"
"-82.52","41.95","POINT PELEE CS","613P001","2019-02-01 04:00","2019","02","01","04:00","-16.0","","-22.0","","60","","","M","","M","","M","","","100.63","","","","","","NA"
"-82.52","41.95","POINT PELEE CS","613P001","2019-02-01 05:00","2019","02","01","05:00","-16.1","","-21.7","","62","","","M","","M","","M","","","100.59","","","","","","NA"
"-82.52","41.95","POINT PELEE CS","613P001","2019-02-01 06:00","2019","02","01","06:00","-16.0","","-21.2","","64","","","M","","M","","M","","","100.62","","","","","","NA"
"-82.52","41.95","POINT PELEE CS","613P001","2019-02-01 07:00","2019","02","01","07:00","-15.6","","-20.3","","67","","","M","","M","","M","","","100.62","","","","","","NA"
"-82.52","41.95","POINT PELEE CS","613P001","2019-02-01 08:00","2019","02","01","08:00","-15.4","","-19.5","","71","","","M","","M","","M","","","100.63","","","","","","NA"
"-82.52","41.95","POINT PELEE CS","613P001","2019-02-01 09:00","2019","02","01","09:00","-14.6","","-19.3","","68","","","M","","M","","M","","","100.69","","","","","","NA"
"-82.52","41.95","POINT PELEE CS","613P001","2019-02-01 10:00","2019","02","01","10:00","-12.8","","-18.0","","65","","","M","","M","","M","","","100.71","","","","","","NA"
"-82.52","41.95","POINT PELEE CS","613P001","2019-02-01 11:00","2019","02","01","11:00","-11.5","","-16.7","","66","","","M","","M","","M","","","100.73","","","","","","NA"
"-82.52","41.95","POINT PELEE CS","613P001","2019-02-01 12:00","2019","02","01","12:00","-9.3","","-15.8","","59","","","M","","M","","M","","","100.72","","","","","","NA"
"-82.52","41.95","POINT PELEE CS","613P001","2019-02-01 13:00","2019","02","01","13:00","-8.7","","-15.5","","58","","","M","","M","","M","","","100.65","","","","","","NA"
"-82.52","41.95","POINT PELEE CS","613P001","2019-02-01 14:00","2019","02","01","14:00","-7.9","","-14.8","","57","","","M","","M","","M","","","100.63","","","","","","NA"
"-82.52","41.95","POINT PELEE CS","613P001","2019-02-01 15:00","2019","02","01","15:00","-9.0","","-15.6","","59","","","M","","M","","M","","","100.61","","","","","","NA"
"-82.52","41.95","POINT PELEE CS","613P001","2019-02-01 16:00","2019","02","01","16:00","-9.4","","-15.0","","64","","","M","","M","","M","","","100.67","","","","","","NA"
"-82.52","41.95","POINT PELEE CS","613P001","2019-02-01 17:00","2019","02","01","17:00","-10.1","","-15.0","","67","","","M","","M","","M","","","100.68","","","","","","NA"
"-82.52","41.95","POINT PELEE CS","613P001","2019-02-01 18:00","2019","02","01","18:00","-12.3","","-15.7","","75","","","M","","M","","M","","","100.69","","","","","","NA"
"-82.52","41.95","POINT PELEE CS","613P001","2019-02-01 19:00","2019","02","01","19:00","-14.2","","-16.2","","85","","","M","","M","","M","","","100.68","","","","","","NA"
"-82.52","41.95","POINT PELEE CS","613P001","2019-02-01 20:00","2019","02","01","20:00","-15.4","","-16.9","","88","","","M","","M","","M","","","100.66","","","","","","NA"
"-82.52","41.95","POINT PELEE CS","613P001","2019-02-01 21:00","2019","02","01","21:00","-14.0","","-15.6","","88","","","M","","M","","M","","","100.64","","","","","","NA"
"-82.52","41.95","POINT PELEE CS","613P001","2019-02-01 22:00","2019","02","01","22:00","-12.9","","-14.6","","87","","","M","","M","","M","","","100.61","","","","","","NA"
"-82.52","41.95","POINT PELEE CS","613P001","2019-02-01 23:00","2019","02","01","23:00","-12.5","","-14.5","","85","","","M","","M","","M","","","100.61","","","","","","NA"
"-82.52","41.95","POINT PELEE CS","613P001","2019-02-02 00:00","2019","02","02","00:00","-11.8","","-13.8","","85","","","M","","M","","M","","","100.55","","","","","","NA"
"-82.52","41.95","POINT PELEE CS","613P001","2019-02-02 01:00","2019","02","02","01:00","-10.6","","-12.8","","84","","","M","","M","","M","","","100.49","","","","","","NA"
"-82.52","41.95","POINT PELEE CS","613P001","2019-02-02 02:00","2019","02","02","02:00","-9.3","","-11.9","","81","","","M","","M","","M","","","100.38","","","","","","NA"
"-82.52","41.95","POINT PELEE CS","613P001","2019-02-02 03:00","2019","02","02","03:00","-8.7","","-11.0","","84","","","M","","M","","M","","","100.36","","","","","","NA"
"-82.52","41.95","POINT PELEE CS","613P001","2019-02-02 04:00","2019","02","02","04:00","-8.8","","-11.0","","84","","","M","","M","","M","","","100.25","","","","","","NA"
"-82.52","41.95","POINT PELEE CS","613P001","2019-02-02 05:00","2019","02","02","05:00","-8.6","","-10.6","","86","","","M","","M","","M","","","100.18","","","","","","NA"
"-82.52","41.95","POINT PELEE CS","613P001","2019-02-02 06:00","2019","02","02","06:00","-8.4","","-10.1","","88","","","M","","M","","M","","","100.08","","","","","","NA"
"-82.52","41.95","POINT PELEE CS","613P001","2019-02-02 07:00","2019","02","02","07:00","-7.5","","-8.9","","90","","","M","","M","","M","","","100.03","","","","","","NA"
"-82.52","41.95","POINT PELEE CS","613P001","2019-02-02 08:00","2019","02","02","08:00","-6.8","","-8.3","","89","","","M","","M","","M","","","100.01","","","","","","NA"
"-82.52","41.95","POINT PELEE CS","613P001","2019-02-02 09:00","2019","02","02","09:00","-5.1","","-7.0","","87","","","M","","M","","M","","","99.96","","","","","","NA"
"-82.52","41.95","POINT PELEE CS","613P001","2019-02-02 10:00","2019","02","02","10:00","-3.2","","-6.0","","81","","","M","","M","","M","","","99.94","","","","","","NA"
"-82.52","41.95","POINT PELEE CS","613P001","2019-02-02 11:00","2019","02","02","11:00","-2.1","","-5.0","","81","","","M","","M","","M","","","99.94","","","","","","NA"
"-82.52","41.95","POINT PELEE CS","613P001","2019-02-02 12:00","2019","02","02","12:00","-0.6","","-4.0","","77","","","M","","M","","M","","","99.84","","","","","","NA"
"-82.52","41.95","POINT PELEE CS","613P001","2019-02-02 13:00","2019","02","02","13:00","0.6","","-3.1","","76","","","M","","M","","M","","","99.72","","","","","","NA"
"-82.52","41.95","POINT PELEE CS","613P001","2019-02-02 14:00","2019","02","02","14:00","2.1","","-1.8","","76","","","M","","M","","M","","","99.62","","","","","","NA"
"-82.52","41.95","POINT PELEE CS","613P001","2019-02-02 15:00","2019","02","02","15:00","2.9","","-0.9","","76","","","M","","M","","M","","","99.55","","","","","","NA"
"-82.52","41.95","POINT PELEE CS","613P001","2019-02-02 16:00","2019","02","02","16:00","3.7","","-0.3","","75","","","M","","M","","M","","","99.52","","","","","","NA"
"-82.52","41.95","POINT PELEE CS","613P001","2019-02-02 17:00","2019","02","02","17:00","2.2","","-0.5","","82","","","M","","M","","M","","","99.53","","","","","","NA"
"-82.52","41.95","POINT PELEE CS","613P001","2019-02-02 18:00","2019","02","02","18:00","1.9","","-0.4","","85","","","M","","M","","M","","","99.53","","","","","","NA"
"-82.52","41.95","POINT PELEE CS","613P001","2019-02-02 19:00","2019","02","02","19:00","1.6","","-0.3","","87","","","M","","M","","M","","","99.55","","","","","","NA"
"-82.52","41.95","POINT PELEE CS","613P001","2019-02-02 20:00","2019","02","02","20:00","1.0","","-0.4","","90","","","M","","M","","M","","","99.60","","","","","","NA"
"-82.52","41.95","POINT PELEE CS","613P001","2019-02-02 21:00","2019","02","02","21:00","1.2","","0.0","","92","","","M","","M","","M","","","99.59","","","","","","NA"
"-82.52","41.95","POINT PELEE CS","613P001","2019-02-02 22:00","2019","02","02","22:00","0.9","","-0.2","","93","","","M","","M","","M","","","99.60","","","","","","NA"
"-82.52","41.95","POINT PELEE CS","613P001","2019-02-02 23:00","2019","02","02","23:00","1.0","","0.2","","95","","","M","","M","","M","","","99.64","","","","","","NA"
"-82.52","41.95","POINT PELEE CS","613P001","2019-02-03 00:00","2019","02","03","00:00","1.3","","0.4","","94","","","M","","M","","M","","","99.59","","","","","","NA"
"-82.52","41.95","POINT PELEE CS","613P001","2019-02-03 01:00","2019","02","03","01:00","1.3","","0.5","","94","","","M","","M","","M","","","99.55","","","","","","NA"
"-82.52","41.95","POINT PELEE CS","613P001","2019-02-03 02:00","2019","02","03","02:00","1.4","","0.7","","95","","","M","","M","","M","","","99.49","","","","","","NA"
"-82.52","41.95","POINT PELEE CS","613P001","2019-02-03 03:00","2019","02","03","03:00","1.6","","0.8","","94","","","M","","M","","M","","","99.47","","","","","","NA"
"-82.52","41.95","POINT PELEE CS","613P001","2019-02-03 04:00","2019","02","03","04:00","1.8","","0.8","","93","","","M","","M","","M","","","99.42","","","","","","NA"
"-82.52","41.95","POINT PELEE CS","613P001","2019-02-03 05:00","2019","02","03","05:00","2.3","","1.2","","92","","","M","","M","","M","","","99.39","","","","","","NA"
"-82.52","41.95","POINT PELEE CS","613P001","2019-02-03 06:00","2019","02","03","06:00","2.8","","1.7","","92","","","M","","M","","M","","","99.37","","","","","","NA"
"-82.52","41.95","POINT PELEE CS","613P001","2019-02-03 07:00","2019","02","03","07:00","2.4","","1.2","","92","","","M","","M","","M","","","99.37","","","","","","NA"
"-82.52","41.95","POINT PELEE CS","613P001","2019-02-03 08:00","2019","02","03","08:00","2.4","","1.2","","92","","","M","","M","","M","","","99.38","","","","","","NA"
"-82.52","41.95","POINT PELEE CS","613P001","2019-02-03 09:00","2019","02","03","09:00","3.1","","1.4","","89","","","M","","M","","M","","","99.35","","","","","","NA"
"-82.52","41.95","POINT PELEE CS","613P001","2019-02-03 10:00","2019","02","03","10:00","3.5","","1.5","","87","","","M","","M","","M","","","99.33","","","","","","NA"
"-82.52","41.95","POINT PELEE CS","613P001","2019-02-03 11:00","2019","02","03","11:00","5.1","","2.0","","80","","","M","","M","","M","","","99.33","","","","","","NA"
"-82.52","41.95","POINT PELEE CS","613P001","2019-02-03 12:00","2019","02","03","12:00","6.2","","2.4","","77","","","M","","M","","M","","","99.26","","","","","","NA"
"-82.52","41.95","POINT PELEE CS","613P001","2019-02-03 13:00","2019","02","03","13:00","6.6","","2.6","","76","","","M","","M","","M","","","99.16","","","","","","NA"
"-82.52","41.95","POINT PELEE CS","613P001","2019-02-03 14:00","2019","02","03","14:00","7.0","","2.8","","75","","","M","","M","","M","","","99.09","","","","","","NA"
"-82.52","41.95","POINT PELEE CS","613P001","2019-02-03 15:00","2019","02","03","15:00","7.7","","3.1","","73","","","M","","M","","M","","","99.05","","","","","","NA"
"-82.52","41.95","POINT PELEE CS","613P001","2019-02-03 16:00","2019","02","03","16:00","7.1","","2.8","","74","","","M","","M","","M","","","99.08","","","","","","NA"
"-82.52","41.95","POINT PELEE CS","613P001","2019-02-03 17:00","2019","02","03","17:00","5.7","","2.6","","81","","","M","","M","","M","","","99.10","","","","","","NA"
"-82.52","41.95","POINT PELEE CS","613P001","2019-02-03 18:00","2019","02","03","18:00","4.4","","2.1","","85","","","M","","M","","M","","","99.13","","","","","","NA"
"-82.52","41.95","POINT PELEE CS","613P001","2019-02-03 19:00","2019","02","03","19:00","5.1","","2.9","","85","","","M","","M","","M","","","99.17","","","","","","NA"
"-82.52","41.95","POINT PELEE CS","613P001","2019-02-03 20:00","2019","02","03","20:00","4.0","","2.0","","87","","","M","","M","","M","","","99.21","","","","","","NA"
"-82.52","41.95","POINT PELEE CS","613P001","2019-02-03 21:00","2019","02","03","21:00","5.7","","3.1","","83","","","M","","M","","M","","","99.22","","","","","","NA"
"-82.52","41.95","POINT PELEE CS","613P001","2019-02-03 22:00","2019","02","03","22:00","6.5","","3.2","","79","","","M","","M","","M","","","99.21","","","","","","NA"
"-82.52","41.95","POINT PELEE CS","613P001","2019-02-03 23:00","2019","02","03","23:00","5.8","","2.9","","82","","","M","","M","","M","","","99.19","","","","","","NA"
"-82.52","41.95","POINT PELEE CS","613P001","2019-02-04 00:00","2019","02","04","00:00","5.2","","2.5","","83","","","M","","M","","M","","","99.15","","","","","","NA"
"-82.52","41.95","POINT PELEE CS","613P001","2019-02-04 01:00","2019","02","04","01:00","4.7","","2.2","","84","","","M","","M","","M","","","99.16","","","","","","NA"
"-82.52","41.95","POINT PELEE CS","613P001","2019-02-04 02:00","2019","02","04","02:00","2.7","","0.9","","88","","","M","","M","","M","","","99.19","","","","","","NA"
"-82.52","41.95","POINT PELEE CS","613P001","2019-02-04 03:00","2019","02","04","03:00","4.8","","3.1","","89","","","M","","M","","M","","","99.19","","","","","","NA"
"-82.52","41.95","POINT PELEE CS","613P001","2019-02-04 04:00","2019","02","04","04:00","6.4","","3.6","","82","","","M","","M","","M","","","99.14","","","","","","NA"
"-82.52","41.95","POINT PELEE CS","613P001","2019-02-04 05:00","2019","02","04","05:00","5.3","","1.5","","77","","","M","","M","","M","","","99.13","","","","","","NA"
"-82.52","41.95","POINT PELEE CS","613P001","2019-02-04 06:00","2019","02","04","06:00","6.4","","3.4","","81","","","M","","M","","M","","","99.12","","","","","","NA"
"-82.52","41.95","POINT PELEE CS","613P001","2019-02-04 07:00","2019","02","04","07:00","5.9","","3.1","","82","","","M","","M","","M","","","99.10","","","","","","NA"
"-82.52","41.95","POINT PELEE CS","613P001","2019-02-04 08:00","2019","02","04","08:00","5.4","","2.8","","84","","","M","","M","","M","","","99.09","","","","","","NA"
"-82.52","41.95","POINT PELEE CS","613P001","2019-02-04 09:00","2019","02","04","09:00","6.6","","3.3","","79","","","M","","M","","M","","","99.10","","","","","","NA"
"-82.52","41.95","POINT PELEE CS","613P001","2019-02-04 10:00","2019","02","04","10:00","6.3","","3.1","","80","","","M","","M","","M","","","99.06","","","","","","NA"
"-82.52","41.95","POINT PELEE CS","613P001","2019-02-04 11:00","2019","02","04","11:00","7.9","","4.1","","77","","","M","","M","","M","","","99.00","","","","","","NA"
"-82.52","41.95","POINT PELEE CS","613P001","2019-02-04 12:00","2019","02","04","12:00","9.3","","4.8","","73","","","M","","M","","M","","","98.93","","","","","","NA"
"-82.52","41.95","POINT PELEE CS","613P001","2019-02-04 13:00","2019","02","04","13:00","9.6","","5.7","","77","","","M","","M","","M","","","98.81","","","","","","NA"
"-82.52","41.95","POINT PELEE CS","613P001","2019-02-04 14:00","2019","02","04","14:00","9.2","","6.8","","85","","","M","","M","","M","","","98.71","","","","","","NA"
"-82.52","41.95","POINT PELEE CS","613P001","2019-02-04 15:00","2019","02","04","15:00","7.2","","4.8","","85","","","M","","M","","M","","","98.68","","","","","","NA"
"-82.52","41.95","POINT PELEE CS","613P001","2019-02-04 16:00","2019","02","04","16:00","6.7","","5.4","","91","","","M","","M","","M","","","98.64","","","","","","NA"
"-82.52","41.95","POINT PELEE CS","613P001","2019-02-04 17:00","2019","02","04","17:00","6.0","","5.4","","96","","","M","","M","","M","","","98.63","","","","","","NA"
"-82.52","41.95","POINT PELEE CS","613P001","2019-02-04 18:00","2019","02","04","18:00","6.3","","6.0","","98","","","M","","M","","M","","","98.61","","","","","","NA"
"-82.52","41.95","POINT PELEE CS","613P001","2019-02-04 19:00","2019","02","04","19:00","6.3","","6.1","","98","","","M","","M","","M","","","98.61","","","","","","NA"
"-82.52","41.95","POINT PELEE CS","613P001","2019-02-04 20:00","2019","02","04","20:00","6.6","","6.4","","99","","","M","","M","","M","","","98.62","","","","","","NA"
"-82.52","41.95","POINT PELEE CS","613P001","2019-02-04 21:00","2019","02","04","21:00","6.8","","6.6","","99","","","M","","M","","M","","","98.64","","","","","","NA"
"-82.52","41.95","POINT PELEE CS","613P001","2019-02-04 22:00","2019","02","04","22:00","6.0","","5.8","","99","","","M","","M","","M","","","98.67","","","","","","NA"
"-82.52","41.95","POINT PELEE CS","613P001","2019-02-04 23:00","2019","02","04","23:00","5.4","","5.3","","99","","","M","","M","","M","","","98.72","","","","","","NA"
"-82.52","41.95","POINT PELEE CS","613P001","2019-02-05 00:00","2019","02","05","00:00","4.6","","4.4","","99","","","M","","M","","M","","","98.80","","","","","","NA"
"-82.52","41.95","POINT PELEE CS","613P001","2019-02-05 01:00","2019","02","05","01:00","3.6","","3.4","","99","","","M","","M","","M","","","98.87","","","","","","NA"
"-82.52","41.95","POINT PELEE CS","613P001","2019-02-05 02:00","2019","02","05","02:00","2.7","","2.5","","99","","","M","","M","","M","","","98.97","","","","","","NA"
"-82.52","41.95","POINT PELEE CS","613P001","2019-02-05 03:00","2019","02","05","03:00","3.0","","2.8","","99","","","M","","M","","M","","","99.07","","","","","","NA"
"-82.52","41.95","POINT PELEE CS","613P001","2019-02-05 04:00","2019","02","05","04:00","3.0","","2.8","","99","","","M","","M","","M","","","99.17","","","","","","NA"
"-82.52","41.95","POINT PELEE CS","613P001","2019-02-05 05:00","2019","02","05","05:00","2.3","","2.1","","99","","","M","","M","","M","","","99.26","","","","","","NA"
"-82.52","41.95","POINT PELEE CS","613P001","2019-02-05 06:00","2019","02","05","06:00","2.9","","2.7","","98","","","M","","M","","M","","","99.40","","","","","","NA"
"-82.52","41.95","POINT PELEE CS","613P001","2019-02-05 07:00","2019","02","05","07:00","2.2","","1.3","","94","","","M","","M","","M","","","99.52","","","","","","NA"
"-82.52","41.95","POINT PELEE CS","613P001","2019-02-05 08:00","2019","02","05","08:00","2.5","","1.2","","92","","","M","","M","","M","","","99.58","","","","","","NA"
"-82.52","41.95","POINT PELEE CS","613P001","2019-02-05 09:00","2019","02","05","09:00","1.7","","0.5","","92","","","M","","M","","M","","","99.69","","","","","","NA"
"-82.52","41.95","POINT PELEE CS","613P001","2019-02-05 10:00","2019","02","05","10:00","1.5","","0.0","","90","","","M","","M","","M","","","99.81","","","","","","NA"
"-82.52","41.95","POINT PELEE CS","613P001","2019-02-05 11:00","2019","02","05","11:00","2.4","","-0.1","","83","","","M","","M","","M","","","99.85","","","","","","NA"
"-82.52","41.95","POINT PELEE CS","613P001","2019-02-05 12:00","2019","02","05","12:00","2.8","","-0.6","","78","","","M","","M","","M","","","99.91","","","","","","NA"
"-82.52","41.95","POINT PELEE CS","613P001","2019-02-05 13:00","2019","02","05","13:00","2.9","","-0.7","","77","","","M","","M","","M","","","99.90","","","","","","NA"
"-82.52","41.95","POINT PELEE CS","613P001","2019-02-05 14:00","2019","02","05","14:00","2.8","","-0.9","","76","","","M","","M","","M","","","99.90","","","","","","NA"
"-82.52","41.95","POINT PELEE CS","613P001","2019-02-05 15:00","2019","02","05","15:00","1.8","","-0.3","","86","","","M","","M","","M","","","99.94","","","","","","NA"
"-82.52","41.95","POINT PELEE CS","613P001","2019-02-05 16:00","2019","02","05","16:00","1.3","","-0.6","","87","","","M","","M","","M","","","99.96","","","","","","NA"
"-82.52","41.95","POINT PELEE CS","613P001","2019-02-05 17:00","2019","02","05","17:00","0.6","","-0.9","","89","","","M","","M","","M","","","99.99","","","","","","NA"
"-82.52","41.95","POINT PELEE CS","613P001","2019-02-05 18:00","2019","02","05","18:00","0.1","","-1.1","","92","","","M","","M","","M","","","100.02","","","","","","NA"
"-82.52","41.95","POINT PELEE CS","613P001","2019-02-05 19:00","2019","02","05","19:00","-0.1","","-1.2","","92","","","M","","M","","M","","","100.07","","","","","","NA"
"-82.52","41.95","POINT PELEE CS","613P001","2019-02-05 20:00","2019","02","05","20:00","-0.2","","-1.6","","90","","","M","","M","","M","","","100.08","","","","","","NA"
"-82.52","41.95","POINT PELEE CS","613P001","2019-02-05 21:00","2019","02","05","21:00","-0.7","","-2.5","","88","","","M","","M","","M","","","99.98","","","","","","NA"
"-82.52","41.95","POINT PELEE CS","613P001","2019-02-05 22:00","2019","02","05","22:00","-0.8","","-2.4","","89","","","M","","M","","M","","","99.94","","","","","","NA"
"-82.52","41.95","POINT PELEE CS","613P001","2019-02-05 23:00","2019","02","05","23:00","-0.9","","-2.8","","86","","","M","","M","","M","","","99.97","","","","","","NA"
"-82.52","41.95","POINT PELEE CS","613P001","2019-02-06 00:00","2019","02","06","00:00","-0.9","","-2.6","","88","","","M","","M","","M","","","99.78","","","","","","NA"
"-82.52","41.95","POINT PELEE CS","613P001","2019-02-06 01:00","2019","02","06","01:00","-0.9","","-2.6","","88","","","M","","M","","M","","","99.74","","","","","","NA"
"-82.52","41.95","POINT PELEE CS","613P001","2019-02-06 02:00","2019","02","06","02:00","-0.7","","-2.3","","89","","","M","","M","","M","","","99.62","","","","","","NA"
"-82.52","41.95","POINT PELEE CS","613P001","2019-02-06 03:00","2019","02","06","03:00","-0.2","","-0.8","","96","","","M","","M","","M","","","99.49","","","","","","NA"
"-82.52","41.95","POINT PELEE CS","613P001","2019-02-06 04:00","2019","02","06","04:00","0.1","","-0.3","","97","","","M","","M","","M","","","99.35","","","","","","NA"
"-82.52","41.95","POINT PELEE CS","613P001","2019-02-06 05:00","2019","02","06","05:00","0.1","","-0.2","","98","","","M","","M","","M","","","99.29","","","","","","NA"
"-82.52","41.95","POINT PELEE CS","613P001","2019-02-06 06:00","2019","02","06","06:00","0.1","","-0.2","","98","","","M","","M","","M","","","99.22","","","","","","NA"
"-82.52","41.95","POINT PELEE CS","613P001","2019-02-06 07:00","2019","02","06","07:00","0.1","","-0.2","","98","","","M","","M","","M","","","99.11","","","","","","NA"
"-82.52","41.95","POINT PELEE CS","613P001","2019-02-06 08:00","2019","02","06","08:00","0.1","","-0.2","","98","","","M","","M","","M","","","99.12","","","","","","NA"
"-82.52","41.95","POINT PELEE CS","613P001","2019-02-06 09:00","2019","02","06","09:00","0.2","","-0.1","","98","","","M","","M","","M","","","99.06","","","","","","NA"
"-82.52","41.95","POINT PELEE CS","613P001","2019-02-06 10:00","2019","02","06","10:00","0.3","","0.0","","98","","","M","","M","","M","","","99.05","","","","","","NA"
"-82.52","41.95","POINT PELEE CS","613P001","2019-02-06 11:00","2019","02","06","11:00","0.6","","0.4","","98","","","M","","M","","M","","","99.03","","","","","","NA"
"-82.52","41.95","POINT PELEE CS","613P001","2019-02-06 12:00","2019","02","06","12:00","0.9","","0.7","","98","","","M","","M","","M","","","99.02","","","","","","NA"
"-82.52","41.95","POINT PELEE CS","613P001","2019-02-06 13:00","2019","02","06","13:00","1.1","","0.9","","98","","","M","","M","","M","","","98.83","","","","","","NA"
"-82.52","41.95","POINT PELEE CS","613P001","2019-02-06 14:00","2019","02","06","14:00","1.3","","1.1","","99","","","M","","M","","M","","","98.97","","","","","","NA"
"-82.52","41.95","POINT PELEE CS","613P001","2019-02-06 15:00","2019","02","06","15:00","1.6","","1.4","","99","","","M","","M","","M","","","98.97","","","","","","NA"
"-82.52","41.95","POINT PELEE CS","613P001","2019-02-06 16:00","2019","02","06","16:00","2.0","","1.8","","99","","","M","","M","","M","","","98.99","","","","","","NA"
"-82.52","41.95","POINT PELEE CS","613P001","2019-02-06 17:00","2019","02","06","17:00","1.3","","1.1","","98","","","M","","M","","M","","","99.10","","","","","","NA"
"-82.52","41.95","POINT PELEE CS","613P001","2019-02-06 18:00","2019","02","06","18:00","1.1","","0.9","","99","","","M","","M","","M","","","99.20","","","","","","NA"
"-82.52","41.95","POINT PELEE CS","613P001","2019-02-06 19:00","2019","02","06","19:00","0.9","","0.7","","99","","","M","","M","","M","","","99.30","","","","","","NA"
"-82.52","41.95","POINT PELEE CS","613P001","2019-02-06 20:00","2019","02","06","20:00","0.6","","0.5","","99","","","M","","M","","M","","","99.37","","","","","","NA"
"-82.52","41.95","POINT PELEE CS","613P001","2019-02-06 21:00","2019","02","06","21:00","0.6","","0.4","","99","","","M","","M","","M","","","99.42","","","","","","NA"
"-82.52","41.95","POINT PELEE CS","613P001","2019-02-06 22:00","2019","02","06","22:00","0.6","","0.4","","99","","","M","","M","","M","","","99.45","","","","","","NA"
"-82.52","41.95","POINT PELEE CS","613P001","2019-02-06 23:00","2019","02","06","23:00","0.5","","0.3","","99","","","M","","M","","M","","","99.51","","","","","","NA"
"-82.52","41.95","POINT PELEE CS","613P001","2019-02-07 00:00","2019","02","07","00:00","0.4","","0.2","","99","","","M","","M","","M","","","99.55","","","","","","NA"
"-82.52","41.95","POINT PELEE CS","613P001","2019-02-07 01:00","2019","02","07","01:00","0.3","","0.1","","99","","","M","","M","","M","","","99.51","","","","","","NA"
"-82.52","41.95","POINT PELEE CS","613P001","2019-02-07 02:00","2019","02","07","02:00","0.2","","0.0","","99","","","M","","M","","M","","","99.53","","","","","","NA"
"-82.52","41.95","POINT PELEE CS","613P001","2019-02-07 03:00","2019","02","07","03:00","0.1","","-0.1","","99","","","M","","M","","M","","","99.54","","","","","","NA"
"-82.52","41.95","POINT PELEE CS","613P001","2019-02-07 04:00","2019","02","07","04:00","0.1","","-0.1","","99","","","M","","M","","M","","","99.48","","","","","","NA"
"-82.52","41.95","POINT PELEE CS","613P001","2019-02-07 05:00","2019","02","07","05:00","0.0","","-0.2","","99","","","M","","M","","M","","","99.36","","","","","","NA"
"-82.52","41.95","POINT PELEE CS","613P001","2019-02-07 06:00","2019","02","07","06:00","0.0","","-0.1","","99","","","M","","M","","M","","","99.39","","","","","","NA"
"-82.52","41.95","POINT PELEE CS","613P001","2019-02-07 07:00","2019","02","07","07:00","0.1","","0.0","","99","","","M","","M","","M","","","99.43","","","","","","NA"
"-82.52","41.95","POINT PELEE CS","613P001","2019-02-07 08:00","2019","02","07","08:00","0.2","","0.1","","99","","","M","","M","","M","","","99.36","","","","","","NA"
"-82.52","41.95","POINT PELEE CS","613P001","2019-02-07 09:00","2019","02","07","09:00","0.7","","0.6","","99","","","M","","M","","M","","","99.28","","","","","","NA"
"-82.52","41.95","POINT PELEE CS","613P001","2019-02-07 10:00","2019","02","07","10:00","0.9","","0.7","","99","","","M","","M","","M","","","99.30","","","","","","NA"
"-82.52","41.95","POINT PELEE CS","613P001","2019-02-07 11:00","2019","02","07","11:00","1.5","","1.3","","99","","","M","","M","","M","","","99.17","","","","","","NA"
"-82.52","41.95","POINT PELEE CS","613P001","2019-02-07 12:00","2019","02","07","12:00","1.1","","0.9","","99","","","M","","M","","M","","","99.00","","","","","","NA"
"-82.52","41.95","POINT PELEE CS","613P001","2019-02-07 13:00","2019","02","07","13:00","1.1","","0.8","","98","","","M","","M","","M","","","98.94","","","","","","NA"
"-82.52","41.95","POINT PELEE CS","613P001","2019-02-07 14:00","2019","02","07","14:00","0.8","","0.5","","98","","","M","","M","","M","","","98.77","","","","","","NA"
"-82.52","41.95","POINT PELEE CS","613P001","2019-02-07 15:00","2019","02","07","15:00","1.1","","0.8","","98","","","M","","M","","M","","","98.52","","","","","","NA"
"-82.52","41.95","POINT PELEE CS","613P001","2019-02-07 16:00","2019","02","07","16:00","1.4","","1.1","","98","","","M","","M","","M","","","98.54","","","","","","NA"
"-82.52","41.95","POINT PELEE CS","613P001","2019-02-07 17:00","2019","02","07","17:00","3.9","","3.9","","99","","","M","","M","","M","","","98.10","","","","","","NA"
"-82.52","41.95","POINT PELEE CS","613P001","2019-02-07 18:00","2019","02","07","18:00","10.3","","10.2","","99","","","M","","M","","M","","","98.05","","","","","","NA"
"-82.52","41.95","POINT PELEE CS","613P001","2019-02-07 19:00","2019","02","07","19:00","9.6","","9.3","","98","","","M","","M","","M","","","97.99","","","","","","NA"
"-82.52","41.95","POINT PELEE CS","613P001","2019-02-07 20:00","2019","02","07","20:00","6.7","","6.5","","98","","","M","","M","","M","","","97.94","","","","","","NA"
"-82.52","41.95","POINT PELEE CS","613P001","2019-02-07 21:00","2019","02","07","21:00","6.3","","5.8","","97","","","M","","M","","M","","","97.95","","","","","","NA"
"-82.52","41.95","POINT PELEE CS","613P001","2019-02-07 22:00","2019","02","07","22:00","4.5","","4.0","","97","","","M","","M","","M","","","98.12","","","","","","NA"
"-82.52","41.95","POINT PELEE CS","613P001","2019-02-07 23:00","2019","02","07","23:00","2.8","","1.1","","88","","","M","","M","","M","","","98.39","","","","","","NA"
"-82.52","41.95","POINT PELEE CS","613P001","2019-02-08 00:00","2019","02","08","00:00","2.0","","-0.2","","85","","","M","","M","","M","","","98.55","","","","","","NA"
"-82.52","41.95","POINT PELEE CS","613P001","2019-02-08 01:00","2019","02","08","01:00","1.2","","-2.1","","79","","","M","","M","","M","","","98.69","","","","","","NA"
"-82.52","41.95","POINT PELEE CS","613P001","2019-02-08 02:00","2019","02","08","02:00","-1.1","","-4.7","","76","","","M","","M","","M","","","98.90","","","","","","NA"
"-82.52","41.95","POINT PELEE CS","613P001","2019-02-08 03:00","2019","02","08","03:00","-3.2","","-7.4","","72","","","M","","M","","M","","","99.10","","","","","","NA"
"-82.52","41.95","POINT PELEE CS","613P001","2019-02-08 04:00","2019","02","08","04:00","-3.3","","-7.5","","73","","","M","","M","","M","","","99.22","","","","","","NA"
"-82.52","41.95","POINT PELEE CS","613P001","2019-02-08 05:00","2019","02","08","05:00","-5.0","","-9.3","","72","","","M","","M","","M","","","99.37","","","","","","NA"
"-82.52","41.95","POINT PELEE CS","613P001","2019-02-08 06:00","2019","02","08","06:00","-5.8","","-10.7","","69","","","M","","M","","M","","","99.57","","","","","","NA"
"-82.52","41.95","POINT PELEE CS","613P001","2019-02-08 07:00","2019","02","08","07:00","-6.8","","-10.6","","75","","","M","","M","","M","","","99.75","","","","","","NA"
"-82.52","41.95","POINT PELEE CS","613P001","2019-02-08 08:00","2019","02","08","08:00","-7.4","","-10.2","","81","","","M","","M","","M","","","99.95","","","","","","NA"
"-82.52","41.95","POINT PELEE CS","613P001","2019-02-08 09:00","2019","02","08","09:00","-7.4","","-10.9","","76","","","M","","M","","M","","","100.09","","","","","","NA"
"-82.52","41.95","POINT PELEE CS","613P001","2019-02-08 10:00","2019","02","08","10:00","-7.9","","-10.9","","78","","","M","","M","","M","","","100.20","","","","","","NA"
"-82.52","41.95","POINT PELEE CS","613P001","2019-02-08 11:00","2019","02","08","11:00","-7.4","","-11.8","","71","","","M","","M","","M","","","100.29","","","","","","NA"
"-82.52","41.95","POINT PELEE CS","613P001","2019-02-08 12:00","2019","02","08","12:00","-7.4","","-11.7","","71","","","M","","M","","M","","","100.39","","","","","","NA"
"-82.52","41.95","POINT PELEE CS","613P001","2019-02-08 13:00","2019","02","08","13:00","-7.2","","-12.6","","65","","","M","","M","","M","","","100.44","","","","","","NA"
"-82.52","41.95","POINT PELEE CS","613P001","2019-02-08 14:00","2019","02","08","14:00","-7.7","","-12.0","","71","","","M","","M","","M","","","100.51","","","","","","NA"
"-82.52","41.95","POINT PELEE CS","613P001","2019-02-08 15:00","2019","02","08","15:00","-7.7","","-12.7","","67","","","M","","M","","M","","","100.60","","","","","","NA"
"-82.52","41.95","POINT PELEE CS","613P001","2019-02-08 16:00","2019","02","08","16:00","-7.8","","-12.3","","70","","","M","","M","","M","","","100.72","","","","","","NA"
"-82.52","41.95","POINT PELEE CS","613P001","2019-02-08 17:00","2019","02","08","17:00","-7.8","","-13.1","","66","","","M","","M","","M","","","100.79","","","","","","NA"
"-82.52","41.95","POINT PELEE CS","613P001","2019-02-08 18:00","2019","02","08","18:00","-8.1","","-13.6","","65","","","M","","M","","M","","","100.89","","","","","","NA"
"-82.52","41.95","POINT PELEE CS","613P001","2019-02-08 19:00","2019","02","08","19:00","-8.7","","-14.6","","62","","","M","","M","","M","","","101.06","","","","","","NA"
"-82.52","41.95","POINT PELEE CS","613P001","2019-02-08 20:00","2019","02","08","20:00","-8.9","","-14.4","","64","","","M","","M","","M","","","101.17","","","","","","NA"
"-82.52","41.95","POINT PELEE CS","613P001","2019-02-08 21:00","2019","02","08","21:00","-8.9","","-13.6","","68","","","M","","M","","M","","","101.31","","","","","","NA"
"-82.52","41.95","POINT PELEE CS","613P001","2019-02-08 22:00","2019","02","08","22:00","-8.9","","-13.1","","72","","","M","","M","","M","","","101.44","","","","","","NA"
"-82.52","41.95","POINT PELEE CS","613P001","2019-02-08 23:00","2019","02","08","23:00","-8.9","","-13.8","","68","","","M","","M","","M","","","101.55","","","","","","NA"
"-82.52","41.95","POINT PELEE CS","613P001","2019-02-09 00:00","2019","02","09","00:00","-8.9","","-13.4","","70","","","M","","M","","M","","","101.61","","","","","","NA"
"-82.52","41.95","POINT PELEE CS","613P001","2019-02-09 01:00","2019","02","09","01:00","-8.9","","-12.8","","73","","","M","","M","","M","","","101.71","","","","","","NA"
"-82.52","41.95","POINT PELEE CS","613P001","2019-02-09 02:00","2019","02","09","02:00","-8.9","","-12.5","","75","","","M","","M","","M","","","101.76","","","","","","NA"
"-82.52","41.95","POINT PELEE CS","613P001","2019-02-09 03:00","2019","02","09","03:00","-8.8","","-13.3","","70","","","M","","M","","M","","","101.83","","","","","","NA"
"-82.52","41.95","POINT PELEE CS","613P001","2019-02-09 04:00","2019","02","09","04:00","-9.3","","-14.9","","64","","","M","","M","","M","","","101.91","","","","","","NA"
"-82.52","41.95","POINT PELEE CS","613P001","2019-02-09 05:00","2019","02","09","05:00","-9.5","","-15.5","","62","","","M","","M","","M","","","101.99","","","","","","NA"
"-82.52","41.95","POINT PELEE CS","613P001","2019-02-09 06:00","2019","02","09","06:00","-9.9","","-15.1","","65","","","M","","M","","M","","","102.08","","","","","","NA"
"-82.52","41.95","POINT PELEE CS","613P001","2019-02-09 07:00","2019","02","09","07:00","-10.2","","-15.2","","67","","","M","","M","","M","","","102.13","","","","","","NA"
"-82.52","41.95","POINT PELEE CS","613P001","2019-02-09 08:00","2019","02","09","08:00","-10.6","","-15.7","","66","","","M","","M","","M","","","102.22","","","","","","NA"
"-82.52","41.95","POINT PELEE CS","613P001","2019-02-09 09:00","2019","02","09","09:00","-9.5","","-15.9","","59","","","M","","M","","M","","","102.27","","","","","","NA"
"-82.52","41.95","POINT PELEE CS","613P001","2019-02-09 10:00","2019","02","09","10:00","-8.3","","-15.7","","55","","","M","","M","","M","","","102.30","","","","","","NA"
"-82.52","41.95","POINT PELEE CS","613P001","2019-02-09 11:00","2019","02","09","11:00","-7.0","","-15.2","","52","","","M","","M","","M","","","102.31","","","","","","NA"
"-82.52","41.95","POINT PELEE CS","613P001","2019-02-09 12:00","2019","02","09","12:00","-7.4","","-14.2","","58","","","M","","M","","M","","","102.31","","","","","","NA"
"-82.52","41.95","POINT PELEE CS","613P001","2019-02-09 13:00","2019","02","09","13:00","-6.6","","-13.9","","56","","","M","","M","","M","","","102.22","","","","","","NA"
"-82.52","41.95","POINT PELEE CS","613P001","2019-02-09 14:00","2019","02","09","14:00","-6.5","","-13.4","","58","","","M","","M","","M","","","102.21","","","","","","NA"
"-82.52","41.95","POINT PELEE CS","613P001","2019-02-09 15:00","2019","02","09","15:00","-6.3","","-13.3","","58","","","M","","M","","M","","","102.14","","","","","","NA"
"-82.52","41.95","POINT PELEE CS","613P001","2019-02-09 16:00","2019","02","09","16:00","-6.3","","-12.7","","60","","","M","","M","","M","","","102.09","","","","","","NA"
"-82.52","41.95","POINT PELEE CS","613P001","2019-02-09 17:00","2019","02","09","17:00","-6.9","","-12.8","","63","","","M","","M","","M","","","102.04","","","","","","NA"
"-82.52","41.95","POINT PELEE CS","613P001","2019-02-09 18:00","2019","02","09","18:00","-9.7","","-13.4","","74","","","M","","M","","M","","","102.04","","","","","","NA"
"-82.52","41.95","POINT PELEE CS","613P001","2019-02-09 19:00","2019","02","09","19:00","-11.5","","-13.4","","85","","","M","","M","","M","","","102.04","","","","","","NA"
"-82.52","41.95","POINT PELEE CS","613P001","2019-02-09 20:00","2019","02","09","20:00","-12.3","","-14.0","","88","","","M","","M","","M","","","102.03","","","","","","NA"
"-82.52","41.95","POINT PELEE CS","613P001","2019-02-09 21:00","2019","02","09","21:00","-12.4","","-13.6","","91","","","M","","M","","M","","","101.98","","","","","","NA"
"-82.52","41.95","POINT PELEE CS","613P001","2019-02-09 22:00","2019","02","09","22:00","-12.5","","-14.0","","89","","","M","","M","","M","","","101.90","","","","","","NA"
"-82.52","41.95","POINT PELEE CS","613P001","2019-02-09 23:00","2019","02","09","23:00","-12.0","","-13.7","","87","","","M","","M","","M","","","101.87","","","","","","NA"
"-82.52","41.95","POINT PELEE CS","613P001","2019-02-10 00:00","2019","02","10","00:00","-12.3","","-13.8","","88","","","M","","M","","M","","","101.76","","","","","","NA"
"-82.52","41.95","POINT PELEE CS","613P001","2019-02-10 01:00","2019","02","10","01:00","-11.8","","-13.3","","88","","","M","","M","","M","","","101.74","","","","","","NA"
"-82.52","41.95","POINT PELEE CS","613P001","2019-02-10 02:00","2019","02","10","02:00","-11.7","","-13.3","","88","","","M","","M","","M","","","101.74","","","","","","NA"
"-82.52","41.95","POINT PELEE CS","613P001","2019-02-10 03:00","2019","02","10","03:00","-11.5","","-13.0","","89","","","M","","M","","M","","","101.73","","","","","","NA"
"-82.52","41.95","POINT PELEE CS","613P001","2019-02-10 04:00","2019","02","10","04:00","-11.5","","-12.7","","91","","","M","","M","","M","","","101.64","","","","","","NA"
"-82.52","41.95","POINT PELEE CS","613P001","2019-02-10 05:00","2019","02","10","05:00","-10.9","","-12.1","","91","","","M","","M","","M","","","101.50","","","","","","NA"
"-82.52","41.95","POINT PELEE CS","613P001","2019-02-10 06:00","2019","02","10","06:00","-9.8","","-10.9","","91","","","M","","M","","M","","","101.48","","","","","","NA"
"-82.52","41.95","POINT PELEE CS","613P001","2019-02-10 07:00","2019","02","10","07:00","-7.3","","-10.4","","78","","","M","","M","","M","","","101.49","","","","","","NA"
"-82.52","41.95","POINT PELEE CS","613P001","2019-02-10 08:00","2019","02","10","08:00","-6.1","","-9.1","","79","","","M","","M","","M","","","101.34","","","","","","NA"
"-82.52","41.95","POINT PELEE CS","613P001","2019-02-10 09:00","2019","02","10","09:00","-5.2","","-9.1","","74","","","M","","M","","M","","","101.38","","","","","","NA"
"-82.52","41.95","POINT PELEE CS","613P001","2019-02-10 10:00","2019","02","10","10:00","-4.5","","-9.1","","71","","","M","","M","","M","","","101.37","","","","","","NA"
"-82.52","41.95","POINT PELEE CS","613P001","2019-02-10 11:00","2019","02","10","11:00","-3.5","","-9.4","","64","","","M","","M","","M","","","101.22","","","","","","NA"
"-82.52","41.95","POINT PELEE CS","613P001","2019-02-10 12:00","2019","02","10","12:00","-3.0","","-8.3","","67","","","M","","M","","M","","","101.09","","","","","","NA"
"-82.52","41.95","POINT PELEE CS","613P001","2019-02-10 13:00","2019","02","10","13:00","-2.2","","-8.2","","63","","","M","","M","","M","","","100.98","","","","","","NA"
"-82.52","41.95","POINT PELEE CS","613P001","2019-02-10 14:00","2019","02","10","14:00","-3.0","","-8.5","","66","","","M","","M","","M","","","100.91","","","","","","NA"
"-82.52","41.95","POINT PELEE CS","613P001","2019-02-10 15:00","2019","02","10","15:00","-3.2","","-8.5","","67","","","M","","M","","M","","","100.75","","","","","","NA"
"-82.52","41.95","POINT PELEE CS","613P001","2019-02-10 16:00","2019","02","10","16:00","-3.5","","-7.9","","72","","","M","","M","","M","","","100.65","","","","","","NA"
"-82.52","41.95","POINT PELEE CS","613P001","2019-02-10 17:00","2019","02","10","17:00","-3.6","","-7.1","","77","","","M","","M","","M","","","100.59","","","","","","NA"
"-82.52","41.95","POINT PELEE CS","613P001","2019-02-10 18:00","2019","02","10","18:00","-4.1","","-6.4","","84","","","M","","M","","M","","","100.53","","","","","","NA"
"-82.52","41.95","POINT PELEE CS","613P001","2019-02-10 19:00","2019","02","10","19:00","-4.4","","-5.8","","90","","","M","","M","","M","","","100.47","","","","","","NA"
"-82.52","41.95","POINT PELEE CS","613P001","2019-02-10 20:00","2019","02","10","20:00","-4.1","","-5.4","","91","","","M","","M","","M","","","100.42","","","","","","NA"
"-82.52","41.95","POINT PELEE CS","613P001","2019-02-10 21:00","2019","02","10","21:00","-3.9","","-5.0","","92","","","M","","M","","M","","","100.36","","","","","","NA"
"-82.52","41.95","POINT PELEE CS","613P001","2019-02-10 22:00","2019","02","10","22:00","-3.7","","-4.7","","93","","","M","","M","","M","","","100.30","","","","","","NA"
"-82.52","41.95","POINT PELEE CS","613P001","2019-02-10 23:00","2019","02","10","23:00","-3.5","","-4.4","","94","","","M","","M","","M","","","100.23","","","","","","NA"
"-82.52","41.95","POINT PELEE CS","613P001","2019-02-11 00:00","2019","02","11","00:00","-3.4","","-4.1","","95","","","M","","M","","M","","","100.19","","","","","","NA"
"-82.52","41.95","POINT PELEE CS","613P001","2019-02-11 01:00","2019","02","11","01:00","-3.3","","-4.0","","95","","","M","","M","","M","","","100.12","","","","","","NA"
"-82.52","41.95","POINT PELEE CS","613P001","2019-02-11 02:00","2019","02","11","02:00","-3.1","","-3.8","","95","","","M","","M","","M","","","100.05","","","","","","NA"
"-82.52","41.95","POINT PELEE CS","613P001","2019-02-11 03:00","2019","02","11","03:00","-2.9","","-3.6","","95","","","M","","M","","M","","","100.07","","","","","","NA"
"-82.52","41.95","POINT PELEE CS","613P001","2019-02-11 04:00","2019","02","11","04:00","-2.7","","-3.4","","95","","","M","","M","","M","","","100.04","","","","","","NA"
"-82.52","41.95","POINT PELEE CS","613P001","2019-02-11 05:00","2019","02","11","05:00","-2.8","","-3.5","","94","","","M","","M","","M","","","100.09","","","","","","NA"
"-82.52","41.95","POINT PELEE CS","613P001","2019-02-11 06:00","2019","02","11","06:00","-3.0","","-3.8","","94","","","M","","M","","M","","","100.11","","","","","","NA"
"-82.52","41.95","POINT PELEE CS","613P001","2019-02-11 07:00","2019","02","11","07:00","-3.7","","-4.7","","92","","","M","","M","","M","","","100.12","","","","","","NA"
"-82.52","41.95","POINT PELEE CS","613P001","2019-02-11 08:00","2019","02","11","08:00","-3.4","","-4.6","","92","","","M","","M","","M","","","100.16","","","","","","NA"
"-82.52","41.95","POINT PELEE CS","613P001","2019-02-11 09:00","2019","02","11","09:00","-2.9","","-4.2","","91","","","M","","M","","M","","","100.19","","","","","","NA"
"-82.52","41.95","POINT PELEE CS","613P001","2019-02-11 10:00","2019","02","11","10:00","-2.2","","-4.0","","88","","","M","","M","","M","","","100.21","","","","","","NA"
"-82.52","41.95","POINT PELEE CS","613P001","2019-02-11 11:00","2019","02","11","11:00","-1.5","","-3.6","","86","","","M","","M","","M","","","100.20","","","","","","NA"
"-82.52","41.95","POINT PELEE CS","613P001","2019-02-11 12:00","2019","02","11","12:00","-0.6","","-3.4","","82","","","M","","M","","M","","","100.19","","","","","","NA"
"-82.52","41.95","POINT PELEE CS","613P001","2019-02-11 13:00","2019","02","11","13:00","-0.5","","-3.2","","82","","","M","","M","","M","","","100.16","","","","","","NA"
"-82.52","41.95","POINT PELEE CS","613P001","2019-02-11 14:00","2019","02","11","14:00","-0.4","","-3.4","","80","","","M","","M","","M","","","100.09","","","","","","NA"
"-82.52","41.95","POINT PELEE CS","613P001","2019-02-11 15:00","2019","02","11","15:00","-0.4","","-3.6","","79","","","M","","M","","M","","","100.04","","","","","","NA"
"-82.52","41.95","POINT PELEE CS","613P001","2019-02-11 16:00","2019","02","11","16:00","-0.6","","-3.5","","81","","","M","","M","","M","","","100.08","","","","","","NA"
"-82.52","41.95","POINT PELEE CS","613P001","2019-02-11 17:00","2019","02","11","17:00","-1.0","","-3.3","","84","","","M","","M","","M","","","100.11","","","","","","NA"
"-82.52","41.95","POINT PELEE CS","613P001","2019-02-11 18:00","2019","02","11","18:00","-1.4","","-3.4","","86","","","M","","M","","M","","","100.11","","","","","","NA"
"-82.52","41.95","POINT PELEE CS","613P001","2019-02-11 19:00","2019","02","11","19:00","-1.5","","-3.5","","87","","","M","","M","","M","","","100.14","","","","","","NA"
"-82.52","41.95","POINT PELEE CS","613P001","2019-02-11 20:00","2019","02","11","20:00","-1.7","","-3.6","","86","","","M","","M","","M","","","100.09","","","","","","NA"
"-82.52","41.95","POINT PELEE CS","613P001","2019-02-11 21:00","2019","02","11","21:00","-1.8","","-3.7","","87","","","M","","M","","M","","","100.05","","","","","","NA"
"-82.52","41.95","POINT PELEE CS","613P001","2019-02-11 22:00","2019","02","11","22:00","-2.0","","-3.8","","88","","","M","","M","","M","","","99.98","","","","","","NA"
"-82.52","41.95","POINT PELEE CS","613P001","2019-02-11 23:00","2019","02","11","23:00","-2.2","","-4.1","","87","","","M","","M","","M","","","99.90","","","","","","NA"
"-82.52","41.95","POINT PELEE CS","613P001","2019-02-12 00:00","2019","02","12","00:00","-2.4","","-4.3","","87","","","M","","M","","M","","","99.78","","","","","","NA"
"-82.52","41.95","POINT PELEE CS","613P001","2019-02-12 01:00","2019","02","12","01:00","-2.7","","-4.1","","91","","","M","","M","","M","","","99.70","","","","","","NA"
"-82.52","41.95","POINT PELEE CS","613P001","2019-02-12 02:00","2019","02","12","02:00","-2.7","","-3.6","","93","","","M","","M","","M","","","99.43","","","","","","NA"
"-82.52","41.95","POINT PELEE CS","613P001","2019-02-12 03:00","2019","02","12","03:00","-2.5","","-3.4","","94","","","M","","M","","M","","","99.29","","","","","","NA"
"-82.52","41.95","POINT PELEE CS","613P001","2019-02-12 04:00","2019","02","12","04:00","-1.6","","-2.3","","95","","","M","","M","","M","","","99.18","","","","","","NA"
"-82.52","41.95","POINT PELEE CS","613P001","2019-02-12 05:00","2019","02","12","05:00","-1.2","","-1.8","","96","","","M","","M","","M","","","98.95","","","","","","NA"
"-82.52","41.95","POINT PELEE CS","613P001","2019-02-12 06:00","2019","02","12","06:00","-0.7","","-1.3","","96","","","M","","M","","M","","","98.84","","","","","","NA"
"-82.52","41.95","POINT PELEE CS","613P001","2019-02-12 07:00","2019","02","12","07:00","-0.5","","-1.0","","97","","","M","","M","","M","","","98.71","","","","","","NA"
"-82.52","41.95","POINT PELEE CS","613P001","2019-02-12 08:00","2019","02","12","08:00","-0.3","","-0.7","","97","","","M","","M","","M","","","98.55","","","","","","NA"
"-82.52","41.95","POINT PELEE CS","613P001","2019-02-12 09:00","2019","02","12","09:00","0.0","","-0.4","","97","","","M","","M","","M","","","98.38","","","","","","NA"
"-82.52","41.95","POINT PELEE CS","613P001","2019-02-12 10:00","2019","02","12","10:00","0.2","","-0.2","","98","","","M","","M","","M","","","98.20","","","","","","NA"
"-82.52","41.95","POINT PELEE CS","613P001","2019-02-12 11:00","2019","02","12","11:00","0.3","","0.0","","98","","","M","","M","","M","","","98.17","","","","","","NA"
"-82.52","41.95","POINT PELEE CS","613P001","2019-02-12 12:00","2019","02","12","12:00","0.4","","0.1","","98","","","M","","M","","M","","","97.99","","","","","","NA"
"-82.52","41.95","POINT PELEE CS","613P001","2019-02-12 13:00","2019","02","12","13:00","0.6","","0.3","","98","","","M","","M","","M","","","97.87","","","","","","NA"
"-82.52","41.95","POINT PELEE CS","613P001","2019-02-12 14:00","2019","02","12","14:00","0.6","","0.3","","98","","","M","","M","","M","","","97.77","","","","","","NA"
"-82.52","41.95","POINT PELEE CS","613P001","2019-02-12 15:00","2019","02","12","15:00","0.8","","0.5","","98","","","M","","M","","M","","","97.68","","","","","","NA"
"-82.52","41.95","POINT PELEE CS","613P001","2019-02-12 16:00","2019","02","12","16:00","2.6","","2.3","","98","","","M","","M","","M","","","97.63","","","","","","NA"
"-82.52","41.95","POINT PELEE CS","613P001","2019-02-12 17:00","2019","02","12","17:00","2.3","","2.0","","98","","","M","","M","","M","","","97.66","","","","","","NA"
"-82.52","41.95","POINT PELEE CS","613P001","2019-02-12 18:00","2019","02","12","18:00","1.7","","1.5","","98","","","M","","M","","M","","","97.67","","","","","","NA"
"-82.52","41.95","POINT PELEE CS","613P001","2019-02-12 19:00","2019","02","12","19:00","1.4","","0.5","","94","","","M","","M","","M","","","97.72","","","","","","NA"
"-82.52","41.95","POINT PELEE CS","613P001","2019-02-12 20:00","2019","02","12","20:00","1.1","","-0.4","","90","","","M","","M","","M","","","97.79","","","","","","NA"
"-82.52","41.95","POINT PELEE CS","613P001","2019-02-12 21:00","2019","02","12","21:00","1.1","","-0.9","","87","","","M","","M","","M","","","97.83","","","","","","NA"
"-82.52","41.95","POINT PELEE CS","613P001","2019-02-12 22:00","2019","02","12","22:00","0.4","","-3.3","","76","","","M","","M","","M","","","97.92","","","","","","NA"
"-82.52","41.95","POINT PELEE CS","613P001","2019-02-12 23:00","2019","02","12","23:00","0.0","","-3.3","","79","","","M","","M","","M","","","97.98","","","","","","NA"
"-82.52","41.95","POINT PELEE CS","613P001","2019-02-13 00:00","2019","02","13","00:00","-0.6","","-4.2","","77","","","M","","M","","M","","","98.01","","","","","","NA"
"-82.52","41.95","POINT PELEE CS","613P001","2019-02-13 01:00","2019","02","13","01:00","-1.1","","-4.5","","78","","","M","","M","","M","","","98.04","","","","","","NA"
"-82.52","41.95","POINT PELEE CS","613P001","2019-02-13 02:00","2019","02","13","02:00","-1.9","","-3.8","","87","","","M","","M","","M","","","98.09","","","","","","NA"
"-82.52","41.95","POINT PELEE CS","613P001","2019-02-13 03:00","2019","02","13","03:00","-2.0","","-4.7","","82","","","M","","M","","M","","","98.12","","","","","","NA"
"-82.52","41.95","POINT PELEE CS","613P001","2019-02-13 04:00","2019","02","13","04:00","-2.6","","-4.9","","84","","","M","","M","","M","","","98.14","","","","","","NA"
"-82.52","41.95","POINT PELEE CS","613P001","2019-02-13 05:00","2019","02","13","05:00","-3.4","","-5.4","","86","","","M","","M","","M","","","98.17","","","","","","NA"
"-82.52","41.95","POINT PELEE CS","613P001","2019-02-13 06:00","2019","02","13","06:00","-3.9","","-6.4","","83","","","M","","M","","M","","","98.25","","","","","","NA"
"-82.52","41.95","POINT PELEE CS","613P001","2019-02-13 07:00","2019","02","13","07:00","-4.1","","-7.8","","76","","","M","","M","","M","","","98.31","","","","","","NA"
"-82.52","41.95","POINT PELEE CS","613P001","2019-02-13 08:00","2019","02","13","08:00","-4.5","","-8.0","","76","","","M","","M","","M","","","98.38","","","","","","NA"
"-82.52","41.95","POINT PELEE CS","613P001","2019-02-13 09:00","2019","02","13","09:00","-4.3","","-7.5","","79","","","M","","M","","M","","","98.46","","","","","","NA"
"-82.52","41.95","POINT PELEE CS","613P001","2019-02-13 10:00","2019","02","13","10:00","-4.1","","-7.5","","77","","","M","","M","","M","","","98.53","","","","","","NA"
"-82.52","41.95","POINT PELEE CS","613P001","2019-02-13 11:00","2019","02","13","11:00","-3.5","","-7.4","","74","","","M","","M","","M","","","98.58","","","","","","NA"
"-82.52","41.95","POINT PELEE CS","613P001","2019-02-13 12:00","2019","02","13","12:00","-3.1","","-7.5","","71","","","M","","M","","M","","","98.64","","","","","","NA"
"-82.52","41.95","POINT PELEE CS","613P001","2019-02-13 13:00","2019","02","13","13:00","-2.3","","-7.2","","69","","","M","","M","","M","","","98.64","","","","","","NA"
"-82.52","41.95","POINT PELEE CS","613P001","2019-02-13 14:00","2019","02","13","14:00","-2.8","","-7.5","","70","","","M","","M","","M","","","98.67","","","","","","NA"
"-82.52","41.95","POINT PELEE CS","613P001","2019-02-13 15:00","2019","02","13","15:00","-3.2","","-7.6","","71","","","M","","M","","M","","","98.73","","","","","","NA"
"-82.52","41.95","POINT PELEE CS","613P001","2019-02-13 16:00","2019","02","13","16:00","-3.8","","-7.8","","73","","","M","","M","","M","","","98.83","","","","","","NA"
"-82.52","41.95","POINT PELEE CS","613P001","2019-02-13 17:00","2019","02","13","17:00","-3.9","","-8.1","","72","","","M","","M","","M","","","98.90","","","","","","NA"
"-82.52","41.95","POINT PELEE CS","613P001","2019-02-13 18:00","2019","02","13","18:00","-3.9","","-8.3","","72","","","M","","M","","M","","","98.98","","","","","","NA"
"-82.52","41.95","POINT PELEE CS","613P001","2019-02-13 19:00","2019","02","13","19:00","-4.1","","-8.3","","73","","","M","","M","","M","","","99.08","","","","","","NA"
"-82.52","41.95","POINT PELEE CS","613P001","2019-02-13 20:00","2019","02","13","20:00","-4.7","","-8.4","","75","","","M","","M","","M","","","99.17","","","","","","NA"
"-82.52","41.95","POINT PELEE CS","613P001","2019-02-13 21:00","2019","02","13","21:00","-4.6","","-8.2","","76","","","M","","M","","M","","","99.22","","","","","","NA"
"-82.52","41.95","POINT PELEE CS","613P001","2019-02-13 22:00","2019","02","13","22:00","-4.6","","-8.0","","77","","","M","","M","","M","","","99.31","","","","","","NA"
"-82.52","41.95","POINT PELEE CS","613P001","2019-02-13 23:00","2019","02","13","23:00","-4.5","","-7.4","","81","","","M","","M","","M","","","99.35","","","","","","NA"
"-82.52","41.95","POINT PELEE CS","613P001","2019-02-14 00:00","2019","02","14","00:00","-5.0","","-7.1","","85","","","M","","M","","M","","","99.35","","","","","","NA"
"-82.52","41.95","POINT PELEE CS","613P001","2019-02-14 01:00","2019","02","14","01:00","-5.0","","-6.7","","88","","","M","","M","","M","","","99.41","","","","","","NA"
"-82.52","41.95","POINT PELEE CS","613P001","2019-02-14 02:00","2019","02","14","02:00","-7.0","","-8.2","","91","","","M","","M","","M","","","99.47","","","","","","NA"
"-82.52","41.95","POINT PELEE CS","613P001","2019-02-14 03:00","2019","02","14","03:00","-7.7","","-8.5","","94","","","M","","M","","M","","","99.45","","","","","","NA"
"-82.52","41.95","POINT PELEE CS","613P001","2019-02-14 04:00","2019","02","14","04:00","-7.2","","-7.9","","95","","","M","","M","","M","","","99.37","","","","","","NA"
"-82.52","41.95","POINT PELEE CS","613P001","2019-02-14 05:00","2019","02","14","05:00","-4.9","","-5.6","","95","","","M","","M","","M","","","99.34","","","","","","NA"
"-82.52","41.95","POINT PELEE CS","613P001","2019-02-14 06:00","2019","02","14","06:00","-3.3","","-4.6","","91","","","M","","M","","M","","","99.30","","","","","","NA"
"-82.52","41.95","POINT PELEE CS","613P001","2019-02-14 07:00","2019","02","14","07:00","-2.1","","-3.8","","88","","","M","","M","","M","","","99.22","","","","","","NA"
"-82.52","41.95","POINT PELEE CS","613P001","2019-02-14 08:00","2019","02","14","08:00","-1.6","","-3.9","","84","","","M","","M","","M","","","99.17","","","","","","NA"
"-82.52","41.95","POINT PELEE CS","613P001","2019-02-14 09:00","2019","02","14","09:00","-0.5","","-3.5","","80","","","M","","M","","M","","","99.10","","","","","","NA"
"-82.52","41.95","POINT PELEE CS","613P001","2019-02-14 10:00","2019","02","14","10:00","0.0","","-3.4","","77","","","M","","M","","M","","","98.95","","","","","","NA"
"-82.52","41.95","POINT PELEE CS","613P001","2019-02-14 11:00","2019","02","14","11:00","1.7","","-2.7","","72","","","M","","M","","M","","","98.83","","","","","","NA"
"-82.52","41.95","POINT PELEE CS","613P001","2019-02-14 12:00","2019","02","14","12:00","4.1","","-2.2","","63","","","M","","M","","M","","","98.76","","","","","","NA"
"-82.52","41.95","POINT PELEE CS","613P001","2019-02-14 13:00","2019","02","14","13:00","5.1","","-0.9","","65","","","M","","M","","M","","","98.62","","","","","","NA"
"-82.52","41.95","POINT PELEE CS","613P001","2019-02-14 14:00","2019","02","14","14:00","5.5","","-1.2","","62","","","M","","M","","M","","","98.49","","","","","","NA"
"-82.52","41.95","POINT PELEE CS","613P001","2019-02-14 15:00","2019","02","14","15:00","5.6","","-0.7","","64","","","M","","M","","M","","","98.41","","","","","","NA"
"-82.52","41.95","POINT PELEE CS","613P001","2019-02-14 16:00","2019","02","14","16:00","5.0","","-0.9","","66","","","M","","M","","M","","","98.36","","","","","","NA"
"-82.52","41.95","POINT PELEE CS","613P001","2019-02-14 17:00","2019","02","14","17:00","4.7","","-1.1","","66","","","M","","M","","M","","","98.30","","","","","","NA"
"-82.52","41.95","POINT PELEE CS","613P001","2019-02-14 18:00","2019","02","14","18:00","4.7","","-1.3","","65","","","M","","M","","M","","","98.24","","","","","","NA"
"-82.52","41.95","POINT PELEE CS","613P001","2019-02-14 19:00","2019","02","14","19:00","4.7","","-1.3","","65","","","M","","M","","M","","","98.16","","","","","","NA"
"-82.52","41.95","POINT PELEE CS","613P001","2019-02-14 20:00","2019","02","14","20:00","4.8","","-1.8","","62","","","M","","M","","M","","","98.09","","","","","","NA"
"-82.52","41.95","POINT PELEE CS","613P001","2019-02-14 21:00","2019","02","14","21:00","5.0","","-2.2","","60","","","M","","M","","M","","","97.99","","","","","","NA"
"-82.52","41.95","POINT PELEE CS","613P001","2019-02-14 22:00","2019","02","14","22:00","3.8","","-1.6","","68","","","M","","M","","M","","","97.92","","","","","","NA"
"-82.52","41.95","POINT PELEE CS","613P001","2019-02-14 23:00","2019","02","14","23:00","3.5","","-0.9","","73","","","M","","M","","M","","","97.82","","","","","","NA"
"-82.52","41.95","POINT PELEE CS","613P001","2019-02-15 00:00","2019","02","15","00:00","3.7","","1.1","","83","","","M","","M","","M","","","97.75","","","","","","NA"
"-82.52","41.95","POINT PELEE CS","613P001","2019-02-15 01:00","2019","02","15","01:00","4.4","","1.2","","80","","","M","","M","","M","","","97.74","","","","","","NA"
"-82.52","41.95","POINT PELEE CS","613P001","2019-02-15 02:00","2019","02","15","02:00","3.8","","2.3","","89","","","M","","M","","M","","","97.70","","","","","","NA"
"-82.52","41.95","POINT PELEE CS","613P001","2019-02-15 03:00","2019","02","15","03:00","4.2","","2.8","","91","","","M","","M","","M","","","97.69","","","","","","NA"
"-82.52","41.95","POINT PELEE CS","613P001","2019-02-15 04:00","2019","02","15","04:00","3.8","","2.6","","92","","","M","","M","","M","","","97.71","","","","","","NA"
"-82.52","41.95","POINT PELEE CS","613P001","2019-02-15 05:00","2019","02","15","05:00","3.2","","1.9","","91","","","M","","M","","M","","","97.78","","","","","","NA"
"-82.52","41.95","POINT PELEE CS","613P001","2019-02-15 06:00","2019","02","15","06:00","2.2","","-0.1","","85","","","M","","M","","M","","","97.91","","","","","","NA"
"-82.52","41.95","POINT PELEE CS","613P001","2019-02-15 07:00","2019","02","15","07:00","1.7","","-0.8","","84","","","M","","M","","M","","","98.02","","","","","","NA"
"-82.52","41.95","POINT PELEE CS","613P001","2019-02-15 08:00","2019","02","15","08:00","1.1","","-1.2","","84","","","M","","M","","M","","","98.13","","","","","","NA"
"-82.52","41.95","POINT PELEE CS","613P001","2019-02-15 09:00","2019","02","15","09:00","1.0","","-3.5","","72","","","M","","M","","M","","","98.22","","","","","","NA"
"-82.52","41.95","POINT PELEE CS","613P001","2019-02-15 10:00","2019","02","15","10:00","0.4","","-4.4","","70","","","M","","M","","M","","","98.30","","","","","","NA"
"-82.52","41.95","POINT PELEE CS","613P001","2019-02-15 11:00","2019","02","15","11:00","0.8","","-4.5","","67","","","M","","M","","M","","","98.38","","","","","","NA"
"-82.52","41.95","POINT PELEE CS","613P001","2019-02-15 12:00","2019","02","15","12:00","0.1","","-5.9","","64","","","M","","M","","M","","","98.45","","","","","","NA"
"-82.52","41.95","POINT PELEE CS","613P001","2019-02-15 13:00","2019","02","15","13:00","-1.1","","-6.4","","67","","","M","","M","","M","","","98.51","","","","","","NA"
"-82.52","41.95","POINT PELEE CS","613P001","2019-02-15 14:00","2019","02","15","14:00","-0.1","","-6.6","","61","","","M","","M","","M","","","98.59","","","","","","NA"
"-82.52","41.95","POINT PELEE CS","613P001","2019-02-15 15:00","2019","02","15","15:00","-0.7","","-6.7","","64","","","M","","M","","M","","","98.68","","","","","","NA"
"-82.52","41.95","POINT PELEE CS","613P001","2019-02-15 16:00","2019","02","15","16:00","-1.1","","-7.0","","64","","","M","","M","","M","","","98.81","","","","","","NA"
"-82.52","41.95","POINT PELEE CS","613P001","2019-02-15 17:00","2019","02","15","17:00","-1.8","","-6.9","","68","","","M","","M","","M","","","98.88","","","","","","NA"
"-82.52","41.95","POINT PELEE CS","613P001","2019-02-15 18:00","2019","02","15","18:00","-2.8","","-6.9","","73","","","M","","M","","M","","","98.93","","","","","","NA"
"-82.52","41.95","POINT PELEE CS","613P001","2019-02-15 19:00","2019","02","15","19:00","-3.4","","-7.1","","76","","","M","","M","","M","","","99.03","","","","","","NA"
"-82.52","41.95","POINT PELEE CS","613P001","2019-02-15 20:00","2019","02","15","20:00","-3.9","","-8.1","","73","","","M","","M","","M","","","99.15","","","","","","NA"
"-82.52","41.95","POINT PELEE CS","613P001","2019-02-15 21:00","2019","02","15","21:00","-4.8","","-8.8","","73","","","M","","M","","M","","","99.23","","","","","","NA"
"-82.52","41.95","POINT PELEE CS","613P001","2019-02-15 22:00","2019","02","15","22:00","-5.2","","-8.6","","77","","","M","","M","","M","","","99.29","","","","","","NA"
"-82.52","41.95","POINT PELEE CS","613P001","2019-02-15 23:00","2019","02","15","23:00","-5.7","","-9.1","","77","","","M","","M","","M","","","99.36","","","","","","NA"
"-82.52","41.95","POINT PELEE CS","613P001","2019-02-16 00:00","2019","02","16","00:00","-5.3","","-9.0","","75","","","M","","M","","M","","","99.38","","","","","","NA"
"-82.52","41.95","POINT PELEE CS","613P001","2019-02-16 01:00","2019","02","16","01:00","-5.1","","-8.9","","75","","","M","","M","","M","","","99.44","","","","","","NA"
"-82.52","41.95","POINT PELEE CS","613P001","2019-02-16 02:00","2019","02","16","02:00","-5.4","","-9.1","","75","","","M","","M","","M","","","99.47","","","","","","NA"
"-82.52","41.95","POINT PELEE CS","613P001","2019-02-16 03:00","2019","02","16","03:00","-5.4","","-9.0","","76","","","M","","M","","M","","","99.46","","","","","","NA"
"-82.52","41.95","POINT PELEE CS","613P001","2019-02-16 04:00","2019","02","16","04:00","-5.5","","-8.9","","77","","","M","","M","","M","","","99.46","","","","","","NA"
"-82.52","41.95","POINT PELEE CS","613P001","2019-02-16 05:00","2019","02","16","05:00","-5.2","","-8.5","","78","","","M","","M","","M","","","99.53","","","","","","NA"
"-82.52","41.95","POINT PELEE CS","613P001","2019-02-16 06:00","2019","02","16","06:00","-4.9","","-8.3","","77","","","M","","M","","M","","","99.60","","","","","","NA"
"-82.52","41.95","POINT PELEE CS","613P001","2019-02-16 07:00","2019","02","16","07:00","-4.6","","-8.5","","74","","","M","","M","","M","","","99.64","","","","","","NA"
"-82.52","41.95","POINT PELEE CS","613P001","2019-02-16 08:00","2019","02","16","08:00","-4.6","","-8.4","","75","","","M","","M","","M","","","99.70","","","","","","NA"
"-82.52","41.95","POINT PELEE CS","613P001","2019-02-16 09:00","2019","02","16","09:00","-4.5","","-8.5","","73","","","M","","M","","M","","","99.76","","","","","","NA"
"-82.52","41.95","POINT PELEE CS","613P001","2019-02-16 10:00","2019","02","16","10:00","-4.3","","-8.3","","74","","","M","","M","","M","","","99.80","","","","","","NA"
"-82.52","41.95","POINT PELEE CS","613P001","2019-02-16 11:00","2019","02","16","11:00","-4.0","","-8.4","","72","","","M","","M","","M","","","99.78","","","","","","NA"
"-82.52","41.95","POINT PELEE CS","613P001","2019-02-16 12:00","2019","02","16","12:00","-3.8","","-8.4","","70","","","M","","M","","M","","","99.79","","","","","","NA"
"-82.52","41.95","POINT PELEE CS","613P001","2019-02-16 13:00","2019","02","16","13:00","-3.3","","-8.1","","70","","","M","","M","","M","","","99.74","","","","","","NA"
"-82.52","41.95","POINT PELEE CS","613P001","2019-02-16 14:00","2019","02","16","14:00","-3.3","","-7.9","","71","","","M","","M","","M","","","99.80","","","","","","NA"
"-82.52","41.95","POINT PELEE CS","613P001","2019-02-16 15:00","2019","02","16","15:00","-3.1","","-8.4","","67","","","M","","M","","M","","","99.76","","","","","","NA"
"-82.52","41.95","POINT PELEE CS","613P001","2019-02-16 16:00","2019","02","16","16:00","-3.2","","-8.4","","67","","","M","","M","","M","","","99.75","","","","","","NA"
"-82.52","41.95","POINT PELEE CS","613P001","2019-02-16 17:00","2019","02","16","17:00","-3.2","","-8.2","","68","","","M","","M","","M","","","99.75","","","","","","NA"
"-82.52","41.95","POINT PELEE CS","613P001","2019-02-16 18:00","2019","02","16","18:00","-3.4","","-8.0","","70","","","M","","M","","M","","","99.75","","","","","","NA"
"-82.52","41.95","POINT PELEE CS","613P001","2019-02-16 19:00","2019","02","16","19:00","-3.5","","-7.4","","74","","","M","","M","","M","","","99.78","","","","","","NA"
"-82.52","41.95","POINT PELEE CS","613P001","2019-02-16 20:00","2019","02","16","20:00","-3.5","","-7.8","","72","","","M","","M","","M","","","99.79","","","","","","NA"
"-82.52","41.95","POINT PELEE CS","613P001","2019-02-16 21:00","2019","02","16","21:00","-3.7","","-7.8","","73","","","M","","M","","M","","","99.83","","","","","","NA"
"-82.52","41.95","POINT PELEE CS","613P001","2019-02-16 22:00","2019","02","16","22:00","-3.7","","-7.4","","75","","","M","","M","","M","","","99.86","","","","","","NA"
"-82.52","41.95","POINT PELEE CS","613P001","2019-02-16 23:00","2019","02","16","23:00","-3.7","","-7.5","","75","","","M","","M","","M","","","99.85","","","","","","NA"
"-82.52","41.95","POINT PELEE CS","613P001","2019-02-17 00:00","2019","02","17","00:00","-3.7","","-8.1","","71","","","M","","M","","M","","","99.82","","","","","","NA"
"-82.52","41.95","POINT PELEE CS","613P001","2019-02-17 01:00","2019","02","17","01:00","-3.9","","-7.9","","73","","","M","","M","","M","","","99.75","","","","","","NA"
"-82.52","41.95","POINT PELEE CS","613P001","2019-02-17 02:00","2019","02","17","02:00","-4.0","","-7.9","","74","","","M","","M","","M","","","99.69","","","","","","NA"
"-82.52","41.95","POINT PELEE CS","613P001","2019-02-17 03:00","2019","02","17","03:00","-3.9","","-7.6","","75","","","M","","M","","M","","","99.69","","","","","","NA"
"-82.52","41.95","POINT PELEE CS","613P001","2019-02-17 04:00","2019","02","17","04:00","-4.2","","-8.2","","73","","","M","","M","","M","","","99.71","","","","","","NA"
"-82.52","41.95","POINT PELEE CS","613P001","2019-02-17 05:00","2019","02","17","05:00","-4.3","","-8.4","","73","","","M","","M","","M","","","99.64","","","","","","NA"
"-82.52","41.95","POINT PELEE CS","613P001","2019-02-17 06:00","2019","02","17","06:00","-4.4","","-7.8","","77","","","M","","M","","M","","","99.59","","","","","","NA"
"-82.52","41.95","POINT PELEE CS","613P001","2019-02-17 07:00","2019","02","17","07:00","-4.3","","-7.8","","77","","","M","","M","","M","","","99.52","","","","","","NA"
"-82.52","41.95","POINT PELEE CS","613P001","2019-02-17 08:00","2019","02","17","08:00","-3.9","","-7.5","","76","","","M","","M","","M","","","99.54","","","","","","NA"
"-82.52","41.95","POINT PELEE CS","613P001","2019-02-17 09:00","2019","02","17","09:00","-3.4","","-7.0","","77","","","M","","M","","M","","","99.52","","","","","","NA"
"-82.52","41.95","POINT PELEE CS","613P001","2019-02-17 10:00","2019","02","17","10:00","-2.8","","-6.4","","77","","","M","","M","","M","","","99.39","","","","","","NA"
"-82.52","41.95","POINT PELEE CS","613P001","2019-02-17 11:00","2019","02","17","11:00","-2.8","","-6.4","","76","","","M","","M","","M","","","99.34","","","","","","NA"
"-82.52","41.95","POINT PELEE CS","613P001","2019-02-17 12:00","2019","02","17","12:00","-3.0","","-6.6","","76","","","M","","M","","M","","","99.27","","","","","","NA"
"-82.52","41.95","POINT PELEE CS","613P001","2019-02-17 13:00","2019","02","17","13:00","-2.7","","-6.2","","77","","","M","","M","","M","","","99.26","","","","","","NA"
"-82.52","41.95","POINT PELEE CS","613P001","2019-02-17 14:00","2019","02","17","14:00","-3.2","","-6.6","","77","","","M","","M","","M","","","99.13","","","","","","NA"
"-82.52","41.95","POINT PELEE CS","613P001","2019-02-17 15:00","2019","02","17","15:00","-3.4","","-5.0","","89","","","M","","M","","M","","","99.01","","","","","","NA"
"-82.52","41.95","POINT PELEE CS","613P001","2019-02-17 16:00","2019","02","17","16:00","-3.6","","-5.3","","88","","","M","","M","","M","","","98.92","","","","","","NA"
"-82.52","41.95","POINT PELEE CS","613P001","2019-02-17 17:00","2019","02","17","17:00","-3.7","","-5.4","","88","","","M","","M","","M","","","98.86","","","","","","NA"
"-82.52","41.95","POINT PELEE CS","613P001","2019-02-17 18:00","2019","02","17","18:00","-3.6","","-4.8","","91","","","M","","M","","M","","","98.78","","","","","","NA"
"-82.52","41.95","POINT PELEE CS","613P001","2019-02-17 19:00","2019","02","17","19:00","-3.3","","-4.3","","93","","","M","","M","","M","","","98.89","","","","","","NA"
"-82.52","41.95","POINT PELEE CS","613P001","2019-02-17 20:00","2019","02","17","20:00","-3.4","","-4.3","","94","","","M","","M","","M","","","98.73","","","","","","NA"
"-82.52","41.95","POINT PELEE CS","613P001","2019-02-17 21:00","2019","02","17","21:00","-3.6","","-4.7","","92","","","M","","M","","M","","","98.80","","","","","","NA"
"-82.52","41.95","POINT PELEE CS","613P001","2019-02-17 22:00","2019","02","17","22:00","-4.4","","-5.4","","93","","","M","","M","","M","","","98.85","","","","","","NA"
"-82.52","41.95","POINT PELEE CS","613P001","2019-02-17 23:00","2019","02","17","23:00","-4.6","","-5.6","","93","","","M","","M","","M","","","98.83","","","","","","NA"
"-82.52","41.95","POINT PELEE CS","613P001","2019-02-18 00:00","2019","02","18","00:00","-4.6","","-6.0","","90","","","M","","M","","M","","","98.87","","","","","","NA"
"-82.52","41.95","POINT PELEE CS","613P001","2019-02-18 01:00","2019","02","18","01:00","-5.1","","-6.5","","89","","","M","","M","","M","","","98.97","","","","","","NA"
"-82.52","41.95","POINT PELEE CS","613P001","2019-02-18 02:00","2019","02","18","02:00","-5.5","","-6.7","","91","","","M","","M","","M","","","99.06","","","","","","NA"
"-82.52","41.95","POINT PELEE CS","613P001","2019-02-18 03:00","2019","02","18","03:00","-5.9","","-7.5","","89","","","M","","M","","M","","","99.12","","","","","","NA"
"-82.52","41.95","POINT PELEE CS","613P001","2019-02-18 04:00","2019","02","18","04:00","-6.1","","-8.0","","86","","","M","","M","","M","","","99.19","","","","","","NA"
"-82.52","41.95","POINT PELEE CS","613P001","2019-02-18 05:00","2019","02","18","05:00","-6.1","","-7.9","","87","","","M","","M","","M","","","99.29","","","","","","NA"
"-82.52","41.95","POINT PELEE CS","613P001","2019-02-18 06:00","2019","02","18","06:00","-6.5","","-8.5","","86","","","M","","M","","M","","","99.39","","","","","","NA"
"-82.52","41.95","POINT PELEE CS","613P001","2019-02-18 07:00","2019","02","18","07:00","-6.5","","-8.3","","87","","","M","","M","","M","","","99.49","","","","","","NA"
"-82.52","41.95","POINT PELEE CS","613P001","2019-02-18 08:00","2019","02","18","08:00","-6.6","","-8.5","","86","","","M","","M","","M","","","99.63","","","","","","NA"
"-82.52","41.95","POINT PELEE CS","613P001","2019-02-18 09:00","2019","02","18","09:00","-6.0","","-8.4","","83","","","M","","M","","M","","","99.76","","","","","","NA"
"-82.52","41.95","POINT PELEE CS","613P001","2019-02-18 10:00","2019","02","18","10:00","-5.5","","-8.3","","81","","","M","","M","","M","","","99.88","","","","","","NA"
"-82.52","41.95","POINT PELEE CS","613P001","2019-02-18 11:00","2019","02","18","11:00","-4.0","","-8.4","","72","","","M","","M","","M","","","99.98","","","","","","NA"
"-82.52","41.95","POINT PELEE CS","613P001","2019-02-18 12:00","2019","02","18","12:00","-3.9","","-8.8","","69","","","M","","M","","M","","","100.14","","","","","","NA"
"-82.52","41.95","POINT PELEE CS","613P001","2019-02-18 13:00","2019","02","18","13:00","-3.6","","-8.8","","67","","","M","","M","","M","","","100.23","","","","","","NA"
"-82.52","41.95","POINT PELEE CS","613P001","2019-02-18 14:00","2019","02","18","14:00","-2.2","","-9.9","","55","","","M","","M","","M","","","100.29","","","","","","NA"
"-82.52","41.95","POINT PELEE CS","613P001","2019-02-18 15:00","2019","02","18","15:00","-2.0","","-10.5","","52","","","M","","M","","M","","","100.39","","","","","","NA"
"-82.52","41.95","POINT PELEE CS","613P001","2019-02-18 16:00","2019","02","18","16:00","-2.0","","-10.5","","52","","","M","","M","","M","","","100.48","","","","","","NA"
"-82.52","41.95","POINT PELEE CS","613P001","2019-02-18 17:00","2019","02","18","17:00","-3.0","","-11.3","","53","","","M","","M","","M","","","100.59","","","","","","NA"
"-82.52","41.95","POINT PELEE CS","613P001","2019-02-18 18:00","2019","02","18","18:00","-4.9","","-11.5","","60","","","M","","M","","M","","","100.73","","","","","","NA"
"-82.52","41.95","POINT PELEE CS","613P001","2019-02-18 19:00","2019","02","18","19:00","-7.3","","-10.4","","79","","","M","","M","","M","","","100.89","","","","","","NA"
"-82.52","41.95","POINT PELEE CS","613P001","2019-02-18 20:00","2019","02","18","20:00","-7.7","","-10.3","","81","","","M","","M","","M","","","100.98","","","","","","NA"
"-82.52","41.95","POINT PELEE CS","613P001","2019-02-18 21:00","2019","02","18","21:00","-10.4","","-12.2","","87","","","M","","M","","M","","","101.05","","","","","","NA"
"-82.52","41.95","POINT PELEE CS","613P001","2019-02-18 22:00","2019","02","18","22:00","-11.7","","-13.2","","89","","","M","","M","","M","","","101.16","","","","","","NA"
"-82.52","41.95","POINT PELEE CS","613P001","2019-02-18 23:00","2019","02","18","23:00","-12.9","","-14.3","","89","","","M","","M","","M","","","101.23","","","","","","NA"
"-82.52","41.95","POINT PELEE CS","613P001","2019-02-19 00:00","2019","02","19","00:00","-12.7","","-13.7","","92","","","M","","M","","M","","","101.23","","","","","","NA"
"-82.52","41.95","POINT PELEE CS","613P001","2019-02-19 01:00","2019","02","19","01:00","-12.6","","-13.7","","91","","","M","","M","","M","","","101.25","","","","","","NA"
"-82.52","41.95","POINT PELEE CS","613P001","2019-02-19 02:00","2019","02","19","02:00","-12.9","","-14.2","","90","","","M","","M","","M","","","101.29","","","","","","NA"
"-82.52","41.95","POINT PELEE CS","613P001","2019-02-19 03:00","2019","02","19","03:00","-12.6","","-13.9","","90","","","M","","M","","M","","","101.31","","","","","","NA"
"-82.52","41.95","POINT PELEE CS","613P001","2019-02-19 04:00","2019","02","19","04:00","-13.3","","-14.8","","89","","","M","","M","","M","","","101.31","","","","","","NA"
"-82.52","41.95","POINT PELEE CS","613P001","2019-02-19 05:00","2019","02","19","05:00","-12.9","","-14.1","","90","","","M","","M","","M","","","101.37","","","","","","NA"
"-82.52","41.95","POINT PELEE CS","613P001","2019-02-19 06:00","2019","02","19","06:00","-10.4","","-11.2","","94","","","M","","M","","M","","","101.45","","","","","","NA"
"-82.52","41.95","POINT PELEE CS","613P001","2019-02-19 07:00","2019","02","19","07:00","-9.0","","-10.4","","89","","","M","","M","","M","","","101.50","","","","","","NA"
"-82.52","41.95","POINT PELEE CS","613P001","2019-02-19 08:00","2019","02","19","08:00","-6.4","","-7.7","","90","","","M","","M","","M","","","101.54","","","","","","NA"
"-82.52","41.95","POINT PELEE CS","613P001","2019-02-19 09:00","2019","02","19","09:00","-4.2","","-6.7","","83","","","M","","M","","M","","","101.63","","","","","","NA"
"-82.52","41.95","POINT PELEE CS","613P001","2019-02-19 10:00","2019","02","19","10:00","-3.8","","-6.9","","79","","","M","","M","","M","","","101.70","","","","","","NA"
"-82.52","41.95","POINT PELEE CS","613P001","2019-02-19 11:00","2019","02","19","11:00","-3.0","","-6.8","","75","","","M","","M","","M","","","101.68","","","","","","NA"
"-82.52","41.95","POINT PELEE CS","613P001","2019-02-19 12:00","2019","02","19","12:00","-2.2","","-6.3","","73","","","M","","M","","M","","","101.66","","","","","","NA"
"-82.52","41.95","POINT PELEE CS","613P001","2019-02-19 13:00","2019","02","19","13:00","-2.3","","-7.3","","68","","","M","","M","","M","","","101.57","","","","","","NA"
"-82.52","41.95","POINT PELEE CS","613P001","2019-02-19 14:00","2019","02","19","14:00","-1.6","","-8.1","","61","","","M","","M","","M","","","101.51","","","","","","NA"
"-82.52","41.95","POINT PELEE CS","613P001","2019-02-19 15:00","2019","02","19","15:00","-1.9","","-9.4","","57","","","M","","M","","M","","","101.45","","","","","","NA"
"-82.52","41.95","POINT PELEE CS","613P001","2019-02-19 16:00","2019","02","19","16:00","-1.6","","-10.3","","52","","","M","","M","","M","","","101.40","","","","","","NA"
"-82.52","41.95","POINT PELEE CS","613P001","2019-02-19 17:00","2019","02","19","17:00","-1.8","","-9.5","","56","","","M","","M","","M","","","101.36","","","","","","NA"
"-82.52","41.95","POINT PELEE CS","613P001","2019-02-19 18:00","2019","02","19","18:00","-3.7","","-8.3","","70","","","M","","M","","M","","","101.33","","","","","","NA"
"-82.52","41.95","POINT PELEE CS","613P001","2019-02-19 19:00","2019","02","19","19:00","-4.9","","-8.0","","79","","","M","","M","","M","","","101.32","","","","","","NA"
"-82.52","41.95","POINT PELEE CS","613P001","2019-02-19 20:00","2019","02","19","20:00","-6.0","","-8.4","","83","","","M","","M","","M","","","101.30","","","","","","NA"
"-82.52","41.95","POINT PELEE CS","613P001","2019-02-19 21:00","2019","02","19","21:00","-7.0","","-8.6","","88","","","M","","M","","M","","","101.22","","","","","","NA"
"-82.52","41.95","POINT PELEE CS","613P001","2019-02-19 22:00","2019","02","19","22:00","-6.8","","-8.3","","89","","","M","","M","","M","","","101.12","","","","","","NA"
"-82.52","41.95","POINT PELEE CS","613P001","2019-02-19 23:00","2019","02","19","23:00","-5.4","","-7.0","","88","","","M","","M","","M","","","101.06","","","","","","NA"
"-82.52","41.95","POINT PELEE CS","613P001","2019-02-20 00:00","2019","02","20","00:00","-4.7","","-7.3","","82","","","M","","M","","M","","","101.02","","","","","","NA"
"-82.52","41.95","POINT PELEE CS","613P001","2019-02-20 01:00","2019","02","20","01:00","-4.6","","-8.0","","77","","","M","","M","","M","","","100.94","","","","","","NA"
"-82.52","41.95","POINT PELEE CS","613P001","2019-02-20 02:00","2019","02","20","02:00","-4.2","","-7.1","","80","","","M","","M","","M","","","100.90","","","","","","NA"
"-82.52","41.95","POINT PELEE CS","613P001","2019-02-20 03:00","2019","02","20","03:00","-4.0","","-6.8","","81","","","M","","M","","M","","","100.77","","","","","","NA"
"-82.52","41.95","POINT PELEE CS","613P001","2019-02-20 04:00","2019","02","20","04:00","-4.0","","-6.6","","82","","","M","","M","","M","","","100.50","","","","","","NA"
"-82.52","41.95","POINT PELEE CS","613P001","2019-02-20 05:00","2019","02","20","05:00","-3.7","","-6.4","","82","","","M","","M","","M","","","100.50","","","","","","NA"
"-82.52","41.95","POINT PELEE CS","613P001","2019-02-20 06:00","2019","02","20","06:00","-3.3","","-6.5","","78","","","M","","M","","M","","","100.41","","","","","","NA"
"-82.52","41.95","POINT PELEE CS","613P001","2019-02-20 07:00","2019","02","20","07:00","-2.9","","-6.5","","76","","","M","","M","","M","","","100.35","","","","","","NA"
"-82.52","41.95","POINT PELEE CS","613P001","2019-02-20 08:00","2019","02","20","08:00","-3.4","","-4.9","","89","","","M","","M","","M","","","100.07","","","","","","NA"
"-82.52","41.95","POINT PELEE CS","613P001","2019-02-20 09:00","2019","02","20","09:00","-2.8","","-4.4","","89","","","M","","M","","M","","","100.09","","","","","","NA"
"-82.52","41.95","POINT PELEE CS","613P001","2019-02-20 10:00","2019","02","20","10:00","-1.7","","-3.8","","86","","","M","","M","","M","","","99.97","","","","","","NA"
"-82.52","41.95","POINT PELEE CS","613P001","2019-02-20 11:00","2019","02","20","11:00","-0.8","","-3.1","","84","","","M","","M","","M","","","99.77","","","","","","NA"
"-82.52","41.95","POINT PELEE CS","613P001","2019-02-20 12:00","2019","02","20","12:00","-0.7","","-1.9","","92","","","M","","M","","M","","","99.61","","","","","","NA"
"-82.52","41.95","POINT PELEE CS","613P001","2019-02-20 13:00","2019","02","20","13:00","-0.6","","-1.6","","93","","","M","","M","","M","","","99.49","","","","","","NA"
"-82.52","41.95","POINT PELEE CS","613P001","2019-02-20 14:00","2019","02","20","14:00","-0.1","","-0.6","","96","","","M","","M","","M","","","99.24","","","","","","NA"
"-82.52","41.95","POINT PELEE CS","613P001","2019-02-20 15:00","2019","02","20","15:00","0.4","","-0.1","","96","","","M","","M","","M","","","98.98","","","","","","NA"
"-82.52","41.95","POINT PELEE CS","613P001","2019-02-20 16:00","2019","02","20","16:00","0.4","","-0.3","","95","","","M","","M","","M","","","98.96","","","","","","NA"
"-82.52","41.95","POINT PELEE CS","613P001","2019-02-20 17:00","2019","02","20","17:00","0.6","","0.1","","97","","","M","","M","","M","","","98.86","","","","","","NA"
"-82.52","41.95","POINT PELEE CS","613P001","2019-02-20 18:00","2019","02","20","18:00","0.9","","0.6","","98","","","M","","M","","M","","","98.68","","","","","","NA"
"-82.52","41.95","POINT PELEE CS","613P001","2019-02-20 19:00","2019","02","20","19:00","1.4","","1.2","","98","","","M","","M","","M","","","98.58","","","","","","NA"
"-82.52","41.95","POINT PELEE CS","613P001","2019-02-20 20:00","2019","02","20","20:00","2.4","","2.1","","98","","","M","","M","","M","","","98.61","","","","","","NA"
"-82.52","41.95","POINT PELEE CS","613P001","2019-02-20 21:00","2019","02","20","21:00","2.4","","2.1","","98","","","M","","M","","M","","","98.61","","","","","","NA"
"-82.52","41.95","POINT PELEE CS","613P001","2019-02-20 22:00","2019","02","20","22:00","2.5","","2.3","","98","","","M","","M","","M","","","98.66","","","","","","NA"
"-82.52","41.95","POINT PELEE CS","613P001","2019-02-20 23:00","2019","02","20","23:00","2.3","","2.0","","98","","","M","","M","","M","","","98.73","","","","","","NA"
"-82.52","41.95","POINT PELEE CS","613P001","2019-02-21 00:00","2019","02","21","00:00","2.0","","1.7","","98","","","M","","M","","M","","","98.82","","","","","","NA"
"-82.52","41.95","POINT PELEE CS","613P001","2019-02-21 01:00","2019","02","21","01:00","2.3","","0.3","","86","","","M","","M","","M","","","98.91","","","","","","NA"
"-82.52","41.95","POINT PELEE CS","613P001","2019-02-21 02:00","2019","02","21","02:00","1.8","","0.0","","88","","","M","","M","","M","","","99.03","","","","","","NA"
"-82.52","41.95","POINT PELEE CS","613P001","2019-02-21 03:00","2019","02","21","03:00","1.8","","-0.5","","85","","","M","","M","","M","","","99.14","","","","","","NA"
"-82.52","41.95","POINT PELEE CS","613P001","2019-02-21 04:00","2019","02","21","04:00","1.6","","-1.2","","82","","","M","","M","","M","","","99.21","","","","","","NA"
"-82.52","41.95","POINT PELEE CS","613P001","2019-02-21 05:00","2019","02","21","05:00","1.5","","-1.5","","81","","","M","","M","","M","","","99.28","","","","","","NA"
"-82.52","41.95","POINT PELEE CS","613P001","2019-02-21 06:00","2019","02","21","06:00","1.3","","-1.6","","81","","","M","","M","","M","","","99.36","","","","","","NA"
"-82.52","41.95","POINT PELEE CS","613P001","2019-02-21 07:00","2019","02","21","07:00","1.2","","-1.9","","80","","","M","","M","","M","","","99.41","","","","","","NA"
"-82.52","41.95","POINT PELEE CS","613P001","2019-02-21 08:00","2019","02","21","08:00","1.1","","-1.8","","81","","","M","","M","","M","","","99.52","","","","","","NA"
"-82.52","41.95","POINT PELEE CS","613P001","2019-02-21 09:00","2019","02","21","09:00","1.3","","-2.4","","77","","","M","","M","","M","","","99.63","","","","","","NA"
"-82.52","41.95","POINT PELEE CS","613P001","2019-02-21 10:00","2019","02","21","10:00","2.6","","-1.6","","74","","","M","","M","","M","","","99.70","","","","","","NA"
"-82.52","41.95","POINT PELEE CS","613P001","2019-02-21 11:00","2019","02","21","11:00","2.7","","-1.5","","73","","","M","","M","","M","","","99.78","","","","","","NA"
"-82.52","41.95","POINT PELEE CS","613P001","2019-02-21 12:00","2019","02","21","12:00","3.5","","-1.6","","69","","","M","","M","","M","","","99.84","","","","","","NA"
"-82.52","41.95","POINT PELEE CS","613P001","2019-02-21 13:00","2019","02","21","13:00","3.6","","-2.0","","67","","","M","","M","","M","","","99.85","","","","","","NA"
"-82.52","41.95","POINT PELEE CS","613P001","2019-02-21 14:00","2019","02","21","14:00","3.2","","-2.5","","66","","","M","","M","","M","","","99.80","","","","","","NA"
"-82.52","41.95","POINT PELEE CS","613P001","2019-02-21 15:00","2019","02","21","15:00","3.3","","-1.6","","70","","","M","","M","","M","","","99.84","","","","","","NA"
"-82.52","41.95","POINT PELEE CS","613P001","2019-02-21 16:00","2019","02","21","16:00","2.6","","-2.5","","69","","","M","","M","","M","","","99.92","","","","","","NA"
"-82.52","41.95","POINT PELEE CS","613P001","2019-02-21 17:00","2019","02","21","17:00","2.1","","-2.4","","72","","","M","","M","","M","","","99.99","","","","","","NA"
"-82.52","41.95","POINT PELEE CS","613P001","2019-02-21 18:00","2019","02","21","18:00","1.2","","-2.6","","76","","","M","","M","","M","","","100.08","","","","","","NA"
"-82.52","41.95","POINT PELEE CS","613P001","2019-02-21 19:00","2019","02","21","19:00","0.9","","-2.6","","77","","","M","","M","","M","","","100.13","","","","","","NA"
"-82.52","41.95","POINT PELEE CS","613P001","2019-02-21 20:00","2019","02","21","20:00","0.6","","-1.9","","83","","","M","","M","","M","","","100.19","","","","","","NA"
"-82.52","41.95","POINT PELEE CS","613P001","2019-02-21 21:00","2019","02","21","21:00","0.1","","-2.0","","86","","","M","","M","","M","","","100.23","","","","","","NA"
"-82.52","41.95","POINT PELEE CS","613P001","2019-02-21 22:00","2019","02","21","22:00","0.1","","-1.7","","88","","","M","","M","","M","","","100.34","","","","","","NA"
"-82.52","41.95","POINT PELEE CS","613P001","2019-02-21 23:00","2019","02","21","23:00","-0.1","","-2.2","","86","","","M","","M","","M","","","100.39","","","","","","NA"
"-82.52","41.95","POINT PELEE CS","613P001","2019-02-22 00:00","2019","02","22","00:00","-0.5","","-2.7","","85","","","M","","M","","M","","","100.40","","","","","","NA"
"-82.52","41.95","POINT PELEE CS","613P001","2019-02-22 01:00","2019","02","22","01:00","-1.1","","-3.0","","87","","","M","","M","","M","","","100.43","","","","","","NA"
"-82.52","41.95","POINT PELEE CS","613P001","2019-02-22 02:00","2019","02","22","02:00","-2.6","","-4.5","","86","","","M","","M","","M","","","100.48","","","","","","NA"
"-82.52","41.95","POINT PELEE CS","613P001","2019-02-22 03:00","2019","02","22","03:00","-3.3","","-5.1","","87","","","M","","M","","M","","","100.58","","","","","","NA"
"-82.52","41.95","POINT PELEE CS","613P001","2019-02-22 04:00","2019","02","22","04:00","-3.7","","-4.8","","92","","","M","","M","","M","","","100.60","","","","","","NA"
"-82.52","41.95","POINT PELEE CS","613P001","2019-02-22 05:00","2019","02","22","05:00","-3.5","","-5.9","","84","","","M","","M","","M","","","100.69","","","","","","NA"
"-82.52","41.95","POINT PELEE CS","613P001","2019-02-22 06:00","2019","02","22","06:00","-4.6","","-6.2","","89","","","M","","M","","M","","","100.75","","","","","","NA"
"-82.52","41.95","POINT PELEE CS","613P001","2019-02-22 07:00","2019","02","22","07:00","-6.0","","-7.0","","93","","","M","","M","","M","","","100.81","","","","","","NA"
"-82.52","41.95","POINT PELEE CS","613P001","2019-02-22 08:00","2019","02","22","08:00","-5.9","","-6.6","","95","","","M","","M","","M","","","100.87","","","","","","NA"
"-82.52","41.95","POINT PELEE CS","613P001","2019-02-22 09:00","2019","02","22","09:00","-1.1","","-4.8","","76","","","M","","M","","M","","","100.93","","","","","","NA"
"-82.52","41.95","POINT PELEE CS","613P001","2019-02-22 10:00","2019","02","22","10:00","-0.2","","-5.0","","70","","","M","","M","","M","","","100.93","","","","","","NA"
"-82.52","41.95","POINT PELEE CS","613P001","2019-02-22 11:00","2019","02","22","11:00","0.9","","-4.7","","66","","","M","","M","","M","","","100.99","","","","","","NA"
"-82.52","41.95","POINT PELEE CS","613P001","2019-02-22 12:00","2019","02","22","12:00","1.6","","-4.1","","66","","","M","","M","","M","","","100.99","","","","","","NA"
"-82.52","41.95","POINT PELEE CS","613P001","2019-02-22 13:00","2019","02","22","13:00","1.6","","-4.2","","65","","","M","","M","","M","","","100.98","","","","","","NA"
"-82.52","41.95","POINT PELEE CS","613P001","2019-02-22 14:00","2019","02","22","14:00","1.6","","-3.8","","67","","","M","","M","","M","","","100.93","","","","","","NA"
"-82.52","41.95","POINT PELEE CS","613P001","2019-02-22 15:00","2019","02","22","15:00","1.3","","-3.8","","69","","","M","","M","","M","","","100.91","","","","","","NA"
"-82.52","41.95","POINT PELEE CS","613P001","2019-02-22 16:00","2019","02","22","16:00","1.4","","-3.3","","71","","","M","","M","","M","","","100.89","","","","","","NA"
"-82.52","41.95","POINT PELEE CS","613P001","2019-02-22 17:00","2019","02","22","17:00","0.3","","-3.5","","76","","","M","","M","","M","","","100.83","","","","","","NA"
"-82.52","41.95","POINT PELEE CS","613P001","2019-02-22 18:00","2019","02","22","18:00","-1.0","","-3.8","","82","","","M","","M","","M","","","100.84","","","","","","NA"
"-82.52","41.95","POINT PELEE CS","613P001","2019-02-22 19:00","2019","02","22","19:00","-2.8","","-4.1","","90","","","M","","M","","M","","","100.89","","","","","","NA"
"-82.52","41.95","POINT PELEE CS","613P001","2019-02-22 20:00","2019","02","22","20:00","-3.7","","-4.7","","93","","","M","","M","","M","","","100.90","","","","","","NA"
"-82.52","41.95","POINT PELEE CS","613P001","2019-02-22 21:00","2019","02","22","21:00","-4.0","","-4.8","","94","","","M","","M","","M","","","100.91","","","","","","NA"
"-82.52","41.95","POINT PELEE CS","613P001","2019-02-22 22:00","2019","02","22","22:00","-4.3","","-4.9","","95","","","M","","M","","M","","","100.94","","","","","","NA"
"-82.52","41.95","POINT PELEE CS","613P001","2019-02-22 23:00","2019","02","22","23:00","-3.9","","-4.6","","95","","","M","","M","","M","","","100.84","","","","","","NA"
"-82.52","41.95","POINT PELEE CS","613P001","2019-02-23 00:00","2019","02","23","00:00","-2.8","","-4.4","","89","","","M","","M","","M","","","100.81","","","","","","NA"
"-82.52","41.95","POINT PELEE CS","613P001","2019-02-23 01:00","2019","02","23","01:00","-2.3","","-4.3","","86","","","M","","M","","M","","","100.68","","","","","","NA"
"-82.52","41.95","POINT PELEE CS","613P001","2019-02-23 02:00","2019","02","23","02:00","-2.1","","-4.5","","84","","","M","","M","","M","","","100.61","","","","","","NA"
"-82.52","41.95","POINT PELEE CS","613P001","2019-02-23 03:00","2019","02","23","03:00","-2.4","","-4.4","","86","","","M","","M","","M","","","100.56","","","","","","NA"
"-82.52","41.95","POINT PELEE CS","613P001","2019-02-23 04:00","2019","02","23","04:00","-2.1","","-3.8","","88","","","M","","M","","M","","","100.52","","","","","","NA"
"-82.52","41.95","POINT PELEE CS","613P001","2019-02-23 05:00","2019","02","23","05:00","-2.1","","-3.5","","90","","","M","","M","","M","","","100.40","","","","","","NA"
"-82.52","41.95","POINT PELEE CS","613P001","2019-02-23 06:00","2019","02","23","06:00","-2.0","","-3.3","","91","","","M","","M","","M","","","100.31","","","","","","NA"
"-82.52","41.95","POINT PELEE CS","613P001","2019-02-23 07:00","2019","02","23","07:00","-2.0","","-3.2","","92","","","M","","M","","M","","","100.21","","","","","","NA"
"-82.52","41.95","POINT PELEE CS","613P001","2019-02-23 08:00","2019","02","23","08:00","-1.4","","-2.8","","90","","","M","","M","","M","","","100.21","","","","","","NA"
"-82.52","41.95","POINT PELEE CS","613P001","2019-02-23 09:00","2019","02","23","09:00","-0.5","","-2.3","","87","","","M","","M","","M","","","100.18","","","","","","NA"
"-82.52","41.95","POINT PELEE CS","613P001","2019-02-23 10:00","2019","02","23","10:00","0.3","","-2.0","","85","","","M","","M","","M","","","100.06","","","","","","NA"
"-82.52","41.95","POINT PELEE CS","613P001","2019-02-23 11:00","2019","02","23","11:00","1.1","","-1.9","","81","","","M","","M","","M","","","99.96","","","","","","NA"
"-82.52","41.95","POINT PELEE CS","613P001","2019-02-23 12:00","2019","02","23","12:00","2.2","","-1.4","","77","","","M","","M","","M","","","99.84","","","","","","NA"
"-82.52","41.95","POINT PELEE CS","613P001","2019-02-23 13:00","2019","02","23","13:00","1.9","","-1.5","","78","","","M","","M","","M","","","99.67","","","","","","NA"
"-82.52","41.95","POINT PELEE CS","613P001","2019-02-23 14:00","2019","02","23","14:00","2.1","","-1.4","","78","","","M","","M","","M","","","99.51","","","","","","NA"
"-82.52","41.95","POINT PELEE CS","613P001","2019-02-23 15:00","2019","02","23","15:00","2.8","","-0.8","","77","","","M","","M","","M","","","99.37","","","","","","NA"
"-82.52","41.95","POINT PELEE CS","613P001","2019-02-23 16:00","2019","02","23","16:00","2.0","","-0.9","","81","","","M","","M","","M","","","99.31","","","","","","NA"
"-82.52","41.95","POINT PELEE CS","613P001","2019-02-23 17:00","2019","02","23","17:00","1.4","","-0.7","","86","","","M","","M","","M","","","99.27","","","","","","NA"
"-82.52","41.95","POINT PELEE CS","613P001","2019-02-23 18:00","2019","02","23","18:00","1.4","","0.0","","90","","","M","","M","","M","","","99.17","","","","","","NA"
"-82.52","41.95","POINT PELEE CS","613P001","2019-02-23 19:00","2019","02","23","19:00","1.5","","1.0","","97","","","M","","M","","M","","","99.05","","","","","","NA"
"-82.52","41.95","POINT PELEE CS","613P001","2019-02-23 20:00","2019","02","23","20:00","1.8","","1.5","","98","","","M","","M","","M","","","98.90","","","","","","NA"
"-82.52","41.95","POINT PELEE CS","613P001","2019-02-23 21:00","2019","02","23","21:00","2.2","","1.9","","98","","","M","","M","","M","","","98.71","","","","","","NA"
"-82.52","41.95","POINT PELEE CS","613P001","2019-02-23 22:00","2019","02","23","22:00","2.2","","1.9","","98","","","M","","M","","M","","","98.49","","","","","","NA"
"-82.52","41.95","POINT PELEE CS","613P001","2019-02-23 23:00","2019","02","23","23:00","2.4","","2.2","","99","","","M","","M","","M","","","98.38","","","","","","NA"
"-82.52","41.95","POINT PELEE CS","613P001","2019-02-24 00:00","2019","02","24","00:00","2.5","","2.3","","99","","","M","","M","","M","","","98.11","","","","","","NA"
"-82.52","41.95","POINT PELEE CS","613P001","2019-02-24 01:00","2019","02","24","01:00","3.1","","2.9","","99","","","M","","M","","M","","","98.07","","","","","","NA"
"-82.52","41.95","POINT PELEE CS","613P001","2019-02-24 02:00","2019","02","24","02:00","3.2","","3.0","","98","","","M","","M","","M","","","97.79","","","","","","NA"
"-82.52","41.95","POINT PELEE CS","613P001","2019-02-24 03:00","2019","02","24","03:00","3.2","","2.9","","98","","","M","","M","","M","","","97.52","","","","","","NA"
"-82.52","41.95","POINT PELEE CS","613P001","2019-02-24 04:00","2019","02","24","04:00","3.6","","3.4","","99","","","M","","M","","M","","","97.27","","","","","","NA"
"-82.52","41.95","POINT PELEE CS","613P001","2019-02-24 05:00","2019","02","24","05:00","8.1","","7.9","","99","","","M","","M","","M","","","97.04","","","","","","NA"
"-82.52","41.95","POINT PELEE CS","613P001","2019-02-24 06:00","2019","02","24","06:00","5.9","","5.7","","99","","","M","","M","","M","","","96.99","","","","","","NA"
"-82.52","41.95","POINT PELEE CS","613P001","2019-02-24 07:00","2019","02","24","07:00","4.0","","3.7","","98","","","M","","M","","M","","","97.05","","","","","","NA"
"-82.52","41.95","POINT PELEE CS","613P001","2019-02-24 08:00","2019","02","24","08:00","4.7","","4.4","","98","","","M","","M","","M","","","96.98","","","","","","NA"
"-82.52","41.95","POINT PELEE CS","613P001","2019-02-24 09:00","2019","02","24","09:00","6.2","","4.6","","90","","","M","","M","","M","","","96.96","","","","","","NA"
"-82.52","41.95","POINT PELEE CS","613P001","2019-02-24 10:00","2019","02","24","10:00","3.7","","0.8","","81","","","M","","M","","M","","","97.05","","","","","","NA"
"-82.52","41.95","POINT PELEE CS","613P001","2019-02-24 11:00","2019","02","24","11:00","2.5","","-0.3","","82","","","M","","M","","M","","","97.17","","","","","","NA"
"-82.52","41.95","POINT PELEE CS","613P001","2019-02-24 12:00","2019","02","24","12:00","1.7","","-0.9","","82","","","M","","M","","M","","","97.30","","","","","","NA"
"-82.52","41.95","POINT PELEE CS","613P001","2019-02-24 13:00","2019","02","24","13:00","1.1","","-0.8","","87","","","M","","M","","M","","","97.41","","","","","","NA"
"-82.52","41.95","POINT PELEE CS","613P001","2019-02-24 14:00","2019","02","24","14:00","1.1","","-1.2","","85","","","M","","M","","M","","","97.49","","","","","","NA"
"-82.52","41.95","POINT PELEE CS","613P001","2019-02-24 15:00","2019","02","24","15:00","1.3","","-2.0","","79","","","M","","M","","M","","","97.59","","","","","","NA"
"-82.52","41.95","POINT PELEE CS","613P001","2019-02-24 16:00","2019","02","24","16:00","1.2","","-3.0","","73","","","M","","M","","M","","","97.74","","","","","","NA"
"-82.52","41.95","POINT PELEE CS","613P001","2019-02-24 17:00","2019","02","24","17:00","0.1","","-4.1","","73","","","M","","M","","M","","","97.89","","","","","","NA"
"-82.52","41.95","POINT PELEE CS","613P001","2019-02-24 18:00","2019","02","24","18:00","-0.4","","-4.5","","74","","","M","","M","","M","","","98.04","","","","","","NA"
"-82.52","41.95","POINT PELEE CS","613P001","2019-02-24 19:00","2019","02","24","19:00","-0.3","","-4.8","","72","","","M","","M","","M","","","98.14","","","","","","NA"
"-82.52","41.95","POINT PELEE CS","613P001","2019-02-24 20:00","2019","02","24","20:00","-0.6","","-4.9","","72","","","M","","M","","M","","","98.22","","","","","","NA"
"-82.52","41.95","POINT PELEE CS","613P001","2019-02-24 21:00","2019","02","24","21:00","-1.2","","-5.5","","72","","","M","","M","","M","","","98.33","","","","","","NA"
"-82.52","41.95","POINT PELEE CS","613P001","2019-02-24 22:00","2019","02","24","22:00","-1.5","","-6.8","","67","","","M","","M","","M","","","98.42","","","","","","NA"
"-82.52","41.95","POINT PELEE CS","613P001","2019-02-24 23:00","2019","02","24","23:00","-2.0","","-6.8","","69","","","M","","M","","M","","","98.50","","","","","","NA"
"-82.52","41.95","POINT PELEE CS","613P001","2019-02-25 00:00","2019","02","25","00:00","-2.4","","-6.8","","71","","","M","","M","","M","","","98.62","","","","","","NA"
"-82.52","41.95","POINT PELEE CS","613P001","2019-02-25 01:00","2019","02","25","01:00","-2.8","","-7.6","","69","","","M","","M","","M","","","98.76","","","","","","NA"
"-82.52","41.95","POINT PELEE CS","613P001","2019-02-25 02:00","2019","02","25","02:00","-3.4","","-8.8","","66","","","M","","M","","M","","","98.92","","","","","","NA"
"-82.52","41.95","POINT PELEE CS","613P001","2019-02-25 03:00","2019","02","25","03:00","-3.9","","-8.2","","72","","","M","","M","","M","","","99.07","","","","","","NA"
"-82.52","41.95","POINT PELEE CS","613P001","2019-02-25 04:00","2019","02","25","04:00","-4.7","","-9.1","","71","","","M","","M","","M","","","99.21","","","","","","NA"
"-82.52","41.95","POINT PELEE CS","613P001","2019-02-25 05:00","2019","02","25","05:00","-5.1","","-10.0","","68","","","M","","M","","M","","","99.39","","","","","","NA"
"-82.52","41.95","POINT PELEE CS","613P001","2019-02-25 06:00","2019","02","25","06:00","-5.7","","-9.6","","74","","","M","","M","","M","","","99.58","","","","","","NA"
"-82.52","41.95","POINT PELEE CS","613P001","2019-02-25 07:00","2019","02","25","07:00","-6.2","","-11.6","","66","","","M","","M","","M","","","99.77","","","","","","NA"
"-82.52","41.95","POINT PELEE CS","613P001","2019-02-25 08:00","2019","02","25","08:00","-6.4","","-11.0","","70","","","M","","M","","M","","","99.90","","","","","","NA"
"-82.52","41.95","POINT PELEE CS","613P001","2019-02-25 09:00","2019","02","25","09:00","-6.3","","-10.9","","69","","","M","","M","","M","","","100.08","","","","","","NA"
"-82.52","41.95","POINT PELEE CS","613P001","2019-02-25 10:00","2019","02","25","10:00","-5.4","","-10.6","","67","","","M","","M","","M","","","100.17","","","","","","NA"
"-82.52","41.95","POINT PELEE CS","613P001","2019-02-25 11:00","2019","02","25","11:00","-4.7","","-10.7","","63","","","M","","M","","M","","","100.30","","","","","","NA"
"-82.52","41.95","POINT PELEE CS","613P001","2019-02-25 12:00","2019","02","25","12:00","-3.4","","-10.1","","60","","","M","","M","","M","","","100.41","","","","","","NA"
"-82.52","41.95","POINT PELEE CS","613P001","2019-02-25 13:00","2019","02","25","13:00","-3.0","","-10.4","","57","","","M","","M","","M","","","100.44","","","","","","NA"
"-82.52","41.95","POINT PELEE CS","613P001","2019-02-25 14:00","2019","02","25","14:00","-2.8","","-11.1","","53","","","M","","M","","M","","","100.46","","","","","","NA"
"-82.52","41.95","POINT PELEE CS","613P001","2019-02-25 15:00","2019","02","25","15:00","-2.7","","-10.9","","53","","","M","","M","","M","","","100.51","","","","","","NA"
"-82.52","41.95","POINT PELEE CS","613P001","2019-02-25 16:00","2019","02","25","16:00","-2.1","","-9.9","","55","","","M","","M","","M","","","100.56","","","","","","NA"
"-82.52","41.95","POINT PELEE CS","613P001","2019-02-25 17:00","2019","02","25","17:00","-2.6","","-10.1","","57","","","M","","M","","M","","","100.60","","","","","","NA"
"-82.52","41.95","POINT PELEE CS","613P001","2019-02-25 18:00","2019","02","25","18:00","-3.7","","-10.2","","61","","","M","","M","","M","","","100.62","","","","","","NA"
"-82.52","41.95","POINT PELEE CS","613P001","2019-02-25 19:00","2019","02","25","19:00","-3.8","","-10.0","","62","","","M","","M","","M","","","100.70","","","","","","NA"
"-82.52","41.95","POINT PELEE CS","613P001","2019-02-25 20:00","2019","02","25","20:00","-4.1","","-10.1","","63","","","M","","M","","M","","","100.75","","","","","","NA"
"-82.52","41.95","POINT PELEE CS","613P001","2019-02-25 21:00","2019","02","25","21:00","-4.8","","-11.0","","62","","","M","","M","","M","","","100.76","","","","","","NA"
"-82.52","41.95","POINT PELEE CS","613P001","2019-02-25 22:00","2019","02","25","22:00","-4.9","","-11.2","","61","","","M","","M","","M","","","100.80","","","","","","NA"
"-82.52","41.95","POINT PELEE CS","613P001","2019-02-25 23:00","2019","02","25","23:00","-5.2","","-11.9","","60","","","M","","M","","M","","","100.83","","","","","","NA"
"-82.52","41.95","POINT PELEE CS","613P001","2019-02-26 00:00","2019","02","26","00:00","-5.6","","-11.1","","66","","","M","","M","","M","","","100.85","","","","","","NA"
"-82.52","41.95","POINT PELEE CS","613P001","2019-02-26 01:00","2019","02","26","01:00","-5.8","","-11.9","","62","","","M","","M","","M","","","100.88","","","","","","NA"
"-82.52","41.95","POINT PELEE CS","613P001","2019-02-26 02:00","2019","02","26","02:00","-5.9","","-11.6","","64","","","M","","M","","M","","","100.91","","","","","","NA"
"-82.52","41.95","POINT PELEE CS","613P001","2019-02-26 03:00","2019","02","26","03:00","-6.3","","-12.4","","62","","","M","","M","","M","","","100.93","","","","","","NA"
"-82.52","41.95","POINT PELEE CS","613P001","2019-02-26 04:00","2019","02","26","04:00","-7.0","","-12.0","","68","","","M","","M","","M","","","100.95","","","","","","NA"
"-82.52","41.95","POINT PELEE CS","613P001","2019-02-26 05:00","2019","02","26","05:00","-7.5","","-11.0","","76","","","M","","M","","M","","","100.97","","","","","","NA"
"-82.52","41.95","POINT PELEE CS","613P001","2019-02-26 06:00","2019","02","26","06:00","-7.7","","-11.0","","77","","","M","","M","","M","","","101.00","","","","","","NA"
"-82.52","41.95","POINT PELEE CS","613P001","2019-02-26 07:00","2019","02","26","07:00","-7.7","","-11.8","","72","","","M","","M","","M","","","101.01","","","","","","NA"
"-82.52","41.95","POINT PELEE CS","613P001","2019-02-26 08:00","2019","02","26","08:00","-7.5","","-11.7","","72","","","M","","M","","M","","","101.07","","","","","","NA"
"-82.52","41.95","POINT PELEE CS","613P001","2019-02-26 09:00","2019","02","26","09:00","-7.5","","-11.6","","73","","","M","","M","","M","","","101.10","","","","","","NA"
"-82.52","41.95","POINT PELEE CS","613P001","2019-02-26 10:00","2019","02","26","10:00","-7.0","","-10.9","","74","","","M","","M","","M","","","101.16","","","","","","NA"
"-82.52","41.95","POINT PELEE CS","613P001","2019-02-26 11:00","2019","02","26","11:00","-6.9","","-11.5","","70","","","M","","M","","M","","","101.19","","","","","","NA"
"-82.52","41.95","POINT PELEE CS","613P001","2019-02-26 12:00","2019","02","26","12:00","-6.3","","-12.4","","62","","","M","","M","","M","","","101.21","","","","","","NA"
"-82.52","41.95","POINT PELEE CS","613P001","2019-02-26 13:00","2019","02","26","13:00","-5.8","","-12.6","","59","","","M","","M","","M","","","101.16","","","","","","NA"
"-82.52","41.95","POINT PELEE CS","613P001","2019-02-26 14:00","2019","02","26","14:00","-5.2","","-12.5","","57","","","M","","M","","M","","","101.10","","","","","","NA"
"-82.52","41.95","POINT PELEE CS","613P001","2019-02-26 15:00","2019","02","26","15:00","-4.3","","-12.5","","53","","","M","","M","","M","","","101.03","","","","","","NA"
"-82.52","41.95","POINT PELEE CS","613P001","2019-02-26 16:00","2019","02","26","16:00","-4.5","","-13.1","","51","","","M","","M","","M","","","101.09","","","","","","NA"
"-82.52","41.95","POINT PELEE CS","613P001","2019-02-26 17:00","2019","02","26","17:00","-5.7","","-12.5","","59","","","M","","M","","M","","","101.14","","","","","","NA"
"-82.52","41.95","POINT PELEE CS","613P001","2019-02-26 18:00","2019","02","26","18:00","-6.0","","-12.5","","60","","","M","","M","","M","","","101.09","","","","","","NA"
"-82.52","41.95","POINT PELEE CS","613P001","2019-02-26 19:00","2019","02","26","19:00","-5.8","","-12.1","","61","","","M","","M","","M","","","101.00","","","","","","NA"
"-82.52","41.95","POINT PELEE CS","613P001","2019-02-26 20:00","2019","02","26","20:00","-5.7","","-11.9","","62","","","M","","M","","M","","","101.03","","","","","","NA"
"-82.52","41.95","POINT PELEE CS","613P001","2019-02-26 21:00","2019","02","26","21:00","-5.7","","-11.6","","63","","","M","","M","","M","","","100.96","","","","","","NA"
"-82.52","41.95","POINT PELEE CS","613P001","2019-02-26 22:00","2019","02","26","22:00","-5.6","","-10.8","","67","","","M","","M","","M","","","100.93","","","","","","NA"
"-82.52","41.95","POINT PELEE CS","613P001","2019-02-26 23:00","2019","02","26","23:00","-5.6","","-10.9","","66","","","M","","M","","M","","","100.87","","","","","","NA"
"-82.52","41.95","POINT PELEE CS","613P001","2019-02-27 00:00","2019","02","27","00:00","-5.7","","-10.8","","67","","","M","","M","","M","","","100.82","","","","","","NA"
"-82.52","41.95","POINT PELEE CS","613P001","2019-02-27 01:00","2019","02","27","01:00","-5.7","","-9.9","","72","","","M","","M","","M","","","100.75","","","","","","NA"
"-82.52","41.95","POINT PELEE CS","613P001","2019-02-27 02:00","2019","02","27","02:00","-5.7","","-9.8","","73","","","M","","M","","M","","","100.59","","","","","","NA"
"-82.52","41.95","POINT PELEE CS","613P001","2019-02-27 03:00","2019","02","27","03:00","-5.8","","-8.6","","80","","","M","","M","","M","","","100.54","","","","","","NA"
"-82.52","41.95","POINT PELEE CS","613P001","2019-02-27 04:00","2019","02","27","04:00","-6.0","","-7.6","","89","","","M","","M","","M","","","100.41","","","","","","NA"
"-82.52","41.95","POINT PELEE CS","613P001","2019-02-27 05:00","2019","02","27","05:00","-6.2","","-7.8","","89","","","M","","M","","M","","","100.43","","","","","","NA"
"-82.52","41.95","POINT PELEE CS","613P001","2019-02-27 06:00","2019","02","27","06:00","-6.5","","-7.9","","90","","","M","","M","","M","","","100.32","","","","","","NA"
"-82.52","41.95","POINT PELEE CS","613P001","2019-02-27 07:00","2019","02","27","07:00","-6.4","","-7.7","","91","","","M","","M","","M","","","100.28","","","","","","NA"
"-82.52","41.95","POINT PELEE CS","613P001","2019-02-27 08:00","2019","02","27","08:00","-6.0","","-7.8","","87","","","M","","M","","M","","","100.13","","","","","","NA"
"-82.52","41.95","POINT PELEE CS","613P001","2019-02-27 09:00","2019","02","27","09:00","-5.5","","-8.0","","82","","","M","","M","","M","","","99.94","","","","","","NA"
"-82.52","41.95","POINT PELEE CS","613P001","2019-02-27 10:00","2019","02","27","10:00","-4.8","","-7.6","","81","","","M","","M","","M","","","99.85","","","","","","NA"
"-82.52","41.95","POINT PELEE CS","613P001","2019-02-27 11:00","2019","02","27","11:00","-3.9","","-7.1","","79","","","M","","M","","M","","","99.68","","","","","","NA"
"-82.52","41.95","POINT PELEE CS","613P001","2019-02-27 12:00","2019","02","27","12:00","-3.5","","-6.8","","78","","","M","","M","","M","","","99.60","","","","","","NA"
"-82.52","41.95","POINT PELEE CS","613P001","2019-02-27 13:00","2019","02","27","13:00","-3.2","","-6.7","","77","","","M","","M","","M","","","99.59","","","","","","NA"
"-82.52","41.95","POINT PELEE CS","613P001","2019-02-27 14:00","2019","02","27","14:00","-3.4","","-7.0","","76","","","M","","M","","M","","","99.51","","","","","","NA"
"-82.52","41.95","POINT PELEE CS","613P001","2019-02-27 15:00","2019","02","27","15:00","-3.3","","-7.1","","75","","","M","","M","","M","","","99.48","","","","","","NA"
"-82.52","41.95","POINT PELEE CS","613P001","2019-02-27 16:00","2019","02","27","16:00","-3.3","","-6.9","","76","","","M","","M","","M","","","99.51","","","","","","NA"
"-82.52","41.95","POINT PELEE CS","613P001","2019-02-27 17:00","2019","02","27","17:00","-3.7","","-6.9","","78","","","M","","M","","M","","","99.51","","","","","","NA"
"-82.52","41.95","POINT PELEE CS","613P001","2019-02-27 18:00","2019","02","27","18:00","-3.9","","-6.9","","79","","","M","","M","","M","","","99.57","","","","","","NA"
"-82.52","41.95","POINT PELEE CS","613P001","2019-02-27 19:00","2019","02","27","19:00","-4.1","","-6.8","","81","","","M","","M","","M","","","99.68","","","","","","NA"
"-82.52","41.95","POINT PELEE CS","613P001","2019-02-27 20:00","2019","02","27","20:00","-4.0","","-6.6","","82","","","M","","M","","M","","","99.73","","","","","","NA"
"-82.52","41.95","POINT PELEE CS","613P001","2019-02-27 21:00","2019","02","27","21:00","-3.9","","-7.5","","76","","","M","","M","","M","","","99.82","","","","","","NA"
"-82.52","41.95","POINT PELEE CS","613P001","2019-02-27 22:00","2019","02","27","22:00","-5.9","","-10.0","","73","","","M","","M","","M","","","99.88","","","","","","NA"
"-82.52","41.95","POINT PELEE CS","613P001","2019-02-27 23:00","2019","02","27","23:00","-7.1","","-10.9","","75","","","M","","M","","M","","","99.89","","","","","","NA"
"-82.52","41.95","POINT PELEE CS","613P001","2019-02-28 00:00","2019","02","28","00:00","-7.0","","-11.3","","72","","","M","","M","","M","","","99.94","","","","","","NA"
"-82.52","41.95","POINT PELEE CS","613P001","2019-02-28 01:00","2019","02","28","01:00","-7.4","","-11.1","","75","","","M","","M","","M","","","99.99","","","","","","NA"
"-82.52","41.95","POINT PELEE CS","613P001","2019-02-28 02:00","2019","02","28","02:00","-8.1","","-11.0","","79","","","M","","M","","M","","","100.05","","","","","","NA"
"-82.52","41.95","POINT PELEE CS","613P001","2019-02-28 03:00","2019","02","28","03:00","-10.0","","-11.6","","88","","","M","","M","","M","","","100.10","","","","","","NA"
"-82.52","41.95","POINT PELEE CS","613P001","2019-02-28 04:00","2019","02","28","04:00","-12.4","","-14.1","","87","","","M","","M","","M","","","100.14","","","","","","NA"
"-82.52","41.95","POINT PELEE CS","613P001","2019-02-28 05:00","2019","02","28","05:00","-13.4","","-15.0","","88","","","M","","M","","M","","","100.19","","","","","","NA"
"-82.52","41.95","POINT PELEE CS","613P001","2019-02-28 06:00","2019","02","28","06:00","-14.5","","-16.0","","89","","","M","","M","","M","","","100.28","","","","","","NA"
"-82.52","41.95","POINT PELEE CS","613P001","2019-02-28 07:00","2019","02","28","07:00","-14.5","","-15.7","","90","","","M","","M","","M","","","100.29","","","","","","NA"
"-82.52","41.95","POINT PELEE CS","613P001","2019-02-28 08:00","2019","02","28","08:00","-11.0","","-12.0","","92","","","M","","M","","M","","","100.33","","","","","","NA"
"-82.52","41.95","POINT PELEE CS","613P001","2019-02-28 09:00","2019","02","28","09:00","-5.6","","-9.0","","77","","","M","","M","","M","","","100.36","","","","","","NA"
"-82.52","41.95","POINT PELEE CS","613P001","2019-02-28 10:00","2019","02","28","10:00","-3.9","","-9.3","","66","","","M","","M","","M","","","100.34","","","","","","NA"
"-82.52","41.95","POINT PELEE CS","613P001","2019-02-28 11:00","2019","02","28","11:00","-2.8","","-8.7","","64","","","M","","M","","M","","","100.37","","","","","","NA"
"-82.52","41.95","POINT PELEE CS","613P001","2019-02-28 12:00","2019","02","28","12:00","-3.3","","-9.2","","64","","","M","","M","","M","","","100.36","","","","","","NA"
"-82.52","41.95","POINT PELEE CS","613P001","2019-02-28 13:00","2019","02","28","13:00","-2.6","","-9.2","","60","","","M","","M","","M","","","100.29","","","","","","NA"
"-82.52","41.95","POINT PELEE CS","613P001","2019-02-28 14:00","2019","02","28","14:00","-2.4","","-9.1","","60","","","M","","M","","M","","","100.20","","","","","","NA"
"-82.52","41.95","POINT PELEE CS","613P001","2019-02-28 15:00","2019","02","28","15:00","-3.3","","-8.8","","66","","","M","","M","","M","","","100.17","","","","","","NA"
"-82.52","41.95","POINT PELEE CS","613P001","2019-02-28 16:00","2019","02","28","16:00","-4.2","","-9.2","","68","","","M","","M","","M","","","100.16","","","","","","NA"
"-82.52","41.95","POINT PELEE CS","613P001","2019-02-28 17:00","2019","02","28","17:00","-4.3","","-8.8","","71","","","M","","M","","M","","","100.14","","","","","","NA"
"-82.52","41.95","POINT PELEE CS","613P001","2019-02-28 18:00","2019","02","28","18:00","-4.7","","-8.9","","72","","","M","","M","","M","","","100.19","","","","","","NA"
"-82.52","41.95","POINT PELEE CS","613P001","2019-02-28 19:00","2019","02","28","19:00","-5.1","","-9.2","","73","","","M","","M","","M","","","100.18","","","","","","NA"
"-82.52","41.95","POINT PELEE CS","613P001","2019-02-28 20:00","2019","02","28","20:00","-5.2","","-8.8","","75","","","M","","M","","M","","","100.13","","","","","","NA"
"-82.52","41.95","POINT PELEE CS","613P001","2019-02-28 21:00","2019","02","28","21:00","-5.5","","-9.1","","76","","","M","","M","","M","","","100.12","","","","","","NA"
"-82.52","41.95","POINT PELEE CS","613P001","2019-02-28 22:00","2019","02","28","22:00","-5.5","","-9.1","","75","","","M","","M","","M","","","100.16","","","","","","NA"
"-82.52","41.95","POINT PELEE CS","613P001","2019-02-28 23:00","2019","02","28","23:00","-5.5","","-9.2","","75","","","M","","M","","M","","","100.11","","","","","","NA"
